0 47326.0
1 47021.0
2 47021.0
3 47012.0
4 46713.0
5 46415.0
6 45523.0
7 45523.0
8 44937.0
9 44937.0
10 44653.0
11 44653.0
12 44653.0
13 44653.0
14 44370.0
15 44089.0
16 44089.0
17 43517.0
18 43517.0
19 42381.0
20 41267.0
21 40730.0
22 40511.0
23 40511.0
24 40230.0
25 39950.0
26 39950.0
27 39950.0
28 39950.0
29 35876.0
30 35867.0
31 35340.0
32 35340.0
33 35313.0
34 34539.0
35 34539.0
36 33003.0
37 32782.0
38 32782.0
39 32782.0
40 32782.0
41 32782.0
42 32782.0
43 32782.0
44 32782.0
45 32782.0
46 32782.0
47 32782.0
58 32782.0
59 32530.0
60 32030.0
61 31781.0
62 31781.0
63 31781.0
64 31781.0
65 31781.0
66 31781.0
67 31781.0
68 31781.0
69 31781.0
70 31781.0
71 31781.0
82 30308.0
83 29825.0
84 29825.0
85 29825.0
86 29585.0
87 29585.0
88 29585.0
89 29585.0
90 29585.0
91 29585.0
92 29585.0
93 29585.0
94 29585.0
95 29585.0
96 29585.0
107 29585.0
108 29585.0
109 29585.0
110 29585.0
111 29585.0
112 29585.0
113 29585.0
114 29585.0
115 29585.0
116 29585.0
127 28869.0
128 28869.0
129 28633.0
130 28633.0
131 28633.0
132 28633.0
133 28633.0
134 28633.0
135 28633.0
136 28633.0
137 28633.0
138 28633.0
139 28633.0
150 28633.0
151 28633.0
152 28633.0
153 28633.0
154 28633.0
155 28633.0
156 28633.0
157 28633.0
158 28633.0
159 27699.0
160 27697.0
161 27693.0
162 27464.0
163 27009.0
164 27009.0
165 26104.0
166 26104.0
167 25658.0
168 25217.0
169 25004.0
170 25004.0
171 25004.0
172 25004.0
173 25004.0
174 25004.0
175 25004.0
176 25004.0
177 25004.0
178 25004.0
179 25004.0
190 26339.0
191 26339.0
192 26339.0
193 26339.0
194 26339.0
195 26339.0
196 26339.0
197 26114.0
198 26114.0
199 26114.0
200 26114.0
201 26114.0
202 26114.0
203 26114.0
204 26114.0
205 26114.0
206 26114.0
207 26114.0
218 26114.0
219 26114.0
220 25890.0
221 25890.0
222 25890.0
223 25890.0
224 25890.0
225 25890.0
226 25890.0
227 25890.0
228 25890.0
229 25890.0
230 25890.0
241 25890.0
242 25667.0
243 25667.0
244 25667.0
245 17101.0
246 17101.0
247 16935.0
248 2597.0
249 2597.0
250 2596.0
251 2161.0
252 2157.0
253 2157.0
254 2032.0
255 2032.0
256 2031.0
257 2017.0
258 1937.0
259 1916.0
260 1904.0
261 1904.0
262 1899.0
263 1854.0
264 1854.0
265 1823.0
266 1823.0
267 1823.0
268 1823.0
269 1823.0
270 1823.0
271 1783.0
272 1779.0
273 1674.0
274 1674.0
275 1672.0
276 1672.0
277 1668.0
278 1668.0
279 1662.0
280 1658.0
281 1658.0
282 1629.0
283 1606.0
284 1606.0
285 1597.0
286 1597.0
287 1576.0
288 1534.0
289 1507.0
290 1507.0
291 1501.0
292 1501.0
293 1499.0
294 1487.0
295 1479.0
296 1464.0
297 1464.0
298 1449.0
299 1435.0
300 1218.0
301 1181.0
302 1181.0
303 1180.0
304 1180.0
305 1180.0
306 1180.0
307 1180.0
308 1180.0
309 1074.0
310 1068.0
311 1066.0
312 1066.0
313 1024.0
314 1024.0
315 1024.0
316 1021.0
317 1011.0
318 1011.0
319 1011.0
320 1011.0
321 985.0
322 980.0
323 980.0
324 980.0
325 980.0
326 980.0
327 980.0
328 980.0
329 980.0
330 980.0
331 839.0
332 837.0
333 832.0
334 832.0
335 832.0
336 829.0
337 827.0
338 827.0
339 827.0
340 827.0
341 827.0
342 827.0
343 827.0
344 827.0
345 827.0
346 827.0
347 827.0
358 775.0
359 775.0
360 775.0
361 775.0
362 775.0
363 775.0
364 775.0
365 775.0
366 775.0
367 768.0
368 768.0
369 768.0
370 768.0
371 768.0
372 768.0
373 768.0
374 765.0
375 765.0
376 765.0
377 765.0
378 765.0
379 765.0
380 765.0
381 755.0
382 755.0
383 755.0
384 755.0
385 755.0
386 755.0
387 755.0
388 755.0
389 753.0
390 753.0
391 753.0
392 670.0
393 670.0
394 667.0
395 667.0
396 662.0
397 660.0
398 655.0
399 655.0
400 655.0
401 655.0
402 655.0
403 655.0
404 655.0
405 648.0
406 648.0
407 648.0
408 648.0
409 648.0
410 648.0
411 648.0
412 647.0
413 647.0
414 646.0
415 646.0
416 645.0
417 645.0
418 645.0
419 645.0
420 645.0
421 645.0
422 645.0
423 645.0
424 645.0
425 645.0
426 645.0
437 641.0
438 641.0
439 641.0
440 641.0
441 641.0
442 641.0
443 641.0
444 641.0
445 641.0
446 641.0
457 592.0
458 586.0
459 586.0
460 586.0
461 582.0
462 572.0
463 570.0
464 570.0
465 563.0
466 563.0
467 558.0
468 558.0
469 558.0
470 558.0
471 558.0
472 558.0
473 558.0
474 557.0
475 553.0
476 553.0
477 549.0
478 546.0
479 546.0
480 546.0
481 543.0
482 543.0
483 543.0
484 543.0
485 543.0
486 543.0
487 543.0
488 543.0
489 523.0
490 522.0
491 522.0
492 518.0
493 516.0
494 516.0
495 516.0
496 514.0
497 514.0
498 514.0
499 512.0
500 512.0
501 510.0
502 510.0
503 510.0
504 510.0
505 510.0
506 510.0
507 510.0
508 510.0
509 510.0
510 506.0
511 506.0
512 506.0
513 506.0
514 506.0
515 506.0
516 506.0
517 506.0
518 506.0
519 506.0
520 506.0
531 498.0
532 494.0
533 494.0
534 494.0
535 494.0
536 494.0
537 494.0
538 464.0
539 464.0
540 459.0
541 459.0
542 459.0
543 457.0
544 457.0
545 457.0
546 443.0
547 434.0
548 432.0
549 431.0
550 431.0
551 431.0
552 431.0
553 431.0
554 429.0
555 429.0
556 429.0
557 429.0
558 429.0
559 429.0
560 429.0
561 429.0
562 429.0
563 429.0
564 429.0
575 397.0
576 391.0
577 391.0
578 391.0
579 390.0
580 390.0
581 390.0
582 390.0
583 390.0
584 384.0
585 384.0
586 384.0
587 384.0
588 380.0
589 380.0
590 373.0
591 373.0
592 373.0
593 371.0
594 371.0
595 371.0
596 369.0
597 369.0
598 369.0
599 369.0
600 369.0
601 369.0
602 369.0
603 369.0
604 369.0
605 369.0
606 369.0
617 368.0
618 368.0
619 368.0
620 368.0
621 359.0
622 359.0
623 359.0
624 359.0
625 359.0
626 359.0
627 359.0
628 359.0
629 359.0
630 359.0
631 359.0
642 359.0
643 354.0
644 354.0
645 354.0
646 354.0
647 354.0
648 354.0
649 354.0
650 354.0
651 354.0
652 352.0
653 352.0
654 352.0
655 352.0
656 352.0
657 352.0
658 352.0
659 352.0
660 352.0
661 352.0
662 352.0
673 346.0
674 346.0
675 346.0
676 346.0
677 346.0
678 346.0
679 346.0
680 346.0
681 346.0
682 346.0
683 346.0
694 349.0
695 349.0
696 349.0
697 349.0
698 349.0
699 349.0
700 349.0
701 347.0
702 347.0
703 347.0
704 347.0
705 347.0
706 347.0
707 347.0
708 347.0
709 347.0
710 347.0
711 347.0
722 350.0
723 350.0
724 350.0
725 350.0
726 350.0
727 350.0
728 347.0
729 347.0
730 347.0
731 347.0
732 347.0
733 347.0
734 347.0
735 347.0
736 346.0
737 346.0
738 346.0
739 346.0
740 346.0
741 346.0
742 346.0
743 346.0
744 346.0
745 346.0
746 346.0
757 347.0
758 347.0
759 347.0
760 347.0
761 347.0
762 347.0
763 347.0
764 347.0
765 347.0
766 347.0
777 347.0
778 332.0
779 327.0
780 327.0
781 327.0
782 327.0
783 327.0
784 327.0
785 327.0
786 327.0
787 327.0
788 327.0
789 326.0
790 322.0
791 322.0
792 322.0
793 322.0
794 319.0
795 317.0
796 317.0
797 317.0
798 317.0
799 317.0
800 317.0
801 317.0
802 317.0
803 317.0
804 317.0
805 316.0
806 316.0
807 316.0
808 316.0
809 316.0
810 316.0
811 314.0
812 314.0
813 314.0
814 314.0
815 314.0
816 312.0
817 312.0
818 312.0
819 312.0
820 312.0
821 312.0
822 312.0
823 312.0
824 312.0
825 312.0
826 312.0
837 311.0
838 311.0
839 311.0
840 311.0
841 310.0
842 310.0
843 310.0
844 310.0
845 310.0
846 310.0
847 310.0
848 310.0
849 310.0
850 310.0
851 310.0
862 309.0
863 309.0
864 309.0
865 309.0
866 309.0
867 309.0
868 309.0
869 309.0
870 309.0
871 309.0
882 330.0
883 330.0
884 330.0
885 329.0
886 329.0
887 329.0
888 306.0
889 306.0
890 306.0
891 306.0
892 306.0
893 306.0
894 306.0
895 306.0
896 306.0
897 306.0
898 306.0
909 310.0
910 310.0
911 310.0
912 310.0
913 310.0
914 298.0
915 293.0
916 293.0
917 293.0
918 293.0
919 293.0
920 293.0
921 293.0
922 293.0
923 293.0
924 293.0
925 293.0
936 297.0
937 297.0
938 297.0
939 294.0
940 294.0
941 294.0
942 294.0
943 294.0
944 294.0
945 294.0
946 294.0
947 294.0
948 294.0
949 294.0
960 274.0
961 274.0
962 274.0
963 274.0
964 274.0
965 274.0
966 274.0
967 271.0
968 271.0
969 271.0
970 270.0
971 270.0
972 270.0
973 269.0
974 269.0
975 269.0
976 269.0
977 267.0
978 267.0
979 266.0
980 266.0
981 266.0
982 266.0
983 266.0
984 266.0
985 266.0
986 266.0
987 266.0
988 264.0
989 264.0
990 264.0
991 264.0
992 264.0
993 264.0
994 264.0
995 264.0
996 264.0
997 264.0
998 264.0
1009 264.0
1010 264.0
1011 264.0
1012 264.0
1013 264.0
1014 264.0
1015 264.0
1016 264.0
1017 264.0
1018 264.0
1019 264.0
1030 266.0
1031 266.0
1032 266.0
1033 266.0
1034 266.0
1035 266.0
1036 265.0
1037 259.0
1038 259.0
1039 253.0
1040 253.0
1041 253.0
1042 253.0
1043 253.0
1044 253.0
1045 253.0
1046 253.0
1047 253.0
1048 253.0
1049 253.0
1060 254.0
1061 254.0
1062 254.0
1063 254.0
1064 254.0
1065 254.0
1066 254.0
1067 254.0
1068 254.0
1069 254.0
1080 256.0
1081 252.0
1082 252.0
1083 252.0
1084 252.0
1085 252.0
1086 252.0
1087 252.0
1088 252.0
1089 252.0
1090 252.0
1091 252.0
1102 252.0
1103 252.0
1104 252.0
1105 252.0
1106 252.0
1107 252.0
1108 252.0
1109 252.0
1110 252.0
1111 252.0
1122 251.0
1123 251.0
1124 250.0
1125 250.0
1126 250.0
1127 250.0
1128 250.0
1129 250.0
1130 250.0
1131 250.0
1132 250.0
1133 250.0
1134 250.0
1145 253.0
1146 253.0
1147 253.0
1148 253.0
1149 253.0
1150 253.0
1151 253.0
1152 253.0
1153 251.0
1154 251.0
1155 251.0
1156 251.0
1157 251.0
1158 251.0
1159 251.0
1160 251.0
1161 246.0
1162 246.0
1163 246.0
1164 246.0
1165 246.0
1166 246.0
1167 246.0
1168 246.0
1169 246.0
1170 246.0
1171 246.0
1182 246.0
1183 246.0
1184 246.0
1185 246.0
1186 246.0
1187 246.0
1188 246.0
1189 246.0
1190 246.0
1191 246.0
1202 255.0
1203 255.0
1204 255.0
1205 255.0
1206 255.0
1207 255.0
1208 255.0
1209 255.0
1210 255.0
1211 255.0
1222 251.0
1223 251.0
1224 251.0
1225 251.0
1226 251.0
1227 251.0
1228 251.0
1229 251.0
1230 251.0
1231 251.0
1242 251.0
1243 251.0
1244 251.0
1245 251.0
1246 251.0
1247 251.0
1248 251.0
1249 251.0
1250 251.0
1251 251.0
1262 251.0
1263 251.0
1264 251.0
1265 251.0
1266 251.0
1267 251.0
1268 251.0
1269 251.0
1270 251.0
1271 251.0
1282 252.0
1283 252.0
1284 252.0
1285 252.0
1286 252.0
1287 252.0
1288 252.0
1289 252.0
1290 252.0
1291 251.0
1292 251.0
1293 251.0
1294 251.0
1295 251.0
1296 251.0
1297 251.0
1298 251.0
1299 251.0
1300 251.0
1301 251.0
1312 251.0
1313 251.0
1314 251.0
1315 251.0
1316 251.0
1317 251.0
1318 251.0
1319 251.0
1320 251.0
1321 251.0
1332 255.0
1333 255.0
1334 255.0
1335 255.0
1336 255.0
1337 255.0
1338 255.0
1339 255.0
1340 255.0
1341 255.0
1342 254.0
1343 254.0
1344 251.0
1345 251.0
1346 251.0
1347 251.0
1348 251.0
1349 251.0
1350 251.0
1351 251.0
1352 251.0
1353 251.0
1354 248.0
1355 245.0
1356 245.0
1357 245.0
1358 245.0
1359 245.0
1360 245.0
1361 245.0
1362 243.0
1363 243.0
1364 243.0
1365 243.0
1366 243.0
1367 243.0
1368 243.0
1369 242.0
1370 242.0
1371 242.0
1372 242.0
1373 242.0
1374 242.0
1375 242.0
1376 242.0
1377 242.0
1378 242.0
1379 242.0
1390 244.0
1391 244.0
1392 244.0
1393 244.0
1394 241.0
1395 241.0
1396 241.0
1397 241.0
1398 241.0
1399 241.0
1400 241.0
1401 241.0
1402 241.0
1403 240.0
1404 240.0
1405 240.0
1406 240.0
1407 240.0
1408 240.0
1409 240.0
1410 240.0
1411 240.0
1412 240.0
1413 240.0
1424 243.0
1425 243.0
1426 243.0
1427 243.0
1428 243.0
1429 243.0
1430 243.0
1431 243.0
1432 243.0
1433 243.0
1444 221.0
1445 221.0
1446 221.0
1447 221.0
1448 221.0
1449 221.0
1450 221.0
1451 221.0
1452 221.0
1453 221.0
1464 221.0
1465 221.0
1466 221.0
1467 221.0
1468 221.0
1469 221.0
1470 221.0
1471 221.0
1472 221.0
1473 221.0
1484 223.0
1485 223.0
1486 223.0
1487 223.0
1488 223.0
1489 223.0
1490 223.0
1491 223.0
1492 223.0
1493 223.0
1504 221.0
1505 221.0
1506 221.0
1507 221.0
1508 221.0
1509 221.0
1510 221.0
1511 221.0
1512 221.0
1513 221.0
1524 220.0
1525 220.0
1526 220.0
1527 220.0
1528 220.0
1529 220.0
1530 220.0
1531 218.0
1532 218.0
1533 218.0
1534 218.0
1535 218.0
1536 218.0
1537 218.0
1538 218.0
1539 218.0
1540 218.0
1541 218.0
1552 218.0
1553 218.0
1554 218.0
1555 218.0
1556 218.0
1557 218.0
1558 218.0
1559 218.0
1560 218.0
1561 218.0
1572 224.0
1573 223.0
1574 223.0
1575 218.0
1576 218.0
1577 218.0
1578 218.0
1579 218.0
1580 218.0
1581 218.0
1582 218.0
1583 218.0
1584 218.0
1585 218.0
1596 216.0
1597 216.0
1598 216.0
1599 216.0
1600 216.0
1601 216.0
1602 216.0
1603 216.0
1604 216.0
1605 216.0
1616 218.0
1617 218.0
1618 218.0
1619 218.0
1620 218.0
1621 218.0
1622 218.0
1623 218.0
1624 218.0
1625 218.0
1636 215.0
1637 215.0
1638 215.0
1639 215.0
1640 215.0
1641 215.0
1642 215.0
1643 215.0
1644 215.0
1645 215.0
1656 212.0
1657 212.0
1658 212.0
1659 212.0
1660 212.0
1661 212.0
1662 212.0
1663 212.0
1664 212.0
1665 212.0
1676 213.0
1677 213.0
1678 213.0
1679 213.0
1680 213.0
1681 213.0
1682 213.0
1683 213.0
1684 213.0
1685 213.0
1696 212.0
1697 212.0
1698 212.0
1699 212.0
1700 212.0
1701 212.0
1702 212.0
1703 212.0
1704 212.0
1705 212.0
1716 216.0
1717 216.0
1718 216.0
1719 216.0
1720 216.0
1721 216.0
1722 216.0
1723 216.0
1724 216.0
1725 216.0
1736 214.0
1737 214.0
1738 214.0
1739 214.0
1740 213.0
1741 213.0
1742 213.0
1743 213.0
1744 213.0
1745 213.0
1746 213.0
1747 213.0
1748 213.0
1749 213.0
1750 213.0
1761 215.0
1762 215.0
1763 215.0
1764 215.0
1765 215.0
1766 215.0
1767 215.0
1768 215.0
1769 215.0
1770 215.0
1781 211.0
1782 211.0
1783 211.0
1784 211.0
1785 211.0
1786 211.0
1787 211.0
1788 211.0
1789 211.0
1790 211.0
1801 219.0
1802 219.0
1803 218.0
1804 216.0
1805 216.0
1806 216.0
1807 216.0
1808 216.0
1809 216.0
1810 216.0
1811 216.0
1812 216.0
1813 216.0
1814 216.0
1825 217.0
1826 217.0
1827 217.0
1828 217.0
1829 217.0
1830 217.0
1831 217.0
1832 217.0
1833 217.0
1834 217.0
1845 220.0
1846 220.0
1847 220.0
1848 218.0
1849 218.0
1850 218.0
1851 218.0
1852 218.0
1853 218.0
1854 218.0
1855 218.0
1856 218.0
1857 218.0
1858 218.0
1869 216.0
1870 216.0
1871 216.0
1872 216.0
1873 216.0
1874 216.0
1875 216.0
1876 216.0
1877 216.0
1878 216.0
1889 215.0
1890 215.0
1891 215.0
1892 215.0
1893 215.0
1894 215.0
1895 215.0
1896 215.0
1897 215.0
1898 215.0
1899 215.0
1910 216.0
1911 216.0
1912 216.0
1913 216.0
1914 216.0
1915 216.0
1916 216.0
1917 216.0
1918 216.0
1919 216.0
1930 221.0
1931 221.0
1932 221.0
1933 221.0
1934 221.0
1935 221.0
1936 221.0
1937 221.0
1938 221.0
1939 221.0
1950 220.0
1951 220.0
1952 220.0
1953 220.0
1954 220.0
1955 220.0
1956 220.0
1957 220.0
1958 220.0
1959 220.0
1970 218.0
1971 218.0
1972 218.0
1973 218.0
1974 218.0
1975 218.0
1976 218.0
1977 218.0
1978 218.0
1979 218.0
1990 218.0
1991 218.0
1992 218.0
1993 218.0
1994 218.0
1995 218.0
1996 218.0
1997 218.0
1998 218.0
1999 218.0
2010 221.0
2011 220.0
2012 220.0
2013 220.0
2014 220.0
2015 220.0
2016 220.0
2017 220.0
2018 220.0
2019 220.0
2020 220.0
2021 220.0
2032 219.0
2033 219.0
2034 219.0
2035 219.0
2036 219.0
2037 219.0
2038 219.0
2039 219.0
2040 219.0
2041 219.0
2052 219.0
2053 219.0
2054 219.0
2055 219.0
2056 219.0
2057 219.0
2058 219.0
2059 219.0
2060 219.0
2061 219.0
2062 219.0
2073 219.0
2074 219.0
2075 219.0
2076 219.0
2077 219.0
2078 219.0
2079 219.0
2080 219.0
2081 219.0
2082 219.0
2093 222.0
2094 222.0
2095 222.0
2096 222.0
2097 222.0
2098 222.0
2099 220.0
2100 220.0
2101 220.0
2102 220.0
2103 220.0
2104 220.0
2105 220.0
2106 220.0
2107 220.0
2108 220.0
2109 220.0
2120 220.0
2121 220.0
2122 220.0
2123 220.0
2124 220.0
2125 220.0
2126 220.0
2127 220.0
2128 220.0
2129 220.0
2140 221.0
2141 219.0
2142 219.0
2143 219.0
2144 219.0
2145 219.0
2146 219.0
2147 219.0
2148 219.0
2149 219.0
2150 219.0
2151 219.0
2162 220.0
2163 220.0
2164 220.0
2165 220.0
2166 220.0
2167 220.0
2168 220.0
2169 220.0
2170 220.0
2171 220.0
2182 224.0
2183 224.0
2184 224.0
2185 224.0
2186 224.0
2187 224.0
2188 223.0
2189 223.0
2190 223.0
2191 223.0
2192 223.0
2193 223.0
2194 223.0
2195 223.0
2196 223.0
2197 223.0
2198 223.0
2209 225.0
2210 225.0
2211 225.0
2212 225.0
2213 223.0
2214 223.0
2215 223.0
2216 223.0
2217 223.0
2218 223.0
2219 223.0
2220 223.0
2221 223.0
2222 223.0
2223 223.0
2234 224.0
2235 224.0
2236 224.0
2237 224.0
2238 224.0
2239 224.0
2240 224.0
2241 224.0
2242 224.0
2243 224.0
2254 218.0
2255 218.0
2256 218.0
2257 218.0
2258 218.0
2259 218.0
2260 218.0
2261 218.0
2262 218.0
2263 218.0
2274 219.0
2275 219.0
2276 219.0
2277 219.0
2278 219.0
2279 219.0
2280 219.0
2281 219.0
2282 219.0
2283 219.0
2294 220.0
2295 220.0
2296 220.0
2297 220.0
2298 220.0
2299 220.0
2300 220.0
2301 220.0
2302 220.0
2303 220.0
2314 213.0
2315 213.0
2316 213.0
2317 213.0
2318 213.0
2319 213.0
2320 213.0
2321 213.0
2322 213.0
2323 213.0
2334 215.0
2335 213.0
2336 213.0
2337 213.0
2338 213.0
2339 213.0
2340 213.0
2341 213.0
2342 213.0
2343 213.0
2344 213.0
2345 213.0
2356 213.0
2357 213.0
2358 213.0
2359 213.0
2360 213.0
2361 213.0
2362 213.0
2363 213.0
2364 213.0
2365 213.0
2376 214.0
2377 214.0
2378 214.0
2379 214.0
2380 214.0
2381 214.0
2382 214.0
2383 214.0
2384 214.0
2385 214.0
2396 213.0
2397 213.0
2398 213.0
2399 213.0
2400 213.0
2401 213.0
2402 213.0
2403 213.0
2404 213.0
2405 213.0
2416 207.0
2417 207.0
2418 207.0
2419 207.0
2420 207.0
2421 207.0
2422 207.0
2423 207.0
2424 207.0
2425 207.0
2436 208.0
2437 208.0
2438 208.0
2439 208.0
2440 208.0
2441 208.0
2442 208.0
2443 208.0
2444 208.0
2445 208.0
2456 202.0
2457 202.0
2458 202.0
2459 202.0
2460 202.0
2461 202.0
2462 202.0
2463 202.0
2464 202.0
2465 202.0
2476 210.0
2477 208.0
2478 208.0
2479 208.0
2480 208.0
2481 208.0
2482 208.0
2483 208.0
2484 208.0
2485 208.0
2486 208.0
2487 208.0
2498 208.0
2499 208.0
2500 208.0
2501 208.0
2502 208.0
2503 208.0
2504 208.0
2505 208.0
2506 208.0
2507 208.0
2518 205.0
2519 205.0
2520 205.0
2521 205.0
2522 205.0
2523 205.0
2524 205.0
2525 205.0
2526 205.0
2527 205.0
2538 207.0
2539 207.0
2540 207.0
2541 207.0
2542 207.0
2543 205.0
2544 205.0
2545 205.0
2546 205.0
2547 205.0
2548 205.0
2549 205.0
2550 205.0
2551 205.0
2552 205.0
2553 205.0
2564 204.0
2565 204.0
2566 204.0
2567 204.0
2568 204.0
2569 204.0
2570 204.0
2571 204.0
2572 204.0
2573 204.0
2584 204.0
2585 204.0
2586 204.0
2587 204.0
2588 204.0
2589 204.0
2590 204.0
2591 204.0
2592 204.0
2593 204.0
2604 203.0
2605 203.0
2606 203.0
2607 202.0
2608 202.0
2609 199.0
2610 199.0
2611 199.0
2612 199.0
2613 199.0
2614 199.0
2615 199.0
2616 199.0
2617 199.0
2618 199.0
2619 199.0
2630 201.0
2631 201.0
2632 197.0
2633 197.0
2634 197.0
2635 197.0
2636 197.0
2637 197.0
2638 197.0
2639 197.0
2640 197.0
2641 197.0
2642 197.0
2653 198.0
2654 198.0
2655 198.0
2656 198.0
2657 198.0
2658 198.0
2659 198.0
2660 198.0
2661 198.0
2662 198.0
2673 202.0
2674 202.0
2675 202.0
2676 202.0
2677 202.0
2678 202.0
2679 202.0
2680 202.0
2681 202.0
2682 202.0
2693 205.0
2694 205.0
2695 205.0
2696 205.0
2697 205.0
2698 205.0
2699 205.0
2700 205.0
2701 205.0
2702 205.0
2713 204.0
2714 204.0
2715 204.0
2716 202.0
2717 202.0
2718 202.0
2719 202.0
2720 202.0
2721 202.0
2722 202.0
2723 202.0
2724 202.0
2725 202.0
2726 202.0
2737 204.0
2738 204.0
2739 204.0
2740 204.0
2741 204.0
2742 204.0
2743 204.0
2744 204.0
2745 204.0
2746 202.0
2747 202.0
2748 202.0
2749 202.0
2750 202.0
2751 202.0
2752 202.0
2753 202.0
2754 202.0
2755 202.0
2756 202.0
2767 202.0
2768 202.0
2769 202.0
2770 202.0
2771 202.0
2772 202.0
2773 202.0
2774 202.0
2775 202.0
2776 202.0
2787 202.0
2788 202.0
2789 202.0
2790 202.0
2791 202.0
2792 202.0
2793 202.0
2794 202.0
2795 202.0
2796 202.0
2807 204.0
2808 204.0
2809 204.0
2810 204.0
2811 204.0
2812 204.0
2813 204.0
2814 204.0
2815 204.0
2816 204.0
2827 202.0
2828 202.0
2829 202.0
2830 202.0
2831 202.0
2832 202.0
2833 202.0
2834 202.0
2835 202.0
2836 202.0
2847 205.0
2848 205.0
2849 205.0
2850 205.0
2851 205.0
2852 205.0
2853 202.0
2854 202.0
2855 202.0
2856 202.0
2857 202.0
2858 202.0
2859 202.0
2860 202.0
2861 202.0
2862 202.0
2863 202.0
2874 204.0
2875 204.0
2876 204.0
2877 204.0
2878 204.0
2879 204.0
2880 204.0
2881 202.0
2882 202.0
2883 202.0
2884 202.0
2885 202.0
2886 202.0
2887 202.0
2888 202.0
2889 202.0
2890 202.0
2891 202.0
2902 205.0
2903 205.0
2904 205.0
2905 205.0
2906 205.0
2907 205.0
2908 205.0
2909 204.0
2910 204.0
2911 204.0
2912 204.0
2913 204.0
2914 204.0
2915 204.0
2916 204.0
2917 204.0
2918 204.0
2919 204.0
2930 204.0
2931 204.0
2932 204.0
2933 204.0
2934 204.0
2935 204.0
2936 204.0
2937 204.0
2938 204.0
2939 204.0
2950 207.0
2951 207.0
2952 204.0
2953 204.0
2954 204.0
2955 204.0
2956 204.0
2957 204.0
2958 204.0
2959 204.0
2960 204.0
2961 204.0
2962 204.0
2973 208.0
2974 208.0
2975 208.0
2976 208.0
2977 204.0
2978 204.0
2979 204.0
2980 204.0
2981 204.0
2982 204.0
2983 204.0
2984 204.0
2985 204.0
2986 204.0
2987 204.0
2998 206.0
2999 206.0
3000 206.0
3001 206.0
3002 206.0
3003 206.0
3004 206.0
3005 206.0
3006 206.0
3007 206.0
3018 206.0
3019 206.0
3020 206.0
3021 206.0
3022 206.0
3023 206.0
3024 206.0
3025 206.0
3026 206.0
3027 206.0
3038 212.0
3039 212.0
3040 212.0
3041 212.0
3042 212.0
3043 212.0
3044 212.0
3045 212.0
3046 212.0
3047 212.0
3058 213.0
3059 213.0
3060 213.0
3061 213.0
3062 213.0
3063 212.0
3064 211.0
3065 211.0
3066 211.0
3067 211.0
3068 210.0
3069 210.0
3070 210.0
3071 210.0
3072 210.0
3073 210.0
3074 210.0
3075 210.0
3076 210.0
3077 210.0
3078 210.0
3089 208.0
3090 208.0
3091 208.0
3092 208.0
3093 208.0
3094 208.0
3095 208.0
3096 208.0
3097 208.0
3098 208.0
3109 214.0
3110 214.0
3111 214.0
3112 214.0
3113 214.0
3114 214.0
3115 214.0
3116 214.0
3117 214.0
3118 214.0
3129 213.0
3130 213.0
3131 213.0
3132 213.0
3133 213.0
3134 213.0
3135 213.0
3136 213.0
3137 213.0
3138 211.0
3139 211.0
3140 211.0
3141 211.0
3142 211.0
3143 211.0
3144 211.0
3145 211.0
3146 211.0
3147 211.0
3148 211.0
3159 211.0
3160 211.0
3161 211.0
3162 211.0
3163 211.0
3164 211.0
3165 211.0
3166 211.0
3167 211.0
3168 211.0
3179 212.0
3180 212.0
3181 212.0
3182 212.0
3183 212.0
3184 212.0
3185 212.0
3186 207.0
3187 207.0
3188 207.0
3189 207.0
3190 207.0
3191 207.0
3192 207.0
3193 207.0
3194 207.0
3195 207.0
3196 207.0
3207 209.0
3208 209.0
3209 209.0
3210 209.0
3211 209.0
3212 209.0
3213 209.0
3214 209.0
3215 209.0
3216 209.0
3227 209.0
3228 209.0
3229 209.0
3230 209.0
3231 209.0
3232 209.0
3233 209.0
3234 209.0
3235 207.0
3236 207.0
3237 207.0
3238 207.0
3239 207.0
3240 207.0
3241 207.0
3242 207.0
3243 207.0
3244 207.0
3245 207.0
3256 209.0
3257 209.0
3258 209.0
3259 209.0
3260 209.0
3261 209.0
3262 209.0
3263 209.0
3264 209.0
3265 209.0
3276 209.0
3277 209.0
3278 209.0
3279 209.0
3280 209.0
3281 209.0
3282 209.0
3283 209.0
3284 209.0
3285 209.0
3296 212.0
3297 212.0
3298 212.0
3299 212.0
3300 211.0
3301 211.0
3302 211.0
3303 211.0
3304 211.0
3305 211.0
3306 211.0
3307 211.0
3308 211.0
3309 211.0
3310 211.0
3321 209.0
3322 209.0
3323 209.0
3324 205.0
3325 205.0
3326 205.0
3327 205.0
3328 205.0
3329 205.0
3330 205.0
3331 205.0
3332 205.0
3333 205.0
3334 205.0
3345 209.0
3346 209.0
3347 209.0
3348 209.0
3349 209.0
3350 209.0
3351 209.0
3352 209.0
3353 209.0
3354 209.0
3365 208.0
3366 204.0
3367 204.0
3368 204.0
3369 204.0
3370 204.0
3371 204.0
3372 204.0
3373 204.0
3374 204.0
3375 204.0
3376 204.0
3387 207.0
3388 207.0
3389 207.0
3390 207.0
3391 207.0
3392 207.0
3393 207.0
3394 207.0
3395 207.0
3396 207.0
3407 207.0
3408 207.0
3409 207.0
3410 207.0
3411 207.0
3412 207.0
3413 207.0
3414 206.0
3415 206.0
3416 206.0
3417 206.0
3418 206.0
3419 206.0
3420 206.0
3421 206.0
3422 206.0
3423 206.0
3424 206.0
3435 200.0
3436 200.0
3437 200.0
3438 200.0
3439 200.0
3440 200.0
3441 200.0
3442 200.0
3443 200.0
3444 200.0
3455 208.0
3456 208.0
3457 208.0
3458 208.0
3459 208.0
3460 208.0
3461 208.0
3462 208.0
3463 207.0
3464 207.0
3465 207.0
3466 207.0
3467 207.0
3468 207.0
3469 207.0
3470 207.0
3471 207.0
3472 207.0
3473 207.0
3484 204.0
3485 204.0
3486 204.0
3487 204.0
3488 204.0
3489 204.0
3490 204.0
3491 204.0
3492 204.0
3493 204.0
3494 204.0
3505 207.0
3506 207.0
3507 207.0
3508 207.0
3509 207.0
3510 207.0
3511 207.0
3512 207.0
3513 207.0
3514 207.0
3525 207.0
3526 207.0
3527 207.0
3528 207.0
3529 207.0
3530 207.0
3531 207.0
3532 207.0
3533 207.0
3534 207.0
3545 207.0
3546 207.0
3547 207.0
3548 207.0
3549 207.0
3550 205.0
3551 205.0
3552 205.0
3553 205.0
3554 205.0
3555 205.0
3556 205.0
3557 205.0
3558 205.0
3559 205.0
3560 205.0
3571 207.0
3572 207.0
3573 207.0
3574 207.0
3575 207.0
3576 207.0
3577 207.0
3578 207.0
3579 207.0
3580 207.0
3591 216.0
3592 216.0
3593 216.0
3594 216.0
3595 216.0
3596 216.0
3597 216.0
3598 216.0
3599 216.0
3600 216.0
3611 207.0
3612 207.0
3613 207.0
3614 207.0
3615 207.0
3616 207.0
3617 207.0
3618 207.0
3619 207.0
3620 207.0
3631 207.0
3632 207.0
3633 207.0
3634 207.0
3635 207.0
3636 207.0
3637 207.0
3638 207.0
3639 207.0
3640 207.0
3651 206.0
3652 206.0
3653 206.0
3654 206.0
3655 206.0
3656 206.0
3657 206.0
3658 206.0
3659 206.0
3660 206.0
3671 207.0
3672 207.0
3673 207.0
3674 207.0
3675 207.0
3676 207.0
3677 207.0
3678 207.0
3679 207.0
3680 207.0
3691 213.0
3692 213.0
3693 213.0
3694 210.0
3695 210.0
3696 210.0
3697 210.0
3698 210.0
3699 210.0
3700 210.0
3701 210.0
3702 210.0
3703 210.0
3704 210.0
3715 208.0
3716 208.0
3717 208.0
3718 208.0
3719 208.0
3720 208.0
3721 208.0
3722 208.0
3723 208.0
3724 208.0
3735 209.0
3736 209.0
3737 206.0
3738 206.0
3739 206.0
3740 206.0
3741 206.0
3742 206.0
3743 206.0
3744 206.0
3745 206.0
3746 206.0
3747 206.0
3758 207.0
3759 207.0
3760 207.0
3761 207.0
3762 207.0
3763 207.0
3764 207.0
3765 207.0
3766 207.0
3767 207.0
3778 210.0
3779 210.0
3780 210.0
3781 210.0
3782 210.0
3783 209.0
3784 209.0
3785 209.0
3786 209.0
3787 209.0
3788 209.0
3789 208.0
3790 208.0
3791 208.0
3792 208.0
3793 208.0
3794 202.0
3795 202.0
3796 202.0
3797 202.0
3798 202.0
3799 202.0
3800 202.0
3801 202.0
3802 202.0
3803 202.0
3804 202.0
3815 205.0
3816 205.0
3817 205.0
3818 205.0
3819 205.0
3820 205.0
3821 205.0
3822 205.0
3823 205.0
3824 205.0
3835 210.0
3836 210.0
3837 210.0
3838 210.0
3839 210.0
3840 210.0
3841 210.0
3842 210.0
3843 210.0
3844 210.0
3855 211.0
3856 211.0
3857 211.0
3858 211.0
3859 211.0
3860 211.0
3861 211.0
3862 211.0
3863 211.0
3864 211.0
3875 210.0
3876 210.0
3877 210.0
3878 210.0
3879 210.0
3880 210.0
3881 210.0
3882 210.0
3883 210.0
3884 210.0
3895 212.0
3896 212.0
3897 212.0
3898 212.0
3899 212.0
3900 212.0
3901 212.0
3902 212.0
3903 212.0
3904 212.0
3915 210.0
3916 210.0
3917 210.0
3918 210.0
3919 210.0
3920 210.0
3921 210.0
3922 210.0
3923 210.0
3924 210.0
3925 210.0
3936 209.0
3937 209.0
3938 209.0
3939 209.0
3940 209.0
3941 209.0
3942 209.0
3943 209.0
3944 209.0
3945 209.0
3956 209.0
3957 209.0
3958 209.0
3959 209.0
3960 209.0
3961 209.0
3962 209.0
3963 209.0
3964 209.0
3965 209.0
3976 210.0
3977 208.0
3978 208.0
3979 208.0
3980 208.0
3981 208.0
3982 208.0
3983 208.0
3984 208.0
3985 208.0
3986 208.0
3987 208.0
3998 211.0
3999 211.0
4000 211.0
4001 211.0
4002 211.0
4003 211.0
4004 211.0
4005 211.0
4006 211.0
4007 211.0
4018 209.0
4019 209.0
4020 209.0
4021 209.0
4022 209.0
4023 209.0
4024 209.0
4025 209.0
4026 209.0
4027 209.0
4038 209.0
4039 209.0
4040 209.0
4041 209.0
4042 209.0
4043 209.0
4044 209.0
4045 209.0
4046 209.0
4047 209.0
4058 211.0
4059 211.0
4060 211.0
4061 211.0
4062 211.0
4063 211.0
4064 211.0
4065 211.0
4066 211.0
4067 211.0
4078 211.0
4079 211.0
4080 211.0
4081 211.0
4082 211.0
4083 211.0
4084 211.0
4085 211.0
4086 211.0
4087 211.0
4098 212.0
4099 212.0
4100 211.0
4101 211.0
4102 211.0
4103 211.0
4104 211.0
4105 211.0
4106 211.0
4107 211.0
4108 211.0
4109 211.0
4110 211.0
4121 211.0
4122 211.0
4123 211.0
4124 205.0
4125 205.0
4126 205.0
4127 205.0
4128 205.0
4129 205.0
4130 205.0
4131 205.0
4132 205.0
4133 205.0
4134 205.0
4145 206.0
4146 206.0
4147 206.0
4148 206.0
4149 206.0
4150 206.0
4151 206.0
4152 206.0
4153 206.0
4154 206.0
4165 208.0
4166 208.0
4167 206.0
4168 206.0
4169 206.0
4170 206.0
4171 206.0
4172 206.0
4173 206.0
4174 206.0
4175 206.0
4176 206.0
4177 206.0
4188 208.0
4189 208.0
4190 208.0
4191 208.0
4192 208.0
4193 205.0
4194 205.0
4195 205.0
4196 205.0
4197 205.0
4198 205.0
4199 205.0
4200 205.0
4201 205.0
4202 205.0
4203 205.0
4214 206.0
4215 206.0
4216 206.0
4217 206.0
4218 206.0
4219 206.0
4220 206.0
4221 206.0
4222 206.0
4223 206.0
4234 211.0
4235 211.0
4236 211.0
4237 211.0
4238 211.0
4239 211.0
4240 211.0
4241 211.0
4242 211.0
4243 211.0
4254 212.0
4255 212.0
4256 212.0
4257 212.0
4258 212.0
4259 212.0
4260 212.0
4261 212.0
4262 212.0
4263 212.0
4274 212.0
4275 212.0
4276 212.0
4277 212.0
4278 212.0
4279 212.0
4280 212.0
4281 212.0
4282 210.0
4283 210.0
4284 210.0
4285 210.0
4286 210.0
4287 210.0
4288 210.0
4289 210.0
4290 210.0
4291 210.0
4292 210.0
4303 210.0
4304 210.0
4305 210.0
4306 210.0
4307 210.0
4308 210.0
4309 210.0
4310 210.0
4311 210.0
4312 210.0
4323 210.0
4324 210.0
4325 210.0
4326 210.0
4327 210.0
4328 210.0
4329 210.0
4330 210.0
4331 210.0
4332 210.0
4343 203.0
4344 203.0
4345 203.0
4346 203.0
4347 203.0
4348 203.0
4349 203.0
4350 203.0
4351 203.0
4352 203.0
4363 205.0
4364 205.0
4365 205.0
4366 205.0
4367 205.0
4368 205.0
4369 205.0
4370 205.0
4371 205.0
4372 205.0
4383 206.0
4384 206.0
4385 206.0
4386 206.0
4387 206.0
4388 206.0
4389 206.0
4390 206.0
4391 206.0
4392 206.0
4403 202.0
4404 202.0
4405 202.0
4406 202.0
4407 202.0
4408 202.0
4409 202.0
4410 202.0
4411 202.0
4412 202.0
4423 205.0
4424 205.0
4425 205.0
4426 203.0
4427 203.0
4428 203.0
4429 203.0
4430 203.0
4431 203.0
4432 203.0
4433 203.0
4434 203.0
4435 203.0
4436 203.0
4447 204.0
4448 204.0
4449 204.0
4450 204.0
4451 204.0
4452 204.0
4453 204.0
4454 204.0
4455 204.0
4456 204.0
4467 201.0
4468 201.0
4469 201.0
4470 201.0
4471 201.0
4472 201.0
4473 201.0
4474 201.0
4475 201.0
4476 201.0
4487 199.0
4488 199.0
4489 199.0
4490 199.0
4491 199.0
4492 199.0
4493 199.0
4494 199.0
4495 199.0
4496 199.0
4507 203.0
4508 203.0
4509 203.0
4510 203.0
4511 203.0
4512 203.0
4513 203.0
4514 203.0
4515 203.0
4516 203.0
4527 203.0
4528 203.0
4529 203.0
4530 203.0
4531 203.0
4532 203.0
4533 203.0
4534 203.0
4535 203.0
4536 203.0
4547 203.0
4548 203.0
4549 203.0
4550 203.0
4551 203.0
4552 203.0
4553 203.0
4554 203.0
4555 203.0
4556 203.0
4567 203.0
4568 203.0
4569 203.0
4570 203.0
4571 203.0
4572 203.0
4573 203.0
4574 203.0
4575 203.0
4576 203.0
4587 203.0
4588 203.0
4589 203.0
4590 203.0
4591 203.0
4592 203.0
4593 203.0
4594 203.0
4595 203.0
4596 203.0
4607 206.0
4608 206.0
4609 206.0
4610 206.0
4611 206.0
4612 206.0
4613 206.0
4614 206.0
4615 206.0
4616 206.0
4627 205.0
4628 205.0
4629 205.0
4630 205.0
4631 205.0
4632 205.0
4633 205.0
4634 205.0
4635 205.0
4636 205.0
4647 205.0
4648 202.0
4649 201.0
4650 201.0
4651 201.0
4652 201.0
4653 201.0
4654 201.0
4655 201.0
4656 201.0
4657 201.0
4658 201.0
4659 201.0
4670 201.0
4671 201.0
4672 201.0
4673 201.0
4674 201.0
4675 201.0
4676 201.0
4677 201.0
4678 201.0
4679 201.0
4690 201.0
4691 201.0
4692 201.0
4693 201.0
4694 201.0
4695 201.0
4696 201.0
4697 201.0
4698 201.0
4699 201.0
4710 201.0
4711 201.0
4712 201.0
4713 201.0
4714 201.0
4715 201.0
4716 201.0
4717 201.0
4718 201.0
4719 201.0
4730 203.0
4731 203.0
4732 203.0
4733 203.0
4734 203.0
4735 203.0
4736 203.0
4737 203.0
4738 203.0
4739 203.0
4750 208.0
4751 208.0
4752 206.0
4753 206.0
4754 206.0
4755 206.0
4756 206.0
4757 204.0
4758 204.0
4759 204.0
4760 204.0
4761 204.0
4762 204.0
4763 204.0
4764 203.0
4765 203.0
4766 203.0
4767 203.0
4768 203.0
4769 198.0
4770 198.0
4771 198.0
4772 198.0
4773 198.0
4774 198.0
4775 198.0
4776 198.0
4777 198.0
4778 198.0
4779 198.0
4790 198.0
4791 198.0
4792 198.0
4793 198.0
4794 198.0
4795 198.0
4796 198.0
4797 198.0
4798 198.0
4799 198.0
4810 200.0
4811 200.0
4812 200.0
4813 200.0
4814 200.0
4815 200.0
4816 200.0
4817 200.0
4818 200.0
4819 200.0
4830 200.0
4831 200.0
4832 200.0
4833 200.0
4834 200.0
4835 198.0
4836 198.0
4837 198.0
4838 198.0
4839 198.0
4840 198.0
4841 198.0
4842 198.0
4843 198.0
4844 198.0
4845 198.0
4856 198.0
4857 198.0
4858 198.0
4859 198.0
4860 198.0
4861 198.0
4862 198.0
4863 198.0
4864 198.0
4865 198.0
4876 200.0
4877 200.0
4878 200.0
4879 200.0
4880 200.0
4881 200.0
4882 200.0
4883 200.0
4884 200.0
4885 200.0
4896 207.0
4897 206.0
4898 206.0
4899 206.0
4900 206.0
4901 206.0
4902 206.0
4903 206.0
4904 206.0
4905 206.0
4906 206.0
4907 206.0
4918 206.0
4919 206.0
4920 206.0
4921 201.0
4922 201.0
4923 201.0
4924 201.0
4925 201.0
4926 200.0
4927 200.0
4928 200.0
4929 200.0
4930 200.0
4931 200.0
4932 200.0
4933 200.0
4934 200.0
4935 200.0
4936 200.0
4947 201.0
4948 201.0
4949 201.0
4950 201.0
4951 201.0
4952 201.0
4953 201.0
4954 201.0
4955 201.0
4956 201.0
4967 199.0
4968 199.0
4969 199.0
4970 199.0
4971 199.0
4972 199.0
4973 199.0
4974 199.0
4975 199.0
4976 199.0
4987 201.0
4988 201.0
4989 201.0
4990 201.0
4991 201.0
4992 201.0
4993 201.0
4994 201.0
4995 201.0
4996 201.0
