0 82645.0
1 82239.0
2 80629.0
3 79035.0
4 78242.0
5 77847.0
6 77847.0
7 77453.0
8 74726.0
9 74726.0
10 74726.0
11 74726.0
12 74726.0
13 71668.0
14 71290.0
15 71290.0
16 70537.0
17 70537.0
18 70537.0
19 70536.0
20 69043.0
21 69043.0
22 69043.0
23 69043.0
24 69043.0
25 69043.0
26 69043.0
27 69043.0
28 69043.0
29 68672.0
30 68672.0
31 68302.0
32 68302.0
33 68302.0
34 68302.0
35 68302.0
36 68302.0
37 67565.0
38 67565.0
39 65032.0
40 64685.0
41 64326.0
42 64326.0
43 63968.0
44 63968.0
45 62901.0
46 62572.0
47 62572.0
48 57758.0
49 57081.0
50 56746.0
51 56746.0
52 56746.0
53 56746.0
54 56746.0
55 56746.0
56 56746.0
57 56076.0
58 56076.0
59 54102.0
60 54102.0
61 54102.0
62 54102.0
63 54102.0
64 54102.0
65 54102.0
66 54102.0
67 53448.0
68 53131.0
69 53131.0
70 53131.0
71 52806.0
72 52806.0
73 52806.0
74 50877.0
75 50559.0
76 50559.0
77 50559.0
78 50559.0
79 48994.0
80 48994.0
81 48994.0
82 48994.0
83 48994.0
84 48994.0
85 48682.0
86 48682.0
87 48682.0
88 48682.0
89 48682.0
90 48682.0
91 48682.0
92 48682.0
93 48682.0
94 48682.0
95 48682.0
106 50249.0
107 50249.0
108 50249.0
109 50249.0
110 50249.0
111 50249.0
112 49934.0
113 49934.0
114 49934.0
115 49934.0
116 49934.0
117 49934.0
118 49619.0
119 49619.0
120 49619.0
121 49619.0
122 49619.0
123 49619.0
124 49619.0
125 49619.0
126 49619.0
127 49619.0
128 49619.0
139 49619.0
140 49619.0
141 49619.0
142 49619.0
143 49619.0
144 49619.0
145 49619.0
146 47446.0
147 47446.0
148 47446.0
149 47446.0
150 47446.0
151 47446.0
152 47139.0
153 47139.0
154 47139.0
155 47139.0
156 47139.0
157 47139.0
158 47139.0
159 47139.0
160 46833.0
161 46529.0
162 46529.0
163 46529.0
164 46529.0
165 46529.0
166 46529.0
167 46529.0
168 46225.0
169 46225.0
170 46225.0
171 46225.0
172 46225.0
173 46225.0
174 46225.0
175 42657.0
176 42657.0
177 42657.0
178 42390.0
179 42390.0
180 42137.0
181 42137.0
182 42137.0
183 42137.0
184 42137.0
185 41848.0
186 41848.0
187 41848.0
188 41848.0
189 41848.0
190 41848.0
191 41848.0
192 41848.0
193 41848.0
194 41848.0
195 41848.0
206 42427.0
207 42427.0
208 42427.0
209 42427.0
210 42137.0
211 42137.0
212 42137.0
213 42137.0
214 42137.0
215 42137.0
216 42137.0
217 42137.0
218 42137.0
219 42137.0
220 42137.0
231 41848.0
232 41560.0
233 40705.0
234 40705.0
235 40705.0
236 40705.0
237 40705.0
238 40705.0
239 40705.0
240 40705.0
241 40705.0
242 40705.0
243 40705.0
254 36035.0
255 36035.0
256 35777.0
257 35533.0
258 35533.0
259 35004.0
260 35004.0
261 28294.0
262 28294.0
263 28294.0
264 28294.0
265 28294.0
266 27874.0
267 27874.0
268 27874.0
269 27462.0
270 27462.0
271 26601.0
272 26391.0
273 26391.0
274 26391.0
275 26391.0
276 26257.0
277 26257.0
278 26169.0
279 26169.0
280 26169.0
281 26169.0
282 26169.0
283 26169.0
284 26169.0
285 26169.0
286 26169.0
287 26169.0
288 26169.0
299 25250.0
300 25250.0
301 25250.0
302 25250.0
303 25250.0
304 25250.0
305 25028.0
306 25028.0
307 25028.0
308 25028.0
309 25028.0
310 25028.0
311 23935.0
312 23935.0
313 23926.0
314 23926.0
315 23926.0
316 23926.0
317 23926.0
318 23717.0
319 23717.0
320 23717.0
321 23513.0
322 23513.0
323 23513.0
324 23513.0
325 23513.0
326 23513.0
327 23513.0
328 23513.0
329 23513.0
330 23513.0
331 23513.0
342 23299.0
343 23089.0
344 23089.0
345 23089.0
346 19631.0
347 19437.0
348 19437.0
349 19437.0
350 19437.0
351 19437.0
352 19437.0
353 19437.0
354 19437.0
355 19437.0
356 19437.0
357 19437.0
368 18661.0
369 18474.0
370 18296.0
371 18296.0
372 18108.0
373 18108.0
374 18108.0
375 18108.0
376 18108.0
377 18108.0
378 18108.0
379 18108.0
380 18108.0
381 18108.0
382 18108.0
393 2372.0
394 2367.0
395 2297.0
396 2297.0
397 2297.0
398 2282.0
399 2282.0
400 2282.0
401 2282.0
402 2270.0
403 2239.0
404 2239.0
405 2239.0
406 2239.0
407 2239.0
408 2239.0
409 2237.0
410 2237.0
411 2220.0
412 2220.0
413 2220.0
414 2103.0
415 2103.0
416 2097.0
417 2097.0
418 2097.0
419 2096.0
420 2096.0
421 2096.0
422 2096.0
423 2069.0
424 2069.0
425 2069.0
426 2037.0
427 2037.0
428 2037.0
429 1949.0
430 1927.0
431 1927.0
432 1927.0
433 1927.0
434 1908.0
435 1904.0
436 1904.0
437 1904.0
438 1904.0
439 1904.0
440 1904.0
441 1904.0
442 1904.0
443 1904.0
444 1904.0
445 1904.0
456 1468.0
457 1466.0
458 1445.0
459 1445.0
460 1445.0
461 1445.0
462 1404.0
463 1404.0
464 1404.0
465 1404.0
466 1384.0
467 1384.0
468 1384.0
469 1384.0
470 1384.0
471 1384.0
472 1384.0
473 1384.0
474 1384.0
475 1384.0
476 1380.0
477 1380.0
478 1380.0
479 1380.0
480 1380.0
481 1380.0
482 1366.0
483 1366.0
484 1366.0
485 1366.0
486 1366.0
487 1366.0
488 1366.0
489 1366.0
490 1366.0
491 1366.0
492 1366.0
503 1361.0
504 1352.0
505 1352.0
506 1352.0
507 1352.0
508 1352.0
509 1352.0
510 1352.0
511 1320.0
512 1320.0
513 1320.0
514 1320.0
515 1315.0
516 1315.0
517 1315.0
518 1315.0
519 1315.0
520 1315.0
521 1315.0
522 1315.0
523 1315.0
524 1315.0
525 1313.0
526 1313.0
527 1313.0
528 1296.0
529 1295.0
530 1295.0
531 1295.0
532 1287.0
533 1287.0
534 1233.0
535 1213.0
536 1195.0
537 1195.0
538 1195.0
539 1195.0
540 1195.0
541 1195.0
542 1195.0
543 1195.0
544 1195.0
545 1195.0
546 1195.0
557 972.0
558 972.0
559 963.0
560 963.0
561 960.0
562 950.0
563 931.0
564 931.0
565 931.0
566 931.0
567 931.0
568 925.0
569 925.0
570 925.0
571 925.0
572 924.0
573 919.0
574 919.0
575 919.0
576 919.0
577 916.0
578 916.0
579 916.0
580 914.0
581 914.0
582 914.0
583 914.0
584 914.0
585 899.0
586 895.0
587 895.0
588 895.0
589 895.0
590 895.0
591 895.0
592 895.0
593 895.0
594 887.0
595 887.0
596 887.0
597 882.0
598 882.0
599 882.0
600 882.0
601 882.0
602 879.0
603 879.0
604 879.0
605 879.0
606 879.0
607 879.0
608 879.0
609 879.0
610 879.0
611 879.0
612 877.0
613 877.0
614 877.0
615 877.0
616 877.0
617 877.0
618 877.0
619 877.0
620 877.0
621 877.0
622 877.0
633 856.0
634 845.0
635 845.0
636 845.0
637 845.0
638 845.0
639 845.0
640 845.0
641 845.0
642 845.0
643 831.0
644 831.0
645 831.0
646 831.0
647 831.0
648 831.0
649 831.0
650 831.0
651 831.0
652 831.0
653 831.0
664 707.0
665 707.0
666 706.0
667 706.0
668 661.0
669 661.0
670 661.0
671 661.0
672 661.0
673 661.0
674 661.0
675 661.0
676 661.0
677 661.0
678 659.0
679 659.0
680 659.0
681 659.0
682 659.0
683 659.0
684 659.0
685 659.0
686 659.0
687 659.0
688 659.0
699 622.0
700 616.0
701 616.0
702 615.0
703 615.0
704 615.0
705 615.0
706 615.0
707 611.0
708 611.0
709 611.0
710 611.0
711 611.0
712 611.0
713 611.0
714 611.0
715 607.0
716 607.0
717 607.0
718 607.0
719 607.0
720 607.0
721 607.0
722 607.0
723 607.0
724 607.0
725 607.0
736 596.0
737 596.0
738 596.0
739 596.0
740 596.0
741 566.0
742 566.0
743 566.0
744 561.0
745 561.0
746 561.0
747 561.0
748 561.0
749 561.0
750 561.0
751 561.0
752 561.0
753 561.0
754 561.0
765 558.0
766 558.0
767 558.0
768 558.0
769 558.0
770 558.0
771 558.0
772 558.0
773 553.0
774 553.0
775 553.0
776 553.0
777 553.0
778 553.0
779 547.0
780 545.0
781 545.0
782 545.0
783 545.0
784 545.0
785 542.0
786 542.0
787 542.0
788 541.0
789 541.0
790 539.0
791 539.0
792 539.0
793 539.0
794 533.0
795 533.0
796 533.0
797 533.0
798 532.0
799 532.0
800 532.0
801 532.0
802 532.0
803 532.0
804 532.0
805 532.0
806 532.0
807 532.0
808 532.0
819 538.0
820 538.0
821 531.0
822 531.0
823 531.0
824 531.0
825 531.0
826 531.0
827 531.0
828 531.0
829 531.0
830 531.0
831 531.0
842 538.0
843 524.0
844 524.0
845 524.0
846 524.0
847 524.0
848 524.0
849 524.0
850 524.0
851 524.0
852 524.0
853 524.0
864 524.0
865 524.0
866 524.0
867 524.0
868 517.0
869 517.0
870 517.0
871 517.0
872 517.0
873 517.0
874 517.0
875 517.0
876 517.0
877 517.0
878 517.0
889 475.0
890 475.0
891 475.0
892 475.0
893 475.0
894 475.0
895 475.0
896 472.0
897 472.0
898 472.0
899 472.0
900 472.0
901 472.0
902 472.0
903 472.0
904 472.0
905 472.0
906 472.0
917 479.0
918 479.0
919 478.0
920 478.0
921 478.0
922 478.0
923 478.0
924 478.0
925 478.0
926 478.0
927 469.0
928 469.0
929 469.0
930 469.0
931 469.0
932 469.0
933 469.0
934 469.0
935 469.0
936 469.0
937 469.0
948 466.0
949 466.0
950 466.0
951 466.0
952 466.0
953 466.0
954 466.0
955 466.0
956 466.0
957 466.0
968 469.0
969 469.0
970 469.0
971 469.0
972 469.0
973 465.0
974 465.0
975 465.0
976 465.0
977 465.0
978 465.0
979 465.0
980 465.0
981 465.0
982 465.0
983 465.0
994 458.0
995 458.0
996 458.0
997 458.0
998 458.0
999 458.0
1000 458.0
1001 458.0
1002 458.0
1003 458.0
1004 458.0
1015 412.0
1016 408.0
1017 408.0
1018 408.0
1019 403.0
1020 403.0
1021 403.0
1022 403.0
1023 403.0
1024 403.0
1025 402.0
1026 402.0
1027 402.0
1028 401.0
1029 400.0
1030 400.0
1031 400.0
1032 400.0
1033 400.0
1034 400.0
1035 400.0
1036 400.0
1037 400.0
1038 400.0
1039 400.0
1050 402.0
1051 402.0
1052 402.0
1053 401.0
1054 401.0
1055 401.0
1056 401.0
1057 397.0
1058 397.0
1059 397.0
1060 397.0
1061 397.0
1062 397.0
1063 397.0
1064 397.0
1065 397.0
1066 394.0
1067 394.0
1068 394.0
1069 394.0
1070 394.0
1071 394.0
1072 394.0
1073 394.0
1074 394.0
1075 394.0
1076 394.0
1087 427.0
1088 427.0
1089 427.0
1090 427.0
1091 427.0
1092 427.0
1093 427.0
1094 427.0
1095 427.0
1096 427.0
1107 427.0
1108 427.0
1109 427.0
1110 427.0
1111 427.0
1112 427.0
1113 427.0
1114 427.0
1115 427.0
1116 426.0
1117 426.0
1118 426.0
1119 426.0
1120 426.0
1121 426.0
1122 426.0
1123 426.0
1124 426.0
1125 426.0
1126 425.0
1127 425.0
1128 425.0
1129 425.0
1130 422.0
1131 422.0
1132 422.0
1133 422.0
1134 422.0
1135 422.0
1136 422.0
1137 422.0
1138 422.0
1139 422.0
1140 422.0
1151 421.0
1152 421.0
1153 421.0
1154 421.0
1155 421.0
1156 421.0
1157 421.0
1158 421.0
1159 421.0
1160 421.0
1171 431.0
1172 431.0
1173 431.0
1174 431.0
1175 431.0
1176 431.0
1177 431.0
1178 431.0
1179 431.0
1180 431.0
1191 424.0
1192 424.0
1193 424.0
1194 424.0
1195 424.0
1196 424.0
1197 424.0
1198 424.0
1199 422.0
1200 422.0
1201 422.0
1202 422.0
1203 422.0
1204 422.0
1205 422.0
1206 422.0
1207 422.0
1208 422.0
1209 422.0
1220 427.0
1221 427.0
1222 427.0
1223 427.0
1224 427.0
1225 427.0
1226 427.0
1227 427.0
1228 427.0
1229 427.0
1240 422.0
1241 422.0
1242 422.0
1243 422.0
1244 422.0
1245 422.0
1246 422.0
1247 422.0
1248 422.0
1249 422.0
1260 424.0
1261 424.0
1262 422.0
1263 395.0
1264 395.0
1265 395.0
1266 395.0
1267 395.0
1268 395.0
1269 395.0
1270 395.0
1271 395.0
1272 395.0
1273 395.0
1284 396.0
1285 396.0
1286 396.0
1287 396.0
1288 396.0
1289 396.0
1290 396.0
1291 396.0
1292 392.0
1293 392.0
1294 392.0
1295 392.0
1296 392.0
1297 392.0
1298 392.0
1299 392.0
1300 392.0
1301 392.0
1302 392.0
1313 395.0
1314 395.0
1315 395.0
1316 395.0
1317 395.0
1318 391.0
1319 391.0
1320 391.0
1321 391.0
1322 391.0
1323 391.0
1324 391.0
1325 391.0
1326 391.0
1327 391.0
1328 391.0
1339 382.0
1340 382.0
1341 382.0
1342 382.0
1343 382.0
1344 382.0
1345 382.0
1346 382.0
1347 382.0
1348 382.0
1359 384.0
1360 382.0
1361 382.0
1362 382.0
1363 382.0
1364 382.0
1365 382.0
1366 381.0
1367 381.0
1368 381.0
1369 381.0
1370 381.0
1371 381.0
1372 381.0
1373 381.0
1374 381.0
1375 381.0
1376 381.0
1387 387.0
1388 387.0
1389 387.0
1390 387.0
1391 387.0
1392 387.0
1393 387.0
1394 382.0
1395 382.0
1396 381.0
1397 381.0
1398 381.0
1399 381.0
1400 381.0
1401 381.0
1402 381.0
1403 381.0
1404 381.0
1405 381.0
1406 381.0
1417 381.0
1418 381.0
1419 381.0
1420 381.0
1421 381.0
1422 381.0
1423 381.0
1424 381.0
1425 381.0
1426 381.0
1437 387.0
1438 387.0
1439 387.0
1440 387.0
1441 387.0
1442 387.0
1443 387.0
1444 382.0
1445 382.0
1446 382.0
1447 382.0
1448 382.0
1449 382.0
1450 382.0
1451 382.0
1452 382.0
1453 382.0
1454 382.0
1465 381.0
1466 381.0
1467 381.0
1468 381.0
1469 381.0
1470 381.0
1471 381.0
1472 381.0
1473 381.0
1474 381.0
1485 390.0
1486 390.0
1487 390.0
1488 390.0
1489 388.0
1490 388.0
1491 388.0
1492 388.0
1493 388.0
1494 388.0
1495 381.0
1496 381.0
1497 381.0
1498 381.0
1499 381.0
1500 381.0
1501 381.0
1502 381.0
1503 381.0
1504 381.0
1505 381.0
1516 384.0
1517 384.0
1518 384.0
1519 384.0
1520 384.0
1521 384.0
1522 384.0
1523 384.0
1524 382.0
1525 382.0
1526 347.0
1527 345.0
1528 345.0
1529 345.0
1530 345.0
1531 345.0
1532 345.0
1533 345.0
1534 345.0
1535 345.0
1536 345.0
1537 345.0
1548 338.0
1549 338.0
1550 338.0
1551 338.0
1552 338.0
1553 338.0
1554 338.0
1555 338.0
1556 338.0
1557 335.0
1558 335.0
1559 335.0
1560 335.0
1561 335.0
1562 335.0
1563 335.0
1564 335.0
1565 335.0
1566 335.0
1567 335.0
1578 333.0
1579 333.0
1580 333.0
1581 333.0
1582 333.0
1583 333.0
1584 333.0
1585 333.0
1586 333.0
1587 333.0
1598 328.0
1599 328.0
1600 328.0
1601 328.0
1602 328.0
1603 328.0
1604 328.0
1605 328.0
1606 328.0
1607 328.0
1618 316.0
1619 316.0
1620 316.0
1621 316.0
1622 316.0
1623 316.0
1624 316.0
1625 316.0
1626 316.0
1627 316.0
1638 316.0
1639 316.0
1640 316.0
1641 316.0
1642 316.0
1643 316.0
1644 316.0
1645 316.0
1646 316.0
1647 316.0
1658 327.0
1659 327.0
1660 327.0
1661 327.0
1662 327.0
1663 327.0
1664 327.0
1665 324.0
1666 324.0
1667 324.0
1668 324.0
1669 324.0
1670 324.0
1671 321.0
1672 321.0
1673 321.0
1674 321.0
1675 321.0
1676 321.0
1677 321.0
1678 321.0
1679 321.0
1680 321.0
1681 321.0
1692 327.0
1693 327.0
1694 327.0
1695 327.0
1696 327.0
1697 327.0
1698 327.0
1699 327.0
1700 327.0
1701 327.0
1702 327.0
1713 325.0
1714 325.0
1715 325.0
1716 325.0
1717 325.0
1718 321.0
1719 321.0
1720 321.0
1721 321.0
1722 321.0
1723 321.0
1724 321.0
1725 321.0
1726 321.0
1727 321.0
1728 321.0
1739 322.0
1740 322.0
1741 322.0
1742 322.0
1743 322.0
1744 322.0
1745 322.0
1746 322.0
1747 322.0
1748 322.0
1759 325.0
1760 325.0
1761 325.0
1762 325.0
1763 325.0
1764 325.0
1765 325.0
1766 325.0
1767 325.0
1768 325.0
1779 329.0
1780 327.0
1781 327.0
1782 327.0
1783 327.0
1784 327.0
1785 327.0
1786 327.0
1787 327.0
1788 327.0
1789 327.0
1790 326.0
1791 321.0
1792 321.0
1793 321.0
1794 321.0
1795 321.0
1796 321.0
1797 321.0
1798 321.0
1799 321.0
1800 321.0
1801 321.0
1812 337.0
1813 337.0
1814 337.0
1815 337.0
1816 337.0
1817 337.0
1818 337.0
1819 337.0
1820 337.0
1821 337.0
1832 331.0
1833 331.0
1834 331.0
1835 331.0
1836 331.0
1837 331.0
1838 331.0
1839 331.0
1840 331.0
1841 331.0
1852 336.0
1853 336.0
1854 336.0
1855 336.0
1856 336.0
1857 336.0
1858 336.0
1859 336.0
1860 336.0
1861 336.0
1872 349.0
1873 349.0
1874 349.0
1875 349.0
1876 349.0
1877 349.0
1878 349.0
1879 349.0
1880 347.0
1881 347.0
1882 347.0
1883 347.0
1884 347.0
1885 347.0
1886 347.0
1887 341.0
1888 341.0
1889 341.0
1890 341.0
1891 341.0
1892 341.0
1893 333.0
1894 333.0
1895 333.0
1896 333.0
1897 333.0
1898 333.0
1899 333.0
1900 333.0
1901 333.0
1902 333.0
1903 333.0
1914 349.0
1915 349.0
1916 349.0
1917 349.0
1918 349.0
1919 348.0
1920 346.0
1921 346.0
1922 342.0
1923 342.0
1924 342.0
1925 342.0
1926 342.0
1927 342.0
1928 342.0
1929 342.0
1930 342.0
1931 342.0
1932 342.0
1943 340.0
1944 340.0
1945 340.0
1946 340.0
1947 340.0
1948 340.0
1949 340.0
1950 340.0
1951 340.0
1952 340.0
1963 354.0
1964 354.0
1965 353.0
1966 353.0
1967 353.0
1968 353.0
1969 353.0
1970 353.0
1971 353.0
1972 353.0
1973 353.0
1974 353.0
1975 353.0
1986 348.0
1987 348.0
1988 348.0
1989 348.0
1990 348.0
1991 348.0
1992 348.0
1993 348.0
1994 348.0
1995 348.0
2006 343.0
2007 343.0
2008 343.0
2009 343.0
2010 338.0
2011 338.0
2012 338.0
2013 338.0
2014 338.0
2015 338.0
2016 338.0
2017 338.0
2018 338.0
2019 338.0
2020 338.0
2031 341.0
2032 341.0
2033 341.0
2034 341.0
2035 330.0
2036 330.0
2037 330.0
2038 330.0
2039 330.0
2040 330.0
2041 330.0
2042 328.0
2043 328.0
2044 320.0
2045 320.0
2046 320.0
2047 320.0
2048 320.0
2049 320.0
2050 320.0
2051 320.0
2052 320.0
2053 320.0
2054 320.0
2065 325.0
2066 325.0
2067 325.0
2068 325.0
2069 325.0
2070 325.0
2071 325.0
2072 325.0
2073 325.0
2074 325.0
2075 325.0
2086 326.0
2087 326.0
2088 326.0
2089 324.0
2090 324.0
2091 324.0
2092 324.0
2093 324.0
2094 324.0
2095 324.0
2096 324.0
2097 324.0
2098 324.0
2099 324.0
2110 326.0
2111 326.0
2112 326.0
2113 326.0
2114 326.0
2115 326.0
2116 326.0
2117 326.0
2118 326.0
2119 326.0
2130 328.0
2131 328.0
2132 328.0
2133 328.0
2134 326.0
2135 326.0
2136 320.0
2137 320.0
2138 320.0
2139 320.0
2140 320.0
2141 320.0
2142 320.0
2143 320.0
2144 320.0
2145 320.0
2146 320.0
2157 324.0
2158 324.0
2159 324.0
2160 324.0
2161 323.0
2162 323.0
2163 323.0
2164 323.0
2165 323.0
2166 323.0
2167 323.0
2168 323.0
2169 323.0
2170 323.0
2171 323.0
2182 324.0
2183 324.0
2184 324.0
2185 324.0
2186 321.0
2187 321.0
2188 321.0
2189 321.0
2190 321.0
2191 321.0
2192 321.0
2193 321.0
2194 321.0
2195 321.0
2196 321.0
2207 326.0
2208 321.0
2209 321.0
2210 321.0
2211 321.0
2212 321.0
2213 321.0
2214 321.0
2215 320.0
2216 320.0
2217 320.0
2218 320.0
2219 320.0
2220 320.0
2221 320.0
2222 320.0
2223 320.0
2224 320.0
2225 320.0
2236 325.0
2237 325.0
2238 325.0
2239 325.0
2240 325.0
2241 325.0
2242 325.0
2243 325.0
2244 325.0
2245 325.0
2256 325.0
2257 324.0
2258 324.0
2259 324.0
2260 324.0
2261 324.0
2262 324.0
2263 324.0
2264 324.0
2265 320.0
2266 320.0
2267 320.0
2268 320.0
2269 320.0
2270 320.0
2271 320.0
2272 320.0
2273 320.0
2274 320.0
2275 320.0
2286 326.0
2287 326.0
2288 326.0
2289 326.0
2290 326.0
2291 326.0
2292 325.0
2293 325.0
2294 320.0
2295 320.0
2296 320.0
2297 320.0
2298 320.0
2299 320.0
2300 320.0
2301 320.0
2302 320.0
2303 320.0
2304 320.0
2315 328.0
2316 328.0
2317 321.0
2318 321.0
2319 321.0
2320 321.0
2321 321.0
2322 321.0
2323 321.0
2324 321.0
2325 321.0
2326 321.0
2327 321.0
2338 324.0
2339 324.0
2340 324.0
2341 324.0
2342 324.0
2343 324.0
2344 324.0
2345 324.0
2346 324.0
2347 324.0
2358 326.0
2359 326.0
2360 326.0
2361 326.0
2362 326.0
2363 320.0
2364 320.0
2365 320.0
2366 320.0
2367 320.0
2368 320.0
2369 320.0
2370 320.0
2371 320.0
2372 320.0
2373 320.0
2384 323.0
2385 323.0
2386 323.0
2387 323.0
2388 323.0
2389 323.0
2390 323.0
2391 323.0
2392 323.0
2393 323.0
2404 325.0
2405 325.0
2406 325.0
2407 325.0
2408 325.0
2409 325.0
2410 325.0
2411 325.0
2412 325.0
2413 325.0
2424 325.0
2425 325.0
2426 325.0
2427 325.0
2428 325.0
2429 325.0
2430 325.0
2431 325.0
2432 325.0
2433 325.0
2444 332.0
2445 332.0
2446 332.0
2447 332.0
2448 332.0
2449 332.0
2450 332.0
2451 332.0
2452 332.0
2453 332.0
2464 323.0
2465 323.0
2466 323.0
2467 323.0
2468 323.0
2469 323.0
2470 323.0
2471 323.0
2472 323.0
2473 323.0
2484 328.0
2485 328.0
2486 328.0
2487 328.0
2488 328.0
2489 328.0
2490 328.0
2491 328.0
2492 323.0
2493 323.0
2494 323.0
2495 323.0
2496 323.0
2497 323.0
2498 323.0
2499 323.0
2500 323.0
2501 323.0
2502 323.0
2513 323.0
2514 323.0
2515 323.0
2516 323.0
2517 323.0
2518 323.0
2519 323.0
2520 323.0
2521 323.0
2522 323.0
2533 325.0
2534 325.0
2535 325.0
2536 325.0
2537 325.0
2538 325.0
2539 325.0
2540 325.0
2541 325.0
2542 325.0
2553 326.0
2554 326.0
2555 326.0
2556 326.0
2557 326.0
2558 326.0
2559 326.0
2560 326.0
2561 326.0
2562 326.0
2573 325.0
2574 325.0
2575 325.0
2576 325.0
2577 325.0
2578 323.0
2579 323.0
2580 323.0
2581 323.0
2582 323.0
2583 323.0
2584 323.0
2585 323.0
2586 323.0
2587 323.0
2588 323.0
2599 323.0
2600 323.0
2601 323.0
2602 323.0
2603 323.0
2604 323.0
2605 323.0
2606 323.0
2607 323.0
2608 323.0
2609 323.0
2620 328.0
2621 328.0
2622 323.0
2623 321.0
2624 321.0
2625 321.0
2626 321.0
2627 321.0
2628 321.0
2629 321.0
2630 321.0
2631 321.0
2632 321.0
2633 321.0
2644 326.0
2645 326.0
2646 326.0
2647 326.0
2648 326.0
2649 326.0
2650 326.0
2651 326.0
2652 325.0
2653 325.0
2654 325.0
2655 325.0
2656 325.0
2657 323.0
2658 323.0
2659 323.0
2660 323.0
2661 323.0
2662 323.0
2663 323.0
2664 323.0
2665 323.0
2666 323.0
2667 323.0
2678 320.0
2679 320.0
2680 320.0
2681 320.0
2682 320.0
2683 320.0
2684 320.0
2685 320.0
2686 320.0
2687 320.0
2698 326.0
2699 326.0
2700 326.0
2701 326.0
2702 326.0
2703 326.0
2704 326.0
2705 326.0
2706 326.0
2707 326.0
2718 326.0
2719 326.0
2720 326.0
2721 324.0
2722 324.0
2723 324.0
2724 324.0
2725 324.0
2726 324.0
2727 324.0
2728 324.0
2729 324.0
2730 324.0
2731 324.0
2742 327.0
2743 327.0
2744 327.0
2745 327.0
2746 327.0
2747 327.0
2748 326.0
2749 326.0
2750 326.0
2751 326.0
2752 326.0
2753 326.0
2754 326.0
2755 326.0
2756 326.0
2757 326.0
2758 326.0
2769 330.0
2770 330.0
2771 330.0
2772 329.0
2773 329.0
2774 329.0
2775 329.0
2776 329.0
2777 329.0
2778 329.0
2779 329.0
2780 329.0
2781 329.0
2782 329.0
2793 329.0
2794 329.0
2795 329.0
2796 329.0
2797 313.0
2798 313.0
2799 313.0
2800 313.0
2801 313.0
2802 313.0
2803 313.0
2804 313.0
2805 313.0
2806 313.0
2807 313.0
2818 324.0
2819 324.0
2820 324.0
2821 324.0
2822 324.0
2823 324.0
2824 324.0
2825 324.0
2826 324.0
2827 324.0
2838 325.0
2839 325.0
2840 325.0
2841 325.0
2842 325.0
2843 325.0
2844 325.0
2845 325.0
2846 325.0
2847 323.0
2848 323.0
2849 323.0
2850 323.0
2851 323.0
2852 323.0
2853 323.0
2854 323.0
2855 323.0
2856 323.0
2857 323.0
2868 320.0
2869 320.0
2870 320.0
2871 320.0
2872 320.0
2873 320.0
2874 320.0
2875 320.0
2876 320.0
2877 320.0
2888 334.0
2889 334.0
2890 334.0
2891 334.0
2892 334.0
2893 334.0
2894 334.0
2895 334.0
2896 334.0
2897 334.0
2908 331.0
2909 331.0
2910 331.0
2911 331.0
2912 331.0
2913 331.0
2914 331.0
2915 331.0
2916 331.0
2917 331.0
2928 336.0
2929 336.0
2930 336.0
2931 331.0
2932 331.0
2933 331.0
2934 331.0
2935 331.0
2936 331.0
2937 331.0
2938 331.0
2939 331.0
2940 331.0
2941 331.0
2952 335.0
2953 335.0
2954 335.0
2955 335.0
2956 335.0
2957 335.0
2958 335.0
2959 335.0
2960 335.0
2961 335.0
2972 330.0
2973 330.0
2974 330.0
2975 330.0
2976 330.0
2977 330.0
2978 330.0
2979 330.0
2980 330.0
2981 330.0
2992 334.0
2993 334.0
2994 334.0
2995 334.0
2996 334.0
2997 334.0
2998 334.0
2999 334.0
3000 334.0
3001 334.0
3012 335.0
3013 335.0
3014 335.0
3015 335.0
3016 335.0
3017 335.0
3018 335.0
3019 335.0
3020 335.0
3021 335.0
3032 330.0
3033 330.0
3034 330.0
3035 330.0
3036 330.0
3037 330.0
3038 330.0
3039 330.0
3040 330.0
3041 330.0
3052 337.0
3053 337.0
3054 337.0
3055 337.0
3056 337.0
3057 337.0
3058 337.0
3059 337.0
3060 337.0
3061 337.0
3072 331.0
3073 331.0
3074 331.0
3075 331.0
3076 331.0
3077 331.0
3078 331.0
3079 331.0
3080 331.0
3081 331.0
3092 334.0
3093 334.0
3094 334.0
3095 334.0
3096 334.0
3097 334.0
3098 334.0
3099 334.0
3100 334.0
3101 334.0
3112 331.0
3113 331.0
3114 331.0
3115 331.0
3116 331.0
3117 331.0
3118 331.0
3119 331.0
3120 331.0
3121 331.0
3132 336.0
3133 336.0
3134 336.0
3135 336.0
3136 336.0
3137 336.0
3138 333.0
3139 333.0
3140 333.0
3141 333.0
3142 333.0
3143 333.0
3144 333.0
3145 333.0
3146 333.0
3147 333.0
3148 333.0
3159 331.0
3160 331.0
3161 331.0
3162 331.0
3163 331.0
3164 331.0
3165 331.0
3166 331.0
3167 331.0
3168 329.0
3169 329.0
3170 329.0
3171 329.0
3172 329.0
3173 329.0
3174 329.0
3175 329.0
3176 329.0
3177 329.0
3178 329.0
3189 332.0
3190 332.0
3191 332.0
3192 332.0
3193 332.0
3194 332.0
3195 332.0
3196 332.0
3197 332.0
3198 332.0
3209 336.0
3210 336.0
3211 336.0
3212 336.0
3213 336.0
3214 336.0
3215 336.0
3216 336.0
3217 336.0
3218 336.0
3229 335.0
3230 335.0
3231 329.0
3232 329.0
3233 329.0
3234 329.0
3235 329.0
3236 329.0
3237 329.0
3238 329.0
3239 329.0
3240 329.0
3241 329.0
3252 332.0
3253 332.0
3254 332.0
3255 332.0
3256 332.0
3257 332.0
3258 332.0
3259 332.0
3260 332.0
3261 332.0
3272 334.0
3273 334.0
3274 334.0
3275 334.0
3276 334.0
3277 334.0
3278 334.0
3279 334.0
3280 334.0
3281 334.0
3292 335.0
3293 335.0
3294 315.0
3295 315.0
3296 315.0
3297 315.0
3298 315.0
3299 315.0
3300 315.0
3301 315.0
3302 315.0
3303 315.0
3304 315.0
3315 315.0
3316 315.0
3317 315.0
3318 315.0
3319 315.0
3320 315.0
3321 315.0
3322 315.0
3323 315.0
3324 315.0
3335 320.0
3336 320.0
3337 316.0
3338 316.0
3339 316.0
3340 316.0
3341 316.0
3342 316.0
3343 316.0
3344 316.0
3345 316.0
3346 316.0
3347 316.0
3358 315.0
3359 315.0
3360 315.0
3361 315.0
3362 315.0
3363 315.0
3364 315.0
3365 315.0
3366 315.0
3367 315.0
3378 319.0
3379 319.0
3380 319.0
3381 319.0
3382 319.0
3383 319.0
3384 319.0
3385 319.0
3386 319.0
3387 319.0
3398 315.0
3399 315.0
3400 315.0
3401 315.0
3402 315.0
3403 315.0
3404 315.0
3405 315.0
3406 315.0
3407 315.0
3418 315.0
3419 315.0
3420 315.0
3421 315.0
3422 315.0
3423 315.0
3424 315.0
3425 315.0
3426 315.0
3427 315.0
3438 311.0
3439 311.0
3440 311.0
3441 311.0
3442 311.0
3443 311.0
3444 311.0
3445 311.0
3446 311.0
3447 311.0
3458 315.0
3459 315.0
3460 313.0
3461 313.0
3462 313.0
3463 313.0
3464 309.0
3465 309.0
3466 309.0
3467 309.0
3468 309.0
3469 309.0
3470 306.0
3471 306.0
3472 306.0
3473 306.0
3474 306.0
3475 306.0
3476 306.0
3477 306.0
3478 306.0
3479 306.0
3480 306.0
3491 315.0
3492 315.0
3493 315.0
3494 315.0
3495 315.0
3496 315.0
3497 315.0
3498 314.0
3499 314.0
3500 314.0
3501 314.0
3502 314.0
3503 314.0
3504 314.0
3505 314.0
3506 314.0
3507 314.0
3508 314.0
3519 307.0
3520 307.0
3521 307.0
3522 307.0
3523 307.0
3524 307.0
3525 307.0
3526 307.0
3527 307.0
3528 307.0
3539 312.0
3540 312.0
3541 312.0
3542 312.0
3543 312.0
3544 312.0
3545 312.0
3546 312.0
3547 312.0
3548 312.0
3559 275.0
3560 275.0
3561 275.0
3562 275.0
3563 275.0
3564 275.0
3565 275.0
3566 272.0
3567 272.0
3568 272.0
3569 267.0
3570 267.0
3571 267.0
3572 267.0
3573 267.0
3574 265.0
3575 265.0
3576 261.0
3577 261.0
3578 261.0
3579 261.0
3580 261.0
3581 261.0
3582 257.0
3583 257.0
3584 257.0
3585 257.0
3586 257.0
3587 257.0
3588 257.0
3589 257.0
3590 257.0
3591 257.0
3592 257.0
3603 247.0
3604 247.0
3605 247.0
3606 247.0
3607 247.0
3608 247.0
3609 247.0
3610 247.0
3611 246.0
3612 246.0
3613 246.0
3614 246.0
3615 246.0
3616 246.0
3617 246.0
3618 246.0
3619 246.0
3620 246.0
3621 246.0
3632 240.0
3633 240.0
3634 240.0
3635 240.0
3636 240.0
3637 240.0
3638 239.0
3639 239.0
3640 239.0
3641 239.0
3642 239.0
3643 239.0
3644 239.0
3645 239.0
3646 239.0
3647 239.0
3648 239.0
3659 239.0
3660 239.0
3661 239.0
3662 239.0
3663 239.0
3664 239.0
3665 239.0
3666 239.0
3667 239.0
3668 234.0
3669 234.0
3670 234.0
3671 234.0
3672 234.0
3673 234.0
3674 234.0
3675 234.0
3676 234.0
3677 234.0
3678 234.0
3689 234.0
3690 234.0
3691 234.0
3692 234.0
3693 234.0
3694 234.0
3695 234.0
3696 234.0
3697 234.0
3698 234.0
3709 233.0
3710 233.0
3711 233.0
3712 233.0
3713 233.0
3714 233.0
3715 233.0
3716 233.0
3717 233.0
3718 233.0
3719 233.0
3730 234.0
3731 234.0
3732 234.0
3733 234.0
3734 234.0
3735 234.0
3736 234.0
3737 234.0
3738 234.0
3739 234.0
3750 237.0
3751 237.0
3752 237.0
3753 237.0
3754 237.0
3755 236.0
3756 236.0
3757 236.0
3758 236.0
3759 236.0
3760 236.0
3761 236.0
3762 236.0
3763 236.0
3764 236.0
3765 236.0
3776 237.0
3777 237.0
3778 237.0
3779 237.0
3780 237.0
3781 236.0
3782 236.0
3783 236.0
3784 236.0
3785 236.0
3786 236.0
3787 236.0
3788 234.0
3789 234.0
3790 234.0
3791 234.0
3792 234.0
3793 234.0
3794 234.0
3795 234.0
3796 234.0
3797 234.0
3798 234.0
3809 235.0
3810 235.0
3811 235.0
3812 235.0
3813 233.0
3814 233.0
3815 232.0
3816 232.0
3817 232.0
3818 232.0
3819 232.0
3820 232.0
3821 232.0
3822 232.0
3823 232.0
3824 232.0
3825 232.0
3836 222.0
3837 222.0
3838 222.0
3839 222.0
3840 222.0
3841 222.0
3842 222.0
3843 222.0
3844 222.0
3845 222.0
3846 222.0
3857 225.0
3858 225.0
3859 225.0
3860 225.0
3861 225.0
3862 225.0
3863 225.0
3864 225.0
3865 225.0
3866 225.0
3877 218.0
3878 218.0
3879 218.0
3880 218.0
3881 218.0
3882 218.0
3883 218.0
3884 218.0
3885 218.0
3886 218.0
3897 222.0
3898 222.0
3899 222.0
3900 222.0
3901 222.0
3902 222.0
3903 222.0
3904 222.0
3905 222.0
3906 222.0
3917 221.0
3918 221.0
3919 221.0
3920 221.0
3921 221.0
3922 221.0
3923 221.0
3924 221.0
3925 221.0
3926 221.0
3937 220.0
3938 220.0
3939 220.0
3940 220.0
3941 220.0
3942 220.0
3943 220.0
3944 220.0
3945 220.0
3946 220.0
3957 221.0
3958 221.0
3959 221.0
3960 221.0
3961 221.0
3962 221.0
3963 221.0
3964 221.0
3965 221.0
3966 221.0
3977 219.0
3978 219.0
3979 219.0
3980 219.0
3981 219.0
3982 219.0
3983 219.0
3984 219.0
3985 219.0
3986 219.0
3997 213.0
3998 213.0
3999 206.0
4000 206.0
4001 206.0
4002 206.0
4003 206.0
4004 206.0
4005 206.0
4006 206.0
4007 206.0
4008 206.0
4009 206.0
4020 207.0
4021 207.0
4022 207.0
4023 207.0
4024 207.0
4025 207.0
4026 207.0
4027 207.0
4028 207.0
4029 207.0
4040 211.0
4041 211.0
4042 211.0
4043 211.0
4044 211.0
4045 209.0
4046 205.0
4047 205.0
4048 205.0
4049 205.0
4050 205.0
4051 205.0
4052 205.0
4053 205.0
4054 205.0
4055 205.0
4056 205.0
4067 207.0
4068 207.0
4069 207.0
4070 206.0
4071 206.0
4072 206.0
4073 206.0
4074 206.0
4075 206.0
4076 206.0
4077 206.0
4078 206.0
4079 206.0
4080 206.0
4091 208.0
4092 208.0
4093 208.0
4094 208.0
4095 208.0
4096 208.0
4097 208.0
4098 208.0
4099 208.0
4100 208.0
4111 205.0
4112 205.0
4113 205.0
4114 205.0
4115 205.0
4116 205.0
4117 205.0
4118 205.0
4119 205.0
4120 205.0
4131 208.0
4132 208.0
4133 208.0
4134 205.0
4135 205.0
4136 205.0
4137 205.0
4138 205.0
4139 205.0
4140 205.0
4141 205.0
4142 205.0
4143 205.0
4144 205.0
4155 206.0
4156 206.0
4157 206.0
4158 206.0
4159 206.0
4160 206.0
4161 206.0
4162 206.0
4163 206.0
4164 206.0
4175 209.0
4176 209.0
4177 209.0
4178 209.0
4179 209.0
4180 209.0
4181 209.0
4182 206.0
4183 206.0
4184 206.0
4185 206.0
4186 206.0
4187 206.0
4188 206.0
4189 206.0
4190 206.0
4191 206.0
4192 206.0
4203 208.0
4204 208.0
4205 208.0
4206 208.0
4207 208.0
4208 208.0
4209 208.0
4210 206.0
4211 206.0
4212 206.0
4213 206.0
4214 205.0
4215 205.0
4216 205.0
4217 205.0
4218 205.0
4219 205.0
4220 205.0
4221 205.0
4222 205.0
4223 205.0
4224 205.0
4235 209.0
4236 209.0
4237 209.0
4238 209.0
4239 209.0
4240 209.0
4241 209.0
4242 209.0
4243 209.0
4244 209.0
4255 206.0
4256 206.0
4257 206.0
4258 206.0
4259 206.0
4260 206.0
4261 206.0
4262 206.0
4263 206.0
4264 206.0
4275 210.0
4276 210.0
4277 210.0
4278 210.0
4279 210.0
4280 210.0
4281 210.0
4282 210.0
4283 210.0
4284 210.0
4295 210.0
4296 210.0
4297 210.0
4298 210.0
4299 210.0
4300 210.0
4301 205.0
4302 205.0
4303 205.0
4304 205.0
4305 205.0
4306 205.0
4307 205.0
4308 205.0
4309 205.0
4310 205.0
4311 205.0
4322 205.0
4323 205.0
4324 205.0
4325 205.0
4326 205.0
4327 205.0
4328 205.0
4329 205.0
4330 205.0
4331 205.0
4342 205.0
4343 205.0
4344 205.0
4345 205.0
4346 205.0
4347 205.0
4348 205.0
4349 205.0
4350 205.0
4351 205.0
4362 205.0
4363 205.0
4364 205.0
4365 205.0
4366 204.0
4367 204.0
4368 204.0
4369 204.0
4370 204.0
4371 204.0
4372 204.0
4373 204.0
4374 204.0
4375 204.0
4376 204.0
4387 203.0
4388 203.0
4389 203.0
4390 203.0
4391 203.0
4392 203.0
4393 203.0
4394 203.0
4395 203.0
4396 203.0
4407 201.0
4408 201.0
4409 201.0
4410 201.0
4411 201.0
4412 201.0
4413 201.0
4414 201.0
4415 201.0
4416 201.0
4427 202.0
4428 202.0
4429 202.0
4430 202.0
4431 202.0
4432 202.0
4433 202.0
4434 202.0
4435 202.0
4436 202.0
4447 204.0
4448 204.0
4449 204.0
4450 204.0
4451 204.0
4452 204.0
4453 204.0
4454 204.0
4455 204.0
4456 204.0
4467 201.0
4468 201.0
4469 201.0
4470 201.0
4471 201.0
4472 201.0
4473 201.0
4474 201.0
4475 201.0
4476 201.0
4487 202.0
4488 202.0
4489 202.0
4490 202.0
4491 202.0
4492 202.0
4493 202.0
4494 202.0
4495 202.0
4496 202.0
4507 203.0
4508 202.0
4509 202.0
4510 202.0
4511 202.0
4512 202.0
4513 202.0
4514 202.0
4515 202.0
4516 202.0
4517 202.0
4518 202.0
4529 204.0
4530 200.0
4531 200.0
4532 200.0
4533 200.0
4534 200.0
4535 200.0
4536 200.0
4537 200.0
4538 200.0
4539 200.0
4540 200.0
4551 200.0
4552 200.0
4553 200.0
4554 200.0
4555 200.0
4556 200.0
4557 200.0
4558 200.0
4559 200.0
4560 200.0
4571 201.0
4572 200.0
4573 199.0
4574 199.0
4575 198.0
4576 198.0
4577 198.0
4578 198.0
4579 196.0
4580 196.0
4581 196.0
4582 196.0
4583 196.0
4584 196.0
4585 196.0
4586 196.0
4587 196.0
4588 196.0
4589 196.0
4600 195.0
4601 195.0
4602 195.0
4603 195.0
4604 195.0
4605 195.0
4606 195.0
4607 195.0
4608 195.0
4609 195.0
4620 196.0
4621 196.0
4622 196.0
4623 196.0
4624 196.0
4625 196.0
4626 196.0
4627 196.0
4628 196.0
4629 196.0
4640 199.0
4641 199.0
4642 199.0
4643 199.0
4644 199.0
4645 199.0
4646 199.0
4647 199.0
4648 197.0
4649 197.0
4650 197.0
4651 197.0
4652 197.0
4653 197.0
4654 197.0
4655 197.0
4656 197.0
4657 197.0
4658 197.0
4669 199.0
4670 199.0
4671 199.0
4672 199.0
4673 199.0
4674 199.0
4675 199.0
4676 197.0
4677 197.0
4678 197.0
4679 197.0
4680 197.0
4681 197.0
4682 197.0
4683 197.0
4684 197.0
4685 197.0
4686 197.0
4697 197.0
4698 197.0
4699 197.0
4700 197.0
4701 197.0
4702 197.0
4703 197.0
4704 197.0
4705 197.0
4706 197.0
4717 199.0
4718 199.0
4719 199.0
4720 199.0
4721 199.0
4722 199.0
4723 199.0
4724 199.0
4725 199.0
4726 199.0
4737 197.0
4738 197.0
4739 197.0
4740 197.0
4741 197.0
4742 197.0
4743 197.0
4744 197.0
4745 197.0
4746 197.0
4757 199.0
4758 199.0
4759 199.0
4760 199.0
4761 199.0
4762 199.0
4763 199.0
4764 199.0
4765 199.0
4766 199.0
4777 199.0
4778 199.0
4779 199.0
4780 196.0
4781 196.0
4782 196.0
4783 196.0
4784 196.0
4785 196.0
4786 196.0
4787 196.0
4788 196.0
4789 196.0
4790 196.0
4801 199.0
4802 199.0
4803 199.0
4804 199.0
4805 199.0
4806 199.0
4807 199.0
4808 199.0
4809 199.0
4810 199.0
4821 196.0
4822 196.0
4823 196.0
4824 196.0
4825 196.0
4826 196.0
4827 196.0
4828 196.0
4829 196.0
4830 196.0
4841 199.0
4842 199.0
4843 199.0
4844 199.0
4845 199.0
4846 199.0
4847 199.0
4848 199.0
4849 199.0
4850 199.0
4861 199.0
4862 199.0
4863 199.0
4864 199.0
4865 199.0
4866 199.0
4867 199.0
4868 199.0
4869 199.0
4870 199.0
4881 199.0
4882 199.0
4883 199.0
4884 199.0
4885 199.0
4886 199.0
4887 199.0
4888 199.0
4889 199.0
4890 197.0
4891 197.0
4892 197.0
4893 197.0
4894 197.0
4895 197.0
4896 197.0
4897 197.0
4898 197.0
4899 197.0
4900 197.0
4911 199.0
4912 199.0
4913 199.0
4914 199.0
4915 199.0
4916 199.0
4917 199.0
4918 199.0
4919 199.0
4920 199.0
4931 199.0
4932 199.0
4933 199.0
4934 199.0
4935 199.0
4936 199.0
4937 199.0
4938 197.0
4939 197.0
4940 197.0
4941 197.0
4942 197.0
4943 197.0
4944 197.0
4945 197.0
4946 197.0
4947 197.0
4948 197.0
4959 197.0
4960 197.0
4961 197.0
4962 197.0
4963 197.0
4964 197.0
4965 197.0
4966 197.0
4967 197.0
4968 197.0
4979 199.0
4980 199.0
4981 199.0
4982 199.0
4983 199.0
4984 199.0
4985 199.0
4986 196.0
4987 196.0
4988 196.0
4989 196.0
4990 196.0
4991 196.0
4992 196.0
4993 196.0
4994 196.0
4995 196.0
4996 196.0
