0 5
1 5
2 5
3 5
4 5
5 5
6 5
7 5
8 5
9 6
10 6
11 6
12 7
13 7
14 7
15 7
16 8
17 8
18 8
19 8
20 8
21 8
22 8
23 8
24 8
25 8
26 8
37 12
38 12
39 12
40 13
41 13
42 13
43 13
44 13
45 13
46 13
47 13
48 14
49 14
50 14
51 14
52 14
53 14
54 14
55 14
56 14
57 14
58 14
69 15
70 15
71 15
72 15
73 15
74 15
75 15
76 16
77 16
78 16
79 16
80 16
81 16
82 16
83 16
84 16
85 16
86 16
97 18
98 19
99 19
100 19
101 19
102 19
103 19
104 19
105 19
106 19
107 19
108 19
119 19
120 19
121 19
122 19
123 19
124 19
125 19
126 19
127 19
128 19
139 20
140 20
141 20
142 20
143 20
144 20
145 20
146 21
147 21
148 22
149 22
150 22
151 22
152 22
153 22
154 22
155 22
156 22
157 22
158 22
169 21
170 21
171 21
172 21
173 21
174 22
175 22
176 22
177 22
178 22
179 22
180 22
181 22
182 22
183 22
184 22
195 21
196 21
197 21
198 21
199 21
200 21
201 21
202 21
203 21
204 21
215 21
216 21
217 21
218 21
219 21
220 21
221 21
222 22
223 22
224 22
225 22
226 22
227 22
228 23
229 23
230 23
231 23
232 23
233 23
234 23
235 23
236 24
237 24
238 24
239 24
240 24
241 24
242 24
243 24
244 24
245 24
246 24
257 24
258 24
259 24
260 24
261 24
262 24
263 24
264 24
265 24
266 24
277 24
278 24
279 24
280 24
281 24
282 24
283 24
284 24
285 24
286 25
287 25
288 25
289 25
290 25
291 25
292 25
293 25
294 25
295 25
296 25
307 26
308 26
309 26
310 26
311 26
312 26
313 26
314 26
315 26
316 26
317 26
328 25
329 25
330 25
331 25
332 25
333 25
334 25
335 25
336 26
337 26
338 26
339 26
340 26
341 26
342 27
343 27
344 27
345 27
346 27
347 27
348 27
349 27
350 27
351 27
352 27
363 27
364 27
365 27
366 27
367 27
368 27
369 27
370 27
371 27
372 27
383 26
384 26
385 26
386 26
387 26
388 26
389 27
390 27
391 27
392 27
393 27
394 27
395 27
396 27
397 27
398 27
399 27
410 27
411 27
412 27
413 27
414 27
415 27
416 27
417 27
418 27
419 27
430 28
431 28
432 28
433 28
434 28
435 28
436 28
437 28
438 28
439 28
450 28
451 28
452 28
453 28
454 28
455 28
456 28
457 28
458 28
459 28
470 28
471 28
472 28
473 28
474 28
475 28
476 28
477 28
478 28
479 28
490 27
491 27
492 27
493 27
494 27
495 27
496 28
497 28
498 28
499 28
500 28
501 28
502 28
503 28
504 28
505 28
506 28
517 28
518 28
519 28
520 28
521 28
522 28
523 28
524 28
525 28
526 28
537 28
538 28
539 28
540 28
541 28
542 28
543 28
544 28
545 28
546 28
557 28
558 28
559 28
560 28
561 28
562 28
563 28
564 28
565 28
566 28
577 27
578 27
579 27
580 27
581 27
582 27
583 27
584 27
585 27
586 27
597 28
598 28
599 28
600 28
601 28
602 28
603 28
604 28
605 28
606 28
617 27
618 27
619 27
620 27
621 27
622 27
623 27
624 27
625 27
626 27
637 27
638 27
639 28
640 28
641 28
642 28
643 28
644 28
645 28
646 28
647 28
648 28
649 28
660 27
661 27
662 27
663 27
664 27
665 27
666 27
667 27
668 27
669 27
680 26
681 26
682 26
683 27
684 27
685 27
686 27
687 27
688 27
689 27
690 27
691 27
692 27
693 27
704 27
705 27
706 27
707 27
708 27
709 28
710 28
711 28
712 28
713 28
714 28
715 28
716 28
717 28
718 28
719 28
730 28
731 28
732 28
733 28
734 28
735 28
736 28
737 28
738 28
739 28
750 29
751 29
752 29
753 29
754 29
755 29
756 29
757 29
758 29
759 29
770 29
771 29
772 29
773 29
774 29
775 29
776 29
777 29
778 29
779 29
790 28
791 28
792 28
793 28
794 28
795 28
796 28
797 28
798 28
799 28
810 27
811 27
812 27
813 27
814 28
815 28
816 28
817 28
818 28
819 28
820 28
821 28
822 28
823 28
824 28
835 27
836 27
837 27
838 27
839 27
840 27
841 27
842 27
843 27
844 27
855 28
856 28
857 28
858 28
859 28
860 28
861 28
862 28
863 28
864 28
875 28
876 28
877 28
878 28
879 28
880 28
881 28
882 28
883 28
884 28
895 28
896 28
897 28
898 28
899 28
900 28
901 28
902 28
903 28
904 28
915 27
916 27
917 27
918 27
919 27
920 27
921 27
922 27
923 27
924 27
935 27
936 27
937 27
938 27
939 27
940 27
941 27
942 27
943 27
944 27
955 28
956 28
957 28
958 28
959 28
960 28
961 28
962 28
963 28
964 28
975 27
976 27
977 27
978 27
979 27
980 27
981 27
982 27
983 27
984 28
985 28
986 28
987 28
988 28
989 28
990 28
991 28
992 28
993 28
994 28
1005 27
1006 27
1007 27
1008 27
1009 27
1010 27
1011 27
1012 27
1013 28
1014 28
1015 28
1016 28
1017 28
1018 28
1019 28
1020 28
1021 28
1022 28
1023 28
1034 28
1035 28
1036 28
1037 28
1038 28
1039 28
1040 28
1041 28
1042 28
1043 28
1054 28
1055 28
1056 28
1057 28
1058 28
1059 28
1060 28
1061 28
1062 28
1063 28
1074 27
1075 27
1076 27
1077 27
1078 27
1079 27
1080 27
1081 27
1082 27
1083 27
1094 27
1095 27
1096 27
1097 27
1098 27
1099 27
1100 27
1101 27
1102 27
1103 27
1114 27
1115 27
1116 27
1117 27
1118 27
1119 27
1120 27
1121 27
1122 27
1123 27
1134 27
1135 27
1136 27
1137 27
1138 28
1139 28
1140 28
1141 28
1142 28
1143 28
1144 28
1145 28
1146 28
1147 28
1148 28
1159 29
1160 29
1161 29
1162 29
1163 29
1164 29
1165 29
1166 29
1167 29
1168 29
1179 29
1180 29
1181 29
1182 29
1183 29
1184 29
1185 29
1186 29
1187 29
1188 29
1199 29
1200 29
1201 29
1202 29
1203 29
1204 29
1205 29
1206 29
1207 29
1208 29
1219 29
1220 29
1221 29
1222 29
1223 29
1224 29
1225 29
1226 29
1227 29
1228 29
1239 28
1240 28
1241 28
1242 28
1243 28
1244 28
1245 28
1246 28
1247 29
1248 29
1249 29
1250 29
1251 29
1252 29
1253 29
1254 29
1255 29
1256 29
1257 29
1268 28
1269 28
1270 28
1271 28
1272 28
1273 28
1274 28
1275 28
1276 28
1277 28
1288 29
1289 29
1290 29
1291 29
1292 29
1293 29
1294 29
1295 29
1296 29
1297 29
1308 28
1309 29
1310 29
1311 29
1312 29
1313 29
1314 29
1315 29
1316 29
1317 29
1318 29
1319 29
1330 29
1331 29
1332 29
1333 29
1334 29
1335 29
1336 29
1337 29
1338 29
1339 29
1350 29
1351 29
1352 29
1353 29
1354 29
1355 29
1356 29
1357 29
1358 29
1359 29
1360 29
1371 29
1372 29
1373 29
1374 29
1375 29
1376 29
1377 29
1378 29
1379 29
1380 29
1391 29
1392 29
1393 29
1394 29
1395 29
1396 29
1397 29
1398 29
1399 29
1400 29
1411 28
1412 28
1413 28
1414 28
1415 28
1416 28
1417 28
1418 28
1419 28
1420 28
1431 29
1432 29
1433 29
1434 29
1435 29
1436 29
1437 29
1438 29
1439 29
1440 29
1451 29
1452 29
1453 29
1454 29
1455 29
1456 29
1457 29
1458 29
1459 29
1460 29
1471 28
1472 28
1473 28
1474 28
1475 28
1476 28
1477 28
1478 28
1479 28
1480 28
1491 28
1492 28
1493 28
1494 28
1495 28
1496 28
1497 28
1498 28
1499 28
1500 28
1511 28
1512 28
1513 28
1514 28
1515 28
1516 29
1517 29
1518 29
1519 29
1520 29
1521 29
1522 29
1523 29
1524 29
1525 29
1526 29
1537 29
1538 29
1539 29
1540 29
1541 29
1542 29
1543 29
1544 29
1545 29
1546 29
1557 28
1558 28
1559 28
1560 28
1561 28
1562 28
1563 28
1564 28
1565 29
1566 29
1567 29
1568 29
1569 29
1570 29
1571 29
1572 29
1573 29
1574 29
1575 29
1586 29
1587 29
1588 29
1589 29
1590 29
1591 29
1592 29
1593 29
1594 29
1595 29
1606 28
1607 28
1608 28
1609 28
1610 28
1611 28
1612 28
1613 28
1614 28
1615 28
1626 28
1627 28
1628 28
1629 28
1630 28
1631 28
1632 28
1633 28
1634 28
1635 28
1646 28
1647 28
1648 28
1649 28
1650 28
1651 28
1652 28
1653 28
1654 29
1655 29
1656 29
1657 29
1658 29
1659 29
1660 29
1661 29
1662 29
1663 29
1664 29
1675 29
1676 29
1677 29
1678 29
1679 29
1680 29
1681 30
1682 30
1683 30
1684 30
1685 30
1686 30
1687 30
1688 30
1689 30
1690 30
1691 30
1702 30
1703 30
1704 30
1705 30
1706 30
1707 30
1708 30
1709 30
1710 30
1711 30
1722 29
1723 30
1724 30
1725 30
1726 30
1727 30
1728 30
1729 30
1730 30
1731 30
1732 30
1733 30
1744 30
1745 30
1746 30
1747 30
1748 30
1749 30
1750 30
1751 30
1752 30
1753 30
1764 30
1765 30
1766 30
1767 30
1768 30
1769 30
1770 30
1771 30
1772 30
1773 30
1784 30
1785 30
1786 30
1787 30
1788 30
1789 30
1790 30
1791 30
1792 30
1793 30
1804 30
1805 30
1806 30
1807 30
1808 30
1809 30
1810 30
1811 30
1812 30
1813 30
1824 30
1825 30
1826 30
1827 30
1828 30
1829 30
1830 30
1831 30
1832 30
1833 30
1844 29
1845 29
1846 29
1847 29
1848 29
1849 29
1850 29
1851 29
1852 29
1853 29
1864 28
1865 28
1866 28
1867 28
1868 28
1869 28
1870 28
1871 28
1872 28
1873 28
1884 28
1885 28
1886 28
1887 28
1888 28
1889 28
1890 28
1891 28
1892 28
1893 28
1904 28
1905 28
1906 28
1907 28
1908 28
1909 28
1910 28
1911 28
1912 28
1913 28
1924 28
1925 28
1926 28
1927 28
1928 28
1929 28
1930 28
1931 28
1932 28
1933 28
1944 29
1945 29
1946 29
1947 29
1948 29
1949 29
1950 29
1951 29
1952 29
1953 29
1964 29
1965 29
1966 29
1967 29
1968 29
1969 29
1970 29
1971 29
1972 29
1973 29
1984 28
1985 28
1986 28
1987 28
1988 28
1989 28
1990 28
1991 28
1992 28
1993 28
2004 30
2005 30
2006 30
2007 30
2008 30
2009 30
2010 30
2011 30
2012 30
2013 30
2024 30
2025 30
2026 30
2027 30
2028 30
2029 30
2030 30
2031 30
2032 30
2033 30
2044 30
2045 30
2046 30
2047 30
2048 30
2049 30
2050 30
2051 30
2052 30
2053 30
2064 30
2065 30
2066 30
2067 30
2068 30
2069 30
2070 30
2071 30
2072 30
2073 30
2084 30
2085 30
2086 30
2087 30
2088 30
2089 30
2090 30
2091 30
2092 30
2093 30
2104 30
2105 30
2106 30
2107 30
2108 30
2109 30
2110 30
2111 30
2112 30
2113 30
2124 30
2125 30
2126 30
2127 30
2128 30
2129 30
2130 30
2131 30
2132 30
2133 30
2144 30
2145 30
2146 30
2147 30
2148 30
2149 30
2150 30
2151 30
2152 30
2153 30
2164 30
2165 30
2166 30
2167 30
2168 30
2169 30
2170 30
2171 30
2172 30
2173 30
2184 30
2185 30
2186 30
2187 30
2188 30
2189 30
2190 30
2191 30
2192 30
2193 30
2204 29
2205 29
2206 29
2207 29
2208 29
2209 29
2210 29
2211 29
2212 29
2213 29
2224 29
2225 29
2226 29
2227 29
2228 29
2229 29
2230 29
2231 29
2232 29
2233 29
2244 29
2245 29
2246 29
2247 29
2248 29
2249 29
2250 29
2251 29
2252 29
2253 29
2264 28
2265 28
2266 29
2267 29
2268 29
2269 29
2270 29
2271 29
2272 29
2273 29
2274 29
2275 29
2276 29
2287 27
2288 27
2289 27
2290 27
2291 27
2292 27
2293 27
2294 27
2295 27
2296 27
2307 28
2308 28
2309 28
2310 28
2311 28
2312 28
2313 28
2314 28
2315 28
2316 28
2327 28
2328 28
2329 28
2330 28
2331 28
2332 28
2333 28
2334 28
2335 28
2336 28
2347 29
2348 29
2349 29
2350 29
2351 29
2352 29
2353 29
2354 29
2355 29
2356 29
2367 29
2368 29
2369 29
2370 29
2371 29
2372 29
2373 29
2374 29
2375 29
2376 29
2387 29
2388 29
2389 29
2390 29
2391 29
2392 29
2393 29
2394 29
2395 29
2396 29
2407 29
2408 30
2409 30
2410 30
2411 30
2412 30
2413 30
2414 30
2415 30
2416 30
2417 30
2418 30
2429 29
2430 29
2431 29
2432 29
2433 29
2434 29
2435 29
2436 30
2437 30
2438 30
2439 30
2440 30
2441 30
2442 30
2443 30
2444 30
2445 30
2446 30
2457 29
2458 29
2459 29
2460 29
2461 29
2462 30
2463 30
2464 30
2465 30
2466 30
2467 30
2468 30
2469 30
2470 30
2471 30
2472 30
2483 30
2484 30
2485 30
2486 30
2487 30
2488 30
2489 30
2490 31
2491 31
2492 31
2493 31
2494 31
2495 31
2496 31
2497 31
2498 31
2499 31
2500 31
2511 31
2512 31
2513 31
2514 31
2515 31
2516 31
2517 31
2518 31
2519 31
2520 31
2531 31
2532 31
2533 31
2534 31
2535 31
2536 31
2537 31
2538 31
2539 31
2540 31
2551 30
2552 30
2553 30
2554 30
2555 30
2556 30
2557 30
2558 30
2559 30
2560 30
2571 31
2572 31
2573 31
2574 31
2575 31
2576 31
2577 31
2578 31
2579 31
2580 31
2591 31
2592 31
2593 31
2594 31
2595 31
2596 31
2597 31
2598 31
2599 31
2600 31
2611 31
2612 31
2613 31
2614 31
2615 31
2616 31
2617 31
2618 31
2619 31
2620 31
2631 30
2632 30
2633 30
2634 30
2635 30
2636 30
2637 30
2638 31
2639 31
2640 31
2641 31
2642 31
2643 31
2644 31
2645 31
2646 31
2647 31
2648 31
2659 30
2660 31
2661 31
2662 31
2663 31
2664 31
2665 31
2666 31
2667 31
2668 31
2669 31
2670 31
2681 31
2682 31
2683 31
2684 31
2685 31
2686 31
2687 31
2688 31
2689 31
2690 31
2701 31
2702 31
2703 31
2704 31
2705 31
2706 31
2707 31
2708 31
2709 31
2710 31
2721 31
2722 31
2723 31
2724 31
2725 31
2726 31
2727 31
2728 31
2729 31
2730 31
2741 31
2742 31
2743 31
2744 31
2745 31
2746 31
2747 31
2748 31
2749 31
2750 31
2761 31
2762 31
2763 31
2764 31
2765 31
2766 31
2767 31
2768 31
2769 31
2770 31
2781 30
2782 31
2783 31
2784 31
2785 31
2786 31
2787 31
2788 31
2789 31
2790 31
2791 31
2792 31
2803 31
2804 31
2805 31
2806 31
2807 31
2808 31
2809 31
2810 31
2811 31
2812 31
2823 31
2824 31
2825 31
2826 31
2827 31
2828 31
2829 31
2830 31
2831 31
2832 31
2843 31
2844 31
2845 31
2846 31
2847 31
2848 31
2849 31
2850 31
2851 31
2852 31
2863 31
2864 31
2865 31
2866 31
2867 31
2868 31
2869 31
2870 31
2871 31
2872 31
2883 30
2884 30
2885 30
2886 30
2887 30
2888 30
2889 30
2890 30
2891 30
2892 30
2903 30
2904 31
2905 31
2906 31
2907 31
2908 31
2909 31
2910 31
2911 31
2912 31
2913 31
2914 31
2925 31
2926 31
2927 31
2928 31
2929 31
2930 31
2931 31
2932 31
2933 31
2934 31
2945 31
2946 31
2947 31
2948 31
2949 31
2950 31
2951 31
2952 31
2953 31
2954 31
2965 31
2966 31
2967 31
2968 31
2969 31
2970 31
2971 31
2972 31
2973 31
2974 31
2985 30
2986 30
2987 30
2988 30
2989 30
2990 30
2991 30
2992 30
2993 30
2994 30
3005 31
3006 31
3007 31
3008 31
3009 31
3010 31
3011 31
3012 31
3013 31
3014 31
3025 30
3026 30
3027 30
3028 30
3029 30
3030 30
3031 30
3032 30
3033 30
3034 30
3045 30
3046 30
3047 30
3048 30
3049 30
3050 30
3051 30
3052 30
3053 30
3054 30
3065 30
3066 30
3067 30
3068 30
3069 30
3070 30
3071 30
3072 30
3073 31
3074 31
3075 31
3076 31
3077 31
3078 31
3079 31
3080 31
3081 31
3082 31
3083 31
3094 31
3095 31
3096 31
3097 31
3098 31
3099 31
3100 31
3101 31
3102 31
3103 31
3114 31
3115 31
3116 31
3117 31
3118 31
3119 31
3120 31
3121 31
3122 31
3123 31
3134 31
3135 31
3136 31
3137 31
3138 31
3139 31
3140 31
3141 31
3142 31
3143 31
3154 31
3155 31
3156 31
3157 31
3158 31
3159 31
3160 31
3161 31
3162 31
3163 31
3174 31
3175 31
3176 31
3177 31
3178 31
3179 31
3180 31
3181 31
3182 31
3183 31
3194 31
3195 31
3196 31
3197 31
3198 31
3199 31
3200 31
3201 31
3202 31
3203 31
3214 30
3215 30
3216 30
3217 30
3218 30
3219 30
3220 30
3221 30
3222 30
3223 30
3234 29
3235 29
3236 29
3237 29
3238 29
3239 29
3240 29
3241 29
3242 29
3243 30
3244 30
3245 30
3246 30
3247 30
3248 30
3249 30
3250 30
3251 30
3252 30
3253 30
3264 31
3265 31
3266 31
3267 31
3268 31
3269 31
3270 31
3271 31
3272 31
3273 31
3284 31
3285 31
3286 31
3287 31
3288 31
3289 31
3290 31
3291 31
3292 31
3293 31
3304 31
3305 31
3306 31
3307 31
3308 31
3309 31
3310 31
3311 31
3312 31
3313 31
3324 31
3325 31
3326 31
3327 31
3328 31
3329 31
3330 31
3331 31
3332 31
3333 31
3344 31
3345 32
3346 32
3347 32
3348 32
3349 32
3350 32
3351 32
3352 32
3353 32
3354 32
3355 32
3366 32
3367 32
3368 32
3369 32
3370 32
3371 32
3372 32
3373 32
3374 32
3375 32
3386 32
3387 32
3388 32
3389 32
3390 32
3391 32
3392 32
3393 32
3394 32
3395 32
3406 32
3407 32
3408 32
3409 32
3410 32
3411 32
3412 32
3413 32
3414 32
3415 32
3426 32
3427 32
3428 32
3429 32
3430 32
3431 32
3432 32
3433 32
3434 32
3435 32
3436 32
3447 32
3448 32
3449 32
3450 32
3451 32
3452 32
3453 32
3454 32
3455 32
3456 32
3467 32
3468 32
3469 32
3470 32
3471 32
3472 32
3473 32
3474 32
3475 32
3476 32
3487 31
3488 31
3489 31
3490 32
3491 32
3492 32
3493 32
3494 32
3495 32
3496 32
3497 32
3498 32
3499 32
3500 32
3511 31
3512 31
3513 31
3514 31
3515 31
3516 31
3517 31
3518 32
3519 32
3520 32
3521 32
3522 32
3523 32
3524 32
3525 32
3526 32
3527 32
3528 32
3539 32
3540 32
3541 32
3542 32
3543 32
3544 32
3545 32
3546 32
3547 32
3548 32
3559 32
3560 32
3561 32
3562 32
3563 32
3564 32
3565 32
3566 32
3567 32
3568 32
3579 32
3580 32
3581 32
3582 32
3583 32
3584 32
3585 32
3586 32
3587 32
3588 32
3599 31
3600 31
3601 31
3602 31
3603 31
3604 31
3605 31
3606 31
3607 31
3608 31
3619 32
3620 32
3621 32
3622 32
3623 32
3624 32
3625 32
3626 32
3627 32
3628 32
3639 32
3640 32
3641 32
3642 32
3643 32
3644 32
3645 32
3646 32
3647 32
3648 32
3659 32
3660 32
3661 32
3662 32
3663 32
3664 32
3665 32
3666 32
3667 32
3668 32
3679 31
3680 31
3681 31
3682 31
3683 31
3684 32
3685 32
3686 32
3687 32
3688 32
3689 32
3690 32
3691 32
3692 32
3693 32
3694 32
3705 32
3706 32
3707 32
3708 32
3709 32
3710 32
3711 32
3712 32
3713 32
3714 32
3725 32
3726 32
3727 32
3728 32
3729 32
3730 32
3731 32
3732 32
3733 32
3734 32
3745 32
3746 32
3747 32
3748 32
3749 32
3750 32
3751 32
3752 32
3753 32
3754 32
3765 31
3766 31
3767 31
3768 31
3769 31
3770 31
3771 31
3772 31
3773 31
3774 31
3785 32
3786 32
3787 32
3788 32
3789 32
3790 32
3791 32
3792 32
3793 32
3794 32
3805 31
3806 31
3807 31
3808 31
3809 31
3810 32
3811 32
3812 32
3813 32
3814 32
3815 32
3816 32
3817 32
3818 32
3819 32
3820 32
3831 31
3832 32
3833 32
3834 32
3835 32
3836 32
3837 32
3838 32
3839 32
3840 32
3841 32
3842 32
3853 31
3854 31
3855 31
3856 31
3857 31
3858 33
3859 33
3860 33
3861 33
3862 33
3863 33
3864 33
3865 33
3866 33
3867 33
3868 33
3879 32
3880 32
3881 32
3882 32
3883 32
3884 32
3885 33
3886 33
3887 33
3888 33
3889 33
3890 33
3891 33
3892 33
3893 33
3894 33
3895 33
3906 33
3907 33
3908 33
3909 33
3910 33
3911 33
3912 33
3913 33
3914 33
3915 33
3926 32
3927 32
3928 32
3929 32
3930 32
3931 32
3932 32
3933 32
3934 33
3935 33
3936 33
3937 33
3938 33
3939 33
3940 33
3941 33
3942 33
3943 33
3944 33
3955 33
3956 33
3957 33
3958 33
3959 33
3960 33
3961 33
3962 33
3963 33
3964 33
3975 32
3976 32
3977 32
3978 32
3979 32
3980 32
3981 32
3982 32
3983 32
3984 32
3995 31
3996 31
3997 31
3998 31
3999 31
4000 31
4001 31
4002 31
4003 31
4004 31
4015 32
4016 32
4017 32
4018 32
4019 32
4020 32
4021 32
4022 32
4023 32
4024 32
4035 32
4036 32
4037 32
4038 32
4039 32
4040 32
4041 32
4042 32
4043 32
4044 32
4055 32
4056 32
4057 32
4058 32
4059 32
4060 32
4061 32
4062 32
4063 32
4064 32
4075 30
4076 30
4077 30
4078 30
4079 30
4080 30
4081 30
4082 30
4083 30
4084 30
4095 30
4096 30
4097 30
4098 30
4099 30
4100 31
4101 31
4102 31
4103 31
4104 31
4105 31
4106 31
4107 31
4108 31
4109 31
4110 32
4111 32
4112 32
4113 32
4114 32
4115 33
4116 33
4117 33
4118 33
4119 33
4120 33
4121 33
4122 33
4123 33
4124 33
4125 34
4126 34
4127 34
4128 34
4129 34
4130 34
4131 34
4132 34
4133 34
4134 34
4135 34
4146 33
4147 33
4148 33
4149 33
4150 33
4151 33
4152 33
4153 33
4154 33
4155 33
4166 34
4167 34
4168 34
4169 34
4170 34
4171 34
4172 34
4173 34
4174 34
4175 34
4186 34
4187 34
4188 34
4189 34
4190 34
4191 34
4192 34
4193 34
4194 34
4195 34
4206 34
4207 34
4208 34
4209 34
4210 34
4211 34
4212 34
4213 34
4214 34
4215 34
4226 34
4227 34
4228 34
4229 34
4230 34
4231 34
4232 34
4233 34
4234 34
4235 34
4246 34
4247 34
4248 34
4249 34
4250 34
4251 34
4252 34
4253 34
4254 34
4255 34
4266 34
4267 34
4268 34
4269 34
4270 34
4271 34
4272 34
4273 34
4274 34
4275 34
4286 33
4287 33
4288 33
4289 33
4290 33
4291 33
4292 33
4293 33
4294 33
4295 33
4306 34
4307 34
4308 34
4309 34
4310 34
4311 34
4312 34
4313 34
4314 34
4315 34
4326 33
4327 34
4328 34
4329 34
4330 34
4331 34
4332 34
4333 34
4334 34
4335 34
4336 34
4337 34
4348 33
4349 33
4350 33
4351 33
4352 33
4353 33
4354 33
4355 33
4356 33
4357 33
4368 34
4369 34
4370 34
4371 34
4372 34
4373 34
4374 34
4375 34
4376 34
4377 34
4388 34
4389 34
4390 34
4391 34
4392 34
4393 34
4394 34
4395 34
4396 34
4397 34
4408 34
4409 34
4410 34
4411 34
4412 34
4413 34
4414 34
4415 34
4416 34
4417 34
4428 33
4429 34
4430 34
4431 34
4432 34
4433 34
4434 34
4435 34
4436 34
4437 34
4438 34
4439 34
4450 34
4451 34
4452 34
4453 34
4454 34
4455 34
4456 34
4457 34
4458 34
4459 34
4470 34
4471 34
4472 34
4473 34
4474 34
4475 34
4476 34
4477 34
4478 34
4479 34
4490 34
4491 34
4492 34
4493 34
4494 34
4495 34
4496 34
4497 34
4498 34
4499 34
4500 34
4511 33
4512 33
4513 33
4514 33
4515 33
4516 33
4517 33
4518 33
4519 33
4520 33
4531 34
4532 34
4533 34
4534 34
4535 34
4536 34
4537 34
4538 34
4539 34
4540 34
4551 33
4552 33
4553 33
4554 33
4555 34
4556 34
4557 34
4558 34
4559 34
4560 34
4561 34
4562 34
4563 34
4564 34
4565 34
4576 34
4577 34
4578 34
4579 34
4580 34
4581 34
4582 34
4583 34
4584 34
4585 34
4596 33
4597 33
4598 33
4599 33
4600 33
4601 33
4602 33
4603 33
4604 33
4605 33
4616 34
4617 34
4618 34
4619 34
4620 34
4621 34
4622 34
4623 34
4624 34
4625 34
4636 34
4637 34
4638 34
4639 34
4640 34
4641 34
4642 34
4643 34
4644 34
4645 34
4656 33
4657 33
4658 34
4659 34
4660 34
4661 34
4662 34
4663 34
4664 34
4665 34
4666 34
4667 34
4668 34
4679 33
4680 33
4681 33
4682 33
4683 33
4684 33
4685 33
4686 33
4687 33
4688 33
4699 33
4700 34
4701 34
4702 34
4703 34
4704 34
4705 34
4706 34
4707 34
4708 34
4709 34
4710 34
4721 33
4722 33
4723 33
4724 33
4725 33
4726 33
4727 33
4728 33
4729 33
4730 33
4741 34
4742 34
4743 34
4744 34
4745 34
4746 34
4747 34
4748 34
4749 34
4750 34
4761 33
4762 33
4763 33
4764 33
4765 33
4766 33
4767 33
4768 33
4769 33
4770 33
4781 34
4782 34
4783 34
4784 34
4785 34
4786 34
4787 34
4788 34
4789 34
4790 34
4801 33
4802 33
4803 33
4804 33
4805 33
4806 33
4807 33
4808 33
4809 33
4810 33
4821 34
4822 34
4823 34
4824 34
4825 34
4826 34
4827 34
4828 34
4829 34
4830 34
4841 33
4842 33
4843 33
4844 33
4845 33
4846 33
4847 33
4848 33
4849 33
4850 33
4851 33
4862 32
4863 32
4864 32
4865 32
4866 32
4867 32
4868 32
4869 32
4870 32
4871 32
4882 32
4883 32
4884 32
4885 32
4886 32
4887 32
4888 32
4889 32
4890 32
4891 32
4902 33
4903 33
4904 33
4905 33
4906 33
4907 33
4908 33
4909 33
4910 33
4911 33
4922 33
4923 33
4924 33
4925 33
4926 33
4927 33
4928 33
4929 33
4930 33
4931 33
4942 33
4943 33
4944 33
4945 33
4946 33
4947 33
4948 33
4949 33
4950 33
4951 33
4962 32
4963 32
4964 32
4965 32
4966 32
4967 32
4968 32
4969 33
4970 33
4971 33
4972 33
4973 33
4974 33
4975 33
4976 33
4977 33
4978 34
4979 34
4980 34
4981 34
4982 34
4983 34
4984 34
4985 34
4986 34
4987 34
4988 34
4999 33
