0 4
1 5
2 5
3 5
4 6
5 6
6 6
7 6
8 6
9 7
10 7
11 7
12 7
13 7
14 7
15 8
16 8
17 8
18 8
19 8
20 8
21 9
22 10
23 10
24 10
25 10
26 10
27 11
28 11
29 11
30 11
31 11
32 11
33 11
34 12
35 12
36 12
37 12
38 12
39 12
40 12
41 12
42 12
43 12
44 12
55 14
56 14
57 14
58 14
59 14
60 15
61 15
62 15
63 15
64 15
65 15
66 15
67 15
68 15
69 15
70 15
81 18
82 18
83 18
84 18
85 18
86 18
87 19
88 19
89 19
90 19
91 19
92 19
93 19
94 20
95 20
96 20
97 20
98 20
99 20
100 20
101 20
102 20
103 20
104 20
115 20
116 20
117 20
118 20
119 20
120 20
121 20
122 20
123 20
124 20
135 21
136 21
137 21
138 21
139 22
140 22
141 22
142 22
143 22
144 22
145 22
146 22
147 22
148 22
149 22
160 22
161 22
162 22
163 22
164 22
165 22
166 22
167 22
168 22
169 22
180 23
181 23
182 23
183 23
184 23
185 23
186 23
187 23
188 23
189 23
200 25
201 25
202 25
203 25
204 25
205 25
206 25
207 25
208 25
209 25
220 25
221 25
222 25
223 25
224 25
225 25
226 25
227 25
228 25
229 25
240 26
241 26
242 26
243 26
244 26
245 26
246 26
247 26
248 26
249 26
260 26
261 26
262 26
263 26
264 26
265 26
266 26
267 26
268 26
269 26
280 26
281 26
282 26
283 26
284 26
285 26
286 26
287 26
288 26
289 26
300 26
301 26
302 26
303 26
304 26
305 26
306 26
307 26
308 26
309 26
320 25
321 25
322 25
323 25
324 25
325 25
326 25
327 25
328 25
329 25
340 26
341 26
342 26
343 26
344 26
345 26
346 26
347 26
348 26
349 26
360 27
361 27
362 27
363 27
364 27
365 27
366 27
367 27
368 27
369 27
380 27
381 27
382 27
383 27
384 27
385 27
386 27
387 27
388 27
389 27
400 27
401 27
402 27
403 27
404 27
405 27
406 27
407 27
408 27
409 27
420 27
421 27
422 27
423 27
424 27
425 27
426 27
427 27
428 27
429 27
440 27
441 27
442 27
443 27
444 27
445 27
446 27
447 27
448 27
449 28
450 28
451 28
452 28
453 28
454 28
455 28
456 28
457 28
458 28
459 28
470 27
471 27
472 27
473 28
474 28
475 28
476 28
477 28
478 28
479 28
480 28
481 28
482 28
483 28
494 27
495 27
496 27
497 27
498 27
499 27
500 27
501 27
502 27
503 27
514 28
515 28
516 28
517 28
518 28
519 28
520 28
521 28
522 28
523 28
534 27
535 27
536 27
537 28
538 28
539 28
540 28
541 28
542 28
543 28
544 28
545 28
546 28
547 28
558 28
559 28
560 28
561 28
562 28
563 28
564 28
565 28
566 28
567 28
578 28
579 28
580 28
581 28
582 28
583 28
584 28
585 28
586 28
587 28
598 28
599 28
600 28
601 28
602 28
603 28
604 28
605 28
606 28
607 28
618 27
619 27
620 27
621 27
622 27
623 28
624 28
625 28
626 28
627 28
628 28
629 28
630 28
631 28
632 28
633 28
644 27
645 27
646 27
647 27
648 27
649 27
650 27
651 27
652 27
653 27
664 27
665 27
666 27
667 27
668 27
669 27
670 27
671 27
672 27
673 27
684 28
685 28
686 28
687 28
688 28
689 28
690 28
691 28
692 28
693 28
704 28
705 28
706 28
707 28
708 28
709 28
710 28
711 28
712 28
713 28
724 27
725 27
726 27
727 27
728 27
729 27
730 27
731 27
732 27
733 27
744 28
745 28
746 28
747 28
748 28
749 28
750 28
751 28
752 28
753 28
764 27
765 27
766 27
767 27
768 27
769 27
770 27
771 27
772 27
773 27
784 28
785 28
786 28
787 28
788 28
789 28
790 28
791 28
792 28
793 28
804 28
805 28
806 28
807 28
808 28
809 28
810 28
811 28
812 28
813 28
824 27
825 27
826 27
827 27
828 27
829 27
830 27
831 27
832 27
833 27
844 28
845 28
846 28
847 28
848 28
849 28
850 28
851 28
852 28
853 28
864 28
865 28
866 28
867 28
868 28
869 28
870 28
871 28
872 28
873 28
884 28
885 28
886 28
887 28
888 28
889 28
890 28
891 28
892 28
893 28
904 28
905 28
906 28
907 28
908 28
909 28
910 28
911 28
912 28
913 28
924 27
925 27
926 27
927 27
928 27
929 27
930 27
931 27
932 27
933 27
944 26
945 26
946 26
947 26
948 26
949 26
950 26
951 26
952 26
953 26
964 27
965 27
966 27
967 27
968 27
969 27
970 27
971 27
972 27
973 27
984 27
985 27
986 27
987 27
988 27
989 27
990 27
991 27
992 27
993 27
1004 27
1005 27
1006 27
1007 27
1008 27
1009 27
1010 27
1011 27
1012 27
1013 27
1024 27
1025 27
1026 27
1027 27
1028 27
1029 27
1030 27
1031 27
1032 27
1033 27
1044 26
1045 26
1046 26
1047 26
1048 26
1049 27
1050 27
1051 27
1052 27
1053 27
1054 27
1055 27
1056 27
1057 27
1058 27
1059 27
1070 27
1071 27
1072 27
1073 27
1074 27
1075 27
1076 27
1077 27
1078 27
1079 27
1080 27
1091 26
1092 26
1093 26
1094 26
1095 26
1096 26
1097 26
1098 26
1099 26
1100 27
1101 27
1102 27
1103 27
1104 27
1105 27
1106 27
1107 27
1108 27
1109 27
1110 27
1121 26
1122 26
1123 26
1124 27
1125 27
1126 27
1127 27
1128 27
1129 27
1130 27
1131 27
1132 27
1133 27
1134 27
1145 27
1146 27
1147 27
1148 27
1149 27
1150 27
1151 27
1152 27
1153 27
1154 27
1165 27
1166 27
1167 27
1168 27
1169 27
1170 27
1171 27
1172 27
1173 27
1174 27
1185 26
1186 26
1187 26
1188 27
1189 27
1190 27
1191 27
1192 27
1193 27
1194 27
1195 27
1196 27
1197 27
1198 27
1209 27
1210 27
1211 27
1212 27
1213 27
1214 27
1215 27
1216 27
1217 27
1218 27
1229 26
1230 26
1231 26
1232 26
1233 26
1234 26
1235 26
1236 27
1237 27
1238 27
1239 27
1240 27
1241 27
1242 27
1243 27
1244 27
1245 27
1246 27
1257 26
1258 26
1259 26
1260 26
1261 26
1262 26
1263 27
1264 27
1265 27
1266 27
1267 27
1268 27
1269 27
1270 27
1271 27
1272 27
1273 27
1284 26
1285 26
1286 26
1287 26
1288 26
1289 26
1290 26
1291 26
1292 26
1293 26
1304 28
1305 28
1306 28
1307 28
1308 28
1309 28
1310 28
1311 28
1312 28
1313 28
1324 28
1325 28
1326 28
1327 28
1328 28
1329 28
1330 28
1331 28
1332 28
1333 28
1344 28
1345 28
1346 28
1347 28
1348 28
1349 28
1350 28
1351 28
1352 28
1353 28
1364 29
1365 29
1366 29
1367 29
1368 29
1369 29
1370 29
1371 29
1372 29
1373 29
1374 29
1385 29
1386 29
1387 29
1388 29
1389 29
1390 29
1391 29
1392 29
1393 29
1394 29
1405 28
1406 28
1407 28
1408 28
1409 28
1410 28
1411 28
1412 28
1413 29
1414 29
1415 29
1416 29
1417 29
1418 29
1419 29
1420 29
1421 29
1422 29
1423 29
1434 28
1435 28
1436 28
1437 29
1438 29
1439 29
1440 29
1441 29
1442 29
1443 29
1444 29
1445 29
1446 29
1447 29
1458 28
1459 28
1460 28
1461 28
1462 28
1463 28
1464 28
1465 28
1466 28
1467 28
1478 29
1479 29
1480 29
1481 29
1482 29
1483 29
1484 29
1485 29
1486 29
1487 29
1498 29
1499 29
1500 29
1501 29
1502 29
1503 29
1504 29
1505 29
1506 29
1507 29
1518 29
1519 29
1520 29
1521 29
1522 29
1523 29
1524 29
1525 29
1526 29
1527 29
1538 27
1539 27
1540 27
1541 28
1542 28
1543 28
1544 28
1545 28
1546 28
1547 28
1548 28
1549 28
1550 28
1551 28
1562 29
1563 29
1564 29
1565 29
1566 29
1567 29
1568 29
1569 29
1570 29
1571 29
1582 29
1583 29
1584 29
1585 29
1586 29
1587 29
1588 29
1589 29
1590 29
1591 29
1602 29
1603 29
1604 29
1605 29
1606 29
1607 29
1608 29
1609 29
1610 29
1611 29
1622 29
1623 29
1624 29
1625 29
1626 29
1627 29
1628 29
1629 29
1630 29
1631 29
1642 29
1643 29
1644 29
1645 29
1646 29
1647 29
1648 29
1649 29
1650 29
1651 29
1662 29
1663 29
1664 29
1665 29
1666 29
1667 29
1668 29
1669 29
1670 29
1671 29
1682 29
1683 29
1684 29
1685 29
1686 29
1687 29
1688 29
1689 29
1690 29
1691 29
1702 28
1703 28
1704 28
1705 28
1706 28
1707 28
1708 28
1709 28
1710 28
1711 28
1722 28
1723 28
1724 28
1725 28
1726 28
1727 28
1728 28
1729 28
1730 28
1731 28
1742 28
1743 29
1744 29
1745 29
1746 29
1747 29
1748 29
1749 29
1750 29
1751 29
1752 29
1753 29
1764 29
1765 29
1766 29
1767 29
1768 29
1769 29
1770 29
1771 29
1772 29
1773 29
1784 29
1785 29
1786 29
1787 29
1788 29
1789 29
1790 29
1791 29
1792 29
1793 29
1804 29
1805 29
1806 29
1807 29
1808 29
1809 29
1810 29
1811 29
1812 29
1813 29
1824 28
1825 28
1826 28
1827 28
1828 28
1829 28
1830 28
1831 28
1832 28
1833 28
1844 28
1845 28
1846 28
1847 28
1848 28
1849 28
1850 28
1851 28
1852 28
1853 28
1864 29
1865 29
1866 29
1867 29
1868 29
1869 29
1870 29
1871 29
1872 29
1873 29
1884 29
1885 29
1886 29
1887 29
1888 29
1889 29
1890 29
1891 29
1892 29
1893 29
1904 29
1905 29
1906 29
1907 29
1908 29
1909 29
1910 29
1911 29
1912 29
1913 29
1924 29
1925 29
1926 29
1927 29
1928 29
1929 29
1930 29
1931 29
1932 29
1933 29
1944 29
1945 29
1946 29
1947 29
1948 29
1949 29
1950 29
1951 29
1952 29
1953 29
1964 29
1965 29
1966 29
1967 29
1968 29
1969 29
1970 29
1971 29
1972 29
1973 29
1984 29
1985 29
1986 29
1987 29
1988 29
1989 29
1990 29
1991 29
1992 29
1993 29
2004 29
2005 29
2006 29
2007 29
2008 29
2009 29
2010 29
2011 29
2012 29
2013 29
2024 29
2025 29
2026 29
2027 29
2028 29
2029 29
2030 29
2031 29
2032 29
2033 29
2044 28
2045 29
2046 29
2047 29
2048 29
2049 29
2050 29
2051 29
2052 29
2053 29
2054 29
2055 29
2066 29
2067 29
2068 29
2069 29
2070 29
2071 29
2072 29
2073 29
2074 29
2075 29
2086 29
2087 29
2088 29
2089 29
2090 29
2091 29
2092 29
2093 29
2094 29
2095 29
2096 29
2107 28
2108 29
2109 29
2110 29
2111 29
2112 29
2113 29
2114 29
2115 29
2116 29
2117 29
2118 29
2129 29
2130 29
2131 29
2132 29
2133 29
2134 29
2135 29
2136 29
2137 29
2138 29
2149 29
2150 29
2151 29
2152 29
2153 29
2154 29
2155 29
2156 29
2157 29
2158 29
2169 29
2170 29
2171 29
2172 29
2173 29
2174 29
2175 29
2176 29
2177 29
2178 29
2189 30
2190 30
2191 30
2192 30
2193 30
2194 30
2195 30
2196 30
2197 30
2198 30
2209 30
2210 30
2211 30
2212 30
2213 30
2214 30
2215 30
2216 30
2217 30
2218 30
2229 30
2230 30
2231 30
2232 30
2233 30
2234 30
2235 30
2236 30
2237 30
2238 30
2249 29
2250 29
2251 29
2252 29
2253 29
2254 29
2255 29
2256 29
2257 29
2258 29
2269 28
2270 28
2271 28
2272 29
2273 29
2274 29
2275 29
2276 29
2277 29
2278 29
2279 29
2280 29
2281 29
2282 29
2293 29
2294 29
2295 29
2296 29
2297 29
2298 29
2299 29
2300 29
2301 29
2302 29
2313 29
2314 29
2315 29
2316 29
2317 29
2318 30
2319 30
2320 30
2321 30
2322 30
2323 30
2324 30
2325 30
2326 30
2327 30
2328 30
2339 29
2340 29
2341 29
2342 30
2343 30
2344 30
2345 30
2346 30
2347 30
2348 30
2349 30
2350 30
2351 30
2352 30
2363 30
2364 30
2365 30
2366 30
2367 30
2368 30
2369 30
2370 30
2371 30
2372 30
2383 29
2384 29
2385 29
2386 29
2387 29
2388 29
2389 29
2390 30
2391 30
2392 30
2393 30
2394 30
2395 30
2396 30
2397 30
2398 30
2399 30
2400 30
2411 29
2412 29
2413 29
2414 29
2415 29
2416 29
2417 29
2418 29
2419 29
2420 29
2431 30
2432 30
2433 30
2434 30
2435 30
2436 30
2437 30
2438 30
2439 30
2440 30
2451 30
2452 30
2453 30
2454 30
2455 30
2456 30
2457 30
2458 30
2459 30
2460 30
2471 28
2472 29
2473 29
2474 29
2475 29
2476 29
2477 29
2478 29
2479 29
2480 29
2481 29
2482 29
2493 29
2494 29
2495 29
2496 29
2497 29
2498 29
2499 29
2500 29
2501 29
2502 29
2513 28
2514 28
2515 28
2516 28
2517 28
2518 28
2519 28
2520 28
2521 28
2522 28
2533 28
2534 28
2535 28
2536 28
2537 29
2538 29
2539 29
2540 29
2541 29
2542 29
2543 29
2544 29
2545 29
2546 29
2547 29
2558 29
2559 29
2560 29
2561 29
2562 29
2563 29
2564 29
2565 29
2566 29
2567 29
2578 29
2579 29
2580 29
2581 29
2582 29
2583 29
2584 29
2585 29
2586 29
2587 29
2598 27
2599 28
2600 28
2601 28
2602 28
2603 28
2604 28
2605 28
2606 28
2607 28
2608 28
2609 28
2620 28
2621 28
2622 28
2623 28
2624 28
2625 28
2626 28
2627 28
2628 28
2629 28
2640 27
2641 27
2642 27
2643 27
2644 27
2645 27
2646 27
2647 27
2648 27
2649 27
2660 27
2661 27
2662 27
2663 27
2664 27
2665 27
2666 27
2667 27
2668 27
2669 27
2680 27
2681 27
2682 27
2683 27
2684 27
2685 27
2686 28
2687 28
2688 28
2689 28
2690 28
2691 28
2692 28
2693 28
2694 28
2695 28
2696 28
2707 28
2708 28
2709 28
2710 28
2711 28
2712 28
2713 28
2714 28
2715 28
2716 28
2727 27
2728 27
2729 27
2730 27
2731 28
2732 29
2733 29
2734 29
2735 29
2736 29
2737 29
2738 29
2739 29
2740 29
2741 29
2742 29
2753 28
2754 28
2755 28
2756 28
2757 28
2758 29
2759 29
2760 29
2761 29
2762 29
2763 29
2764 29
2765 29
2766 29
2767 29
2768 29
2779 28
2780 29
2781 29
2782 29
2783 29
2784 29
2785 29
2786 29
2787 29
2788 29
2789 29
2790 29
2801 29
2802 29
2803 29
2804 29
2805 29
2806 29
2807 29
2808 29
2809 29
2810 29
2821 28
2822 28
2823 28
2824 28
2825 28
2826 28
2827 28
2828 28
2829 28
2830 28
2841 28
2842 29
2843 29
2844 29
2845 29
2846 29
2847 29
2848 29
2849 29
2850 29
2851 29
2852 29
2863 29
2864 29
2865 29
2866 29
2867 29
2868 29
2869 29
2870 29
2871 29
2872 29
2883 29
2884 29
2885 29
2886 29
2887 29
2888 29
2889 29
2890 29
2891 29
2892 29
2903 30
2904 30
2905 30
2906 30
2907 30
2908 30
2909 30
2910 30
2911 30
2912 30
2923 29
2924 29
2925 30
2926 30
2927 30
2928 30
2929 30
2930 30
2931 30
2932 30
2933 30
2934 30
2935 30
2946 30
2947 30
2948 30
2949 30
2950 30
2951 30
2952 30
2953 30
2954 30
2955 30
2966 30
2967 30
2968 30
2969 30
2970 30
2971 30
2972 30
2973 30
2974 30
2975 30
2976 30
2987 30
2988 30
2989 30
2990 30
2991 30
2992 30
2993 30
2994 30
2995 30
2996 30
3007 29
3008 29
3009 30
3010 30
3011 30
3012 30
3013 30
3014 30
3015 30
3016 30
3017 30
3018 30
3019 30
3030 29
3031 29
3032 29
3033 29
3034 29
3035 29
3036 29
3037 29
3038 29
3039 29
3050 29
3051 29
3052 29
3053 29
3054 29
3055 29
3056 29
3057 29
3058 29
3059 29
3070 30
3071 30
3072 30
3073 30
3074 30
3075 30
3076 30
3077 30
3078 30
3079 30
3090 30
3091 30
3092 30
3093 30
3094 30
3095 30
3096 30
3097 30
3098 30
3099 30
3110 30
3111 30
3112 30
3113 30
3114 30
3115 30
3116 30
3117 30
3118 30
3119 30
3130 30
3131 30
3132 30
3133 30
3134 30
3135 30
3136 30
3137 30
3138 30
3139 30
3150 29
3151 29
3152 29
3153 29
3154 29
3155 29
3156 29
3157 29
3158 29
3159 29
3170 29
3171 29
3172 29
3173 29
3174 29
3175 29
3176 29
3177 29
3178 29
3179 29
3190 29
3191 29
3192 29
3193 29
3194 29
3195 29
3196 30
3197 30
3198 30
3199 30
3200 30
3201 30
3202 30
3203 30
3204 30
3205 30
3206 30
3217 30
3218 30
3219 30
3220 30
3221 30
3222 30
3223 30
3224 30
3225 30
3226 30
3237 30
3238 30
3239 30
3240 30
3241 30
3242 30
3243 30
3244 30
3245 30
3246 30
3257 29
3258 29
3259 30
3260 30
3261 30
3262 30
3263 30
3264 30
3265 30
3266 30
3267 30
3268 30
3269 30
3280 29
3281 29
3282 29
3283 29
3284 29
3285 29
3286 29
3287 29
3288 29
3289 29
3300 29
3301 29
3302 29
3303 29
3304 29
3305 29
3306 29
3307 29
3308 29
3309 29
3320 29
3321 29
3322 29
3323 29
3324 29
3325 29
3326 29
3327 29
3328 29
3329 29
3340 29
3341 29
3342 29
3343 29
3344 29
3345 30
3346 30
3347 30
3348 30
3349 30
3350 30
3351 30
3352 30
3353 30
3354 30
3355 30
3366 30
3367 30
3368 30
3369 30
3370 30
3371 30
3372 30
3373 30
3374 30
3375 30
3386 30
3387 30
3388 30
3389 30
3390 30
3391 30
3392 30
3393 30
3394 30
3395 30
3406 28
3407 28
3408 28
3409 28
3410 28
3411 28
3412 28
3413 28
3414 28
3415 28
3426 29
3427 29
3428 29
3429 29
3430 29
3431 29
3432 29
3433 29
3434 29
3435 29
3446 29
3447 29
3448 29
3449 29
3450 29
3451 29
3452 29
3453 29
3454 29
3455 29
3466 29
3467 29
3468 29
3469 29
3470 29
3471 29
3472 29
3473 29
3474 29
3475 29
3476 29
3487 28
3488 28
3489 28
3490 28
3491 28
3492 28
3493 28
3494 28
3495 28
3496 29
3497 29
3498 29
3499 29
3500 29
3501 29
3502 29
3503 29
3504 29
3505 29
3506 29
3517 28
3518 28
3519 28
3520 28
3521 28
3522 28
3523 28
3524 28
3525 28
3526 28
3537 30
3538 30
3539 30
3540 30
3541 30
3542 30
3543 30
3544 30
3545 30
3546 30
3557 28
3558 29
3559 29
3560 29
3561 29
3562 29
3563 29
3564 29
3565 29
3566 29
3567 29
3568 29
3579 29
3580 29
3581 29
3582 29
3583 29
3584 29
3585 29
3586 29
3587 29
3588 29
3589 29
3600 29
3601 29
3602 29
3603 29
3604 29
3605 29
3606 29
3607 29
3608 29
3609 29
3620 30
3621 30
3622 30
3623 30
3624 30
3625 30
3626 30
3627 30
3628 30
3629 30
3640 29
3641 29
3642 29
3643 29
3644 29
3645 29
3646 29
3647 29
3648 29
3649 30
3650 30
3651 30
3652 30
3653 30
3654 30
3655 30
3656 30
3657 30
3658 30
3659 30
3670 29
3671 29
3672 29
3673 29
3674 29
3675 30
3676 30
3677 30
3678 30
3679 30
3680 30
3681 30
3682 30
3683 30
3684 30
3685 30
3696 30
3697 30
3698 30
3699 30
3700 30
3701 30
3702 30
3703 30
3704 30
3705 30
3716 30
3717 30
3718 30
3719 30
3720 30
3721 30
3722 30
3723 30
3724 30
3725 30
3736 30
3737 30
3738 30
3739 30
3740 30
3741 30
3742 30
3743 30
3744 30
3745 30
3756 29
3757 29
3758 29
3759 29
3760 29
3761 29
3762 29
3763 29
3764 29
3765 29
3776 29
3777 29
3778 29
3779 29
3780 29
3781 29
3782 29
3783 29
3784 29
3785 29
3796 29
3797 29
3798 29
3799 29
3800 29
3801 29
3802 29
3803 29
3804 29
3805 29
3816 28
3817 28
3818 28
3819 28
3820 28
3821 28
3822 28
3823 28
3824 28
3825 28
3836 28
3837 28
3838 28
3839 28
3840 28
3841 28
3842 29
3843 29
3844 29
3845 29
3846 29
3847 29
3848 29
3849 29
3850 29
3851 29
3852 29
3863 29
3864 29
3865 29
3866 29
3867 29
3868 29
3869 29
3870 29
3871 29
3872 29
3883 29
3884 29
3885 29
3886 29
3887 29
3888 29
3889 29
3890 29
3891 29
3892 29
3903 28
3904 28
3905 28
3906 28
3907 28
3908 28
3909 28
3910 28
3911 28
3912 28
3923 29
3924 29
3925 29
3926 29
3927 29
3928 29
3929 29
3930 29
3931 29
3932 29
3943 28
3944 28
3945 28
3946 28
3947 29
3948 29
3949 29
3950 29
3951 29
3952 29
3953 29
3954 29
3955 29
3956 29
3957 29
3968 29
3969 29
3970 29
3971 29
3972 29
3973 29
3974 29
3975 29
3976 29
3977 29
3988 29
3989 29
3990 29
3991 29
3992 29
3993 29
3994 29
3995 29
3996 29
3997 29
4008 27
4009 27
4010 27
4011 27
4012 27
4013 27
4014 27
4015 27
4016 27
4017 27
4028 28
4029 28
4030 28
4031 28
4032 28
4033 28
4034 28
4035 28
4036 28
4037 28
4038 28
4049 28
4050 28
4051 28
4052 28
4053 28
4054 28
4055 28
4056 28
4057 28
4058 28
4069 28
4070 28
4071 28
4072 28
4073 28
4074 28
4075 28
4076 28
4077 28
4078 28
4089 28
4090 28
4091 28
4092 28
4093 28
4094 28
4095 28
4096 28
4097 28
4098 28
4109 28
4110 28
4111 28
4112 28
4113 28
4114 28
4115 28
4116 28
4117 28
4118 28
4129 29
4130 29
4131 29
4132 29
4133 29
4134 29
4135 29
4136 29
4137 29
4138 29
4149 29
4150 29
4151 29
4152 29
4153 29
4154 29
4155 29
4156 29
4157 29
4158 29
4169 28
4170 28
4171 28
4172 28
4173 28
4174 29
4175 29
4176 29
4177 29
4178 29
4179 29
4180 29
4181 29
4182 29
4183 29
4184 29
4195 28
4196 28
4197 28
4198 28
4199 28
4200 28
4201 28
4202 28
4203 28
4204 28
4215 29
4216 29
4217 29
4218 29
4219 29
4220 29
4221 29
4222 29
4223 29
4224 29
4235 29
4236 29
4237 29
4238 29
4239 29
4240 29
4241 29
4242 29
4243 29
4244 29
4245 29
4256 30
4257 30
4258 30
4259 30
4260 30
4261 30
4262 30
4263 30
4264 30
4265 30
4276 30
4277 30
4278 31
4279 31
4280 31
4281 31
4282 31
4283 31
4284 31
4285 31
4286 31
4287 31
4288 31
4299 30
4300 30
4301 30
4302 30
4303 30
4304 30
4305 30
4306 30
4307 30
4308 30
4319 30
4320 30
4321 30
4322 30
4323 30
4324 30
4325 31
4326 31
4327 31
4328 31
4329 31
4330 31
4331 31
4332 31
4333 31
4334 31
4335 31
4346 31
4347 31
4348 31
4349 31
4350 31
4351 31
4352 31
4353 31
4354 31
4355 31
4366 31
4367 31
4368 31
4369 31
4370 31
4371 31
4372 31
4373 31
4374 31
4375 31
4386 31
4387 31
4388 31
4389 31
4390 31
4391 31
4392 31
4393 31
4394 31
4395 31
4406 31
4407 31
4408 31
4409 31
4410 31
4411 31
4412 31
4413 31
4414 31
4415 31
4426 31
4427 31
4428 31
4429 31
4430 31
4431 31
4432 31
4433 31
4434 31
4435 31
4436 31
4447 31
4448 31
4449 31
4450 31
4451 31
4452 31
4453 31
4454 31
4455 31
4456 31
4467 31
4468 31
4469 31
4470 31
4471 31
4472 31
4473 31
4474 31
4475 31
4476 31
4487 30
4488 30
4489 30
4490 30
4491 30
4492 31
4493 31
4494 31
4495 31
4496 31
4497 31
4498 31
4499 31
4500 31
4501 31
4502 31
4513 31
4514 31
4515 31
4516 31
4517 31
4518 31
4519 31
4520 31
4521 31
4522 31
4533 29
4534 29
4535 30
4536 30
4537 30
4538 30
4539 30
4540 30
4541 30
4542 30
4543 30
4544 30
4545 30
4556 30
4557 30
4558 30
4559 30
4560 30
4561 30
4562 30
4563 30
4564 30
4565 30
4576 30
4577 30
4578 30
4579 30
4580 30
4581 30
4582 30
4583 30
4584 30
4585 30
4596 29
4597 29
4598 29
4599 29
4600 29
4601 29
4602 29
4603 29
4604 29
4605 29
4616 29
4617 29
4618 29
4619 29
4620 29
4621 29
4622 29
4623 29
4624 29
4625 29
4636 30
4637 30
4638 30
4639 30
4640 30
4641 30
4642 30
4643 30
4644 30
4645 30
4656 29
4657 29
4658 31
4659 31
4660 31
4661 31
4662 31
4663 31
4664 31
4665 31
4666 31
4667 31
4668 31
4679 31
4680 31
4681 31
4682 31
4683 31
4684 31
4685 31
4686 31
4687 31
4688 31
4699 31
4700 31
4701 31
4702 31
4703 31
4704 31
4705 31
4706 31
4707 31
4708 31
4719 30
4720 30
4721 30
4722 30
4723 30
4724 30
4725 30
4726 30
4727 30
4728 30
4739 30
4740 30
4741 30
4742 30
4743 30
4744 30
4745 30
4746 30
4747 30
4748 30
4759 31
4760 31
4761 31
4762 31
4763 31
4764 31
4765 31
4766 31
4767 31
4768 31
4779 31
4780 31
4781 31
4782 31
4783 31
4784 31
4785 31
4786 31
4787 31
4788 31
4799 30
4800 30
4801 30
4802 30
4803 30
4804 30
4805 30
4806 31
4807 31
4808 31
4809 31
4810 31
4811 31
4812 31
4813 31
4814 31
4815 31
4816 31
4827 30
4828 30
4829 30
4830 30
4831 30
4832 30
4833 30
4834 30
4835 30
4836 30
4847 31
4848 31
4849 31
4850 31
4851 31
4852 31
4853 31
4854 31
4855 31
4856 31
4867 30
4868 30
4869 30
4870 30
4871 30
4872 30
4873 31
4874 31
4875 31
4876 31
4877 31
4878 31
4879 31
4880 31
4881 31
4882 31
4883 31
4894 31
4895 31
4896 31
4897 31
4898 31
4899 31
4900 31
4901 31
4902 31
4903 31
4914 30
4915 30
4916 30
4917 30
4918 30
4919 30
4920 30
4921 30
4922 30
4923 30
4934 31
4935 31
4936 31
4937 31
4938 31
4939 31
4940 31
4941 31
4942 31
4943 31
4954 31
4955 31
4956 31
4957 31
4958 31
4959 31
4960 31
4961 31
4962 31
4963 31
4974 30
4975 30
4976 31
4977 31
4978 31
4979 31
4980 31
4981 31
4982 31
4983 31
4984 31
4985 31
4986 31
4997 31
4998 31
4999 31
