0 2
1 2
2 3
3 3
4 3
5 3
6 4
7 4
8 4
9 4
10 4
11 4
12 4
13 4
14 4
15 4
16 5
17 5
18 5
19 5
20 6
21 7
22 7
23 7
24 7
25 7
26 7
27 7
28 9
29 9
30 9
31 9
32 9
33 9
34 9
35 10
36 10
37 10
38 10
39 10
40 10
41 10
42 10
43 10
44 10
45 11
46 11
47 11
48 12
49 12
50 12
51 12
52 12
53 13
54 13
55 13
56 13
57 13
58 13
59 13
60 13
61 13
62 14
63 15
64 16
65 17
66 17
67 17
68 17
69 17
70 17
71 17
72 17
73 19
74 19
75 19
76 19
77 19
78 20
79 20
80 20
81 20
82 20
83 20
84 20
85 20
86 20
87 20
88 20
99 22
100 22
101 22
102 22
103 22
104 22
105 22
106 22
107 22
108 22
119 23
120 23
121 23
122 23
123 23
124 23
125 23
126 23
127 23
128 23
139 23
140 23
141 23
142 23
143 24
144 24
145 24
146 24
147 24
148 24
149 24
150 24
151 24
152 24
153 24
164 26
165 26
166 28
167 28
168 28
169 28
170 28
171 28
172 28
173 28
174 28
175 28
176 28
187 27
188 28
189 28
190 28
191 28
192 28
193 28
194 28
195 28
196 28
197 28
198 28
209 27
210 27
211 27
212 27
213 27
214 27
215 27
216 27
217 27
218 27
229 27
230 27
231 27
232 27
233 27
234 28
235 28
236 28
237 28
238 28
239 28
240 28
241 28
242 28
243 28
244 28
255 29
256 29
257 29
258 29
259 29
260 29
261 29
262 29
263 29
264 29
275 29
276 29
277 29
278 29
279 29
280 29
281 29
282 29
283 29
284 29
295 28
296 28
297 29
298 29
299 29
300 29
301 29
302 29
303 29
304 29
305 29
306 29
307 29
318 28
319 28
320 28
321 28
322 28
323 28
324 28
325 28
326 28
327 28
338 29
339 29
340 29
341 29
342 29
343 29
344 29
345 29
346 29
347 29
358 30
359 30
360 30
361 30
362 30
363 30
364 30
365 30
366 30
367 30
378 29
379 29
380 30
381 30
382 30
383 30
384 30
385 30
386 30
387 30
388 30
389 30
390 30
401 30
402 30
403 30
404 30
405 30
406 30
407 30
408 30
409 30
410 30
421 29
422 30
423 30
424 30
425 30
426 30
427 30
428 30
429 30
430 30
431 30
432 30
443 29
444 29
445 29
446 29
447 29
448 29
449 29
450 29
451 29
452 29
463 30
464 30
465 30
466 30
467 30
468 30
469 30
470 30
471 30
472 30
483 30
484 30
485 30
486 30
487 30
488 30
489 30
490 30
491 31
492 31
493 31
494 31
495 31
496 31
497 31
498 31
499 31
500 31
501 31
512 31
513 31
514 31
515 31
516 31
517 31
518 31
519 31
520 31
521 31
532 30
533 30
534 30
535 30
536 30
537 30
538 30
539 30
540 30
541 30
552 31
553 31
554 31
555 31
556 31
557 31
558 31
559 31
560 31
561 31
572 30
573 30
574 30
575 31
576 31
577 31
578 31
579 31
580 31
581 31
582 31
583 31
584 31
585 31
596 31
597 31
598 31
599 31
600 31
601 31
602 31
603 31
604 31
605 31
616 31
617 31
618 31
619 31
620 31
621 31
622 31
623 31
624 31
625 31
636 31
637 31
638 31
639 31
640 31
641 31
642 31
643 31
644 31
645 31
656 30
657 30
658 31
659 31
660 31
661 31
662 31
663 31
664 31
665 31
666 31
667 31
668 31
679 31
680 31
681 31
682 31
683 31
684 31
685 31
686 31
687 31
688 31
699 31
700 31
701 31
702 31
703 31
704 31
705 31
706 31
707 31
708 31
719 30
720 30
721 30
722 30
723 30
724 30
725 30
726 30
727 30
728 30
739 32
740 32
741 32
742 32
743 32
744 32
745 32
746 32
747 32
748 32
759 32
760 32
761 32
762 32
763 32
764 32
765 32
766 32
767 32
768 32
779 31
780 32
781 32
782 32
783 32
784 32
785 32
786 32
787 32
788 32
789 32
790 32
801 32
802 32
803 32
804 32
805 32
806 32
807 32
808 32
809 32
810 32
821 32
822 32
823 32
824 32
825 32
826 32
827 32
828 32
829 32
830 32
841 31
842 31
843 31
844 31
845 31
846 31
847 31
848 31
849 31
850 31
861 32
862 32
863 32
864 32
865 32
866 32
867 32
868 32
869 32
870 32
881 32
882 32
883 32
884 32
885 32
886 32
887 32
888 32
889 32
890 32
901 31
902 31
903 31
904 32
905 32
906 32
907 32
908 32
909 32
910 32
911 32
912 32
913 32
914 32
925 32
926 32
927 32
928 32
929 32
930 32
931 32
932 32
933 32
934 32
945 32
946 32
947 32
948 32
949 32
950 32
951 32
952 32
953 32
954 32
965 32
966 32
967 32
968 32
969 32
970 32
971 32
972 32
973 32
974 32
985 32
986 32
987 32
988 32
989 32
990 32
991 32
992 32
993 32
994 32
1005 32
1006 32
1007 32
1008 32
1009 32
1010 32
1011 32
1012 32
1013 32
1014 32
1025 30
1026 30
1027 30
1028 31
1029 31
1030 31
1031 31
1032 31
1033 31
1034 31
1035 31
1036 31
1037 31
1038 31
1049 31
1050 31
1051 31
1052 31
1053 31
1054 32
1055 32
1056 32
1057 32
1058 32
1059 32
1060 32
1061 32
1062 32
1063 32
1064 32
1075 32
1076 32
1077 32
1078 32
1079 32
1080 32
1081 32
1082 32
1083 32
1084 32
1095 31
1096 31
1097 32
1098 32
1099 32
1100 32
1101 32
1102 32
1103 32
1104 32
1105 32
1106 32
1107 32
1118 32
1119 32
1120 32
1121 33
1122 33
1123 33
1124 33
1125 33
1126 33
1127 33
1128 33
1129 33
1130 33
1131 33
1142 32
1143 32
1144 32
1145 32
1146 32
1147 32
1148 32
1149 33
1150 33
1151 33
1152 33
1153 33
1154 33
1155 33
1156 33
1157 33
1158 33
1159 33
1170 33
1171 33
1172 33
1173 33
1174 33
1175 33
1176 33
1177 33
1178 33
1179 33
1180 33
1191 33
1192 33
1193 33
1194 33
1195 33
1196 33
1197 33
1198 33
1199 33
1200 33
1211 32
1212 32
1213 32
1214 32
1215 32
1216 32
1217 32
1218 32
1219 32
1220 32
1231 33
1232 33
1233 33
1234 33
1235 33
1236 33
1237 33
1238 33
1239 33
1240 33
1251 33
1252 33
1253 33
1254 33
1255 33
1256 33
1257 33
1258 33
1259 33
1260 33
1271 32
1272 32
1273 32
1274 32
1275 32
1276 32
1277 32
1278 33
1279 33
1280 33
1281 33
1282 33
1283 33
1284 33
1285 33
1286 33
1287 33
1288 33
1299 33
1300 33
1301 33
1302 33
1303 33
1304 33
1305 33
1306 33
1307 33
1308 33
1319 33
1320 33
1321 33
1322 33
1323 33
1324 33
1325 33
1326 33
1327 33
1328 33
1339 33
1340 33
1341 33
1342 33
1343 33
1344 33
1345 33
1346 33
1347 33
1348 33
1359 33
1360 33
1361 33
1362 33
1363 33
1364 33
1365 33
1366 33
1367 33
1368 33
1379 31
1380 32
1381 32
1382 32
1383 32
1384 32
1385 32
1386 32
1387 32
1388 32
1389 32
1390 32
1401 32
1402 32
1403 32
1404 32
1405 32
1406 32
1407 32
1408 32
1409 32
1410 32
1421 31
1422 31
1423 31
1424 31
1425 31
1426 31
1427 31
1428 31
1429 31
1430 31
1441 32
1442 32
1443 32
1444 32
1445 32
1446 32
1447 32
1448 32
1449 32
1450 32
1461 31
1462 31
1463 31
1464 31
1465 31
1466 31
1467 31
1468 31
1469 31
1470 31
1481 31
1482 31
1483 31
1484 31
1485 31
1486 31
1487 31
1488 31
1489 31
1490 31
1501 31
1502 31
1503 31
1504 31
1505 31
1506 31
1507 31
1508 31
1509 31
1510 31
1521 30
1522 30
1523 30
1524 30
1525 30
1526 30
1527 30
1528 31
1529 31
1530 31
1531 31
1532 31
1533 31
1534 31
1535 31
1536 31
1537 31
1538 31
1549 31
1550 31
1551 31
1552 31
1553 31
1554 31
1555 31
1556 31
1557 31
1558 31
1569 31
1570 31
1571 31
1572 31
1573 31
1574 31
1575 31
1576 31
1577 31
1578 31
1589 30
1590 30
1591 30
1592 31
1593 31
1594 31
1595 31
1596 31
1597 31
1598 31
1599 31
1600 31
1601 31
1602 31
1613 31
1614 31
1615 31
1616 31
1617 31
1618 31
1619 31
1620 31
1621 31
1622 31
1633 31
1634 31
1635 31
1636 31
1637 31
1638 31
1639 31
1640 31
1641 31
1642 31
1653 32
1654 32
1655 32
1656 32
1657 32
1658 32
1659 32
1660 32
1661 32
1662 32
1663 32
1674 32
1675 32
1676 32
1677 32
1678 32
1679 32
1680 32
1681 32
1682 32
1683 32
1694 32
1695 32
1696 32
1697 32
1698 32
1699 32
1700 32
1701 32
1702 32
1703 32
1714 31
1715 31
1716 31
1717 31
1718 31
1719 31
1720 31
1721 31
1722 31
1723 31
1734 32
1735 32
1736 32
1737 32
1738 32
1739 32
1740 32
1741 32
1742 32
1743 32
1754 31
1755 31
1756 31
1757 31
1758 31
1759 32
1760 32
1761 32
1762 32
1763 32
1764 32
1765 32
1766 32
1767 32
1768 32
1769 32
1780 32
1781 32
1782 32
1783 32
1784 32
1785 32
1786 32
1787 32
1788 32
1789 32
1800 31
1801 31
1802 31
1803 32
1804 32
1805 32
1806 32
1807 32
1808 32
1809 32
1810 32
1811 32
1812 32
1813 32
1824 32
1825 32
1826 32
1827 32
1828 32
1829 32
1830 32
1831 32
1832 32
1833 32
1844 32
1845 32
1846 32
1847 32
1848 32
1849 32
1850 32
1851 32
1852 32
1853 32
1864 32
1865 32
1866 32
1867 32
1868 32
1869 32
1870 32
1871 32
1872 32
1873 32
1884 32
1885 32
1886 32
1887 32
1888 32
1889 32
1890 32
1891 32
1892 32
1893 32
1904 31
1905 31
1906 31
1907 32
1908 32
1909 32
1910 32
1911 32
1912 32
1913 32
1914 32
1915 32
1916 32
1917 32
1928 31
1929 31
1930 31
1931 31
1932 31
1933 31
1934 31
1935 31
1936 31
1937 31
1948 30
1949 30
1950 30
1951 30
1952 30
1953 30
1954 30
1955 30
1956 30
1957 30
1968 31
1969 31
1970 31
1971 31
1972 32
1973 32
1974 32
1975 32
1976 32
1977 32
1978 32
1979 32
1980 32
1981 32
1982 32
1993 32
1994 32
1995 32
1996 32
1997 32
1998 32
1999 32
2000 32
2001 32
2002 32
2013 31
2014 31
2015 31
2016 31
2017 31
2018 31
2019 31
2020 32
2021 32
2022 32
2023 32
2024 32
2025 32
2026 32
2027 32
2028 32
2029 32
2030 32
2041 32
2042 32
2043 32
2044 32
2045 32
2046 32
2047 32
2048 32
2049 32
2050 32
2061 32
2062 32
2063 32
2064 32
2065 32
2066 32
2067 32
2068 32
2069 32
2070 32
2081 30
2082 30
2083 30
2084 30
2085 30
2086 30
2087 30
2088 30
2089 30
2090 30
2101 31
2102 31
2103 31
2104 31
2105 31
2106 31
2107 31
2108 31
2109 31
2110 31
2121 31
2122 31
2123 31
2124 31
2125 31
2126 31
2127 31
2128 31
2129 31
2130 31
2141 30
2142 30
2143 30
2144 30
2145 30
2146 30
2147 31
2148 31
2149 31
2150 31
2151 31
2152 31
2153 31
2154 31
2155 31
2156 31
2157 31
2168 30
2169 30
2170 30
2171 30
2172 30
2173 30
2174 31
2175 31
2176 31
2177 31
2178 31
2179 31
2180 31
2181 31
2182 31
2183 31
2184 31
2195 30
2196 30
2197 30
2198 30
2199 30
2200 30
2201 30
2202 31
2203 31
2204 31
2205 31
2206 31
2207 31
2208 31
2209 31
2210 31
2211 31
2212 31
2223 30
2224 30
2225 30
2226 30
2227 30
2228 30
2229 30
2230 30
2231 30
2232 30
2243 31
2244 31
2245 32
2246 32
2247 32
2248 32
2249 32
2250 32
2251 32
2252 32
2253 32
2254 32
2255 32
2266 32
2267 32
2268 32
2269 32
2270 32
2271 32
2272 32
2273 32
2274 32
2275 32
2286 31
2287 31
2288 31
2289 31
2290 31
2291 31
2292 31
2293 31
2294 31
2295 31
2306 31
2307 31
2308 31
2309 32
2310 32
2311 32
2312 32
2313 32
2314 32
2315 32
2316 32
2317 32
2318 32
2319 32
2330 32
2331 32
2332 32
2333 32
2334 32
2335 32
2336 32
2337 32
2338 32
2339 32
2350 31
2351 31
2352 32
2353 32
2354 32
2355 32
2356 32
2357 32
2358 32
2359 32
2360 32
2361 32
2362 32
2373 32
2374 32
2375 32
2376 32
2377 32
2378 32
2379 32
2380 32
2381 32
2382 32
2393 31
2394 31
2395 31
2396 31
2397 31
2398 31
2399 31
2400 31
2401 31
2402 31
2413 29
2414 29
2415 29
2416 29
2417 29
2418 29
2419 30
2420 30
2421 30
2422 30
2423 30
2424 30
2425 30
2426 30
2427 30
2428 30
2429 30
2440 30
2441 30
2442 30
2443 30
2444 30
2445 30
2446 30
2447 30
2448 30
2449 30
2460 30
2461 30
2462 30
2463 30
2464 30
2465 30
2466 30
2467 30
2468 30
2469 30
2480 30
2481 30
2482 30
2483 30
2484 30
2485 30
2486 30
2487 30
2488 30
2489 30
2500 30
2501 30
2502 30
2503 30
2504 30
2505 30
2506 30
2507 30
2508 30
2509 30
2520 29
2521 29
2522 30
2523 30
2524 30
2525 30
2526 30
2527 30
2528 30
2529 30
2530 30
2531 30
2532 30
2543 30
2544 30
2545 30
2546 30
2547 30
2548 30
2549 30
2550 30
2551 30
2552 30
2563 31
2564 31
2565 31
2566 31
2567 31
2568 31
2569 31
2570 31
2571 31
2572 31
2583 31
2584 31
2585 31
2586 31
2587 31
2588 31
2589 31
2590 31
2591 31
2592 31
2603 31
2604 31
2605 31
2606 31
2607 31
2608 31
2609 31
2610 31
2611 31
2612 31
2623 31
2624 31
2625 31
2626 31
2627 31
2628 31
2629 31
2630 31
2631 31
2632 31
2643 31
2644 31
2645 31
2646 31
2647 31
2648 31
2649 31
2650 31
2651 31
2652 31
2663 31
2664 31
2665 31
2666 31
2667 31
2668 31
2669 31
2670 31
2671 31
2672 31
2683 31
2684 31
2685 31
2686 31
2687 31
2688 31
2689 31
2690 31
2691 31
2692 31
2703 31
2704 31
2705 31
2706 31
2707 31
2708 31
2709 31
2710 31
2711 31
2712 31
2723 31
2724 31
2725 31
2726 31
2727 31
2728 31
2729 31
2730 31
2731 31
2732 31
2743 31
2744 31
2745 31
2746 31
2747 31
2748 31
2749 31
2750 31
2751 31
2752 31
2753 31
2764 31
2765 31
2766 31
2767 31
2768 31
2769 31
2770 31
2771 31
2772 31
2773 33
2774 33
2775 33
2776 33
2777 33
2778 33
2779 33
2780 33
2781 33
2782 33
2783 33
2794 33
2795 33
2796 33
2797 33
2798 33
2799 33
2800 33
2801 33
2802 33
2803 33
2814 33
2815 33
2816 33
2817 33
2818 33
2819 33
2820 33
2821 33
2822 33
2823 33
2834 33
2835 33
2836 33
2837 33
2838 33
2839 33
2840 33
2841 33
2842 33
2843 33
2854 32
2855 33
2856 33
2857 33
2858 33
2859 33
2860 33
2861 33
2862 33
2863 33
2864 33
2865 33
2876 33
2877 33
2878 33
2879 33
2880 33
2881 33
2882 33
2883 33
2884 33
2885 33
2896 33
2897 33
2898 33
2899 33
2900 33
2901 33
2902 33
2903 33
2904 33
2905 33
2916 33
2917 33
2918 33
2919 33
2920 33
2921 33
2922 33
2923 33
2924 33
2925 33
2936 33
2937 33
2938 33
2939 33
2940 33
2941 33
2942 33
2943 33
2944 33
2945 33
2956 32
2957 32
2958 32
2959 32
2960 32
2961 32
2962 32
2963 32
2964 32
2965 32
2976 33
2977 33
2978 33
2979 33
2980 33
2981 33
2982 33
2983 33
2984 33
2985 33
2996 33
2997 33
2998 33
2999 33
3000 33
3001 33
3002 33
3003 33
3004 33
3005 33
3016 33
3017 33
3018 33
3019 33
3020 33
3021 33
3022 33
3023 33
3024 33
3025 33
3036 34
3037 34
3038 34
3039 34
3040 34
3041 34
3042 34
3043 34
3044 34
3045 34
3056 34
3057 34
3058 34
3059 34
3060 34
3061 34
3062 34
3063 34
3064 34
3065 34
3076 32
3077 32
3078 32
3079 32
3080 32
3081 32
3082 32
3083 32
3084 32
3085 32
3096 33
3097 33
3098 33
3099 33
3100 33
3101 33
3102 33
3103 33
3104 33
3105 33
3116 33
3117 33
3118 33
3119 33
3120 33
3121 33
3122 33
3123 33
3124 33
3125 33
3136 33
3137 33
3138 33
3139 33
3140 33
3141 33
3142 33
3143 33
3144 33
3145 33
3156 33
3157 33
3158 33
3159 33
3160 33
3161 33
3162 33
3163 33
3164 33
3165 33
3176 33
3177 33
3178 33
3179 33
3180 33
3181 33
3182 33
3183 33
3184 33
3185 33
3196 33
3197 33
3198 33
3199 33
3200 33
3201 33
3202 33
3203 33
3204 33
3205 33
3216 34
3217 34
3218 34
3219 34
3220 34
3221 34
3222 34
3223 34
3224 34
3225 34
3236 33
3237 33
3238 33
3239 33
3240 33
3241 33
3242 33
3243 33
3244 34
3245 34
3246 34
3247 34
3248 34
3249 34
3250 34
3251 34
3252 34
3253 34
3254 34
3265 34
3266 34
3267 34
3268 34
3269 34
3270 34
3271 34
3272 34
3273 34
3274 34
3285 34
3286 34
3287 34
3288 34
3289 34
3290 34
3291 34
3292 34
3293 34
3294 34
3305 33
3306 33
3307 33
3308 33
3309 33
3310 34
3311 34
3312 34
3313 34
3314 34
3315 34
3316 34
3317 34
3318 34
3319 34
3320 34
3331 33
3332 33
3333 33
3334 33
3335 33
3336 33
3337 33
3338 33
3339 33
3340 33
3351 34
3352 34
3353 34
3354 34
3355 34
3356 34
3357 34
3358 34
3359 34
3360 34
3371 35
3372 35
3373 35
3374 35
3375 35
3376 35
3377 35
3378 35
3379 35
3380 35
3391 34
3392 34
3393 34
3394 35
3395 35
3396 35
3397 35
3398 35
3399 35
3400 35
3401 35
3402 35
3403 35
3404 35
3415 36
3416 36
3417 36
3418 36
3419 36
3420 36
3421 36
3422 36
3423 36
3424 36
3435 35
3436 35
3437 35
3438 35
3439 35
3440 35
3441 35
3442 35
3443 35
3444 35
3455 36
3456 36
3457 36
3458 36
3459 36
3460 36
3461 36
3462 36
3463 36
3464 36
3475 35
3476 35
3477 35
3478 35
3479 35
3480 35
3481 35
3482 35
3483 35
3484 35
3495 36
3496 36
3497 36
3498 36
3499 36
3500 36
3501 36
3502 36
3503 36
3504 36
3515 36
3516 36
3517 36
3518 36
3519 36
3520 36
3521 36
3522 36
3523 36
3524 36
3535 35
3536 35
3537 35
3538 35
3539 35
3540 35
3541 35
3542 36
3543 36
3544 36
3545 36
3546 36
3547 36
3548 36
3549 36
3550 36
3551 36
3552 36
3563 35
3564 35
3565 35
3566 36
3567 36
3568 36
3569 36
3570 36
3571 36
3572 36
3573 36
3574 36
3575 36
3576 36
3587 36
3588 36
3589 36
3590 36
3591 36
3592 36
3593 36
3594 36
3595 36
3596 36
3607 36
3608 36
3609 36
3610 36
3611 36
3612 36
3613 36
3614 36
3615 36
3616 36
3627 36
3628 36
3629 36
3630 36
3631 36
3632 36
3633 36
3634 36
3635 36
3636 36
3647 36
3648 36
3649 36
3650 36
3651 36
3652 36
3653 36
3654 36
3655 36
3656 36
3667 36
3668 36
3669 36
3670 36
3671 36
3672 36
3673 36
3674 36
3675 36
3676 36
3687 36
3688 36
3689 36
3690 36
3691 36
3692 36
3693 36
3694 36
3695 36
3696 36
3707 36
3708 36
3709 36
3710 36
3711 36
3712 36
3713 36
3714 36
3715 36
3716 36
3727 36
3728 36
3729 36
3730 36
3731 36
3732 36
3733 36
3734 36
3735 36
3736 36
3747 36
3748 36
3749 36
3750 36
3751 36
3752 36
3753 36
3754 36
3755 36
3756 36
3767 36
3768 36
3769 36
3770 36
3771 36
3772 36
3773 36
3774 36
3775 36
3776 36
3787 36
3788 36
3789 36
3790 36
3791 36
3792 36
3793 36
3794 36
3795 36
3796 36
3807 36
3808 36
3809 36
3810 36
3811 36
3812 36
3813 36
3814 36
3815 36
3816 36
3827 36
3828 36
3829 36
3830 36
3831 36
3832 36
3833 36
3834 36
3835 36
3836 36
3847 35
3848 35
3849 35
3850 35
3851 35
3852 35
3853 35
3854 35
3855 35
3856 35
3867 36
3868 36
3869 36
3870 36
3871 36
3872 36
3873 36
3874 36
3875 36
3876 36
3887 36
3888 36
3889 36
3890 36
3891 36
3892 36
3893 36
3894 36
3895 36
3896 36
3907 35
3908 35
3909 36
3910 36
3911 36
3912 36
3913 36
3914 36
3915 36
3916 36
3917 36
3918 36
3919 36
3930 36
3931 36
3932 36
3933 36
3934 36
3935 36
3936 36
3937 36
3938 36
3939 36
3950 36
3951 36
3952 36
3953 36
3954 36
3955 36
3956 36
3957 36
3958 36
3959 36
3970 35
3971 35
3972 35
3973 35
3974 35
3975 35
3976 35
3977 35
3978 35
3979 35
3990 35
3991 35
3992 35
3993 35
3994 35
3995 35
3996 36
3997 36
3998 36
3999 36
4000 36
4001 36
4002 36
4003 36
4004 36
4005 36
4006 36
4017 36
4018 36
4019 36
4020 36
4021 36
4022 36
4023 36
4024 36
4025 36
4026 36
4037 35
4038 35
4039 36
4040 36
4041 36
4042 36
4043 36
4044 36
4045 36
4046 36
4047 36
4048 36
4049 36
4060 36
4061 36
4062 36
4063 36
4064 36
4065 36
4066 36
4067 36
4068 36
4069 36
4080 35
4081 35
4082 35
4083 35
4084 35
4085 35
4086 35
4087 35
4088 35
4089 35
4100 35
4101 35
4102 35
4103 35
4104 35
4105 35
4106 35
4107 35
4108 35
4109 35
4120 35
4121 35
4122 35
4123 35
4124 35
4125 35
4126 35
4127 35
4128 35
4129 35
4140 35
4141 35
4142 35
4143 35
4144 35
4145 35
4146 35
4147 36
4148 36
4149 36
4150 36
4151 36
4152 36
4153 36
4154 36
4155 36
4156 36
4157 36
4168 36
4169 36
4170 36
4171 36
4172 36
4173 36
4174 36
4175 36
4176 36
4177 36
4188 35
4189 35
4190 35
4191 35
4192 35
4193 35
4194 35
4195 35
4196 35
4197 35
4208 35
4209 35
4210 36
4211 36
4212 36
4213 36
4214 36
4215 36
4216 36
4217 36
4218 36
4219 36
4220 36
4231 36
4232 36
4233 36
4234 36
4235 36
4236 36
4237 36
4238 36
4239 36
4240 36
4251 36
4252 36
4253 36
4254 36
4255 36
4256 36
4257 36
4258 36
4259 36
4260 36
4271 36
4272 36
4273 36
4274 36
4275 36
4276 36
4277 36
4278 36
4279 36
4280 36
4291 35
4292 35
4293 35
4294 35
4295 35
4296 35
4297 35
4298 35
4299 35
4300 35
4311 36
4312 36
4313 36
4314 36
4315 36
4316 36
4317 36
4318 36
4319 36
4320 36
4331 36
4332 36
4333 36
4334 36
4335 36
4336 36
4337 36
4338 36
4339 36
4340 36
4351 35
4352 35
4353 35
4354 35
4355 35
4356 35
4357 35
4358 35
4359 35
4360 35
4371 34
4372 34
4373 34
4374 34
4375 34
4376 34
4377 34
4378 34
4379 34
4380 34
4391 35
4392 35
4393 35
4394 35
4395 35
4396 35
4397 35
4398 35
4399 35
4400 35
4411 34
4412 34
4413 34
4414 34
4415 34
4416 34
4417 35
4418 35
4419 35
4420 35
4421 35
4422 35
4423 35
4424 35
4425 35
4426 35
4427 35
4438 35
4439 35
4440 35
4441 35
4442 35
4443 35
4444 35
4445 35
4446 35
4447 35
4458 35
4459 35
4460 35
4461 35
4462 35
4463 35
4464 35
4465 35
4466 35
4467 35
4478 35
4479 35
4480 35
4481 35
4482 35
4483 35
4484 35
4485 35
4486 35
4487 35
4498 35
4499 35
4500 35
4501 35
4502 35
4503 35
4504 35
4505 35
4506 35
4507 35
4518 34
4519 34
4520 34
4521 34
4522 34
4523 34
4524 34
4525 34
4526 34
4527 34
4538 33
4539 33
4540 33
4541 33
4542 33
4543 34
4544 34
4545 34
4546 35
4547 35
4548 35
4549 35
4550 35
4551 35
4552 35
4553 35
4554 35
4555 35
4556 35
4567 34
4568 35
4569 35
4570 35
4571 35
4572 35
4573 35
4574 35
4575 35
4576 35
4577 35
4578 35
4589 35
4590 35
4591 35
4592 35
4593 35
4594 35
4595 35
4596 35
4597 35
4598 35
4609 35
4610 35
4611 35
4612 35
4613 35
4614 35
4615 35
4616 35
4617 35
4618 35
4629 35
4630 35
4631 35
4632 35
4633 35
4634 35
4635 35
4636 35
4637 35
4638 35
4649 34
4650 34
4651 34
4652 34
4653 34
4654 34
4655 34
4656 34
4657 34
4658 34
4669 33
4670 33
4671 33
4672 33
4673 33
4674 33
4675 33
4676 33
4677 33
4678 33
4689 33
4690 34
4691 34
4692 34
4693 34
4694 34
4695 34
4696 34
4697 34
4698 34
4699 34
4700 34
4711 34
4712 34
4713 34
4714 34
4715 34
4716 34
4717 34
4718 34
4719 34
4720 34
4731 33
4732 33
4733 33
4734 33
4735 33
4736 33
4737 33
4738 33
4739 34
4740 34
4741 34
4742 34
4743 34
4744 34
4745 34
4746 34
4747 34
4748 34
4749 35
4750 35
4751 35
4752 35
4753 35
4754 35
4755 35
4756 35
4757 35
4758 35
4759 35
4770 35
4771 35
4772 35
4773 35
4774 35
4775 35
4776 35
4777 35
4778 35
4779 35
4790 35
4791 35
4792 35
4793 35
4794 35
4795 35
4796 35
4797 35
4798 35
4799 35
4810 35
4811 35
4812 35
4813 35
4814 35
4815 35
4816 35
4817 35
4818 35
4819 35
4830 34
4831 34
4832 34
4833 34
4834 34
4835 34
4836 34
4837 34
4838 34
4839 34
4850 34
4851 35
4852 35
4853 35
4854 35
4855 35
4856 35
4857 35
4858 35
4859 35
4860 35
4861 35
4872 34
4873 34
4874 34
4875 34
4876 34
4877 34
4878 34
4879 34
4880 35
4881 35
4882 35
4883 35
4884 35
4885 35
4886 35
4887 35
4888 35
4889 35
4890 35
4901 35
4902 35
4903 35
4904 35
4905 35
4906 35
4907 35
4908 35
4909 35
4910 35
4921 34
4922 34
4923 34
4924 35
4925 35
4926 35
4927 35
4928 35
4929 35
4930 35
4931 35
4932 35
4933 35
4934 35
4945 35
4946 35
4947 35
4948 35
4949 35
4950 35
4951 35
4952 35
4953 35
4954 35
4965 34
4966 34
4967 34
4968 34
4969 34
4970 35
4971 35
4972 35
4973 35
4974 35
4975 35
4976 35
4977 35
4978 35
4979 35
4980 35
4991 34
4992 35
4993 35
4994 35
4995 35
4996 35
4997 35
4998 35
4999 35
