0 3821.0
1 3708.0
2 3594.0
3 3467.0
4 3392.0
5 2850.0
6 2850.0
7 2850.0
8 2850.0
9 2850.0
10 2822.0
11 2822.0
12 2822.0
13 2818.0
14 2798.0
15 2096.0
16 2096.0
17 2096.0
18 2096.0
19 2096.0
20 2093.0
21 2093.0
22 2064.0
23 2064.0
24 1983.0
25 1983.0
26 1805.0
27 1789.0
28 1789.0
29 1789.0
30 1725.0
31 1725.0
32 1725.0
33 1725.0
34 1725.0
35 1654.0
36 1654.0
37 1654.0
38 1654.0
39 1652.0
40 1651.0
41 1651.0
42 1640.0
43 1640.0
44 1640.0
45 1640.0
46 1640.0
47 1634.0
48 1634.0
49 1614.0
50 1614.0
51 1614.0
52 1614.0
53 1614.0
54 1614.0
55 1614.0
56 1614.0
57 1614.0
58 1614.0
59 1614.0
70 1602.0
71 1602.0
72 1602.0
73 1602.0
74 1601.0
75 1585.0
76 1585.0
77 1585.0
78 1585.0
79 1585.0
80 1585.0
81 1585.0
82 1585.0
83 1585.0
84 1580.0
85 1580.0
86 1580.0
87 1577.0
88 1567.0
89 1567.0
90 1567.0
91 1567.0
92 1567.0
93 1567.0
94 1567.0
95 1567.0
96 1567.0
97 1567.0
98 1567.0
109 1467.0
110 1236.0
111 1236.0
112 1236.0
113 1236.0
114 1236.0
115 1236.0
116 1236.0
117 1236.0
118 1236.0
119 1236.0
120 1236.0
131 1199.0
132 1199.0
133 1199.0
134 1199.0
135 1199.0
136 1199.0
137 1199.0
138 1197.0
139 1197.0
140 1197.0
141 1197.0
142 1197.0
143 1197.0
144 1197.0
145 1197.0
146 1197.0
147 1197.0
148 1197.0
159 1482.0
160 1462.0
161 1462.0
162 1462.0
163 1462.0
164 1462.0
165 1462.0
166 1462.0
167 1456.0
168 1456.0
169 1456.0
170 1456.0
171 1456.0
172 1456.0
173 1456.0
174 1456.0
175 1456.0
176 1456.0
177 1456.0
188 1466.0
189 1466.0
190 1466.0
191 1464.0
192 1326.0
193 1326.0
194 1326.0
195 1326.0
196 1326.0
197 1326.0
198 1326.0
199 1326.0
200 1326.0
201 1326.0
202 1326.0
213 1290.0
214 1290.0
215 1290.0
216 1290.0
217 1290.0
218 1290.0
219 1290.0
220 1290.0
221 1290.0
222 1290.0
233 1288.0
234 1279.0
235 1255.0
236 1255.0
237 1255.0
238 1255.0
239 1255.0
240 1255.0
241 1255.0
242 1255.0
243 1210.0
244 1154.0
245 1154.0
246 1154.0
247 1154.0
248 1154.0
249 1148.0
250 1148.0
251 1148.0
252 1143.0
253 1143.0
254 1143.0
255 1143.0
256 1143.0
257 1143.0
258 1143.0
259 1143.0
260 1143.0
261 1143.0
262 1143.0
273 1148.0
274 1140.0
275 1140.0
276 1140.0
277 1131.0
278 1131.0
279 1131.0
280 1131.0
281 1131.0
282 1131.0
283 1131.0
284 1131.0
285 1131.0
286 1131.0
287 1131.0
298 1149.0
299 1149.0
300 1149.0
301 1149.0
302 1149.0
303 1149.0
304 1148.0
305 1143.0
306 1143.0
307 1143.0
308 1143.0
309 1143.0
310 1143.0
311 1143.0
312 1143.0
313 1143.0
314 1143.0
315 1143.0
326 1136.0
327 1136.0
328 1136.0
329 1136.0
330 1136.0
331 1136.0
332 1136.0
333 1136.0
334 1136.0
335 1136.0
346 1168.0
347 1150.0
348 1150.0
349 1106.0
350 1106.0
351 1106.0
352 1106.0
353 1106.0
354 1106.0
355 1106.0
356 1106.0
357 1106.0
358 1106.0
359 1106.0
370 1117.0
371 1117.0
372 1117.0
373 1117.0
374 1114.0
375 1114.0
376 1112.0
377 1103.0
378 1103.0
379 1103.0
380 1103.0
381 1088.0
382 1088.0
383 1088.0
384 1088.0
385 1088.0
386 1074.0
387 1074.0
388 1074.0
389 1074.0
390 1074.0
391 1074.0
392 1074.0
393 1074.0
394 1070.0
395 1070.0
396 1070.0
397 1070.0
398 1070.0
399 1070.0
400 1050.0
401 1050.0
402 1050.0
403 1050.0
404 1050.0
405 1050.0
406 1050.0
407 1050.0
408 1050.0
409 1050.0
410 1050.0
421 1070.0
422 1070.0
423 1070.0
424 1070.0
425 1070.0
426 1070.0
427 1070.0
428 1070.0
429 1070.0
430 1064.0
431 1053.0
432 1053.0
433 1053.0
434 1053.0
435 1053.0
436 1006.0
437 1006.0
438 1006.0
439 1006.0
440 1006.0
441 1006.0
442 1006.0
443 1006.0
444 1006.0
445 1006.0
446 1006.0
457 1104.0
458 1104.0
459 1104.0
460 1104.0
461 1000.0
462 1000.0
463 1000.0
464 1000.0
465 1000.0
466 1000.0
467 994.0
468 994.0
469 994.0
470 994.0
471 994.0
472 994.0
473 994.0
474 994.0
475 994.0
476 994.0
477 994.0
488 987.0
489 987.0
490 987.0
491 987.0
492 987.0
493 987.0
494 987.0
495 987.0
496 987.0
497 987.0
498 987.0
509 1000.0
510 1000.0
511 1000.0
512 1000.0
513 1000.0
514 1000.0
515 1000.0
516 988.0
517 988.0
518 988.0
519 988.0
520 988.0
521 988.0
522 988.0
523 988.0
524 988.0
525 988.0
526 988.0
537 1022.0
538 1022.0
539 1022.0
540 1022.0
541 1007.0
542 1007.0
543 1007.0
544 1007.0
545 1007.0
546 1007.0
547 1007.0
548 1007.0
549 1007.0
550 1007.0
551 1007.0
562 1097.0
563 1084.0
564 1084.0
565 1084.0
566 1084.0
567 1084.0
568 1084.0
569 1081.0
570 1081.0
571 1081.0
572 1080.0
573 1080.0
574 1079.0
575 1054.0
576 1002.0
577 1002.0
578 1002.0
579 1002.0
580 1002.0
581 1002.0
582 1002.0
583 1002.0
584 992.0
585 992.0
586 992.0
587 992.0
588 992.0
589 992.0
590 992.0
591 992.0
592 992.0
593 992.0
594 992.0
605 1097.0
606 1021.0
607 1001.0
608 1001.0
609 1001.0
610 1001.0
611 1001.0
612 1001.0
613 1001.0
614 1001.0
615 999.0
616 999.0
617 999.0
618 999.0
619 999.0
620 999.0
621 999.0
622 999.0
623 999.0
624 999.0
625 999.0
636 997.0
637 997.0
638 997.0
639 997.0
640 997.0
641 997.0
642 997.0
643 997.0
644 997.0
645 997.0
656 995.0
657 995.0
658 995.0
659 995.0
660 984.0
661 984.0
662 984.0
663 984.0
664 984.0
665 984.0
666 984.0
667 984.0
668 984.0
669 984.0
670 984.0
681 1043.0
682 1043.0
683 1013.0
684 999.0
685 999.0
686 999.0
687 995.0
688 995.0
689 991.0
690 991.0
691 991.0
692 991.0
693 991.0
694 991.0
695 991.0
696 991.0
697 991.0
698 991.0
699 991.0
710 996.0
711 996.0
712 996.0
713 996.0
714 996.0
715 996.0
716 996.0
717 996.0
718 996.0
719 996.0
720 996.0
731 1132.0
732 1132.0
733 1120.0
734 1112.0
735 1112.0
736 1112.0
737 1112.0
738 1112.0
739 1112.0
740 1112.0
741 1108.0
742 1108.0
743 1108.0
744 1108.0
745 1108.0
746 1108.0
747 1108.0
748 1108.0
749 1108.0
750 1108.0
751 1108.0
762 1111.0
763 1111.0
764 1111.0
765 1111.0
766 1111.0
767 1111.0
768 1111.0
769 1111.0
770 1111.0
771 1111.0
782 1094.0
783 1094.0
784 1094.0
785 1094.0
786 1094.0
787 1094.0
788 1094.0
789 1094.0
790 1094.0
791 1094.0
802 1184.0
803 1138.0
804 1132.0
805 1132.0
806 1132.0
807 1108.0
808 1108.0
809 1108.0
810 1108.0
811 1108.0
812 1086.0
813 1086.0
814 1005.0
815 1005.0
816 1005.0
817 1005.0
818 1005.0
819 1005.0
820 1005.0
821 1005.0
822 978.0
823 978.0
824 978.0
825 978.0
826 978.0
827 978.0
828 978.0
829 978.0
830 978.0
831 978.0
832 978.0
843 984.0
844 984.0
845 984.0
846 984.0
847 984.0
848 984.0
849 984.0
850 984.0
851 984.0
852 984.0
863 1230.0
864 1230.0
865 1230.0
866 1230.0
867 1230.0
868 1148.0
869 1148.0
870 1148.0
871 1080.0
872 1080.0
873 1080.0
874 1080.0
875 1080.0
876 1080.0
877 1080.0
878 1068.0
879 1068.0
880 1068.0
881 1068.0
882 1068.0
883 1068.0
884 979.0
885 979.0
886 979.0
887 979.0
888 979.0
889 979.0
890 979.0
891 979.0
892 979.0
893 979.0
894 979.0
905 1055.0
906 1055.0
907 1055.0
908 1055.0
909 1055.0
910 1055.0
911 1055.0
912 1055.0
913 1055.0
914 1055.0
925 1001.0
926 1001.0
927 1001.0
928 1001.0
929 1001.0
930 1001.0
931 1001.0
932 1001.0
933 1001.0
934 1001.0
935 1001.0
946 1014.0
947 1014.0
948 1014.0
949 1014.0
950 1014.0
951 1014.0
952 1014.0
953 1014.0
954 1014.0
955 1014.0
966 1111.0
967 1111.0
968 1111.0
969 1111.0
970 1055.0
971 1055.0
972 1055.0
973 1055.0
974 1055.0
975 1052.0
976 1052.0
977 1052.0
978 1052.0
979 1052.0
980 1052.0
981 1052.0
982 1049.0
983 1049.0
984 1049.0
985 1049.0
986 1049.0
987 1049.0
988 1049.0
989 1045.0
990 1045.0
991 1045.0
992 1045.0
993 1045.0
994 1045.0
995 1045.0
996 1045.0
997 1045.0
998 1045.0
999 1043.0
1000 1043.0
1001 1043.0
1002 1043.0
1003 1043.0
1004 1043.0
1005 1043.0
1006 1043.0
1007 1043.0
1008 1043.0
1009 1043.0
1020 1074.0
1021 1074.0
1022 1074.0
1023 1074.0
1024 1074.0
1025 1074.0
1026 1074.0
1027 1074.0
1028 1074.0
1029 1074.0
1040 993.0
1041 993.0
1042 993.0
1043 993.0
1044 993.0
1045 993.0
1046 993.0
1047 993.0
1048 993.0
1049 993.0
1060 1116.0
1061 1116.0
1062 1116.0
1063 1116.0
1064 1116.0
1065 1116.0
1066 1116.0
1067 1116.0
1068 1116.0
1069 1116.0
1080 1115.0
1081 1091.0
1082 1079.0
1083 1069.0
1084 1049.0
1085 1049.0
1086 1049.0
1087 1020.0
1088 1020.0
1089 1020.0
1090 1020.0
1091 1020.0
1092 1020.0
1093 1020.0
1094 1020.0
1095 1020.0
1096 1020.0
1097 1020.0
1108 1214.0
1109 1214.0
1110 1214.0
1111 1214.0
1112 1206.0
1113 1206.0
1114 1178.0
1115 1178.0
1116 1159.0
1117 1159.0
1118 1159.0
1119 1159.0
1120 1159.0
1121 1159.0
1122 1159.0
1123 1127.0
1124 1127.0
1125 1112.0
1126 1093.0
1127 1093.0
1128 1093.0
1129 1093.0
1130 1093.0
1131 1093.0
1132 1093.0
1133 1093.0
1134 1085.0
1135 1085.0
1136 1085.0
1137 1085.0
1138 1085.0
1139 1085.0
1140 1085.0
1141 1083.0
1142 1083.0
1143 1083.0
1144 1083.0
1145 1083.0
1146 1083.0
1147 1066.0
1148 1060.0
1149 1060.0
1150 1060.0
1151 1060.0
1152 1060.0
1153 1060.0
1154 1060.0
1155 1060.0
1156 1060.0
1157 1060.0
1158 1060.0
1169 1246.0
1170 1246.0
1171 1239.0
1172 1239.0
1173 1239.0
1174 1239.0
1175 1239.0
1176 1239.0
1177 1191.0
1178 1191.0
1179 1191.0
1180 1191.0
1181 1191.0
1182 1177.0
1183 1156.0
1184 1156.0
1185 1156.0
1186 1156.0
1187 1156.0
1188 1156.0
1189 1156.0
1190 1156.0
1191 1156.0
1192 1156.0
1193 1156.0
1204 1240.0
1205 1240.0
1206 1240.0
1207 1240.0
1208 1240.0
1209 1240.0
1210 1240.0
1211 1169.0
1212 1169.0
1213 1169.0
1214 1169.0
1215 1169.0
1216 1169.0
1217 1169.0
1218 1169.0
1219 1169.0
1220 1169.0
1221 1169.0
1232 1191.0
1233 1191.0
1234 1191.0
1235 1191.0
1236 1191.0
1237 1191.0
1238 1191.0
1239 1191.0
1240 1191.0
1241 1191.0
1252 1194.0
1253 1194.0
1254 1194.0
1255 1194.0
1256 1194.0
1257 1194.0
1258 1194.0
1259 1194.0
1260 1194.0
1261 1194.0
1272 1062.0
1273 1062.0
1274 1062.0
1275 1062.0
1276 1062.0
1277 1062.0
1278 1062.0
1279 1062.0
1280 1062.0
1281 1062.0
1292 1275.0
1293 1275.0
1294 1275.0
1295 1275.0
1296 1275.0
1297 1275.0
1298 1275.0
1299 1275.0
1300 1275.0
1301 1274.0
1302 1274.0
1303 1274.0
1304 1264.0
1305 1264.0
1306 1084.0
1307 1084.0
1308 1084.0
1309 1084.0
1310 1084.0
1311 1084.0
1312 1084.0
1313 1084.0
1314 1084.0
1315 1084.0
1316 1084.0
1327 1106.0
1328 1106.0
1329 1096.0
1330 1096.0
1331 1096.0
1332 1085.0
1333 1085.0
1334 1085.0
1335 1085.0
1336 1085.0
1337 1085.0
1338 1085.0
1339 1085.0
1340 1085.0
1341 1085.0
1342 1085.0
1353 1126.0
1354 1126.0
1355 1126.0
1356 1126.0
1357 1126.0
1358 1113.0
1359 1113.0
1360 1113.0
1361 1113.0
1362 1113.0
1363 1113.0
1364 1113.0
1365 1101.0
1366 1101.0
1367 1101.0
1368 1101.0
1369 1101.0
1370 1101.0
1371 1101.0
1372 1101.0
1373 1101.0
1374 1101.0
1375 1101.0
1386 1277.0
1387 1207.0
1388 1207.0
1389 1207.0
1390 1207.0
1391 1207.0
1392 1207.0
1393 1207.0
1394 1207.0
1395 1207.0
1396 1207.0
1397 1207.0
1408 1419.0
1409 1419.0
1410 1419.0
1411 1126.0
1412 1126.0
1413 1126.0
1414 1126.0
1415 1126.0
1416 1126.0
1417 1126.0
1418 1126.0
1419 1090.0
1420 1090.0
1421 1090.0
1422 1090.0
1423 1090.0
1424 1090.0
1425 1090.0
1426 1086.0
1427 1086.0
1428 1086.0
1429 1086.0
1430 1066.0
1431 1066.0
1432 1066.0
1433 1066.0
1434 1066.0
1435 1066.0
1436 1066.0
1437 1066.0
1438 1066.0
1439 1066.0
1440 1066.0
1451 1064.0
1452 1064.0
1453 1064.0
1454 1064.0
1455 1064.0
1456 1064.0
1457 1064.0
1458 1050.0
1459 1050.0
1460 1050.0
1461 1050.0
1462 1050.0
1463 1050.0
1464 1050.0
1465 1050.0
1466 1050.0
1467 1050.0
1468 1041.0
1469 1041.0
1470 1041.0
1471 1041.0
1472 1041.0
1473 1041.0
1474 1041.0
1475 1041.0
1476 1041.0
1477 995.0
1478 995.0
1479 995.0
1480 995.0
1481 995.0
1482 989.0
1483 987.0
1484 987.0
1485 987.0
1486 987.0
1487 987.0
1488 987.0
1489 987.0
1490 987.0
1491 987.0
1492 987.0
1493 987.0
1504 993.0
1505 993.0
1506 993.0
1507 993.0
1508 993.0
1509 993.0
1510 993.0
1511 993.0
1512 993.0
1513 980.0
1514 980.0
1515 980.0
1516 980.0
1517 980.0
1518 980.0
1519 980.0
1520 980.0
1521 980.0
1522 980.0
1523 980.0
1534 1029.0
1535 1029.0
1536 1029.0
1537 1029.0
1538 1029.0
1539 1029.0
1540 1029.0
1541 1029.0
1542 1029.0
1543 1029.0
1554 1106.0
1555 1003.0
1556 1003.0
1557 1003.0
1558 1003.0
1559 1003.0
1560 1003.0
1561 1003.0
1562 1003.0
1563 1003.0
1564 1003.0
1565 1003.0
1576 1011.0
1577 1011.0
1578 1011.0
1579 1011.0
1580 1011.0
1581 991.0
1582 991.0
1583 991.0
1584 991.0
1585 991.0
1586 991.0
1587 991.0
1588 991.0
1589 991.0
1590 991.0
1591 991.0
1602 1080.0
1603 1080.0
1604 1079.0
1605 1045.0
1606 1039.0
1607 1018.0
1608 1018.0
1609 1018.0
1610 1018.0
1611 1018.0
1612 1014.0
1613 1014.0
1614 1014.0
1615 984.0
1616 980.0
1617 980.0
1618 980.0
1619 980.0
1620 980.0
1621 980.0
1622 980.0
1623 980.0
1624 980.0
1625 980.0
1626 980.0
1637 1094.0
1638 1050.0
1639 1050.0
1640 1050.0
1641 1050.0
1642 1050.0
1643 1050.0
1644 1042.0
1645 1042.0
1646 1042.0
1647 1042.0
1648 1042.0
1649 1042.0
1650 1042.0
1651 1042.0
1652 1042.0
1653 1042.0
1654 1042.0
1665 1047.0
1666 1047.0
1667 1047.0
1668 1047.0
1669 1047.0
1670 1047.0
1671 1047.0
1672 1047.0
1673 1047.0
1674 1047.0
1675 1041.0
1676 973.0
1677 973.0
1678 973.0
1679 973.0
1680 973.0
1681 958.0
1682 958.0
1683 958.0
1684 958.0
1685 958.0
1686 958.0
1687 958.0
1688 958.0
1689 958.0
1690 958.0
1691 958.0
1702 1022.0
1703 1022.0
1704 1022.0
1705 1022.0
1706 1005.0
1707 1005.0
1708 1005.0
1709 1005.0
1710 1005.0
1711 1005.0
1712 1005.0
1713 1005.0
1714 1005.0
1715 1005.0
1716 1005.0
1727 1013.0
1728 1013.0
1729 1013.0
1730 1013.0
1731 1013.0
1732 1013.0
1733 1013.0
1734 1013.0
1735 1013.0
1736 1013.0
1747 1015.0
1748 1015.0
1749 1015.0
1750 1015.0
1751 1015.0
1752 1015.0
1753 1015.0
1754 1015.0
1755 1015.0
1756 1015.0
1767 1123.0
1768 1108.0
1769 1108.0
1770 1108.0
1771 1108.0
1772 1108.0
1773 1108.0
1774 1104.0
1775 1104.0
1776 1104.0
1777 1104.0
1778 1104.0
1779 1104.0
1780 1104.0
1781 1064.0
1782 1064.0
1783 1064.0
1784 1064.0
1785 1064.0
1786 1064.0
1787 1064.0
1788 1064.0
1789 1064.0
1790 1064.0
1791 1064.0
1802 1072.0
1803 1072.0
1804 1072.0
1805 1058.0
1806 1058.0
1807 1058.0
1808 1058.0
1809 1058.0
1810 1058.0
1811 1058.0
1812 1058.0
1813 1058.0
1814 1058.0
1815 1058.0
1826 1052.0
1827 1031.0
1828 1031.0
1829 1031.0
1830 1031.0
1831 1031.0
1832 1031.0
1833 1031.0
1834 1031.0
1835 1031.0
1836 1031.0
1837 1031.0
1848 1037.0
1849 1037.0
1850 1024.0
1851 1024.0
1852 1024.0
1853 1024.0
1854 1024.0
1855 1024.0
1856 1024.0
1857 1024.0
1858 1024.0
1859 1024.0
1860 1024.0
1871 1048.0
1872 1048.0
1873 1048.0
1874 1048.0
1875 1048.0
1876 1048.0
1877 1048.0
1878 1048.0
1879 1031.0
1880 1031.0
1881 1031.0
1882 1031.0
1883 1031.0
1884 1031.0
1885 1031.0
1886 1031.0
1887 1031.0
1888 1031.0
1889 1031.0
1900 1085.0
1901 1085.0
1902 1081.0
1903 1075.0
1904 1075.0
1905 1075.0
1906 1075.0
1907 1075.0
1908 1075.0
1909 1075.0
1910 1075.0
1911 1075.0
1912 1075.0
1913 1075.0
1924 1197.0
1925 1197.0
1926 1197.0
1927 1197.0
1928 1197.0
1929 1184.0
1930 1184.0
1931 1184.0
1932 1184.0
1933 1085.0
1934 1085.0
1935 1085.0
1936 1082.0
1937 1076.0
1938 1040.0
1939 1011.0
1940 1011.0
1941 1011.0
1942 1011.0
1943 1011.0
1944 1011.0
1945 1011.0
1946 1011.0
1947 1011.0
1948 1011.0
1949 1011.0
1960 1030.0
1961 1030.0
1962 1030.0
1963 1030.0
1964 1030.0
1965 1030.0
1966 1030.0
1967 1030.0
1968 1030.0
1969 1030.0
1980 1103.0
1981 1103.0
1982 1103.0
1983 1103.0
1984 1103.0
1985 1103.0
1986 1094.0
1987 1091.0
1988 1088.0
1989 1088.0
1990 1088.0
1991 1081.0
1992 1078.0
1993 1078.0
1994 1078.0
1995 1078.0
1996 1078.0
1997 1078.0
1998 1078.0
1999 1078.0
2000 1069.0
2001 1069.0
2002 1069.0
2003 1069.0
2004 1069.0
2005 1059.0
2006 1059.0
2007 1053.0
2008 1053.0
2009 1053.0
2010 1053.0
2011 1053.0
2012 1041.0
2013 1041.0
2014 1041.0
2015 1041.0
2016 1041.0
2017 1038.0
2018 1038.0
2019 1038.0
2020 1038.0
2021 1038.0
2022 1038.0
2023 1038.0
2024 1038.0
2025 1038.0
2026 1038.0
2027 1034.0
2028 1034.0
2029 1034.0
2030 1002.0
2031 1002.0
2032 1002.0
2033 1002.0
2034 1002.0
2035 1002.0
2036 1002.0
2037 1002.0
2038 1002.0
2039 1002.0
2040 1002.0
2051 1070.0
2052 1057.0
2053 1044.0
2054 1044.0
2055 1044.0
2056 1044.0
2057 1044.0
2058 1033.0
2059 1029.0
2060 1029.0
2061 1029.0
2062 1029.0
2063 1029.0
2064 1029.0
2065 1029.0
2066 1029.0
2067 1029.0
2068 1029.0
2069 1029.0
2080 1019.0
2081 1019.0
2082 1019.0
2083 1019.0
2084 1019.0
2085 1019.0
2086 1019.0
2087 1019.0
2088 1019.0
2089 1019.0
2100 1050.0
2101 1050.0
2102 1050.0
2103 1050.0
2104 1050.0
2105 1050.0
2106 1050.0
2107 1050.0
2108 1050.0
2109 1050.0
2120 1099.0
2121 1099.0
2122 1099.0
2123 1099.0
2124 1099.0
2125 1099.0
2126 1074.0
2127 1074.0
2128 1074.0
2129 1074.0
2130 1074.0
2131 1074.0
2132 1074.0
2133 1074.0
2134 1074.0
2135 1074.0
2136 1074.0
2147 1036.0
2148 1036.0
2149 1036.0
2150 1036.0
2151 1036.0
2152 1036.0
2153 1036.0
2154 1032.0
2155 1032.0
2156 1032.0
2157 1032.0
2158 1032.0
2159 1032.0
2160 1032.0
2161 1032.0
2162 1032.0
2163 1032.0
2164 1032.0
2175 1141.0
2176 1141.0
2177 1141.0
2178 1141.0
2179 1141.0
2180 1129.0
2181 1129.0
2182 1121.0
2183 1121.0
2184 1121.0
2185 1121.0
2186 1097.0
2187 1097.0
2188 1097.0
2189 1097.0
2190 1097.0
2191 1097.0
2192 1097.0
2193 1097.0
2194 1097.0
2195 1097.0
2196 1097.0
2207 1101.0
2208 1063.0
2209 1063.0
2210 1063.0
2211 1063.0
2212 1063.0
2213 1063.0
2214 1063.0
2215 1063.0
2216 1063.0
2217 1063.0
2218 1063.0
2229 1270.0
2230 1270.0
2231 1270.0
2232 1270.0
2233 1063.0
2234 1063.0
2235 1063.0
2236 1063.0
2237 1063.0
2238 1063.0
2239 1063.0
2240 1063.0
2241 1063.0
2242 1063.0
2243 1063.0
2254 1116.0
2255 1116.0
2256 1111.0
2257 1046.0
2258 1046.0
2259 1046.0
2260 1046.0
2261 1046.0
2262 1046.0
2263 1046.0
2264 1046.0
2265 1046.0
2266 1046.0
2267 1046.0
2278 1104.0
2279 1104.0
2280 1104.0
2281 1104.0
2282 1078.0
2283 1078.0
2284 1078.0
2285 1078.0
2286 1078.0
2287 1078.0
2288 1078.0
2289 1078.0
2290 1078.0
2291 1078.0
2292 1078.0
2303 1071.0
2304 1071.0
2305 1071.0
2306 1013.0
2307 1013.0
2308 1013.0
2309 1013.0
2310 1013.0
2311 1013.0
2312 1013.0
2313 1013.0
2314 1013.0
2315 1013.0
2316 1013.0
2327 1018.0
2328 1018.0
2329 1018.0
2330 1018.0
2331 1018.0
2332 1018.0
2333 1018.0
2334 1018.0
2335 1018.0
2336 1018.0
2347 1063.0
2348 1063.0
2349 1063.0
2350 1063.0
2351 1057.0
2352 1047.0
2353 1047.0
2354 1047.0
2355 1047.0
2356 1047.0
2357 1047.0
2358 1047.0
2359 1047.0
2360 1027.0
2361 1027.0
2362 1027.0
2363 1027.0
2364 1027.0
2365 1027.0
2366 1027.0
2367 1027.0
2368 1027.0
2369 1027.0
2370 1027.0
2381 1029.0
2382 1029.0
2383 1029.0
2384 1023.0
2385 995.0
2386 995.0
2387 995.0
2388 995.0
2389 995.0
2390 995.0
2391 995.0
2392 995.0
2393 984.0
2394 984.0
2395 984.0
2396 984.0
2397 984.0
2398 984.0
2399 984.0
2400 984.0
2401 984.0
2402 984.0
2403 984.0
2414 998.0
2415 998.0
2416 998.0
2417 998.0
2418 998.0
2419 998.0
2420 998.0
2421 998.0
2422 998.0
2423 998.0
2434 994.0
2435 994.0
2436 994.0
2437 994.0
2438 994.0
2439 994.0
2440 981.0
2441 981.0
2442 981.0
2443 981.0
2444 981.0
2445 981.0
2446 981.0
2447 981.0
2448 981.0
2449 981.0
2450 981.0
2461 963.0
2462 963.0
2463 963.0
2464 963.0
2465 963.0
2466 963.0
2467 963.0
2468 963.0
2469 963.0
2470 963.0
2481 1050.0
2482 1041.0
2483 1041.0
2484 1041.0
2485 1041.0
2486 1041.0
2487 1041.0
2488 1041.0
2489 1041.0
2490 1041.0
2491 1041.0
2492 1041.0
2503 996.0
2504 996.0
2505 996.0
2506 996.0
2507 996.0
2508 996.0
2509 996.0
2510 996.0
2511 992.0
2512 992.0
2513 992.0
2514 992.0
2515 992.0
2516 992.0
2517 992.0
2518 988.0
2519 982.0
2520 982.0
2521 982.0
2522 982.0
2523 982.0
2524 982.0
2525 982.0
2526 982.0
2527 982.0
2528 982.0
2529 982.0
2540 1037.0
2541 1032.0
2542 1032.0
2543 1032.0
2544 1016.0
2545 1009.0
2546 1009.0
2547 1009.0
2548 1009.0
2549 1009.0
2550 1005.0
2551 1005.0
2552 1005.0
2553 1005.0
2554 1005.0
2555 982.0
2556 982.0
2557 982.0
2558 982.0
2559 982.0
2560 982.0
2561 982.0
2562 982.0
2563 982.0
2564 982.0
2565 982.0
2576 1049.0
2577 1049.0
2578 1049.0
2579 1019.0
2580 1019.0
2581 1019.0
2582 1019.0
2583 1019.0
2584 1019.0
2585 1019.0
2586 994.0
2587 994.0
2588 994.0
2589 984.0
2590 984.0
2591 984.0
2592 984.0
2593 984.0
2594 984.0
2595 984.0
2596 984.0
2597 984.0
2598 984.0
2599 984.0
2610 1012.0
2611 1012.0
2612 1012.0
2613 1012.0
2614 1012.0
2615 1009.0
2616 1009.0
2617 1009.0
2618 992.0
2619 992.0
2620 992.0
2621 992.0
2622 992.0
2623 992.0
2624 992.0
2625 992.0
2626 992.0
2627 992.0
2628 992.0
2639 983.0
2640 983.0
2641 983.0
2642 983.0
2643 983.0
2644 981.0
2645 981.0
2646 981.0
2647 981.0
2648 981.0
2649 981.0
2650 981.0
2651 981.0
2652 981.0
2653 957.0
2654 957.0
2655 957.0
2656 957.0
2657 957.0
2658 957.0
2659 957.0
2660 957.0
2661 957.0
2662 957.0
2663 957.0
2674 1021.0
2675 1021.0
2676 1021.0
2677 1021.0
2678 969.0
2679 967.0
2680 967.0
2681 954.0
2682 954.0
2683 954.0
2684 954.0
2685 954.0
2686 954.0
2687 954.0
2688 954.0
2689 954.0
2690 954.0
2691 954.0
2702 965.0
2703 965.0
2704 965.0
2705 965.0
2706 956.0
2707 947.0
2708 947.0
2709 947.0
2710 947.0
2711 947.0
2712 947.0
2713 947.0
2714 947.0
2715 947.0
2716 947.0
2717 947.0
2728 1008.0
2729 1008.0
2730 1008.0
2731 1008.0
2732 1008.0
2733 1008.0
2734 1008.0
2735 1006.0
2736 1006.0
2737 1006.0
2738 1006.0
2739 1006.0
2740 1006.0
2741 1006.0
2742 1006.0
2743 1006.0
2744 1006.0
2745 1006.0
2756 1098.0
2757 1098.0
2758 1098.0
2759 1098.0
2760 1098.0
2761 1098.0
2762 1098.0
2763 1098.0
2764 1098.0
2765 1098.0
2776 1102.0
2777 1102.0
2778 1034.0
2779 1034.0
2780 1034.0
2781 1034.0
2782 1034.0
2783 1010.0
2784 1010.0
2785 1010.0
2786 1010.0
2787 1010.0
2788 1010.0
2789 1010.0
2790 1010.0
2791 1010.0
2792 1010.0
2793 1010.0
2804 1089.0
2805 1061.0
2806 1061.0
2807 1061.0
2808 1061.0
2809 1061.0
2810 1061.0
2811 1016.0
2812 1016.0
2813 1016.0
2814 1016.0
2815 1016.0
2816 1016.0
2817 1016.0
2818 1016.0
2819 1016.0
2820 1016.0
2821 1016.0
2832 1065.0
2833 1065.0
2834 1062.0
2835 1062.0
2836 1020.0
2837 1020.0
2838 1020.0
2839 1020.0
2840 1020.0
2841 1020.0
2842 1020.0
2843 1020.0
2844 1020.0
2845 1020.0
2846 1020.0
2857 1019.0
2858 1019.0
2859 1018.0
2860 1018.0
2861 1012.0
2862 1012.0
2863 1012.0
2864 1012.0
2865 1012.0
2866 1012.0
2867 1012.0
2868 1012.0
2869 1012.0
2870 1012.0
2871 1012.0
2882 992.0
2883 992.0
2884 992.0
2885 992.0
2886 992.0
2887 992.0
2888 992.0
2889 992.0
2890 992.0
2891 992.0
2902 1060.0
2903 1042.0
2904 1042.0
2905 1042.0
2906 1042.0
2907 1042.0
2908 1042.0
2909 1042.0
2910 1042.0
2911 1042.0
2912 1042.0
2913 1042.0
2924 1112.0
2925 1112.0
2926 1112.0
2927 1112.0
2928 1112.0
2929 1112.0
2930 1112.0
2931 1071.0
2932 1071.0
2933 1071.0
2934 1071.0
2935 1071.0
2936 1071.0
2937 1071.0
2938 1071.0
2939 1071.0
2940 1071.0
2941 1071.0
2952 1056.0
2953 1056.0
2954 1056.0
2955 1056.0
2956 1056.0
2957 1056.0
2958 1056.0
2959 1056.0
2960 1056.0
2961 1056.0
2962 1056.0
2973 1174.0
2974 1172.0
2975 1172.0
2976 1172.0
2977 1172.0
2978 1172.0
2979 1172.0
2980 1172.0
2981 1172.0
2982 1172.0
2983 1166.0
2984 1166.0
2985 1166.0
2986 1166.0
2987 1166.0
2988 1166.0
2989 1156.0
2990 1156.0
2991 1156.0
2992 1156.0
2993 1156.0
2994 1156.0
2995 1138.0
2996 1137.0
2997 1137.0
2998 1137.0
2999 1128.0
3000 1128.0
3001 1128.0
3002 1120.0
3003 1120.0
3004 1120.0
3005 1120.0
3006 1120.0
3007 1120.0
3008 1120.0
3009 1120.0
3010 1120.0
3011 1120.0
3012 1120.0
3023 1107.0
3024 1107.0
3025 1065.0
3026 1065.0
3027 1065.0
3028 1065.0
3029 1065.0
3030 1065.0
3031 1065.0
3032 1065.0
3033 1065.0
3034 1049.0
3035 1049.0
3036 1031.0
3037 1021.0
3038 1021.0
3039 1021.0
3040 1021.0
3041 1021.0
3042 1021.0
3043 1021.0
3044 1021.0
3045 1021.0
3046 1021.0
3047 1021.0
3058 1076.0
3059 1076.0
3060 1072.0
3061 1053.0
3062 1016.0
3063 1016.0
3064 1016.0
3065 1016.0
3066 1016.0
3067 1016.0
3068 1016.0
3069 1016.0
3070 1016.0
3071 1016.0
3072 1016.0
3083 1092.0
3084 1075.0
3085 1075.0
3086 1075.0
3087 1075.0
3088 1061.0
3089 1061.0
3090 1061.0
3091 1061.0
3092 1055.0
3093 1055.0
3094 1055.0
3095 1055.0
3096 1055.0
3097 1055.0
3098 1055.0
3099 1055.0
3100 1055.0
3101 1009.0
3102 1009.0
3103 1009.0
3104 1009.0
3105 1009.0
3106 1009.0
3107 1009.0
3108 1009.0
3109 1009.0
3110 1009.0
3111 1009.0
3122 1086.0
3123 1084.0
3124 1084.0
3125 1081.0
3126 1081.0
3127 1081.0
3128 1081.0
3129 1012.0
3130 1012.0
3131 1012.0
3132 1012.0
3133 1012.0
3134 1012.0
3135 1012.0
3136 1012.0
3137 1012.0
3138 974.0
3139 974.0
3140 974.0
3141 974.0
3142 974.0
3143 974.0
3144 974.0
3145 974.0
3146 974.0
3147 974.0
3148 974.0
3159 1001.0
3160 991.0
3161 991.0
3162 991.0
3163 991.0
3164 991.0
3165 991.0
3166 991.0
3167 991.0
3168 991.0
3169 991.0
3170 991.0
3181 992.0
3182 941.0
3183 941.0
3184 941.0
3185 941.0
3186 941.0
3187 941.0
3188 941.0
3189 941.0
3190 941.0
3191 941.0
3192 941.0
3203 952.0
3204 952.0
3205 952.0
3206 952.0
3207 952.0
3208 952.0
3209 952.0
3210 952.0
3211 952.0
3212 952.0
3223 953.0
3224 953.0
3225 953.0
3226 953.0
3227 953.0
3228 953.0
3229 953.0
3230 953.0
3231 953.0
3232 953.0
3243 1002.0
3244 1002.0
3245 1002.0
3246 1002.0
3247 994.0
3248 994.0
3249 994.0
3250 994.0
3251 994.0
3252 994.0
3253 994.0
3254 994.0
3255 994.0
3256 994.0
3257 994.0
3268 967.0
3269 967.0
3270 967.0
3271 967.0
3272 967.0
3273 967.0
3274 967.0
3275 967.0
3276 967.0
3277 967.0
3278 967.0
3289 989.0
3290 989.0
3291 961.0
3292 961.0
3293 961.0
3294 961.0
3295 961.0
3296 961.0
3297 961.0
3298 961.0
3299 961.0
3300 961.0
3301 961.0
3312 969.0
3313 962.0
3314 962.0
3315 962.0
3316 962.0
3317 962.0
3318 962.0
3319 962.0
3320 962.0
3321 962.0
3322 962.0
3323 952.0
3324 952.0
3325 952.0
3326 952.0
3327 952.0
3328 950.0
3329 942.0
3330 942.0
3331 935.0
3332 935.0
3333 935.0
3334 935.0
3335 935.0
3336 935.0
3337 935.0
3338 935.0
3339 935.0
3340 935.0
3341 935.0
3352 945.0
3353 945.0
3354 945.0
3355 945.0
3356 945.0
3357 945.0
3358 945.0
3359 945.0
3360 945.0
3361 945.0
3372 1017.0
3373 1017.0
3374 1017.0
3375 1017.0
3376 1017.0
3377 1017.0
3378 1009.0
3379 1009.0
3380 1009.0
3381 965.0
3382 965.0
3383 965.0
3384 965.0
3385 965.0
3386 965.0
3387 965.0
3388 953.0
3389 953.0
3390 953.0
3391 953.0
3392 953.0
3393 953.0
3394 953.0
3395 953.0
3396 953.0
3397 953.0
3398 953.0
3409 947.0
3410 947.0
3411 947.0
3412 947.0
3413 947.0
3414 947.0
3415 947.0
3416 947.0
3417 947.0
3418 947.0
3429 1028.0
3430 1028.0
3431 1028.0
3432 1028.0
3433 996.0
3434 996.0
3435 996.0
3436 996.0
3437 996.0
3438 996.0
3439 996.0
3440 996.0
3441 996.0
3442 996.0
3443 996.0
3454 1125.0
3455 1125.0
3456 1125.0
3457 1109.0
3458 1109.0
3459 1109.0
3460 1005.0
3461 1005.0
3462 1005.0
3463 1005.0
3464 1005.0
3465 1005.0
3466 1005.0
3467 970.0
3468 970.0
3469 970.0
3470 970.0
3471 967.0
3472 967.0
3473 967.0
3474 967.0
3475 967.0
3476 967.0
3477 967.0
3478 967.0
3479 967.0
3480 967.0
3481 967.0
3492 964.0
3493 964.0
3494 964.0
3495 964.0
3496 964.0
3497 964.0
3498 964.0
3499 964.0
3500 964.0
3501 964.0
3512 960.0
3513 960.0
3514 960.0
3515 960.0
3516 960.0
3517 960.0
3518 960.0
3519 960.0
3520 960.0
3521 960.0
3532 946.0
3533 946.0
3534 946.0
3535 946.0
3536 946.0
3537 946.0
3538 946.0
3539 946.0
3540 946.0
3541 946.0
3552 994.0
3553 994.0
3554 994.0
3555 994.0
3556 994.0
3557 994.0
3558 994.0
3559 994.0
3560 994.0
3561 994.0
3572 1186.0
3573 1186.0
3574 1169.0
3575 1161.0
3576 1161.0
3577 1161.0
3578 1161.0
3579 1161.0
3580 1161.0
3581 1161.0
3582 1023.0
3583 1023.0
3584 1023.0
3585 1023.0
3586 1023.0
3587 1023.0
3588 1023.0
3589 1023.0
3590 1023.0
3591 1023.0
3592 1023.0
3603 1116.0
3604 1116.0
3605 1116.0
3606 1116.0
3607 1116.0
3608 1116.0
3609 1116.0
3610 1116.0
3611 1082.0
3612 1082.0
3613 1082.0
3614 1082.0
3615 1082.0
3616 1082.0
3617 1082.0
3618 1082.0
3619 1051.0
3620 1049.0
3621 1049.0
3622 1049.0
3623 1049.0
3624 1032.0
3625 1032.0
3626 1032.0
3627 1032.0
3628 1032.0
3629 1032.0
3630 1032.0
3631 1032.0
3632 1032.0
3633 1032.0
3634 1032.0
3645 1022.0
3646 1022.0
3647 1022.0
3648 1022.0
3649 1022.0
3650 1022.0
3651 1022.0
3652 1022.0
3653 1022.0
3654 1022.0
3665 1112.0
3666 1112.0
3667 1112.0
3668 1112.0
3669 1112.0
3670 1084.0
3671 1084.0
3672 1077.0
3673 1077.0
3674 1077.0
3675 1077.0
3676 1077.0
3677 1077.0
3678 1077.0
3679 1073.0
3680 1073.0
3681 1073.0
3682 1073.0
3683 1073.0
3684 1073.0
3685 1073.0
3686 1073.0
3687 1073.0
3688 1073.0
3689 1073.0
3700 1150.0
3701 1150.0
3702 1150.0
3703 1100.0
3704 1100.0
3705 1100.0
3706 1100.0
3707 1100.0
3708 1100.0
3709 1086.0
3710 1086.0
3711 1086.0
3712 1086.0
3713 1086.0
3714 1086.0
3715 1086.0
3716 1086.0
3717 1086.0
3718 1086.0
3719 1086.0
3730 1172.0
3731 1172.0
3732 1172.0
3733 1172.0
3734 1172.0
3735 1172.0
3736 1172.0
3737 1139.0
3738 1133.0
3739 1133.0
3740 1133.0
3741 1133.0
3742 1116.0
3743 1092.0
3744 1092.0
3745 1092.0
3746 1064.0
3747 1064.0
3748 1064.0
3749 1064.0
3750 1064.0
3751 1064.0
3752 1064.0
3753 1064.0
3754 1064.0
3755 1064.0
3756 1064.0
3767 1182.0
3768 1151.0
3769 1151.0
3770 1151.0
3771 1151.0
3772 1128.0
3773 1128.0
3774 1128.0
3775 1128.0
3776 1128.0
3777 1128.0
3778 1128.0
3779 1128.0
3780 1128.0
3781 1128.0
3782 1128.0
3793 1136.0
3794 1136.0
3795 1136.0
3796 1136.0
3797 1136.0
3798 1136.0
3799 1136.0
3800 1136.0
3801 1136.0
3802 1136.0
3803 1128.0
3804 1128.0
3805 1128.0
3806 1128.0
3807 1128.0
3808 1128.0
3809 1128.0
3810 1128.0
3811 1128.0
3812 1124.0
3813 1124.0
3814 1124.0
3815 1124.0
3816 1124.0
3817 1124.0
3818 1124.0
3819 1124.0
3820 1124.0
3821 1124.0
3822 1124.0
3833 1190.0
3834 1190.0
3835 1190.0
3836 1190.0
3837 1175.0
3838 1175.0
3839 1175.0
3840 1122.0
3841 1122.0
3842 1122.0
3843 1122.0
3844 1122.0
3845 1122.0
3846 1122.0
3847 1122.0
3848 1122.0
3849 1114.0
3850 1084.0
3851 1084.0
3852 1084.0
3853 1084.0
3854 1084.0
3855 1084.0
3856 1084.0
3857 1084.0
3858 1084.0
3859 1084.0
3860 1084.0
3871 1091.0
3872 1091.0
3873 1091.0
3874 1091.0
3875 1091.0
3876 1091.0
3877 1091.0
3878 1091.0
3879 1091.0
3880 1091.0
3891 1212.0
3892 1188.0
3893 1179.0
3894 1179.0
3895 1059.0
3896 1059.0
3897 1059.0
3898 1059.0
3899 1059.0
3900 1059.0
3901 1059.0
3902 1059.0
3903 1059.0
3904 1059.0
3905 1059.0
3916 1238.0
3917 1238.0
3918 1238.0
3919 1238.0
3920 1235.0
3921 1235.0
3922 1235.0
3923 1235.0
3924 1235.0
3925 1235.0
3926 1235.0
3927 1235.0
3928 1235.0
3929 1235.0
3930 1235.0
3941 1245.0
3942 1245.0
3943 1245.0
3944 1245.0
3945 1037.0
3946 1037.0
3947 1037.0
3948 1037.0
3949 1037.0
3950 1037.0
3951 1037.0
3952 1037.0
3953 1037.0
3954 1037.0
3955 1037.0
3966 1045.0
3967 1045.0
3968 1045.0
3969 1045.0
3970 1045.0
3971 1045.0
3972 1045.0
3973 1045.0
3974 1045.0
3975 1045.0
3986 1096.0
3987 1096.0
3988 1096.0
3989 1096.0
3990 1096.0
3991 1096.0
3992 1096.0
3993 1096.0
3994 1042.0
3995 1042.0
3996 1042.0
3997 1042.0
3998 1042.0
3999 1042.0
4000 1042.0
4001 1042.0
4002 1042.0
4003 1042.0
4004 1042.0
4015 1056.0
4016 1056.0
4017 1056.0
4018 1056.0
4019 1056.0
4020 1056.0
4021 1056.0
4022 1056.0
4023 1056.0
4024 1056.0
4025 1056.0
4036 1068.0
4037 1068.0
4038 1068.0
4039 1068.0
4040 1060.0
4041 1060.0
4042 1060.0
4043 1060.0
4044 1060.0
4045 1060.0
4046 1060.0
4047 1060.0
4048 1060.0
4049 1060.0
4050 1060.0
4061 1158.0
4062 1158.0
4063 1132.0
4064 1124.0
4065 1120.0
4066 1120.0
4067 1098.0
4068 1098.0
4069 1050.0
4070 1050.0
4071 1050.0
4072 1050.0
4073 1050.0
4074 1050.0
4075 1050.0
4076 1050.0
4077 1050.0
4078 1050.0
4079 1050.0
4090 1093.0
4091 1093.0
4092 1093.0
4093 1093.0
4094 1093.0
4095 1093.0
4096 1093.0
4097 1093.0
4098 1063.0
4099 1063.0
4100 1063.0
4101 1063.0
4102 1063.0
4103 1063.0
4104 1063.0
4105 1061.0
4106 1061.0
4107 1061.0
4108 1061.0
4109 1061.0
4110 1061.0
4111 1049.0
4112 1049.0
4113 1049.0
4114 1049.0
4115 1049.0
4116 1049.0
4117 1049.0
4118 1049.0
4119 1049.0
4120 1049.0
4121 1049.0
4132 1032.0
4133 1032.0
4134 1032.0
4135 1032.0
4136 1032.0
4137 1029.0
4138 1029.0
4139 1029.0
4140 1029.0
4141 1029.0
4142 1029.0
4143 1029.0
4144 1029.0
4145 1029.0
4146 1029.0
4147 1029.0
4158 1000.0
4159 1000.0
4160 1000.0
4161 1000.0
4162 1000.0
4163 1000.0
4164 1000.0
4165 1000.0
4166 1000.0
4167 1000.0
4178 1189.0
4179 1188.0
4180 1170.0
4181 1170.0
4182 1170.0
4183 1140.0
4184 1140.0
4185 1140.0
4186 1140.0
4187 1140.0
4188 1136.0
4189 1136.0
4190 1136.0
4191 1136.0
4192 1136.0
4193 1136.0
4194 1136.0
4195 1136.0
4196 1136.0
4197 1136.0
4198 1136.0
4209 1115.0
4210 1115.0
4211 1091.0
4212 1091.0
4213 1091.0
4214 1091.0
4215 1069.0
4216 1069.0
4217 1069.0
4218 1069.0
4219 1069.0
4220 1023.0
4221 1023.0
4222 1023.0
4223 1023.0
4224 1023.0
4225 1023.0
4226 1017.0
4227 1017.0
4228 1017.0
4229 1017.0
4230 1017.0
4231 1017.0
4232 1017.0
4233 1017.0
4234 1017.0
4235 1017.0
4236 1017.0
4247 1168.0
4248 1168.0
4249 1168.0
4250 1168.0
4251 1168.0
4252 1094.0
4253 1094.0
4254 1094.0
4255 1094.0
4256 1090.0
4257 1090.0
4258 1090.0
4259 1090.0
4260 1090.0
4261 1090.0
4262 1090.0
4263 1090.0
4264 1090.0
4265 1090.0
4266 1090.0
4277 1095.0
4278 1095.0
4279 1095.0
4280 1095.0
4281 1095.0
4282 1095.0
4283 1095.0
4284 1095.0
4285 1095.0
4286 1095.0
4297 1215.0
4298 1209.0
4299 1209.0
4300 1209.0
4301 1209.0
4302 1209.0
4303 1209.0
4304 1209.0
4305 1203.0
4306 1203.0
4307 1203.0
4308 1199.0
4309 1199.0
4310 1197.0
4311 1197.0
4312 1197.0
4313 1197.0
4314 1197.0
4315 1197.0
4316 1171.0
4317 1171.0
4318 1171.0
4319 1171.0
4320 1171.0
4321 1171.0
4322 1171.0
4323 1171.0
4324 1171.0
4325 1171.0
4326 1171.0
4337 1168.0
4338 1168.0
4339 1168.0
4340 1168.0
4341 1168.0
4342 1168.0
4343 1168.0
4344 1168.0
4345 1168.0
4346 1168.0
4357 1144.0
4358 1144.0
4359 1144.0
4360 1144.0
4361 1144.0
4362 1144.0
4363 1144.0
4364 1144.0
4365 1144.0
4366 1144.0
4377 1109.0
4378 1109.0
4379 1109.0
4380 1109.0
4381 1109.0
4382 1109.0
4383 1103.0
4384 1103.0
4385 1103.0
4386 1103.0
4387 1103.0
4388 1103.0
4389 1103.0
4390 1103.0
4391 1103.0
4392 1103.0
4393 1103.0
4404 1078.0
4405 1046.0
4406 1046.0
4407 1046.0
4408 1046.0
4409 1046.0
4410 1046.0
4411 1046.0
4412 1046.0
4413 1046.0
4414 1046.0
4415 1046.0
4426 1239.0
4427 1239.0
4428 1239.0
4429 1239.0
4430 1237.0
4431 1237.0
4432 1237.0
4433 1237.0
4434 1221.0
4435 1221.0
4436 1194.0
4437 1047.0
4438 1047.0
4439 1047.0
4440 1047.0
4441 1047.0
4442 1047.0
4443 1047.0
4444 1047.0
4445 1047.0
4446 1047.0
4447 1047.0
4458 1075.0
4459 1075.0
4460 1075.0
4461 1055.0
4462 1055.0
4463 1055.0
4464 1055.0
4465 1055.0
4466 1055.0
4467 1055.0
4468 1055.0
4469 1055.0
4470 1047.0
4471 1047.0
4472 1047.0
4473 1047.0
4474 1047.0
4475 1047.0
4476 1047.0
4477 1047.0
4478 1047.0
4479 1047.0
4480 1047.0
4491 1047.0
4492 1047.0
4493 1047.0
4494 1047.0
4495 1047.0
4496 1047.0
4497 1047.0
4498 1047.0
4499 1047.0
4500 1047.0
4511 1055.0
4512 1055.0
4513 1055.0
4514 1055.0
4515 1055.0
4516 1055.0
4517 1055.0
4518 1055.0
4519 1055.0
4520 1049.0
4521 1049.0
4522 1049.0
4523 1049.0
4524 1049.0
4525 1049.0
4526 1049.0
4527 1049.0
4528 1049.0
4529 1049.0
4530 1049.0
4541 1082.0
4542 1082.0
4543 1082.0
4544 1082.0
4545 1078.0
4546 1078.0
4547 1038.0
4548 1038.0
4549 1038.0
4550 1038.0
4551 1038.0
4552 1038.0
4553 1038.0
4554 1038.0
4555 1038.0
4556 1038.0
4557 1038.0
4568 1044.0
4569 1044.0
4570 1044.0
4571 1032.0
4572 1032.0
4573 1032.0
4574 1032.0
4575 1032.0
4576 1032.0
4577 1032.0
4578 1032.0
4579 1032.0
4580 1032.0
4581 1032.0
4592 1046.0
4593 1046.0
4594 1046.0
4595 1046.0
4596 1046.0
4597 1046.0
4598 1046.0
4599 1044.0
4600 1044.0
4601 1044.0
4602 1044.0
4603 1044.0
4604 1041.0
4605 1041.0
4606 1041.0
4607 1041.0
4608 1041.0
4609 1041.0
4610 1041.0
4611 1041.0
4612 1041.0
4613 1041.0
4614 1020.0
4615 1020.0
4616 1020.0
4617 1020.0
4618 1020.0
4619 1020.0
4620 1020.0
4621 1020.0
4622 1020.0
4623 1020.0
4624 1020.0
4635 1069.0
4636 1069.0
4637 1069.0
4638 1069.0
4639 1058.0
4640 1021.0
4641 1021.0
4642 1018.0
4643 1018.0
4644 1018.0
4645 1018.0
4646 1018.0
4647 1018.0
4648 1018.0
4649 1018.0
4650 1018.0
4651 1018.0
4652 1018.0
4663 1033.0
4664 1033.0
4665 1033.0
4666 1033.0
4667 1033.0
4668 1010.0
4669 1010.0
4670 1010.0
4671 1010.0
4672 1010.0
4673 1010.0
4674 1010.0
4675 1010.0
4676 1010.0
4677 1010.0
4678 1010.0
4689 1111.0
4690 1111.0
4691 1111.0
4692 1111.0
4693 1111.0
4694 1111.0
4695 1100.0
4696 1100.0
4697 1100.0
4698 1086.0
4699 1086.0
4700 1086.0
4701 1054.0
4702 1025.0
4703 1025.0
4704 1025.0
4705 1025.0
4706 1025.0
4707 1025.0
4708 1025.0
4709 1025.0
4710 1025.0
4711 1025.0
4712 1025.0
4723 1061.0
4724 1061.0
4725 1061.0
4726 1061.0
4727 1023.0
4728 1023.0
4729 1023.0
4730 1023.0
4731 1023.0
4732 1023.0
4733 1023.0
4734 1023.0
4735 1023.0
4736 1023.0
4737 1023.0
4748 1042.0
4749 1042.0
4750 1042.0
4751 1042.0
4752 1042.0
4753 1032.0
4754 1032.0
4755 1032.0
4756 1032.0
4757 1012.0
4758 1012.0
4759 1012.0
4760 1012.0
4761 1012.0
4762 1012.0
4763 1012.0
4764 1012.0
4765 1012.0
4766 1012.0
4767 1012.0
4778 1024.0
4779 1024.0
4780 1024.0
4781 1024.0
4782 1024.0
4783 1024.0
4784 1024.0
4785 1024.0
4786 1004.0
4787 1004.0
4788 1004.0
4789 1004.0
4790 1004.0
4791 1004.0
4792 1004.0
4793 1004.0
4794 1004.0
4795 994.0
4796 994.0
4797 994.0
4798 994.0
4799 994.0
4800 994.0
4801 994.0
4802 994.0
4803 994.0
4804 994.0
4805 994.0
4816 1012.0
4817 1002.0
4818 1002.0
4819 1002.0
4820 1002.0
4821 1002.0
4822 1002.0
4823 1002.0
4824 1002.0
4825 1002.0
4826 1002.0
4827 1002.0
4838 1026.0
4839 1026.0
4840 1026.0
4841 1016.0
4842 1016.0
4843 1010.0
4844 1010.0
4845 1010.0
4846 1010.0
4847 994.0
4848 994.0
4849 994.0
4850 994.0
4851 994.0
4852 994.0
4853 994.0
4854 994.0
4855 994.0
4856 994.0
4857 994.0
4868 1136.0
4869 1125.0
4870 1125.0
4871 1125.0
4872 1125.0
4873 1125.0
4874 1115.0
4875 1115.0
4876 1115.0
4877 1115.0
4878 1115.0
4879 1115.0
4880 1115.0
4881 1115.0
4882 1114.0
4883 1111.0
4884 1111.0
4885 1105.0
4886 1105.0
4887 1105.0
4888 1105.0
4889 1013.0
4890 1013.0
4891 1013.0
4892 1013.0
4893 1013.0
4894 1013.0
4895 1013.0
4896 1013.0
4897 1013.0
4898 1013.0
4899 1013.0
4910 1035.0
4911 1035.0
4912 1035.0
4913 1035.0
4914 1013.0
4915 1013.0
4916 1013.0
4917 1013.0
4918 1013.0
4919 1013.0
4920 1013.0
4921 1009.0
4922 1009.0
4923 1009.0
4924 1009.0
4925 1009.0
4926 1009.0
4927 1009.0
4928 1009.0
4929 1009.0
4930 1009.0
4931 1009.0
4942 996.0
4943 996.0
4944 996.0
4945 996.0
4946 996.0
4947 996.0
4948 996.0
4949 996.0
4950 996.0
4951 996.0
4962 1134.0
4963 1134.0
4964 1134.0
4965 1134.0
4966 1129.0
4967 1129.0
4968 1129.0
4969 1129.0
4970 1129.0
4971 1129.0
4972 1129.0
4973 1129.0
4974 1129.0
4975 1129.0
4976 1129.0
4987 1020.0
4988 1020.0
4989 1020.0
4990 1020.0
4991 1020.0
4992 1020.0
4993 1020.0
4994 1020.0
4995 1020.0
4996 1020.0
