0 3117.0
1 3117.0
2 3117.0
3 3117.0
4 3117.0
5 3117.0
6 3117.0
7 3117.0
8 3117.0
9 3117.0
10 3117.0
11 3117.0
12 3117.0
13 3117.0
14 3117.0
15 3117.0
16 3117.0
17 3117.0
18 3117.0
19 3117.0
20 3117.0
21 3117.0
22 3117.0
23 3117.0
24 3117.0
25 3117.0
26 3117.0
27 3117.0
28 3117.0
29 3117.0
30 3117.0
31 3117.0
32 3117.0
33 3117.0
34 3117.0
35 3117.0
36 3117.0
37 3117.0
38 3117.0
39 3117.0
40 3117.0
41 3117.0
42 3117.0
43 3117.0
44 3117.0
45 3117.0
46 3117.0
47 3117.0
48 3117.0
49 3117.0
50 3117.0
51 3117.0
52 3117.0
53 3117.0
54 3117.0
55 3117.0
56 3117.0
57 3117.0
58 3117.0
59 3117.0
60 3117.0
61 3117.0
62 3117.0
63 3117.0
64 3117.0
65 3117.0
66 3117.0
67 3117.0
68 3117.0
69 3117.0
70 3117.0
71 3117.0
72 3117.0
73 3117.0
74 3117.0
75 3117.0
76 3117.0
77 3117.0
78 3117.0
79 3117.0
80 3117.0
81 3117.0
82 3117.0
83 3117.0
84 3117.0
85 3117.0
86 3117.0
87 3117.0
88 3117.0
89 3117.0
90 3117.0
91 3117.0
92 3117.0
93 3117.0
94 3117.0
95 3117.0
96 3117.0
97 3117.0
98 3117.0
99 3117.0
100 3117.0
101 3117.0
102 3117.0
103 3117.0
104 3117.0
105 3117.0
106 3117.0
107 3117.0
108 3117.0
109 3117.0
110 3117.0
111 3117.0
112 3117.0
113 3117.0
114 3117.0
115 3117.0
116 3117.0
117 3117.0
118 3117.0
119 3117.0
120 3117.0
121 3117.0
122 3117.0
123 3117.0
124 3117.0
125 3117.0
126 3117.0
127 3117.0
128 3117.0
129 3117.0
130 3117.0
131 3117.0
132 3117.0
133 3117.0
134 3117.0
135 3117.0
136 3117.0
137 3117.0
138 3117.0
139 3117.0
140 3117.0
141 3117.0
142 3117.0
143 3117.0
144 3117.0
145 3117.0
146 3117.0
147 3117.0
148 3117.0
149 3117.0
150 3117.0
151 3117.0
152 3117.0
153 3117.0
154 3117.0
155 3117.0
156 3117.0
157 3117.0
158 3117.0
159 3117.0
160 3117.0
161 3117.0
162 3117.0
163 3117.0
164 3117.0
165 3117.0
166 3117.0
167 3117.0
168 3117.0
169 3117.0
170 3117.0
171 3117.0
172 3117.0
173 3117.0
174 3117.0
175 3117.0
176 3117.0
177 3117.0
178 3117.0
179 3117.0
180 3117.0
181 3117.0
182 3117.0
183 3117.0
184 3117.0
185 3117.0
186 3117.0
187 3117.0
188 3117.0
189 3117.0
190 3117.0
191 3117.0
192 3117.0
193 3117.0
194 3117.0
195 3117.0
196 3117.0
197 3117.0
198 3117.0
199 3117.0
200 3117.0
201 3117.0
202 3117.0
203 3117.0
204 3117.0
205 3117.0
206 3117.0
207 3117.0
208 3117.0
209 3117.0
210 3117.0
211 3117.0
212 3117.0
213 3117.0
214 3117.0
215 3117.0
216 3117.0
217 3117.0
218 3117.0
219 3117.0
220 3117.0
221 3117.0
222 3117.0
223 3117.0
224 3117.0
225 3117.0
226 3117.0
227 3117.0
228 3117.0
229 3117.0
230 3117.0
231 3117.0
232 3117.0
233 3117.0
234 3117.0
235 3117.0
236 3117.0
237 3117.0
238 3117.0
239 3117.0
240 3117.0
241 3117.0
242 3117.0
243 3117.0
244 3117.0
245 3117.0
246 3117.0
247 3117.0
248 3117.0
249 3117.0
250 3117.0
251 3117.0
252 3117.0
253 3117.0
254 3117.0
255 3117.0
256 3117.0
257 3117.0
258 3117.0
259 3117.0
260 3117.0
261 3117.0
262 3117.0
263 3117.0
264 3117.0
265 3117.0
266 3117.0
267 3117.0
268 3117.0
269 3117.0
270 3117.0
271 3117.0
272 3117.0
273 3117.0
274 3117.0
275 3117.0
276 3117.0
277 3117.0
278 3117.0
279 3117.0
280 3117.0
281 3117.0
282 3117.0
283 3117.0
284 3117.0
285 3117.0
286 3117.0
287 3117.0
288 3117.0
289 3117.0
290 3117.0
291 3117.0
292 3117.0
293 3117.0
294 3117.0
295 3117.0
296 3117.0
297 3117.0
298 3117.0
299 3117.0
300 3117.0
301 3117.0
302 3117.0
303 3117.0
304 3117.0
305 3117.0
306 3117.0
307 3117.0
308 3117.0
309 3117.0
310 3117.0
311 3117.0
312 3117.0
313 3117.0
314 3117.0
315 3117.0
316 3117.0
317 3117.0
318 3117.0
319 3117.0
320 3117.0
321 3117.0
322 3117.0
323 3117.0
324 3117.0
325 3117.0
326 3117.0
327 3117.0
328 3117.0
329 3117.0
330 3117.0
331 3117.0
332 3117.0
333 3117.0
334 3117.0
335 3117.0
336 3117.0
337 3117.0
338 3117.0
339 3117.0
340 3117.0
341 3117.0
342 3117.0
343 3117.0
344 3117.0
345 3117.0
346 3117.0
347 3117.0
348 3117.0
349 3117.0
350 3117.0
351 3117.0
352 3117.0
353 3117.0
354 3117.0
355 3117.0
356 3117.0
357 3117.0
358 3117.0
359 3117.0
360 3117.0
361 3117.0
362 3117.0
363 3117.0
364 3117.0
365 3117.0
366 3117.0
367 3117.0
368 3117.0
369 3117.0
370 3117.0
371 3117.0
372 3117.0
373 3117.0
374 3117.0
375 3117.0
376 3117.0
377 3117.0
378 3117.0
379 3117.0
380 3117.0
381 3117.0
382 3117.0
383 3117.0
384 3117.0
385 3117.0
386 3117.0
387 3117.0
388 3117.0
389 3117.0
390 3117.0
391 3117.0
392 3117.0
393 3117.0
394 3117.0
395 3117.0
396 3117.0
397 3117.0
398 3117.0
399 3117.0
400 3117.0
401 3117.0
402 3117.0
403 3117.0
404 3117.0
405 3117.0
406 3117.0
407 3117.0
408 3117.0
409 3117.0
410 3117.0
411 3117.0
412 3117.0
413 3117.0
414 3117.0
415 3117.0
416 3117.0
417 3117.0
418 3117.0
419 3117.0
420 3117.0
421 3117.0
422 3117.0
423 3117.0
424 3117.0
425 3117.0
426 3117.0
427 3117.0
428 3117.0
429 3117.0
430 3117.0
431 3117.0
432 3117.0
433 3117.0
434 3117.0
435 3117.0
436 3117.0
437 3117.0
438 3117.0
439 3117.0
440 3117.0
441 3117.0
442 3117.0
443 3117.0
444 3117.0
445 3117.0
446 3117.0
447 3117.0
448 3117.0
449 3117.0
450 3117.0
451 3117.0
452 3117.0
453 3117.0
454 3117.0
455 3117.0
456 3117.0
457 3117.0
458 3117.0
459 3117.0
460 3117.0
461 3117.0
462 3117.0
463 3117.0
464 3117.0
465 3117.0
466 3117.0
467 3117.0
468 3117.0
469 3117.0
470 3117.0
471 3117.0
472 3117.0
473 3117.0
474 3117.0
475 3117.0
476 3117.0
477 3117.0
478 3117.0
479 3117.0
480 3117.0
481 3117.0
482 3117.0
483 3117.0
484 3117.0
485 3117.0
486 3117.0
487 3117.0
488 3117.0
489 3117.0
490 3117.0
491 3117.0
492 3117.0
493 3117.0
494 3117.0
495 3117.0
496 3117.0
497 3117.0
498 3117.0
499 3117.0
500 3117.0
501 3117.0
502 3117.0
503 3117.0
504 3117.0
505 3117.0
506 3117.0
507 3117.0
508 3117.0
509 3117.0
510 3117.0
511 3117.0
512 3117.0
513 3117.0
514 3117.0
515 3117.0
516 3117.0
517 3117.0
518 3117.0
519 3117.0
520 3117.0
521 3117.0
522 3117.0
523 3117.0
524 3117.0
525 3117.0
526 3117.0
527 3117.0
528 3117.0
529 3117.0
530 3117.0
531 3117.0
532 3117.0
533 3117.0
534 3117.0
535 3117.0
536 3117.0
537 3117.0
538 3117.0
539 3117.0
540 3117.0
541 3117.0
542 3117.0
543 3117.0
544 3117.0
545 3117.0
546 3117.0
547 3117.0
548 3117.0
549 3117.0
550 3117.0
551 3117.0
552 3117.0
553 3117.0
554 3117.0
555 3117.0
556 3117.0
557 3117.0
558 3117.0
559 3117.0
560 3117.0
561 3117.0
562 3117.0
563 3117.0
564 3117.0
565 3117.0
566 3117.0
567 3117.0
568 3117.0
569 3117.0
570 3117.0
571 3117.0
572 3117.0
573 3117.0
574 3117.0
575 3117.0
576 3117.0
577 3117.0
578 3117.0
579 3117.0
580 3117.0
581 3117.0
582 3117.0
583 3117.0
584 3117.0
585 3117.0
586 3117.0
587 3117.0
588 3117.0
589 3117.0
590 3117.0
591 3117.0
592 3117.0
593 3117.0
594 3117.0
595 3117.0
596 3117.0
597 3117.0
598 3117.0
599 3117.0
600 3117.0
601 3117.0
602 3117.0
603 3117.0
604 3117.0
605 3117.0
606 3117.0
607 3117.0
608 3117.0
609 3117.0
610 3117.0
611 3117.0
612 3117.0
613 3117.0
614 3117.0
615 3117.0
616 3117.0
617 3117.0
618 3117.0
619 3117.0
620 3117.0
621 3117.0
622 3117.0
623 3117.0
624 3117.0
625 3117.0
626 3117.0
627 3117.0
628 3117.0
629 3117.0
630 3117.0
631 3117.0
632 3117.0
633 3117.0
634 3117.0
635 3117.0
636 3117.0
637 3117.0
638 3117.0
639 3117.0
640 3117.0
641 3117.0
642 3117.0
643 3117.0
644 3117.0
645 3117.0
646 3117.0
647 3117.0
648 3117.0
649 3117.0
650 3117.0
651 3117.0
652 3117.0
653 3117.0
654 3117.0
655 3117.0
656 3117.0
657 3117.0
658 3117.0
659 3117.0
660 3117.0
661 3117.0
662 3117.0
663 3117.0
664 3117.0
665 3117.0
666 3117.0
667 3117.0
668 3117.0
669 3117.0
670 3117.0
671 3117.0
672 3117.0
673 3117.0
674 3117.0
675 3117.0
676 3117.0
677 3117.0
678 3117.0
679 3117.0
680 3117.0
681 3117.0
682 3117.0
683 3117.0
684 3117.0
685 3117.0
686 3117.0
687 3117.0
688 3117.0
689 3117.0
690 3117.0
691 3117.0
692 3117.0
693 3117.0
694 3117.0
695 3117.0
696 3117.0
697 3117.0
698 3117.0
699 3117.0
700 3117.0
701 3117.0
702 3117.0
703 3117.0
704 3117.0
705 3117.0
706 3117.0
707 3117.0
708 3117.0
709 3117.0
710 3117.0
711 3117.0
712 3117.0
713 3117.0
714 3117.0
715 3117.0
716 3117.0
717 3117.0
718 3117.0
719 3117.0
720 3117.0
721 3117.0
722 3117.0
723 3117.0
724 3117.0
725 3117.0
726 3117.0
727 3117.0
728 3117.0
729 3117.0
730 3117.0
731 3117.0
732 3117.0
733 3117.0
734 3117.0
735 3117.0
736 3117.0
737 3117.0
738 3117.0
739 3117.0
740 3117.0
741 3117.0
742 3117.0
743 3117.0
744 3117.0
745 3117.0
746 3117.0
747 3117.0
748 3117.0
749 3117.0
750 3117.0
751 3117.0
752 3117.0
753 3117.0
754 3117.0
755 3117.0
756 3117.0
757 3117.0
758 3117.0
759 3117.0
760 3117.0
761 3117.0
762 3117.0
763 3117.0
764 3117.0
765 3117.0
766 3117.0
767 3117.0
768 3117.0
769 3117.0
770 3117.0
771 3117.0
772 3117.0
773 3117.0
774 3117.0
775 3117.0
776 3117.0
777 3117.0
778 3117.0
779 3117.0
780 3117.0
781 3117.0
782 3117.0
783 3117.0
784 3117.0
785 3117.0
786 3117.0
787 3117.0
788 3117.0
789 3117.0
790 3117.0
791 3117.0
792 3117.0
793 3117.0
794 3117.0
795 3117.0
796 3117.0
797 3117.0
798 3117.0
799 3117.0
800 3117.0
801 3117.0
802 3117.0
803 3117.0
804 3117.0
805 3117.0
806 3117.0
807 3117.0
808 3117.0
809 3117.0
810 3117.0
811 3117.0
812 3117.0
813 3117.0
814 3117.0
815 3117.0
816 3117.0
817 3117.0
818 3117.0
819 3117.0
820 3117.0
821 3117.0
822 3117.0
823 3117.0
824 3117.0
825 3117.0
826 3117.0
827 3117.0
828 3117.0
829 3117.0
830 3117.0
831 3117.0
832 3117.0
833 3117.0
834 3117.0
835 3117.0
836 3117.0
837 3117.0
838 3117.0
839 3117.0
840 3117.0
841 3117.0
842 3117.0
843 3117.0
844 3117.0
845 3117.0
846 3117.0
847 3117.0
848 3117.0
849 3117.0
850 3117.0
851 3117.0
852 3117.0
853 3117.0
854 3117.0
855 3117.0
856 3117.0
857 3117.0
858 3117.0
859 3117.0
860 3117.0
861 3117.0
862 3117.0
863 3117.0
864 3117.0
865 3117.0
866 3117.0
867 3117.0
868 3117.0
869 3117.0
870 3117.0
871 3117.0
872 3117.0
873 3117.0
874 3117.0
875 3117.0
876 3117.0
877 3117.0
878 3117.0
879 3117.0
880 3117.0
881 3117.0
882 3117.0
883 3117.0
884 3117.0
885 3117.0
886 3117.0
887 3117.0
888 3117.0
889 3117.0
890 3117.0
891 3117.0
892 3117.0
893 3117.0
894 3117.0
895 3117.0
896 3117.0
897 3117.0
898 3117.0
899 3117.0
900 3117.0
901 3117.0
902 3117.0
903 3117.0
904 3117.0
905 3117.0
906 3117.0
907 3117.0
908 3117.0
909 3117.0
910 3117.0
911 3117.0
912 3117.0
913 3117.0
914 3117.0
915 3117.0
916 3117.0
917 3117.0
918 3117.0
919 3117.0
920 3117.0
921 3117.0
922 3117.0
923 3117.0
924 3117.0
925 3117.0
926 3117.0
927 3117.0
928 3117.0
929 3117.0
930 3117.0
931 3117.0
932 3117.0
933 3117.0
934 3117.0
935 3117.0
936 3117.0
937 3117.0
938 3117.0
939 3117.0
940 3117.0
941 3117.0
942 3117.0
943 3117.0
944 3117.0
945 3117.0
946 3117.0
947 3117.0
948 3117.0
949 3117.0
950 3117.0
951 3117.0
952 3117.0
953 3117.0
954 3117.0
955 3117.0
956 3117.0
957 3117.0
958 3117.0
959 3117.0
960 3117.0
961 3117.0
962 3117.0
963 3117.0
964 3117.0
965 3117.0
966 3117.0
967 3117.0
968 3117.0
969 3117.0
970 3117.0
971 3117.0
972 3117.0
973 3117.0
974 3117.0
975 3117.0
976 3117.0
977 3117.0
978 3117.0
979 3117.0
980 3117.0
981 3117.0
982 3117.0
983 3117.0
984 3117.0
985 3117.0
986 3117.0
987 3117.0
988 3117.0
989 3117.0
990 3117.0
991 3117.0
992 3117.0
993 3117.0
994 3117.0
995 3117.0
996 3117.0
997 3117.0
998 3117.0
999 3117.0
1000 3117.0
1001 3117.0
1002 3117.0
1003 3117.0
1004 3117.0
1005 3117.0
1006 3117.0
1007 3117.0
1008 3117.0
1009 3117.0
1010 3117.0
1011 3117.0
1012 3117.0
1013 3117.0
1014 3117.0
1015 3117.0
1016 3117.0
1017 3117.0
1018 3117.0
1019 3117.0
1020 3117.0
1021 3117.0
1022 3117.0
1023 3117.0
1024 3117.0
1025 3117.0
1026 3117.0
1027 3117.0
1028 3117.0
1029 3117.0
1030 3117.0
1031 3117.0
1032 3117.0
1033 3117.0
1034 3117.0
1035 3117.0
1036 3117.0
1037 3117.0
1038 3117.0
1039 3117.0
1040 3117.0
1041 3117.0
1042 3117.0
1043 3117.0
1044 3117.0
1045 3117.0
1046 3117.0
1047 3117.0
1048 3117.0
1049 3117.0
1050 3117.0
1051 3117.0
1052 3117.0
1053 3117.0
1054 3117.0
1055 3117.0
1056 3117.0
1057 3117.0
1058 3117.0
1059 3117.0
1060 3117.0
1061 3117.0
1062 3117.0
1063 3117.0
1064 3117.0
1065 3117.0
1066 3117.0
1067 3117.0
1068 3117.0
1069 3117.0
1070 3117.0
1071 3117.0
1072 3117.0
1073 3117.0
1074 3117.0
1075 3117.0
1076 3117.0
1077 3117.0
1078 3117.0
1079 3117.0
1080 3117.0
1081 3117.0
1082 3117.0
1083 3117.0
1084 3117.0
1085 3117.0
1086 3117.0
1087 3117.0
1088 3117.0
1089 3117.0
1090 3117.0
1091 3117.0
1092 3117.0
1093 3117.0
1094 3117.0
1095 3117.0
1096 3117.0
1097 3117.0
1098 3117.0
1099 3117.0
1100 3117.0
1101 3117.0
1102 3117.0
1103 3117.0
1104 3117.0
1105 3117.0
1106 3117.0
1107 3117.0
1108 3117.0
1109 3117.0
1110 3117.0
1111 3117.0
1112 3117.0
1113 3117.0
1114 3117.0
1115 3117.0
1116 3117.0
1117 3117.0
1118 3117.0
1119 3117.0
1120 3117.0
1121 3117.0
1122 3117.0
1123 3117.0
1124 3117.0
1125 3117.0
1126 3117.0
1127 3117.0
1128 3117.0
1129 3117.0
1130 3117.0
1131 3117.0
1132 3117.0
1133 3117.0
1134 3117.0
1135 3117.0
1136 3117.0
1137 3117.0
1138 3117.0
1139 3117.0
1140 3117.0
1141 3117.0
1142 3117.0
1143 3117.0
1144 3117.0
1145 3117.0
1146 3117.0
1147 3117.0
1148 3117.0
1149 3117.0
1150 3117.0
1151 3117.0
1152 3117.0
1153 3117.0
1154 3117.0
1155 3117.0
1156 3117.0
1157 3117.0
1158 3117.0
1159 3117.0
1160 3117.0
1161 3117.0
1162 3117.0
1163 3117.0
1164 3117.0
1165 3117.0
1166 3117.0
1167 3117.0
1168 3117.0
1169 3117.0
1170 3117.0
1171 3117.0
1172 3117.0
1173 3117.0
1174 3117.0
1175 3117.0
1176 3117.0
1177 3117.0
1178 3117.0
1179 3117.0
1180 3117.0
1181 3117.0
1182 3117.0
1183 3117.0
1184 3117.0
1185 3117.0
1186 3117.0
1187 3117.0
1188 3117.0
1189 3117.0
1190 3117.0
1191 3117.0
1192 3117.0
1193 3117.0
1194 3117.0
1195 3117.0
1196 3117.0
1197 3117.0
1198 3117.0
1199 3117.0
1200 3117.0
1201 3117.0
1202 3117.0
1203 3117.0
1204 3117.0
1205 3117.0
1206 3117.0
1207 3117.0
1208 3117.0
1209 3117.0
1210 3117.0
1211 3117.0
1212 3117.0
1213 3117.0
1214 3117.0
1215 3117.0
1216 3117.0
1217 3117.0
1218 3117.0
1219 3117.0
1220 3117.0
1221 3117.0
1222 3117.0
1223 3117.0
1224 3117.0
1225 3117.0
1226 3117.0
1227 3117.0
1228 3117.0
1229 3117.0
1230 3117.0
1231 3117.0
1232 3117.0
1233 3117.0
1234 3117.0
1235 3117.0
1236 3117.0
1237 3117.0
1238 3117.0
1239 3117.0
1240 3117.0
1241 3117.0
1242 3117.0
1243 3117.0
1244 3117.0
1245 3117.0
1246 3117.0
1247 3117.0
1248 3117.0
1249 3117.0
1250 3117.0
1251 3117.0
1252 3117.0
1253 3117.0
1254 3117.0
1255 3117.0
1256 3117.0
1257 3117.0
1258 3117.0
1259 3117.0
1260 3117.0
1261 3117.0
1262 3117.0
1263 3117.0
1264 3117.0
1265 3117.0
1266 3117.0
1267 3117.0
1268 3117.0
1269 3117.0
1270 3117.0
1271 3117.0
1272 3117.0
1273 3117.0
1274 3117.0
1275 3117.0
1276 3117.0
1277 3117.0
1278 3117.0
1279 3117.0
1280 3117.0
1281 3117.0
1282 3117.0
1283 3117.0
1284 3117.0
1285 3117.0
1286 3117.0
1287 3117.0
1288 3117.0
1289 3117.0
1290 3117.0
1291 3117.0
1292 3117.0
1293 3117.0
1294 3117.0
1295 3117.0
1296 3117.0
1297 3117.0
1298 3117.0
1299 3117.0
1300 3117.0
1301 3117.0
1302 3117.0
1303 3117.0
1304 3117.0
1305 3117.0
1306 3117.0
1307 3117.0
1308 3117.0
1309 3117.0
1310 3117.0
1311 3117.0
1312 3117.0
1313 3117.0
1314 3117.0
1315 3117.0
1316 3117.0
1317 3117.0
1318 3117.0
1319 3117.0
1320 3117.0
1321 3117.0
1322 3117.0
1323 3117.0
1324 3117.0
1325 3117.0
1326 3117.0
1327 3117.0
1328 3117.0
1329 3117.0
1330 3117.0
1331 3117.0
1332 3117.0
1333 3117.0
1334 3117.0
1335 3117.0
1336 3117.0
1337 3117.0
1338 3117.0
1339 3117.0
1340 3117.0
1341 3117.0
1342 3117.0
1343 3117.0
1344 3117.0
1345 3117.0
1346 3117.0
1347 3117.0
1348 3117.0
1349 3117.0
1350 3117.0
1351 3117.0
1352 3117.0
1353 3117.0
1354 3117.0
1355 3117.0
1356 3117.0
1357 3117.0
1358 3117.0
1359 3117.0
1360 3117.0
1361 3117.0
1362 3117.0
1363 3117.0
1364 3117.0
1365 3117.0
1366 3117.0
1367 3117.0
1368 3117.0
1369 3117.0
1370 3117.0
1371 3117.0
1372 3117.0
1373 3117.0
1374 3117.0
1375 3117.0
1376 3117.0
1377 3117.0
1378 3117.0
1379 3117.0
1380 3117.0
1381 3117.0
1382 3117.0
1383 3117.0
1384 3117.0
1385 3117.0
1386 3117.0
1387 3117.0
1388 3117.0
1389 3117.0
1390 3117.0
1391 3117.0
1392 3117.0
1393 3117.0
1394 3117.0
1395 3117.0
1396 3117.0
1397 3117.0
1398 3117.0
1399 3117.0
1400 3117.0
1401 3117.0
1402 3117.0
1403 3117.0
1404 3117.0
1405 3117.0
1406 3117.0
1407 3117.0
1408 3117.0
1409 3117.0
1410 3117.0
1411 3117.0
1412 3117.0
1413 3117.0
1414 3117.0
1415 3117.0
1416 3117.0
1417 3117.0
1418 3117.0
1419 3117.0
1420 3117.0
1421 3117.0
1422 3117.0
1423 3117.0
1424 3117.0
1425 3117.0
1426 3117.0
1427 3117.0
1428 3117.0
1429 3117.0
1430 3117.0
1431 3117.0
1432 3117.0
1433 3117.0
1434 3117.0
1435 3117.0
1436 3117.0
1437 3117.0
1438 3117.0
1439 3117.0
1440 3117.0
1441 3117.0
1442 3117.0
1443 3117.0
1444 3117.0
1445 3117.0
1446 3117.0
1447 3117.0
1448 3117.0
1449 3117.0
1450 3117.0
1451 3117.0
1452 3117.0
1453 3117.0
1454 3117.0
1455 3117.0
1456 3117.0
1457 3117.0
1458 3117.0
1459 3117.0
1460 3117.0
1461 3117.0
1462 3117.0
1463 3117.0
1464 3117.0
1465 3117.0
1466 3117.0
1467 3117.0
1468 3117.0
1469 3117.0
1470 3117.0
1471 3117.0
1472 3117.0
1473 3117.0
1474 3117.0
1475 3117.0
1476 3117.0
1477 3117.0
1478 3117.0
1479 3117.0
1480 3117.0
1481 3117.0
1482 3117.0
1483 3117.0
1484 3117.0
1485 3117.0
1486 3117.0
1487 3117.0
1488 3117.0
1489 3117.0
1490 3117.0
1491 3117.0
1492 3117.0
1493 3117.0
1494 3117.0
1495 3117.0
1496 3117.0
1497 3117.0
1498 3117.0
1499 3117.0
1500 3117.0
1501 3117.0
1502 3117.0
1503 3117.0
1504 3117.0
1505 3117.0
1506 3117.0
1507 3117.0
1508 3117.0
1509 3117.0
1510 3117.0
1511 3117.0
1512 3117.0
1513 3117.0
1514 3117.0
1515 3117.0
1516 3117.0
1517 3117.0
1518 3117.0
1519 3117.0
1520 3117.0
1521 3117.0
1522 3117.0
1523 3117.0
1524 3117.0
1525 3117.0
1526 3117.0
1527 3117.0
1528 3117.0
1529 3117.0
1530 3117.0
1531 3117.0
1532 3117.0
1533 3117.0
1534 3117.0
1535 3117.0
1536 3117.0
1537 3117.0
1538 3117.0
1539 3117.0
1540 3117.0
1541 3117.0
1542 3117.0
1543 3117.0
1544 3117.0
1545 3117.0
1546 3117.0
1547 3117.0
1548 3117.0
1549 3117.0
1550 3117.0
1551 3117.0
1552 3117.0
1553 3117.0
1554 3117.0
1555 3117.0
1556 3117.0
1557 3117.0
1558 3117.0
1559 3117.0
1560 3117.0
1561 3117.0
1562 3117.0
1563 3117.0
1564 3117.0
1565 3117.0
1566 3117.0
1567 3117.0
1568 3117.0
1569 3117.0
1570 3117.0
1571 3117.0
1572 3117.0
1573 3117.0
1574 3117.0
1575 3117.0
1576 3117.0
1577 3117.0
1578 3117.0
1579 3117.0
1580 3117.0
1581 3117.0
1582 3117.0
1583 3117.0
1584 3117.0
1585 3117.0
1586 3117.0
1587 3117.0
1588 3117.0
1589 3117.0
1590 3117.0
1591 3117.0
1592 3117.0
1593 3117.0
1594 3117.0
1595 3117.0
1596 3117.0
1597 3117.0
1598 3117.0
1599 3117.0
1600 3117.0
1601 3117.0
1602 3117.0
1603 3117.0
1604 3117.0
1605 3117.0
1606 3117.0
1607 3117.0
1608 3117.0
1609 3117.0
1610 3117.0
1611 3117.0
1612 3117.0
1613 3117.0
1614 3117.0
1615 3117.0
1616 3117.0
1617 3117.0
1618 3117.0
1619 3117.0
1620 3117.0
1621 3117.0
1622 3117.0
1623 3117.0
1624 3117.0
1625 3117.0
1626 3117.0
1627 3117.0
1628 3117.0
1629 3117.0
1630 3117.0
1631 3117.0
1632 3117.0
1633 3117.0
1634 3117.0
1635 3117.0
1636 3117.0
1637 3117.0
1638 3117.0
1639 3117.0
1640 3117.0
1641 3117.0
1642 3117.0
1643 3117.0
1644 3117.0
1645 3117.0
1646 3117.0
1647 3117.0
1648 3117.0
1649 3117.0
1650 3117.0
1651 3117.0
1652 3117.0
1653 3117.0
1654 3117.0
1655 3117.0
1656 3117.0
1657 3117.0
1658 3117.0
1659 3117.0
1660 3117.0
1661 3117.0
1662 3117.0
1663 3117.0
1664 3117.0
1665 3117.0
1666 3117.0
1667 3117.0
1668 3117.0
1669 3117.0
1670 3117.0
1671 3117.0
1672 3117.0
1673 3117.0
1674 3117.0
1675 3117.0
1676 3117.0
1677 3117.0
1678 3117.0
1679 3117.0
1680 3117.0
1681 3117.0
1682 3117.0
1683 3117.0
1684 3117.0
1685 3117.0
1686 3117.0
1687 3117.0
1688 3117.0
1689 3117.0
1690 3117.0
1691 3117.0
1692 3117.0
1693 3117.0
1694 3117.0
1695 3117.0
1696 3117.0
1697 3117.0
1698 3117.0
1699 3117.0
1700 3117.0
1701 3117.0
1702 3117.0
1703 3117.0
1704 3117.0
1705 3117.0
1706 3117.0
1707 3117.0
1708 3117.0
1709 3117.0
1710 3117.0
1711 3117.0
1712 3117.0
1713 3117.0
1714 3117.0
1715 3117.0
1716 3117.0
1717 3117.0
1718 3117.0
1719 3117.0
1720 3117.0
1721 3117.0
1722 3117.0
1723 3117.0
1724 3117.0
1725 3117.0
1726 3117.0
1727 3117.0
1728 3117.0
1729 3117.0
1730 3117.0
1731 3117.0
1732 3117.0
1733 3117.0
1734 3117.0
1735 3117.0
1736 3117.0
1737 3117.0
1738 3117.0
1739 3117.0
1740 3117.0
1741 3117.0
1742 3117.0
1743 3117.0
1744 3117.0
1745 3117.0
1746 3117.0
1747 3117.0
1748 3117.0
1749 3117.0
1750 3117.0
1751 3117.0
1752 3117.0
1753 3117.0
1754 3117.0
1755 3117.0
1756 3117.0
1757 3117.0
1758 3117.0
1759 3117.0
1760 3117.0
1761 3117.0
1762 3117.0
1763 3117.0
1764 3117.0
1765 3117.0
1766 3117.0
1767 3117.0
1768 3117.0
1769 3117.0
1770 3117.0
1771 3117.0
1772 3117.0
1773 3117.0
1774 3117.0
1775 3117.0
1776 3117.0
1777 3117.0
1778 3117.0
1779 3117.0
1780 3117.0
1781 3117.0
1782 3117.0
1783 3117.0
1784 3117.0
1785 3117.0
1786 3117.0
1787 3117.0
1788 3117.0
1789 3117.0
1790 3117.0
1791 3117.0
1792 3117.0
1793 3117.0
1794 3117.0
1795 3117.0
1796 3117.0
1797 3117.0
1798 3117.0
1799 3117.0
1800 3117.0
1801 3117.0
1802 3117.0
1803 3117.0
1804 3117.0
1805 3117.0
1806 3117.0
1807 3117.0
1808 3117.0
1809 3117.0
1810 3117.0
1811 3117.0
1812 3117.0
1813 3117.0
1814 3117.0
1815 3117.0
1816 3117.0
1817 3117.0
1818 3117.0
1819 3117.0
1820 3117.0
1821 3117.0
1822 3117.0
1823 3117.0
1824 3117.0
1825 3117.0
1826 3117.0
1827 3117.0
1828 3117.0
1829 3117.0
1830 3117.0
1831 3117.0
1832 3117.0
1833 3117.0
1834 3117.0
1835 3117.0
1836 3117.0
1837 3117.0
1838 3117.0
1839 3117.0
1840 3117.0
1841 3117.0
1842 3117.0
1843 3117.0
1844 3117.0
1845 3117.0
1846 3117.0
1847 3117.0
1848 3117.0
1849 3117.0
1850 3117.0
1851 3117.0
1852 3117.0
1853 3117.0
1854 3117.0
1855 3117.0
1856 3117.0
1857 3117.0
1858 3117.0
1859 3117.0
1860 3117.0
1861 3117.0
1862 3117.0
1863 3117.0
1864 3117.0
1865 3117.0
1866 3117.0
1867 3117.0
1868 3117.0
1869 3117.0
1870 3117.0
1871 3117.0
1872 3117.0
1873 3117.0
1874 3117.0
1875 3117.0
1876 3117.0
1877 3117.0
1878 3117.0
1879 3117.0
1880 3117.0
1881 3117.0
1882 3117.0
1883 3117.0
1884 3117.0
1885 3117.0
1886 3117.0
1887 3117.0
1888 3117.0
1889 3117.0
1890 3117.0
1891 3117.0
1892 3117.0
1893 3117.0
1894 3117.0
1895 3117.0
1896 3117.0
1897 3117.0
1898 3117.0
1899 3117.0
1900 3117.0
1901 3117.0
1902 3117.0
1903 3117.0
1904 3117.0
1905 3117.0
1906 3117.0
1907 3117.0
1908 3117.0
1909 3117.0
1910 3117.0
1911 3117.0
1912 3117.0
1913 3117.0
1914 3117.0
1915 3117.0
1916 3117.0
1917 3117.0
1918 3117.0
1919 3117.0
1920 3117.0
1921 3117.0
1922 3117.0
1923 3117.0
1924 3117.0
1925 3117.0
1926 3117.0
1927 3117.0
1928 3117.0
1929 3117.0
1930 3117.0
1931 3117.0
1932 3117.0
1933 3117.0
1934 3117.0
1935 3117.0
1936 3117.0
1937 3117.0
1938 3117.0
1939 3117.0
1940 3117.0
1941 3117.0
1942 3117.0
1943 3117.0
1944 3117.0
1945 3117.0
1946 3117.0
1947 3117.0
1948 3117.0
1949 3117.0
1950 3117.0
1951 3117.0
1952 3117.0
1953 3117.0
1954 3117.0
1955 3117.0
1956 3117.0
1957 3117.0
1958 3117.0
1959 3117.0
1960 3117.0
1961 3117.0
1962 3117.0
1963 3117.0
1964 3117.0
1965 3117.0
1966 3117.0
1967 3117.0
1968 3117.0
1969 3117.0
1970 3117.0
1971 3117.0
1972 3117.0
1973 3117.0
1974 3117.0
1975 3117.0
1976 3117.0
1977 3117.0
1978 3117.0
1979 3117.0
1980 3117.0
1981 3117.0
1982 3117.0
1983 3117.0
1984 3117.0
1985 3117.0
1986 3117.0
1987 3117.0
1988 3117.0
1989 3117.0
1990 3117.0
1991 3117.0
1992 3117.0
1993 3117.0
1994 3117.0
1995 3117.0
1996 3117.0
1997 3117.0
1998 3117.0
1999 3117.0
2000 3117.0
2001 3117.0
2002 3117.0
2003 3117.0
2004 3117.0
2005 3117.0
2006 3117.0
2007 3117.0
2008 3117.0
2009 3117.0
2010 3117.0
2011 3117.0
2012 3117.0
2013 3117.0
2014 3117.0
2015 3117.0
2016 3117.0
2017 3117.0
2018 3117.0
2019 3117.0
2020 3117.0
2021 3117.0
2022 3117.0
2023 3117.0
2024 3117.0
2025 3117.0
2026 3117.0
2027 3117.0
2028 3117.0
2029 3117.0
2030 3117.0
2031 3117.0
2032 3117.0
2033 3117.0
2034 3117.0
2035 3117.0
2036 3117.0
2037 3117.0
2038 3117.0
2039 3117.0
2040 3117.0
2041 3117.0
2042 3117.0
2043 3117.0
2044 3117.0
2045 3117.0
2046 3117.0
2047 3117.0
2048 3117.0
2049 3117.0
2050 3117.0
2051 3117.0
2052 3117.0
2053 3117.0
2054 3117.0
2055 3117.0
2056 3117.0
2057 3117.0
2058 3117.0
2059 3117.0
2060 3117.0
2061 3117.0
2062 3117.0
2063 3117.0
2064 3117.0
2065 3117.0
2066 3117.0
2067 3117.0
2068 3117.0
2069 3117.0
2070 3117.0
2071 3117.0
2072 3117.0
2073 3117.0
2074 3117.0
2075 3117.0
2076 3117.0
2077 3117.0
2078 3117.0
2079 3117.0
2080 3117.0
2081 3117.0
2082 3117.0
2083 3117.0
2084 3117.0
2085 3117.0
2086 3117.0
2087 3117.0
2088 3117.0
2089 3117.0
2090 3117.0
2091 3117.0
2092 3117.0
2093 3117.0
2094 3117.0
2095 3117.0
2096 3117.0
2097 3117.0
2098 3117.0
2099 3117.0
2100 3117.0
2101 3117.0
2102 3117.0
2103 3117.0
2104 3117.0
2105 3117.0
2106 3117.0
2107 3117.0
2108 3117.0
2109 3117.0
2110 3117.0
2111 3117.0
2112 3117.0
2113 3117.0
2114 3117.0
2115 3117.0
2116 3117.0
2117 3117.0
2118 3117.0
2119 3117.0
2120 3117.0
2121 3117.0
2122 3117.0
2123 3117.0
2124 3117.0
2125 3117.0
2126 3117.0
2127 3117.0
2128 3117.0
2129 3117.0
2130 3117.0
2131 3117.0
2132 3117.0
2133 3117.0
2134 3117.0
2135 3117.0
2136 3117.0
2137 3117.0
2138 3117.0
2139 3117.0
2140 3117.0
2141 3117.0
2142 3117.0
2143 3117.0
2144 3117.0
2145 3117.0
2146 3117.0
2147 3117.0
2148 3117.0
2149 3117.0
2150 3117.0
2151 3117.0
2152 3117.0
2153 3117.0
2154 3117.0
2155 3117.0
2156 3117.0
2157 3117.0
2158 3117.0
2159 3117.0
2160 3117.0
2161 3117.0
2162 3117.0
2163 3117.0
2164 3117.0
2165 3117.0
2166 3117.0
2167 3117.0
2168 3117.0
2169 3117.0
2170 3117.0
2171 3117.0
2172 3117.0
2173 3117.0
2174 3117.0
2175 3117.0
2176 3117.0
2177 3117.0
2178 3117.0
2179 3117.0
2180 3117.0
2181 3117.0
2182 3117.0
2183 3117.0
2184 3117.0
2185 3117.0
2186 3117.0
2187 3117.0
2188 3117.0
2189 3117.0
2190 3117.0
2191 3117.0
2192 3117.0
2193 3117.0
2194 3117.0
2195 3117.0
2196 3117.0
2197 3117.0
2198 3117.0
2199 3117.0
2200 3117.0
2201 3117.0
2202 3117.0
2203 3117.0
2204 3117.0
2205 3117.0
2206 3117.0
2207 3117.0
2208 3117.0
2209 3117.0
2210 3117.0
2211 3117.0
2212 3117.0
2213 3117.0
2214 3117.0
2215 3117.0
2216 3117.0
2217 3117.0
2218 3117.0
2219 3117.0
2220 3117.0
2221 3117.0
2222 3117.0
2223 3117.0
2224 3117.0
2225 3117.0
2226 3117.0
2227 3117.0
2228 3117.0
2229 3117.0
2230 3117.0
2231 3117.0
2232 3117.0
2233 3117.0
2234 3117.0
2235 3117.0
2236 3117.0
2237 3117.0
2238 3117.0
2239 3117.0
2240 3117.0
2241 3117.0
2242 3117.0
2243 3117.0
2244 3117.0
2245 3117.0
2246 3117.0
2247 3117.0
2248 3117.0
2249 3117.0
2250 3117.0
2251 3117.0
2252 3117.0
2253 3117.0
2254 3117.0
2255 3117.0
2256 3117.0
2257 3117.0
2258 3117.0
2259 3117.0
2260 3117.0
2261 3117.0
2262 3117.0
2263 3117.0
2264 3117.0
2265 3117.0
2266 3117.0
2267 3117.0
2268 3117.0
2269 3117.0
2270 3117.0
2271 3117.0
2272 3117.0
2273 3117.0
2274 3117.0
2275 3117.0
2276 3117.0
2277 3117.0
2278 3117.0
2279 3117.0
2280 3117.0
2281 3117.0
2282 3117.0
2283 3117.0
2284 3117.0
2285 3117.0
2286 3117.0
2287 3117.0
2288 3117.0
2289 3117.0
2290 3117.0
2291 3117.0
2292 3117.0
2293 3117.0
2294 3117.0
2295 3117.0
2296 3117.0
2297 3117.0
2298 3117.0
2299 3117.0
2300 3117.0
2301 3117.0
2302 3117.0
2303 3117.0
2304 3117.0
2305 3117.0
2306 3117.0
2307 3117.0
2308 3117.0
2309 3117.0
2310 3117.0
2311 3117.0
2312 3117.0
2313 3117.0
2314 3117.0
2315 3117.0
2316 3117.0
2317 3117.0
2318 3117.0
2319 3117.0
2320 3117.0
2321 3117.0
2322 3117.0
2323 3117.0
2324 3117.0
2325 3117.0
2326 3117.0
2327 3117.0
2328 3117.0
2329 3117.0
2330 3117.0
2331 3117.0
2332 3117.0
2333 3117.0
2334 3117.0
2335 3117.0
2336 3117.0
2337 3117.0
2338 3117.0
2339 3117.0
2340 3117.0
2341 3117.0
2342 3117.0
2343 3117.0
2344 3117.0
2345 3117.0
2346 3117.0
2347 3117.0
2348 3117.0
2349 3117.0
2350 3117.0
2351 3117.0
2352 3117.0
2353 3117.0
2354 3117.0
2355 3117.0
2356 3117.0
2357 3117.0
2358 3117.0
2359 3117.0
2360 3117.0
2361 3117.0
2362 3117.0
2363 3117.0
2364 3117.0
2365 3117.0
2366 3117.0
2367 3117.0
2368 3117.0
2369 3117.0
2370 3117.0
2371 3117.0
2372 3117.0
2373 3117.0
2374 3117.0
2375 3117.0
2376 3117.0
2377 3117.0
2378 3117.0
2379 3117.0
2380 3117.0
2381 3117.0
2382 3117.0
2383 3117.0
2384 3117.0
2385 3117.0
2386 3117.0
2387 3117.0
2388 3117.0
2389 3117.0
2390 3117.0
2391 3117.0
2392 3117.0
2393 3117.0
2394 3117.0
2395 3117.0
2396 3117.0
2397 3117.0
2398 3117.0
2399 3117.0
2400 3117.0
2401 3117.0
2402 3117.0
2403 3117.0
2404 3117.0
2405 3117.0
2406 3117.0
2407 3117.0
2408 3117.0
2409 3117.0
2410 3117.0
2411 3117.0
2412 3117.0
2413 3117.0
2414 3117.0
2415 3117.0
2416 3117.0
2417 3117.0
2418 3117.0
2419 3117.0
2420 3117.0
2421 3117.0
2422 3117.0
2423 3117.0
2424 3117.0
2425 3117.0
2426 3117.0
2427 3117.0
2428 3117.0
2429 3117.0
2430 3117.0
2431 3117.0
2432 3117.0
2433 3117.0
2434 3117.0
2435 3117.0
2436 3117.0
2437 3117.0
2438 3117.0
2439 3117.0
2440 3117.0
2441 3117.0
2442 3117.0
2443 3117.0
2444 3117.0
2445 3117.0
2446 3117.0
2447 3117.0
2448 3117.0
2449 3117.0
2450 3117.0
2451 3117.0
2452 3117.0
2453 3117.0
2454 3117.0
2455 3117.0
2456 3117.0
2457 3117.0
2458 3117.0
2459 3117.0
2460 3117.0
2461 3117.0
2462 3117.0
2463 3117.0
2464 3117.0
2465 3117.0
2466 3117.0
2467 3117.0
2468 3117.0
2469 3117.0
2470 3117.0
2471 3117.0
2472 3117.0
2473 3117.0
2474 3117.0
2475 3117.0
2476 3117.0
2477 3117.0
2478 3117.0
2479 3117.0
2480 3117.0
2481 3117.0
2482 3117.0
2483 3117.0
2484 3117.0
2485 3117.0
2486 3117.0
2487 3117.0
2488 3117.0
2489 3117.0
2490 3117.0
2491 3117.0
2492 3117.0
2493 3117.0
2494 3117.0
2495 3117.0
2496 3117.0
2497 3117.0
2498 3117.0
2499 3117.0
2500 3117.0
2501 3117.0
2502 3117.0
2503 3117.0
2504 3117.0
2505 3117.0
2506 3117.0
2507 3117.0
2508 3117.0
2509 3117.0
2510 3117.0
2511 3117.0
2512 3117.0
2513 3117.0
2514 3117.0
2515 3117.0
2516 3117.0
2517 3117.0
2518 3117.0
2519 3117.0
2520 3117.0
2521 3117.0
2522 3117.0
2523 3117.0
2524 3117.0
2525 3117.0
2526 3117.0
2527 3117.0
2528 3117.0
2529 3117.0
2530 3117.0
2531 3117.0
2532 3117.0
2533 3117.0
2534 3117.0
2535 3117.0
2536 3117.0
2537 3117.0
2538 3117.0
2539 3117.0
2540 3117.0
2541 3117.0
2542 3117.0
2543 3117.0
2544 3117.0
2545 3117.0
2546 3117.0
2547 3117.0
2548 3117.0
2549 3117.0
2550 3117.0
2551 3117.0
2552 3117.0
2553 3117.0
2554 3117.0
2555 3117.0
2556 3117.0
2557 3117.0
2558 3117.0
2559 3117.0
2560 3117.0
2561 3117.0
2562 3117.0
2563 3117.0
2564 3117.0
2565 3117.0
2566 3117.0
2567 3117.0
2568 3117.0
2569 3117.0
2570 3117.0
2571 3117.0
2572 3117.0
2573 3117.0
2574 3117.0
2575 3117.0
2576 3117.0
2577 3117.0
2578 3117.0
2579 3117.0
2580 3117.0
2581 3117.0
2582 3117.0
2583 3117.0
2584 3117.0
2585 3117.0
2586 3117.0
2587 3117.0
2588 3117.0
2589 3117.0
2590 3117.0
2591 3117.0
2592 3117.0
2593 3117.0
2594 3117.0
2595 3117.0
2596 3117.0
2597 3117.0
2598 3117.0
2599 3117.0
2600 3117.0
2601 3117.0
2602 3117.0
2603 3117.0
2604 3117.0
2605 3117.0
2606 3117.0
2607 3117.0
2608 3117.0
2609 3117.0
2610 3117.0
2611 3117.0
2612 3117.0
2613 3117.0
2614 3117.0
2615 3117.0
2616 3117.0
2617 3117.0
2618 3117.0
2619 3117.0
2620 3117.0
2621 3117.0
2622 3117.0
2623 3117.0
2624 3117.0
2625 3117.0
2626 3117.0
2627 3117.0
2628 3117.0
2629 3117.0
2630 3117.0
2631 3117.0
2632 3117.0
2633 3117.0
2634 3117.0
2635 3117.0
2636 3117.0
2637 3117.0
2638 3117.0
2639 3117.0
2640 3117.0
2641 3117.0
2642 3117.0
2643 3117.0
2644 3117.0
2645 3117.0
2646 3117.0
2647 3117.0
2648 3117.0
2649 3117.0
2650 3117.0
2651 3117.0
2652 3117.0
2653 3117.0
2654 3117.0
2655 3117.0
2656 3117.0
2657 3117.0
2658 3117.0
2659 3117.0
2660 3117.0
2661 3117.0
2662 3117.0
2663 3117.0
2664 3117.0
2665 3117.0
2666 3117.0
2667 3117.0
2668 3117.0
2669 3117.0
2670 3117.0
2671 3117.0
2672 3117.0
2673 3117.0
2674 3117.0
2675 3117.0
2676 3117.0
2677 3117.0
2678 3117.0
2679 3117.0
2680 3117.0
2681 3117.0
2682 3117.0
2683 3117.0
2684 3117.0
2685 3117.0
2686 3117.0
2687 3117.0
2688 3117.0
2689 3117.0
2690 3117.0
2691 3117.0
2692 3117.0
2693 3117.0
2694 3117.0
2695 3117.0
2696 3117.0
2697 3117.0
2698 3117.0
2699 3117.0
2700 3117.0
2701 3117.0
2702 3117.0
2703 3117.0
2704 3117.0
2705 3117.0
2706 3117.0
2707 3117.0
2708 3117.0
2709 3117.0
2710 3117.0
2711 3117.0
2712 3117.0
2713 3117.0
2714 3117.0
2715 3117.0
2716 3117.0
2717 3117.0
2718 3117.0
2719 3117.0
2720 3117.0
2721 3117.0
2722 3117.0
2723 3117.0
2724 3117.0
2725 3117.0
2726 3117.0
2727 3117.0
2728 3117.0
2729 3117.0
2730 3117.0
2731 3117.0
2732 3117.0
2733 3117.0
2734 3117.0
2735 3117.0
2736 3117.0
2737 3117.0
2738 3117.0
2739 3117.0
2740 3117.0
2741 3117.0
2742 3117.0
2743 3117.0
2744 3117.0
2745 3117.0
2746 3117.0
2747 3117.0
2748 3117.0
2749 3117.0
2750 3117.0
2751 3117.0
2752 3117.0
2753 3117.0
2754 3117.0
2755 3117.0
2756 3117.0
2757 3117.0
2758 3117.0
2759 3117.0
2760 3117.0
2761 3117.0
2762 3117.0
2763 3117.0
2764 3117.0
2765 3117.0
2766 3117.0
2767 3117.0
2768 3117.0
2769 3117.0
2770 3117.0
2771 3117.0
2772 3117.0
2773 3117.0
2774 3117.0
2775 3117.0
2776 3117.0
2777 3117.0
2778 3117.0
2779 3117.0
2780 3117.0
2781 3117.0
2782 3117.0
2783 3117.0
2784 3117.0
2785 3117.0
2786 3117.0
2787 3117.0
2788 3117.0
2789 3117.0
2790 3117.0
2791 3117.0
2792 3117.0
2793 3117.0
2794 3117.0
2795 3117.0
2796 3117.0
2797 3117.0
2798 3117.0
2799 3117.0
2800 3117.0
2801 3117.0
2802 3117.0
2803 3117.0
2804 3117.0
2805 3117.0
2806 3117.0
2807 3117.0
2808 3117.0
2809 3117.0
2810 3117.0
2811 3117.0
2812 3117.0
2813 3117.0
2814 3117.0
2815 3117.0
2816 3117.0
2817 3117.0
2818 3117.0
2819 3117.0
2820 3117.0
2821 3117.0
2822 3117.0
2823 3117.0
2824 3117.0
2825 3117.0
2826 3117.0
2827 3117.0
2828 3117.0
2829 3117.0
2830 3117.0
2831 3117.0
2832 3117.0
2833 3117.0
2834 3117.0
2835 3117.0
2836 3117.0
2837 3117.0
2838 3117.0
2839 3117.0
2840 3117.0
2841 3117.0
2842 3117.0
2843 3117.0
2844 3117.0
2845 3117.0
2846 3117.0
2847 3117.0
2848 3117.0
2849 3117.0
2850 3117.0
2851 3117.0
2852 3117.0
2853 3117.0
2854 3117.0
2855 3117.0
2856 3117.0
2857 3117.0
2858 3117.0
2859 3117.0
2860 3117.0
2861 3117.0
2862 3117.0
2863 3117.0
2864 3117.0
2865 3117.0
2866 3117.0
2867 3117.0
2868 3117.0
2869 3117.0
2870 3117.0
2871 3117.0
2872 3117.0
2873 3117.0
2874 3117.0
2875 3117.0
2876 3117.0
2877 3117.0
2878 3117.0
2879 3117.0
2880 3117.0
2881 3117.0
2882 3117.0
2883 3117.0
2884 3117.0
2885 3117.0
2886 3117.0
2887 3117.0
2888 3117.0
2889 3117.0
2890 3117.0
2891 3117.0
2892 3117.0
2893 3117.0
2894 3117.0
2895 3117.0
2896 3117.0
2897 3117.0
2898 3117.0
2899 3117.0
2900 3117.0
2901 3117.0
2902 3117.0
2903 3117.0
2904 3117.0
2905 3117.0
2906 3117.0
2907 3117.0
2908 3117.0
2909 3117.0
2910 3117.0
2911 3117.0
2912 3117.0
2913 3117.0
2914 3117.0
2915 3117.0
2916 3117.0
2917 3117.0
2918 3117.0
2919 3117.0
2920 3117.0
2921 3117.0
2922 3117.0
2923 3117.0
2924 3117.0
2925 3117.0
2926 3117.0
2927 3117.0
2928 3117.0
2929 3117.0
2930 3117.0
2931 3117.0
2932 3117.0
2933 3117.0
2934 3117.0
2935 3117.0
2936 3117.0
2937 3117.0
2938 3117.0
2939 3117.0
2940 3117.0
2941 3117.0
2942 3117.0
2943 3117.0
2944 3117.0
2945 3117.0
2946 3117.0
2947 3117.0
2948 3117.0
2949 3117.0
2950 3117.0
2951 3117.0
2952 3117.0
2953 3117.0
2954 3117.0
2955 3117.0
2956 3117.0
2957 3117.0
2958 3117.0
2959 3117.0
2960 3117.0
2961 3117.0
2962 3117.0
2963 3117.0
2964 3117.0
2965 3117.0
2966 3117.0
2967 3117.0
2968 3117.0
2969 3117.0
2970 3117.0
2971 3117.0
2972 3117.0
2973 3117.0
2974 3117.0
2975 3117.0
2976 3117.0
2977 3117.0
2978 3117.0
2979 3117.0
2980 3117.0
2981 3117.0
2982 3117.0
2983 3117.0
2984 3117.0
2985 3117.0
2986 3117.0
2987 3117.0
2988 3117.0
2989 3117.0
2990 3117.0
2991 3117.0
2992 3117.0
2993 3117.0
2994 3117.0
2995 3117.0
2996 3117.0
2997 3117.0
2998 3117.0
2999 3117.0
3000 3117.0
3001 3117.0
3002 3117.0
3003 3117.0
3004 3117.0
3005 3117.0
3006 3117.0
3007 3117.0
3008 3117.0
3009 3117.0
3010 3117.0
3011 3117.0
3012 3117.0
3013 3117.0
3014 3117.0
3015 3117.0
3016 3117.0
3017 3117.0
3018 3117.0
3019 3117.0
3020 3117.0
3021 3117.0
3022 3117.0
3023 3117.0
3024 3117.0
3025 3117.0
3026 3117.0
3027 3117.0
3028 3117.0
3029 3117.0
3030 3117.0
3031 3117.0
3032 3117.0
3033 3117.0
3034 3117.0
3035 3117.0
3036 3117.0
3037 3117.0
3038 3117.0
3039 3117.0
3040 3117.0
3041 3117.0
3042 3117.0
3043 3117.0
3044 3117.0
3045 3117.0
3046 3117.0
3047 3117.0
3048 3117.0
3049 3117.0
3050 3117.0
3051 3117.0
3052 3117.0
3053 3117.0
3054 3117.0
3055 3117.0
3056 3117.0
3057 3117.0
3058 3117.0
3059 3117.0
3060 3117.0
3061 3117.0
3062 3117.0
3063 3117.0
3064 3117.0
3065 3117.0
3066 3117.0
3067 3117.0
3068 3117.0
3069 3117.0
3070 3117.0
3071 3117.0
3072 3117.0
3073 3117.0
3074 3117.0
3075 3117.0
3076 3117.0
3077 3117.0
3078 3117.0
3079 3117.0
3080 3117.0
3081 3117.0
3082 3117.0
3083 3117.0
3084 3117.0
3085 3117.0
3086 3117.0
3087 3117.0
3088 3117.0
3089 3117.0
3090 3117.0
3091 3117.0
3092 3117.0
3093 3117.0
3094 3117.0
3095 3117.0
3096 3117.0
3097 3117.0
3098 3117.0
3099 3117.0
3100 3117.0
3101 3117.0
3102 3117.0
3103 3117.0
3104 3117.0
3105 3117.0
3106 3117.0
3107 3117.0
3108 3117.0
3109 3117.0
3110 3117.0
3111 3117.0
3112 3117.0
3113 3117.0
3114 3117.0
3115 3117.0
3116 3117.0
3117 3117.0
3118 3117.0
3119 3117.0
3120 3117.0
3121 3117.0
3122 3117.0
3123 3117.0
3124 3117.0
3125 3117.0
3126 3117.0
3127 3117.0
3128 3117.0
3129 3117.0
3130 3117.0
3131 3117.0
3132 3117.0
3133 3117.0
3134 3117.0
3135 3117.0
3136 3117.0
3137 3117.0
3138 3117.0
3139 3117.0
3140 3117.0
3141 3117.0
3142 3117.0
3143 3117.0
3144 3117.0
3145 3117.0
3146 3117.0
3147 3117.0
3148 3117.0
3149 3117.0
3150 3117.0
3151 3117.0
3152 3117.0
3153 3117.0
3154 3117.0
3155 3117.0
3156 3117.0
3157 3117.0
3158 3117.0
3159 3117.0
3160 3117.0
3161 3117.0
3162 3117.0
3163 3117.0
3164 3117.0
3165 3117.0
3166 3117.0
3167 3117.0
3168 3117.0
3169 3117.0
3170 3117.0
3171 3117.0
3172 3117.0
3173 3117.0
3174 3117.0
3175 3117.0
3176 3117.0
3177 3117.0
3178 3117.0
3179 3117.0
3180 3117.0
3181 3117.0
3182 3117.0
3183 3117.0
3184 3117.0
3185 3117.0
3186 3117.0
3187 3117.0
3188 3117.0
3189 3117.0
3190 3117.0
3191 3117.0
3192 3117.0
3193 3117.0
3194 3117.0
3195 3117.0
3196 3117.0
3197 3117.0
3198 3117.0
3199 3117.0
3200 3117.0
3201 3117.0
3202 3117.0
3203 3117.0
3204 3117.0
3205 3117.0
3206 3117.0
3207 3117.0
3208 3117.0
3209 3117.0
3210 3117.0
3211 3117.0
3212 3117.0
3213 3117.0
3214 3117.0
3215 3117.0
3216 3117.0
3217 3117.0
3218 3117.0
3219 3117.0
3220 3117.0
3221 3117.0
3222 3117.0
3223 3117.0
3224 3117.0
3225 3117.0
3226 3117.0
3227 3117.0
3228 3117.0
3229 3117.0
3230 3117.0
3231 3117.0
3232 3117.0
3233 3117.0
3234 3117.0
3235 3117.0
3236 3117.0
3237 3117.0
3238 3117.0
3239 3117.0
3240 3117.0
3241 3117.0
3242 3117.0
3243 3117.0
3244 3117.0
3245 3117.0
3246 3117.0
3247 3117.0
3248 3117.0
3249 3117.0
3250 3117.0
3251 3117.0
3252 3117.0
3253 3117.0
3254 3117.0
3255 3117.0
3256 3117.0
3257 3117.0
3258 3117.0
3259 3117.0
3260 3117.0
3261 3117.0
3262 3117.0
3263 3117.0
3264 3117.0
3265 3117.0
3266 3117.0
3267 3117.0
3268 3117.0
3269 3117.0
3270 3117.0
3271 3117.0
3272 3117.0
3273 3117.0
3274 3117.0
3275 3117.0
3276 3117.0
3277 3117.0
3278 3117.0
3279 3117.0
3280 3117.0
3281 3117.0
3282 3117.0
3283 3117.0
3284 3117.0
3285 3117.0
3286 3117.0
3287 3117.0
3288 3117.0
3289 3117.0
3290 3117.0
3291 3117.0
3292 3117.0
3293 3117.0
3294 3117.0
3295 3117.0
3296 3117.0
3297 3117.0
3298 3117.0
3299 3117.0
3300 3117.0
3301 3117.0
3302 3117.0
3303 3117.0
3304 3117.0
3305 3117.0
3306 3117.0
3307 3117.0
3308 3117.0
3309 3117.0
3310 3117.0
3311 3117.0
3312 3117.0
3313 3117.0
3314 3117.0
3315 3117.0
3316 3117.0
3317 3117.0
3318 3117.0
3319 3117.0
3320 3117.0
3321 3117.0
3322 3117.0
3323 3117.0
3324 3117.0
3325 3117.0
3326 3117.0
3327 3117.0
3328 3117.0
3329 3117.0
3330 3117.0
3331 3117.0
3332 3117.0
3333 3117.0
3334 3117.0
3335 3117.0
3336 3117.0
3337 3117.0
3338 3117.0
3339 3117.0
3340 3117.0
3341 3117.0
3342 3117.0
3343 3117.0
3344 3117.0
3345 3117.0
3346 3117.0
3347 3117.0
3348 3117.0
3349 3117.0
3350 3117.0
3351 3117.0
3352 3117.0
3353 3117.0
3354 3117.0
3355 3117.0
3356 3117.0
3357 3117.0
3358 3117.0
3359 3117.0
3360 3117.0
3361 3117.0
3362 3117.0
3363 3117.0
3364 3117.0
3365 3117.0
3366 3117.0
3367 3117.0
3368 3117.0
3369 3117.0
3370 3117.0
3371 3117.0
3372 3117.0
3373 3117.0
3374 3117.0
3375 3117.0
3376 3117.0
3377 3117.0
3378 3117.0
3379 3117.0
3380 3117.0
3381 3117.0
3382 3117.0
3383 3117.0
3384 3117.0
3385 3117.0
3386 3117.0
3387 3117.0
3388 3117.0
3389 3117.0
3390 3117.0
3391 3117.0
3392 3117.0
3393 3117.0
3394 3117.0
3395 3117.0
3396 3117.0
3397 3117.0
3398 3117.0
3399 3117.0
3400 3117.0
3401 3117.0
3402 3117.0
3403 3117.0
3404 3117.0
3405 3117.0
3406 3117.0
3407 3117.0
3408 3117.0
3409 3117.0
3410 3117.0
3411 3117.0
3412 3117.0
3413 3117.0
3414 3117.0
3415 3117.0
3416 3117.0
3417 3117.0
3418 3117.0
3419 3117.0
3420 3117.0
3421 3117.0
3422 3117.0
3423 3117.0
3424 3117.0
3425 3117.0
3426 3117.0
3427 3117.0
3428 3117.0
3429 3117.0
3430 3117.0
3431 3117.0
3432 3117.0
3433 3117.0
3434 3117.0
3435 3117.0
3436 3117.0
3437 3117.0
3438 3117.0
3439 3117.0
3440 3117.0
3441 3117.0
3442 3117.0
3443 3117.0
3444 3117.0
3445 3117.0
3446 3117.0
3447 3117.0
3448 3117.0
3449 3117.0
3450 3117.0
3451 3117.0
3452 3117.0
3453 3117.0
3454 3117.0
3455 3117.0
3456 3117.0
3457 3117.0
3458 3117.0
3459 3117.0
3460 3117.0
3461 3117.0
3462 3117.0
3463 3117.0
3464 3117.0
3465 3117.0
3466 3117.0
3467 3117.0
3468 3117.0
3469 3117.0
3470 3117.0
3471 3117.0
3472 3117.0
3473 3117.0
3474 3117.0
3475 3117.0
3476 3117.0
3477 3117.0
3478 3117.0
3479 3117.0
3480 3117.0
3481 3117.0
3482 3117.0
3483 3117.0
3484 3117.0
3485 3117.0
3486 3117.0
3487 3117.0
3488 3117.0
3489 3117.0
3490 3117.0
3491 3117.0
3492 3117.0
3493 3117.0
3494 3117.0
3495 3117.0
3496 3117.0
3497 3117.0
3498 3117.0
3499 3117.0
3500 3117.0
3501 3117.0
3502 3117.0
3503 3117.0
3504 3117.0
3505 3117.0
3506 3117.0
3507 3117.0
3508 3117.0
3509 3117.0
3510 3117.0
3511 3117.0
3512 3117.0
3513 3117.0
3514 3117.0
3515 3117.0
3516 3117.0
3517 3117.0
3518 3117.0
3519 3117.0
3520 3117.0
3521 3117.0
3522 3117.0
3523 3117.0
3524 3117.0
3525 3117.0
3526 3117.0
3527 3117.0
3528 3117.0
3529 3117.0
3530 3117.0
3531 3117.0
3532 3117.0
3533 3117.0
3534 3117.0
3535 3117.0
3536 3117.0
3537 3117.0
3538 3117.0
3539 3117.0
3540 3117.0
3541 3117.0
3542 3117.0
3543 3117.0
3544 3117.0
3545 3117.0
3546 3117.0
3547 3117.0
3548 3117.0
3549 3117.0
3550 3117.0
3551 3117.0
3552 3117.0
3553 3117.0
3554 3117.0
3555 3117.0
3556 3117.0
3557 3117.0
3558 3117.0
3559 3117.0
3560 3117.0
3561 3117.0
3562 3117.0
3563 3117.0
3564 3117.0
3565 3117.0
3566 3117.0
3567 3117.0
3568 3117.0
3569 3117.0
3570 3117.0
3571 3117.0
3572 3117.0
3573 3117.0
3574 3117.0
3575 3117.0
3576 3117.0
3577 3117.0
3578 3117.0
3579 3117.0
3580 3117.0
3581 3117.0
3582 3117.0
3583 3117.0
3584 3117.0
3585 3117.0
3586 3117.0
3587 3117.0
3588 3117.0
3589 3117.0
3590 3117.0
3591 3117.0
3592 3117.0
3593 3117.0
3594 3117.0
3595 3117.0
3596 3117.0
3597 3117.0
3598 3117.0
3599 3117.0
3600 3117.0
3601 3117.0
3602 3117.0
3603 3117.0
3604 3117.0
3605 3117.0
3606 3117.0
3607 3117.0
3608 3117.0
3609 3117.0
3610 3117.0
3611 3117.0
3612 3117.0
3613 3117.0
3614 3117.0
3615 3117.0
3616 3117.0
3617 3117.0
3618 3117.0
3619 3117.0
3620 3117.0
3621 3117.0
3622 3117.0
3623 3117.0
3624 3117.0
3625 3117.0
3626 3117.0
3627 3117.0
3628 3117.0
3629 3117.0
3630 3117.0
3631 3117.0
3632 3117.0
3633 3117.0
3634 3117.0
3635 3117.0
3636 3117.0
3637 3117.0
3638 3117.0
3639 3117.0
3640 3117.0
3641 3117.0
3642 3117.0
3643 3117.0
3644 3117.0
3645 3117.0
3646 3117.0
3647 3117.0
3648 3117.0
3649 3117.0
3650 3117.0
3651 3117.0
3652 3117.0
3653 3117.0
3654 3117.0
3655 3117.0
3656 3117.0
3657 3117.0
3658 3117.0
3659 3117.0
3660 3117.0
3661 3117.0
3662 3117.0
3663 3117.0
3664 3117.0
3665 3117.0
3666 3117.0
3667 3117.0
3668 3117.0
3669 3117.0
3670 3117.0
3671 3117.0
3672 3117.0
3673 3117.0
3674 3117.0
3675 3117.0
3676 3117.0
3677 3117.0
3678 3117.0
3679 3117.0
3680 3117.0
3681 3117.0
3682 3117.0
3683 3117.0
3684 3117.0
3685 3117.0
3686 3117.0
3687 3117.0
3688 3117.0
3689 3117.0
3690 3117.0
3691 3117.0
3692 3117.0
3693 3117.0
3694 3117.0
3695 3117.0
3696 3117.0
3697 3117.0
3698 3117.0
3699 3117.0
3700 3117.0
3701 3117.0
3702 3117.0
3703 3117.0
3704 3117.0
3705 3117.0
3706 3117.0
3707 3117.0
3708 3117.0
3709 3117.0
3710 3117.0
3711 3117.0
3712 3117.0
3713 3117.0
3714 3117.0
3715 3117.0
3716 3117.0
3717 3117.0
3718 3117.0
3719 3117.0
3720 3117.0
3721 3117.0
3722 3117.0
3723 3117.0
3724 3117.0
3725 3117.0
3726 3117.0
3727 3117.0
3728 3117.0
3729 3117.0
3730 3117.0
3731 3117.0
3732 3117.0
3733 3117.0
3734 3117.0
3735 3117.0
3736 3117.0
3737 3117.0
3738 3117.0
3739 3117.0
3740 3117.0
3741 3117.0
3742 3117.0
3743 3117.0
3744 3117.0
3745 3117.0
3746 3117.0
3747 3117.0
3748 3117.0
3749 3117.0
3750 3117.0
3751 3117.0
3752 3117.0
3753 3117.0
3754 3117.0
3755 3117.0
3756 3117.0
3757 3117.0
3758 3117.0
3759 3117.0
3760 3117.0
3761 3117.0
3762 3117.0
3763 3117.0
3764 3117.0
3765 3117.0
3766 3117.0
3767 3117.0
3768 3117.0
3769 3117.0
3770 3117.0
3771 3117.0
3772 3117.0
3773 3117.0
3774 3117.0
3775 3117.0
3776 3117.0
3777 3117.0
3778 3117.0
3779 3117.0
3780 3117.0
3781 3117.0
3782 3117.0
3783 3117.0
3784 3117.0
3785 3117.0
3786 3117.0
3787 3117.0
3788 3117.0
3789 3117.0
3790 3117.0
3791 3117.0
3792 3117.0
3793 3117.0
3794 3117.0
3795 3117.0
3796 3117.0
3797 3117.0
3798 3117.0
3799 3117.0
3800 3117.0
3801 3117.0
3802 3117.0
3803 3117.0
3804 3117.0
3805 3117.0
3806 3117.0
3807 3117.0
3808 3117.0
3809 3117.0
3810 3117.0
3811 3117.0
3812 3117.0
3813 3117.0
3814 3117.0
3815 3117.0
3816 3117.0
3817 3117.0
3818 3117.0
3819 3117.0
3820 3117.0
3821 3117.0
3822 3117.0
3823 3117.0
3824 3117.0
3825 3117.0
3826 3117.0
3827 3117.0
3828 3117.0
3829 3117.0
3830 3117.0
3831 3117.0
3832 3117.0
3833 3117.0
3834 3117.0
3835 3117.0
3836 3117.0
3837 3117.0
3838 3117.0
3839 3117.0
3840 3117.0
3841 3117.0
3842 3117.0
3843 3117.0
3844 3117.0
3845 3117.0
3846 3117.0
3847 3117.0
3848 3117.0
3849 3117.0
3850 3117.0
3851 3117.0
3852 3117.0
3853 3117.0
3854 3117.0
3855 3117.0
3856 3117.0
3857 3117.0
3858 3117.0
3859 3117.0
3860 3117.0
3861 3117.0
3862 3117.0
3863 3117.0
3864 3117.0
3865 3117.0
3866 3117.0
3867 3117.0
3868 3117.0
3869 3117.0
3870 3117.0
3871 3117.0
3872 3117.0
3873 3117.0
3874 3117.0
3875 3117.0
3876 3117.0
3877 3117.0
3878 3117.0
3879 3117.0
3880 3117.0
3881 3117.0
3882 3117.0
3883 3117.0
3884 3117.0
3885 3117.0
3886 3117.0
3887 3117.0
3888 3117.0
3889 3117.0
3890 3117.0
3891 3117.0
3892 3117.0
3893 3117.0
3894 3117.0
3895 3117.0
3896 3117.0
3897 3117.0
3898 3117.0
3899 3117.0
3900 3117.0
3901 3117.0
3902 3117.0
3903 3117.0
3904 3117.0
3905 3117.0
3906 3117.0
3907 3117.0
3908 3117.0
3909 3117.0
3910 3117.0
3911 3117.0
3912 3117.0
3913 3117.0
3914 3117.0
3915 3117.0
3916 3117.0
3917 3117.0
3918 3117.0
3919 3117.0
3920 3117.0
3921 3117.0
3922 3117.0
3923 3117.0
3924 3117.0
3925 3117.0
3926 3117.0
3927 3117.0
3928 3117.0
3929 3117.0
3930 3117.0
3931 3117.0
3932 3117.0
3933 3117.0
3934 3117.0
3935 3117.0
3936 3117.0
3937 3117.0
3938 3117.0
3939 3117.0
3940 3117.0
3941 3117.0
3942 3117.0
3943 3117.0
3944 3117.0
3945 3117.0
3946 3117.0
3947 3117.0
3948 3117.0
3949 3117.0
3950 3117.0
3951 3117.0
3952 3117.0
3953 3117.0
3954 3117.0
3955 3117.0
3956 3117.0
3957 3117.0
3958 3117.0
3959 3117.0
3960 3117.0
3961 3117.0
3962 3117.0
3963 3117.0
3964 3117.0
3965 3117.0
3966 3117.0
3967 3117.0
3968 3117.0
3969 3117.0
3970 3117.0
3971 3117.0
3972 3117.0
3973 3117.0
3974 3117.0
3975 3117.0
3976 3117.0
3977 3117.0
3978 3117.0
3979 3117.0
3980 3117.0
3981 3117.0
3982 3117.0
3983 3117.0
3984 3117.0
3985 3117.0
3986 3117.0
3987 3117.0
3988 3117.0
3989 3117.0
3990 3117.0
3991 3117.0
3992 3117.0
3993 3117.0
3994 3117.0
3995 3117.0
3996 3117.0
3997 3117.0
3998 3117.0
3999 3117.0
4000 3117.0
4001 3117.0
4002 3117.0
4003 3117.0
4004 3117.0
4005 3117.0
4006 3117.0
4007 3117.0
4008 3117.0
4009 3117.0
4010 3117.0
4011 3117.0
4012 3117.0
4013 3117.0
4014 3117.0
4015 3117.0
4016 3117.0
4017 3117.0
4018 3117.0
4019 3117.0
4020 3117.0
4021 3117.0
4022 3117.0
4023 3117.0
4024 3117.0
4025 3117.0
4026 3117.0
4027 3117.0
4028 3117.0
4029 3117.0
4030 3117.0
4031 3117.0
4032 3117.0
4033 3117.0
4034 3117.0
4035 3117.0
4036 3117.0
4037 3117.0
4038 3117.0
4039 3117.0
4040 3117.0
4041 3117.0
4042 3117.0
4043 3117.0
4044 3117.0
4045 3117.0
4046 3117.0
4047 3117.0
4048 3117.0
4049 3117.0
4050 3117.0
4051 3117.0
4052 3117.0
4053 3117.0
4054 3117.0
4055 3117.0
4056 3117.0
4057 3117.0
4058 3117.0
4059 3117.0
4060 3117.0
4061 3117.0
4062 3117.0
4063 3117.0
4064 3117.0
4065 3117.0
4066 3117.0
4067 3117.0
4068 3117.0
4069 3117.0
4070 3117.0
4071 3117.0
4072 3117.0
4073 3117.0
4074 3117.0
4075 3117.0
4076 3117.0
4077 3117.0
4078 3117.0
4079 3117.0
4080 3117.0
4081 3117.0
4082 3117.0
4083 3117.0
4084 3117.0
4085 3117.0
4086 3117.0
4087 3117.0
4088 3117.0
4089 3117.0
4090 3117.0
4091 3117.0
4092 3117.0
4093 3117.0
4094 3117.0
4095 3117.0
4096 3117.0
4097 3117.0
4098 3117.0
4099 3117.0
4100 3117.0
4101 3117.0
4102 3117.0
4103 3117.0
4104 3117.0
4105 3117.0
4106 3117.0
4107 3117.0
4108 3117.0
4109 3117.0
4110 3117.0
4111 3117.0
4112 3117.0
4113 3117.0
4114 3117.0
4115 3117.0
4116 3117.0
4117 3117.0
4118 3117.0
4119 3117.0
4120 3117.0
4121 3117.0
4122 3117.0
4123 3117.0
4124 3117.0
4125 3117.0
4126 3117.0
4127 3117.0
4128 3117.0
4129 3117.0
4130 3117.0
4131 3117.0
4132 3117.0
4133 3117.0
4134 3117.0
4135 3117.0
4136 3117.0
4137 3117.0
4138 3117.0
4139 3117.0
4140 3117.0
4141 3117.0
4142 3117.0
4143 3117.0
4144 3117.0
4145 3117.0
4146 3117.0
4147 3117.0
4148 3117.0
4149 3117.0
4150 3117.0
4151 3117.0
4152 3117.0
4153 3117.0
4154 3117.0
4155 3117.0
4156 3117.0
4157 3117.0
4158 3117.0
4159 3117.0
4160 3117.0
4161 3117.0
4162 3117.0
4163 3117.0
4164 3117.0
4165 3117.0
4166 3117.0
4167 3117.0
4168 3117.0
4169 3117.0
4170 3117.0
4171 3117.0
4172 3117.0
4173 3117.0
4174 3117.0
4175 3117.0
4176 3117.0
4177 3117.0
4178 3117.0
4179 3117.0
4180 3117.0
4181 3117.0
4182 3117.0
4183 3117.0
4184 3117.0
