0 4402.0
1 4402.0
2 4402.0
3 4402.0
4 4402.0
5 4402.0
6 4402.0
7 4402.0
8 4402.0
9 4402.0
10 4402.0
11 4402.0
12 4402.0
13 4402.0
14 4402.0
15 4402.0
16 4402.0
17 4402.0
18 4402.0
19 4402.0
20 4402.0
21 4402.0
22 4402.0
23 4402.0
24 4402.0
25 4402.0
26 4402.0
27 4402.0
28 4402.0
29 4402.0
30 4402.0
31 4402.0
32 4402.0
33 4402.0
34 4402.0
35 4402.0
36 4402.0
37 4402.0
38 4402.0
39 4402.0
40 4402.0
41 4402.0
42 4402.0
43 4402.0
44 4402.0
45 4402.0
46 4402.0
47 4402.0
48 4402.0
49 4402.0
50 4402.0
51 4402.0
52 4402.0
53 4402.0
54 4402.0
55 4402.0
56 4402.0
57 4402.0
58 4402.0
59 4402.0
60 4402.0
61 4402.0
62 4402.0
63 4402.0
64 4402.0
65 4402.0
66 4402.0
67 4402.0
68 4402.0
69 4402.0
70 4402.0
71 4402.0
72 4402.0
73 4402.0
74 4402.0
75 4402.0
76 4402.0
77 4402.0
78 4402.0
79 4402.0
80 4402.0
81 4402.0
82 4402.0
83 4402.0
84 4402.0
85 4402.0
86 4402.0
87 4402.0
88 4402.0
89 4402.0
90 4402.0
91 4402.0
92 4402.0
93 4402.0
94 4402.0
95 4402.0
96 4402.0
97 4402.0
98 4402.0
99 4402.0
100 4402.0
101 4402.0
102 4402.0
103 4402.0
104 4402.0
105 4402.0
106 4402.0
107 4402.0
108 4402.0
109 4402.0
110 4402.0
111 4402.0
112 4402.0
113 4402.0
114 4402.0
115 4402.0
116 4402.0
117 4402.0
118 4402.0
119 4402.0
120 4402.0
121 4402.0
122 4402.0
123 4402.0
124 4402.0
125 4402.0
126 4402.0
127 4402.0
128 4402.0
129 4402.0
130 4402.0
131 4402.0
132 4402.0
133 4402.0
134 4402.0
135 4402.0
136 4402.0
137 4402.0
138 4402.0
139 4402.0
140 4402.0
141 4402.0
142 4402.0
143 4402.0
144 4402.0
145 4402.0
146 4402.0
147 4402.0
148 4402.0
149 4402.0
150 4402.0
151 4402.0
152 4402.0
153 4402.0
154 4402.0
155 4402.0
156 4402.0
157 4402.0
158 4402.0
159 4402.0
160 4402.0
161 4402.0
162 4402.0
163 4402.0
164 4402.0
165 4402.0
166 4402.0
167 4402.0
168 4402.0
169 4402.0
170 4402.0
171 4402.0
172 4402.0
173 4402.0
174 4402.0
175 4402.0
176 4402.0
177 4402.0
178 4402.0
179 4402.0
180 4402.0
181 4402.0
182 4402.0
183 4402.0
184 4402.0
185 4402.0
186 4402.0
187 4402.0
188 4402.0
189 4402.0
190 4402.0
191 4402.0
192 4402.0
193 4402.0
194 4402.0
195 4402.0
196 4402.0
197 4402.0
198 4402.0
199 4402.0
200 4402.0
201 4402.0
202 4402.0
203 4402.0
204 4402.0
205 4402.0
206 4402.0
207 4402.0
208 4402.0
209 4402.0
210 4402.0
211 4402.0
212 4402.0
213 4402.0
214 4402.0
215 4402.0
216 4402.0
217 4402.0
218 4402.0
219 4402.0
220 4402.0
221 4402.0
222 4402.0
223 4402.0
224 4402.0
225 4402.0
226 4402.0
227 4402.0
228 4402.0
229 4402.0
230 4402.0
231 4402.0
232 4402.0
233 4402.0
234 4402.0
235 4402.0
236 4402.0
237 4402.0
238 4402.0
239 4402.0
240 4402.0
241 4402.0
242 4402.0
243 4402.0
244 4402.0
245 4402.0
246 4402.0
247 4402.0
248 4402.0
249 4402.0
250 4402.0
251 4402.0
252 4402.0
253 4402.0
254 4402.0
255 4402.0
256 4402.0
257 4402.0
258 4402.0
259 4402.0
260 4402.0
261 4402.0
262 4402.0
263 4402.0
264 4402.0
265 4402.0
266 4402.0
267 4402.0
268 4402.0
269 4402.0
270 4402.0
271 4402.0
272 4402.0
273 4402.0
274 4402.0
275 4402.0
276 4402.0
277 4402.0
278 4402.0
279 4402.0
280 4402.0
281 4402.0
282 4402.0
283 4402.0
284 4402.0
285 4402.0
286 4402.0
287 4402.0
288 4402.0
289 4402.0
290 4402.0
291 4402.0
292 4402.0
293 4402.0
294 4402.0
295 4402.0
296 4402.0
297 4402.0
298 4402.0
299 4402.0
300 4402.0
301 4402.0
302 4402.0
303 4402.0
304 4402.0
305 4402.0
306 4402.0
307 4402.0
308 4402.0
309 4402.0
310 4402.0
311 4402.0
312 4402.0
313 4402.0
314 4402.0
315 4402.0
316 4402.0
317 4402.0
318 4402.0
319 4402.0
320 4402.0
321 4402.0
322 4402.0
323 4402.0
324 4402.0
325 4402.0
326 4402.0
327 4402.0
328 4402.0
329 4402.0
330 4402.0
331 4402.0
332 4402.0
333 4402.0
334 4402.0
335 4402.0
336 4402.0
337 4402.0
338 4402.0
339 4402.0
340 4402.0
341 4402.0
342 4402.0
343 4402.0
344 4402.0
345 4402.0
346 4402.0
347 4402.0
348 4402.0
349 4402.0
350 4402.0
351 4402.0
352 4402.0
353 4402.0
354 4402.0
355 4402.0
356 4402.0
357 4402.0
358 4402.0
359 4402.0
360 4402.0
361 4402.0
362 4402.0
363 4402.0
364 4402.0
365 4402.0
366 4402.0
367 4402.0
368 4402.0
369 4402.0
370 4402.0
371 4402.0
372 4402.0
373 4402.0
374 4402.0
375 4402.0
376 4402.0
377 4402.0
378 4402.0
379 4402.0
380 4402.0
381 4402.0
382 4402.0
383 4402.0
384 4402.0
385 4402.0
386 4402.0
387 4402.0
388 4402.0
389 4402.0
390 4402.0
391 4402.0
392 4402.0
393 4402.0
394 4402.0
395 4402.0
396 4402.0
397 4402.0
398 4402.0
399 4402.0
400 4402.0
401 4402.0
402 4402.0
403 4402.0
404 4402.0
405 4402.0
406 4402.0
407 4402.0
408 4402.0
409 4402.0
410 4402.0
411 4402.0
412 4402.0
413 4402.0
414 4402.0
415 4402.0
416 4402.0
417 4402.0
418 4402.0
419 4402.0
420 4402.0
421 4402.0
422 4402.0
423 4402.0
424 4402.0
425 4402.0
426 4402.0
427 4402.0
428 4402.0
429 4402.0
430 4402.0
431 4402.0
432 4402.0
433 4402.0
434 4402.0
435 4402.0
436 4402.0
437 4402.0
438 4402.0
439 4402.0
440 4402.0
441 4402.0
442 4402.0
443 4402.0
444 4402.0
445 4402.0
446 4402.0
447 4402.0
448 4402.0
449 4402.0
450 4402.0
451 4402.0
452 4402.0
453 4402.0
454 4402.0
455 4402.0
456 4402.0
457 4402.0
458 4402.0
459 4402.0
460 4402.0
461 4402.0
462 4402.0
463 4402.0
464 4402.0
465 4402.0
466 4402.0
467 4402.0
468 4402.0
469 4402.0
470 4402.0
471 4402.0
472 4402.0
473 4402.0
474 4402.0
475 4402.0
476 4402.0
477 4402.0
478 4402.0
479 4402.0
480 4402.0
481 4402.0
482 4402.0
483 4402.0
484 4402.0
485 4402.0
486 4402.0
487 4402.0
488 4402.0
489 4402.0
490 4402.0
491 4402.0
492 4402.0
493 4402.0
494 4402.0
495 4402.0
496 4402.0
497 4402.0
498 4402.0
499 4402.0
500 4402.0
501 4402.0
502 4402.0
503 4402.0
504 4402.0
505 4402.0
506 4402.0
507 4402.0
508 4402.0
509 4402.0
510 4402.0
511 4402.0
512 4402.0
513 4402.0
514 4402.0
515 4402.0
516 4402.0
517 4402.0
518 4402.0
519 4402.0
520 4402.0
521 4402.0
522 4402.0
523 4402.0
524 4402.0
525 4402.0
526 4402.0
527 4402.0
528 4402.0
529 4402.0
530 4402.0
531 4402.0
532 4402.0
533 4402.0
534 4402.0
535 4402.0
536 4402.0
537 4402.0
538 4402.0
539 4402.0
540 4402.0
541 4402.0
542 4402.0
543 4402.0
544 4402.0
545 4402.0
546 4402.0
547 4402.0
548 4402.0
549 4402.0
550 4402.0
551 4402.0
552 4402.0
553 4402.0
554 4402.0
555 4402.0
556 4402.0
557 4402.0
558 4402.0
559 4402.0
560 4402.0
561 4402.0
562 4402.0
563 4402.0
564 4402.0
565 4402.0
566 4402.0
567 4402.0
568 4402.0
569 4402.0
570 4402.0
571 4402.0
572 4402.0
573 4402.0
574 4402.0
575 4402.0
576 4402.0
577 4402.0
578 4402.0
579 4402.0
580 4402.0
581 4402.0
582 4402.0
583 4402.0
584 4402.0
585 4402.0
586 4402.0
587 4402.0
588 4402.0
589 4402.0
590 4402.0
591 4402.0
592 4402.0
593 4402.0
594 4402.0
595 4402.0
596 4402.0
597 4402.0
598 4402.0
599 4402.0
600 4402.0
601 4402.0
602 4402.0
603 4402.0
604 4402.0
605 4402.0
606 4402.0
607 4402.0
608 4402.0
609 4402.0
610 4402.0
611 4402.0
612 4402.0
613 4402.0
614 4402.0
615 4402.0
616 4402.0
617 4402.0
618 4402.0
619 4402.0
620 4402.0
621 4402.0
622 4402.0
623 4402.0
624 4402.0
625 4402.0
626 4402.0
627 4402.0
628 4402.0
629 4402.0
630 4402.0
631 4402.0
632 4402.0
633 4402.0
634 4402.0
635 4402.0
636 4402.0
637 4402.0
638 4402.0
639 4402.0
640 4402.0
641 4402.0
642 4402.0
643 4402.0
644 4402.0
645 4402.0
646 4402.0
647 4402.0
648 4402.0
649 4402.0
650 4402.0
651 4402.0
652 4402.0
653 4402.0
654 4402.0
655 4402.0
656 4402.0
657 4402.0
658 4402.0
659 4402.0
660 4402.0
661 4402.0
662 4402.0
663 4402.0
664 4402.0
665 4402.0
666 4402.0
667 4402.0
668 4402.0
669 4402.0
670 4402.0
671 4402.0
672 4402.0
673 4402.0
674 4402.0
675 4402.0
676 4402.0
677 4402.0
678 4402.0
679 4402.0
680 4402.0
681 4402.0
682 4402.0
683 4402.0
684 4402.0
685 4402.0
686 4402.0
687 4402.0
688 4402.0
689 4402.0
690 4402.0
691 4402.0
692 4402.0
693 4402.0
694 4402.0
695 4402.0
696 4402.0
697 4402.0
698 4402.0
699 4402.0
700 4402.0
701 4402.0
702 4402.0
703 4402.0
704 4402.0
705 4402.0
706 4402.0
707 4402.0
708 4402.0
709 4402.0
710 4402.0
711 4402.0
712 4402.0
713 4402.0
714 4402.0
715 4402.0
716 4402.0
717 4402.0
718 4402.0
719 4402.0
720 4402.0
721 4402.0
722 4402.0
723 4402.0
724 4402.0
725 4402.0
726 4402.0
727 4402.0
728 4402.0
729 4402.0
730 4402.0
731 4402.0
732 4402.0
733 4402.0
734 4402.0
735 4402.0
736 4402.0
737 4402.0
738 4402.0
739 4402.0
740 4402.0
741 4402.0
742 4402.0
743 4402.0
744 4402.0
745 4402.0
746 4402.0
747 4402.0
748 4402.0
749 4402.0
750 4402.0
751 4402.0
752 4402.0
753 4402.0
754 4402.0
755 4402.0
756 4402.0
757 4402.0
758 4402.0
759 4402.0
760 4402.0
761 4402.0
762 4402.0
763 4402.0
764 4402.0
765 4402.0
766 4402.0
767 4402.0
768 4402.0
769 4402.0
770 4402.0
771 4402.0
772 4402.0
773 4402.0
774 4402.0
775 4402.0
776 4402.0
777 4402.0
778 4402.0
779 4402.0
780 4402.0
781 4402.0
782 4402.0
783 4402.0
784 4402.0
785 4402.0
786 4402.0
787 4402.0
788 4402.0
789 4402.0
790 4402.0
791 4402.0
792 4402.0
793 4402.0
794 4402.0
795 4402.0
796 4402.0
797 4402.0
798 4402.0
799 4402.0
800 4402.0
801 4402.0
802 4402.0
803 4402.0
804 4402.0
805 4402.0
806 4402.0
807 4402.0
808 4402.0
809 4402.0
810 4402.0
811 4402.0
812 4402.0
813 4402.0
814 4402.0
815 4402.0
816 4402.0
817 4402.0
818 4402.0
819 4402.0
820 4402.0
821 4402.0
822 4402.0
823 4402.0
824 4402.0
825 4402.0
826 4402.0
827 4402.0
828 4402.0
829 4402.0
830 4402.0
831 4402.0
832 4402.0
833 4402.0
834 4402.0
835 4402.0
836 4402.0
837 4402.0
838 4402.0
839 4402.0
840 4402.0
841 4402.0
842 4402.0
843 4402.0
844 4402.0
845 4402.0
846 4402.0
847 4402.0
848 4402.0
849 4402.0
850 4402.0
851 4402.0
852 4402.0
853 4402.0
854 4402.0
855 4402.0
856 4402.0
857 4402.0
858 4402.0
859 4402.0
860 4402.0
861 4402.0
862 4402.0
863 4402.0
864 4402.0
865 4402.0
866 4402.0
867 4402.0
868 4402.0
869 4402.0
870 4402.0
871 4402.0
872 4402.0
873 4402.0
874 4402.0
875 4402.0
876 4402.0
877 4402.0
878 4402.0
879 4402.0
880 4402.0
881 4402.0
882 4402.0
883 4402.0
884 4402.0
885 4402.0
886 4402.0
887 4402.0
888 4402.0
889 4402.0
890 4402.0
891 4402.0
892 4402.0
893 4402.0
894 4402.0
895 4402.0
896 4402.0
897 4402.0
898 4402.0
899 4402.0
900 4402.0
901 4402.0
902 4402.0
903 4402.0
904 4402.0
905 4402.0
906 4402.0
907 4402.0
908 4402.0
909 4402.0
910 4402.0
911 4402.0
912 4402.0
913 4402.0
914 4402.0
915 4402.0
916 4402.0
917 4402.0
918 4402.0
919 4402.0
920 4402.0
921 4402.0
922 4402.0
923 4402.0
924 4402.0
925 4402.0
926 4402.0
927 4402.0
928 4402.0
929 4402.0
930 4402.0
931 4402.0
932 4402.0
933 4402.0
934 4402.0
935 4402.0
936 4402.0
937 4402.0
938 4402.0
939 4402.0
940 4402.0
941 4402.0
942 4402.0
943 4402.0
944 4402.0
945 4402.0
946 4402.0
947 4402.0
948 4402.0
949 4402.0
950 4402.0
951 4402.0
952 4402.0
953 4402.0
954 4402.0
955 4402.0
956 4402.0
957 4402.0
958 4402.0
959 4402.0
960 4402.0
961 4402.0
962 4402.0
963 4402.0
964 4402.0
965 4402.0
966 4402.0
967 4402.0
968 4402.0
969 4402.0
970 4402.0
971 4402.0
972 4402.0
973 4402.0
974 4402.0
975 4402.0
976 4402.0
977 4402.0
978 4402.0
979 4402.0
980 4402.0
981 4402.0
982 4402.0
983 4402.0
984 4402.0
985 4402.0
986 4402.0
987 4402.0
988 4402.0
989 4402.0
990 4402.0
991 4402.0
992 4402.0
993 4402.0
994 4402.0
995 4402.0
996 4402.0
997 4402.0
998 4402.0
999 4402.0
1000 4402.0
1001 4402.0
1002 4402.0
1003 4402.0
1004 4402.0
1005 4402.0
1006 4402.0
1007 4402.0
1008 4402.0
1009 4402.0
1010 4402.0
1011 4402.0
1012 4402.0
1013 4402.0
1014 4402.0
1015 4402.0
1016 4402.0
1017 4402.0
1018 4402.0
1019 4402.0
1020 4402.0
1021 4402.0
1022 4402.0
1023 4402.0
1024 4402.0
1025 4402.0
1026 4402.0
1027 4402.0
1028 4402.0
1029 4402.0
1030 4402.0
1031 4402.0
1032 4402.0
1033 4402.0
1034 4402.0
1035 4402.0
1036 4402.0
1037 4402.0
1038 4402.0
1039 4402.0
1040 4402.0
1041 4402.0
1042 4402.0
1043 4402.0
1044 4402.0
1045 4402.0
1046 4402.0
1047 4402.0
1048 4402.0
1049 4402.0
1050 4402.0
1051 4402.0
1052 4402.0
1053 4402.0
1054 4402.0
1055 4402.0
1056 4402.0
1057 4402.0
1058 4402.0
1059 4402.0
1060 4402.0
1061 4402.0
1062 4402.0
1063 4402.0
1064 4402.0
1065 4402.0
1066 4402.0
1067 4402.0
1068 4402.0
1069 4402.0
1070 4402.0
1071 4402.0
1072 4402.0
1073 4402.0
1074 4402.0
1075 4402.0
1076 4402.0
1077 4402.0
1078 4402.0
1079 4402.0
1080 4402.0
1081 4402.0
1082 4402.0
1083 4402.0
1084 4402.0
1085 4402.0
1086 4402.0
1087 4402.0
1088 4402.0
1089 4402.0
1090 4402.0
1091 4402.0
1092 4402.0
1093 4402.0
1094 4402.0
1095 4402.0
1096 4402.0
1097 4402.0
1098 4402.0
1099 4402.0
1100 4402.0
1101 4402.0
1102 4402.0
1103 4402.0
1104 4402.0
1105 4402.0
1106 4402.0
1107 4402.0
1108 4402.0
1109 4402.0
1110 4402.0
1111 4402.0
1112 4402.0
1113 4402.0
1114 4402.0
1115 4402.0
1116 4402.0
1117 4402.0
1118 4402.0
1119 4402.0
1120 4402.0
1121 4402.0
1122 4402.0
1123 4402.0
1124 4402.0
1125 4402.0
1126 4402.0
1127 4402.0
1128 4402.0
1129 4402.0
1130 4402.0
1131 4402.0
1132 4402.0
1133 4402.0
1134 4402.0
1135 4402.0
1136 4402.0
1137 4402.0
1138 4402.0
1139 4402.0
1140 4402.0
1141 4402.0
1142 4402.0
1143 4402.0
1144 4402.0
1145 4402.0
1146 4402.0
1147 4402.0
1148 4402.0
1149 4402.0
1150 4402.0
1151 4402.0
1152 4402.0
1153 4402.0
1154 4402.0
1155 4402.0
1156 4402.0
1157 4402.0
1158 4402.0
1159 4402.0
1160 4402.0
1161 4402.0
1162 4402.0
1163 4402.0
1164 4402.0
1165 4402.0
1166 4402.0
1167 4402.0
1168 4402.0
1169 4402.0
1170 4402.0
1171 4402.0
1172 4402.0
1173 4402.0
1174 4402.0
1175 4402.0
1176 4402.0
1177 4402.0
1178 4402.0
1179 4402.0
1180 4402.0
1181 4402.0
1182 4402.0
1183 4402.0
1184 4402.0
1185 4402.0
1186 4402.0
1187 4402.0
1188 4402.0
1189 4402.0
1190 4402.0
1191 4402.0
1192 4402.0
1193 4402.0
1194 4402.0
1195 4402.0
1196 4402.0
1197 4402.0
1198 4402.0
1199 4402.0
1200 4402.0
1201 4402.0
1202 4402.0
1203 4402.0
1204 4402.0
1205 4402.0
1206 4402.0
1207 4402.0
1208 4402.0
1209 4402.0
1210 4402.0
1211 4402.0
1212 4402.0
1213 4402.0
1214 4402.0
1215 4402.0
1216 4402.0
1217 4402.0
1218 4402.0
1219 4402.0
1220 4402.0
1221 4402.0
1222 4402.0
1223 4402.0
1224 4402.0
1225 4402.0
1226 4402.0
1227 4402.0
1228 4402.0
1229 4402.0
1230 4402.0
1231 4402.0
1232 4402.0
1233 4402.0
1234 4402.0
1235 4402.0
1236 4402.0
1237 4402.0
1238 4402.0
1239 4402.0
1240 4402.0
1241 4402.0
1242 4402.0
1243 4402.0
1244 4402.0
1245 4402.0
1246 4402.0
1247 4402.0
1248 4402.0
1249 4402.0
1250 4402.0
1251 4402.0
1252 4402.0
1253 4402.0
1254 4402.0
1255 4402.0
1256 4402.0
1257 4402.0
1258 4402.0
1259 4402.0
1260 4402.0
1261 4402.0
1262 4402.0
1263 4402.0
1264 4402.0
1265 4402.0
1266 4402.0
1267 4402.0
1268 4402.0
1269 4402.0
1270 4402.0
1271 4402.0
1272 4402.0
1273 4402.0
1274 4402.0
1275 4402.0
1276 4402.0
1277 4402.0
1278 4402.0
1279 4402.0
1280 4402.0
1281 4402.0
1282 4402.0
1283 4402.0
1284 4402.0
1285 4402.0
1286 4402.0
1287 4402.0
1288 4402.0
1289 4402.0
1290 4402.0
1291 4402.0
1292 4402.0
1293 4402.0
1294 4402.0
1295 4402.0
1296 4402.0
1297 4402.0
1298 4402.0
1299 4402.0
1300 4402.0
1301 4402.0
1302 4402.0
1303 4402.0
1304 4402.0
1305 4402.0
1306 4402.0
1307 4402.0
1308 4402.0
1309 4402.0
1310 4402.0
1311 4402.0
1312 4402.0
1313 4402.0
1314 4402.0
1315 4402.0
1316 4402.0
1317 4402.0
1318 4402.0
1319 4402.0
1320 4402.0
1321 4402.0
1322 4402.0
1323 4402.0
1324 4402.0
1325 4402.0
1326 4402.0
1327 4402.0
1328 4402.0
1329 4402.0
1330 4402.0
1331 4402.0
1332 4402.0
1333 4402.0
1334 4402.0
1335 4402.0
1336 4402.0
1337 4402.0
1338 4402.0
1339 4402.0
1340 4402.0
1341 4402.0
1342 4402.0
1343 4402.0
1344 4402.0
1345 4402.0
1346 4402.0
1347 4402.0
1348 4402.0
1349 4402.0
1350 4402.0
1351 4402.0
1352 4402.0
1353 4402.0
1354 4402.0
1355 4402.0
1356 4402.0
1357 4402.0
1358 4402.0
1359 4402.0
1360 4402.0
1361 4402.0
1362 4402.0
1363 4402.0
1364 4402.0
1365 4402.0
1366 4402.0
1367 4402.0
1368 4402.0
1369 4402.0
1370 4402.0
1371 4402.0
1372 4402.0
1373 4402.0
1374 4402.0
1375 4402.0
1376 4402.0
1377 4402.0
1378 4402.0
1379 4402.0
1380 4402.0
1381 4402.0
1382 4402.0
1383 4402.0
1384 4402.0
1385 4402.0
1386 4402.0
1387 4402.0
1388 4402.0
1389 4402.0
1390 4402.0
1391 4402.0
1392 4402.0
1393 4402.0
1394 4402.0
1395 4402.0
1396 4402.0
1397 4402.0
1398 4402.0
1399 4402.0
1400 4402.0
1401 4402.0
1402 4402.0
1403 4402.0
1404 4402.0
1405 4402.0
1406 4402.0
1407 4402.0
1408 4402.0
1409 4402.0
1410 4402.0
1411 4402.0
1412 4402.0
1413 4402.0
1414 4402.0
1415 4402.0
1416 4402.0
1417 4402.0
1418 4402.0
1419 4402.0
1420 4402.0
1421 4402.0
1422 4402.0
1423 4402.0
1424 4402.0
1425 4402.0
1426 4402.0
1427 4402.0
1428 4402.0
1429 4402.0
1430 4402.0
1431 4402.0
1432 4402.0
1433 4402.0
1434 4402.0
1435 4402.0
1436 4402.0
1437 4402.0
1438 4402.0
1439 4402.0
1440 4402.0
1441 4402.0
1442 4402.0
1443 4402.0
1444 4402.0
1445 4402.0
1446 4402.0
1447 4402.0
1448 4402.0
1449 4402.0
1450 4402.0
1451 4402.0
1452 4402.0
1453 4402.0
1454 4402.0
1455 4402.0
1456 4402.0
1457 4402.0
1458 4402.0
1459 4402.0
1460 4402.0
1461 4402.0
1462 4402.0
1463 4402.0
1464 4402.0
1465 4402.0
1466 4402.0
1467 4402.0
1468 4402.0
1469 4402.0
1470 4402.0
1471 4402.0
1472 4402.0
1473 4402.0
1474 4402.0
1475 4402.0
1476 4402.0
1477 4402.0
1478 4402.0
1479 4402.0
1480 4402.0
1481 4402.0
1482 4402.0
1483 4402.0
1484 4402.0
1485 4402.0
1486 4402.0
1487 4402.0
1488 4402.0
1489 4402.0
1490 4402.0
1491 4402.0
1492 4402.0
1493 4402.0
1494 4402.0
1495 4402.0
1496 4402.0
1497 4402.0
1498 4402.0
1499 4402.0
1500 4402.0
1501 4402.0
1502 4402.0
1503 4402.0
1504 4402.0
1505 4402.0
1506 4402.0
1507 4402.0
1508 4402.0
1509 4402.0
1510 4402.0
1511 4402.0
1512 4402.0
1513 4402.0
1514 4402.0
1515 4402.0
1516 4402.0
1517 4402.0
1518 4402.0
1519 4402.0
1520 4402.0
1521 4402.0
1522 4402.0
1523 4402.0
1524 4402.0
1525 4402.0
1526 4402.0
1527 4402.0
1528 4402.0
1529 4402.0
1530 4402.0
1531 4402.0
1532 4402.0
1533 4402.0
1534 4402.0
1535 4402.0
1536 4402.0
1537 4402.0
1538 4402.0
1539 4402.0
1540 4402.0
1541 4402.0
1542 4402.0
1543 4402.0
1544 4402.0
1545 4402.0
1546 4402.0
1547 4402.0
1548 4402.0
1549 4402.0
1550 4402.0
1551 4402.0
1552 4402.0
1553 4402.0
1554 4402.0
1555 4402.0
1556 4402.0
1557 4402.0
1558 4402.0
1559 4402.0
1560 4402.0
1561 4402.0
1562 4402.0
1563 4402.0
1564 4402.0
1565 4402.0
1566 4402.0
1567 4402.0
1568 4402.0
1569 4402.0
1570 4402.0
1571 4402.0
1572 4402.0
1573 4402.0
1574 4402.0
1575 4402.0
1576 4402.0
1577 4402.0
1578 4402.0
1579 4402.0
1580 4402.0
1581 4402.0
1582 4402.0
1583 4402.0
1584 4402.0
1585 4402.0
1586 4402.0
1587 4402.0
1588 4402.0
1589 4402.0
1590 4402.0
1591 4402.0
1592 4402.0
1593 4402.0
1594 4402.0
1595 4402.0
1596 4402.0
1597 4402.0
1598 4402.0
1599 4402.0
1600 4402.0
1601 4402.0
1602 4402.0
1603 4402.0
1604 4402.0
1605 4402.0
1606 4402.0
1607 4402.0
1608 4402.0
1609 4402.0
1610 4402.0
1611 4402.0
1612 4402.0
1613 4402.0
1614 4402.0
1615 4402.0
1616 4402.0
1617 4402.0
1618 4402.0
1619 4402.0
1620 4402.0
1621 4402.0
1622 4402.0
1623 4402.0
1624 4402.0
1625 4402.0
1626 4402.0
1627 4402.0
1628 4402.0
1629 4402.0
1630 4402.0
1631 4402.0
1632 4402.0
1633 4402.0
1634 4402.0
1635 4402.0
1636 4402.0
1637 4402.0
1638 4402.0
1639 4402.0
1640 4402.0
1641 4402.0
1642 4402.0
1643 4402.0
1644 4402.0
1645 4402.0
1646 4402.0
1647 4402.0
1648 4402.0
1649 4402.0
1650 4402.0
1651 4402.0
1652 4402.0
1653 4402.0
1654 4402.0
1655 4402.0
1656 4402.0
1657 4402.0
1658 4402.0
1659 4402.0
1660 4402.0
1661 4402.0
1662 4402.0
1663 4402.0
1664 4402.0
1665 4402.0
1666 4402.0
1667 4402.0
1668 4402.0
1669 4402.0
1670 4402.0
1671 4402.0
1672 4402.0
1673 4402.0
1674 4402.0
1675 4402.0
1676 4402.0
1677 4402.0
1678 4402.0
1679 4402.0
1680 4402.0
1681 4402.0
1682 4402.0
1683 4402.0
1684 4402.0
1685 4402.0
1686 4402.0
1687 4402.0
1688 4402.0
1689 4402.0
1690 4402.0
1691 4402.0
1692 4402.0
1693 4402.0
1694 4402.0
1695 4402.0
1696 4402.0
1697 4402.0
1698 4402.0
1699 4402.0
1700 4402.0
1701 4402.0
1702 4402.0
1703 4402.0
1704 4402.0
1705 4402.0
1706 4402.0
1707 4402.0
1708 4402.0
1709 4402.0
1710 4402.0
1711 4402.0
1712 4402.0
1713 4402.0
1714 4402.0
1715 4402.0
1716 4402.0
1717 4402.0
1718 4402.0
1719 4402.0
1720 4402.0
1721 4402.0
1722 4402.0
1723 4402.0
1724 4402.0
1725 4402.0
1726 4402.0
1727 4402.0
1728 4402.0
1729 4402.0
1730 4402.0
1731 4402.0
1732 4402.0
1733 4402.0
1734 4402.0
1735 4402.0
1736 4402.0
1737 4402.0
1738 4402.0
1739 4402.0
1740 4402.0
1741 4402.0
1742 4402.0
1743 4402.0
1744 4402.0
1745 4402.0
1746 4402.0
1747 4402.0
1748 4402.0
1749 4402.0
1750 4402.0
1751 4402.0
1752 4402.0
1753 4402.0
1754 4402.0
1755 4402.0
1756 4402.0
1757 4402.0
1758 4402.0
1759 4402.0
1760 4402.0
1761 4402.0
1762 4402.0
1763 4402.0
1764 4402.0
1765 4402.0
1766 4402.0
1767 4402.0
1768 4402.0
1769 4402.0
1770 4402.0
1771 4402.0
1772 4402.0
1773 4402.0
1774 4402.0
1775 4402.0
1776 4402.0
1777 4402.0
1778 4402.0
1779 4402.0
1780 4402.0
1781 4402.0
1782 4402.0
1783 4402.0
1784 4402.0
1785 4402.0
1786 4402.0
1787 4402.0
1788 4402.0
1789 4402.0
1790 4402.0
1791 4402.0
1792 4402.0
1793 4402.0
1794 4402.0
1795 4402.0
1796 4402.0
1797 4402.0
1798 4402.0
1799 4402.0
1800 4402.0
1801 4402.0
1802 4402.0
1803 4402.0
1804 4402.0
1805 4402.0
1806 4402.0
1807 4402.0
1808 4402.0
1809 4402.0
1810 4402.0
1811 4402.0
1812 4402.0
1813 4402.0
1814 4402.0
1815 4402.0
1816 4402.0
1817 4402.0
1818 4402.0
1819 4402.0
1820 4402.0
1821 4402.0
1822 4402.0
1823 4402.0
1824 4402.0
1825 4402.0
1826 4402.0
1827 4402.0
1828 4402.0
1829 4402.0
1830 4402.0
1831 4402.0
1832 4402.0
1833 4402.0
1834 4402.0
1835 4402.0
1836 4402.0
1837 4402.0
1838 4402.0
1839 4402.0
1840 4402.0
1841 4402.0
1842 4402.0
1843 4402.0
1844 4402.0
1845 4402.0
1846 4402.0
1847 4402.0
1848 4402.0
1849 4402.0
1850 4402.0
1851 4402.0
1852 4402.0
1853 4402.0
1854 4402.0
1855 4402.0
1856 4402.0
1857 4402.0
1858 4402.0
1859 4402.0
1860 4402.0
1861 4402.0
1862 4402.0
1863 4402.0
1864 4402.0
1865 4402.0
1866 4402.0
1867 4402.0
1868 4402.0
1869 4402.0
1870 4402.0
1871 4402.0
1872 4402.0
1873 4402.0
1874 4402.0
1875 4402.0
1876 4402.0
1877 4402.0
1878 4402.0
1879 4402.0
1880 4402.0
1881 4402.0
1882 4402.0
1883 4402.0
1884 4402.0
1885 4402.0
1886 4402.0
1887 4402.0
1888 4402.0
1889 4402.0
1890 4402.0
1891 4402.0
1892 4402.0
1893 4402.0
1894 4402.0
1895 4402.0
1896 4402.0
1897 4402.0
1898 4402.0
1899 4402.0
1900 4402.0
1901 4402.0
1902 4402.0
1903 4402.0
1904 4402.0
1905 4402.0
1906 4402.0
1907 4402.0
1908 4402.0
1909 4402.0
1910 4402.0
1911 4402.0
1912 4402.0
1913 4402.0
1914 4402.0
1915 4402.0
1916 4402.0
1917 4402.0
1918 4402.0
1919 4402.0
1920 4402.0
1921 4402.0
1922 4402.0
1923 4402.0
1924 4402.0
1925 4402.0
1926 4402.0
1927 4402.0
1928 4402.0
1929 4402.0
1930 4402.0
1931 4402.0
1932 4402.0
1933 4402.0
1934 4402.0
1935 4402.0
1936 4402.0
1937 4402.0
1938 4402.0
1939 4402.0
1940 4402.0
1941 4402.0
1942 4402.0
1943 4402.0
1944 4402.0
1945 4402.0
1946 4402.0
1947 4402.0
1948 4402.0
1949 4402.0
1950 4402.0
1951 4402.0
1952 4402.0
1953 4402.0
1954 4402.0
1955 4402.0
1956 4402.0
1957 4402.0
1958 4402.0
1959 4402.0
1960 4402.0
1961 4402.0
1962 4402.0
1963 4402.0
1964 4402.0
1965 4402.0
1966 4402.0
1967 4402.0
1968 4402.0
1969 4402.0
1970 4402.0
1971 4402.0
1972 4402.0
1973 4402.0
1974 4402.0
1975 4402.0
1976 4402.0
1977 4402.0
1978 4402.0
1979 4402.0
1980 4402.0
1981 4402.0
1982 4402.0
1983 4402.0
1984 4402.0
1985 4402.0
1986 4402.0
1987 4402.0
1988 4402.0
1989 4402.0
1990 4402.0
1991 4402.0
1992 4402.0
1993 4402.0
1994 4402.0
1995 4402.0
1996 4402.0
1997 4402.0
1998 4402.0
1999 4402.0
2000 4402.0
2001 4402.0
2002 4402.0
2003 4402.0
2004 4402.0
2005 4402.0
2006 4402.0
2007 4402.0
2008 4402.0
2009 4402.0
2010 4402.0
2011 4402.0
2012 4402.0
2013 4402.0
2014 4402.0
2015 4402.0
2016 4402.0
2017 4402.0
2018 4402.0
2019 4402.0
2020 4402.0
2021 4402.0
2022 4402.0
2023 4402.0
2024 4402.0
2025 4402.0
2026 4402.0
2027 4402.0
2028 4402.0
2029 4402.0
2030 4402.0
2031 4402.0
2032 4402.0
2033 4402.0
2034 4402.0
2035 4402.0
2036 4402.0
2037 4402.0
2038 4402.0
2039 4402.0
2040 4402.0
2041 4402.0
2042 4402.0
2043 4402.0
2044 4402.0
2045 4402.0
2046 4402.0
2047 4402.0
2048 4402.0
2049 4402.0
2050 4402.0
2051 4402.0
2052 4402.0
2053 4402.0
2054 4402.0
2055 4402.0
2056 4402.0
2057 4402.0
2058 4402.0
2059 4402.0
2060 4402.0
2061 4402.0
2062 4402.0
2063 4402.0
2064 4402.0
2065 4402.0
2066 4402.0
2067 4402.0
2068 4402.0
2069 4402.0
2070 4402.0
2071 4402.0
2072 4402.0
2073 4402.0
2074 4402.0
2075 4402.0
2076 4402.0
2077 4402.0
2078 4402.0
2079 4402.0
2080 4402.0
2081 4402.0
2082 4402.0
2083 4402.0
2084 4402.0
2085 4402.0
2086 4402.0
2087 4402.0
2088 4402.0
2089 4402.0
2090 4402.0
2091 4402.0
2092 4402.0
2093 4402.0
2094 4402.0
2095 4402.0
2096 4402.0
2097 4402.0
2098 4402.0
2099 4402.0
2100 4402.0
2101 4402.0
2102 4402.0
2103 4402.0
2104 4402.0
2105 4402.0
2106 4402.0
2107 4402.0
2108 4402.0
2109 4402.0
2110 4402.0
2111 4402.0
2112 4402.0
2113 4402.0
2114 4402.0
2115 4402.0
2116 4402.0
2117 4402.0
2118 4402.0
2119 4402.0
2120 4402.0
2121 4402.0
2122 4402.0
2123 4402.0
2124 4402.0
2125 4402.0
2126 4402.0
2127 4402.0
2128 4402.0
2129 4402.0
2130 4402.0
2131 4402.0
2132 4402.0
2133 4402.0
2134 4402.0
2135 4402.0
2136 4402.0
2137 4402.0
2138 4402.0
2139 4402.0
2140 4402.0
2141 4402.0
2142 4402.0
2143 4402.0
2144 4402.0
2145 4402.0
2146 4402.0
2147 4402.0
2148 4402.0
2149 4402.0
2150 4402.0
2151 4402.0
2152 4402.0
2153 4402.0
2154 4402.0
2155 4402.0
2156 4402.0
2157 4402.0
2158 4402.0
2159 4402.0
2160 4402.0
2161 4402.0
2162 4402.0
2163 4402.0
2164 4402.0
2165 4402.0
2166 4402.0
2167 4402.0
2168 4402.0
2169 4402.0
2170 4402.0
2171 4402.0
2172 4402.0
2173 4402.0
2174 4402.0
2175 4402.0
2176 4402.0
2177 4402.0
2178 4402.0
2179 4402.0
2180 4402.0
2181 4402.0
2182 4402.0
2183 4402.0
2184 4402.0
2185 4402.0
2186 4402.0
2187 4402.0
2188 4402.0
2189 4402.0
2190 4402.0
2191 4402.0
2192 4402.0
2193 4402.0
2194 4402.0
2195 4402.0
2196 4402.0
2197 4402.0
2198 4402.0
2199 4402.0
2200 4402.0
2201 4402.0
2202 4402.0
2203 4402.0
2204 4402.0
2205 4402.0
2206 4402.0
2207 4402.0
2208 4402.0
2209 4402.0
2210 4402.0
2211 4402.0
2212 4402.0
2213 4402.0
2214 4402.0
2215 4402.0
2216 4402.0
2217 4402.0
2218 4402.0
2219 4402.0
2220 4402.0
2221 4402.0
2222 4402.0
2223 4402.0
2224 4402.0
2225 4402.0
2226 4402.0
2227 4402.0
2228 4402.0
2229 4402.0
2230 4402.0
2231 4402.0
2232 4402.0
2233 4402.0
2234 4402.0
2235 4402.0
2236 4402.0
2237 4402.0
2238 4402.0
2239 4402.0
2240 4402.0
2241 4402.0
2242 4402.0
2243 4402.0
2244 4402.0
2245 4402.0
2246 4402.0
2247 4402.0
2248 4402.0
2249 4402.0
2250 4402.0
2251 4402.0
2252 4402.0
2253 4402.0
2254 4402.0
2255 4402.0
2256 4402.0
2257 4402.0
2258 4402.0
2259 4402.0
2260 4402.0
2261 4402.0
2262 4402.0
2263 4402.0
2264 4402.0
2265 4402.0
2266 4402.0
2267 4402.0
2268 4402.0
2269 4402.0
2270 4402.0
2271 4402.0
2272 4402.0
2273 4402.0
2274 4402.0
2275 4402.0
2276 4402.0
2277 4402.0
2278 4402.0
2279 4402.0
2280 4402.0
2281 4402.0
2282 4402.0
2283 4402.0
2284 4402.0
2285 4402.0
2286 4402.0
2287 4402.0
2288 4402.0
2289 4402.0
2290 4402.0
2291 4402.0
2292 4402.0
2293 4402.0
2294 4402.0
2295 4402.0
2296 4402.0
2297 4402.0
2298 4402.0
2299 4402.0
2300 4402.0
2301 4402.0
2302 4402.0
2303 4402.0
2304 4402.0
2305 4402.0
2306 4402.0
2307 4402.0
2308 4402.0
2309 4402.0
2310 4402.0
2311 4402.0
2312 4402.0
2313 4402.0
2314 4402.0
2315 4402.0
2316 4402.0
2317 4402.0
2318 4402.0
2319 4402.0
2320 4402.0
2321 4402.0
2322 4402.0
2323 4402.0
2324 4402.0
2325 4402.0
2326 4402.0
2327 4402.0
2328 4402.0
2329 4402.0
2330 4402.0
2331 4402.0
2332 4402.0
2333 4402.0
2334 4402.0
2335 4402.0
2336 4402.0
2337 4402.0
2338 4402.0
2339 4402.0
2340 4402.0
2341 4402.0
2342 4402.0
2343 4402.0
2344 4402.0
2345 4402.0
2346 4402.0
2347 4402.0
2348 4402.0
2349 4402.0
2350 4402.0
2351 4402.0
2352 4402.0
2353 4402.0
2354 4402.0
2355 4402.0
2356 4402.0
2357 4402.0
2358 4402.0
2359 4402.0
2360 4402.0
2361 4402.0
2362 4402.0
2363 4402.0
2364 4402.0
2365 4402.0
2366 4402.0
2367 4402.0
2368 4402.0
2369 4402.0
2370 4402.0
2371 4402.0
2372 4402.0
2373 4402.0
2374 4402.0
2375 4402.0
2376 4402.0
2377 4402.0
2378 4402.0
2379 4402.0
2380 4402.0
2381 4402.0
2382 4402.0
2383 4402.0
2384 4402.0
2385 4402.0
2386 4402.0
2387 4402.0
2388 4402.0
2389 4402.0
2390 4402.0
2391 4402.0
2392 4402.0
2393 4402.0
2394 4402.0
2395 4402.0
2396 4402.0
2397 4402.0
2398 4402.0
2399 4402.0
2400 4402.0
2401 4402.0
2402 4402.0
2403 4402.0
2404 4402.0
2405 4402.0
2406 4402.0
2407 4402.0
2408 4402.0
2409 4402.0
2410 4402.0
2411 4402.0
2412 4402.0
2413 4402.0
2414 4402.0
2415 4402.0
2416 4402.0
2417 4402.0
2418 4402.0
2419 4402.0
2420 4402.0
2421 4402.0
2422 4402.0
2423 4402.0
2424 4402.0
2425 4402.0
2426 4402.0
2427 4402.0
2428 4402.0
2429 4402.0
2430 4402.0
2431 4402.0
2432 4402.0
2433 4402.0
2434 4402.0
2435 4402.0
2436 4402.0
2437 4402.0
2438 4402.0
2439 4402.0
2440 4402.0
2441 4402.0
2442 4402.0
2443 4402.0
2444 4402.0
2445 4402.0
2446 4402.0
2447 4402.0
2448 4402.0
2449 4402.0
2450 4402.0
2451 4402.0
2452 4402.0
2453 4402.0
2454 4402.0
2455 4402.0
2456 4402.0
2457 4402.0
2458 4402.0
2459 4402.0
2460 4402.0
2461 4402.0
2462 4402.0
2463 4402.0
2464 4402.0
2465 4402.0
2466 4402.0
2467 4402.0
2468 4402.0
2469 4402.0
2470 4402.0
2471 4402.0
2472 4402.0
2473 4402.0
2474 4402.0
2475 4402.0
2476 4402.0
2477 4402.0
2478 4402.0
2479 4402.0
2480 4402.0
2481 4402.0
2482 4402.0
2483 4402.0
2484 4402.0
2485 4402.0
2486 4402.0
2487 4402.0
2488 4402.0
2489 4402.0
2490 4402.0
2491 4402.0
2492 4402.0
2493 4402.0
2494 4402.0
2495 4402.0
2496 4402.0
2497 4402.0
2498 4402.0
2499 4402.0
2500 4402.0
2501 4402.0
2502 4402.0
2503 4402.0
2504 4402.0
2505 4402.0
2506 4402.0
2507 4402.0
2508 4402.0
2509 4402.0
2510 4402.0
2511 4402.0
2512 4402.0
2513 4402.0
2514 4402.0
2515 4402.0
2516 4402.0
2517 4402.0
2518 4402.0
2519 4402.0
2520 4402.0
2521 4402.0
2522 4402.0
2523 4402.0
2524 4402.0
2525 4402.0
2526 4402.0
2527 4402.0
2528 4402.0
2529 4402.0
2530 4402.0
2531 4402.0
2532 4402.0
2533 4402.0
2534 4402.0
2535 4402.0
2536 4402.0
2537 4402.0
2538 4402.0
2539 4402.0
2540 4402.0
2541 4402.0
2542 4402.0
2543 4402.0
2544 4402.0
2545 4402.0
2546 4402.0
2547 4402.0
2548 4402.0
2549 4402.0
2550 4402.0
2551 4402.0
2552 4402.0
2553 4402.0
2554 4402.0
2555 4402.0
2556 4402.0
2557 4402.0
2558 4402.0
2559 4402.0
2560 4402.0
2561 4402.0
2562 4402.0
2563 4402.0
2564 4402.0
2565 4402.0
2566 4402.0
2567 4402.0
2568 4402.0
2569 4402.0
2570 4402.0
2571 4402.0
2572 4402.0
2573 4402.0
2574 4402.0
2575 4402.0
2576 4402.0
2577 4402.0
2578 4402.0
2579 4402.0
2580 4402.0
2581 4402.0
2582 4402.0
2583 4402.0
2584 4402.0
2585 4402.0
2586 4402.0
2587 4402.0
2588 4402.0
2589 4402.0
2590 4402.0
2591 4402.0
2592 4402.0
2593 4402.0
2594 4402.0
2595 4402.0
2596 4402.0
2597 4402.0
2598 4402.0
2599 4402.0
2600 4402.0
2601 4402.0
2602 4402.0
2603 4402.0
2604 4402.0
2605 4402.0
2606 4402.0
2607 4402.0
2608 4402.0
2609 4402.0
2610 4402.0
2611 4402.0
2612 4402.0
2613 4402.0
2614 4402.0
2615 4402.0
2616 4402.0
2617 4402.0
2618 4402.0
2619 4402.0
2620 4402.0
2621 4402.0
2622 4402.0
2623 4402.0
2624 4402.0
2625 4402.0
2626 4402.0
2627 4402.0
2628 4402.0
2629 4402.0
2630 4402.0
2631 4402.0
2632 4402.0
2633 4402.0
2634 4402.0
2635 4402.0
2636 4402.0
2637 4402.0
2638 4402.0
2639 4402.0
2640 4402.0
2641 4402.0
2642 4402.0
2643 4402.0
2644 4402.0
2645 4402.0
2646 4402.0
2647 4402.0
2648 4402.0
2649 4402.0
2650 4402.0
2651 4402.0
2652 4402.0
2653 4402.0
2654 4402.0
2655 4402.0
2656 4402.0
2657 4402.0
2658 4402.0
2659 4402.0
2660 4402.0
2661 4402.0
2662 4402.0
2663 4402.0
2664 4402.0
2665 4402.0
2666 4402.0
2667 4402.0
2668 4402.0
2669 4402.0
2670 4402.0
2671 4402.0
2672 4402.0
2673 4402.0
2674 4402.0
2675 4402.0
2676 4402.0
2677 4402.0
2678 4402.0
2679 4402.0
2680 4402.0
2681 4402.0
2682 4402.0
2683 4402.0
2684 4402.0
2685 4402.0
2686 4402.0
2687 4402.0
2688 4402.0
2689 4402.0
2690 4402.0
2691 4402.0
2692 4402.0
2693 4402.0
2694 4402.0
2695 4402.0
2696 4402.0
2697 4402.0
2698 4402.0
2699 4402.0
2700 4402.0
2701 4402.0
2702 4402.0
2703 4402.0
2704 4402.0
2705 4402.0
2706 4402.0
2707 4402.0
2708 4402.0
2709 4402.0
2710 4402.0
2711 4402.0
2712 4402.0
2713 4402.0
2714 4402.0
2715 4402.0
2716 4402.0
2717 4402.0
2718 4402.0
2719 4402.0
2720 4402.0
2721 4402.0
2722 4402.0
2723 4402.0
2724 4402.0
2725 4402.0
2726 4402.0
2727 4402.0
2728 4402.0
2729 4402.0
2730 4402.0
2731 4402.0
2732 4402.0
2733 4402.0
2734 4402.0
2735 4402.0
2736 4402.0
2737 4402.0
2738 4402.0
2739 4402.0
2740 4402.0
2741 4402.0
2742 4402.0
2743 4402.0
2744 4402.0
2745 4402.0
2746 4402.0
2747 4402.0
2748 4402.0
2749 4402.0
2750 4402.0
2751 4402.0
2752 4402.0
2753 4402.0
2754 4402.0
2755 4402.0
2756 4402.0
2757 4402.0
2758 4402.0
2759 4402.0
2760 4402.0
2761 4402.0
2762 4402.0
2763 4402.0
2764 4402.0
2765 4402.0
2766 4402.0
2767 4402.0
2768 4402.0
2769 4402.0
2770 4402.0
2771 4402.0
2772 4402.0
2773 4402.0
2774 4402.0
2775 4402.0
2776 4402.0
2777 4402.0
2778 4402.0
2779 4402.0
2780 4402.0
2781 4402.0
2782 4402.0
2783 4402.0
2784 4402.0
2785 4402.0
2786 4402.0
2787 4402.0
2788 4402.0
2789 4402.0
2790 4402.0
2791 4402.0
2792 4402.0
2793 4402.0
2794 4402.0
2795 4402.0
2796 4402.0
2797 4402.0
2798 4402.0
2799 4402.0
2800 4402.0
2801 4402.0
2802 4402.0
2803 4402.0
2804 4402.0
2805 4402.0
2806 4402.0
2807 4402.0
2808 4402.0
2809 4402.0
2810 4402.0
2811 4402.0
2812 4402.0
2813 4402.0
2814 4402.0
2815 4402.0
2816 4402.0
2817 4402.0
2818 4402.0
2819 4402.0
2820 4402.0
2821 4402.0
2822 4402.0
2823 4402.0
2824 4402.0
2825 4402.0
2826 4402.0
2827 4402.0
2828 4402.0
2829 4402.0
2830 4402.0
2831 4402.0
2832 4402.0
2833 4402.0
2834 4402.0
2835 4402.0
2836 4402.0
2837 4402.0
2838 4402.0
2839 4402.0
2840 4402.0
2841 4402.0
2842 4402.0
2843 4402.0
2844 4402.0
2845 4402.0
2846 4402.0
2847 4402.0
2848 4402.0
2849 4402.0
2850 4402.0
2851 4402.0
2852 4402.0
2853 4402.0
2854 4402.0
2855 4402.0
2856 4402.0
2857 4402.0
2858 4402.0
2859 4402.0
2860 4402.0
2861 4402.0
2862 4402.0
2863 4402.0
2864 4402.0
2865 4402.0
2866 4402.0
2867 4402.0
2868 4402.0
2869 4402.0
2870 4402.0
2871 4402.0
2872 4402.0
2873 4402.0
2874 4402.0
2875 4402.0
2876 4402.0
2877 4402.0
2878 4402.0
2879 4402.0
2880 4402.0
2881 4402.0
2882 4402.0
2883 4402.0
2884 4402.0
2885 4402.0
2886 4402.0
2887 4402.0
2888 4402.0
2889 4402.0
2890 4402.0
2891 4402.0
2892 4402.0
2893 4402.0
2894 4402.0
2895 4402.0
2896 4402.0
2897 4402.0
2898 4402.0
2899 4402.0
2900 4402.0
2901 4402.0
2902 4402.0
2903 4402.0
2904 4402.0
2905 4402.0
2906 4402.0
2907 4402.0
2908 4402.0
2909 4402.0
2910 4402.0
2911 4402.0
2912 4402.0
2913 4402.0
2914 4402.0
2915 4402.0
2916 4402.0
2917 4402.0
2918 4402.0
2919 4402.0
2920 4402.0
2921 4402.0
2922 4402.0
2923 4402.0
2924 4402.0
2925 4402.0
2926 4402.0
2927 4402.0
2928 4402.0
2929 4402.0
2930 4402.0
2931 4402.0
2932 4402.0
2933 4402.0
2934 4402.0
2935 4402.0
2936 4402.0
2937 4402.0
2938 4402.0
2939 4402.0
2940 4402.0
2941 4402.0
2942 4402.0
2943 4402.0
2944 4402.0
2945 4402.0
2946 4402.0
2947 4402.0
2948 4402.0
2949 4402.0
2950 4402.0
2951 4402.0
2952 4402.0
2953 4402.0
2954 4402.0
2955 4402.0
2956 4402.0
2957 4402.0
2958 4402.0
2959 4402.0
2960 4402.0
2961 4402.0
2962 4402.0
2963 4402.0
2964 4402.0
2965 4402.0
2966 4402.0
2967 4402.0
2968 4402.0
2969 4402.0
2970 4402.0
2971 4402.0
2972 4402.0
2973 4402.0
2974 4402.0
2975 4402.0
2976 4402.0
2977 4402.0
2978 4402.0
2979 4402.0
2980 4402.0
2981 4402.0
2982 4402.0
2983 4402.0
2984 4402.0
2985 4402.0
2986 4402.0
2987 4402.0
2988 4402.0
2989 4402.0
2990 4402.0
2991 4402.0
2992 4402.0
2993 4402.0
2994 4402.0
2995 4402.0
2996 4402.0
2997 4402.0
2998 4402.0
2999 4402.0
3000 4402.0
3001 4402.0
3002 4402.0
3003 4402.0
3004 4402.0
3005 4402.0
3006 4402.0
3007 4402.0
3008 4402.0
3009 4402.0
3010 4402.0
3011 4402.0
3012 4402.0
3013 4402.0
3014 4402.0
3015 4402.0
3016 4402.0
3017 4402.0
3018 4402.0
3019 4402.0
3020 4402.0
3021 4402.0
3022 4402.0
3023 4402.0
3024 4402.0
3025 4402.0
3026 4402.0
3027 4402.0
3028 4402.0
3029 4402.0
3030 4402.0
3031 4402.0
3032 4402.0
3033 4402.0
3034 4402.0
3035 4402.0
3036 4402.0
3037 4402.0
3038 4402.0
3039 4402.0
3040 4402.0
3041 4402.0
3042 4402.0
3043 4402.0
3044 4402.0
3045 4402.0
3046 4402.0
3047 4402.0
3048 4402.0
3049 4402.0
3050 4402.0
3051 4402.0
3052 4402.0
3053 4402.0
3054 4402.0
3055 4402.0
3056 4402.0
3057 4402.0
3058 4402.0
3059 4402.0
3060 4402.0
3061 4402.0
3062 4402.0
3063 4402.0
3064 4402.0
3065 4402.0
3066 4402.0
3067 4402.0
3068 4402.0
3069 4402.0
3070 4402.0
3071 4402.0
3072 4402.0
3073 4402.0
3074 4402.0
3075 4402.0
3076 4402.0
3077 4402.0
3078 4402.0
3079 4402.0
3080 4402.0
3081 4402.0
3082 4402.0
3083 4402.0
3084 4402.0
3085 4402.0
3086 4402.0
3087 4402.0
3088 4402.0
3089 4402.0
3090 4402.0
3091 4402.0
3092 4402.0
3093 4402.0
3094 4402.0
3095 4402.0
3096 4402.0
3097 4402.0
3098 4402.0
3099 4402.0
3100 4402.0
3101 4402.0
3102 4402.0
3103 4402.0
3104 4402.0
3105 4402.0
3106 4402.0
3107 4402.0
3108 4402.0
3109 4402.0
3110 4402.0
3111 4402.0
3112 4402.0
3113 4402.0
3114 4402.0
3115 4402.0
3116 4402.0
3117 4402.0
3118 4402.0
3119 4402.0
3120 4402.0
3121 4402.0
3122 4402.0
3123 4402.0
3124 4402.0
3125 4402.0
3126 4402.0
3127 4402.0
3128 4402.0
3129 4402.0
3130 4402.0
3131 4402.0
3132 4402.0
3133 4402.0
3134 4402.0
3135 4402.0
3136 4402.0
3137 4402.0
3138 4402.0
3139 4402.0
3140 4402.0
3141 4402.0
3142 4402.0
3143 4402.0
3144 4402.0
3145 4402.0
3146 4402.0
3147 4402.0
3148 4402.0
3149 4402.0
3150 4402.0
3151 4402.0
3152 4402.0
3153 4402.0
3154 4402.0
3155 4402.0
3156 4402.0
3157 4402.0
3158 4402.0
3159 4402.0
3160 4402.0
3161 4402.0
3162 4402.0
3163 4402.0
3164 4402.0
3165 4402.0
3166 4402.0
3167 4402.0
3168 4402.0
3169 4402.0
3170 4402.0
3171 4402.0
3172 4402.0
3173 4402.0
3174 4402.0
3175 4402.0
3176 4402.0
3177 4402.0
3178 4402.0
3179 4402.0
3180 4402.0
3181 4402.0
3182 4402.0
3183 4402.0
3184 4402.0
3185 4402.0
3186 4402.0
3187 4402.0
3188 4402.0
3189 4402.0
3190 4402.0
3191 4402.0
3192 4402.0
3193 4402.0
3194 4402.0
3195 4402.0
3196 4402.0
3197 4402.0
3198 4402.0
3199 4402.0
3200 4402.0
3201 4402.0
3202 4402.0
3203 4402.0
3204 4402.0
3205 4402.0
3206 4402.0
3207 4402.0
3208 4402.0
3209 4402.0
3210 4402.0
3211 4402.0
3212 4402.0
3213 4402.0
3214 4402.0
3215 4402.0
3216 4402.0
3217 4402.0
3218 4402.0
3219 4402.0
3220 4402.0
3221 4402.0
3222 4402.0
3223 4402.0
3224 4402.0
3225 4402.0
3226 4402.0
3227 4402.0
3228 4402.0
3229 4402.0
3230 4402.0
3231 4402.0
3232 4402.0
3233 4402.0
3234 4402.0
3235 4402.0
3236 4402.0
3237 4402.0
3238 4402.0
3239 4402.0
3240 4402.0
3241 4402.0
3242 4402.0
3243 4402.0
3244 4402.0
3245 4402.0
3246 4402.0
3247 4402.0
3248 4402.0
3249 4402.0
3250 4402.0
3251 4402.0
3252 4402.0
3253 4402.0
3254 4402.0
3255 4402.0
3256 4402.0
3257 4402.0
3258 4402.0
3259 4402.0
3260 4402.0
3261 4402.0
3262 4402.0
3263 4402.0
3264 4402.0
3265 4402.0
3266 4402.0
3267 4402.0
3268 4402.0
3269 4402.0
3270 4402.0
3271 4402.0
3272 4402.0
3273 4402.0
3274 4402.0
3275 4402.0
3276 4402.0
3277 4402.0
3278 4402.0
3279 4402.0
3280 4402.0
3281 4402.0
3282 4402.0
3283 4402.0
3284 4402.0
3285 4402.0
3286 4402.0
3287 4402.0
3288 4402.0
3289 4402.0
3290 4402.0
3291 4402.0
3292 4402.0
3293 4402.0
3294 4402.0
3295 4402.0
3296 4402.0
3297 4402.0
3298 4402.0
3299 4402.0
3300 4402.0
3301 4402.0
3302 4402.0
3303 4402.0
3304 4402.0
3305 4402.0
3306 4402.0
3307 4402.0
3308 4402.0
3309 4402.0
3310 4402.0
3311 4402.0
3312 4402.0
3313 4402.0
3314 4402.0
3315 4402.0
3316 4402.0
3317 4402.0
3318 4402.0
3319 4402.0
3320 4402.0
3321 4402.0
3322 4402.0
3323 4402.0
3324 4402.0
3325 4402.0
3326 4402.0
3327 4402.0
3328 4402.0
3329 4402.0
3330 4402.0
3331 4402.0
3332 4402.0
3333 4402.0
3334 4402.0
3335 4402.0
3336 4402.0
3337 4402.0
3338 4402.0
3339 4402.0
3340 4402.0
3341 4402.0
3342 4402.0
3343 4402.0
3344 4402.0
3345 4402.0
3346 4402.0
3347 4402.0
3348 4402.0
3349 4402.0
3350 4402.0
3351 4402.0
3352 4402.0
3353 4402.0
3354 4402.0
3355 4402.0
3356 4402.0
3357 4402.0
3358 4402.0
3359 4402.0
3360 4402.0
3361 4402.0
3362 4402.0
3363 4402.0
3364 4402.0
3365 4402.0
3366 4402.0
3367 4402.0
3368 4402.0
3369 4402.0
3370 4402.0
3371 4402.0
3372 4402.0
3373 4402.0
3374 4402.0
3375 4402.0
3376 4402.0
3377 4402.0
3378 4402.0
3379 4402.0
3380 4402.0
3381 4402.0
3382 4402.0
3383 4402.0
3384 4402.0
3385 4402.0
3386 4402.0
3387 4402.0
3388 4402.0
3389 4402.0
3390 4402.0
3391 4402.0
3392 4402.0
3393 4402.0
3394 4402.0
3395 4402.0
3396 4402.0
3397 4402.0
3398 4402.0
3399 4402.0
3400 4402.0
3401 4402.0
3402 4402.0
3403 4402.0
3404 4402.0
3405 4402.0
3406 4402.0
3407 4402.0
3408 4402.0
3409 4402.0
3410 4402.0
3411 4402.0
3412 4402.0
3413 4402.0
3414 4402.0
3415 4402.0
3416 4402.0
3417 4402.0
3418 4402.0
3419 4402.0
3420 4402.0
3421 4402.0
3422 4402.0
3423 4402.0
3424 4402.0
3425 4402.0
3426 4402.0
3427 4402.0
3428 4402.0
3429 4402.0
3430 4402.0
3431 4402.0
3432 4402.0
3433 4402.0
3434 4402.0
3435 4402.0
3436 4402.0
3437 4402.0
3438 4402.0
3439 4402.0
3440 4402.0
3441 4402.0
3442 4402.0
3443 4402.0
3444 4402.0
3445 4402.0
3446 4402.0
3447 4402.0
3448 4402.0
3449 4402.0
3450 4402.0
3451 4402.0
3452 4402.0
3453 4402.0
3454 4402.0
3455 4402.0
3456 4402.0
3457 4402.0
3458 4402.0
3459 4402.0
3460 4402.0
3461 4402.0
3462 4402.0
3463 4402.0
3464 4402.0
3465 4402.0
3466 4402.0
3467 4402.0
3468 4402.0
3469 4402.0
3470 4402.0
3471 4402.0
3472 4402.0
3473 4402.0
3474 4402.0
3475 4402.0
3476 4402.0
3477 4402.0
3478 4402.0
3479 4402.0
3480 4402.0
3481 4402.0
3482 4402.0
3483 4402.0
3484 4402.0
3485 4402.0
3486 4402.0
3487 4402.0
3488 4402.0
3489 4402.0
3490 4402.0
3491 4402.0
3492 4402.0
3493 4402.0
3494 4402.0
3495 4402.0
3496 4402.0
3497 4402.0
3498 4402.0
3499 4402.0
3500 4402.0
3501 4402.0
3502 4402.0
3503 4402.0
3504 4402.0
3505 4402.0
3506 4402.0
3507 4402.0
3508 4402.0
3509 4402.0
3510 4402.0
3511 4402.0
3512 4402.0
3513 4402.0
3514 4402.0
3515 4402.0
3516 4402.0
3517 4402.0
3518 4402.0
3519 4402.0
3520 4402.0
3521 4402.0
3522 4402.0
3523 4402.0
3524 4402.0
3525 4402.0
3526 4402.0
3527 4402.0
3528 4402.0
3529 4402.0
3530 4402.0
3531 4402.0
3532 4402.0
3533 4402.0
3534 4402.0
3535 4402.0
3536 4402.0
3537 4402.0
3538 4402.0
3539 4402.0
3540 4402.0
3541 4402.0
3542 4402.0
3543 4402.0
3544 4402.0
3545 4402.0
3546 4402.0
3547 4402.0
3548 4402.0
3549 4402.0
3550 4402.0
3551 4402.0
3552 4402.0
3553 4402.0
3554 4402.0
3555 4402.0
3556 4402.0
3557 4402.0
3558 4402.0
3559 4402.0
3560 4402.0
3561 4402.0
3562 4402.0
3563 4402.0
3564 4402.0
3565 4402.0
3566 4402.0
3567 4402.0
3568 4402.0
3569 4402.0
3570 4402.0
3571 4402.0
3572 4402.0
3573 4402.0
3574 4402.0
3575 4402.0
3576 4402.0
3577 4402.0
3578 4402.0
3579 4402.0
3580 4402.0
3581 4402.0
3582 4402.0
3583 4402.0
3584 4402.0
3585 4402.0
3586 4402.0
3587 4402.0
3588 4402.0
3589 4402.0
3590 4402.0
3591 4402.0
3592 4402.0
3593 4402.0
3594 4402.0
3595 4402.0
3596 4402.0
3597 4402.0
3598 4402.0
3599 4402.0
3600 4402.0
3601 4402.0
3602 4402.0
3603 4402.0
3604 4402.0
3605 4402.0
3606 4402.0
3607 4402.0
3608 4402.0
3609 4402.0
3610 4402.0
3611 4402.0
3612 4402.0
3613 4402.0
3614 4402.0
3615 4402.0
3616 4402.0
3617 4402.0
3618 4402.0
3619 4402.0
3620 4402.0
3621 4402.0
3622 4402.0
3623 4402.0
3624 4402.0
3625 4402.0
3626 4402.0
3627 4402.0
3628 4402.0
3629 4402.0
3630 4402.0
3631 4402.0
3632 4402.0
3633 4402.0
3634 4402.0
3635 4402.0
3636 4402.0
3637 4402.0
3638 4402.0
3639 4402.0
3640 4402.0
3641 4402.0
3642 4402.0
3643 4402.0
3644 4402.0
3645 4402.0
3646 4402.0
3647 4402.0
3648 4402.0
3649 4402.0
3650 4402.0
3651 4402.0
3652 4402.0
3653 4402.0
3654 4402.0
3655 4402.0
3656 4402.0
3657 4402.0
3658 4402.0
3659 4402.0
3660 4402.0
3661 4402.0
3662 4402.0
3663 4402.0
3664 4402.0
3665 4402.0
3666 4402.0
3667 4402.0
3668 4402.0
3669 4402.0
3670 4402.0
3671 4402.0
3672 4402.0
3673 4402.0
3674 4402.0
3675 4402.0
3676 4402.0
3677 4402.0
3678 4402.0
3679 4402.0
3680 4402.0
3681 4402.0
3682 4402.0
3683 4402.0
3684 4402.0
3685 4402.0
3686 4402.0
3687 4402.0
3688 4402.0
3689 4402.0
3690 4402.0
3691 4402.0
3692 4402.0
3693 4402.0
3694 4402.0
3695 4402.0
3696 4402.0
3697 4402.0
3698 4402.0
3699 4402.0
3700 4402.0
3701 4402.0
3702 4402.0
3703 4402.0
3704 4402.0
3705 4402.0
3706 4402.0
3707 4402.0
3708 4402.0
3709 4402.0
3710 4402.0
3711 4402.0
3712 4402.0
3713 4402.0
3714 4402.0
3715 4402.0
3716 4402.0
3717 4402.0
3718 4402.0
3719 4402.0
3720 4402.0
3721 4402.0
3722 4402.0
3723 4402.0
3724 4402.0
3725 4402.0
3726 4402.0
3727 4402.0
3728 4402.0
3729 4402.0
3730 4402.0
3731 4402.0
3732 4402.0
3733 4402.0
3734 4402.0
3735 4402.0
3736 4402.0
3737 4402.0
3738 4402.0
3739 4402.0
3740 4402.0
3741 4402.0
3742 4402.0
3743 4402.0
3744 4402.0
3745 4402.0
3746 4402.0
3747 4402.0
3748 4402.0
3749 4402.0
3750 4402.0
3751 4402.0
3752 4402.0
3753 4402.0
3754 4402.0
3755 4402.0
3756 4402.0
3757 4402.0
3758 4402.0
3759 4402.0
3760 4402.0
3761 4402.0
3762 4402.0
3763 4402.0
3764 4402.0
3765 4402.0
3766 4402.0
3767 4402.0
3768 4402.0
3769 4402.0
3770 4402.0
3771 4402.0
3772 4402.0
3773 4402.0
3774 4402.0
3775 4402.0
3776 4402.0
3777 4402.0
3778 4402.0
3779 4402.0
3780 4402.0
3781 4402.0
3782 4402.0
3783 4402.0
3784 4402.0
3785 4402.0
3786 4402.0
3787 4402.0
3788 4402.0
3789 4402.0
3790 4402.0
3791 4402.0
3792 4402.0
3793 4402.0
3794 4402.0
3795 4402.0
3796 4402.0
3797 4402.0
3798 4402.0
3799 4402.0
3800 4402.0
3801 4402.0
3802 4402.0
3803 4402.0
3804 4402.0
3805 4402.0
3806 4402.0
3807 4402.0
3808 4402.0
3809 4402.0
3810 4402.0
3811 4402.0
3812 4402.0
3813 4402.0
3814 4402.0
3815 4402.0
3816 4402.0
3817 4402.0
3818 4402.0
3819 4402.0
3820 4402.0
3821 4402.0
3822 4402.0
3823 4402.0
3824 4402.0
3825 4402.0
3826 4402.0
3827 4402.0
3828 4402.0
3829 4402.0
3830 4402.0
3831 4402.0
3832 4402.0
3833 4402.0
3834 4402.0
3835 4402.0
3836 4402.0
3837 4402.0
3838 4402.0
3839 4402.0
3840 4402.0
3841 4402.0
3842 4402.0
3843 4402.0
3844 4402.0
3845 4402.0
3846 4402.0
3847 4402.0
3848 4402.0
3849 4402.0
3850 4402.0
3851 4402.0
3852 4402.0
3853 4402.0
3854 4402.0
3855 4402.0
3856 4402.0
3857 4402.0
3858 4402.0
3859 4402.0
3860 4402.0
3861 4402.0
3862 4402.0
3863 4402.0
3864 4402.0
3865 4402.0
3866 4402.0
3867 4402.0
3868 4402.0
3869 4402.0
3870 4402.0
3871 4402.0
3872 4402.0
3873 4402.0
3874 4402.0
3875 4402.0
3876 4402.0
3877 4402.0
3878 4402.0
3879 4402.0
3880 4402.0
3881 4402.0
3882 4402.0
3883 4402.0
3884 4402.0
3885 4402.0
3886 4402.0
3887 4402.0
3888 4402.0
3889 4402.0
3890 4402.0
3891 4402.0
3892 4402.0
3893 4402.0
3894 4402.0
3895 4402.0
3896 4402.0
3897 4402.0
3898 4402.0
3899 4402.0
3900 4402.0
3901 4402.0
3902 4402.0
3903 4402.0
3904 4402.0
3905 4402.0
3906 4402.0
3907 4402.0
3908 4402.0
3909 4402.0
3910 4402.0
3911 4402.0
3912 4402.0
3913 4402.0
3914 4402.0
3915 4402.0
3916 4402.0
3917 4402.0
3918 4402.0
3919 4402.0
3920 4402.0
3921 4402.0
3922 4402.0
3923 4402.0
3924 4402.0
3925 4402.0
3926 4402.0
3927 4402.0
3928 4402.0
3929 4402.0
3930 4402.0
3931 4402.0
3932 4402.0
3933 4402.0
3934 4402.0
3935 4402.0
3936 4402.0
3937 4402.0
3938 4402.0
3939 4402.0
3940 4402.0
3941 4402.0
3942 4402.0
3943 4402.0
3944 4402.0
3945 4402.0
3946 4402.0
3947 4402.0
3948 4402.0
3949 4402.0
3950 4402.0
3951 4402.0
3952 4402.0
3953 4402.0
3954 4402.0
3955 4402.0
3956 4402.0
3957 4402.0
3958 4402.0
3959 4402.0
3960 4402.0
3961 4402.0
3962 4402.0
3963 4402.0
3964 4402.0
3965 4402.0
3966 4402.0
3967 4402.0
3968 4402.0
3969 4402.0
3970 4402.0
3971 4402.0
3972 4402.0
3973 4402.0
3974 4402.0
3975 4402.0
3976 4402.0
3977 4402.0
3978 4402.0
3979 4402.0
3980 4402.0
3981 4402.0
3982 4402.0
3983 4402.0
3984 4402.0
3985 4402.0
3986 4402.0
3987 4402.0
3988 4402.0
3989 4402.0
3990 4402.0
3991 4402.0
3992 4402.0
3993 4402.0
3994 4402.0
3995 4402.0
3996 4402.0
3997 4402.0
3998 4402.0
3999 4402.0
4000 4402.0
4001 4402.0
4002 4402.0
4003 4402.0
4004 4402.0
4005 4402.0
4006 4402.0
4007 4402.0
4008 4402.0
4009 4402.0
4010 4402.0
4011 4402.0
4012 4402.0
4013 4402.0
4014 4402.0
4015 4402.0
4016 4402.0
4017 4402.0
4018 4402.0
4019 4402.0
4020 4402.0
4021 4402.0
4022 4402.0
4023 4402.0
4024 4402.0
4025 4402.0
4026 4402.0
4027 4402.0
4028 4402.0
4029 4402.0
4030 4402.0
4031 4402.0
4032 4402.0
4033 4402.0
4034 4402.0
4035 4402.0
4036 4402.0
4037 4402.0
4038 4402.0
4039 4402.0
4040 4402.0
4041 4402.0
4042 4402.0
4043 4402.0
4044 4402.0
4045 4402.0
4046 4402.0
4047 4402.0
4048 4402.0
4049 4402.0
4050 4402.0
4051 4402.0
4052 4402.0
4053 4402.0
4054 4402.0
4055 4402.0
4056 4402.0
4057 4402.0
4058 4402.0
4059 4402.0
4060 4402.0
4061 4402.0
4062 4402.0
4063 4402.0
4064 4402.0
4065 4402.0
4066 4402.0
4067 4402.0
4068 4402.0
4069 4402.0
4070 4402.0
4071 4402.0
4072 4402.0
4073 4402.0
4074 4402.0
4075 4402.0
4076 4402.0
4077 4402.0
4078 4402.0
4079 4402.0
4080 4402.0
4081 4402.0
4082 4402.0
4083 4402.0
4084 4402.0
4085 4402.0
4086 4402.0
4087 4402.0
4088 4402.0
4089 4402.0
4090 4402.0
4091 4402.0
4092 4402.0
4093 4402.0
4094 4402.0
4095 4402.0
4096 4402.0
4097 4402.0
4098 4402.0
4099 4402.0
4100 4402.0
4101 4402.0
4102 4402.0
4103 4402.0
4104 4402.0
4105 4402.0
4106 4402.0
4107 4402.0
4108 4402.0
4109 4402.0
4110 4402.0
4111 4402.0
4112 4402.0
4113 4402.0
4114 4402.0
4115 4402.0
4116 4402.0
4117 4402.0
4118 4402.0
4119 4402.0
4120 4402.0
4121 4402.0
4122 4402.0
4123 4402.0
4124 4402.0
4125 4402.0
4126 4402.0
4127 4402.0
4128 4402.0
4129 4402.0
4130 4402.0
4131 4402.0
4132 4402.0
4133 4402.0
4134 4402.0
4135 4402.0
4136 4402.0
4137 4402.0
4138 4402.0
4139 4402.0
4140 4402.0
4141 4402.0
4142 4402.0
4143 4402.0
4144 4402.0
4145 4402.0
4146 4402.0
4147 4402.0
4148 4402.0
4149 4402.0
4150 4402.0
4151 4402.0
4152 4402.0
4153 4402.0
4154 4402.0
4155 4402.0
4156 4402.0
4157 4402.0
4158 4402.0
4159 4402.0
4160 4402.0
4161 4402.0
4162 4402.0
4163 4402.0
4164 4402.0
4165 4402.0
4166 4402.0
4167 4402.0
4168 4402.0
4169 4402.0
4170 4402.0
4171 4402.0
4172 4402.0
4173 4402.0
4174 4402.0
4175 4402.0
4176 4402.0
4177 4402.0
4178 4402.0
4179 4402.0
4180 4402.0
4181 4402.0
4182 4402.0
4183 4402.0
4184 4402.0
