0 4978.0
1 4978.0
2 4978.0
3 4978.0
4 4978.0
5 4978.0
6 4978.0
7 4978.0
8 4978.0
9 4978.0
10 4978.0
11 4978.0
12 4978.0
13 4978.0
14 4978.0
15 4978.0
16 4978.0
17 4978.0
18 4978.0
19 4978.0
20 4978.0
21 4978.0
22 4978.0
23 4978.0
24 4978.0
25 4978.0
26 4978.0
27 4978.0
28 4978.0
29 4978.0
30 4978.0
31 4978.0
32 4978.0
33 4978.0
34 4978.0
35 4978.0
36 4978.0
37 4978.0
38 4978.0
39 4978.0
40 4978.0
41 4978.0
42 4978.0
43 4978.0
44 4978.0
45 4978.0
46 4978.0
47 4978.0
48 4978.0
49 4978.0
50 4978.0
51 4978.0
52 4978.0
53 4978.0
54 4978.0
55 4978.0
56 4978.0
57 4978.0
58 4978.0
59 4978.0
60 4978.0
61 4978.0
62 4978.0
63 4978.0
64 4978.0
65 4978.0
66 4978.0
67 4978.0
68 4978.0
69 4978.0
70 4978.0
71 4978.0
72 4978.0
73 4978.0
74 4978.0
75 4978.0
76 4978.0
77 4978.0
78 4978.0
79 4978.0
80 4978.0
81 4978.0
82 4978.0
83 4978.0
84 4978.0
85 4978.0
86 4978.0
87 4978.0
88 4978.0
89 4978.0
90 4978.0
91 4978.0
92 4978.0
93 4978.0
94 4978.0
95 4978.0
96 4978.0
97 4978.0
98 4978.0
99 4978.0
100 4978.0
101 4978.0
102 4978.0
103 4978.0
104 4978.0
105 4978.0
106 4978.0
107 4978.0
108 4978.0
109 4978.0
110 4978.0
111 4978.0
112 4978.0
113 4978.0
114 4978.0
115 4978.0
116 4978.0
117 4978.0
118 4978.0
119 4978.0
120 4978.0
121 4978.0
122 4978.0
123 4978.0
124 4978.0
125 4978.0
126 4978.0
127 4978.0
128 4978.0
129 4978.0
130 4978.0
131 4978.0
132 4978.0
133 4978.0
134 4978.0
135 4978.0
136 4978.0
137 4978.0
138 4978.0
139 4978.0
140 4978.0
141 4978.0
142 4978.0
143 4978.0
144 4978.0
145 4978.0
146 4978.0
147 4978.0
148 4978.0
149 4978.0
150 4978.0
151 4978.0
152 4978.0
153 4978.0
154 4978.0
155 4978.0
156 4978.0
157 4978.0
158 4978.0
159 4978.0
160 4978.0
161 4978.0
162 4978.0
163 4978.0
164 4978.0
165 4978.0
166 4978.0
167 4978.0
168 4978.0
169 4978.0
170 4978.0
171 4978.0
172 4978.0
173 4978.0
174 4978.0
175 4978.0
176 4978.0
177 4978.0
178 4978.0
179 4978.0
180 4978.0
181 4978.0
182 4978.0
183 4978.0
184 4978.0
185 4978.0
186 4978.0
187 4978.0
188 4978.0
189 4978.0
190 4978.0
191 4978.0
192 4978.0
193 4978.0
194 4978.0
195 4978.0
196 4978.0
197 4978.0
198 4978.0
199 4978.0
200 4978.0
201 4978.0
202 4978.0
203 4978.0
204 4978.0
205 4978.0
206 4978.0
207 4978.0
208 4978.0
209 4978.0
210 4978.0
211 4978.0
212 4978.0
213 4978.0
214 4978.0
215 4978.0
216 4978.0
217 4978.0
218 4978.0
219 4978.0
220 4978.0
221 4978.0
222 4978.0
223 4978.0
224 4978.0
225 4978.0
226 4978.0
227 4978.0
228 4978.0
229 4978.0
230 4978.0
231 4978.0
232 4978.0
233 4978.0
234 4978.0
235 4978.0
236 4978.0
237 4978.0
238 4978.0
239 4978.0
240 4978.0
241 4978.0
242 4978.0
243 4978.0
244 4978.0
245 4978.0
246 4978.0
247 4978.0
248 4978.0
249 4978.0
250 4978.0
251 4978.0
252 4978.0
253 4978.0
254 4978.0
255 4978.0
256 4978.0
257 4978.0
258 4978.0
259 4978.0
260 4978.0
261 4978.0
262 4978.0
263 4978.0
264 4978.0
265 4978.0
266 4978.0
267 4978.0
268 4978.0
269 4978.0
270 4978.0
271 4978.0
272 4978.0
273 4978.0
274 4978.0
275 4978.0
276 4978.0
277 4978.0
278 4978.0
279 4978.0
280 4978.0
281 4978.0
282 4978.0
283 4978.0
284 4978.0
285 4978.0
286 4978.0
287 4978.0
288 4978.0
289 4978.0
290 4978.0
291 4978.0
292 4978.0
293 4978.0
294 4978.0
295 4978.0
296 4978.0
297 4978.0
298 4978.0
299 4978.0
300 4978.0
301 4978.0
302 4978.0
303 4978.0
304 4978.0
305 4978.0
306 4978.0
307 4978.0
308 4978.0
309 4978.0
310 4978.0
311 4978.0
312 4978.0
313 4978.0
314 4978.0
315 4978.0
316 4978.0
317 4978.0
318 4978.0
319 4978.0
320 4978.0
321 4978.0
322 4978.0
323 4978.0
324 4978.0
325 4978.0
326 4978.0
327 4978.0
328 4978.0
329 4978.0
330 4978.0
331 4978.0
332 4978.0
333 4978.0
334 4978.0
335 4978.0
336 4978.0
337 4978.0
338 4978.0
339 4978.0
340 4978.0
341 4978.0
342 4978.0
343 4978.0
344 4978.0
345 4978.0
346 4978.0
347 4978.0
348 4978.0
349 4978.0
350 4978.0
351 4978.0
352 4978.0
353 4978.0
354 4978.0
355 4978.0
356 4978.0
357 4978.0
358 4978.0
359 4978.0
360 4978.0
361 4978.0
362 4978.0
363 4978.0
364 4978.0
365 4978.0
366 4978.0
367 4978.0
368 4978.0
369 4978.0
370 4978.0
371 4978.0
372 4978.0
373 4978.0
374 4978.0
375 4978.0
376 4978.0
377 4978.0
378 4978.0
379 4978.0
380 4978.0
381 4978.0
382 4978.0
383 4978.0
384 4978.0
385 4978.0
386 4978.0
387 4978.0
388 4978.0
389 4978.0
390 4978.0
391 4978.0
392 4978.0
393 4978.0
394 4978.0
395 4978.0
396 4978.0
397 4978.0
398 4978.0
399 4978.0
400 4978.0
401 4978.0
402 4978.0
403 4978.0
404 4978.0
405 4978.0
406 4978.0
407 4978.0
408 4978.0
409 4978.0
410 4978.0
411 4978.0
412 4978.0
413 4978.0
414 4978.0
415 4978.0
416 4978.0
417 4978.0
418 4978.0
419 4978.0
420 4978.0
421 4978.0
422 4978.0
423 4978.0
424 4978.0
425 4978.0
426 4978.0
427 4978.0
428 4978.0
429 4978.0
430 4978.0
431 4978.0
432 4978.0
433 4978.0
434 4978.0
435 4978.0
436 4978.0
437 4978.0
438 4978.0
439 4978.0
440 4978.0
441 4978.0
442 4978.0
443 4978.0
444 4978.0
445 4978.0
446 4978.0
447 4978.0
448 4978.0
449 4978.0
450 4978.0
451 4978.0
452 4978.0
453 4978.0
454 4978.0
455 4978.0
456 4978.0
457 4978.0
458 4978.0
459 4978.0
460 4978.0
461 4978.0
462 4978.0
463 4978.0
464 4978.0
465 4978.0
466 4978.0
467 4978.0
468 4978.0
469 4978.0
470 4978.0
471 4978.0
472 4978.0
473 4978.0
474 4978.0
475 4978.0
476 4978.0
477 4978.0
478 4978.0
479 4978.0
480 4978.0
481 4978.0
482 4978.0
483 4978.0
484 4978.0
485 4978.0
486 4978.0
487 4978.0
488 4978.0
489 4978.0
490 4978.0
491 4978.0
492 4978.0
493 4978.0
494 4978.0
495 4978.0
496 4978.0
497 4978.0
498 4978.0
499 4978.0
500 4978.0
501 4978.0
502 4978.0
503 4978.0
504 4978.0
505 4978.0
506 4978.0
507 4978.0
508 4978.0
509 4978.0
510 4978.0
511 4978.0
512 4978.0
513 4978.0
514 4978.0
515 4978.0
516 4978.0
517 4978.0
518 4978.0
519 4978.0
520 4978.0
521 4978.0
522 4978.0
523 4978.0
524 4978.0
525 4978.0
526 4978.0
527 4978.0
528 4978.0
529 4978.0
530 4978.0
531 4978.0
532 4978.0
533 4978.0
534 4978.0
535 4978.0
536 4978.0
537 4978.0
538 4978.0
539 4978.0
540 4978.0
541 4978.0
542 4978.0
543 4978.0
544 4978.0
545 4978.0
546 4978.0
547 4978.0
548 4978.0
549 4978.0
550 4978.0
551 4978.0
552 4978.0
553 4978.0
554 4978.0
555 4978.0
556 4978.0
557 4978.0
558 4978.0
559 4978.0
560 4978.0
561 4978.0
562 4978.0
563 4978.0
564 4978.0
565 4978.0
566 4978.0
567 4978.0
568 4978.0
569 4978.0
570 4978.0
571 4978.0
572 4978.0
573 4978.0
574 4978.0
575 4978.0
576 4978.0
577 4978.0
578 4978.0
579 4978.0
580 4978.0
581 4978.0
582 4978.0
583 4978.0
584 4978.0
585 4978.0
586 4978.0
587 4978.0
588 4978.0
589 4978.0
590 4978.0
591 4978.0
592 4978.0
593 4978.0
594 4978.0
595 4978.0
596 4978.0
597 4978.0
598 4978.0
599 4978.0
600 4978.0
601 4978.0
602 4978.0
603 4978.0
604 4978.0
605 4978.0
606 4978.0
607 4978.0
608 4978.0
609 4978.0
610 4978.0
611 4978.0
612 4978.0
613 4978.0
614 4978.0
615 4978.0
616 4978.0
617 4978.0
618 4978.0
619 4978.0
620 4978.0
621 4978.0
622 4978.0
623 4978.0
624 4978.0
625 4978.0
626 4978.0
627 4978.0
628 4978.0
629 4978.0
630 4978.0
631 4978.0
632 4978.0
633 4978.0
634 4978.0
635 4978.0
636 4978.0
637 4978.0
638 4978.0
639 4978.0
640 4978.0
641 4978.0
642 4978.0
643 4978.0
644 4978.0
645 4978.0
646 4978.0
647 4978.0
648 4978.0
649 4978.0
650 4978.0
651 4978.0
652 4978.0
653 4978.0
654 4978.0
655 4978.0
656 4978.0
657 4978.0
658 4978.0
659 4978.0
660 4978.0
661 4978.0
662 4978.0
663 4978.0
664 4978.0
665 4978.0
666 4978.0
667 4978.0
668 4978.0
669 4978.0
670 4978.0
671 4978.0
672 4978.0
673 4978.0
674 4978.0
675 4978.0
676 4978.0
677 4978.0
678 4978.0
679 4978.0
680 4978.0
681 4978.0
682 4978.0
683 4978.0
684 4978.0
685 4978.0
686 4978.0
687 4978.0
688 4978.0
689 4978.0
690 4978.0
691 4978.0
692 4978.0
693 4978.0
694 4978.0
695 4978.0
696 4978.0
697 4978.0
698 4978.0
699 4978.0
700 4978.0
701 4978.0
702 4978.0
703 4978.0
704 4978.0
705 4978.0
706 4978.0
707 4978.0
708 4978.0
709 4978.0
710 4978.0
711 4978.0
712 4978.0
713 4978.0
714 4978.0
715 4978.0
716 4978.0
717 4978.0
718 4978.0
719 4978.0
720 4978.0
721 4978.0
722 4978.0
723 4978.0
724 4978.0
725 4978.0
726 4978.0
727 4978.0
728 4978.0
729 4978.0
730 4978.0
731 4978.0
732 4978.0
733 4978.0
734 4978.0
735 4978.0
736 4978.0
737 4978.0
738 4978.0
739 4978.0
740 4978.0
741 4978.0
742 4978.0
743 4978.0
744 4978.0
745 4978.0
746 4978.0
747 4978.0
748 4978.0
749 4978.0
750 4978.0
751 4978.0
752 4978.0
753 4978.0
754 4978.0
755 4978.0
756 4978.0
757 4978.0
758 4978.0
759 4978.0
760 4978.0
761 4978.0
762 4978.0
763 4978.0
764 4978.0
765 4978.0
766 4978.0
767 4978.0
768 4978.0
769 4978.0
770 4978.0
771 4978.0
772 4978.0
773 4978.0
774 4978.0
775 4978.0
776 4978.0
777 4978.0
778 4978.0
779 4978.0
780 4978.0
781 4978.0
782 4978.0
783 4978.0
784 4978.0
785 4978.0
786 4978.0
787 4978.0
788 4978.0
789 4978.0
790 4978.0
791 4978.0
792 4978.0
793 4978.0
794 4978.0
795 4978.0
796 4978.0
797 4978.0
798 4978.0
799 4978.0
800 4978.0
801 4978.0
802 4978.0
803 4978.0
804 4978.0
805 4978.0
806 4978.0
807 4978.0
808 4978.0
809 4978.0
810 4978.0
811 4978.0
812 4978.0
813 4978.0
814 4978.0
815 4978.0
816 4978.0
817 4978.0
818 4978.0
819 4978.0
820 4978.0
821 4978.0
822 4978.0
823 4978.0
824 4978.0
825 4978.0
826 4978.0
827 4978.0
828 4978.0
829 4978.0
830 4978.0
831 4978.0
832 4978.0
833 4978.0
834 4978.0
835 4978.0
836 4978.0
837 4978.0
838 4978.0
839 4978.0
840 4978.0
841 4978.0
842 4978.0
843 4978.0
844 4978.0
845 4978.0
846 4978.0
847 4978.0
848 4978.0
849 4978.0
850 4978.0
851 4978.0
852 4978.0
853 4978.0
854 4978.0
855 4978.0
856 4978.0
857 4978.0
858 4978.0
859 4978.0
860 4978.0
861 4978.0
862 4978.0
863 4978.0
864 4978.0
865 4978.0
866 4978.0
867 4978.0
868 4978.0
869 4978.0
870 4978.0
871 4978.0
872 4978.0
873 4978.0
874 4978.0
875 4978.0
876 4978.0
877 4978.0
878 4978.0
879 4978.0
880 4978.0
881 4978.0
882 4978.0
883 4978.0
884 4978.0
885 4978.0
886 4978.0
887 4978.0
888 4978.0
889 4978.0
890 4978.0
891 4978.0
892 4978.0
893 4978.0
894 4978.0
895 4978.0
896 4978.0
897 4978.0
898 4978.0
899 4978.0
900 4978.0
901 4978.0
902 4978.0
903 4978.0
904 4978.0
905 4978.0
906 4978.0
907 4978.0
908 4978.0
909 4978.0
910 4978.0
911 4978.0
912 4978.0
913 4978.0
914 4978.0
915 4978.0
916 4978.0
917 4978.0
918 4978.0
919 4978.0
920 4978.0
921 4978.0
922 4978.0
923 4978.0
924 4978.0
925 4978.0
926 4978.0
927 4978.0
928 4978.0
929 4978.0
930 4978.0
931 4978.0
932 4978.0
933 4978.0
934 4978.0
935 4978.0
936 4978.0
937 4978.0
938 4978.0
939 4978.0
940 4978.0
941 4978.0
942 4978.0
943 4978.0
944 4978.0
945 4978.0
946 4978.0
947 4978.0
948 4978.0
949 4978.0
950 4978.0
951 4978.0
952 4978.0
953 4978.0
954 4978.0
955 4978.0
956 4978.0
957 4978.0
958 4978.0
959 4978.0
960 4978.0
961 4978.0
962 4978.0
963 4978.0
964 4978.0
965 4978.0
966 4978.0
967 4978.0
968 4978.0
969 4978.0
970 4978.0
971 4978.0
972 4978.0
973 4978.0
974 4978.0
975 4978.0
976 4978.0
977 4978.0
978 4978.0
979 4978.0
980 4978.0
981 4978.0
982 4978.0
983 4978.0
984 4978.0
985 4978.0
986 4978.0
987 4978.0
988 4978.0
989 4978.0
990 4978.0
991 4978.0
992 4978.0
993 4978.0
994 4978.0
995 4978.0
996 4978.0
997 4978.0
998 4978.0
999 4978.0
1000 4978.0
1001 4978.0
1002 4978.0
1003 4978.0
1004 4978.0
1005 4978.0
1006 4978.0
1007 4978.0
1008 4978.0
1009 4978.0
1010 4978.0
1011 4978.0
1012 4978.0
1013 4978.0
1014 4978.0
1015 4978.0
1016 4978.0
1017 4978.0
1018 4978.0
1019 4978.0
1020 4978.0
1021 4978.0
1022 4978.0
1023 4978.0
1024 4978.0
1025 4978.0
1026 4978.0
1027 4978.0
1028 4978.0
1029 4978.0
1030 4978.0
1031 4978.0
1032 4978.0
1033 4978.0
1034 4978.0
1035 4978.0
1036 4978.0
1037 4978.0
1038 4978.0
1039 4978.0
1040 4978.0
1041 4978.0
1042 4978.0
1043 4978.0
1044 4978.0
1045 4978.0
1046 4978.0
1047 4978.0
1048 4978.0
1049 4978.0
1050 4978.0
1051 4978.0
1052 4978.0
1053 4978.0
1054 4978.0
1055 4978.0
1056 4978.0
1057 4978.0
1058 4978.0
1059 4978.0
1060 4978.0
1061 4978.0
1062 4978.0
1063 4978.0
1064 4978.0
1065 4978.0
1066 4978.0
1067 4978.0
1068 4978.0
1069 4978.0
1070 4978.0
1071 4978.0
1072 4978.0
1073 4978.0
1074 4978.0
1075 4978.0
1076 4978.0
1077 4978.0
1078 4978.0
1079 4978.0
1080 4978.0
1081 4978.0
1082 4978.0
1083 4978.0
1084 4978.0
1085 4978.0
1086 4978.0
1087 4978.0
1088 4978.0
1089 4978.0
1090 4978.0
1091 4978.0
1092 4978.0
1093 4978.0
1094 4978.0
1095 4978.0
1096 4978.0
1097 4978.0
1098 4978.0
1099 4978.0
1100 4978.0
1101 4978.0
1102 4978.0
1103 4978.0
1104 4978.0
1105 4978.0
1106 4978.0
1107 4978.0
1108 4978.0
1109 4978.0
1110 4978.0
1111 4978.0
1112 4978.0
1113 4978.0
1114 4978.0
1115 4978.0
1116 4978.0
1117 4978.0
1118 4978.0
1119 4978.0
1120 4978.0
1121 4978.0
1122 4978.0
1123 4978.0
1124 4978.0
1125 4978.0
1126 4978.0
1127 4978.0
1128 4978.0
1129 4978.0
1130 4978.0
1131 4978.0
1132 4978.0
1133 4978.0
1134 4978.0
1135 4978.0
1136 4978.0
1137 4978.0
1138 4978.0
1139 4978.0
1140 4978.0
1141 4978.0
1142 4978.0
1143 4978.0
1144 4978.0
1145 4978.0
1146 4978.0
1147 4978.0
1148 4978.0
1149 4978.0
1150 4978.0
1151 4978.0
1152 4978.0
1153 4978.0
1154 4978.0
1155 4978.0
1156 4978.0
1157 4978.0
1158 4978.0
1159 4978.0
1160 4978.0
1161 4978.0
1162 4978.0
1163 4978.0
1164 4978.0
1165 4978.0
1166 4978.0
1167 4978.0
1168 4978.0
1169 4978.0
1170 4978.0
1171 4978.0
1172 4978.0
1173 4978.0
1174 4978.0
1175 4978.0
1176 4978.0
1177 4978.0
1178 4978.0
1179 4978.0
1180 4978.0
1181 4978.0
1182 4978.0
1183 4978.0
1184 4978.0
1185 4978.0
1186 4978.0
1187 4978.0
1188 4978.0
1189 4978.0
1190 4978.0
1191 4978.0
1192 4978.0
1193 4978.0
1194 4978.0
1195 4978.0
1196 4978.0
1197 4978.0
1198 4978.0
1199 4978.0
1200 4978.0
1201 4978.0
1202 4978.0
1203 4978.0
1204 4978.0
1205 4978.0
1206 4978.0
1207 4978.0
1208 4978.0
1209 4978.0
1210 4978.0
1211 4978.0
1212 4978.0
1213 4978.0
1214 4978.0
1215 4978.0
1216 4978.0
1217 4978.0
1218 4978.0
1219 4978.0
1220 4978.0
1221 4978.0
1222 4978.0
1223 4978.0
1224 4978.0
1225 4978.0
1226 4978.0
1227 4978.0
1228 4978.0
1229 4978.0
1230 4978.0
1231 4978.0
1232 4978.0
1233 4978.0
1234 4978.0
1235 4978.0
1236 4978.0
1237 4978.0
1238 4978.0
1239 4978.0
1240 4978.0
1241 4978.0
1242 4978.0
1243 4978.0
1244 4978.0
1245 4978.0
1246 4978.0
1247 4978.0
1248 4978.0
1249 4978.0
1250 4978.0
1251 4978.0
1252 4978.0
1253 4978.0
1254 4978.0
1255 4978.0
1256 4978.0
1257 4978.0
1258 4978.0
1259 4978.0
1260 4978.0
1261 4978.0
1262 4978.0
1263 4978.0
1264 4978.0
1265 4978.0
1266 4978.0
1267 4978.0
1268 4978.0
1269 4978.0
1270 4978.0
1271 4978.0
1272 4978.0
1273 4978.0
1274 4978.0
1275 4978.0
1276 4978.0
1277 4978.0
1278 4978.0
1279 4978.0
1280 4978.0
1281 4978.0
1282 4978.0
1283 4978.0
1284 4978.0
1285 4978.0
1286 4978.0
1287 4978.0
1288 4978.0
1289 4978.0
1290 4978.0
1291 4978.0
1292 4978.0
1293 4978.0
1294 4978.0
1295 4978.0
1296 4978.0
1297 4978.0
1298 4978.0
1299 4978.0
1300 4978.0
1301 4978.0
1302 4978.0
1303 4978.0
1304 4978.0
1305 4978.0
1306 4978.0
1307 4978.0
1308 4978.0
1309 4978.0
1310 4978.0
1311 4978.0
1312 4978.0
1313 4978.0
1314 4978.0
1315 4978.0
1316 4978.0
1317 4978.0
1318 4978.0
1319 4978.0
1320 4978.0
1321 4978.0
1322 4978.0
1323 4978.0
1324 4978.0
1325 4978.0
1326 4978.0
1327 4978.0
1328 4978.0
1329 4978.0
1330 4978.0
1331 4978.0
1332 4978.0
1333 4978.0
1334 4978.0
1335 4978.0
1336 4978.0
1337 4978.0
1338 4978.0
1339 4978.0
1340 4978.0
1341 4978.0
1342 4978.0
1343 4978.0
1344 4978.0
1345 4978.0
1346 4978.0
1347 4978.0
1348 4978.0
1349 4978.0
1350 4978.0
1351 4978.0
1352 4978.0
1353 4978.0
1354 4978.0
1355 4978.0
1356 4978.0
1357 4978.0
1358 4978.0
1359 4978.0
1360 4978.0
1361 4978.0
1362 4978.0
1363 4978.0
1364 4978.0
1365 4978.0
1366 4978.0
1367 4978.0
1368 4978.0
1369 4978.0
1370 4978.0
1371 4978.0
1372 4978.0
1373 4978.0
1374 4978.0
1375 4978.0
1376 4978.0
1377 4978.0
1378 4978.0
1379 4978.0
1380 4978.0
1381 4978.0
1382 4978.0
1383 4978.0
1384 4978.0
1385 4978.0
1386 4978.0
1387 4978.0
1388 4978.0
1389 4978.0
1390 4978.0
1391 4978.0
1392 4978.0
1393 4978.0
1394 4978.0
1395 4978.0
1396 4978.0
1397 4978.0
1398 4978.0
1399 4978.0
1400 4978.0
1401 4978.0
1402 4978.0
1403 4978.0
1404 4978.0
1405 4978.0
1406 4978.0
1407 4978.0
1408 4978.0
1409 4978.0
1410 4978.0
1411 4978.0
1412 4978.0
1413 4978.0
1414 4978.0
1415 4978.0
1416 4978.0
1417 4978.0
1418 4978.0
1419 4978.0
1420 4978.0
1421 4978.0
1422 4978.0
1423 4978.0
1424 4978.0
1425 4978.0
1426 4978.0
1427 4978.0
1428 4978.0
1429 4978.0
1430 4978.0
1431 4978.0
1432 4978.0
1433 4978.0
1434 4978.0
1435 4978.0
1436 4978.0
1437 4978.0
1438 4978.0
1439 4978.0
1440 4978.0
1441 4978.0
1442 4978.0
1443 4978.0
1444 4978.0
1445 4978.0
1446 4978.0
1447 4978.0
1448 4978.0
1449 4978.0
1450 4978.0
1451 4978.0
1452 4978.0
1453 4978.0
1454 4978.0
1455 4978.0
1456 4978.0
1457 4978.0
1458 4978.0
1459 4978.0
1460 4978.0
1461 4978.0
1462 4978.0
1463 4978.0
1464 4978.0
1465 4978.0
1466 4978.0
1467 4978.0
1468 4978.0
1469 4978.0
1470 4978.0
1471 4978.0
1472 4978.0
1473 4978.0
1474 4978.0
1475 4978.0
1476 4978.0
1477 4978.0
1478 4978.0
1479 4978.0
1480 4978.0
1481 4978.0
1482 4978.0
1483 4978.0
1484 4978.0
1485 4978.0
1486 4978.0
1487 4978.0
1488 4978.0
1489 4978.0
1490 4978.0
1491 4978.0
1492 4978.0
1493 4978.0
1494 4978.0
1495 4978.0
1496 4978.0
1497 4978.0
1498 4978.0
1499 4978.0
1500 4978.0
1501 4978.0
1502 4978.0
1503 4978.0
1504 4978.0
1505 4978.0
1506 4978.0
1507 4978.0
1508 4978.0
1509 4978.0
1510 4978.0
1511 4978.0
1512 4978.0
1513 4978.0
1514 4978.0
1515 4978.0
1516 4978.0
1517 4978.0
1518 4978.0
1519 4978.0
1520 4978.0
1521 4978.0
1522 4978.0
1523 4978.0
1524 4978.0
1525 4978.0
1526 4978.0
1527 4978.0
1528 4978.0
1529 4978.0
1530 4978.0
1531 4978.0
1532 4978.0
1533 4978.0
1534 4978.0
1535 4978.0
1536 4978.0
1537 4978.0
1538 4978.0
1539 4978.0
1540 4978.0
1541 4978.0
1542 4978.0
1543 4978.0
1544 4978.0
1545 4978.0
1546 4978.0
1547 4978.0
1548 4978.0
1549 4978.0
1550 4978.0
1551 4978.0
1552 4978.0
1553 4978.0
1554 4978.0
1555 4978.0
1556 4978.0
1557 4978.0
1558 4978.0
1559 4978.0
1560 4978.0
1561 4978.0
1562 4978.0
1563 4978.0
1564 4978.0
1565 4978.0
1566 4978.0
1567 4978.0
1568 4978.0
1569 4978.0
1570 4978.0
1571 4978.0
1572 4978.0
1573 4978.0
1574 4978.0
1575 4978.0
1576 4978.0
1577 4978.0
1578 4978.0
1579 4978.0
1580 4978.0
1581 4978.0
1582 4978.0
1583 4978.0
1584 4978.0
1585 4978.0
1586 4978.0
1587 4978.0
1588 4978.0
1589 4978.0
1590 4978.0
1591 4978.0
1592 4978.0
1593 4978.0
1594 4978.0
1595 4978.0
1596 4978.0
1597 4978.0
1598 4978.0
1599 4978.0
1600 4978.0
1601 4978.0
1602 4978.0
1603 4978.0
1604 4978.0
1605 4978.0
1606 4978.0
1607 4978.0
1608 4978.0
1609 4978.0
1610 4978.0
1611 4978.0
1612 4978.0
1613 4978.0
1614 4978.0
1615 4978.0
1616 4978.0
1617 4978.0
1618 4978.0
1619 4978.0
1620 4978.0
1621 4978.0
1622 4978.0
1623 4978.0
1624 4978.0
1625 4978.0
1626 4978.0
1627 4978.0
1628 4978.0
1629 4978.0
1630 4978.0
1631 4978.0
1632 4978.0
1633 4978.0
1634 4978.0
1635 4978.0
1636 4978.0
1637 4978.0
1638 4978.0
1639 4978.0
1640 4978.0
1641 4978.0
1642 4978.0
1643 4978.0
1644 4978.0
1645 4978.0
1646 4978.0
1647 4978.0
1648 4978.0
1649 4978.0
1650 4978.0
1651 4978.0
1652 4978.0
1653 4978.0
1654 4978.0
1655 4978.0
1656 4978.0
1657 4978.0
1658 4978.0
1659 4978.0
1660 4978.0
1661 4978.0
1662 4978.0
1663 4978.0
1664 4978.0
1665 4978.0
1666 4978.0
1667 4978.0
1668 4978.0
1669 4978.0
1670 4978.0
1671 4978.0
1672 4978.0
1673 4978.0
1674 4978.0
1675 4978.0
1676 4978.0
1677 4978.0
1678 4978.0
1679 4978.0
1680 4978.0
1681 4978.0
1682 4978.0
1683 4978.0
1684 4978.0
1685 4978.0
1686 4978.0
1687 4978.0
1688 4978.0
1689 4978.0
1690 4978.0
1691 4978.0
1692 4978.0
1693 4978.0
1694 4978.0
1695 4978.0
1696 4978.0
1697 4978.0
1698 4978.0
1699 4978.0
1700 4978.0
1701 4978.0
1702 4978.0
1703 4978.0
1704 4978.0
1705 4978.0
1706 4978.0
1707 4978.0
1708 4978.0
1709 4978.0
1710 4978.0
1711 4978.0
1712 4978.0
1713 4978.0
1714 4978.0
1715 4978.0
1716 4978.0
1717 4978.0
1718 4978.0
1719 4978.0
1720 4978.0
1721 4978.0
1722 4978.0
1723 4978.0
1724 4978.0
1725 4978.0
1726 4978.0
1727 4978.0
1728 4978.0
1729 4978.0
1730 4978.0
1731 4978.0
1732 4978.0
1733 4978.0
1734 4978.0
1735 4978.0
1736 4978.0
1737 4978.0
1738 4978.0
1739 4978.0
1740 4978.0
1741 4978.0
1742 4978.0
1743 4978.0
1744 4978.0
1745 4978.0
1746 4978.0
1747 4978.0
1748 4978.0
1749 4978.0
1750 4978.0
1751 4978.0
1752 4978.0
1753 4978.0
1754 4978.0
1755 4978.0
1756 4978.0
1757 4978.0
1758 4978.0
1759 4978.0
1760 4978.0
1761 4978.0
1762 4978.0
1763 4978.0
1764 4978.0
1765 4978.0
1766 4978.0
1767 4978.0
1768 4978.0
1769 4978.0
1770 4978.0
1771 4978.0
1772 4978.0
1773 4978.0
1774 4978.0
1775 4978.0
1776 4978.0
1777 4978.0
1778 4978.0
1779 4978.0
1780 4978.0
1781 4978.0
1782 4978.0
1783 4978.0
1784 4978.0
1785 4978.0
1786 4978.0
1787 4978.0
1788 4978.0
1789 4978.0
1790 4978.0
1791 4978.0
1792 4978.0
1793 4978.0
1794 4978.0
1795 4978.0
1796 4978.0
1797 4978.0
1798 4978.0
1799 4978.0
1800 4978.0
1801 4978.0
1802 4978.0
1803 4978.0
1804 4978.0
1805 4978.0
1806 4978.0
1807 4978.0
1808 4978.0
1809 4978.0
1810 4978.0
1811 4978.0
1812 4978.0
1813 4978.0
1814 4978.0
1815 4978.0
1816 4978.0
1817 4978.0
1818 4978.0
1819 4978.0
1820 4978.0
1821 4978.0
1822 4978.0
1823 4978.0
1824 4978.0
1825 4978.0
1826 4978.0
1827 4978.0
1828 4978.0
1829 4978.0
1830 4978.0
1831 4978.0
1832 4978.0
1833 4978.0
1834 4978.0
1835 4978.0
1836 4978.0
1837 4978.0
1838 4978.0
1839 4978.0
1840 4978.0
1841 4978.0
1842 4978.0
1843 4978.0
1844 4978.0
1845 4978.0
1846 4978.0
1847 4978.0
1848 4978.0
1849 4978.0
1850 4978.0
1851 4978.0
1852 4978.0
1853 4978.0
1854 4978.0
1855 4978.0
1856 4978.0
1857 4978.0
1858 4978.0
1859 4978.0
1860 4978.0
1861 4978.0
1862 4978.0
1863 4978.0
1864 4978.0
1865 4978.0
1866 4978.0
1867 4978.0
1868 4978.0
1869 4978.0
1870 4978.0
1871 4978.0
1872 4978.0
1873 4978.0
1874 4978.0
1875 4978.0
1876 4978.0
1877 4978.0
1878 4978.0
1879 4978.0
1880 4978.0
1881 4978.0
1882 4978.0
1883 4978.0
1884 4978.0
1885 4978.0
1886 4978.0
1887 4978.0
1888 4978.0
1889 4978.0
1890 4978.0
1891 4978.0
1892 4978.0
1893 4978.0
1894 4978.0
1895 4978.0
1896 4978.0
1897 4978.0
1898 4978.0
1899 4978.0
1900 4978.0
1901 4978.0
1902 4978.0
1903 4978.0
1904 4978.0
1905 4978.0
1906 4978.0
1907 4978.0
1908 4978.0
1909 4978.0
1910 4978.0
1911 4978.0
1912 4978.0
1913 4978.0
1914 4978.0
1915 4978.0
1916 4978.0
1917 4978.0
1918 4978.0
1919 4978.0
1920 4978.0
1921 4978.0
1922 4978.0
1923 4978.0
1924 4978.0
1925 4978.0
1926 4978.0
1927 4978.0
1928 4978.0
1929 4978.0
1930 4978.0
1931 4978.0
1932 4978.0
1933 4978.0
1934 4978.0
1935 4978.0
1936 4978.0
1937 4978.0
1938 4978.0
1939 4978.0
1940 4978.0
1941 4978.0
1942 4978.0
1943 4978.0
1944 4978.0
1945 4978.0
1946 4978.0
1947 4978.0
1948 4978.0
1949 4978.0
1950 4978.0
1951 4978.0
1952 4978.0
1953 4978.0
1954 4978.0
1955 4978.0
1956 4978.0
1957 4978.0
1958 4978.0
1959 4978.0
1960 4978.0
1961 4978.0
1962 4978.0
1963 4978.0
1964 4978.0
1965 4978.0
1966 4978.0
1967 4978.0
1968 4978.0
1969 4978.0
1970 4978.0
1971 4978.0
1972 4978.0
1973 4978.0
1974 4978.0
1975 4978.0
1976 4978.0
1977 4978.0
1978 4978.0
1979 4978.0
1980 4978.0
1981 4978.0
1982 4978.0
1983 4978.0
1984 4978.0
1985 4978.0
1986 4978.0
1987 4978.0
1988 4978.0
1989 4978.0
1990 4978.0
1991 4978.0
1992 4978.0
1993 4978.0
1994 4978.0
1995 4978.0
1996 4978.0
1997 4978.0
1998 4978.0
1999 4978.0
2000 4978.0
2001 4978.0
2002 4978.0
2003 4978.0
2004 4978.0
2005 4978.0
2006 4978.0
2007 4978.0
2008 4978.0
2009 4978.0
2010 4978.0
2011 4978.0
2012 4978.0
2013 4978.0
2014 4978.0
2015 4978.0
2016 4978.0
2017 4978.0
2018 4978.0
2019 4978.0
2020 4978.0
2021 4978.0
2022 4978.0
2023 4978.0
2024 4978.0
2025 4978.0
2026 4978.0
2027 4978.0
2028 4978.0
2029 4978.0
2030 4978.0
2031 4978.0
2032 4978.0
2033 4978.0
2034 4978.0
2035 4978.0
2036 4978.0
2037 4978.0
2038 4978.0
2039 4978.0
2040 4978.0
2041 4978.0
2042 4978.0
2043 4978.0
2044 4978.0
2045 4978.0
2046 4978.0
2047 4978.0
2048 4978.0
2049 4978.0
2050 4978.0
2051 4978.0
2052 4978.0
2053 4978.0
2054 4978.0
2055 4978.0
2056 4978.0
2057 4978.0
2058 4978.0
2059 4978.0
2060 4978.0
2061 4978.0
2062 4978.0
2063 4978.0
2064 4978.0
2065 4978.0
2066 4978.0
2067 4978.0
2068 4978.0
2069 4978.0
2070 4978.0
2071 4978.0
2072 4978.0
2073 4978.0
2074 4978.0
2075 4978.0
2076 4978.0
2077 4978.0
2078 4978.0
2079 4978.0
2080 4978.0
2081 4978.0
2082 4978.0
2083 4978.0
2084 4978.0
2085 4978.0
2086 4978.0
2087 4978.0
2088 4978.0
2089 4978.0
2090 4978.0
2091 4978.0
2092 4978.0
2093 4978.0
2094 4978.0
2095 4978.0
2096 4978.0
2097 4978.0
2098 4978.0
2099 4978.0
2100 4978.0
2101 4978.0
2102 4978.0
2103 4978.0
2104 4978.0
2105 4978.0
2106 4978.0
2107 4978.0
2108 4978.0
2109 4978.0
2110 4978.0
2111 4978.0
2112 4978.0
2113 4978.0
2114 4978.0
2115 4978.0
2116 4978.0
2117 4978.0
2118 4978.0
2119 4978.0
2120 4978.0
2121 4978.0
2122 4978.0
2123 4978.0
2124 4978.0
2125 4978.0
2126 4978.0
2127 4978.0
2128 4978.0
2129 4978.0
2130 4978.0
2131 4978.0
2132 4978.0
2133 4978.0
2134 4978.0
2135 4978.0
2136 4978.0
2137 4978.0
2138 4978.0
2139 4978.0
2140 4978.0
2141 4978.0
2142 4978.0
2143 4978.0
2144 4978.0
2145 4978.0
2146 4978.0
2147 4978.0
2148 4978.0
2149 4978.0
2150 4978.0
2151 4978.0
2152 4978.0
2153 4978.0
2154 4978.0
2155 4978.0
2156 4978.0
2157 4978.0
2158 4978.0
2159 4978.0
2160 4978.0
2161 4978.0
2162 4978.0
2163 4978.0
2164 4978.0
2165 4978.0
2166 4978.0
2167 4978.0
2168 4978.0
2169 4978.0
2170 4978.0
2171 4978.0
2172 4978.0
2173 4978.0
2174 4978.0
2175 4978.0
2176 4978.0
2177 4978.0
2178 4978.0
2179 4978.0
2180 4978.0
2181 4978.0
2182 4978.0
2183 4978.0
2184 4978.0
2185 4978.0
2186 4978.0
2187 4978.0
2188 4978.0
2189 4978.0
2190 4978.0
2191 4978.0
2192 4978.0
2193 4978.0
2194 4978.0
2195 4978.0
2196 4978.0
2197 4978.0
2198 4978.0
2199 4978.0
2200 4978.0
2201 4978.0
2202 4978.0
2203 4978.0
2204 4978.0
2205 4978.0
2206 4978.0
2207 4978.0
2208 4978.0
2209 4978.0
2210 4978.0
2211 4978.0
2212 4978.0
2213 4978.0
2214 4978.0
2215 4978.0
2216 4978.0
2217 4978.0
2218 4978.0
2219 4978.0
2220 4978.0
2221 4978.0
2222 4978.0
2223 4978.0
2224 4978.0
2225 4978.0
2226 4978.0
2227 4978.0
2228 4978.0
2229 4978.0
2230 4978.0
2231 4978.0
2232 4978.0
2233 4978.0
2234 4978.0
2235 4978.0
2236 4978.0
2237 4978.0
2238 4978.0
2239 4978.0
2240 4978.0
2241 4978.0
2242 4978.0
2243 4978.0
2244 4978.0
2245 4978.0
2246 4978.0
2247 4978.0
2248 4978.0
2249 4978.0
2250 4978.0
2251 4978.0
2252 4978.0
2253 4978.0
2254 4978.0
2255 4978.0
2256 4978.0
2257 4978.0
2258 4978.0
2259 4978.0
2260 4978.0
2261 4978.0
2262 4978.0
2263 4978.0
2264 4978.0
2265 4978.0
2266 4978.0
2267 4978.0
2268 4978.0
2269 4978.0
2270 4978.0
2271 4978.0
2272 4978.0
2273 4978.0
2274 4978.0
2275 4978.0
2276 4978.0
2277 4978.0
2278 4978.0
2279 4978.0
2280 4978.0
2281 4978.0
2282 4978.0
2283 4978.0
2284 4978.0
2285 4978.0
2286 4978.0
2287 4978.0
2288 4978.0
2289 4978.0
2290 4978.0
2291 4978.0
2292 4978.0
2293 4978.0
2294 4978.0
2295 4978.0
2296 4978.0
2297 4978.0
2298 4978.0
2299 4978.0
2300 4978.0
2301 4978.0
2302 4978.0
2303 4978.0
2304 4978.0
2305 4978.0
2306 4978.0
2307 4978.0
2308 4978.0
2309 4978.0
2310 4978.0
2311 4978.0
2312 4978.0
2313 4978.0
2314 4978.0
2315 4978.0
2316 4978.0
2317 4978.0
2318 4978.0
2319 4978.0
2320 4978.0
2321 4978.0
2322 4978.0
2323 4978.0
2324 4978.0
2325 4978.0
2326 4978.0
2327 4978.0
2328 4978.0
2329 4978.0
2330 4978.0
2331 4978.0
2332 4978.0
2333 4978.0
2334 4978.0
2335 4978.0
2336 4978.0
2337 4978.0
2338 4978.0
2339 4978.0
2340 4978.0
2341 4978.0
2342 4978.0
2343 4978.0
2344 4978.0
2345 4978.0
2346 4978.0
2347 4978.0
2348 4978.0
2349 4978.0
2350 4978.0
2351 4978.0
2352 4978.0
2353 4978.0
2354 4978.0
2355 4978.0
2356 4978.0
2357 4978.0
2358 4978.0
2359 4978.0
2360 4978.0
2361 4978.0
2362 4978.0
2363 4978.0
2364 4978.0
2365 4978.0
2366 4978.0
2367 4978.0
2368 4978.0
2369 4978.0
2370 4978.0
2371 4978.0
2372 4978.0
2373 4978.0
2374 4978.0
2375 4978.0
2376 4978.0
2377 4978.0
2378 4978.0
2379 4978.0
2380 4978.0
2381 4978.0
2382 4978.0
2383 4978.0
2384 4978.0
2385 4978.0
2386 4978.0
2387 4978.0
2388 4978.0
2389 4978.0
2390 4978.0
2391 4978.0
2392 4978.0
2393 4978.0
2394 4978.0
2395 4978.0
2396 4978.0
2397 4978.0
2398 4978.0
2399 4978.0
2400 4978.0
2401 4978.0
2402 4978.0
2403 4978.0
2404 4978.0
2405 4978.0
2406 4978.0
2407 4978.0
2408 4978.0
2409 4978.0
2410 4978.0
2411 4978.0
2412 4978.0
2413 4978.0
2414 4978.0
2415 4978.0
2416 4978.0
2417 4978.0
2418 4978.0
2419 4978.0
2420 4978.0
2421 4978.0
2422 4978.0
2423 4978.0
2424 4978.0
2425 4978.0
2426 4978.0
2427 4978.0
2428 4978.0
2429 4978.0
2430 4978.0
2431 4978.0
2432 4978.0
2433 4978.0
2434 4978.0
2435 4978.0
2436 4978.0
2437 4978.0
2438 4978.0
2439 4978.0
2440 4978.0
2441 4978.0
2442 4978.0
2443 4978.0
2444 4978.0
2445 4978.0
2446 4978.0
2447 4978.0
2448 4978.0
2449 4978.0
2450 4978.0
2451 4978.0
2452 4978.0
2453 4978.0
2454 4978.0
2455 4978.0
2456 4978.0
2457 4978.0
2458 4978.0
2459 4978.0
2460 4978.0
2461 4978.0
2462 4978.0
2463 4978.0
2464 4978.0
2465 4978.0
2466 4978.0
2467 4978.0
2468 4978.0
2469 4978.0
2470 4978.0
2471 4978.0
2472 4978.0
2473 4978.0
2474 4978.0
2475 4978.0
2476 4978.0
2477 4978.0
2478 4978.0
2479 4978.0
2480 4978.0
2481 4978.0
2482 4978.0
2483 4978.0
2484 4978.0
2485 4978.0
2486 4978.0
2487 4978.0
2488 4978.0
2489 4978.0
2490 4978.0
2491 4978.0
2492 4978.0
2493 4978.0
2494 4978.0
2495 4978.0
2496 4978.0
2497 4978.0
2498 4978.0
2499 4978.0
2500 4978.0
2501 4978.0
2502 4978.0
2503 4978.0
2504 4978.0
2505 4978.0
2506 4978.0
2507 4978.0
2508 4978.0
2509 4978.0
2510 4978.0
2511 4978.0
2512 4978.0
2513 4978.0
2514 4978.0
2515 4978.0
2516 4978.0
2517 4978.0
2518 4978.0
2519 4978.0
2520 4978.0
2521 4978.0
2522 4978.0
2523 4978.0
2524 4978.0
2525 4978.0
2526 4978.0
2527 4978.0
2528 4978.0
2529 4978.0
2530 4978.0
2531 4978.0
2532 4978.0
2533 4978.0
2534 4978.0
2535 4978.0
2536 4978.0
2537 4978.0
2538 4978.0
2539 4978.0
2540 4978.0
2541 4978.0
2542 4978.0
2543 4978.0
2544 4978.0
2545 4978.0
2546 4978.0
2547 4978.0
2548 4978.0
2549 4978.0
2550 4978.0
2551 4978.0
2552 4978.0
2553 4978.0
2554 4978.0
2555 4978.0
2556 4978.0
2557 4978.0
2558 4978.0
2559 4978.0
2560 4978.0
2561 4978.0
2562 4978.0
2563 4978.0
2564 4978.0
2565 4978.0
2566 4978.0
2567 4978.0
2568 4978.0
2569 4978.0
2570 4978.0
2571 4978.0
2572 4978.0
2573 4978.0
2574 4978.0
2575 4978.0
2576 4978.0
2577 4978.0
2578 4978.0
2579 4978.0
2580 4978.0
2581 4978.0
2582 4978.0
2583 4978.0
2584 4978.0
2585 4978.0
2586 4978.0
2587 4978.0
2588 4978.0
2589 4978.0
2590 4978.0
2591 4978.0
2592 4978.0
2593 4978.0
2594 4978.0
2595 4978.0
2596 4978.0
2597 4978.0
2598 4978.0
2599 4978.0
2600 4978.0
2601 4978.0
2602 4978.0
2603 4978.0
2604 4978.0
2605 4978.0
2606 4978.0
2607 4978.0
2608 4978.0
2609 4978.0
2610 4978.0
2611 4978.0
2612 4978.0
2613 4978.0
2614 4978.0
2615 4978.0
2616 4978.0
2617 4978.0
2618 4978.0
2619 4978.0
2620 4978.0
2621 4978.0
2622 4978.0
2623 4978.0
2624 4978.0
2625 4978.0
2626 4978.0
2627 4978.0
2628 4978.0
2629 4978.0
2630 4978.0
2631 4978.0
2632 4978.0
2633 4978.0
2634 4978.0
2635 4978.0
2636 4978.0
2637 4978.0
2638 4978.0
2639 4978.0
2640 4978.0
2641 4978.0
2642 4978.0
2643 4978.0
2644 4978.0
2645 4978.0
2646 4978.0
2647 4978.0
2648 4978.0
2649 4978.0
2650 4978.0
2651 4978.0
2652 4978.0
2653 4978.0
2654 4978.0
2655 4978.0
2656 4978.0
2657 4978.0
2658 4978.0
2659 4978.0
2660 4978.0
2661 4978.0
2662 4978.0
2663 4978.0
2664 4978.0
2665 4978.0
2666 4978.0
2667 4978.0
2668 4978.0
2669 4978.0
2670 4978.0
2671 4978.0
2672 4978.0
2673 4978.0
2674 4978.0
2675 4978.0
2676 4978.0
2677 4978.0
2678 4978.0
2679 4978.0
2680 4978.0
2681 4978.0
2682 4978.0
2683 4978.0
2684 4978.0
2685 4978.0
2686 4978.0
2687 4978.0
2688 4978.0
2689 4978.0
2690 4978.0
2691 4978.0
2692 4978.0
2693 4978.0
2694 4978.0
2695 4978.0
2696 4978.0
2697 4978.0
2698 4978.0
2699 4978.0
2700 4978.0
2701 4978.0
2702 4978.0
2703 4978.0
2704 4978.0
2705 4978.0
2706 4978.0
2707 4978.0
2708 4978.0
2709 4978.0
2710 4978.0
2711 4978.0
2712 4978.0
2713 4978.0
2714 4978.0
2715 4978.0
2716 4978.0
2717 4978.0
2718 4978.0
2719 4978.0
2720 4978.0
2721 4978.0
2722 4978.0
2723 4978.0
2724 4978.0
2725 4978.0
2726 4978.0
2727 4978.0
2728 4978.0
2729 4978.0
2730 4978.0
2731 4978.0
2732 4978.0
2733 4978.0
2734 4978.0
2735 4978.0
2736 4978.0
2737 4978.0
2738 4978.0
2739 4978.0
2740 4978.0
2741 4978.0
2742 4978.0
2743 4978.0
2744 4978.0
2745 4978.0
2746 4978.0
2747 4978.0
2748 4978.0
2749 4978.0
2750 4978.0
2751 4978.0
2752 4978.0
2753 4978.0
2754 4978.0
2755 4978.0
2756 4978.0
2757 4978.0
2758 4978.0
2759 4978.0
2760 4978.0
2761 4978.0
2762 4978.0
2763 4978.0
2764 4978.0
2765 4978.0
2766 4978.0
2767 4978.0
2768 4978.0
2769 4978.0
2770 4978.0
2771 4978.0
2772 4978.0
2773 4978.0
2774 4978.0
2775 4978.0
2776 4978.0
2777 4978.0
2778 4978.0
2779 4978.0
2780 4978.0
2781 4978.0
2782 4978.0
2783 4978.0
2784 4978.0
2785 4978.0
2786 4978.0
2787 4978.0
2788 4978.0
2789 4978.0
2790 4978.0
2791 4978.0
2792 4978.0
2793 4978.0
2794 4978.0
2795 4978.0
2796 4978.0
2797 4978.0
2798 4978.0
2799 4978.0
2800 4978.0
2801 4978.0
2802 4978.0
2803 4978.0
2804 4978.0
2805 4978.0
2806 4978.0
2807 4978.0
2808 4978.0
2809 4978.0
2810 4978.0
2811 4978.0
2812 4978.0
2813 4978.0
2814 4978.0
2815 4978.0
2816 4978.0
2817 4978.0
2818 4978.0
2819 4978.0
2820 4978.0
2821 4978.0
2822 4978.0
2823 4978.0
2824 4978.0
2825 4978.0
2826 4978.0
2827 4978.0
2828 4978.0
2829 4978.0
2830 4978.0
2831 4978.0
2832 4978.0
2833 4978.0
2834 4978.0
2835 4978.0
2836 4978.0
2837 4978.0
2838 4978.0
2839 4978.0
2840 4978.0
2841 4978.0
2842 4978.0
2843 4978.0
2844 4978.0
2845 4978.0
2846 4978.0
2847 4978.0
2848 4978.0
2849 4978.0
2850 4978.0
2851 4978.0
2852 4978.0
2853 4978.0
2854 4978.0
2855 4978.0
2856 4978.0
2857 4978.0
2858 4978.0
2859 4978.0
2860 4978.0
2861 4978.0
2862 4978.0
2863 4978.0
2864 4978.0
2865 4978.0
2866 4978.0
2867 4978.0
2868 4978.0
2869 4978.0
2870 4978.0
2871 4978.0
2872 4978.0
2873 4978.0
2874 4978.0
2875 4978.0
2876 4978.0
2877 4978.0
2878 4978.0
2879 4978.0
2880 4978.0
2881 4978.0
2882 4978.0
2883 4978.0
2884 4978.0
2885 4978.0
2886 4978.0
2887 4978.0
2888 4978.0
2889 4978.0
2890 4978.0
2891 4978.0
2892 4978.0
2893 4978.0
2894 4978.0
2895 4978.0
2896 4978.0
2897 4978.0
2898 4978.0
2899 4978.0
2900 4978.0
2901 4978.0
2902 4978.0
2903 4978.0
2904 4978.0
2905 4978.0
2906 4978.0
2907 4978.0
2908 4978.0
2909 4978.0
2910 4978.0
2911 4978.0
2912 4978.0
2913 4978.0
2914 4978.0
2915 4978.0
2916 4978.0
2917 4978.0
2918 4978.0
2919 4978.0
2920 4978.0
2921 4978.0
2922 4978.0
2923 4978.0
2924 4978.0
2925 4978.0
2926 4978.0
2927 4978.0
2928 4978.0
2929 4978.0
2930 4978.0
2931 4978.0
2932 4978.0
2933 4978.0
2934 4978.0
2935 4978.0
2936 4978.0
2937 4978.0
2938 4978.0
2939 4978.0
2940 4978.0
2941 4978.0
2942 4978.0
2943 4978.0
2944 4978.0
2945 4978.0
2946 4978.0
2947 4978.0
2948 4978.0
2949 4978.0
2950 4978.0
2951 4978.0
2952 4978.0
2953 4978.0
2954 4978.0
2955 4978.0
2956 4978.0
2957 4978.0
2958 4978.0
2959 4978.0
2960 4978.0
2961 4978.0
2962 4978.0
2963 4978.0
2964 4978.0
2965 4978.0
2966 4978.0
2967 4978.0
2968 4978.0
2969 4978.0
2970 4978.0
2971 4978.0
2972 4978.0
2973 4978.0
2974 4978.0
2975 4978.0
2976 4978.0
2977 4978.0
2978 4978.0
2979 4978.0
2980 4978.0
2981 4978.0
2982 4978.0
2983 4978.0
2984 4978.0
2985 4978.0
2986 4978.0
2987 4978.0
2988 4978.0
2989 4978.0
2990 4978.0
2991 4978.0
2992 4978.0
2993 4978.0
2994 4978.0
2995 4978.0
2996 4978.0
2997 4978.0
2998 4978.0
2999 4978.0
3000 4978.0
3001 4978.0
3002 4978.0
3003 4978.0
3004 4978.0
3005 4978.0
3006 4978.0
3007 4978.0
3008 4978.0
3009 4978.0
3010 4978.0
3011 4978.0
3012 4978.0
3013 4978.0
3014 4978.0
3015 4978.0
3016 4978.0
3017 4978.0
3018 4978.0
3019 4978.0
3020 4978.0
3021 4978.0
3022 4978.0
3023 4978.0
3024 4978.0
3025 4978.0
3026 4978.0
3027 4978.0
3028 4978.0
3029 4978.0
3030 4978.0
3031 4978.0
3032 4978.0
3033 4978.0
3034 4978.0
3035 4978.0
3036 4978.0
3037 4978.0
3038 4978.0
3039 4978.0
3040 4978.0
3041 4978.0
3042 4978.0
3043 4978.0
3044 4978.0
3045 4978.0
3046 4978.0
3047 4978.0
3048 4978.0
3049 4978.0
3050 4978.0
3051 4978.0
3052 4978.0
3053 4978.0
3054 4978.0
3055 4978.0
3056 4978.0
3057 4978.0
3058 4978.0
3059 4978.0
3060 4978.0
3061 4978.0
3062 4978.0
3063 4978.0
3064 4978.0
3065 4978.0
3066 4978.0
3067 4978.0
3068 4978.0
3069 4978.0
3070 4978.0
3071 4978.0
3072 4978.0
3073 4978.0
3074 4978.0
3075 4978.0
3076 4978.0
3077 4978.0
3078 4978.0
3079 4978.0
3080 4978.0
3081 4978.0
3082 4978.0
3083 4978.0
3084 4978.0
3085 4978.0
3086 4978.0
3087 4978.0
3088 4978.0
3089 4978.0
3090 4978.0
3091 4978.0
3092 4978.0
3093 4978.0
3094 4978.0
3095 4978.0
3096 4978.0
3097 4978.0
3098 4978.0
3099 4978.0
3100 4978.0
3101 4978.0
3102 4978.0
3103 4978.0
3104 4978.0
3105 4978.0
3106 4978.0
3107 4978.0
3108 4978.0
3109 4978.0
3110 4978.0
3111 4978.0
3112 4978.0
3113 4978.0
3114 4978.0
3115 4978.0
3116 4978.0
3117 4978.0
3118 4978.0
3119 4978.0
3120 4978.0
3121 4978.0
3122 4978.0
3123 4978.0
3124 4978.0
3125 4978.0
3126 4978.0
3127 4978.0
3128 4978.0
3129 4978.0
3130 4978.0
3131 4978.0
3132 4978.0
3133 4978.0
3134 4978.0
3135 4978.0
3136 4978.0
3137 4978.0
3138 4978.0
3139 4978.0
3140 4978.0
3141 4978.0
3142 4978.0
3143 4978.0
3144 4978.0
3145 4978.0
3146 4978.0
3147 4978.0
3148 4978.0
3149 4978.0
3150 4978.0
3151 4978.0
3152 4978.0
3153 4978.0
3154 4978.0
3155 4978.0
3156 4978.0
3157 4978.0
3158 4978.0
3159 4978.0
3160 4978.0
3161 4978.0
3162 4978.0
3163 4978.0
3164 4978.0
3165 4978.0
3166 4978.0
3167 4978.0
3168 4978.0
3169 4978.0
3170 4978.0
3171 4978.0
3172 4978.0
3173 4978.0
3174 4978.0
3175 4978.0
3176 4978.0
3177 4978.0
3178 4978.0
3179 4978.0
3180 4978.0
3181 4978.0
3182 4978.0
3183 4978.0
3184 4978.0
3185 4978.0
3186 4978.0
3187 4978.0
3188 4978.0
3189 4978.0
3190 4978.0
3191 4978.0
3192 4978.0
3193 4978.0
3194 4978.0
3195 4978.0
3196 4978.0
3197 4978.0
3198 4978.0
3199 4978.0
3200 4978.0
3201 4978.0
3202 4978.0
3203 4978.0
3204 4978.0
3205 4978.0
3206 4978.0
3207 4978.0
3208 4978.0
3209 4978.0
3210 4978.0
3211 4978.0
3212 4978.0
3213 4978.0
3214 4978.0
3215 4978.0
3216 4978.0
3217 4978.0
3218 4978.0
3219 4978.0
3220 4978.0
3221 4978.0
3222 4978.0
3223 4978.0
3224 4978.0
3225 4978.0
3226 4978.0
3227 4978.0
3228 4978.0
3229 4978.0
3230 4978.0
3231 4978.0
3232 4978.0
3233 4978.0
3234 4978.0
3235 4978.0
3236 4978.0
3237 4978.0
3238 4978.0
3239 4978.0
3240 4978.0
3241 4978.0
3242 4978.0
3243 4978.0
3244 4978.0
3245 4978.0
3246 4978.0
3247 4978.0
3248 4978.0
3249 4978.0
3250 4978.0
3251 4978.0
3252 4978.0
3253 4978.0
3254 4978.0
3255 4978.0
3256 4978.0
3257 4978.0
3258 4978.0
3259 4978.0
3260 4978.0
3261 4978.0
3262 4978.0
3263 4978.0
3264 4978.0
3265 4978.0
3266 4978.0
3267 4978.0
3268 4978.0
3269 4978.0
3270 4978.0
3271 4978.0
3272 4978.0
3273 4978.0
3274 4978.0
3275 4978.0
3276 4978.0
3277 4978.0
3278 4978.0
3279 4978.0
3280 4978.0
3281 4978.0
3282 4978.0
3283 4978.0
3284 4978.0
3285 4978.0
3286 4978.0
3287 4978.0
3288 4978.0
3289 4978.0
3290 4978.0
3291 4978.0
3292 4978.0
3293 4978.0
3294 4978.0
3295 4978.0
3296 4978.0
3297 4978.0
3298 4978.0
3299 4978.0
3300 4978.0
3301 4978.0
3302 4978.0
3303 4978.0
3304 4978.0
3305 4978.0
3306 4978.0
3307 4978.0
3308 4978.0
3309 4978.0
3310 4978.0
3311 4978.0
3312 4978.0
3313 4978.0
3314 4978.0
3315 4978.0
3316 4978.0
3317 4978.0
3318 4978.0
3319 4978.0
3320 4978.0
3321 4978.0
3322 4978.0
3323 4978.0
3324 4978.0
3325 4978.0
3326 4978.0
3327 4978.0
3328 4978.0
3329 4978.0
3330 4978.0
3331 4978.0
3332 4978.0
3333 4978.0
3334 4978.0
3335 4978.0
3336 4978.0
3337 4978.0
3338 4978.0
3339 4978.0
3340 4978.0
3341 4978.0
3342 4978.0
3343 4978.0
3344 4978.0
3345 4978.0
3346 4978.0
3347 4978.0
3348 4978.0
3349 4978.0
3350 4978.0
3351 4978.0
3352 4978.0
3353 4978.0
3354 4978.0
3355 4978.0
3356 4978.0
3357 4978.0
3358 4978.0
3359 4978.0
3360 4978.0
3361 4978.0
3362 4978.0
3363 4978.0
3364 4978.0
3365 4978.0
3366 4978.0
3367 4978.0
3368 4978.0
3369 4978.0
3370 4978.0
3371 4978.0
3372 4978.0
3373 4978.0
3374 4978.0
3375 4978.0
3376 4978.0
3377 4978.0
3378 4978.0
3379 4978.0
3380 4978.0
3381 4978.0
3382 4978.0
3383 4978.0
3384 4978.0
3385 4978.0
3386 4978.0
3387 4978.0
3388 4978.0
3389 4978.0
3390 4978.0
3391 4978.0
3392 4978.0
3393 4978.0
3394 4978.0
3395 4978.0
3396 4978.0
3397 4978.0
3398 4978.0
3399 4978.0
3400 4978.0
3401 4978.0
3402 4978.0
3403 4978.0
3404 4978.0
3405 4978.0
3406 4978.0
3407 4978.0
3408 4978.0
3409 4978.0
3410 4978.0
3411 4978.0
3412 4978.0
3413 4978.0
3414 4978.0
3415 4978.0
3416 4978.0
3417 4978.0
3418 4978.0
3419 4978.0
3420 4978.0
3421 4978.0
3422 4978.0
3423 4978.0
3424 4978.0
3425 4978.0
3426 4978.0
3427 4978.0
3428 4978.0
3429 4978.0
3430 4978.0
3431 4978.0
3432 4978.0
3433 4978.0
3434 4978.0
3435 4978.0
3436 4978.0
3437 4978.0
3438 4978.0
3439 4978.0
3440 4978.0
3441 4978.0
3442 4978.0
3443 4978.0
3444 4978.0
3445 4978.0
3446 4978.0
3447 4978.0
3448 4978.0
3449 4978.0
3450 4978.0
3451 4978.0
3452 4978.0
3453 4978.0
3454 4978.0
3455 4978.0
3456 4978.0
3457 4978.0
3458 4978.0
3459 4978.0
3460 4978.0
3461 4978.0
3462 4978.0
3463 4978.0
3464 4978.0
3465 4978.0
3466 4978.0
3467 4978.0
3468 4978.0
3469 4978.0
3470 4978.0
3471 4978.0
3472 4978.0
3473 4978.0
3474 4978.0
3475 4978.0
3476 4978.0
3477 4978.0
3478 4978.0
3479 4978.0
3480 4978.0
3481 4978.0
3482 4978.0
3483 4978.0
3484 4978.0
3485 4978.0
3486 4978.0
3487 4978.0
3488 4978.0
3489 4978.0
3490 4978.0
3491 4978.0
3492 4978.0
3493 4978.0
3494 4978.0
3495 4978.0
3496 4978.0
3497 4978.0
3498 4978.0
3499 4978.0
3500 4978.0
3501 4978.0
3502 4978.0
3503 4978.0
3504 4978.0
3505 4978.0
3506 4978.0
3507 4978.0
3508 4978.0
3509 4978.0
3510 4978.0
3511 4978.0
3512 4978.0
3513 4978.0
3514 4978.0
3515 4978.0
3516 4978.0
3517 4978.0
3518 4978.0
3519 4978.0
3520 4978.0
3521 4978.0
3522 4978.0
3523 4978.0
3524 4978.0
3525 4978.0
3526 4978.0
3527 4978.0
3528 4978.0
3529 4978.0
3530 4978.0
3531 4978.0
3532 4978.0
3533 4978.0
3534 4978.0
3535 4978.0
3536 4978.0
3537 4978.0
3538 4978.0
3539 4978.0
3540 4978.0
3541 4978.0
3542 4978.0
3543 4978.0
3544 4978.0
3545 4978.0
3546 4978.0
3547 4978.0
3548 4978.0
3549 4978.0
3550 4978.0
3551 4978.0
3552 4978.0
3553 4978.0
3554 4978.0
3555 4978.0
3556 4978.0
3557 4978.0
3558 4978.0
3559 4978.0
3560 4978.0
3561 4978.0
3562 4978.0
3563 4978.0
3564 4978.0
3565 4978.0
3566 4978.0
3567 4978.0
3568 4978.0
3569 4978.0
3570 4978.0
3571 4978.0
3572 4978.0
3573 4978.0
3574 4978.0
3575 4978.0
3576 4978.0
3577 4978.0
3578 4978.0
3579 4978.0
3580 4978.0
3581 4978.0
3582 4978.0
3583 4978.0
3584 4978.0
3585 4978.0
3586 4978.0
3587 4978.0
3588 4978.0
3589 4978.0
3590 4978.0
3591 4978.0
3592 4978.0
3593 4978.0
3594 4978.0
3595 4978.0
3596 4978.0
3597 4978.0
3598 4978.0
3599 4978.0
3600 4978.0
3601 4978.0
3602 4978.0
3603 4978.0
3604 4978.0
3605 4978.0
3606 4978.0
3607 4978.0
3608 4978.0
3609 4978.0
3610 4978.0
3611 4978.0
3612 4978.0
3613 4978.0
3614 4978.0
3615 4978.0
3616 4978.0
3617 4978.0
3618 4978.0
3619 4978.0
3620 4978.0
3621 4978.0
3622 4978.0
3623 4978.0
3624 4978.0
3625 4978.0
3626 4978.0
3627 4978.0
3628 4978.0
3629 4978.0
3630 4978.0
3631 4978.0
3632 4978.0
3633 4978.0
3634 4978.0
3635 4978.0
3636 4978.0
3637 4978.0
3638 4978.0
3639 4978.0
3640 4978.0
3641 4978.0
3642 4978.0
3643 4978.0
3644 4978.0
3645 4978.0
3646 4978.0
3647 4978.0
3648 4978.0
3649 4978.0
3650 4978.0
3651 4978.0
3652 4978.0
3653 4978.0
3654 4978.0
3655 4978.0
3656 4978.0
3657 4978.0
3658 4978.0
3659 4978.0
3660 4978.0
3661 4978.0
3662 4978.0
3663 4978.0
3664 4978.0
3665 4978.0
3666 4978.0
3667 4978.0
3668 4978.0
3669 4978.0
3670 4978.0
3671 4978.0
3672 4978.0
3673 4978.0
3674 4978.0
3675 4978.0
3676 4978.0
3677 4978.0
3678 4978.0
3679 4978.0
3680 4978.0
3681 4978.0
3682 4978.0
3683 4978.0
3684 4978.0
3685 4978.0
3686 4978.0
3687 4978.0
3688 4978.0
3689 4978.0
3690 4978.0
3691 4978.0
3692 4978.0
3693 4978.0
3694 4978.0
3695 4978.0
3696 4978.0
3697 4978.0
3698 4978.0
3699 4978.0
3700 4978.0
3701 4978.0
3702 4978.0
3703 4978.0
3704 4978.0
3705 4978.0
3706 4978.0
3707 4978.0
3708 4978.0
3709 4978.0
3710 4978.0
3711 4978.0
3712 4978.0
3713 4978.0
3714 4978.0
3715 4978.0
3716 4978.0
3717 4978.0
3718 4978.0
3719 4978.0
3720 4978.0
3721 4978.0
3722 4978.0
3723 4978.0
3724 4978.0
3725 4978.0
3726 4978.0
3727 4978.0
3728 4978.0
3729 4978.0
3730 4978.0
3731 4978.0
3732 4978.0
3733 4978.0
3734 4978.0
3735 4978.0
3736 4978.0
3737 4978.0
3738 4978.0
3739 4978.0
3740 4978.0
3741 4978.0
3742 4978.0
3743 4978.0
3744 4978.0
3745 4978.0
3746 4978.0
3747 4978.0
3748 4978.0
3749 4978.0
3750 4978.0
3751 4978.0
3752 4978.0
3753 4978.0
3754 4978.0
3755 4978.0
3756 4978.0
3757 4978.0
3758 4978.0
3759 4978.0
3760 4978.0
3761 4978.0
3762 4978.0
3763 4978.0
3764 4978.0
3765 4978.0
3766 4978.0
3767 4978.0
3768 4978.0
3769 4978.0
3770 4978.0
3771 4978.0
3772 4978.0
3773 4978.0
3774 4978.0
3775 4978.0
3776 4978.0
3777 4978.0
3778 4978.0
3779 4978.0
3780 4978.0
3781 4978.0
3782 4978.0
3783 4978.0
3784 4978.0
3785 4978.0
3786 4978.0
3787 4978.0
3788 4978.0
3789 4978.0
3790 4978.0
3791 4978.0
3792 4978.0
3793 4978.0
3794 4978.0
3795 4978.0
3796 4978.0
3797 4978.0
3798 4978.0
3799 4978.0
3800 4978.0
3801 4978.0
3802 4978.0
3803 4978.0
3804 4978.0
3805 4978.0
3806 4978.0
3807 4978.0
3808 4978.0
3809 4978.0
3810 4978.0
3811 4978.0
3812 4978.0
3813 4978.0
3814 4978.0
3815 4978.0
3816 4978.0
3817 4978.0
3818 4978.0
3819 4978.0
3820 4978.0
3821 4978.0
3822 4978.0
3823 4978.0
3824 4978.0
3825 4978.0
3826 4978.0
3827 4978.0
3828 4978.0
3829 4978.0
3830 4978.0
3831 4978.0
3832 4978.0
3833 4978.0
3834 4978.0
3835 4978.0
3836 4978.0
3837 4978.0
3838 4978.0
3839 4978.0
3840 4978.0
3841 4978.0
3842 4978.0
3843 4978.0
3844 4978.0
3845 4978.0
3846 4978.0
3847 4978.0
3848 4978.0
3849 4978.0
3850 4978.0
3851 4978.0
3852 4978.0
3853 4978.0
3854 4978.0
3855 4978.0
3856 4978.0
3857 4978.0
3858 4978.0
3859 4978.0
3860 4978.0
3861 4978.0
3862 4978.0
3863 4978.0
3864 4978.0
3865 4978.0
3866 4978.0
3867 4978.0
3868 4978.0
3869 4978.0
3870 4978.0
3871 4978.0
3872 4978.0
3873 4978.0
3874 4978.0
3875 4978.0
3876 4978.0
3877 4978.0
3878 4978.0
3879 4978.0
3880 4978.0
3881 4978.0
3882 4978.0
3883 4978.0
3884 4978.0
3885 4978.0
3886 4978.0
3887 4978.0
3888 4978.0
3889 4978.0
3890 4978.0
3891 4978.0
3892 4978.0
3893 4978.0
3894 4978.0
3895 4978.0
3896 4978.0
3897 4978.0
3898 4978.0
3899 4978.0
3900 4978.0
3901 4978.0
3902 4978.0
3903 4978.0
3904 4978.0
3905 4978.0
3906 4978.0
3907 4978.0
3908 4978.0
3909 4978.0
3910 4978.0
3911 4978.0
3912 4978.0
3913 4978.0
3914 4978.0
3915 4978.0
3916 4978.0
3917 4978.0
3918 4978.0
3919 4978.0
3920 4978.0
3921 4978.0
3922 4978.0
3923 4978.0
3924 4978.0
3925 4978.0
3926 4978.0
3927 4978.0
3928 4978.0
3929 4978.0
3930 4978.0
3931 4978.0
3932 4978.0
3933 4978.0
3934 4978.0
3935 4978.0
3936 4978.0
3937 4978.0
3938 4978.0
3939 4978.0
3940 4978.0
3941 4978.0
3942 4978.0
3943 4978.0
3944 4978.0
3945 4978.0
3946 4978.0
3947 4978.0
3948 4978.0
3949 4978.0
3950 4978.0
3951 4978.0
3952 4978.0
3953 4978.0
3954 4978.0
3955 4978.0
3956 4978.0
3957 4978.0
3958 4978.0
3959 4978.0
3960 4978.0
3961 4978.0
3962 4978.0
3963 4978.0
3964 4978.0
3965 4978.0
3966 4978.0
3967 4978.0
3968 4978.0
3969 4978.0
3970 4978.0
3971 4978.0
3972 4978.0
3973 4978.0
3974 4978.0
3975 4978.0
3976 4978.0
3977 4978.0
3978 4978.0
3979 4978.0
3980 4978.0
3981 4978.0
3982 4978.0
3983 4978.0
3984 4978.0
3985 4978.0
3986 4978.0
3987 4978.0
3988 4978.0
3989 4978.0
3990 4978.0
3991 4978.0
3992 4978.0
3993 4978.0
3994 4978.0
3995 4978.0
3996 4978.0
3997 4978.0
3998 4978.0
3999 4978.0
4000 4978.0
4001 4978.0
4002 4978.0
4003 4978.0
4004 4978.0
4005 4978.0
4006 4978.0
4007 4978.0
4008 4978.0
4009 4978.0
4010 4978.0
4011 4978.0
4012 4978.0
4013 4978.0
4014 4978.0
4015 4978.0
4016 4978.0
4017 4978.0
4018 4978.0
4019 4978.0
4020 4978.0
4021 4978.0
4022 4978.0
4023 4978.0
4024 4978.0
4025 4978.0
4026 4978.0
4027 4978.0
4028 4978.0
4029 4978.0
4030 4978.0
4031 4978.0
4032 4978.0
4033 4978.0
4034 4978.0
4035 4978.0
4036 4978.0
4037 4978.0
4038 4978.0
4039 4978.0
4040 4978.0
4041 4978.0
4042 4978.0
4043 4978.0
4044 4978.0
4045 4978.0
4046 4978.0
4047 4978.0
4048 4978.0
4049 4978.0
4050 4978.0
4051 4978.0
4052 4978.0
4053 4978.0
4054 4978.0
4055 4978.0
4056 4978.0
4057 4978.0
4058 4978.0
4059 4978.0
4060 4978.0
4061 4978.0
4062 4978.0
4063 4978.0
4064 4978.0
4065 4978.0
4066 4978.0
4067 4978.0
4068 4978.0
4069 4978.0
4070 4978.0
4071 4978.0
4072 4978.0
4073 4978.0
4074 4978.0
4075 4978.0
4076 4978.0
4077 4978.0
4078 4978.0
4079 4978.0
4080 4978.0
4081 4978.0
4082 4978.0
4083 4978.0
4084 4978.0
4085 4978.0
4086 4978.0
4087 4978.0
4088 4978.0
4089 4978.0
4090 4978.0
4091 4978.0
4092 4978.0
4093 4978.0
4094 4978.0
4095 4978.0
4096 4978.0
4097 4978.0
4098 4978.0
4099 4978.0
4100 4978.0
4101 4978.0
4102 4978.0
4103 4978.0
4104 4978.0
4105 4978.0
4106 4978.0
4107 4978.0
4108 4978.0
4109 4978.0
4110 4978.0
4111 4978.0
4112 4978.0
4113 4978.0
4114 4978.0
4115 4978.0
4116 4978.0
4117 4978.0
4118 4978.0
4119 4978.0
4120 4978.0
4121 4978.0
4122 4978.0
4123 4978.0
4124 4978.0
4125 4978.0
4126 4978.0
4127 4978.0
4128 4978.0
4129 4978.0
4130 4978.0
4131 4978.0
4132 4978.0
4133 4978.0
4134 4978.0
4135 4978.0
4136 4978.0
4137 4978.0
4138 4978.0
4139 4978.0
4140 4978.0
4141 4978.0
4142 4978.0
4143 4978.0
4144 4978.0
4145 4978.0
4146 4978.0
4147 4978.0
4148 4978.0
4149 4978.0
4150 4978.0
4151 4978.0
4152 4978.0
4153 4978.0
4154 4978.0
4155 4978.0
4156 4978.0
4157 4978.0
4158 4978.0
4159 4978.0
4160 4978.0
4161 4978.0
4162 4978.0
4163 4978.0
4164 4978.0
4165 4978.0
4166 4978.0
4167 4978.0
4168 4978.0
4169 4978.0
4170 4978.0
4171 4978.0
4172 4978.0
4173 4978.0
4174 4978.0
4175 4978.0
4176 4978.0
4177 4978.0
4178 4978.0
4179 4978.0
4180 4978.0
4181 4978.0
4182 4978.0
4183 4978.0
4184 4978.0
