0 4896.0
1 4896.0
2 4896.0
3 4896.0
4 4634.0
5 4538.0
6 4538.0
7 4538.0
8 4538.0
9 4538.0
10 4538.0
11 4538.0
12 4538.0
13 4538.0
14 4538.0
15 4538.0
16 4538.0
17 4538.0
18 4538.0
19 4538.0
20 4538.0
21 4538.0
22 4538.0
23 4538.0
24 4538.0
25 4538.0
26 4538.0
27 4538.0
28 4538.0
29 4538.0
30 4538.0
31 4538.0
32 4538.0
33 4538.0
34 4538.0
35 4538.0
36 4538.0
37 4538.0
38 4538.0
39 4538.0
40 4538.0
41 4538.0
42 4538.0
43 4538.0
44 4538.0
45 4538.0
46 4538.0
47 4538.0
48 4538.0
49 4538.0
50 4538.0
51 4538.0
52 4538.0
53 4538.0
54 4538.0
55 4538.0
56 4538.0
57 4538.0
58 4538.0
59 4538.0
60 4538.0
61 4538.0
62 4538.0
63 4538.0
64 4538.0
65 4538.0
66 4538.0
67 4538.0
68 4538.0
69 4538.0
70 4538.0
71 4538.0
72 4538.0
73 4538.0
74 4538.0
75 4538.0
76 4538.0
77 4538.0
78 4538.0
79 4538.0
80 4538.0
81 4538.0
82 4538.0
83 4538.0
84 4538.0
85 4538.0
86 4538.0
87 4538.0
88 4538.0
89 4538.0
90 4538.0
91 4538.0
92 4538.0
93 4538.0
94 4538.0
95 4538.0
96 4538.0
97 4538.0
98 4538.0
99 4538.0
100 4538.0
101 4538.0
102 4538.0
103 4538.0
104 4538.0
105 4538.0
106 4538.0
107 4538.0
108 4538.0
109 4538.0
110 4538.0
111 4538.0
112 4538.0
113 4538.0
114 4538.0
115 4538.0
116 4538.0
117 4538.0
118 4538.0
119 4538.0
120 4538.0
121 4538.0
122 4538.0
123 4538.0
124 4538.0
125 4538.0
126 4538.0
127 4538.0
128 4538.0
129 4538.0
130 4538.0
131 4538.0
132 4538.0
133 4538.0
134 4538.0
135 4538.0
136 4538.0
137 4538.0
138 4538.0
139 4538.0
140 4538.0
141 4538.0
142 4538.0
143 4538.0
144 4538.0
145 4538.0
146 4538.0
147 4538.0
148 4538.0
149 4538.0
150 4538.0
151 4538.0
152 4538.0
153 4538.0
154 4538.0
155 4538.0
156 4538.0
157 4538.0
158 4538.0
159 4538.0
160 4538.0
161 4538.0
162 4538.0
163 4538.0
164 4538.0
165 4538.0
166 4538.0
167 4538.0
168 4538.0
169 4538.0
170 4538.0
171 4538.0
172 4538.0
173 4538.0
174 4538.0
175 4538.0
176 4538.0
177 4538.0
178 4538.0
179 4538.0
180 4538.0
181 4538.0
182 4538.0
183 4538.0
184 4538.0
185 4538.0
186 4538.0
187 4538.0
188 4538.0
189 4538.0
190 4538.0
191 4538.0
192 4538.0
193 4538.0
194 4538.0
195 4538.0
196 4538.0
197 4538.0
198 4538.0
199 4538.0
200 4538.0
201 4538.0
202 4538.0
203 4538.0
204 4538.0
205 4538.0
206 4538.0
207 4538.0
208 4538.0
209 4538.0
210 4538.0
211 4538.0
212 4538.0
213 4538.0
214 4538.0
215 4538.0
216 4538.0
217 4538.0
218 4538.0
219 4538.0
220 4538.0
221 4538.0
222 4538.0
223 4538.0
224 4538.0
225 4538.0
226 4538.0
227 4538.0
228 4538.0
229 4538.0
230 4538.0
231 4538.0
232 4538.0
233 4538.0
234 4538.0
235 4538.0
236 4538.0
237 4538.0
238 4538.0
239 4538.0
240 4538.0
241 4538.0
242 4538.0
243 4538.0
244 4538.0
245 4538.0
246 4538.0
247 4538.0
248 4538.0
249 4538.0
250 4538.0
251 4538.0
252 4538.0
253 4538.0
254 4538.0
255 4538.0
256 4538.0
257 4538.0
258 4538.0
259 4538.0
260 4538.0
261 4538.0
262 4538.0
263 4538.0
264 4538.0
265 4538.0
266 4538.0
267 4538.0
268 4538.0
269 4538.0
270 4538.0
271 4538.0
272 4538.0
273 4538.0
274 4538.0
275 4538.0
276 4538.0
277 4538.0
278 4538.0
279 4538.0
280 4538.0
281 4538.0
282 4538.0
283 4538.0
284 4538.0
285 4538.0
286 4538.0
287 4538.0
288 4538.0
289 4538.0
290 4538.0
291 4538.0
292 4538.0
293 4538.0
294 4538.0
295 4538.0
296 4538.0
297 4538.0
298 4538.0
299 4538.0
300 4538.0
301 4538.0
302 4538.0
303 4538.0
304 4538.0
305 4538.0
306 4538.0
307 4538.0
308 4538.0
309 4538.0
310 4538.0
311 4538.0
312 4538.0
313 4538.0
314 4538.0
315 4538.0
316 4538.0
317 4538.0
318 4538.0
319 4538.0
320 4538.0
321 4538.0
322 4538.0
323 4538.0
324 4538.0
325 4538.0
326 4538.0
327 4538.0
328 4538.0
329 4538.0
330 4538.0
331 4538.0
332 4538.0
333 4538.0
334 4538.0
335 4538.0
336 4538.0
337 4538.0
338 4538.0
339 4538.0
340 4538.0
341 4538.0
342 4538.0
343 4538.0
344 4538.0
345 4538.0
346 4538.0
347 4538.0
348 4538.0
349 4538.0
350 4538.0
351 4538.0
352 4538.0
353 4538.0
354 4538.0
355 4538.0
356 4538.0
357 4538.0
358 4538.0
359 4538.0
360 4538.0
361 4538.0
362 4538.0
363 4538.0
364 4538.0
365 4538.0
366 4538.0
367 4538.0
368 4538.0
369 4538.0
370 4538.0
371 4538.0
372 4538.0
373 4538.0
374 4538.0
375 4538.0
376 4538.0
377 4538.0
378 4538.0
379 4538.0
380 4538.0
381 4538.0
382 4538.0
383 4538.0
384 4538.0
385 4538.0
386 4538.0
387 4538.0
388 4538.0
389 4538.0
390 4538.0
391 4538.0
392 4538.0
393 4538.0
394 4538.0
395 4538.0
396 4538.0
397 4538.0
398 4538.0
399 4538.0
400 4538.0
401 4538.0
402 4538.0
403 4538.0
404 4538.0
405 4538.0
406 4538.0
407 4538.0
408 4538.0
409 4538.0
410 4538.0
411 4538.0
412 4538.0
413 4538.0
414 4538.0
415 4538.0
416 4538.0
417 4538.0
418 4538.0
419 4538.0
420 4538.0
421 4538.0
422 4538.0
423 4538.0
424 4538.0
425 4538.0
426 4538.0
427 4538.0
428 4538.0
429 4538.0
430 4538.0
431 4538.0
432 4538.0
433 4538.0
434 4538.0
435 4538.0
436 4538.0
437 4538.0
438 4538.0
439 4538.0
440 4538.0
441 4538.0
442 4538.0
443 4538.0
444 4538.0
445 4538.0
446 4538.0
447 4538.0
448 4538.0
449 4538.0
450 4538.0
451 4538.0
452 4538.0
453 4538.0
454 4538.0
455 4538.0
456 4538.0
457 4538.0
458 4538.0
459 4538.0
460 4538.0
461 4538.0
462 4538.0
463 4538.0
464 4538.0
465 4538.0
466 4538.0
467 4538.0
468 4538.0
469 4538.0
470 4538.0
471 4538.0
472 4538.0
473 4538.0
474 4538.0
475 4538.0
476 4538.0
477 4538.0
478 4538.0
479 4538.0
480 4538.0
481 4538.0
482 4538.0
483 4538.0
484 4538.0
485 4538.0
486 4538.0
487 4538.0
488 4538.0
489 4538.0
490 4538.0
491 4538.0
492 4538.0
493 4538.0
494 4538.0
495 4538.0
496 4538.0
497 4538.0
498 4538.0
499 4538.0
500 4538.0
501 4538.0
502 4538.0
503 4538.0
504 4538.0
505 4538.0
506 4538.0
507 4538.0
508 4538.0
509 4538.0
510 4538.0
511 4538.0
512 4538.0
513 4538.0
514 4538.0
515 4538.0
516 4538.0
517 4538.0
518 4538.0
519 4538.0
520 4538.0
521 4538.0
522 4538.0
523 4538.0
524 4538.0
525 4538.0
526 4538.0
527 4538.0
528 4538.0
529 4538.0
530 4538.0
531 4538.0
532 4538.0
533 4538.0
534 4538.0
535 4538.0
536 4538.0
537 4538.0
538 4538.0
539 4538.0
540 4538.0
541 4538.0
542 4538.0
543 4538.0
544 4538.0
545 4538.0
546 4538.0
547 4538.0
548 4538.0
549 4538.0
550 4538.0
551 4538.0
552 4538.0
553 4538.0
554 4538.0
555 4538.0
556 4538.0
557 4538.0
558 4538.0
559 4538.0
560 4538.0
561 4538.0
562 4538.0
563 4538.0
564 4538.0
565 4538.0
566 4538.0
567 4538.0
568 4538.0
569 4538.0
570 4538.0
571 4538.0
572 4538.0
573 4538.0
574 4538.0
575 4538.0
576 4538.0
577 4538.0
578 4538.0
579 4538.0
580 4538.0
581 4538.0
582 4538.0
583 4538.0
584 4538.0
585 4538.0
586 4538.0
587 4538.0
588 4538.0
589 4538.0
590 4538.0
591 4538.0
592 4538.0
593 4538.0
594 4538.0
595 4538.0
596 4538.0
597 4538.0
598 4538.0
599 4538.0
600 4538.0
601 4538.0
602 4538.0
603 4538.0
604 4538.0
605 4538.0
606 4538.0
607 4538.0
608 4538.0
609 4538.0
610 4538.0
611 4538.0
612 4538.0
613 4538.0
614 4538.0
615 4538.0
616 4538.0
617 4538.0
618 4538.0
619 4538.0
620 4538.0
621 4538.0
622 4538.0
623 4538.0
624 4538.0
625 4538.0
626 4538.0
627 4538.0
628 4538.0
629 4538.0
630 4538.0
631 4538.0
632 4538.0
633 4538.0
634 4538.0
635 4538.0
636 4538.0
637 4538.0
638 4538.0
639 4538.0
640 4538.0
641 4538.0
642 4538.0
643 4538.0
644 4538.0
645 4538.0
646 4538.0
647 4538.0
648 4538.0
649 4538.0
650 4538.0
651 4538.0
652 4538.0
653 4538.0
654 4538.0
655 4538.0
656 4538.0
657 4538.0
658 4538.0
659 4538.0
660 4538.0
661 4538.0
662 4538.0
663 4538.0
664 4538.0
665 4538.0
666 4538.0
667 4538.0
668 4538.0
669 4538.0
670 4538.0
671 4538.0
672 4538.0
673 4538.0
674 4538.0
675 4538.0
676 4538.0
677 4538.0
678 4538.0
679 4538.0
680 4538.0
681 4538.0
682 4538.0
683 4538.0
684 4538.0
685 4538.0
686 4538.0
687 4538.0
688 4538.0
689 4538.0
690 4538.0
691 4538.0
692 4538.0
693 4538.0
694 4538.0
695 4538.0
696 4538.0
697 4538.0
698 4538.0
699 4538.0
700 4538.0
701 4538.0
702 4538.0
703 4538.0
704 4538.0
705 4538.0
706 4538.0
707 4538.0
708 4538.0
709 4538.0
710 4538.0
711 4538.0
712 4538.0
713 4538.0
714 4538.0
715 4538.0
716 4538.0
717 4538.0
718 4538.0
719 4538.0
720 4538.0
721 4538.0
722 4538.0
723 4538.0
724 4538.0
725 4538.0
726 4538.0
727 4538.0
728 4538.0
729 4538.0
730 4538.0
731 4538.0
732 4538.0
733 4538.0
734 4538.0
735 4538.0
736 4538.0
737 4538.0
738 4538.0
739 4538.0
740 4538.0
741 4538.0
742 4538.0
743 4538.0
744 4538.0
745 4538.0
746 4538.0
747 4538.0
748 4538.0
749 4538.0
750 4538.0
751 4538.0
752 4538.0
753 4538.0
