0 43661.0
1 42202.0
2 41336.0
3 41336.0
4 41336.0
5 41336.0
6 41336.0
7 41336.0
8 41336.0
9 41336.0
10 41336.0
11 34109.0
12 33849.0
13 33713.0
14 33713.0
15 33713.0
16 33713.0
17 32943.0
18 32688.0
19 32688.0
20 32688.0
21 32688.0
22 31678.0
23 31428.0
24 31428.0
25 31428.0
26 31428.0
27 31428.0
28 31428.0
29 31428.0
30 31428.0
31 31428.0
32 31428.0
33 31428.0
44 31428.0
45 30193.0
46 30193.0
47 30193.0
48 30193.0
49 22734.0
50 22734.0
51 22524.0
52 22524.0
53 22524.0
54 22315.0
55 22315.0
56 22315.0
57 22315.0
58 22315.0
59 22315.0
60 22315.0
61 22315.0
62 22315.0
63 22315.0
64 22315.0
75 22315.0
76 22315.0
77 22107.0
78 22107.0
79 22107.0
80 22107.0
81 22107.0
82 21489.0
83 21489.0
84 21489.0
85 21489.0
86 21489.0
87 21489.0
88 21489.0
89 21489.0
90 21489.0
91 21489.0
92 21489.0
103 19890.0
104 19890.0
105 19890.0
106 19890.0
107 19890.0
108 19890.0
109 19502.0
110 19502.0
111 19502.0
112 19502.0
113 19502.0
114 19502.0
115 19502.0
116 19502.0
117 19502.0
118 19502.0
119 19502.0
130 18542.0
131 18542.0
132 18542.0
133 18542.0
134 18542.0
135 18542.0
136 18542.0
137 18542.0
138 18542.0
139 18542.0
150 18732.0
151 18732.0
152 18542.0
153 17792.0
154 17792.0
155 17792.0
156 17792.0
157 17792.0
158 17792.0
159 17792.0
160 17792.0
161 17792.0
162 17792.0
163 16341.0
164 16341.0
165 16341.0
166 16341.0
167 16341.0
168 15810.0
169 15810.0
170 15765.0
171 15714.0
172 15714.0
173 15199.0
174 15199.0
175 15199.0
176 15199.0
177 15199.0
178 15199.0
179 15199.0
180 15199.0
181 15199.0
182 15199.0
183 15199.0
194 15541.0
195 15541.0
196 15541.0
197 15541.0
198 15541.0
199 15541.0
200 15541.0
201 15541.0
202 15541.0
203 15541.0
214 15541.0
215 15541.0
216 15541.0
217 15541.0
218 15541.0
219 15541.0
220 15541.0
221 15541.0
222 15541.0
223 15541.0
234 15714.0
235 15714.0
236 15714.0
237 15541.0
238 15541.0
239 15541.0
240 15541.0
241 15199.0
242 15199.0
243 15199.0
244 15199.0
245 15199.0
246 15199.0
247 15199.0
248 15199.0
249 15199.0
250 15199.0
251 15199.0
262 15541.0
263 15541.0
264 15541.0
265 15541.0
266 15541.0
267 15541.0
268 15541.0
269 15541.0
270 15541.0
271 15541.0
282 15369.0
283 15369.0
284 15369.0
285 15369.0
286 15369.0
287 15369.0
288 15369.0
289 15369.0
290 15369.0
291 15369.0
302 15541.0
303 15541.0
304 15541.0
305 15541.0
306 15541.0
307 15541.0
308 15369.0
309 15369.0
310 15369.0
311 15369.0
312 15369.0
313 15369.0
314 15369.0
315 15369.0
316 15369.0
317 15369.0
318 15369.0
329 14386.0
330 14386.0
331 14386.0
332 14386.0
333 14386.0
334 14386.0
335 14386.0
336 14386.0
337 14386.0
338 14386.0
349 14567.0
350 14567.0
351 14567.0
352 14567.0
353 14567.0
354 14567.0
355 14567.0
356 14567.0
357 14567.0
358 14567.0
369 14734.0
370 14567.0
371 14567.0
372 14567.0
373 14567.0
374 11147.0
375 11147.0
376 11147.0
377 11147.0
378 11147.0
379 11147.0
380 11147.0
381 11147.0
382 11147.0
383 11147.0
384 11147.0
395 3955.0
396 3955.0
397 3955.0
398 3955.0
399 3698.0
400 3698.0
401 3698.0
402 3698.0
403 3698.0
404 3698.0
405 3698.0
406 3698.0
407 3698.0
408 3698.0
409 3698.0
420 3746.0
421 3746.0
422 3746.0
423 3746.0
424 3746.0
425 3746.0
426 3746.0
427 3746.0
428 3746.0
429 3746.0
440 3821.0
441 3821.0
442 3821.0
443 3821.0
444 3821.0
445 3821.0
446 3821.0
447 3821.0
448 3821.0
449 3821.0
460 3821.0
461 3821.0
462 3821.0
463 3821.0
464 3821.0
465 3821.0
466 3821.0
467 3821.0
468 3821.0
469 3821.0
480 3821.0
481 3821.0
482 3821.0
483 3821.0
484 3821.0
485 3821.0
486 3821.0
487 3821.0
488 3821.0
489 3821.0
500 3746.0
501 3746.0
502 3746.0
503 3746.0
504 3746.0
505 3746.0
506 3746.0
507 3746.0
508 3746.0
509 3746.0
520 3821.0
521 3821.0
522 3821.0
523 3821.0
524 3821.0
525 3821.0
526 3821.0
527 3821.0
528 3821.0
529 3821.0
540 3675.0
541 3675.0
542 3675.0
543 3675.0
544 3675.0
545 3675.0
546 3675.0
547 3675.0
548 3675.0
549 3675.0
550 3675.0
561 3821.0
562 3747.0
563 3747.0
564 3747.0
565 3747.0
566 3747.0
567 3747.0
568 3747.0
569 3747.0
570 3747.0
571 3747.0
572 3747.0
583 3698.0
584 3698.0
585 3698.0
586 3698.0
587 3698.0
588 3698.0
589 3698.0
590 3698.0
591 3698.0
592 3698.0
603 3821.0
604 3821.0
605 3821.0
606 3821.0
607 3821.0
608 3821.0
609 3821.0
610 3821.0
611 3821.0
612 3821.0
623 3117.0
624 3117.0
625 3117.0
626 3117.0
627 3117.0
628 3117.0
629 3117.0
630 3117.0
631 3117.0
632 3117.0
633 3117.0
644 3377.0
645 3377.0
646 3377.0
647 3377.0
648 3377.0
649 3377.0
650 3377.0
651 3377.0
652 3377.0
653 3309.0
654 3309.0
655 3309.0
656 3309.0
657 3309.0
658 3309.0
659 3309.0
660 3309.0
661 3309.0
662 3309.0
663 3309.0
674 3243.0
675 3243.0
676 3243.0
677 3243.0
678 3243.0
679 3243.0
680 3243.0
681 3243.0
682 3243.0
683 3243.0
694 3309.0
695 3309.0
696 3309.0
697 3309.0
698 3309.0
699 3309.0
700 3309.0
701 3309.0
702 3309.0
703 3179.0
704 3179.0
705 3179.0
706 3179.0
707 3179.0
708 3179.0
709 3179.0
710 3179.0
711 3179.0
712 3179.0
713 3179.0
724 3309.0
725 3309.0
726 3309.0
727 3309.0
728 3309.0
729 3309.0
730 3309.0
731 3309.0
732 3309.0
733 3309.0
744 3377.0
745 3377.0
746 3377.0
747 3377.0
748 3377.0
749 3377.0
750 3377.0
751 3377.0
752 3377.0
753 3117.0
754 3117.0
755 3117.0
756 3117.0
757 3117.0
758 3117.0
759 3117.0
760 3117.0
761 3117.0
762 3117.0
763 3117.0
774 3377.0
775 3377.0
776 3377.0
777 3377.0
778 3309.0
779 3309.0
780 3309.0
781 3309.0
782 3243.0
783 3243.0
784 3243.0
785 3243.0
786 3243.0
787 3243.0
788 3243.0
789 3243.0
790 3243.0
791 3243.0
792 3243.0
803 3243.0
804 3243.0
805 3243.0
806 3243.0
807 3243.0
808 3243.0
809 3243.0
810 3243.0
811 3243.0
812 3243.0
813 3243.0
824 2996.0
825 2996.0
826 2996.0
827 2996.0
828 2996.0
829 2996.0
830 2996.0
831 2996.0
832 2996.0
833 2996.0
834 2996.0
845 2876.0
846 2876.0
847 2876.0
848 2876.0
849 2876.0
850 2876.0
851 2876.0
852 2876.0
853 2876.0
854 2876.0
865 3059.0
866 3059.0
867 3059.0
868 3059.0
869 3059.0
870 3059.0
871 3059.0
872 3059.0
873 2874.0
874 2874.0
875 2874.0
876 2874.0
877 2874.0
878 2874.0
879 2874.0
880 2874.0
881 2874.0
882 2874.0
883 2874.0
894 3059.0
895 3059.0
896 3059.0
897 3059.0
898 3059.0
899 3059.0
900 3059.0
901 3059.0
902 2996.0
903 2996.0
904 2996.0
905 2996.0
906 2996.0
907 2996.0
908 2996.0
909 2996.0
910 2996.0
911 2996.0
912 2996.0
923 2996.0
924 2996.0
925 2996.0
926 2996.0
927 2996.0
928 2996.0
929 2996.0
930 2996.0
931 2996.0
932 2996.0
943 3059.0
944 3059.0
945 3059.0
946 3059.0
947 3059.0
948 2996.0
949 2996.0
950 2996.0
951 2996.0
952 2996.0
953 2996.0
954 2996.0
955 2996.0
956 2996.0
957 2996.0
958 2996.0
969 3059.0
970 3059.0
971 3059.0
972 3059.0
973 3059.0
974 3059.0
975 2996.0
976 2996.0
977 2996.0
978 2996.0
979 2996.0
980 2996.0
981 2996.0
982 2996.0
983 2996.0
984 2996.0
985 2996.0
996 3443.0
997 3443.0
998 3443.0
999 3443.0
1000 3443.0
1001 3443.0
1002 3443.0
1003 1706.0
1004 1706.0
1005 1706.0
1006 1706.0
1007 1706.0
1008 1706.0
1009 1706.0
1010 1706.0
1011 1706.0
1012 1706.0
1013 1706.0
1024 1706.0
1025 1706.0
1026 1706.0
1027 1706.0
1028 1706.0
1029 1706.0
1030 1706.0
1031 1706.0
1032 1706.0
1033 1706.0
1044 1721.0
1045 1721.0
1046 1719.0
1047 1719.0
1048 1709.0
1049 1692.0
1050 1692.0
1051 1692.0
1052 1692.0
1053 1199.0
1054 1199.0
1055 1199.0
1056 1199.0
1057 1199.0
1058 1199.0
1059 1199.0
1060 1199.0
1061 1199.0
1062 1199.0
1063 1199.0
1074 1336.0
1075 1336.0
1076 1336.0
1077 1336.0
1078 1336.0
1079 1336.0
1080 1336.0
1081 1336.0
1082 1336.0
1083 1336.0
1094 1337.0
1095 1337.0
1096 1337.0
1097 1337.0
1098 1337.0
1099 1337.0
1100 1337.0
1101 1337.0
1102 1337.0
1103 1337.0
1114 1342.0
1115 1342.0
1116 1342.0
1117 1336.0
1118 1336.0
1119 1336.0
1120 1336.0
1121 1336.0
1122 1199.0
1123 1199.0
1124 1199.0
1125 1199.0
1126 1199.0
1127 1199.0
1128 1199.0
1129 1199.0
1130 1199.0
1131 1199.0
1132 1199.0
1143 1059.0
1144 1059.0
1145 1059.0
1146 1059.0
1147 1059.0
1148 1059.0
1149 1059.0
1150 1059.0
1151 1059.0
1152 1059.0
1163 1274.0
1164 1274.0
1165 1274.0
1166 1274.0
1167 1274.0
1168 1274.0
1169 1274.0
1170 1274.0
1171 1274.0
1172 1274.0
1183 1274.0
1184 1274.0
1185 1274.0
1186 1274.0
1187 1274.0
1188 1274.0
1189 1274.0
1190 1274.0
1191 1274.0
1192 1274.0
1203 1274.0
1204 1274.0
1205 1274.0
1206 1274.0
1207 1274.0
1208 1274.0
1209 1274.0
1210 1274.0
1211 1274.0
1212 1274.0
1223 1274.0
1224 1274.0
1225 1274.0
1226 1270.0
1227 1270.0
1228 1270.0
1229 1270.0
1230 1270.0
1231 1270.0
1232 1270.0
1233 1270.0
1234 1270.0
1235 1270.0
1236 1270.0
1247 1274.0
1248 1274.0
1249 1274.0
1250 1274.0
1251 1274.0
1252 1274.0
1253 1274.0
1254 1274.0
1255 1274.0
1256 1274.0
1267 1274.0
1268 1274.0
1269 1274.0
1270 1274.0
1271 1274.0
1272 1274.0
1273 1274.0
1274 1274.0
1275 1274.0
1276 1274.0
1287 1274.0
1288 1274.0
1289 1274.0
1290 1274.0
1291 1274.0
1292 1274.0
1293 1274.0
1294 1274.0
1295 1274.0
1296 1274.0
1307 1274.0
1308 1274.0
1309 1274.0
1310 1274.0
1311 1274.0
1312 1274.0
1313 1274.0
1314 1274.0
1315 1274.0
1316 1274.0
1327 1280.0
1328 1280.0
1329 1280.0
1330 1280.0
1331 1246.0
1332 1240.0
1333 1240.0
1334 1240.0
1335 1240.0
1336 1240.0
1337 1240.0
1338 1240.0
1339 1240.0
1340 1240.0
1341 1240.0
1342 1240.0
1353 1280.0
1354 1280.0
1355 1280.0
1356 1280.0
1357 1280.0
1358 1280.0
1359 1280.0
1360 1280.0
1361 1280.0
1362 1280.0
1373 1280.0
1374 1274.0
1375 1274.0
1376 1274.0
1377 1274.0
1378 1274.0
1379 1274.0
1380 1274.0
1381 1274.0
1382 1274.0
1383 1274.0
1384 1274.0
1395 1045.0
1396 1045.0
1397 1045.0
1398 1045.0
1399 1045.0
1400 1045.0
1401 1045.0
1402 1045.0
1403 1045.0
1404 1045.0
1415 1500.0
1416 1500.0
1417 1500.0
1418 1500.0
1419 1500.0
1420 1500.0
1421 1500.0
1422 1500.0
1423 1500.0
1424 1500.0
1435 1497.0
1436 1497.0
1437 1497.0
1438 1497.0
1439 1497.0
1440 1497.0
1441 1497.0
1442 1497.0
1443 1497.0
1444 1497.0
1455 1497.0
1456 1497.0
1457 1497.0
1458 1497.0
1459 1497.0
1460 1497.0
1461 1497.0
1462 1497.0
1463 1497.0
1464 1497.0
1475 1504.0
1476 1504.0
1477 1504.0
1478 1504.0
1479 1504.0
1480 1504.0
1481 1504.0
1482 1504.0
1483 1504.0
1484 1504.0
1495 1124.0
1496 1124.0
1497 1124.0
1498 1124.0
1499 1124.0
1500 1124.0
1501 1124.0
1502 1124.0
1503 1124.0
1504 1124.0
1515 1312.0
1516 1312.0
1517 1312.0
1518 1312.0
1519 1312.0
1520 1312.0
1521 1312.0
1522 1312.0
1523 1312.0
1524 1312.0
1535 1326.0
1536 1326.0
1537 1326.0
1538 1326.0
1539 1326.0
1540 1326.0
1541 1326.0
1542 1326.0
1543 1326.0
1544 1326.0
1555 1002.0
1556 1002.0
1557 1002.0
1558 1002.0
1559 1002.0
1560 1002.0
1561 1002.0
1562 1002.0
1563 1002.0
1564 1002.0
1575 1116.0
1576 1116.0
1577 1116.0
1578 1116.0
1579 1116.0
1580 1116.0
1581 1116.0
1582 1116.0
1583 1116.0
1584 1116.0
1595 899.0
1596 899.0
1597 899.0
1598 899.0
1599 899.0
1600 899.0
1601 899.0
1602 899.0
1603 899.0
1604 899.0
1615 1100.0
1616 1100.0
1617 1100.0
1618 1100.0
1619 1075.0
1620 1075.0
1621 1075.0
1622 1075.0
1623 1075.0
1624 1075.0
1625 1075.0
1626 1075.0
1627 1075.0
1628 1075.0
1629 1075.0
1640 907.0
1641 907.0
1642 907.0
1643 907.0
1644 907.0
1645 907.0
1646 907.0
1647 907.0
1648 907.0
1649 907.0
1660 1051.0
1661 1051.0
1662 1051.0
1663 1051.0
1664 1051.0
1665 1051.0
1666 1051.0
1667 1051.0
1668 1051.0
1669 1051.0
1680 1051.0
1681 1051.0
1682 1051.0
1683 1051.0
1684 1051.0
1685 908.0
1686 908.0
1687 908.0
1688 908.0
1689 908.0
1690 908.0
1691 908.0
1692 908.0
1693 908.0
1694 908.0
1695 908.0
1706 1034.0
1707 1034.0
1708 1034.0
1709 1034.0
1710 1018.0
1711 1018.0
1712 1018.0
1713 1018.0
1714 1018.0
1715 1018.0
1716 1018.0
1717 1018.0
1718 1018.0
1719 1018.0
1720 1018.0
1731 1057.0
1732 1057.0
1733 1051.0
1734 1051.0
1735 1049.0
1736 1049.0
1737 1048.0
1738 1048.0
1739 1048.0
1740 1048.0
1741 1048.0
1742 1048.0
1743 1048.0
1744 1048.0
1745 1048.0
1746 1048.0
1747 1025.0
1748 1025.0
1749 1025.0
1750 1025.0
1751 1025.0
1752 1025.0
1753 1025.0
1754 1025.0
1755 1025.0
1756 1025.0
1757 1025.0
1768 1026.0
1769 1026.0
1770 1026.0
1771 1026.0
1772 1026.0
1773 1026.0
1774 1026.0
1775 1026.0
1776 1026.0
1777 1026.0
1788 1025.0
1789 1025.0
1790 1025.0
1791 1025.0
1792 1025.0
1793 1025.0
1794 1025.0
1795 1025.0
1796 1025.0
1797 1025.0
1808 1026.0
1809 1026.0
1810 1026.0
1811 1026.0
1812 1026.0
1813 1026.0
1814 990.0
1815 990.0
1816 990.0
1817 990.0
1818 990.0
1819 990.0
1820 990.0
1821 990.0
1822 990.0
1823 990.0
1824 990.0
1835 896.0
1836 896.0
1837 896.0
1838 896.0
1839 896.0
1840 896.0
1841 896.0
1842 896.0
1843 896.0
1844 896.0
1855 1010.0
1856 1010.0
1857 1010.0
1858 1010.0
1859 1010.0
1860 1010.0
1861 1010.0
1862 1010.0
1863 1010.0
1864 1010.0
1875 869.0
1876 869.0
1877 869.0
1878 869.0
1879 869.0
1880 869.0
1881 869.0
1882 869.0
1883 869.0
1884 869.0
1895 932.0
1896 932.0
1897 932.0
1898 932.0
1899 932.0
1900 932.0
1901 932.0
1902 932.0
1903 932.0
1904 932.0
1905 932.0
1916 973.0
1917 973.0
1918 973.0
1919 973.0
1920 973.0
1921 973.0
1922 973.0
1923 973.0
1924 973.0
1925 973.0
1936 1010.0
1937 1010.0
1938 1010.0
1939 1010.0
1940 1010.0
1941 1010.0
1942 1010.0
1943 1010.0
1944 1010.0
1945 1010.0
1956 1010.0
1957 1010.0
1958 1010.0
1959 1010.0
1960 1010.0
1961 1010.0
1962 1010.0
1963 1010.0
1964 1010.0
1965 1010.0
1976 1010.0
1977 1010.0
1978 1010.0
1979 1010.0
1980 1010.0
1981 1010.0
1982 1010.0
1983 1010.0
1984 1010.0
1985 1010.0
1996 979.0
1997 979.0
1998 979.0
1999 979.0
2000 979.0
2001 979.0
2002 979.0
2003 979.0
2004 979.0
2005 979.0
2006 979.0
2017 896.0
2018 896.0
2019 896.0
2020 896.0
2021 896.0
2022 896.0
2023 896.0
2024 896.0
2025 896.0
2026 896.0
2037 979.0
2038 979.0
2039 979.0
2040 979.0
2041 979.0
2042 979.0
2043 979.0
2044 979.0
2045 979.0
2046 979.0
2057 1012.0
2058 1012.0
2059 1012.0
2060 1012.0
2061 1012.0
2062 1012.0
2063 1012.0
2064 1012.0
2065 1012.0
2066 1012.0
2077 1010.0
2078 1010.0
2079 1010.0
2080 849.0
2081 849.0
2082 849.0
2083 849.0
2084 849.0
2085 849.0
2086 849.0
2087 849.0
2088 849.0
2089 849.0
2090 849.0
2101 1012.0
2102 1012.0
2103 1012.0
2104 1012.0
2105 997.0
2106 997.0
2107 997.0
2108 997.0
2109 997.0
2110 997.0
2111 997.0
2112 997.0
2113 997.0
2114 997.0
2115 997.0
2126 1010.0
2127 1010.0
2128 1010.0
2129 1010.0
2130 1009.0
2131 1009.0
2132 1009.0
2133 1009.0
2134 1009.0
2135 1009.0
2136 1009.0
2137 1009.0
2138 1009.0
2139 1009.0
2140 1009.0
2151 1012.0
2152 1012.0
2153 1012.0
2154 1010.0
2155 1010.0
2156 1010.0
2157 1010.0
2158 1010.0
2159 1010.0
2160 1010.0
2161 1010.0
2162 1010.0
2163 1010.0
2164 1010.0
2175 973.0
2176 973.0
2177 973.0
2178 973.0
2179 973.0
2180 973.0
2181 973.0
2182 973.0
2183 973.0
2184 973.0
2185 973.0
2196 932.0
2197 932.0
2198 932.0
2199 932.0
2200 932.0
2201 932.0
2202 932.0
2203 932.0
2204 932.0
2205 932.0
2216 868.0
2217 868.0
2218 868.0
2219 868.0
2220 868.0
2221 868.0
2222 868.0
2223 868.0
2224 868.0
2225 868.0
2236 1012.0
2237 1012.0
2238 1012.0
2239 1012.0
2240 1012.0
2241 1012.0
2242 979.0
2243 979.0
2244 979.0
2245 979.0
2246 979.0
2247 979.0
2248 979.0
2249 979.0
2250 979.0
2251 979.0
2252 979.0
2263 973.0
2264 973.0
2265 973.0
2266 973.0
2267 973.0
2268 973.0
2269 973.0
2270 973.0
2271 973.0
2272 973.0
2283 995.0
2284 995.0
2285 995.0
2286 995.0
2287 995.0
2288 995.0
2289 995.0
2290 995.0
2291 995.0
2292 995.0
2303 1010.0
2304 1010.0
2305 1010.0
2306 904.0
2307 904.0
2308 904.0
2309 904.0
2310 904.0
2311 904.0
2312 904.0
2313 904.0
2314 904.0
2315 904.0
2316 904.0
2327 1012.0
2328 1012.0
2329 1012.0
2330 1012.0
2331 1010.0
2332 1010.0
2333 1010.0
2334 1010.0
2335 1010.0
2336 1010.0
2337 1010.0
2338 1010.0
2339 1010.0
2340 1010.0
2341 1010.0
2352 896.0
2353 896.0
2354 896.0
2355 896.0
2356 896.0
2357 896.0
2358 896.0
2359 896.0
2360 896.0
2361 896.0
2372 1024.0
2373 1012.0
2374 1012.0
2375 1012.0
2376 1012.0
2377 1012.0
2378 1012.0
2379 1012.0
2380 1012.0
2381 1012.0
2382 1012.0
2383 1012.0
2394 991.0
2395 991.0
2396 991.0
2397 991.0
2398 991.0
2399 991.0
2400 991.0
2401 991.0
2402 991.0
2403 991.0
2414 979.0
2415 979.0
2416 979.0
2417 979.0
2418 979.0
2419 979.0
2420 979.0
2421 979.0
2422 979.0
2423 979.0
2434 1010.0
2435 1010.0
2436 1010.0
2437 1010.0
2438 1010.0
2439 1010.0
2440 1010.0
2441 1010.0
2442 1010.0
2443 1010.0
2454 1012.0
2455 1010.0
2456 1010.0
2457 1010.0
2458 1010.0
2459 1010.0
2460 1010.0
2461 1010.0
2462 1010.0
2463 1010.0
2464 1010.0
2465 1010.0
2476 995.0
2477 995.0
2478 995.0
2479 995.0
2480 995.0
2481 995.0
2482 995.0
2483 995.0
2484 896.0
2485 896.0
2486 896.0
2487 896.0
2488 896.0
2489 896.0
2490 896.0
2491 896.0
2492 896.0
2493 896.0
2494 896.0
2505 995.0
2506 995.0
2507 995.0
2508 995.0
2509 995.0
2510 995.0
2511 995.0
2512 995.0
2513 995.0
2514 995.0
2525 997.0
2526 997.0
2527 997.0
2528 997.0
2529 997.0
2530 997.0
2531 997.0
2532 973.0
2533 973.0
2534 973.0
2535 973.0
2536 973.0
2537 973.0
2538 973.0
2539 973.0
2540 973.0
2541 973.0
2542 973.0
2553 995.0
2554 995.0
2555 995.0
2556 995.0
2557 995.0
2558 995.0
2559 995.0
2560 995.0
2561 995.0
2562 995.0
2573 995.0
2574 995.0
2575 995.0
2576 995.0
2577 995.0
2578 995.0
2579 995.0
2580 995.0
2581 995.0
2582 995.0
2593 1012.0
2594 1012.0
2595 1012.0
2596 1012.0
2597 1012.0
2598 1012.0
2599 1012.0
2600 1012.0
2601 1012.0
2602 1010.0
2603 1010.0
2604 1010.0
2605 1010.0
2606 1010.0
2607 1010.0
2608 1010.0
2609 1010.0
2610 1010.0
2611 1010.0
2612 1010.0
2623 995.0
2624 995.0
2625 995.0
2626 995.0
2627 995.0
2628 995.0
2629 995.0
2630 995.0
2631 995.0
2632 995.0
2643 1012.0
2644 985.0
2645 985.0
2646 985.0
2647 985.0
2648 985.0
2649 985.0
2650 985.0
2651 985.0
2652 985.0
2653 985.0
2654 985.0
2665 1010.0
2666 1010.0
2667 1010.0
2668 1010.0
2669 1010.0
2670 1010.0
2671 1010.0
2672 932.0
2673 932.0
2674 932.0
2675 932.0
2676 932.0
2677 932.0
2678 932.0
2679 932.0
2680 932.0
2681 932.0
2682 932.0
2693 995.0
2694 995.0
2695 995.0
2696 995.0
2697 995.0
2698 995.0
2699 995.0
2700 995.0
2701 995.0
2702 995.0
2713 979.0
2714 979.0
2715 979.0
2716 979.0
2717 979.0
2718 869.0
2719 869.0
2720 869.0
2721 869.0
2722 869.0
2723 869.0
2724 869.0
2725 869.0
2726 869.0
2727 869.0
2728 869.0
2739 1012.0
2740 1012.0
2741 1012.0
2742 1010.0
2743 1010.0
2744 1010.0
2745 979.0
2746 979.0
2747 979.0
2748 979.0
2749 869.0
2750 869.0
2751 869.0
2752 869.0
2753 869.0
2754 869.0
2755 869.0
2756 869.0
2757 868.0
2758 868.0
2759 868.0
2760 868.0
2761 868.0
2762 868.0
2763 868.0
2764 868.0
2765 868.0
2766 868.0
2767 868.0
2778 932.0
2779 932.0
2780 932.0
2781 932.0
2782 932.0
2783 932.0
2784 932.0
2785 932.0
2786 932.0
2787 932.0
2798 1012.0
2799 1012.0
2800 1012.0
2801 1005.0
2802 1005.0
2803 1005.0
2804 1005.0
2805 1005.0
2806 1005.0
2807 1005.0
2808 1005.0
2809 1005.0
2810 1005.0
2811 1005.0
2822 1010.0
2823 1010.0
2824 1010.0
2825 1010.0
2826 1010.0
2827 1010.0
2828 1010.0
2829 1010.0
2830 1010.0
2831 1010.0
2842 1010.0
2843 995.0
2844 995.0
2845 995.0
2846 995.0
2847 995.0
2848 995.0
2849 995.0
2850 995.0
2851 995.0
2852 995.0
2853 995.0
2864 973.0
2865 973.0
2866 973.0
2867 973.0
2868 973.0
2869 973.0
2870 973.0
2871 973.0
2872 973.0
2873 973.0
2874 973.0
2885 995.0
2886 995.0
2887 995.0
2888 995.0
2889 995.0
2890 995.0
2891 995.0
2892 995.0
2893 932.0
2894 932.0
2895 932.0
2896 932.0
2897 932.0
2898 932.0
2899 932.0
2900 932.0
2901 932.0
2902 932.0
2903 932.0
2914 869.0
2915 869.0
2916 869.0
2917 869.0
2918 869.0
2919 869.0
2920 869.0
2921 869.0
2922 869.0
2923 869.0
2934 1010.0
2935 997.0
2936 997.0
2937 997.0
2938 997.0
2939 997.0
2940 997.0
2941 997.0
2942 997.0
2943 997.0
2944 997.0
2945 997.0
2956 1010.0
2957 995.0
2958 995.0
2959 995.0
2960 995.0
2961 995.0
2962 995.0
2963 995.0
2964 995.0
2965 995.0
2966 995.0
2967 995.0
2978 973.0
2979 973.0
2980 973.0
2981 973.0
2982 973.0
2983 973.0
2984 973.0
2985 973.0
2986 973.0
2987 973.0
2998 1012.0
2999 1012.0
3000 1012.0
3001 1012.0
3002 1012.0
3003 979.0
3004 979.0
3005 979.0
3006 979.0
3007 979.0
3008 979.0
3009 979.0
3010 979.0
3011 979.0
3012 979.0
3013 979.0
3024 979.0
3025 979.0
3026 979.0
3027 979.0
3028 979.0
3029 979.0
3030 979.0
3031 979.0
3032 979.0
3033 979.0
3044 1010.0
3045 1010.0
3046 1010.0
3047 1010.0
3048 1010.0
3049 1010.0
3050 1010.0
3051 1010.0
3052 1010.0
3053 1010.0
3064 1010.0
3065 1010.0
3066 1010.0
3067 1010.0
3068 1010.0
3069 1010.0
3070 1010.0
3071 1010.0
3072 1010.0
3073 1010.0
3084 995.0
3085 995.0
3086 995.0
3087 995.0
3088 995.0
3089 995.0
3090 995.0
3091 995.0
3092 995.0
3093 995.0
3104 849.0
3105 849.0
3106 849.0
3107 849.0
3108 849.0
3109 849.0
3110 849.0
3111 849.0
3112 849.0
3113 849.0
3114 849.0
3125 904.0
3126 904.0
3127 904.0
3128 904.0
3129 904.0
3130 904.0
3131 904.0
3132 904.0
3133 904.0
3134 904.0
3145 1012.0
3146 1012.0
3147 1010.0
3148 1010.0
3149 1010.0
3150 1010.0
3151 1010.0
3152 1010.0
3153 995.0
3154 995.0
3155 995.0
3156 849.0
3157 849.0
3158 849.0
3159 849.0
3160 849.0
3161 849.0
3162 849.0
3163 849.0
3164 849.0
3165 849.0
3166 849.0
3177 973.0
3178 973.0
3179 973.0
3180 973.0
3181 973.0
3182 973.0
3183 973.0
3184 973.0
3185 973.0
3186 973.0
3197 1010.0
3198 1010.0
3199 1010.0
3200 1010.0
3201 1010.0
3202 1010.0
3203 1010.0
3204 1010.0
3205 1010.0
3206 1010.0
3217 1010.0
3218 1010.0
3219 1010.0
3220 1010.0
3221 1010.0
3222 1010.0
3223 995.0
3224 979.0
3225 979.0
3226 979.0
3227 979.0
3228 979.0
3229 979.0
3230 979.0
3231 979.0
3232 979.0
3233 979.0
3234 979.0
3245 1012.0
3246 1012.0
3247 1010.0
3248 1010.0
3249 1010.0
3250 1010.0
3251 1010.0
3252 1010.0
3253 1010.0
3254 1010.0
3255 1010.0
3256 1010.0
3257 1010.0
3268 979.0
3269 979.0
3270 973.0
3271 973.0
3272 973.0
3273 973.0
3274 973.0
3275 973.0
3276 973.0
3277 973.0
3278 973.0
3279 973.0
3280 973.0
3291 904.0
3292 904.0
3293 904.0
3294 904.0
3295 904.0
3296 904.0
3297 904.0
3298 904.0
3299 904.0
3300 904.0
3311 973.0
3312 973.0
3313 973.0
3314 973.0
3315 973.0
3316 973.0
3317 973.0
3318 973.0
3319 973.0
3320 973.0
3331 1010.0
3332 1010.0
3333 1010.0
3334 1010.0
3335 979.0
3336 979.0
3337 979.0
3338 979.0
3339 979.0
3340 979.0
3341 979.0
3342 979.0
3343 979.0
3344 979.0
3345 979.0
3356 904.0
3357 904.0
3358 904.0
3359 904.0
3360 904.0
3361 904.0
3362 904.0
3363 904.0
3364 904.0
3365 904.0
3376 1010.0
3377 1010.0
3378 1010.0
3379 1010.0
3380 1010.0
3381 997.0
3382 997.0
3383 997.0
3384 997.0
3385 997.0
3386 997.0
3387 997.0
3388 997.0
3389 997.0
3390 997.0
3391 997.0
3402 997.0
3403 997.0
3404 997.0
3405 997.0
3406 997.0
3407 997.0
3408 997.0
3409 997.0
3410 997.0
3411 997.0
3422 995.0
3423 995.0
3424 995.0
3425 995.0
3426 995.0
3427 995.0
3428 995.0
3429 995.0
3430 995.0
3431 995.0
3442 995.0
3443 995.0
3444 995.0
3445 995.0
3446 995.0
3447 995.0
3448 995.0
3449 995.0
3450 995.0
3451 995.0
3462 1010.0
3463 1010.0
3464 1010.0
3465 1010.0
3466 1010.0
3467 1010.0
3468 1010.0
3469 1010.0
3470 1010.0
3471 1010.0
3482 1010.0
3483 1010.0
3484 1010.0
3485 1010.0
3486 1010.0
3487 1010.0
3488 1010.0
3489 1010.0
3490 1010.0
3491 1010.0
3502 1012.0
3503 1012.0
3504 1012.0
3505 1012.0
3506 1012.0
3507 1012.0
3508 1012.0
3509 1012.0
3510 1012.0
3511 1012.0
3522 904.0
3523 904.0
3524 904.0
3525 904.0
3526 904.0
3527 904.0
3528 904.0
3529 904.0
3530 904.0
3531 904.0
3542 1010.0
3543 1010.0
3544 1010.0
3545 1010.0
3546 1010.0
3547 1010.0
3548 1010.0
3549 1010.0
3550 1010.0
3551 1010.0
3562 1012.0
3563 1012.0
3564 1012.0
3565 1012.0
3566 1012.0
3567 1012.0
3568 1012.0
3569 1012.0
3570 1012.0
3571 1012.0
3582 1010.0
3583 997.0
3584 997.0
3585 997.0
3586 997.0
3587 997.0
3588 997.0
3589 997.0
3590 997.0
3591 997.0
3592 997.0
3593 997.0
3604 1012.0
3605 1012.0
3606 1012.0
3607 1012.0
3608 1012.0
3609 1012.0
3610 1012.0
3611 1012.0
3612 1012.0
3613 1012.0
3624 1010.0
3625 1010.0
3626 1010.0
3627 1010.0
3628 1010.0
3629 1010.0
3630 1010.0
3631 1010.0
3632 1010.0
3633 1010.0
3644 904.0
3645 904.0
3646 904.0
3647 904.0
3648 904.0
3649 904.0
3650 904.0
3651 904.0
3652 904.0
3653 904.0
3664 1010.0
3665 1010.0
3666 1010.0
3667 1010.0
3668 1010.0
3669 1010.0
3670 1010.0
3671 1010.0
3672 1010.0
3673 1010.0
3684 868.0
3685 868.0
3686 868.0
3687 868.0
3688 868.0
3689 868.0
3690 868.0
3691 868.0
3692 868.0
3693 868.0
3704 986.0
3705 986.0
3706 986.0
3707 986.0
3708 986.0
3709 986.0
3710 986.0
3711 986.0
3712 986.0
3713 986.0
3724 868.0
3725 868.0
3726 868.0
3727 868.0
3728 868.0
3729 868.0
3730 868.0
3731 868.0
3732 868.0
3733 868.0
3744 1010.0
3745 1010.0
3746 1010.0
3747 1010.0
3748 1010.0
3749 1010.0
3750 1010.0
3751 1010.0
3752 1010.0
3753 1010.0
3754 1010.0
3765 1018.0
3766 1018.0
3767 1018.0
3768 1018.0
3769 1018.0
3770 1010.0
3771 1010.0
3772 1010.0
3773 1010.0
3774 1010.0
3775 1010.0
3776 1010.0
3777 1010.0
3778 1010.0
3779 1010.0
3780 1010.0
3791 1012.0
3792 1012.0
3793 1012.0
3794 1012.0
3795 1012.0
3796 1012.0
3797 979.0
3798 979.0
3799 979.0
3800 979.0
3801 979.0
3802 979.0
3803 979.0
3804 979.0
3805 979.0
3806 979.0
3807 979.0
3818 979.0
3819 979.0
3820 979.0
3821 979.0
3822 979.0
3823 979.0
3824 979.0
3825 979.0
3826 979.0
3827 979.0
3838 849.0
3839 849.0
3840 849.0
3841 849.0
3842 849.0
3843 849.0
3844 849.0
3845 849.0
3846 849.0
3847 849.0
3848 849.0
3859 979.0
3860 979.0
3861 979.0
3862 979.0
3863 979.0
3864 979.0
3865 979.0
3866 979.0
3867 979.0
3868 979.0
3879 1010.0
3880 1010.0
3881 1010.0
3882 1010.0
3883 1010.0
3884 1010.0
3885 1010.0
3886 1010.0
3887 1010.0
3888 1010.0
3899 995.0
3900 995.0
3901 995.0
3902 995.0
3903 995.0
3904 995.0
3905 995.0
3906 995.0
3907 995.0
3908 995.0
3919 868.0
3920 868.0
3921 868.0
3922 868.0
3923 868.0
3924 868.0
3925 868.0
3926 868.0
3927 868.0
3928 868.0
3939 1005.0
3940 1005.0
3941 1005.0
3942 1005.0
3943 1005.0
3944 1005.0
3945 1005.0
3946 995.0
3947 995.0
3948 995.0
3949 995.0
3950 995.0
3951 995.0
3952 995.0
3953 995.0
3954 995.0
3955 995.0
3956 995.0
3967 1018.0
3968 1012.0
3969 1012.0
3970 1012.0
3971 1012.0
3972 1012.0
3973 1012.0
3974 1012.0
3975 1012.0
3976 1012.0
3977 1012.0
3978 1012.0
3989 1012.0
3990 1012.0
3991 1012.0
3992 1012.0
3993 932.0
3994 932.0
3995 932.0
3996 932.0
3997 932.0
3998 932.0
3999 932.0
4000 932.0
4001 932.0
4002 932.0
4003 932.0
4014 896.0
4015 896.0
4016 896.0
4017 896.0
4018 896.0
4019 896.0
4020 896.0
4021 896.0
4022 896.0
4023 896.0
4034 896.0
4035 896.0
4036 896.0
4037 896.0
4038 896.0
4039 896.0
4040 896.0
4041 896.0
4042 896.0
4043 896.0
4054 979.0
4055 979.0
4056 979.0
4057 979.0
4058 979.0
4059 904.0
4060 904.0
4061 904.0
4062 904.0
4063 904.0
4064 904.0
4065 904.0
4066 904.0
4067 904.0
4068 904.0
4069 904.0
4080 1012.0
4081 1012.0
4082 1012.0
4083 1012.0
4084 1012.0
4085 1012.0
4086 1012.0
4087 991.0
4088 991.0
4089 991.0
4090 991.0
4091 991.0
4092 991.0
4093 991.0
4094 991.0
4095 991.0
4096 973.0
4097 896.0
4098 896.0
4099 896.0
4100 896.0
4101 896.0
4102 896.0
4103 896.0
4104 896.0
4105 896.0
4106 896.0
4107 896.0
4118 1018.0
4119 1018.0
4120 1018.0
4121 904.0
4122 904.0
4123 904.0
4124 904.0
4125 904.0
4126 904.0
4127 904.0
4128 904.0
4129 904.0
4130 904.0
4131 904.0
4142 1010.0
4143 1010.0
4144 1010.0
4145 1010.0
4146 1010.0
4147 1010.0
4148 1010.0
4149 1010.0
4150 1010.0
4151 1010.0
4162 1010.0
4163 1010.0
4164 1010.0
4165 1010.0
4166 1010.0
4167 1010.0
4168 1010.0
4169 1005.0
4170 1005.0
4171 1005.0
4172 1005.0
4173 1005.0
4174 1005.0
4175 1005.0
4176 1005.0
4177 1005.0
4178 1005.0
4179 1005.0
4190 973.0
4191 973.0
4192 973.0
4193 973.0
4194 869.0
4195 869.0
4196 869.0
4197 869.0
4198 869.0
4199 869.0
4200 869.0
4201 869.0
4202 869.0
4203 869.0
4204 869.0
4215 1010.0
4216 1010.0
4217 1010.0
4218 1010.0
4219 1010.0
4220 1010.0
4221 1010.0
4222 1010.0
4223 1010.0
4224 1010.0
4235 1012.0
4236 1012.0
4237 1012.0
4238 1012.0
4239 1012.0
4240 1012.0
4241 1012.0
4242 1010.0
4243 1010.0
4244 1009.0
4245 1009.0
4246 1009.0
4247 1009.0
4248 1009.0
4249 1005.0
4250 1005.0
4251 1005.0
4252 1005.0
4253 1005.0
4254 1005.0
4255 1005.0
4256 1005.0
4257 1005.0
4258 1005.0
4259 1005.0
4270 1010.0
4271 1010.0
4272 1010.0
4273 997.0
4274 997.0
4275 997.0
4276 997.0
4277 997.0
4278 997.0
4279 997.0
4280 997.0
4281 997.0
4282 979.0
4283 979.0
4284 979.0
4285 979.0
4286 979.0
4287 979.0
4288 979.0
4289 979.0
4290 979.0
4291 979.0
4292 979.0
4303 1012.0
4304 1012.0
4305 1012.0
4306 1012.0
4307 1012.0
4308 985.0
4309 985.0
4310 985.0
4311 985.0
4312 985.0
4313 985.0
4314 985.0
4315 985.0
4316 985.0
4317 985.0
4318 985.0
4329 1009.0
4330 1009.0
4331 1009.0
4332 1009.0
4333 1009.0
4334 1009.0
4335 1009.0
4336 1009.0
4337 1009.0
4338 1009.0
4349 995.0
4350 904.0
4351 904.0
4352 904.0
4353 904.0
4354 904.0
4355 904.0
4356 904.0
4357 904.0
4358 904.0
4359 904.0
4360 904.0
4371 1010.0
4372 1010.0
4373 979.0
4374 979.0
4375 979.0
4376 979.0
4377 979.0
4378 979.0
4379 979.0
4380 979.0
4381 979.0
4382 979.0
4383 979.0
4394 991.0
4395 979.0
4396 979.0
4397 979.0
4398 979.0
4399 979.0
4400 979.0
4401 979.0
4402 979.0
4403 979.0
4404 979.0
4405 979.0
4416 1010.0
4417 1010.0
4418 1010.0
4419 1010.0
4420 1010.0
4421 1010.0
4422 1010.0
4423 1010.0
4424 1010.0
4425 1010.0
4436 1010.0
4437 1010.0
4438 1010.0
4439 995.0
4440 995.0
4441 995.0
4442 995.0
4443 995.0
4444 995.0
4445 995.0
4446 995.0
4447 995.0
4448 995.0
4449 995.0
4460 1010.0
4461 1010.0
4462 1010.0
4463 1010.0
4464 932.0
4465 932.0
4466 932.0
4467 932.0
4468 932.0
4469 932.0
4470 932.0
4471 932.0
4472 932.0
4473 932.0
4474 932.0
4485 995.0
4486 995.0
4487 995.0
4488 995.0
4489 995.0
4490 995.0
4491 995.0
4492 995.0
4493 973.0
4494 973.0
4495 973.0
4496 973.0
4497 973.0
4498 973.0
4499 973.0
4500 973.0
4501 973.0
4502 973.0
4503 973.0
4514 991.0
4515 991.0
4516 991.0
4517 991.0
4518 991.0
4519 991.0
4520 991.0
4521 991.0
4522 991.0
4523 991.0
4534 1010.0
4535 1009.0
4536 1009.0
4537 1009.0
4538 1009.0
4539 1009.0
4540 1009.0
4541 1009.0
4542 1009.0
4543 1009.0
4544 1009.0
4545 1009.0
4556 869.0
4557 869.0
4558 869.0
4559 869.0
4560 869.0
4561 869.0
4562 869.0
4563 869.0
4564 869.0
4565 869.0
4576 1012.0
4577 1012.0
4578 1012.0
4579 1012.0
4580 1012.0
4581 1012.0
4582 1012.0
4583 1012.0
4584 1012.0
4585 1012.0
4596 868.0
4597 868.0
4598 868.0
4599 868.0
4600 868.0
4601 868.0
4602 868.0
4603 868.0
4604 868.0
4605 868.0
4616 1010.0
4617 1010.0
4618 1010.0
4619 869.0
4620 869.0
4621 869.0
4622 869.0
4623 869.0
4624 869.0
4625 869.0
4626 869.0
4627 869.0
4628 869.0
4629 869.0
4640 973.0
4641 973.0
4642 973.0
4643 973.0
4644 973.0
4645 973.0
4646 973.0
4647 973.0
4648 973.0
4649 973.0
4660 1012.0
4661 1012.0
4662 1012.0
4663 1012.0
4664 1012.0
4665 1012.0
4666 1012.0
4667 1012.0
4668 1012.0
4669 1012.0
4680 849.0
4681 849.0
4682 849.0
4683 849.0
4684 849.0
4685 849.0
4686 849.0
4687 849.0
4688 849.0
4689 849.0
4700 1010.0
4701 1010.0
4702 1010.0
4703 1010.0
4704 1010.0
4705 1010.0
4706 1010.0
4707 1010.0
4708 1010.0
4709 1010.0
4720 904.0
4721 904.0
4722 904.0
4723 904.0
4724 904.0
4725 904.0
4726 904.0
4727 904.0
4728 904.0
4729 904.0
4740 1010.0
4741 1010.0
4742 1010.0
4743 1010.0
4744 1010.0
4745 1010.0
4746 1010.0
4747 1010.0
4748 1010.0
4749 1010.0
4760 991.0
4761 991.0
4762 991.0
4763 991.0
4764 991.0
4765 991.0
4766 991.0
4767 991.0
4768 991.0
4769 991.0
4780 868.0
4781 868.0
4782 868.0
4783 868.0
4784 868.0
4785 868.0
4786 868.0
4787 868.0
4788 868.0
4789 868.0
4800 1009.0
4801 1009.0
4802 1009.0
4803 1009.0
4804 1009.0
4805 1009.0
4806 1009.0
4807 1009.0
4808 1009.0
4809 1009.0
4820 991.0
4821 991.0
4822 991.0
4823 991.0
4824 991.0
4825 991.0
4826 991.0
4827 991.0
4828 991.0
4829 991.0
4840 1012.0
4841 1010.0
4842 1010.0
4843 1010.0
4844 1010.0
4845 1010.0
4846 1010.0
4847 1010.0
4848 1010.0
4849 1010.0
4850 1010.0
4851 1010.0
4862 979.0
4863 979.0
4864 979.0
4865 979.0
4866 979.0
4867 979.0
4868 979.0
4869 979.0
4870 979.0
4871 979.0
4882 1012.0
4883 1012.0
4884 1012.0
4885 1012.0
4886 1012.0
4887 1012.0
4888 1012.0
4889 1012.0
4890 1012.0
4891 1012.0
4892 1012.0
4903 868.0
4904 868.0
4905 868.0
4906 868.0
4907 868.0
4908 868.0
4909 868.0
4910 868.0
4911 868.0
4912 868.0
4923 1012.0
4924 1012.0
4925 1012.0
4926 1012.0
4927 1012.0
4928 1012.0
4929 1012.0
4930 1012.0
4931 1012.0
4932 1012.0
4943 995.0
4944 995.0
4945 995.0
4946 995.0
4947 995.0
4948 995.0
4949 995.0
4950 995.0
4951 995.0
4952 995.0
4963 1005.0
4964 1005.0
4965 1005.0
4966 1005.0
4967 1005.0
4968 1005.0
4969 1005.0
4970 868.0
4971 868.0
4972 868.0
4973 868.0
4974 868.0
4975 868.0
4976 868.0
4977 868.0
4978 868.0
4979 868.0
4980 868.0
4991 997.0
4992 997.0
4993 997.0
4994 997.0
4995 997.0
4996 997.0
4997 997.0
4998 995.0
4999 995.0
