0 48205.0
1 48205.0
2 48205.0
3 47895.0
4 47895.0
5 47895.0
6 47895.0
7 47895.0
8 38779.0
9 38502.0
10 38502.0
11 38250.0
12 38250.0
13 37975.0
14 37975.0
15 37975.0
16 37975.0
17 37975.0
18 37701.0
19 37701.0
20 37429.0
21 37429.0
22 37429.0
23 37429.0
24 37429.0
25 37429.0
26 36616.0
27 36349.0
28 36084.0
29 36084.0
30 36084.0
31 36084.0
32 36084.0
33 36084.0
34 36084.0
35 35817.0
36 35817.0
37 35022.0
38 35022.0
39 35022.0
40 33474.0
41 33474.0
42 33474.0
43 33474.0
44 33474.0
45 33474.0
46 33474.0
47 33474.0
48 33474.0
49 33474.0
50 33474.0
51 33474.0
52 33474.0
53 33474.0
54 32707.0
55 32707.0
56 32707.0
57 32707.0
58 32453.0
59 32453.0
60 32453.0
61 32453.0
62 32453.0
63 32453.0
64 32453.0
65 32453.0
66 32453.0
67 32453.0
68 32453.0
69 32453.0
70 32453.0
71 32453.0
72 32453.0
73 32453.0
74 32453.0
75 32453.0
76 32453.0
77 32453.0
78 32453.0
79 32453.0
80 32453.0
81 32453.0
82 32453.0
83 32453.0
84 32453.0
85 32453.0
86 32200.0
87 32200.0
88 30213.0
89 29726.0
90 29484.0
91 29484.0
92 29484.0
93 29484.0
94 29484.0
95 29004.0
96 29004.0
97 26889.0
98 26889.0
99 26889.0
100 22902.0
101 22902.0
102 22902.0
103 22902.0
104 22902.0
105 21647.0
106 21647.0
107 21647.0
108 21647.0
109 21647.0
110 21647.0
111 21647.0
112 21647.0
113 21647.0
114 21647.0
115 21647.0
116 21647.0
117 21647.0
118 21647.0
119 21647.0
120 21647.0
121 21647.0
122 21647.0
123 21647.0
124 21647.0
125 21647.0
126 21647.0
127 21647.0
128 21647.0
129 21647.0
130 21647.0
131 21647.0
132 21647.0
133 21647.0
134 21647.0
135 21647.0
136 21647.0
137 21447.0
138 21447.0
139 21447.0
140 21447.0
141 21447.0
142 21447.0
143 21447.0
144 21447.0
145 21447.0
146 21447.0
147 21447.0
148 21447.0
149 21447.0
150 21447.0
151 21447.0
152 21447.0
153 21447.0
154 21447.0
155 21447.0
156 21447.0
157 21447.0
158 21447.0
159 21447.0
160 21447.0
161 21038.0
162 21038.0
163 21038.0
164 21038.0
165 21038.0
166 21038.0
167 21038.0
168 21038.0
169 21038.0
170 21038.0
171 21038.0
172 21038.0
173 21038.0
174 21038.0
175 21038.0
176 21038.0
177 21038.0
178 21038.0
179 21038.0
180 21038.0
181 21038.0
182 21038.0
183 21038.0
184 21038.0
185 21038.0
186 21038.0
187 21038.0
188 21038.0
189 21038.0
190 21038.0
191 21038.0
192 21038.0
193 21038.0
194 21038.0
195 21038.0
196 21038.0
197 21038.0
198 21038.0
199 21038.0
200 21038.0
201 21038.0
202 21038.0
203 21038.0
204 21038.0
205 21038.0
206 21038.0
207 21038.0
208 21038.0
209 21038.0
210 21038.0
211 21038.0
212 21038.0
213 21038.0
214 21038.0
215 21038.0
216 21038.0
217 21038.0
218 21038.0
219 21038.0
220 21038.0
221 21038.0
222 21038.0
223 21038.0
224 21038.0
225 21038.0
226 21038.0
227 21038.0
228 21038.0
229 21038.0
230 21038.0
231 21038.0
232 21038.0
233 21038.0
234 21038.0
235 19837.0
236 19837.0
237 19837.0
238 19837.0
239 19055.0
240 19055.0
241 18100.0
242 18100.0
243 18100.0
244 18100.0
245 18100.0
246 18100.0
247 14739.0
248 14739.0
249 14739.0
250 14739.0
251 14739.0
252 14739.0
253 14739.0
254 14739.0
255 14739.0
256 14739.0
257 14739.0
258 14739.0
259 14739.0
260 14739.0
261 14739.0
262 14739.0
263 14739.0
264 14739.0
265 14739.0
266 14739.0
267 5348.0
268 5348.0
269 5348.0
270 5347.0
271 5347.0
272 5347.0
273 5347.0
274 5347.0
275 5347.0
276 5347.0
277 5347.0
278 5347.0
279 5347.0
280 5347.0
281 5347.0
282 5347.0
283 5347.0
284 5347.0
285 5347.0
286 5347.0
287 5347.0
288 5347.0
289 5347.0
290 5347.0
291 5347.0
292 5347.0
293 5347.0
294 5347.0
295 5347.0
296 5347.0
297 5347.0
298 5347.0
299 5347.0
300 5347.0
301 5347.0
302 5347.0
303 5347.0
304 5347.0
305 5347.0
306 5347.0
307 5347.0
308 5347.0
309 5347.0
310 5347.0
311 5347.0
312 5347.0
313 5347.0
314 5347.0
315 5347.0
316 5347.0
317 5347.0
318 5347.0
319 5347.0
320 5347.0
321 5347.0
322 5347.0
323 5347.0
324 5347.0
325 5347.0
326 5347.0
327 5347.0
328 5347.0
329 5347.0
330 5347.0
331 5347.0
332 5347.0
333 5347.0
334 5347.0
335 5347.0
336 5347.0
337 5347.0
338 5347.0
339 5347.0
340 5347.0
341 5347.0
342 5347.0
343 5347.0
344 5347.0
345 5347.0
346 5347.0
347 5318.0
348 5318.0
349 5318.0
350 5318.0
351 5318.0
352 5318.0
353 5318.0
354 5318.0
355 5318.0
356 5318.0
357 5318.0
358 5318.0
359 5318.0
360 5318.0
361 5318.0
362 5318.0
363 5318.0
364 5318.0
365 5318.0
366 5318.0
367 5318.0
368 5318.0
369 5318.0
370 5318.0
371 5318.0
372 5318.0
373 5318.0
374 5318.0
375 5318.0
376 5318.0
377 5318.0
378 5318.0
379 5318.0
380 5318.0
381 5318.0
382 5318.0
383 5318.0
384 5318.0
385 5318.0
386 5318.0
387 5318.0
388 5318.0
389 5318.0
390 5318.0
391 5318.0
392 5318.0
393 5318.0
394 5318.0
395 5318.0
396 5318.0
397 5318.0
398 5318.0
399 5318.0
400 5318.0
401 5318.0
402 5318.0
403 5318.0
404 5318.0
405 5318.0
406 5318.0
407 5318.0
408 5318.0
409 5318.0
410 4774.0
411 4774.0
412 4774.0
413 4774.0
414 4774.0
415 4774.0
416 4774.0
417 4774.0
418 4774.0
419 4774.0
420 4774.0
421 4774.0
422 4774.0
423 4774.0
424 4774.0
425 4774.0
426 4774.0
427 4774.0
428 4774.0
429 4774.0
430 4774.0
431 4774.0
432 3430.0
433 3430.0
434 3430.0
435 3430.0
436 3430.0
437 3430.0
438 3430.0
439 3430.0
440 3430.0
441 3430.0
442 3430.0
443 3430.0
444 3160.0
445 3160.0
446 3053.0
447 3053.0
448 3053.0
449 3053.0
450 3053.0
451 3000.0
452 2983.0
453 2983.0
454 2983.0
455 2983.0
456 2983.0
457 2983.0
458 2983.0
459 2983.0
460 2983.0
461 2983.0
462 2983.0
463 2983.0
464 2983.0
465 2983.0
466 2924.0
467 2924.0
468 2924.0
469 2924.0
470 2924.0
471 2924.0
472 2924.0
473 2924.0
474 2924.0
475 2924.0
476 2924.0
477 2924.0
478 2924.0
479 2924.0
480 2924.0
481 2924.0
482 2924.0
483 2924.0
484 2924.0
485 2924.0
486 2924.0
487 2924.0
488 2924.0
489 2924.0
490 2924.0
491 2924.0
492 2924.0
493 2924.0
494 2924.0
495 2924.0
496 2866.0
497 2866.0
498 2809.0
499 1341.0
500 1341.0
501 1341.0
502 1341.0
503 1341.0
504 1341.0
505 1341.0
506 1341.0
507 1341.0
508 1341.0
509 1150.0
510 1150.0
511 1150.0
512 1150.0
513 894.0
514 894.0
515 894.0
516 894.0
517 894.0
518 894.0
519 894.0
520 894.0
521 894.0
522 894.0
523 894.0
524 894.0
525 894.0
526 894.0
527 894.0
528 894.0
529 894.0
530 894.0
531 894.0
532 894.0
533 894.0
534 894.0
535 894.0
536 894.0
537 894.0
538 894.0
539 894.0
540 894.0
541 894.0
542 894.0
543 894.0
544 894.0
545 894.0
546 894.0
547 894.0
548 894.0
549 894.0
550 894.0
551 894.0
552 894.0
553 894.0
554 894.0
555 894.0
556 894.0
557 894.0
558 894.0
559 894.0
560 894.0
561 894.0
562 894.0
563 894.0
564 894.0
565 894.0
566 894.0
567 894.0
568 894.0
569 894.0
570 894.0
571 894.0
572 894.0
573 894.0
574 894.0
575 894.0
576 894.0
577 894.0
578 894.0
579 894.0
580 894.0
581 894.0
582 894.0
583 894.0
584 894.0
585 894.0
586 894.0
587 894.0
588 894.0
589 894.0
590 894.0
591 894.0
592 894.0
593 894.0
594 894.0
595 894.0
596 894.0
597 894.0
598 894.0
599 894.0
600 894.0
601 894.0
602 894.0
603 894.0
604 894.0
605 874.0
606 874.0
607 874.0
608 874.0
609 874.0
610 874.0
611 874.0
612 874.0
613 874.0
614 874.0
615 874.0
616 874.0
617 874.0
618 874.0
619 874.0
620 874.0
621 874.0
622 874.0
623 874.0
624 874.0
625 874.0
626 874.0
627 874.0
628 874.0
629 874.0
630 874.0
631 874.0
632 874.0
633 874.0
634 874.0
635 874.0
636 874.0
637 874.0
638 874.0
639 874.0
640 874.0
641 874.0
642 874.0
643 874.0
644 874.0
645 874.0
646 874.0
647 874.0
648 874.0
649 874.0
650 874.0
651 874.0
652 874.0
653 874.0
654 874.0
655 874.0
656 874.0
657 874.0
658 874.0
659 874.0
660 874.0
661 874.0
662 874.0
663 874.0
664 874.0
665 874.0
666 874.0
667 874.0
668 874.0
669 874.0
670 874.0
671 874.0
672 874.0
673 874.0
674 874.0
675 874.0
676 874.0
677 874.0
678 874.0
679 874.0
680 874.0
681 874.0
682 874.0
683 874.0
684 874.0
685 874.0
686 874.0
687 874.0
688 874.0
689 874.0
690 874.0
691 874.0
692 874.0
693 874.0
694 874.0
695 874.0
696 874.0
697 874.0
698 874.0
699 874.0
700 874.0
701 874.0
702 874.0
703 874.0
704 874.0
705 874.0
706 874.0
707 874.0
708 874.0
709 874.0
710 874.0
711 874.0
712 874.0
713 874.0
714 874.0
715 874.0
716 874.0
717 874.0
718 874.0
719 874.0
720 874.0
721 874.0
722 874.0
723 874.0
724 874.0
725 874.0
726 874.0
727 874.0
728 874.0
729 874.0
730 874.0
731 874.0
732 874.0
733 874.0
734 874.0
735 874.0
736 874.0
737 874.0
738 874.0
739 874.0
740 874.0
741 874.0
742 874.0
743 874.0
744 874.0
745 874.0
746 874.0
747 874.0
748 874.0
749 874.0
750 874.0
751 874.0
752 874.0
753 874.0
754 874.0
755 874.0
756 874.0
757 874.0
758 874.0
759 874.0
760 874.0
761 874.0
762 874.0
763 874.0
764 874.0
765 874.0
766 874.0
767 874.0
768 874.0
769 874.0
770 874.0
771 874.0
772 874.0
773 874.0
774 874.0
775 874.0
776 874.0
777 874.0
778 874.0
779 874.0
780 874.0
781 874.0
782 874.0
783 874.0
784 874.0
785 874.0
786 874.0
787 874.0
788 874.0
789 874.0
790 874.0
791 874.0
792 874.0
793 874.0
794 874.0
795 874.0
796 874.0
797 874.0
798 874.0
799 874.0
800 874.0
801 874.0
802 874.0
803 874.0
804 874.0
805 874.0
806 874.0
807 874.0
808 874.0
809 874.0
810 874.0
811 874.0
812 874.0
813 874.0
814 874.0
815 874.0
816 874.0
817 874.0
818 874.0
819 874.0
820 874.0
821 874.0
822 874.0
823 874.0
824 874.0
825 874.0
826 874.0
827 874.0
828 874.0
829 874.0
830 874.0
831 874.0
832 874.0
833 874.0
834 874.0
835 874.0
836 874.0
837 874.0
838 874.0
839 874.0
840 874.0
841 874.0
842 874.0
843 874.0
844 874.0
845 874.0
846 874.0
847 874.0
848 874.0
849 874.0
850 874.0
851 874.0
852 874.0
853 874.0
854 874.0
855 874.0
856 874.0
857 874.0
858 874.0
859 874.0
860 874.0
861 874.0
862 874.0
863 874.0
864 874.0
865 874.0
866 874.0
867 874.0
868 874.0
869 874.0
870 874.0
871 874.0
872 874.0
873 874.0
874 874.0
875 874.0
876 874.0
877 874.0
878 874.0
879 874.0
880 874.0
881 874.0
882 874.0
883 874.0
884 874.0
885 874.0
886 874.0
887 874.0
888 874.0
889 874.0
890 874.0
891 874.0
892 874.0
893 874.0
894 874.0
895 874.0
896 874.0
897 874.0
898 874.0
899 874.0
900 874.0
901 874.0
902 874.0
903 874.0
904 874.0
905 874.0
906 874.0
907 874.0
908 874.0
909 874.0
910 874.0
911 874.0
912 874.0
913 874.0
914 874.0
915 874.0
916 874.0
917 874.0
918 874.0
919 874.0
920 874.0
921 874.0
922 874.0
923 874.0
924 874.0
925 874.0
926 874.0
927 874.0
928 874.0
929 874.0
930 874.0
931 874.0
932 874.0
933 874.0
934 874.0
935 874.0
936 874.0
937 874.0
938 874.0
939 874.0
940 874.0
941 874.0
942 874.0
943 874.0
944 874.0
945 874.0
946 874.0
947 874.0
948 874.0
949 874.0
950 874.0
951 874.0
952 874.0
953 874.0
954 874.0
955 874.0
956 874.0
957 874.0
958 874.0
959 874.0
960 874.0
961 874.0
962 874.0
963 874.0
964 874.0
965 874.0
966 874.0
967 874.0
968 874.0
969 874.0
970 849.0
971 849.0
972 849.0
973 849.0
974 849.0
975 849.0
976 849.0
977 849.0
978 849.0
979 849.0
980 849.0
981 849.0
982 849.0
983 849.0
984 849.0
985 849.0
986 849.0
987 849.0
988 849.0
989 849.0
990 849.0
991 849.0
992 849.0
993 849.0
994 849.0
995 849.0
996 849.0
997 849.0
998 849.0
999 849.0
1000 849.0
1001 849.0
1002 849.0
1003 849.0
1004 849.0
1005 849.0
1006 849.0
1007 849.0
1008 849.0
1009 849.0
1010 849.0
1011 849.0
1012 849.0
1013 849.0
1014 849.0
1015 849.0
1016 849.0
1017 849.0
1018 849.0
1019 849.0
1020 849.0
1021 849.0
1022 849.0
1023 849.0
1024 849.0
1025 849.0
1026 849.0
1027 849.0
1028 849.0
1029 849.0
1030 849.0
1031 849.0
1032 849.0
1033 849.0
1034 849.0
1035 849.0
1036 849.0
1037 849.0
1038 849.0
1039 849.0
1040 849.0
1041 849.0
1042 849.0
1043 849.0
1044 849.0
1045 849.0
1046 849.0
1047 849.0
1048 849.0
1049 849.0
1050 849.0
1051 849.0
1052 849.0
1053 849.0
1054 849.0
1055 849.0
1056 849.0
1057 849.0
1058 849.0
1059 849.0
1060 849.0
1061 849.0
1062 849.0
1063 849.0
1064 849.0
1065 849.0
1066 849.0
1067 849.0
1068 849.0
1069 849.0
1070 849.0
1071 849.0
1072 849.0
1073 849.0
1074 849.0
1075 849.0
1076 849.0
1077 849.0
1078 849.0
1079 849.0
1080 849.0
1081 849.0
1082 849.0
1083 849.0
1084 849.0
1085 849.0
1086 849.0
1087 849.0
1088 849.0
1089 849.0
1090 849.0
1091 849.0
1092 849.0
1093 849.0
1094 849.0
1095 849.0
1096 849.0
1097 849.0
1098 849.0
1099 849.0
1100 849.0
1101 849.0
1102 849.0
1103 849.0
1104 849.0
1105 849.0
1106 849.0
1107 849.0
1108 849.0
1109 849.0
1110 849.0
1111 849.0
1112 849.0
1113 849.0
1114 849.0
1115 849.0
1116 849.0
1117 849.0
1118 849.0
1119 849.0
1120 849.0
1121 849.0
1122 849.0
1123 849.0
1124 849.0
1125 849.0
1126 849.0
1127 849.0
1128 849.0
1129 849.0
1130 849.0
1131 849.0
1132 849.0
1133 849.0
1134 849.0
1135 849.0
1136 849.0
1137 849.0
1138 849.0
1139 849.0
1140 849.0
1141 849.0
1142 849.0
1143 849.0
1144 849.0
1145 849.0
1146 849.0
1147 849.0
1148 849.0
1149 849.0
1150 849.0
1151 849.0
1152 849.0
1153 849.0
1154 849.0
1155 849.0
1156 849.0
1157 849.0
1158 849.0
1159 849.0
1160 849.0
1161 849.0
1162 849.0
1163 849.0
1164 849.0
1165 849.0
1166 849.0
1167 849.0
1168 849.0
1169 849.0
1170 849.0
1171 849.0
1172 849.0
1173 849.0
1174 849.0
1175 849.0
1176 849.0
1177 849.0
1178 849.0
1179 849.0
1180 849.0
1181 849.0
1182 849.0
1183 849.0
1184 849.0
1185 849.0
1186 849.0
1187 849.0
1188 849.0
1189 849.0
1190 849.0
1191 849.0
1192 849.0
1193 849.0
1194 849.0
1195 849.0
1196 849.0
1197 849.0
1198 849.0
1199 849.0
1200 849.0
1201 849.0
1202 849.0
1203 849.0
1204 849.0
1205 849.0
1206 849.0
1207 849.0
1208 849.0
1209 849.0
1210 849.0
1211 849.0
1212 849.0
1213 849.0
1214 849.0
1215 849.0
1216 849.0
1217 849.0
1218 849.0
1219 849.0
1220 849.0
1221 849.0
1222 849.0
1223 849.0
1224 849.0
1225 849.0
1226 849.0
1227 849.0
1228 849.0
1229 849.0
1230 849.0
1231 849.0
1232 849.0
1233 849.0
1234 849.0
1235 849.0
1236 849.0
1237 849.0
1238 849.0
1239 849.0
1240 849.0
1241 849.0
1242 849.0
1243 849.0
1244 849.0
1245 849.0
1246 849.0
1247 849.0
1248 849.0
1249 849.0
1250 849.0
1251 849.0
1252 849.0
1253 849.0
1254 849.0
1255 849.0
1256 849.0
1257 849.0
1258 849.0
1259 849.0
1260 849.0
1261 849.0
1262 849.0
1263 849.0
1264 849.0
1265 849.0
1266 849.0
1267 849.0
1268 849.0
1269 849.0
1270 849.0
1271 849.0
1272 849.0
1273 849.0
1274 849.0
1275 849.0
1276 849.0
1277 849.0
1278 849.0
1279 849.0
1280 849.0
1281 849.0
1282 849.0
1283 849.0
1284 849.0
1285 849.0
1286 849.0
1287 849.0
1288 849.0
1289 849.0
1290 849.0
1291 849.0
1292 849.0
1293 849.0
1294 849.0
1295 849.0
1296 849.0
1297 849.0
1298 849.0
1299 849.0
1300 849.0
1301 849.0
1302 849.0
1303 849.0
1304 849.0
1305 849.0
1306 849.0
1307 849.0
1308 849.0
1309 849.0
1310 849.0
1311 849.0
1312 849.0
1313 849.0
1314 849.0
1315 849.0
1316 849.0
1317 849.0
1318 849.0
1319 849.0
1320 849.0
1321 849.0
1322 849.0
1323 849.0
1324 849.0
1325 849.0
1326 849.0
1327 849.0
1328 849.0
1329 849.0
1330 849.0
1331 849.0
1332 849.0
1333 849.0
1334 849.0
1335 849.0
1336 849.0
1337 849.0
1338 849.0
1339 849.0
1340 849.0
1341 849.0
1342 849.0
1343 849.0
1344 849.0
1345 849.0
1346 849.0
1347 849.0
1348 849.0
1349 849.0
1350 849.0
1351 849.0
1352 849.0
1353 849.0
1354 849.0
1355 849.0
1356 849.0
1357 849.0
1358 849.0
1359 849.0
1360 849.0
1361 849.0
1362 849.0
1363 849.0
1364 849.0
1365 849.0
1366 849.0
1367 849.0
1368 849.0
1369 849.0
1370 849.0
1371 849.0
1372 849.0
1373 849.0
1374 849.0
1375 849.0
1376 849.0
1377 849.0
1378 849.0
1379 849.0
1380 849.0
1381 849.0
1382 849.0
1383 849.0
1384 849.0
1385 849.0
1386 849.0
1387 849.0
1388 849.0
1389 849.0
1390 849.0
1391 849.0
1392 849.0
1393 849.0
1394 849.0
1395 849.0
1396 849.0
1397 849.0
1398 849.0
1399 849.0
1400 849.0
1401 849.0
1402 849.0
1403 849.0
1404 849.0
1405 849.0
1406 849.0
1407 849.0
1408 849.0
1409 849.0
1410 849.0
1411 849.0
1412 849.0
1413 849.0
1414 849.0
1415 849.0
1416 849.0
1417 849.0
1418 849.0
1419 849.0
1420 849.0
1421 849.0
1422 849.0
1423 849.0
1424 849.0
1425 849.0
1426 849.0
1427 849.0
1428 849.0
1429 849.0
1430 849.0
1431 849.0
1432 849.0
1433 849.0
1434 849.0
1435 849.0
1436 849.0
1437 849.0
1438 849.0
1439 849.0
1440 849.0
1441 849.0
1442 849.0
1443 849.0
1444 849.0
1445 849.0
1446 849.0
1447 849.0
1448 849.0
1449 849.0
1450 849.0
1451 849.0
1452 849.0
1453 849.0
1454 849.0
1455 849.0
1456 849.0
1457 849.0
1458 849.0
1459 849.0
1460 849.0
1461 849.0
1462 849.0
1463 849.0
1464 849.0
1465 849.0
1466 849.0
1467 849.0
1468 849.0
1469 849.0
1470 849.0
1471 849.0
1472 849.0
1473 849.0
1474 849.0
1475 849.0
1476 849.0
1477 849.0
1478 849.0
1479 849.0
1480 849.0
1481 849.0
1482 849.0
1483 849.0
1484 849.0
1485 849.0
1486 849.0
1487 849.0
1488 849.0
1489 849.0
1490 849.0
1491 849.0
1492 849.0
1493 849.0
1494 849.0
1495 849.0
1496 849.0
1497 849.0
1498 849.0
1499 849.0
1500 849.0
1501 849.0
1502 849.0
1503 849.0
1504 849.0
1505 849.0
1506 849.0
1507 849.0
1508 849.0
1509 849.0
1510 849.0
1511 849.0
1512 849.0
1513 849.0
1514 849.0
1515 849.0
1516 849.0
1517 849.0
1518 849.0
1519 849.0
1520 849.0
1521 849.0
1522 849.0
1523 849.0
1524 849.0
1525 849.0
1526 849.0
1527 849.0
1528 849.0
1529 849.0
1530 849.0
1531 849.0
1532 849.0
1533 849.0
1534 849.0
1535 849.0
1536 849.0
1537 849.0
1538 849.0
1539 849.0
1540 849.0
1541 849.0
1542 849.0
1543 849.0
1544 849.0
1545 849.0
1546 849.0
1547 849.0
1548 849.0
1549 849.0
1550 849.0
1551 849.0
1552 849.0
1553 849.0
1554 849.0
1555 849.0
1556 849.0
1557 849.0
1558 849.0
1559 849.0
1560 849.0
1561 849.0
1562 849.0
1563 849.0
1564 849.0
1565 849.0
1566 849.0
1567 849.0
1568 849.0
1569 849.0
1570 849.0
1571 849.0
1572 849.0
1573 849.0
1574 849.0
1575 849.0
1576 849.0
1577 849.0
1578 849.0
1579 849.0
1580 849.0
1581 849.0
1582 849.0
1583 849.0
1584 849.0
1585 849.0
1586 849.0
1587 849.0
1588 849.0
1589 849.0
1590 849.0
1591 849.0
1592 849.0
1593 849.0
1594 849.0
1595 849.0
1596 849.0
1597 849.0
1598 849.0
1599 849.0
1600 849.0
1601 849.0
1602 849.0
1603 849.0
1604 849.0
1605 849.0
1606 849.0
1607 849.0
1608 849.0
1609 849.0
1610 849.0
1611 849.0
1612 849.0
1613 849.0
1614 849.0
1615 849.0
1616 849.0
1617 849.0
1618 849.0
1619 849.0
1620 849.0
1621 849.0
1622 849.0
1623 849.0
1624 849.0
1625 849.0
1626 849.0
1627 849.0
1628 849.0
1629 849.0
1630 849.0
1631 849.0
1632 849.0
1633 849.0
1634 849.0
1635 849.0
1636 849.0
1637 849.0
1638 849.0
1639 849.0
1640 849.0
1641 849.0
1642 849.0
1643 849.0
1644 849.0
1645 849.0
1646 849.0
1647 849.0
1648 849.0
1649 849.0
1650 849.0
1651 849.0
1652 849.0
1653 849.0
1654 849.0
1655 849.0
1656 849.0
1657 849.0
1658 849.0
1659 849.0
1660 849.0
1661 849.0
1662 849.0
1663 849.0
1664 849.0
1665 849.0
1666 849.0
1667 849.0
1668 849.0
1669 849.0
1670 849.0
1671 849.0
1672 849.0
1673 849.0
1674 849.0
1675 849.0
1676 849.0
1677 849.0
1678 849.0
1679 849.0
1680 849.0
1681 849.0
1682 849.0
1683 849.0
1684 849.0
1685 849.0
1686 849.0
1687 849.0
1688 849.0
1689 849.0
1690 849.0
1691 849.0
1692 849.0
1693 849.0
1694 849.0
1695 849.0
1696 849.0
1697 849.0
1698 849.0
1699 849.0
1700 849.0
1701 849.0
1702 849.0
1703 849.0
1704 849.0
1705 849.0
1706 849.0
1707 849.0
1708 849.0
1709 849.0
1710 849.0
1711 849.0
1712 849.0
1713 849.0
1714 849.0
1715 849.0
1716 849.0
1717 849.0
1718 849.0
1719 849.0
1720 849.0
1721 849.0
1722 849.0
1723 849.0
1724 849.0
1725 849.0
1726 849.0
1727 849.0
1728 849.0
1729 849.0
1730 849.0
1731 849.0
1732 849.0
1733 849.0
1734 849.0
1735 849.0
1736 849.0
1737 849.0
1738 849.0
1739 849.0
1740 849.0
1741 849.0
1742 849.0
1743 849.0
1744 849.0
1745 849.0
1746 849.0
1747 849.0
1748 849.0
1749 849.0
1750 849.0
1751 849.0
1752 849.0
1753 849.0
1754 849.0
1755 849.0
1756 849.0
1757 849.0
1758 849.0
1759 849.0
1760 849.0
1761 849.0
1762 849.0
1763 849.0
1764 849.0
1765 849.0
1766 849.0
1767 849.0
1768 849.0
1769 849.0
1770 849.0
1771 849.0
1772 849.0
1773 849.0
1774 849.0
1775 849.0
1776 849.0
1777 849.0
1778 849.0
1779 849.0
1780 849.0
1781 849.0
1782 849.0
1783 849.0
1784 849.0
1785 849.0
1786 849.0
1787 849.0
1788 849.0
1789 849.0
1790 849.0
1791 849.0
1792 849.0
1793 849.0
1794 849.0
1795 849.0
1796 849.0
1797 849.0
1798 849.0
1799 849.0
1800 849.0
1801 849.0
1802 849.0
1803 849.0
1804 849.0
1805 849.0
1806 849.0
1807 849.0
1808 849.0
1809 849.0
1810 849.0
1811 849.0
1812 849.0
1813 849.0
1814 849.0
1815 849.0
1816 849.0
1817 849.0
1818 849.0
1819 849.0
1820 849.0
1821 849.0
1822 849.0
1823 849.0
1824 849.0
1825 849.0
1826 849.0
1827 849.0
1828 849.0
1829 849.0
1830 849.0
1831 849.0
1832 849.0
1833 849.0
1834 849.0
1835 849.0
1836 849.0
1837 849.0
1838 849.0
1839 849.0
1840 849.0
1841 849.0
1842 849.0
1843 849.0
1844 849.0
1845 849.0
1846 849.0
1847 849.0
1848 849.0
1849 849.0
1850 849.0
1851 849.0
1852 849.0
1853 849.0
1854 849.0
1855 849.0
1856 849.0
1857 849.0
1858 849.0
1859 849.0
1860 849.0
1861 849.0
1862 849.0
1863 849.0
1864 849.0
1865 849.0
1866 849.0
1867 849.0
1868 849.0
1869 849.0
1870 849.0
1871 849.0
1872 849.0
1873 849.0
1874 849.0
1875 849.0
1876 849.0
1877 849.0
1878 849.0
1879 849.0
1880 849.0
1881 849.0
1882 849.0
1883 849.0
1884 849.0
1885 849.0
1886 849.0
1887 849.0
1888 849.0
1889 849.0
1890 849.0
1891 849.0
1892 849.0
1893 849.0
1894 849.0
1895 849.0
1896 849.0
1897 849.0
1898 849.0
1899 849.0
1900 849.0
1901 849.0
1902 849.0
1903 849.0
1904 849.0
1905 849.0
1906 849.0
1907 849.0
1908 849.0
1909 849.0
1910 849.0
1911 849.0
1912 849.0
1913 849.0
1914 849.0
1915 849.0
1916 849.0
1917 849.0
1918 849.0
1919 849.0
1920 849.0
1921 849.0
1922 849.0
1923 849.0
1924 849.0
1925 849.0
1926 849.0
1927 849.0
1928 849.0
1929 849.0
1930 849.0
1931 849.0
1932 849.0
1933 849.0
1934 849.0
1935 849.0
1936 849.0
1937 849.0
1938 849.0
1939 849.0
1940 849.0
1941 849.0
1942 849.0
1943 849.0
1944 849.0
1945 849.0
1946 849.0
1947 849.0
1948 849.0
1949 849.0
1950 849.0
1951 849.0
1952 849.0
1953 849.0
1954 849.0
1955 849.0
1956 849.0
1957 849.0
1958 849.0
1959 849.0
1960 849.0
1961 849.0
1962 849.0
1963 849.0
1964 849.0
1965 849.0
1966 849.0
1967 849.0
1968 849.0
1969 849.0
1970 849.0
1971 849.0
1972 849.0
1973 849.0
1974 849.0
1975 849.0
1976 849.0
1977 849.0
1978 849.0
1979 849.0
1980 849.0
1981 849.0
1982 849.0
1983 849.0
1984 849.0
1985 849.0
1986 849.0
1987 849.0
1988 849.0
1989 849.0
1990 849.0
1991 849.0
1992 849.0
1993 849.0
1994 849.0
1995 849.0
1996 849.0
1997 849.0
1998 849.0
1999 849.0
2000 849.0
2001 849.0
2002 849.0
2003 849.0
2004 849.0
2005 849.0
2006 849.0
2007 849.0
2008 849.0
2009 849.0
2010 849.0
2011 849.0
2012 849.0
2013 849.0
2014 849.0
2015 849.0
2016 849.0
2017 849.0
2018 849.0
2019 849.0
2020 849.0
2021 849.0
2022 849.0
2023 849.0
2024 849.0
2025 849.0
2026 849.0
2027 849.0
2028 849.0
2029 849.0
2030 849.0
2031 849.0
2032 849.0
2033 849.0
2034 849.0
2035 849.0
2036 849.0
2037 849.0
2038 849.0
2039 849.0
2040 849.0
2041 849.0
2042 849.0
2043 849.0
2044 849.0
2045 849.0
2046 849.0
2047 849.0
2048 849.0
2049 849.0
2050 849.0
2051 849.0
2052 849.0
2053 849.0
2054 849.0
2055 849.0
2056 849.0
2057 849.0
2058 849.0
2059 849.0
2060 849.0
2061 849.0
2062 849.0
2063 849.0
2064 849.0
2065 849.0
2066 849.0
2067 849.0
2068 849.0
2069 849.0
2070 849.0
2071 849.0
2072 849.0
2073 849.0
2074 849.0
2075 849.0
2076 849.0
2077 849.0
2078 849.0
2079 849.0
2080 849.0
2081 849.0
2082 849.0
2083 849.0
2084 849.0
2085 849.0
2086 849.0
2087 849.0
2088 849.0
2089 849.0
2090 849.0
2091 849.0
2092 849.0
2093 849.0
2094 849.0
2095 849.0
2096 849.0
2097 849.0
2098 849.0
2099 849.0
2100 849.0
2101 849.0
2102 849.0
2103 849.0
2104 849.0
2105 849.0
2106 849.0
2107 849.0
2108 849.0
2109 849.0
2110 849.0
2111 849.0
2112 849.0
2113 849.0
2114 849.0
2115 849.0
2116 849.0
2117 849.0
2118 849.0
2119 849.0
2120 849.0
2121 849.0
2122 849.0
2123 849.0
2124 849.0
2125 849.0
2126 849.0
2127 849.0
2128 849.0
2129 849.0
2130 849.0
2131 849.0
2132 849.0
2133 849.0
2134 849.0
2135 849.0
2136 849.0
2137 849.0
2138 849.0
2139 849.0
2140 849.0
2141 849.0
2142 849.0
2143 849.0
2144 849.0
2145 849.0
2146 849.0
2147 849.0
2148 849.0
2149 849.0
2150 849.0
2151 849.0
2152 849.0
2153 849.0
2154 849.0
2155 849.0
2156 849.0
2157 849.0
2158 849.0
2159 849.0
2160 849.0
2161 849.0
2162 849.0
2163 849.0
2164 849.0
2165 849.0
2166 849.0
2167 849.0
2168 849.0
2169 849.0
2170 849.0
2171 849.0
2172 849.0
2173 849.0
2174 849.0
2175 849.0
2176 849.0
2177 849.0
2178 849.0
2179 849.0
2180 849.0
2181 849.0
2182 849.0
2183 849.0
2184 849.0
2185 849.0
2186 849.0
2187 849.0
2188 849.0
2189 849.0
2190 849.0
2191 849.0
2192 849.0
2193 849.0
2194 849.0
2195 849.0
2196 849.0
2197 849.0
2198 849.0
2199 849.0
2200 849.0
2201 849.0
2202 849.0
2203 849.0
2204 849.0
2205 849.0
2206 849.0
2207 849.0
2208 849.0
2209 849.0
2210 849.0
2211 849.0
2212 849.0
2213 849.0
2214 849.0
2215 849.0
2216 849.0
2217 849.0
2218 849.0
2219 849.0
2220 849.0
2221 849.0
2222 849.0
2223 849.0
2224 849.0
2225 849.0
2226 849.0
2227 849.0
2228 849.0
2229 849.0
2230 849.0
2231 849.0
2232 849.0
2233 849.0
2234 849.0
2235 849.0
2236 849.0
2237 849.0
2238 849.0
2239 849.0
2240 849.0
2241 849.0
2242 849.0
2243 849.0
2244 849.0
2245 849.0
2246 849.0
2247 849.0
2248 849.0
2249 849.0
2250 849.0
2251 849.0
2252 849.0
2253 849.0
2254 849.0
2255 849.0
2256 849.0
2257 849.0
2258 849.0
2259 849.0
2260 849.0
2261 849.0
2262 849.0
2263 849.0
2264 849.0
2265 849.0
2266 849.0
2267 849.0
2268 849.0
2269 849.0
2270 849.0
2271 849.0
2272 849.0
2273 849.0
2274 849.0
2275 849.0
2276 849.0
2277 849.0
2278 849.0
2279 849.0
2280 849.0
2281 849.0
2282 849.0
2283 849.0
2284 849.0
2285 849.0
2286 849.0
2287 849.0
2288 849.0
2289 849.0
2290 849.0
2291 849.0
2292 849.0
2293 849.0
2294 849.0
2295 849.0
2296 849.0
2297 849.0
2298 849.0
2299 849.0
2300 849.0
2301 849.0
2302 849.0
2303 849.0
2304 849.0
2305 849.0
2306 849.0
2307 849.0
2308 849.0
2309 849.0
2310 849.0
2311 849.0
2312 849.0
2313 849.0
2314 849.0
2315 849.0
2316 849.0
2317 849.0
2318 849.0
2319 849.0
2320 849.0
2321 849.0
2322 849.0
2323 849.0
2324 849.0
2325 849.0
2326 849.0
2327 849.0
2328 849.0
2329 849.0
2330 849.0
2331 849.0
2332 849.0
2333 849.0
2334 849.0
2335 849.0
2336 849.0
2337 849.0
2338 849.0
2339 849.0
2340 849.0
2341 849.0
2342 849.0
2343 849.0
2344 849.0
2345 849.0
2346 849.0
2347 849.0
2348 849.0
2349 849.0
2350 849.0
2351 849.0
2352 849.0
2353 849.0
2354 849.0
2355 849.0
2356 849.0
2357 849.0
2358 849.0
2359 849.0
2360 849.0
2361 849.0
2362 849.0
2363 849.0
2364 849.0
2365 849.0
2366 849.0
2367 849.0
2368 849.0
2369 849.0
2370 849.0
2371 849.0
2372 849.0
2373 849.0
2374 849.0
2375 849.0
2376 849.0
2377 849.0
2378 849.0
2379 849.0
2380 849.0
2381 849.0
2382 849.0
2383 849.0
2384 849.0
2385 849.0
2386 849.0
2387 849.0
2388 849.0
2389 849.0
2390 849.0
2391 849.0
2392 849.0
2393 849.0
2394 849.0
2395 849.0
2396 849.0
2397 849.0
2398 849.0
2399 849.0
2400 849.0
2401 849.0
2402 849.0
2403 849.0
2404 849.0
2405 849.0
2406 849.0
2407 849.0
2408 849.0
2409 849.0
2410 849.0
2411 849.0
2412 849.0
2413 849.0
2414 849.0
2415 849.0
2416 849.0
2417 849.0
2418 849.0
2419 849.0
2420 849.0
2421 849.0
2422 849.0
2423 849.0
2424 849.0
2425 849.0
2426 849.0
2427 849.0
2428 849.0
2429 849.0
2430 849.0
2431 849.0
2432 849.0
2433 849.0
2434 849.0
2435 849.0
2436 849.0
2437 849.0
2438 849.0
2439 849.0
2440 849.0
2441 849.0
2442 849.0
2443 849.0
2444 849.0
2445 849.0
2446 849.0
2447 849.0
2448 849.0
2449 849.0
2450 849.0
2451 849.0
2452 849.0
2453 849.0
2454 849.0
2455 849.0
2456 849.0
2457 849.0
2458 849.0
2459 849.0
2460 849.0
2461 849.0
2462 849.0
2463 849.0
2464 849.0
2465 849.0
2466 849.0
2467 849.0
2468 849.0
2469 849.0
2470 849.0
2471 849.0
2472 849.0
2473 849.0
2474 849.0
2475 849.0
2476 849.0
2477 849.0
2478 849.0
2479 849.0
2480 849.0
2481 849.0
2482 849.0
2483 849.0
2484 849.0
2485 849.0
2486 849.0
2487 849.0
2488 849.0
2489 849.0
2490 849.0
2491 849.0
2492 849.0
2493 849.0
2494 849.0
2495 849.0
2496 849.0
2497 849.0
2498 849.0
2499 849.0
2500 849.0
2501 849.0
2502 849.0
2503 849.0
2504 849.0
2505 849.0
2506 849.0
2507 849.0
2508 849.0
2509 849.0
2510 849.0
2511 849.0
2512 849.0
2513 849.0
2514 849.0
2515 849.0
2516 849.0
2517 849.0
2518 849.0
2519 849.0
2520 849.0
2521 849.0
2522 849.0
2523 849.0
2524 849.0
2525 849.0
2526 849.0
2527 849.0
2528 849.0
2529 849.0
2530 849.0
2531 849.0
2532 849.0
2533 849.0
2534 849.0
2535 849.0
2536 849.0
2537 849.0
2538 849.0
2539 849.0
2540 849.0
2541 849.0
2542 849.0
2543 849.0
2544 849.0
2545 849.0
2546 849.0
2547 849.0
2548 849.0
2549 849.0
2550 849.0
2551 849.0
2552 849.0
2553 849.0
2554 849.0
2555 849.0
2556 849.0
2557 849.0
2558 849.0
2559 849.0
2560 849.0
2561 849.0
2562 849.0
2563 849.0
2564 849.0
2565 849.0
2566 849.0
2567 849.0
2568 849.0
2569 849.0
2570 849.0
2571 849.0
2572 849.0
2573 849.0
2574 849.0
2575 849.0
2576 849.0
2577 849.0
2578 849.0
2579 849.0
2580 849.0
2581 849.0
2582 849.0
2583 849.0
2584 849.0
2585 849.0
2586 849.0
2587 849.0
2588 849.0
2589 849.0
2590 849.0
2591 849.0
2592 849.0
2593 849.0
2594 849.0
2595 849.0
2596 849.0
2597 849.0
2598 849.0
2599 849.0
2600 849.0
2601 849.0
2602 849.0
2603 849.0
2604 849.0
2605 849.0
2606 849.0
2607 849.0
2608 849.0
2609 849.0
2610 849.0
2611 849.0
2612 849.0
2613 849.0
2614 849.0
2615 849.0
2616 849.0
2617 849.0
2618 849.0
2619 849.0
2620 849.0
2621 849.0
2622 849.0
2623 849.0
2624 849.0
2625 849.0
2626 849.0
2627 849.0
2628 849.0
2629 849.0
2630 849.0
2631 849.0
2632 849.0
2633 849.0
2634 849.0
2635 849.0
2636 849.0
2637 849.0
2638 849.0
2639 849.0
2640 849.0
2641 849.0
2642 849.0
2643 849.0
2644 849.0
2645 849.0
2646 849.0
2647 849.0
2648 849.0
2649 849.0
2650 849.0
2651 849.0
2652 849.0
2653 849.0
2654 849.0
2655 849.0
2656 849.0
2657 849.0
2658 849.0
2659 849.0
2660 849.0
2661 849.0
2662 849.0
2663 849.0
2664 849.0
2665 849.0
2666 849.0
2667 849.0
2668 849.0
2669 849.0
2670 849.0
2671 849.0
2672 849.0
2673 849.0
2674 849.0
2675 849.0
2676 849.0
2677 849.0
2678 849.0
2679 849.0
2680 849.0
2681 849.0
2682 849.0
2683 849.0
2684 849.0
2685 849.0
2686 849.0
2687 849.0
2688 849.0
2689 849.0
2690 849.0
2691 849.0
2692 849.0
2693 849.0
2694 849.0
2695 849.0
2696 849.0
2697 849.0
2698 849.0
2699 849.0
2700 849.0
2701 849.0
2702 849.0
2703 849.0
2704 849.0
2705 849.0
2706 849.0
2707 849.0
2708 849.0
2709 849.0
2710 849.0
2711 849.0
2712 849.0
2713 849.0
2714 849.0
2715 849.0
2716 849.0
2717 849.0
2718 849.0
2719 849.0
2720 849.0
2721 849.0
2722 849.0
2723 849.0
2724 849.0
2725 849.0
2726 849.0
2727 849.0
2728 849.0
2729 849.0
2730 849.0
2731 849.0
2732 849.0
2733 849.0
2734 849.0
2735 849.0
2736 849.0
2737 849.0
2738 849.0
2739 849.0
2740 849.0
2741 849.0
2742 849.0
2743 849.0
2744 849.0
2745 849.0
2746 849.0
2747 849.0
2748 849.0
2749 849.0
2750 849.0
2751 849.0
2752 849.0
2753 849.0
2754 849.0
2755 849.0
2756 849.0
2757 849.0
2758 849.0
2759 849.0
2760 849.0
2761 849.0
2762 849.0
2763 849.0
2764 849.0
2765 849.0
2766 849.0
2767 849.0
2768 849.0
2769 849.0
2770 849.0
2771 849.0
2772 849.0
2773 849.0
2774 849.0
2775 849.0
2776 849.0
2777 849.0
2778 849.0
2779 849.0
2780 849.0
2781 849.0
2782 849.0
2783 849.0
2784 849.0
2785 849.0
2786 849.0
2787 849.0
2788 849.0
2789 849.0
2790 849.0
2791 849.0
2792 849.0
2793 849.0
2794 849.0
2795 849.0
2796 849.0
2797 849.0
2798 849.0
2799 849.0
2800 849.0
2801 849.0
2802 849.0
2803 849.0
2804 849.0
2805 849.0
2806 849.0
2807 849.0
2808 849.0
2809 849.0
2810 849.0
2811 849.0
2812 849.0
2813 849.0
2814 849.0
2815 849.0
2816 849.0
2817 849.0
2818 849.0
2819 849.0
2820 849.0
2821 849.0
2822 849.0
2823 849.0
2824 849.0
2825 849.0
2826 849.0
2827 849.0
2828 849.0
2829 849.0
2830 849.0
2831 849.0
2832 849.0
2833 849.0
2834 849.0
2835 849.0
2836 849.0
2837 849.0
2838 849.0
2839 849.0
2840 849.0
2841 849.0
2842 849.0
2843 849.0
2844 849.0
2845 849.0
2846 849.0
2847 849.0
2848 849.0
2849 849.0
2850 849.0
2851 849.0
2852 849.0
2853 849.0
2854 849.0
2855 849.0
2856 849.0
2857 849.0
2858 849.0
2859 849.0
2860 849.0
2861 849.0
2862 849.0
2863 849.0
2864 849.0
2865 849.0
2866 849.0
2867 849.0
2868 849.0
2869 849.0
2870 849.0
2871 849.0
2872 849.0
2873 849.0
2874 849.0
2875 849.0
2876 849.0
2877 849.0
2878 849.0
2879 849.0
2880 849.0
2881 849.0
2882 849.0
2883 849.0
2884 849.0
2885 849.0
2886 849.0
2887 849.0
2888 849.0
2889 849.0
2890 849.0
2891 849.0
2892 849.0
2893 849.0
2894 849.0
2895 849.0
2896 849.0
2897 849.0
2898 849.0
2899 849.0
2900 849.0
2901 849.0
2902 849.0
2903 849.0
2904 849.0
2905 849.0
2906 849.0
2907 849.0
2908 849.0
2909 849.0
2910 849.0
2911 849.0
2912 849.0
2913 849.0
2914 849.0
2915 849.0
2916 849.0
2917 849.0
2918 849.0
2919 849.0
2920 849.0
2921 849.0
2922 849.0
2923 849.0
2924 849.0
2925 849.0
2926 849.0
2927 849.0
2928 849.0
2929 849.0
2930 849.0
2931 849.0
2932 849.0
2933 849.0
2934 849.0
2935 849.0
2936 849.0
2937 849.0
2938 849.0
2939 849.0
2940 849.0
2941 849.0
2942 849.0
2943 849.0
2944 849.0
2945 849.0
2946 849.0
2947 849.0
2948 849.0
2949 849.0
2950 849.0
2951 849.0
2952 849.0
2953 849.0
2954 849.0
2955 849.0
2956 849.0
2957 849.0
2958 849.0
2959 849.0
2960 849.0
2961 849.0
2962 849.0
2963 849.0
2964 849.0
2965 849.0
2966 849.0
2967 849.0
2968 849.0
2969 849.0
2970 849.0
2971 849.0
2972 849.0
2973 849.0
2974 849.0
2975 849.0
2976 849.0
2977 849.0
2978 849.0
2979 849.0
2980 849.0
2981 849.0
2982 849.0
2983 849.0
2984 849.0
2985 849.0
2986 849.0
2987 849.0
2988 849.0
2989 849.0
2990 849.0
2991 849.0
2992 849.0
2993 849.0
2994 849.0
2995 849.0
2996 849.0
2997 849.0
2998 849.0
2999 849.0
3000 849.0
3001 849.0
3002 849.0
3003 849.0
3004 849.0
3005 849.0
3006 849.0
3007 849.0
3008 849.0
3009 849.0
3010 849.0
3011 849.0
3012 849.0
3013 849.0
3014 849.0
3015 849.0
3016 849.0
3017 849.0
3018 849.0
3019 849.0
3020 849.0
3021 849.0
3022 849.0
3023 849.0
3024 849.0
3025 849.0
3026 849.0
3027 849.0
3028 849.0
3029 849.0
3030 849.0
3031 849.0
3032 849.0
3033 849.0
3034 849.0
3035 849.0
3036 849.0
3037 849.0
3038 849.0
3039 849.0
3040 849.0
3041 849.0
3042 849.0
3043 849.0
3044 849.0
3045 849.0
3046 849.0
3047 849.0
3048 849.0
3049 849.0
3050 849.0
3051 849.0
3052 849.0
3053 849.0
3054 849.0
3055 849.0
3056 849.0
3057 849.0
3058 849.0
3059 849.0
3060 849.0
3061 849.0
3062 849.0
3063 849.0
3064 849.0
3065 849.0
3066 849.0
3067 849.0
3068 849.0
3069 849.0
3070 849.0
3071 849.0
3072 849.0
3073 849.0
3074 849.0
3075 849.0
3076 849.0
3077 849.0
3078 849.0
3079 849.0
3080 849.0
3081 849.0
3082 849.0
3083 849.0
3084 849.0
3085 849.0
3086 849.0
3087 849.0
3088 849.0
3089 849.0
3090 849.0
3091 849.0
3092 849.0
3093 849.0
3094 849.0
3095 849.0
3096 849.0
3097 849.0
3098 849.0
3099 849.0
3100 849.0
3101 849.0
3102 849.0
3103 849.0
3104 849.0
3105 849.0
3106 849.0
3107 849.0
3108 849.0
3109 849.0
3110 849.0
3111 849.0
3112 849.0
3113 849.0
3114 849.0
3115 849.0
3116 849.0
3117 849.0
3118 849.0
3119 849.0
3120 849.0
3121 849.0
3122 849.0
3123 849.0
3124 849.0
3125 849.0
3126 849.0
3127 849.0
3128 849.0
3129 849.0
3130 849.0
3131 849.0
3132 849.0
3133 849.0
3134 849.0
3135 849.0
3136 849.0
3137 849.0
3138 849.0
3139 849.0
3140 849.0
3141 849.0
3142 849.0
3143 849.0
3144 849.0
3145 849.0
3146 849.0
3147 849.0
3148 849.0
3149 849.0
3150 849.0
3151 849.0
3152 849.0
3153 849.0
3154 849.0
3155 849.0
3156 849.0
3157 849.0
3158 849.0
3159 849.0
3160 849.0
3161 849.0
3162 849.0
3163 849.0
3164 849.0
3165 849.0
3166 849.0
3167 849.0
3168 849.0
3169 849.0
3170 849.0
3171 849.0
3172 849.0
3173 849.0
3174 849.0
3175 849.0
3176 849.0
3177 849.0
3178 849.0
3179 849.0
3180 849.0
3181 849.0
3182 849.0
3183 849.0
3184 849.0
3185 849.0
3186 849.0
3187 849.0
3188 849.0
3189 849.0
3190 849.0
3191 849.0
3192 849.0
3193 849.0
3194 849.0
3195 849.0
3196 849.0
3197 849.0
3198 849.0
3199 849.0
3200 849.0
3201 849.0
3202 849.0
3203 849.0
3204 849.0
3205 849.0
3206 849.0
3207 849.0
3208 849.0
3209 849.0
3210 849.0
3211 849.0
3212 849.0
3213 849.0
3214 849.0
3215 849.0
3216 849.0
3217 849.0
3218 849.0
3219 849.0
3220 849.0
3221 849.0
3222 849.0
3223 849.0
3224 849.0
3225 849.0
3226 849.0
3227 849.0
3228 849.0
3229 849.0
3230 849.0
3231 849.0
3232 849.0
3233 849.0
3234 849.0
3235 849.0
3236 849.0
3237 849.0
3238 849.0
3239 849.0
3240 849.0
3241 849.0
3242 849.0
3243 849.0
3244 849.0
3245 849.0
3246 849.0
3247 849.0
3248 849.0
3249 849.0
3250 849.0
3251 849.0
3252 849.0
3253 849.0
3254 849.0
3255 849.0
3256 849.0
3257 849.0
3258 849.0
3259 849.0
3260 849.0
3261 849.0
3262 849.0
3263 849.0
3264 849.0
3265 849.0
3266 849.0
3267 849.0
3268 849.0
3269 849.0
3270 849.0
3271 849.0
3272 849.0
3273 849.0
3274 849.0
3275 849.0
3276 849.0
3277 849.0
3278 849.0
3279 849.0
3280 849.0
3281 849.0
3282 849.0
3283 849.0
3284 849.0
3285 849.0
3286 849.0
3287 849.0
3288 849.0
3289 849.0
3290 849.0
3291 849.0
3292 849.0
3293 849.0
3294 849.0
3295 849.0
3296 849.0
3297 849.0
3298 849.0
3299 849.0
3300 849.0
3301 849.0
3302 849.0
3303 849.0
3304 849.0
3305 849.0
3306 849.0
3307 849.0
3308 849.0
3309 849.0
3310 849.0
3311 849.0
3312 849.0
3313 849.0
3314 849.0
3315 849.0
3316 849.0
3317 849.0
3318 849.0
3319 849.0
3320 849.0
3321 849.0
3322 849.0
3323 849.0
3324 849.0
3325 849.0
3326 849.0
3327 849.0
3328 849.0
3329 849.0
3330 849.0
3331 849.0
3332 849.0
3333 849.0
3334 849.0
3335 849.0
3336 849.0
3337 849.0
3338 849.0
3339 849.0
3340 849.0
3341 849.0
3342 849.0
3343 849.0
3344 849.0
3345 849.0
3346 849.0
3347 849.0
3348 849.0
3349 849.0
3350 849.0
3351 849.0
3352 849.0
3353 849.0
3354 849.0
3355 849.0
3356 849.0
3357 849.0
3358 849.0
3359 849.0
3360 849.0
3361 849.0
3362 849.0
3363 849.0
3364 849.0
3365 849.0
3366 849.0
3367 849.0
3368 849.0
3369 849.0
3370 849.0
3371 849.0
3372 849.0
3373 849.0
3374 849.0
3375 849.0
3376 849.0
3377 849.0
3378 849.0
3379 849.0
3380 849.0
3381 849.0
3382 849.0
3383 849.0
3384 849.0
3385 849.0
3386 849.0
3387 849.0
3388 849.0
3389 849.0
3390 849.0
3391 849.0
3392 849.0
3393 849.0
3394 849.0
3395 849.0
3396 849.0
3397 849.0
3398 849.0
3399 849.0
3400 849.0
3401 849.0
3402 849.0
3403 849.0
3404 849.0
3405 849.0
3406 849.0
3407 849.0
3408 849.0
3409 849.0
3410 849.0
3411 849.0
3412 849.0
3413 849.0
3414 849.0
3415 849.0
3416 849.0
3417 849.0
3418 849.0
3419 849.0
3420 849.0
3421 849.0
3422 849.0
3423 849.0
3424 849.0
3425 849.0
3426 849.0
3427 849.0
3428 849.0
3429 849.0
3430 849.0
3431 849.0
3432 849.0
3433 849.0
3434 849.0
3435 849.0
3436 849.0
3437 849.0
3438 849.0
3439 849.0
3440 849.0
3441 849.0
3442 849.0
3443 849.0
3444 849.0
3445 849.0
3446 849.0
3447 849.0
3448 849.0
3449 849.0
3450 849.0
3451 849.0
3452 849.0
3453 849.0
3454 849.0
3455 849.0
3456 849.0
3457 849.0
3458 849.0
3459 849.0
3460 849.0
3461 849.0
3462 849.0
3463 849.0
3464 849.0
3465 849.0
3466 849.0
3467 849.0
3468 849.0
3469 849.0
3470 849.0
3471 849.0
3472 849.0
3473 849.0
3474 849.0
3475 849.0
3476 849.0
3477 849.0
3478 849.0
3479 849.0
3480 849.0
3481 849.0
3482 849.0
3483 849.0
3484 849.0
3485 849.0
3486 849.0
3487 849.0
3488 849.0
3489 849.0
3490 849.0
3491 849.0
3492 849.0
3493 849.0
3494 849.0
3495 849.0
3496 849.0
3497 849.0
3498 849.0
3499 849.0
3500 849.0
3501 849.0
3502 849.0
3503 849.0
3504 849.0
3505 849.0
3506 849.0
3507 849.0
3508 849.0
3509 849.0
3510 849.0
3511 849.0
3512 849.0
3513 849.0
3514 849.0
3515 849.0
3516 849.0
3517 849.0
3518 849.0
3519 849.0
3520 849.0
3521 849.0
3522 849.0
3523 849.0
3524 849.0
3525 849.0
3526 849.0
3527 849.0
3528 849.0
3529 849.0
3530 849.0
3531 849.0
3532 849.0
3533 849.0
3534 849.0
3535 849.0
3536 849.0
3537 849.0
3538 849.0
3539 849.0
3540 849.0
3541 849.0
3542 849.0
3543 849.0
3544 849.0
3545 849.0
3546 849.0
3547 849.0
3548 849.0
3549 849.0
3550 849.0
3551 849.0
3552 849.0
3553 849.0
3554 849.0
3555 849.0
3556 849.0
3557 849.0
3558 849.0
3559 849.0
3560 849.0
3561 849.0
3562 849.0
3563 849.0
3564 849.0
3565 849.0
3566 849.0
3567 849.0
3568 849.0
3569 849.0
3570 849.0
3571 849.0
3572 849.0
3573 849.0
3574 849.0
3575 849.0
3576 849.0
3577 849.0
3578 849.0
3579 849.0
3580 849.0
3581 849.0
3582 849.0
3583 849.0
3584 849.0
3585 849.0
3586 849.0
3587 849.0
3588 849.0
3589 849.0
3590 849.0
3591 849.0
3592 849.0
3593 849.0
3594 849.0
3595 849.0
3596 849.0
3597 849.0
3598 849.0
3599 849.0
3600 849.0
3601 849.0
3602 849.0
3603 849.0
3604 849.0
3605 849.0
3606 849.0
3607 849.0
3608 849.0
3609 849.0
3610 849.0
3611 849.0
3612 849.0
3613 849.0
3614 849.0
3615 849.0
3616 849.0
3617 849.0
3618 849.0
3619 849.0
3620 849.0
3621 849.0
3622 849.0
3623 849.0
3624 849.0
3625 849.0
3626 849.0
3627 849.0
3628 849.0
3629 849.0
3630 849.0
3631 849.0
3632 849.0
3633 849.0
3634 849.0
3635 849.0
3636 849.0
3637 849.0
3638 849.0
3639 849.0
3640 849.0
3641 849.0
3642 849.0
3643 849.0
3644 849.0
3645 849.0
3646 849.0
3647 849.0
3648 849.0
3649 849.0
3650 849.0
3651 849.0
3652 849.0
3653 849.0
3654 849.0
3655 849.0
3656 849.0
3657 849.0
3658 849.0
3659 849.0
3660 849.0
3661 849.0
3662 849.0
3663 849.0
3664 849.0
3665 849.0
3666 849.0
3667 849.0
3668 849.0
3669 849.0
3670 849.0
3671 849.0
3672 849.0
3673 849.0
3674 849.0
3675 849.0
3676 849.0
3677 849.0
3678 849.0
3679 849.0
3680 849.0
3681 849.0
3682 849.0
3683 849.0
3684 849.0
3685 849.0
3686 849.0
3687 849.0
3688 849.0
3689 849.0
3690 849.0
3691 849.0
3692 849.0
3693 849.0
3694 849.0
3695 849.0
3696 849.0
3697 849.0
3698 849.0
3699 849.0
3700 849.0
3701 849.0
3702 849.0
3703 849.0
3704 849.0
3705 849.0
3706 849.0
3707 849.0
3708 849.0
3709 849.0
3710 849.0
3711 849.0
3712 849.0
3713 849.0
3714 849.0
3715 849.0
3716 849.0
3717 849.0
3718 849.0
3719 849.0
3720 849.0
3721 849.0
3722 849.0
3723 849.0
3724 849.0
3725 849.0
3726 849.0
3727 849.0
3728 849.0
3729 849.0
3730 849.0
3731 849.0
3732 849.0
3733 849.0
3734 849.0
3735 849.0
3736 849.0
3737 849.0
3738 849.0
3739 849.0
3740 849.0
3741 849.0
3742 849.0
3743 849.0
3744 849.0
3745 849.0
3746 849.0
3747 849.0
3748 849.0
3749 849.0
3750 849.0
3751 849.0
3752 849.0
3753 849.0
3754 849.0
3755 849.0
3756 849.0
3757 849.0
3758 849.0
3759 849.0
3760 849.0
3761 849.0
3762 849.0
3763 849.0
3764 849.0
3765 849.0
3766 849.0
3767 849.0
3768 849.0
3769 849.0
3770 849.0
3771 849.0
3772 849.0
3773 849.0
3774 849.0
3775 849.0
3776 849.0
3777 849.0
3778 849.0
3779 849.0
3780 849.0
3781 849.0
3782 849.0
3783 849.0
3784 849.0
3785 849.0
3786 849.0
3787 849.0
3788 849.0
3789 849.0
3790 849.0
3791 849.0
3792 849.0
3793 849.0
3794 849.0
3795 849.0
3796 849.0
3797 849.0
3798 849.0
3799 849.0
3800 849.0
3801 849.0
3802 849.0
3803 849.0
3804 849.0
3805 849.0
3806 849.0
3807 849.0
3808 849.0
3809 849.0
3810 849.0
3811 849.0
3812 849.0
3813 849.0
3814 849.0
3815 849.0
3816 849.0
3817 849.0
3818 849.0
3819 849.0
3820 849.0
3821 849.0
3822 849.0
3823 849.0
3824 849.0
3825 849.0
3826 849.0
3827 849.0
3828 849.0
3829 849.0
3830 849.0
3831 849.0
3832 849.0
3833 849.0
3834 849.0
3835 849.0
3836 849.0
3837 849.0
3838 849.0
3839 849.0
3840 849.0
3841 849.0
3842 849.0
3843 849.0
3844 849.0
3845 849.0
3846 849.0
3847 849.0
3848 849.0
3849 849.0
3850 849.0
3851 849.0
3852 849.0
3853 849.0
3854 849.0
3855 849.0
3856 849.0
3857 849.0
3858 849.0
3859 849.0
3860 849.0
3861 849.0
3862 849.0
3863 849.0
3864 849.0
3865 849.0
3866 849.0
3867 849.0
3868 849.0
3869 849.0
3870 849.0
3871 849.0
3872 849.0
3873 849.0
3874 849.0
3875 849.0
3876 849.0
3877 849.0
3878 849.0
3879 849.0
3880 849.0
3881 849.0
3882 849.0
3883 849.0
3884 849.0
3885 849.0
3886 849.0
3887 849.0
3888 849.0
3889 849.0
3890 849.0
3891 849.0
3892 849.0
3893 849.0
3894 849.0
3895 849.0
3896 849.0
3897 849.0
3898 849.0
3899 849.0
3900 849.0
3901 849.0
3902 849.0
3903 849.0
3904 849.0
3905 849.0
3906 849.0
3907 849.0
3908 849.0
3909 849.0
3910 849.0
3911 849.0
3912 849.0
3913 849.0
3914 849.0
3915 849.0
3916 849.0
3917 849.0
3918 849.0
3919 849.0
3920 849.0
3921 849.0
3922 849.0
3923 849.0
3924 849.0
3925 849.0
3926 849.0
3927 849.0
3928 849.0
3929 849.0
3930 849.0
3931 849.0
3932 849.0
3933 849.0
3934 849.0
3935 849.0
3936 849.0
3937 849.0
3938 849.0
3939 849.0
3940 849.0
3941 849.0
3942 849.0
3943 849.0
3944 849.0
3945 849.0
3946 849.0
3947 849.0
3948 849.0
3949 849.0
3950 849.0
3951 849.0
3952 849.0
3953 849.0
3954 849.0
3955 849.0
3956 849.0
3957 849.0
3958 849.0
3959 849.0
3960 849.0
3961 849.0
3962 849.0
3963 849.0
3964 849.0
3965 849.0
3966 849.0
3967 849.0
3968 849.0
3969 849.0
3970 849.0
3971 849.0
3972 849.0
3973 849.0
3974 849.0
3975 849.0
3976 849.0
3977 849.0
3978 849.0
3979 849.0
3980 849.0
3981 849.0
3982 849.0
3983 849.0
3984 849.0
3985 849.0
3986 849.0
3987 849.0
3988 849.0
3989 849.0
3990 849.0
3991 849.0
3992 849.0
3993 849.0
3994 849.0
3995 849.0
3996 849.0
3997 849.0
3998 849.0
3999 849.0
4000 849.0
4001 849.0
4002 849.0
4003 849.0
4004 849.0
4005 849.0
4006 849.0
4007 849.0
4008 849.0
4009 849.0
4010 849.0
4011 849.0
4012 849.0
4013 849.0
4014 849.0
4015 849.0
4016 849.0
4017 849.0
4018 849.0
4019 849.0
4020 849.0
4021 849.0
4022 849.0
4023 849.0
4024 849.0
4025 849.0
4026 849.0
4027 849.0
4028 849.0
4029 849.0
4030 849.0
4031 849.0
4032 849.0
4033 849.0
4034 849.0
4035 849.0
4036 849.0
4037 849.0
4038 849.0
4039 849.0
4040 849.0
4041 849.0
4042 849.0
4043 849.0
4044 849.0
4045 849.0
4046 849.0
4047 849.0
4048 849.0
4049 849.0
4050 849.0
4051 849.0
4052 849.0
4053 849.0
4054 849.0
4055 849.0
4056 849.0
4057 849.0
4058 849.0
4059 849.0
4060 849.0
4061 849.0
4062 849.0
4063 849.0
4064 849.0
4065 849.0
4066 849.0
4067 849.0
4068 849.0
4069 849.0
4070 849.0
4071 849.0
4072 849.0
4073 849.0
4074 849.0
4075 849.0
4076 849.0
4077 849.0
4078 849.0
4079 849.0
4080 849.0
4081 849.0
4082 849.0
4083 849.0
4084 849.0
4085 849.0
4086 849.0
4087 849.0
4088 849.0
4089 849.0
4090 849.0
4091 849.0
4092 849.0
4093 849.0
4094 849.0
4095 849.0
4096 849.0
4097 849.0
4098 849.0
4099 849.0
4100 849.0
4101 849.0
4102 849.0
4103 849.0
4104 849.0
4105 849.0
4106 849.0
4107 849.0
4108 849.0
4109 849.0
4110 849.0
4111 849.0
4112 849.0
4113 849.0
4114 849.0
4115 849.0
4116 849.0
4117 849.0
4118 849.0
4119 849.0
4120 849.0
4121 849.0
4122 849.0
4123 849.0
4124 849.0
4125 849.0
4126 849.0
4127 849.0
4128 849.0
4129 849.0
4130 849.0
4131 849.0
4132 849.0
4133 849.0
4134 849.0
4135 849.0
4136 849.0
4137 849.0
4138 849.0
4139 849.0
4140 849.0
4141 849.0
4142 849.0
4143 849.0
4144 849.0
4145 849.0
4146 849.0
4147 849.0
4148 849.0
4149 849.0
4150 849.0
4151 849.0
4152 849.0
4153 849.0
4154 849.0
4155 849.0
4156 849.0
4157 849.0
4158 849.0
4159 849.0
4160 849.0
4161 849.0
4162 849.0
4163 849.0
4164 849.0
4165 849.0
4166 849.0
4167 849.0
4168 849.0
4169 849.0
4170 849.0
4171 849.0
4172 849.0
4173 849.0
4174 849.0
4175 849.0
4176 849.0
4177 849.0
4178 849.0
4179 849.0
4180 849.0
4181 849.0
4182 849.0
4183 849.0
4184 849.0
4185 849.0
4186 849.0
4187 849.0
4188 849.0
4189 849.0
4190 849.0
4191 849.0
4192 849.0
4193 849.0
4194 849.0
4195 849.0
4196 849.0
4197 849.0
4198 849.0
4199 849.0
4200 849.0
4201 849.0
4202 849.0
4203 849.0
4204 849.0
4205 849.0
4206 849.0
4207 849.0
4208 849.0
4209 849.0
4210 849.0
4211 849.0
4212 849.0
4213 849.0
4214 849.0
4215 849.0
4216 849.0
4217 849.0
4218 849.0
4219 849.0
4220 849.0
4221 849.0
4222 849.0
4223 849.0
4224 849.0
4225 849.0
4226 849.0
4227 849.0
4228 849.0
4229 849.0
4230 849.0
4231 849.0
4232 849.0
4233 849.0
4234 849.0
4235 849.0
4236 849.0
4237 849.0
4238 849.0
4239 849.0
4240 849.0
4241 849.0
4242 849.0
4243 849.0
4244 849.0
4245 849.0
4246 849.0
4247 849.0
4248 849.0
4249 849.0
4250 849.0
4251 849.0
4252 849.0
4253 849.0
4254 849.0
4255 849.0
4256 849.0
4257 849.0
4258 849.0
4259 849.0
4260 849.0
4261 849.0
4262 849.0
4263 849.0
4264 849.0
4265 849.0
4266 849.0
4267 849.0
4268 849.0
4269 849.0
4270 849.0
4271 849.0
4272 849.0
4273 849.0
4274 849.0
4275 849.0
4276 849.0
4277 849.0
4278 849.0
4279 849.0
4280 849.0
4281 849.0
4282 849.0
4283 849.0
4284 849.0
4285 849.0
4286 849.0
4287 849.0
4288 849.0
4289 849.0
4290 849.0
4291 849.0
4292 849.0
4293 849.0
4294 849.0
4295 849.0
4296 849.0
4297 849.0
4298 849.0
4299 849.0
4300 849.0
4301 849.0
4302 849.0
4303 849.0
4304 849.0
4305 849.0
4306 849.0
4307 849.0
4308 849.0
4309 849.0
4310 849.0
4311 849.0
4312 849.0
4313 849.0
4314 849.0
4315 849.0
4316 849.0
4317 849.0
4318 849.0
4319 849.0
4320 849.0
4321 849.0
4322 849.0
4323 849.0
4324 849.0
4325 849.0
4326 849.0
4327 849.0
4328 849.0
4329 849.0
4330 849.0
4331 849.0
4332 849.0
4333 849.0
4334 849.0
4335 849.0
4336 849.0
4337 849.0
4338 849.0
4339 849.0
4340 849.0
4341 849.0
4342 849.0
4343 849.0
4344 849.0
4345 849.0
4346 849.0
4347 849.0
4348 849.0
4349 849.0
4350 849.0
4351 849.0
4352 849.0
4353 849.0
4354 849.0
4355 849.0
4356 849.0
4357 849.0
4358 849.0
4359 849.0
4360 849.0
4361 849.0
4362 849.0
4363 849.0
4364 849.0
4365 849.0
4366 849.0
4367 849.0
4368 849.0
4369 849.0
4370 849.0
4371 849.0
4372 849.0
4373 849.0
4374 849.0
4375 849.0
4376 849.0
4377 849.0
4378 849.0
4379 849.0
4380 849.0
4381 849.0
4382 849.0
4383 849.0
4384 849.0
4385 849.0
4386 849.0
4387 849.0
4388 849.0
4389 849.0
4390 849.0
4391 849.0
4392 849.0
4393 849.0
4394 849.0
4395 849.0
4396 849.0
4397 849.0
4398 849.0
4399 849.0
4400 849.0
4401 849.0
4402 849.0
4403 849.0
4404 849.0
4405 849.0
4406 849.0
4407 849.0
4408 849.0
4409 849.0
4410 849.0
4411 849.0
4412 849.0
4413 849.0
4414 849.0
4415 849.0
4416 849.0
4417 849.0
4418 849.0
4419 849.0
4420 849.0
4421 849.0
4422 849.0
4423 849.0
4424 849.0
4425 849.0
4426 849.0
4427 849.0
4428 849.0
4429 849.0
4430 849.0
4431 849.0
4432 849.0
4433 849.0
4434 849.0
4435 849.0
4436 849.0
4437 849.0
4438 849.0
4439 849.0
4440 849.0
4441 849.0
4442 849.0
4443 849.0
4444 849.0
4445 849.0
4446 849.0
4447 849.0
4448 849.0
4449 849.0
4450 849.0
4451 849.0
4452 849.0
4453 849.0
4454 849.0
4455 849.0
4456 849.0
4457 849.0
4458 849.0
4459 849.0
4460 849.0
4461 849.0
4462 849.0
4463 849.0
4464 849.0
4465 849.0
4466 849.0
4467 849.0
4468 849.0
4469 849.0
4470 849.0
4471 849.0
4472 849.0
4473 849.0
4474 849.0
4475 849.0
4476 849.0
4477 849.0
4478 849.0
4479 849.0
4480 849.0
4481 849.0
4482 849.0
4483 849.0
4484 849.0
4485 849.0
4486 849.0
4487 849.0
4488 849.0
4489 849.0
4490 849.0
4491 849.0
4492 849.0
4493 849.0
4494 849.0
4495 849.0
4496 849.0
4497 849.0
4498 849.0
4499 849.0
4500 849.0
4501 849.0
4502 849.0
4503 849.0
4504 849.0
4505 849.0
4506 849.0
4507 849.0
4508 849.0
4509 849.0
4510 849.0
4511 849.0
4512 849.0
4513 849.0
4514 849.0
4515 849.0
4516 849.0
4517 849.0
4518 849.0
4519 849.0
4520 849.0
4521 849.0
4522 849.0
4523 849.0
4524 849.0
4525 849.0
4526 849.0
4527 849.0
4528 849.0
4529 849.0
4530 849.0
4531 849.0
4532 849.0
4533 849.0
4534 849.0
4535 849.0
4536 849.0
4537 849.0
4538 849.0
4539 849.0
4540 849.0
4541 849.0
4542 849.0
4543 849.0
4544 849.0
4545 849.0
4546 849.0
4547 849.0
4548 849.0
4549 849.0
4550 849.0
4551 849.0
4552 849.0
4553 849.0
4554 849.0
4555 849.0
4556 849.0
4557 849.0
4558 849.0
4559 849.0
4560 849.0
4561 849.0
4562 849.0
4563 849.0
4564 849.0
4565 849.0
4566 849.0
4567 849.0
4568 849.0
4569 849.0
4570 849.0
4571 849.0
4572 849.0
4573 849.0
4574 849.0
4575 849.0
4576 849.0
4577 849.0
4578 849.0
4579 849.0
4580 849.0
4581 849.0
4582 849.0
4583 849.0
4584 849.0
4585 849.0
4586 849.0
4587 849.0
4588 849.0
4589 849.0
4590 849.0
4591 849.0
4592 849.0
4593 849.0
4594 849.0
4595 849.0
4596 849.0
4597 849.0
4598 849.0
4599 849.0
4600 849.0
4601 849.0
4602 849.0
4603 849.0
4604 849.0
4605 849.0
4606 849.0
4607 849.0
4608 849.0
4609 849.0
4610 849.0
4611 849.0
4612 849.0
4613 849.0
4614 849.0
4615 849.0
4616 849.0
4617 849.0
4618 849.0
4619 849.0
4620 849.0
4621 849.0
4622 849.0
4623 849.0
4624 849.0
4625 849.0
4626 849.0
4627 849.0
4628 849.0
4629 849.0
4630 849.0
4631 849.0
4632 849.0
4633 849.0
4634 849.0
4635 849.0
4636 849.0
4637 849.0
4638 849.0
4639 849.0
4640 849.0
4641 849.0
4642 849.0
4643 849.0
4644 849.0
4645 849.0
4646 849.0
4647 849.0
4648 849.0
4649 849.0
4650 849.0
4651 849.0
4652 849.0
4653 849.0
4654 849.0
4655 849.0
4656 849.0
4657 849.0
4658 849.0
4659 849.0
4660 849.0
4661 849.0
4662 849.0
4663 849.0
4664 849.0
4665 849.0
4666 849.0
4667 849.0
4668 849.0
4669 849.0
4670 849.0
4671 849.0
4672 849.0
4673 849.0
4674 849.0
4675 849.0
4676 849.0
4677 849.0
4678 849.0
4679 849.0
4680 849.0
4681 849.0
4682 849.0
4683 849.0
4684 849.0
4685 849.0
4686 849.0
4687 849.0
4688 849.0
4689 849.0
4690 849.0
4691 849.0
4692 849.0
4693 849.0
4694 849.0
4695 849.0
4696 849.0
4697 849.0
4698 849.0
4699 849.0
4700 849.0
4701 849.0
4702 849.0
4703 849.0
4704 849.0
4705 849.0
4706 849.0
4707 849.0
4708 849.0
4709 849.0
4710 849.0
4711 849.0
4712 849.0
4713 849.0
4714 849.0
4715 849.0
4716 849.0
4717 849.0
4718 849.0
4719 849.0
4720 849.0
4721 849.0
4722 849.0
4723 849.0
4724 849.0
4725 849.0
4726 849.0
4727 849.0
4728 849.0
4729 849.0
4730 849.0
4731 849.0
4732 849.0
4733 849.0
4734 849.0
4735 849.0
4736 849.0
4737 849.0
4738 849.0
4739 849.0
4740 849.0
4741 849.0
4742 849.0
4743 849.0
4744 849.0
4745 849.0
4746 849.0
4747 849.0
4748 849.0
4749 849.0
4750 849.0
4751 849.0
4752 849.0
4753 849.0
4754 849.0
4755 849.0
4756 849.0
4757 849.0
4758 849.0
4759 849.0
4760 849.0
4761 849.0
4762 849.0
4763 849.0
4764 849.0
4765 849.0
4766 849.0
4767 849.0
4768 849.0
4769 849.0
4770 849.0
4771 849.0
4772 849.0
4773 849.0
4774 849.0
4775 849.0
4776 849.0
4777 849.0
4778 849.0
4779 849.0
4780 849.0
4781 849.0
4782 849.0
4783 849.0
4784 849.0
4785 849.0
4786 849.0
4787 849.0
4788 849.0
4789 849.0
4790 849.0
4791 849.0
4792 849.0
4793 849.0
4794 849.0
4795 849.0
4796 849.0
4797 849.0
4798 849.0
4799 849.0
4800 849.0
4801 849.0
4802 849.0
4803 849.0
4804 849.0
4805 849.0
4806 849.0
4807 849.0
4808 849.0
4809 849.0
4810 849.0
4811 849.0
4812 849.0
4813 849.0
4814 849.0
4815 849.0
4816 849.0
4817 849.0
4818 849.0
4819 849.0
4820 849.0
4821 849.0
4822 849.0
4823 849.0
4824 849.0
4825 849.0
4826 849.0
4827 849.0
4828 849.0
4829 849.0
4830 849.0
4831 849.0
4832 849.0
4833 849.0
4834 849.0
4835 849.0
4836 849.0
4837 849.0
4838 849.0
4839 849.0
4840 849.0
4841 849.0
4842 849.0
4843 849.0
4844 849.0
4845 849.0
4846 849.0
4847 849.0
4848 849.0
4849 849.0
4850 849.0
4851 849.0
4852 849.0
4853 849.0
4854 849.0
4855 849.0
4856 849.0
4857 849.0
4858 849.0
4859 849.0
4860 849.0
4861 849.0
4862 849.0
4863 849.0
4864 849.0
4865 849.0
4866 849.0
4867 849.0
4868 849.0
4869 849.0
4870 849.0
4871 849.0
4872 849.0
4873 849.0
4874 849.0
4875 849.0
4876 849.0
4877 849.0
4878 849.0
4879 849.0
4880 849.0
4881 849.0
4882 849.0
4883 849.0
4884 849.0
4885 849.0
4886 849.0
4887 849.0
4888 849.0
4889 849.0
4890 849.0
4891 849.0
4892 849.0
4893 849.0
4894 849.0
4895 849.0
4896 849.0
4897 849.0
4898 849.0
4899 849.0
4900 849.0
4901 849.0
4902 849.0
4903 849.0
4904 849.0
4905 849.0
4906 849.0
4907 849.0
4908 849.0
4909 849.0
4910 849.0
4911 849.0
4912 849.0
4913 849.0
4914 849.0
4915 849.0
4916 849.0
4917 849.0
4918 849.0
4919 849.0
4920 849.0
4921 849.0
4922 849.0
4923 849.0
4924 849.0
4925 849.0
4926 849.0
4927 849.0
4928 849.0
4929 849.0
4930 849.0
4931 849.0
4932 849.0
4933 849.0
4934 849.0
4935 849.0
4936 849.0
4937 849.0
4938 849.0
4939 849.0
4940 849.0
4941 849.0
4942 849.0
4943 849.0
4944 849.0
4945 849.0
4946 849.0
4947 849.0
4948 849.0
4949 849.0
4950 849.0
4951 849.0
4952 849.0
4953 849.0
4954 849.0
4955 849.0
4956 849.0
4957 849.0
4958 849.0
4959 849.0
4960 849.0
4961 849.0
4962 849.0
4963 849.0
4964 849.0
4965 849.0
4966 849.0
4967 849.0
4968 849.0
4969 849.0
4970 849.0
4971 849.0
4972 849.0
4973 849.0
4974 849.0
4975 849.0
4976 849.0
4977 849.0
4978 849.0
4979 849.0
4980 849.0
4981 849.0
4982 849.0
4983 849.0
4984 849.0
4985 849.0
4986 849.0
4987 849.0
4988 849.0
4989 849.0
4990 849.0
4991 849.0
4992 849.0
4993 849.0
4994 849.0
4995 849.0
4996 849.0
4997 849.0
4998 849.0
4999 849.0
