0 46361.0
1 45452.0
2 45452.0
3 44555.0
4 43972.0
5 43972.0
6 43972.0
7 43972.0
8 43972.0
9 43972.0
10 43972.0
11 43972.0
12 40787.0
13 40224.0
14 31666.0
15 31439.0
16 31439.0
17 31439.0
18 31439.0
19 31439.0
20 29960.0
21 29718.0
22 29718.0
23 29235.0
24 29235.0
25 29235.0
26 29235.0
27 29235.0
28 29235.0
29 29235.0
30 29235.0
31 28756.0
32 28756.0
33 28756.0
34 28518.0
35 28518.0
36 28518.0
37 28281.0
38 28281.0
39 28045.0
40 24661.0
41 24661.0
42 24661.0
43 24661.0
44 24661.0
45 24661.0
46 24661.0
47 24661.0
48 24661.0
49 24661.0
50 24661.0
51 24661.0
52 24661.0
53 24661.0
54 24661.0
55 24661.0
56 24661.0
57 24661.0
58 24661.0
59 24661.0
60 24661.0
61 24661.0
62 24661.0
63 24661.0
64 24661.0
65 24661.0
66 24661.0
67 24661.0
68 24661.0
69 24661.0
70 24661.0
71 24661.0
72 24661.0
73 24661.0
74 24661.0
75 24661.0
76 24661.0
77 24661.0
78 24661.0
79 24661.0
80 24661.0
81 24661.0
82 24661.0
83 24661.0
84 24661.0
85 23226.0
86 23014.0
87 23014.0
88 23014.0
89 23014.0
90 23014.0
91 23014.0
92 23014.0
93 23014.0
94 23014.0
95 23014.0
96 23014.0
97 23014.0
98 23014.0
99 23014.0
100 23014.0
101 23014.0
102 23014.0
103 23014.0
104 22592.0
105 22592.0
106 22592.0
107 22592.0
108 22592.0
109 22592.0
110 22592.0
111 22592.0
112 22592.0
113 22592.0
114 22592.0
115 22592.0
116 22592.0
117 22592.0
118 22592.0
119 22592.0
120 22592.0
121 22592.0
122 22592.0
123 22592.0
124 22592.0
125 22592.0
126 22592.0
127 22592.0
128 22592.0
129 22592.0
130 22592.0
131 22592.0
132 22592.0
133 22592.0
134 22592.0
135 22592.0
136 22592.0
137 22592.0
138 18204.0
139 18204.0
140 18204.0
141 18204.0
142 18204.0
143 18204.0
144 18204.0
145 18204.0
146 18204.0
147 18204.0
148 18204.0
149 18204.0
150 18204.0
151 18204.0
152 18204.0
153 18204.0
154 18204.0
155 18204.0
156 18204.0
157 18204.0
158 18204.0
159 18204.0
160 18204.0
161 18204.0
162 18204.0
163 18204.0
164 18204.0
165 18182.0
166 18017.0
167 18017.0
168 18017.0
169 18017.0
170 18017.0
171 18017.0
172 18017.0
173 18017.0
174 18017.0
175 18017.0
176 18017.0
177 18017.0
178 18017.0
179 18017.0
180 18017.0
181 18017.0
182 18017.0
183 17645.0
184 17645.0
185 17645.0
186 17645.0
187 17645.0
188 17645.0
189 17645.0
190 17645.0
191 17645.0
192 17645.0
193 17645.0
194 17645.0
195 17645.0
196 17645.0
197 17645.0
198 17645.0
199 17645.0
200 16016.0
201 16016.0
202 16016.0
203 16016.0
204 16016.0
205 16016.0
206 16016.0
207 16016.0
208 16016.0
209 16016.0
210 16016.0
211 16016.0
212 16016.0
213 16016.0
214 15839.0
215 15839.0
216 15839.0
217 15839.0
218 15839.0
219 11916.0
220 11898.0
221 11898.0
222 11898.0
223 11898.0
224 11898.0
225 11898.0
226 11749.0
227 11749.0
228 11749.0
229 11749.0
230 11749.0
231 11749.0
232 11749.0
233 11749.0
234 11749.0
235 11749.0
236 11749.0
237 11749.0
238 11749.0
239 11749.0
240 11749.0
241 11749.0
242 11749.0
243 11749.0
244 11749.0
245 11749.0
246 11749.0
247 11749.0
248 11749.0
249 11749.0
250 11749.0
251 11749.0
252 11749.0
253 11749.0
254 11749.0
255 11749.0
256 11749.0
257 11749.0
258 11749.0
259 11749.0
260 11749.0
261 11749.0
262 11749.0
263 11749.0
264 11749.0
265 11749.0
266 11749.0
267 11749.0
268 11749.0
269 11749.0
270 11749.0
271 11749.0
272 11749.0
273 11749.0
274 11749.0
275 11749.0
276 11749.0
277 11749.0
278 11749.0
279 11749.0
280 11749.0
281 11749.0
282 11749.0
283 11749.0
284 11749.0
285 11749.0
286 11749.0
287 11749.0
288 11749.0
289 11749.0
290 11749.0
291 11749.0
292 11749.0
293 11749.0
294 11749.0
295 11749.0
296 11749.0
297 11749.0
298 11749.0
299 11749.0
300 11749.0
301 11749.0
302 11749.0
303 11749.0
304 11749.0
305 11749.0
306 11749.0
307 11749.0
308 11749.0
309 11749.0
310 11749.0
311 11749.0
312 11749.0
313 11749.0
314 11749.0
315 11749.0
316 11749.0
317 11749.0
318 11749.0
319 11749.0
320 11749.0
321 11749.0
322 11749.0
323 11749.0
324 11749.0
325 11749.0
326 11749.0
327 11749.0
328 11749.0
329 11749.0
330 11749.0
331 11749.0
332 11749.0
333 11749.0
334 11749.0
335 11749.0
336 11749.0
337 11749.0
338 11749.0
339 11749.0
340 11749.0
341 11749.0
342 11749.0
343 11749.0
344 11749.0
345 11749.0
346 11749.0
347 11749.0
348 11749.0
349 11749.0
350 11749.0
351 11749.0
352 11026.0
353 11026.0
354 11026.0
355 11026.0
356 11026.0
357 11026.0
358 11026.0
359 11026.0
360 11026.0
361 11026.0
362 11026.0
363 11026.0
364 11026.0
365 11026.0
366 11026.0
367 11026.0
368 11026.0
369 11026.0
370 11026.0
371 9262.0
372 9262.0
373 9262.0
374 9262.0
375 9262.0
376 9262.0
377 9262.0
378 9262.0
379 9262.0
380 9262.0
381 9262.0
382 9162.0
383 9162.0
384 9162.0
385 9162.0
386 9162.0
387 9162.0
388 8532.0
389 8532.0
390 8532.0
391 8532.0
392 8532.0
393 8532.0
394 8532.0
395 8532.0
396 8532.0
397 8532.0
398 8532.0
399 8532.0
400 8532.0
401 8532.0
402 8532.0
403 8532.0
404 8532.0
405 8532.0
406 7036.0
407 7036.0
408 7036.0
409 7036.0
410 7036.0
411 7036.0
412 7036.0
413 7036.0
414 7036.0
415 7036.0
416 7036.0
417 7036.0
418 7036.0
419 7036.0
420 7036.0
421 7036.0
422 7036.0
423 7036.0
424 7036.0
425 7036.0
426 7036.0
427 7036.0
428 7036.0
429 7036.0
430 7036.0
431 7036.0
432 7036.0
433 7036.0
434 7036.0
435 7036.0
436 7036.0
437 7036.0
438 7036.0
439 7036.0
440 7036.0
441 7036.0
442 7036.0
443 7036.0
444 7036.0
445 7036.0
446 7036.0
447 7036.0
448 7036.0
449 7036.0
450 7036.0
451 7036.0
452 7036.0
453 7036.0
454 7036.0
455 7036.0
456 7036.0
457 7036.0
458 7036.0
459 7036.0
460 7036.0
461 7036.0
462 7036.0
463 7036.0
464 7036.0
465 7036.0
466 7036.0
467 7036.0
468 7036.0
469 7036.0
470 6932.0
471 6932.0
472 6932.0
473 6932.0
474 6932.0
475 6932.0
476 6932.0
477 6932.0
478 6932.0
479 6932.0
480 6524.0
481 6524.0
482 6524.0
483 6524.0
484 6524.0
485 6524.0
486 6524.0
487 6524.0
488 6524.0
489 6524.0
490 6524.0
491 6524.0
492 6524.0
493 6524.0
494 6524.0
495 6524.0
496 6524.0
497 6524.0
498 6524.0
499 6524.0
500 6524.0
501 6524.0
502 6524.0
503 6524.0
504 6524.0
505 6524.0
506 6524.0
507 6524.0
508 6524.0
509 6524.0
510 6524.0
511 6524.0
512 6524.0
513 6524.0
514 6524.0
515 6524.0
516 6524.0
517 6524.0
518 6524.0
519 6524.0
520 6524.0
521 6524.0
522 6524.0
523 6524.0
524 6524.0
525 6524.0
526 6524.0
527 6524.0
528 6524.0
529 6524.0
530 6524.0
531 6524.0
532 6524.0
533 6524.0
534 6524.0
535 6524.0
536 6524.0
537 6524.0
538 6524.0
539 6524.0
540 6524.0
541 6524.0
542 6524.0
543 6524.0
544 6524.0
545 6524.0
546 6524.0
547 6524.0
548 6524.0
549 6524.0
550 6524.0
551 6524.0
552 6524.0
553 6524.0
554 6524.0
555 6524.0
556 6524.0
557 6524.0
558 6524.0
559 6524.0
560 6524.0
561 6524.0
562 6524.0
563 6524.0
564 6524.0
565 6524.0
566 6524.0
567 6524.0
568 6524.0
569 6524.0
570 6524.0
571 6524.0
572 6524.0
573 6524.0
574 6524.0
575 6524.0
576 6524.0
577 6524.0
578 6524.0
579 6524.0
580 6524.0
581 6524.0
582 6524.0
583 6524.0
584 6524.0
585 6524.0
586 6524.0
587 6524.0
588 6524.0
589 6524.0
590 6524.0
591 6524.0
592 6524.0
593 6524.0
594 6524.0
595 6524.0
596 6524.0
597 6524.0
598 6524.0
599 6524.0
600 6524.0
601 6524.0
602 6524.0
603 6524.0
604 6524.0
605 6524.0
606 6524.0
607 6524.0
608 6524.0
609 6524.0
610 6524.0
611 6524.0
612 6524.0
613 6524.0
614 6524.0
615 6524.0
616 6524.0
617 6524.0
618 6524.0
619 6524.0
620 6524.0
621 6524.0
622 6524.0
623 6524.0
624 6524.0
625 6524.0
626 6524.0
627 6524.0
628 6524.0
629 6475.0
630 6475.0
631 6475.0
632 6475.0
633 6475.0
634 6475.0
635 6475.0
636 6475.0
637 6475.0
638 6475.0
639 6475.0
640 6475.0
641 6475.0
642 6475.0
643 6475.0
644 6475.0
645 6475.0
646 6475.0
647 6475.0
648 6475.0
649 6475.0
650 6475.0
651 6475.0
652 6475.0
653 6475.0
654 6475.0
655 6475.0
656 6475.0
657 6475.0
658 6475.0
659 6475.0
660 6475.0
661 6475.0
662 6475.0
663 6475.0
664 6475.0
665 6475.0
666 6475.0
667 6475.0
668 6475.0
669 6475.0
670 6475.0
671 6475.0
672 6475.0
673 6475.0
674 6475.0
675 6475.0
676 6475.0
677 6475.0
678 6475.0
679 6475.0
680 6475.0
681 6475.0
682 6475.0
683 6475.0
684 6475.0
685 6475.0
686 6475.0
687 6475.0
688 6475.0
689 6475.0
690 6475.0
691 6475.0
692 6475.0
693 6475.0
694 6475.0
695 6475.0
696 6475.0
697 6475.0
698 6475.0
699 6475.0
700 6475.0
701 6475.0
702 6475.0
703 6475.0
704 6475.0
705 6299.0
706 6299.0
707 6299.0
708 6299.0
709 6299.0
710 6299.0
711 6299.0
712 6299.0
713 6299.0
714 6299.0
715 6299.0
716 6299.0
717 6299.0
718 6299.0
719 6299.0
720 6299.0
721 6299.0
722 6299.0
723 6299.0
724 6299.0
725 6299.0
726 6299.0
727 6299.0
728 6299.0
729 6299.0
730 6299.0
731 6299.0
732 6299.0
733 6299.0
734 6299.0
735 6299.0
736 6299.0
737 6299.0
738 6299.0
739 6299.0
740 6299.0
741 6299.0
742 6299.0
743 6299.0
744 6299.0
745 6299.0
746 6299.0
747 6299.0
748 6299.0
749 6299.0
750 6299.0
751 6299.0
752 6299.0
753 6299.0
754 6299.0
755 6299.0
756 6299.0
757 6299.0
758 6299.0
759 6299.0
760 6299.0
761 6299.0
762 6299.0
763 6299.0
764 6299.0
765 6299.0
766 6299.0
767 6299.0
768 6299.0
769 6299.0
770 6299.0
771 6299.0
772 6299.0
773 6299.0
774 6299.0
775 6299.0
776 6299.0
777 6299.0
778 6299.0
779 6299.0
780 6299.0
781 6299.0
782 6299.0
783 6299.0
784 6299.0
785 6299.0
786 6299.0
787 6299.0
788 6299.0
789 6299.0
790 6299.0
791 6299.0
792 6299.0
793 6299.0
794 6299.0
795 6299.0
796 6299.0
797 6299.0
798 6299.0
799 6299.0
800 6299.0
801 6299.0
802 6299.0
803 6299.0
804 6299.0
805 6299.0
806 6299.0
807 6299.0
808 6299.0
809 6299.0
810 6299.0
811 6299.0
812 6299.0
813 6299.0
814 6299.0
815 6299.0
816 6299.0
817 6299.0
818 6299.0
819 6299.0
820 6299.0
821 6299.0
822 6299.0
823 6299.0
824 6299.0
825 6299.0
826 6299.0
827 6299.0
828 6299.0
829 6299.0
830 6299.0
831 6299.0
832 6299.0
833 6299.0
834 6299.0
835 6299.0
836 6299.0
837 6299.0
838 6299.0
839 6299.0
840 6299.0
841 6299.0
842 6299.0
843 6299.0
844 6299.0
845 6299.0
846 6299.0
847 6299.0
848 6299.0
849 6299.0
850 6299.0
851 6299.0
852 6299.0
853 6299.0
854 6299.0
855 6299.0
856 6299.0
857 6299.0
858 6299.0
859 6299.0
860 6299.0
861 6299.0
862 6299.0
863 6299.0
864 6299.0
865 6299.0
866 6299.0
867 6299.0
868 6299.0
869 6299.0
870 6299.0
871 6299.0
872 6299.0
873 6299.0
874 6299.0
875 6299.0
876 6299.0
877 6299.0
878 6299.0
879 6299.0
880 6299.0
881 6299.0
882 6299.0
883 6299.0
884 6299.0
885 6299.0
886 6299.0
887 6299.0
888 6299.0
889 6299.0
890 6299.0
891 6299.0
892 6299.0
893 6299.0
894 6299.0
895 6299.0
896 6299.0
897 6299.0
898 6299.0
899 6299.0
900 6299.0
901 6299.0
902 6299.0
903 6299.0
904 6299.0
905 6299.0
906 6299.0
907 6299.0
908 6299.0
909 6299.0
910 6299.0
911 6299.0
912 6299.0
913 6299.0
914 6299.0
915 6299.0
916 6299.0
917 6299.0
918 6299.0
919 6299.0
920 6299.0
921 6299.0
922 6299.0
923 6299.0
924 6299.0
925 6299.0
926 6299.0
927 6299.0
928 6299.0
929 6299.0
930 6299.0
931 6299.0
932 6299.0
933 6299.0
934 6299.0
935 6299.0
936 6299.0
937 6299.0
938 6299.0
939 6299.0
940 6299.0
941 6299.0
942 6299.0
943 6299.0
944 6299.0
945 6299.0
946 6299.0
947 6299.0
948 6299.0
949 6299.0
950 6299.0
951 6299.0
952 6299.0
953 6299.0
954 6299.0
955 6299.0
956 6299.0
957 6299.0
958 6299.0
959 6299.0
960 6299.0
961 6299.0
962 6299.0
963 6299.0
964 6299.0
965 6299.0
966 6299.0
967 6299.0
968 6299.0
969 6299.0
970 6299.0
971 6299.0
972 6299.0
973 6299.0
974 6299.0
975 6299.0
976 6299.0
977 6299.0
978 6299.0
979 6299.0
980 6299.0
981 6299.0
982 6299.0
983 1667.0
984 1667.0
985 1667.0
986 1667.0
987 1667.0
988 1667.0
989 1667.0
990 1667.0
991 1667.0
992 1667.0
993 1667.0
994 1667.0
995 1667.0
996 1667.0
997 1667.0
998 1667.0
999 1667.0
1000 1667.0
1001 1667.0
1002 1667.0
1003 1667.0
1004 1268.0
1005 1268.0
1006 1268.0
1007 1268.0
1008 1268.0
1009 1268.0
1010 1268.0
1011 1268.0
1012 1268.0
1013 1268.0
1014 1268.0
1015 1268.0
1016 1268.0
1017 1268.0
1018 1268.0
1019 1268.0
1020 1268.0
1021 1268.0
1022 1268.0
1023 1268.0
1024 1268.0
1025 1268.0
1026 1268.0
1027 1268.0
1028 1268.0
1029 1268.0
1030 1268.0
1031 1268.0
1032 1268.0
1033 1268.0
1034 1268.0
1035 1268.0
1036 1268.0
1037 1268.0
1038 1268.0
1039 1268.0
1040 1268.0
1041 1268.0
1042 1268.0
1043 1268.0
1044 1268.0
1045 1268.0
1046 1268.0
1047 1268.0
1048 1268.0
1049 1268.0
1050 1268.0
1051 1268.0
1052 1268.0
1053 1268.0
1054 1268.0
1055 1268.0
1056 1268.0
1057 1268.0
1058 1268.0
1059 1268.0
1060 1268.0
1061 1268.0
1062 1268.0
1063 1268.0
1064 1268.0
1065 1268.0
1066 1268.0
1067 1268.0
1068 1268.0
1069 1268.0
1070 1268.0
1071 1268.0
1072 1268.0
1073 1268.0
1074 1268.0
1075 1268.0
1076 1268.0
1077 1268.0
1078 1268.0
1079 1268.0
1080 1268.0
1081 1268.0
1082 1268.0
1083 1268.0
1084 1268.0
1085 1268.0
1086 1268.0
1087 1268.0
1088 1268.0
1089 1268.0
1090 1268.0
1091 1268.0
1092 1268.0
1093 1268.0
1094 1268.0
1095 1268.0
1096 1268.0
1097 1268.0
1098 1268.0
1099 1268.0
1100 1268.0
1101 1268.0
1102 1268.0
1103 1268.0
1104 1268.0
1105 1268.0
1106 1268.0
1107 1189.0
1108 1189.0
1109 1189.0
1110 1189.0
1111 1189.0
1112 1189.0
1113 1189.0
1114 1189.0
1115 1189.0
1116 1189.0
1117 1189.0
1118 1189.0
1119 1189.0
1120 1189.0
1121 1189.0
1122 1189.0
1123 1189.0
1124 1189.0
1125 1189.0
1126 1189.0
1127 1189.0
1128 1189.0
1129 1189.0
1130 1189.0
1131 1189.0
1132 1189.0
1133 1189.0
1134 1189.0
1135 1189.0
1136 1189.0
1137 1189.0
1138 1189.0
1139 1189.0
1140 1189.0
1141 1189.0
1142 1189.0
1143 1189.0
1144 1189.0
1145 1189.0
1146 1189.0
1147 1189.0
1148 1189.0
1149 1189.0
1150 1189.0
1151 1189.0
1152 1189.0
1153 1189.0
1154 1189.0
1155 1189.0
1156 1189.0
1157 1189.0
1158 1189.0
1159 1189.0
1160 1189.0
1161 1189.0
1162 1189.0
1163 1189.0
1164 1189.0
1165 1189.0
1166 1189.0
1167 1189.0
1168 1189.0
1169 1189.0
1170 1189.0
1171 1189.0
1172 1189.0
1173 1189.0
1174 1189.0
1175 1189.0
1176 1189.0
1177 1189.0
1178 1189.0
1179 1189.0
1180 1189.0
1181 1189.0
1182 1189.0
1183 1189.0
1184 1189.0
1185 1189.0
1186 1189.0
1187 1189.0
1188 1189.0
1189 1189.0
1190 1189.0
1191 1189.0
1192 1189.0
1193 1189.0
1194 1189.0
1195 1189.0
1196 1189.0
1197 1189.0
1198 1189.0
1199 1189.0
1200 1189.0
1201 1189.0
1202 1189.0
1203 1189.0
1204 1189.0
1205 1189.0
1206 1189.0
1207 1189.0
1208 1189.0
1209 1189.0
1210 1189.0
1211 1189.0
1212 1189.0
1213 1189.0
1214 1189.0
1215 1189.0
1216 1189.0
1217 1189.0
1218 1189.0
1219 1189.0
1220 1189.0
1221 1189.0
1222 1189.0
1223 1189.0
1224 1189.0
1225 1189.0
1226 1189.0
1227 1189.0
1228 1189.0
1229 1189.0
1230 1189.0
1231 1189.0
1232 1189.0
1233 1189.0
1234 1189.0
1235 1189.0
1236 1189.0
1237 1189.0
1238 1189.0
1239 1189.0
1240 1189.0
1241 1189.0
1242 1189.0
1243 1189.0
1244 1189.0
1245 1189.0
1246 1189.0
1247 1189.0
1248 1189.0
1249 1189.0
1250 1189.0
1251 1189.0
1252 1189.0
1253 1189.0
1254 1189.0
1255 1189.0
1256 1189.0
1257 1189.0
1258 1189.0
1259 1189.0
1260 1189.0
1261 1189.0
1262 1189.0
1263 1189.0
1264 1189.0
1265 1189.0
1266 1189.0
1267 1189.0
1268 1189.0
1269 1189.0
1270 1189.0
1271 1189.0
1272 1189.0
1273 1189.0
1274 1189.0
1275 1189.0
1276 1189.0
1277 1189.0
1278 1189.0
1279 1189.0
1280 1189.0
1281 1189.0
1282 1189.0
1283 1189.0
1284 1189.0
1285 1189.0
1286 1189.0
1287 1189.0
1288 1189.0
1289 1189.0
1290 1189.0
1291 1189.0
1292 1189.0
1293 1189.0
1294 1189.0
1295 1189.0
1296 1189.0
1297 1189.0
1298 1189.0
1299 1189.0
1300 1189.0
1301 1189.0
1302 1189.0
1303 1189.0
1304 1189.0
1305 1189.0
1306 1189.0
1307 1189.0
1308 1189.0
1309 1189.0
1310 1137.0
1311 1137.0
1312 1137.0
1313 1137.0
1314 1129.0
1315 1129.0
1316 1129.0
1317 1129.0
1318 1129.0
1319 1129.0
1320 1129.0
1321 1129.0
1322 1129.0
1323 1129.0
1324 1129.0
1325 1129.0
1326 1129.0
1327 1066.0
1328 1066.0
1329 1066.0
1330 1066.0
1331 1066.0
1332 1066.0
1333 1066.0
1334 1066.0
1335 1066.0
1336 1066.0
1337 1066.0
1338 1066.0
1339 1066.0
1340 1066.0
1341 1066.0
1342 1066.0
1343 1066.0
1344 1066.0
1345 1066.0
1346 1066.0
1347 1066.0
1348 1066.0
1349 1066.0
1350 1066.0
1351 1066.0
1352 1066.0
1353 1066.0
1354 1066.0
1355 1066.0
1356 1066.0
1357 1066.0
1358 1066.0
1359 1066.0
1360 1066.0
1361 1066.0
1362 1066.0
1363 1066.0
1364 1066.0
1365 1066.0
1366 1066.0
1367 1066.0
1368 1066.0
1369 1066.0
1370 1066.0
1371 1066.0
1372 1066.0
1373 1066.0
1374 1066.0
1375 1066.0
1376 1066.0
1377 1066.0
1378 1066.0
1379 1066.0
1380 1066.0
1381 1066.0
1382 1066.0
1383 1066.0
1384 1066.0
1385 1066.0
1386 1066.0
1387 1066.0
1388 1066.0
1389 1066.0
1390 1066.0
1391 1066.0
1392 1066.0
1393 1066.0
1394 1066.0
1395 1066.0
1396 1066.0
1397 1066.0
1398 1066.0
1399 1066.0
1400 1066.0
1401 1066.0
1402 1066.0
1403 1066.0
1404 1066.0
1405 1066.0
1406 1066.0
1407 1066.0
1408 1066.0
1409 1066.0
1410 1066.0
1411 1066.0
1412 1066.0
1413 1066.0
1414 1066.0
1415 1066.0
1416 1066.0
1417 1066.0
1418 1066.0
1419 1066.0
1420 1066.0
1421 1066.0
1422 1066.0
1423 1066.0
1424 1066.0
1425 1066.0
1426 1066.0
1427 1066.0
1428 1066.0
1429 1066.0
1430 1066.0
1431 1066.0
1432 1066.0
1433 1066.0
1434 1066.0
1435 1066.0
1436 1066.0
1437 1066.0
1438 1066.0
1439 1066.0
1440 1066.0
1441 1066.0
1442 1066.0
1443 1066.0
1444 1066.0
1445 1066.0
1446 1066.0
1447 1066.0
1448 1066.0
1449 1066.0
1450 1066.0
1451 1066.0
1452 1066.0
1453 1066.0
1454 1066.0
1455 1066.0
1456 1066.0
1457 1066.0
1458 1066.0
1459 1066.0
1460 1066.0
1461 1066.0
1462 1066.0
1463 1066.0
1464 1066.0
1465 1066.0
1466 1066.0
1467 1066.0
1468 1066.0
1469 1066.0
1470 1066.0
1471 1066.0
1472 1066.0
1473 1066.0
1474 1066.0
1475 1066.0
1476 1066.0
1477 1066.0
1478 1066.0
1479 1066.0
1480 1066.0
1481 1066.0
1482 1066.0
1483 1066.0
1484 1066.0
1485 1066.0
1486 1066.0
1487 1066.0
1488 1066.0
1489 1066.0
1490 1066.0
1491 1066.0
1492 1066.0
1493 1066.0
1494 1066.0
1495 1066.0
1496 1066.0
1497 1066.0
1498 1066.0
1499 1066.0
1500 1066.0
1501 1066.0
1502 1066.0
1503 1066.0
1504 1066.0
1505 1066.0
1506 1066.0
1507 1066.0
1508 1066.0
1509 1066.0
1510 1066.0
1511 1066.0
1512 1066.0
1513 1066.0
1514 1066.0
1515 1066.0
1516 1066.0
1517 1066.0
1518 1066.0
1519 1066.0
1520 1066.0
1521 1066.0
1522 1066.0
1523 1066.0
1524 1066.0
1525 1066.0
1526 1066.0
1527 1066.0
1528 1066.0
1529 1066.0
1530 1066.0
1531 1066.0
1532 1066.0
1533 1066.0
1534 1066.0
1535 1066.0
1536 1066.0
1537 1066.0
1538 1066.0
1539 1066.0
1540 1066.0
1541 1030.0
1542 1030.0
1543 1030.0
1544 1030.0
1545 1030.0
1546 1030.0
1547 1030.0
1548 1030.0
1549 1030.0
1550 1030.0
1551 1030.0
1552 1030.0
1553 1030.0
1554 1030.0
1555 1030.0
1556 1030.0
1557 1030.0
1558 1030.0
1559 1030.0
1560 1030.0
1561 1030.0
1562 1030.0
1563 1030.0
1564 1030.0
1565 1030.0
1566 1030.0
1567 1030.0
1568 1030.0
1569 1030.0
1570 1030.0
1571 1030.0
1572 1030.0
1573 1030.0
1574 1030.0
1575 1030.0
1576 1030.0
1577 1030.0
1578 1030.0
1579 1030.0
1580 1030.0
1581 1030.0
1582 1030.0
1583 1030.0
1584 1030.0
1585 1030.0
1586 1030.0
1587 1030.0
1588 1030.0
1589 1030.0
1590 1030.0
1591 1030.0
1592 1030.0
1593 1030.0
1594 1030.0
1595 1030.0
1596 1030.0
1597 1030.0
1598 1030.0
1599 1030.0
1600 1030.0
1601 1030.0
1602 1030.0
1603 1030.0
1604 1030.0
1605 1030.0
1606 1030.0
1607 1030.0
1608 1030.0
1609 1030.0
1610 1030.0
1611 1030.0
1612 1030.0
1613 1030.0
1614 1030.0
1615 1030.0
1616 1030.0
1617 1030.0
1618 1030.0
1619 1030.0
1620 1030.0
1621 1030.0
1622 1030.0
1623 1030.0
1624 1030.0
1625 1030.0
1626 1030.0
1627 1030.0
1628 1030.0
1629 1030.0
1630 1030.0
1631 1030.0
1632 1030.0
1633 1030.0
1634 1030.0
1635 1030.0
1636 1030.0
1637 1030.0
1638 1030.0
1639 1030.0
1640 1030.0
1641 1030.0
1642 1030.0
1643 1030.0
1644 1030.0
1645 1030.0
1646 1030.0
1647 1030.0
1648 1030.0
1649 1030.0
1650 1030.0
1651 1030.0
1652 1030.0
1653 1030.0
1654 1030.0
1655 1030.0
1656 1030.0
1657 1030.0
1658 1030.0
1659 1030.0
1660 1030.0
1661 1030.0
1662 1030.0
1663 1030.0
1664 1030.0
1665 1030.0
1666 1030.0
1667 1030.0
1668 1030.0
1669 1030.0
1670 1030.0
1671 1030.0
1672 1030.0
1673 1030.0
1674 1030.0
1675 1030.0
1676 1030.0
1677 1030.0
1678 1030.0
1679 1030.0
1680 1030.0
1681 1030.0
1682 1030.0
1683 1030.0
1684 1030.0
1685 1030.0
1686 1030.0
1687 1030.0
1688 1030.0
1689 1030.0
1690 1030.0
1691 1030.0
1692 1030.0
1693 1030.0
1694 1030.0
1695 1030.0
1696 1030.0
1697 1030.0
1698 1030.0
1699 1030.0
1700 1030.0
1701 1030.0
1702 1030.0
1703 1030.0
1704 1030.0
1705 1030.0
1706 1030.0
1707 1030.0
1708 1030.0
1709 1030.0
1710 1030.0
1711 1030.0
1712 1030.0
1713 1030.0
1714 1030.0
1715 1030.0
1716 1030.0
1717 1030.0
1718 1030.0
1719 1030.0
1720 1030.0
1721 1030.0
1722 1030.0
1723 1030.0
1724 1030.0
1725 1030.0
1726 1030.0
1727 1030.0
1728 1030.0
1729 1002.0
1730 1002.0
1731 1002.0
1732 1002.0
1733 1002.0
1734 1002.0
1735 1002.0
1736 1002.0
1737 1002.0
1738 1002.0
1739 1002.0
1740 1002.0
1741 1002.0
1742 1002.0
1743 1002.0
1744 1002.0
1745 1002.0
1746 1002.0
1747 1002.0
1748 1002.0
1749 1002.0
1750 1002.0
1751 1002.0
1752 1002.0
1753 1002.0
1754 1002.0
1755 1002.0
1756 1002.0
1757 1002.0
1758 1002.0
1759 1002.0
1760 1002.0
1761 1002.0
1762 1002.0
1763 1002.0
1764 1002.0
1765 1002.0
1766 1002.0
1767 1002.0
1768 1002.0
1769 1002.0
1770 1002.0
1771 1002.0
1772 1002.0
1773 1002.0
1774 1002.0
1775 1002.0
1776 1002.0
1777 1002.0
1778 1002.0
1779 1002.0
1780 1002.0
1781 1002.0
1782 1002.0
1783 1002.0
1784 1002.0
1785 1002.0
1786 1002.0
1787 1002.0
1788 1002.0
1789 1002.0
1790 1002.0
1791 1002.0
1792 1002.0
1793 1002.0
1794 1002.0
1795 1002.0
1796 1002.0
1797 1002.0
1798 1002.0
1799 1002.0
1800 1002.0
1801 1002.0
1802 1002.0
1803 1002.0
1804 1002.0
1805 1002.0
1806 1002.0
1807 1002.0
1808 1002.0
1809 1002.0
1810 1002.0
1811 1002.0
1812 1002.0
1813 1002.0
1814 1002.0
1815 1002.0
1816 1002.0
1817 1002.0
1818 1002.0
1819 1002.0
1820 1002.0
1821 1002.0
1822 1002.0
1823 1002.0
1824 1002.0
1825 1002.0
1826 1002.0
1827 1002.0
1828 1002.0
1829 1002.0
1830 1002.0
1831 1002.0
1832 1002.0
1833 1002.0
1834 1002.0
1835 1002.0
1836 1002.0
1837 1002.0
1838 1002.0
1839 1002.0
1840 1002.0
1841 1002.0
1842 1002.0
1843 1002.0
1844 1002.0
1845 1002.0
1846 1002.0
1847 1002.0
1848 1002.0
1849 1002.0
1850 1002.0
1851 1002.0
1852 1002.0
1853 1002.0
1854 1002.0
1855 1002.0
1856 1002.0
1857 1002.0
1858 1002.0
1859 1002.0
1860 1002.0
1861 1002.0
1862 1002.0
1863 1002.0
1864 1002.0
1865 1002.0
1866 1002.0
1867 1002.0
1868 1002.0
1869 1002.0
1870 1002.0
1871 1002.0
1872 1002.0
1873 1002.0
1874 1002.0
1875 1002.0
1876 1002.0
1877 1002.0
1878 1002.0
1879 1002.0
1880 1002.0
1881 1002.0
1882 1002.0
1883 1002.0
1884 1002.0
1885 1002.0
1886 1002.0
1887 1002.0
1888 1002.0
1889 1002.0
1890 1002.0
1891 1002.0
1892 1002.0
1893 1002.0
1894 1002.0
1895 1002.0
1896 1002.0
1897 1002.0
1898 1002.0
1899 1002.0
1900 1002.0
1901 1002.0
1902 1002.0
1903 1002.0
1904 1002.0
1905 1002.0
1906 1002.0
1907 1002.0
1908 1002.0
1909 1002.0
1910 1002.0
1911 1002.0
1912 1002.0
1913 1002.0
1914 1002.0
1915 1002.0
1916 1002.0
1917 1002.0
1918 1002.0
1919 1002.0
1920 1002.0
1921 1002.0
1922 1002.0
1923 1002.0
1924 1002.0
1925 1002.0
1926 1002.0
1927 1002.0
1928 1002.0
1929 1002.0
1930 1002.0
1931 1002.0
1932 1002.0
1933 1002.0
1934 1002.0
1935 1002.0
1936 1002.0
1937 1002.0
1938 1002.0
1939 1002.0
1940 1002.0
1941 1002.0
1942 1002.0
1943 1002.0
1944 1002.0
1945 1002.0
1946 1002.0
1947 1002.0
1948 1002.0
1949 1002.0
1950 1002.0
1951 1002.0
1952 1002.0
1953 1002.0
1954 1002.0
1955 1002.0
1956 1002.0
1957 1002.0
1958 1002.0
1959 1002.0
1960 1002.0
1961 1002.0
1962 1002.0
1963 1002.0
1964 1002.0
1965 1002.0
1966 1002.0
1967 1002.0
1968 1002.0
1969 1002.0
1970 1002.0
1971 1002.0
1972 1002.0
1973 1002.0
1974 1002.0
1975 1002.0
1976 1002.0
1977 1002.0
1978 1002.0
1979 1002.0
1980 1002.0
1981 1002.0
1982 1002.0
1983 1002.0
1984 1002.0
1985 1002.0
1986 1002.0
1987 1002.0
1988 1002.0
1989 1002.0
1990 1002.0
1991 1002.0
1992 1002.0
1993 1002.0
1994 1002.0
1995 1002.0
1996 1002.0
1997 1002.0
1998 1002.0
1999 1002.0
2000 1002.0
2001 1002.0
2002 1002.0
2003 1002.0
2004 1002.0
2005 1002.0
2006 1002.0
2007 1002.0
2008 1002.0
2009 1002.0
2010 1002.0
2011 1002.0
2012 1002.0
2013 1002.0
2014 1002.0
2015 1002.0
2016 1002.0
2017 1002.0
2018 1002.0
2019 1002.0
2020 1002.0
2021 1002.0
2022 1002.0
2023 1002.0
2024 1002.0
2025 1002.0
2026 1002.0
2027 1002.0
2028 1002.0
2029 1002.0
2030 1002.0
2031 1002.0
2032 1002.0
2033 1002.0
2034 1002.0
2035 1002.0
2036 1002.0
2037 1002.0
2038 1002.0
2039 1002.0
2040 1002.0
2041 1002.0
2042 1002.0
2043 1002.0
2044 1002.0
2045 1002.0
2046 1002.0
2047 1002.0
2048 1002.0
2049 1002.0
2050 1002.0
2051 1002.0
2052 1002.0
2053 1002.0
2054 1002.0
2055 1002.0
2056 1002.0
2057 1002.0
2058 1002.0
2059 1002.0
2060 1002.0
2061 1002.0
2062 1002.0
2063 1002.0
2064 1002.0
2065 1002.0
2066 1002.0
2067 1002.0
2068 1002.0
2069 1002.0
2070 1002.0
2071 1002.0
2072 1002.0
2073 1002.0
2074 1002.0
2075 1002.0
2076 1002.0
2077 1002.0
2078 1002.0
2079 1002.0
2080 1002.0
2081 1002.0
2082 1002.0
2083 1002.0
2084 1002.0
2085 1002.0
2086 1002.0
2087 1002.0
2088 1002.0
2089 1002.0
2090 1002.0
2091 1002.0
2092 1002.0
2093 1002.0
2094 1002.0
2095 1002.0
2096 1002.0
2097 1002.0
2098 1002.0
2099 1002.0
2100 1002.0
2101 1002.0
2102 1002.0
2103 1002.0
2104 1002.0
2105 1002.0
2106 1002.0
2107 1002.0
2108 1002.0
2109 1002.0
2110 1002.0
2111 1002.0
2112 1002.0
2113 1002.0
2114 1002.0
2115 1002.0
2116 1002.0
2117 1002.0
2118 1002.0
2119 1002.0
2120 1002.0
2121 1002.0
2122 1002.0
2123 1002.0
2124 1002.0
2125 1002.0
2126 1002.0
2127 1002.0
2128 1002.0
2129 1002.0
2130 1002.0
2131 1002.0
2132 1002.0
2133 1002.0
2134 1002.0
2135 1002.0
2136 1002.0
2137 1002.0
2138 1002.0
2139 1002.0
2140 1002.0
2141 1002.0
2142 1002.0
2143 1002.0
2144 1002.0
2145 1002.0
2146 1002.0
2147 1002.0
2148 1002.0
2149 1002.0
2150 1002.0
2151 1002.0
2152 1002.0
2153 1002.0
2154 1002.0
2155 1002.0
2156 1002.0
2157 1002.0
2158 1002.0
2159 1002.0
2160 1002.0
2161 1002.0
2162 1002.0
2163 1002.0
2164 1002.0
2165 1002.0
2166 1002.0
2167 1002.0
2168 1002.0
2169 1002.0
2170 1002.0
2171 1002.0
2172 1002.0
2173 1002.0
2174 1002.0
2175 1002.0
2176 1002.0
2177 1002.0
2178 1002.0
2179 1002.0
2180 1002.0
2181 1002.0
2182 1002.0
2183 1002.0
2184 1002.0
2185 1002.0
2186 1002.0
2187 1002.0
2188 1002.0
2189 1002.0
2190 1002.0
2191 1002.0
2192 1002.0
2193 1002.0
2194 1002.0
2195 1002.0
2196 1002.0
2197 1002.0
2198 1002.0
2199 1002.0
2200 1002.0
2201 1002.0
2202 1002.0
2203 1002.0
2204 1002.0
2205 1002.0
2206 1002.0
2207 1002.0
2208 1002.0
2209 1002.0
2210 1002.0
2211 1002.0
2212 1002.0
2213 1002.0
2214 1002.0
2215 1002.0
2216 1002.0
2217 1002.0
2218 1002.0
2219 1002.0
2220 1002.0
2221 1002.0
2222 1002.0
2223 1002.0
2224 1002.0
2225 1002.0
2226 1002.0
2227 1002.0
2228 1002.0
2229 1002.0
2230 1002.0
2231 1002.0
2232 1002.0
2233 1002.0
2234 1002.0
2235 1002.0
2236 1002.0
2237 1002.0
2238 1002.0
2239 1002.0
2240 1002.0
2241 1002.0
2242 1002.0
2243 1002.0
2244 1002.0
2245 1002.0
2246 1002.0
2247 1002.0
2248 1002.0
2249 1002.0
2250 1002.0
2251 1002.0
2252 1002.0
2253 1002.0
2254 1002.0
2255 1002.0
2256 1002.0
2257 1002.0
2258 1002.0
2259 1002.0
2260 1002.0
2261 1002.0
2262 1002.0
2263 1002.0
2264 1002.0
2265 1002.0
2266 1002.0
2267 1002.0
2268 1002.0
2269 1002.0
2270 1002.0
2271 1002.0
2272 1002.0
2273 1002.0
2274 1002.0
2275 1002.0
2276 1002.0
2277 1002.0
2278 1002.0
2279 1002.0
2280 1002.0
2281 1002.0
2282 1002.0
2283 1002.0
2284 1002.0
2285 1002.0
2286 1002.0
2287 1002.0
2288 1002.0
2289 1002.0
2290 1002.0
2291 1002.0
2292 1002.0
2293 1002.0
2294 1002.0
2295 1002.0
2296 1002.0
2297 1002.0
2298 1002.0
2299 1002.0
2300 1002.0
2301 1002.0
2302 1002.0
2303 1002.0
2304 1002.0
2305 1002.0
2306 1002.0
2307 1002.0
2308 1002.0
2309 1002.0
2310 1002.0
2311 1002.0
2312 1002.0
2313 1002.0
2314 1002.0
2315 1002.0
2316 1002.0
2317 1002.0
2318 1002.0
2319 1002.0
2320 1002.0
2321 1002.0
2322 1002.0
2323 1002.0
2324 1002.0
2325 1002.0
2326 1002.0
2327 1002.0
2328 1002.0
2329 1002.0
2330 1002.0
2331 1002.0
2332 1002.0
2333 1002.0
2334 1002.0
2335 1002.0
2336 1002.0
2337 1002.0
2338 1002.0
2339 1002.0
2340 1002.0
2341 1002.0
2342 1002.0
2343 1002.0
2344 1002.0
2345 1002.0
2346 1002.0
2347 1002.0
2348 1002.0
2349 1002.0
2350 1002.0
2351 1002.0
2352 1002.0
2353 1002.0
2354 1002.0
2355 1002.0
2356 1002.0
2357 1002.0
2358 1002.0
2359 1002.0
2360 1002.0
2361 1002.0
2362 1002.0
2363 1002.0
2364 1002.0
2365 1002.0
2366 1002.0
2367 1002.0
2368 1002.0
2369 1002.0
2370 1002.0
2371 1002.0
2372 1002.0
2373 1002.0
2374 1002.0
2375 1002.0
2376 1002.0
2377 1002.0
2378 1002.0
2379 1002.0
2380 1002.0
2381 1002.0
2382 1002.0
2383 1002.0
2384 1002.0
2385 1002.0
2386 1002.0
2387 1002.0
2388 1002.0
2389 1002.0
2390 1002.0
2391 1002.0
2392 1002.0
2393 1002.0
2394 1002.0
2395 1002.0
2396 1002.0
2397 1002.0
2398 1002.0
2399 1002.0
2400 1002.0
2401 1002.0
2402 1002.0
2403 1002.0
2404 1002.0
2405 1002.0
2406 1002.0
2407 1002.0
2408 1002.0
2409 1002.0
2410 1002.0
2411 1002.0
2412 1002.0
2413 1002.0
2414 1002.0
2415 1002.0
2416 1002.0
2417 1002.0
2418 1002.0
2419 1002.0
2420 1002.0
2421 1002.0
2422 1002.0
2423 1002.0
2424 1002.0
2425 1002.0
2426 1002.0
2427 1002.0
2428 1002.0
2429 1002.0
2430 1002.0
2431 1002.0
2432 1002.0
2433 1002.0
2434 1002.0
2435 1002.0
2436 1002.0
2437 1002.0
2438 1002.0
2439 1002.0
2440 1002.0
2441 1002.0
2442 1002.0
2443 1002.0
2444 1002.0
2445 1002.0
2446 1002.0
2447 1002.0
2448 1002.0
2449 1002.0
2450 1002.0
2451 1002.0
2452 1002.0
2453 1002.0
2454 1002.0
2455 1002.0
2456 1002.0
2457 1002.0
2458 1002.0
2459 1002.0
2460 1002.0
2461 1002.0
2462 1002.0
2463 1002.0
2464 1002.0
2465 1002.0
2466 1002.0
2467 1002.0
2468 1002.0
2469 1002.0
2470 1002.0
2471 1002.0
2472 1002.0
2473 1002.0
2474 1002.0
2475 1002.0
2476 1002.0
2477 1002.0
2478 1002.0
2479 1002.0
2480 1002.0
2481 1002.0
2482 1002.0
2483 1002.0
2484 1002.0
2485 1002.0
2486 1002.0
2487 1002.0
2488 1002.0
2489 1002.0
2490 1002.0
2491 1002.0
2492 1002.0
2493 1002.0
2494 1002.0
2495 1002.0
2496 1002.0
2497 1002.0
2498 1002.0
2499 1002.0
2500 1002.0
2501 1002.0
2502 1002.0
2503 1002.0
2504 1002.0
2505 1002.0
2506 1002.0
2507 1002.0
2508 1002.0
2509 1002.0
2510 1002.0
2511 1002.0
2512 1002.0
2513 1002.0
2514 1002.0
2515 1002.0
2516 1002.0
2517 1002.0
2518 1002.0
2519 1002.0
2520 1002.0
2521 1002.0
2522 1002.0
2523 1002.0
2524 1002.0
2525 1002.0
2526 1002.0
2527 1002.0
2528 1002.0
2529 1002.0
2530 1002.0
2531 1002.0
2532 1002.0
2533 1002.0
2534 1002.0
2535 1002.0
2536 1002.0
2537 1002.0
2538 1002.0
2539 1002.0
2540 1002.0
2541 1002.0
2542 1002.0
2543 1002.0
2544 1002.0
2545 1002.0
2546 1002.0
2547 1002.0
2548 1002.0
2549 1002.0
2550 1002.0
2551 1002.0
2552 1002.0
2553 1002.0
2554 1002.0
2555 1002.0
2556 1002.0
2557 1002.0
2558 1002.0
2559 1002.0
2560 1002.0
2561 1002.0
2562 1002.0
2563 1002.0
2564 1002.0
2565 1002.0
2566 1002.0
2567 1002.0
2568 1002.0
2569 1002.0
2570 1002.0
2571 1002.0
2572 1002.0
2573 1002.0
2574 1002.0
2575 1002.0
2576 1002.0
2577 1002.0
2578 1002.0
2579 1002.0
2580 1002.0
2581 1002.0
2582 1002.0
2583 1002.0
2584 1002.0
2585 1002.0
2586 1002.0
2587 1002.0
2588 1002.0
2589 1002.0
2590 1002.0
2591 1002.0
2592 1002.0
2593 888.0
2594 888.0
2595 888.0
2596 888.0
2597 888.0
2598 888.0
2599 888.0
2600 888.0
2601 888.0
2602 888.0
2603 888.0
2604 888.0
2605 888.0
2606 888.0
2607 888.0
2608 888.0
2609 888.0
2610 888.0
2611 888.0
2612 888.0
2613 888.0
2614 888.0
2615 888.0
2616 888.0
2617 888.0
2618 888.0
2619 888.0
2620 888.0
2621 888.0
2622 888.0
2623 888.0
2624 888.0
2625 888.0
2626 888.0
2627 888.0
2628 888.0
2629 888.0
2630 888.0
2631 888.0
2632 888.0
2633 888.0
2634 888.0
2635 888.0
2636 888.0
2637 888.0
2638 888.0
2639 888.0
2640 888.0
2641 888.0
2642 888.0
2643 888.0
2644 888.0
2645 888.0
2646 888.0
2647 888.0
2648 888.0
2649 888.0
2650 888.0
2651 888.0
2652 888.0
2653 888.0
2654 888.0
2655 888.0
2656 888.0
2657 888.0
2658 888.0
2659 888.0
2660 888.0
2661 888.0
2662 888.0
2663 888.0
2664 888.0
2665 888.0
2666 888.0
2667 888.0
2668 888.0
2669 888.0
2670 888.0
2671 888.0
2672 888.0
2673 888.0
2674 888.0
2675 888.0
2676 888.0
2677 888.0
2678 888.0
2679 888.0
2680 888.0
2681 888.0
2682 888.0
2683 888.0
2684 888.0
2685 888.0
2686 888.0
2687 888.0
2688 888.0
2689 888.0
2690 888.0
2691 888.0
2692 888.0
2693 888.0
2694 888.0
2695 888.0
2696 888.0
2697 888.0
2698 888.0
2699 888.0
2700 888.0
2701 888.0
2702 888.0
2703 888.0
2704 888.0
2705 888.0
2706 888.0
2707 888.0
2708 888.0
2709 888.0
2710 888.0
2711 888.0
2712 888.0
2713 888.0
2714 888.0
2715 888.0
2716 888.0
2717 888.0
2718 888.0
2719 888.0
2720 888.0
2721 888.0
2722 888.0
2723 888.0
2724 888.0
2725 888.0
2726 888.0
2727 888.0
2728 888.0
2729 888.0
2730 888.0
2731 888.0
2732 888.0
2733 888.0
2734 888.0
2735 888.0
2736 888.0
2737 888.0
2738 888.0
2739 888.0
2740 888.0
2741 888.0
2742 888.0
2743 888.0
2744 888.0
2745 888.0
2746 888.0
2747 888.0
2748 888.0
2749 888.0
2750 888.0
2751 888.0
2752 888.0
2753 888.0
2754 888.0
2755 888.0
2756 888.0
2757 888.0
2758 888.0
2759 888.0
2760 888.0
2761 888.0
2762 888.0
2763 888.0
2764 888.0
2765 888.0
2766 888.0
2767 888.0
2768 888.0
2769 888.0
2770 888.0
2771 888.0
2772 888.0
2773 888.0
2774 888.0
2775 888.0
2776 888.0
2777 888.0
2778 888.0
2779 888.0
2780 888.0
2781 888.0
2782 888.0
2783 888.0
2784 888.0
2785 888.0
2786 888.0
2787 888.0
2788 888.0
2789 888.0
2790 888.0
2791 888.0
2792 888.0
2793 888.0
2794 888.0
2795 888.0
2796 888.0
2797 888.0
2798 888.0
2799 888.0
2800 888.0
2801 888.0
2802 888.0
2803 888.0
2804 888.0
2805 888.0
2806 888.0
2807 888.0
2808 888.0
2809 888.0
2810 888.0
2811 888.0
2812 888.0
2813 888.0
2814 888.0
2815 888.0
2816 888.0
2817 888.0
2818 888.0
2819 888.0
2820 888.0
2821 888.0
2822 888.0
2823 888.0
2824 888.0
2825 888.0
2826 888.0
2827 888.0
2828 888.0
2829 888.0
2830 888.0
2831 888.0
2832 888.0
2833 888.0
2834 888.0
2835 888.0
2836 888.0
2837 888.0
2838 888.0
2839 888.0
2840 888.0
2841 888.0
2842 888.0
2843 888.0
2844 888.0
2845 888.0
2846 888.0
2847 888.0
2848 888.0
2849 888.0
2850 888.0
2851 888.0
2852 888.0
2853 888.0
2854 888.0
2855 888.0
2856 888.0
2857 888.0
2858 888.0
2859 888.0
2860 888.0
2861 888.0
2862 888.0
2863 888.0
2864 888.0
2865 888.0
2866 888.0
2867 888.0
2868 888.0
2869 888.0
2870 888.0
2871 888.0
2872 888.0
2873 888.0
2874 888.0
2875 888.0
2876 888.0
2877 888.0
2878 888.0
2879 888.0
2880 888.0
2881 888.0
2882 888.0
2883 888.0
2884 888.0
2885 888.0
2886 875.0
2887 875.0
2888 875.0
2889 875.0
2890 875.0
2891 875.0
2892 875.0
2893 875.0
2894 875.0
2895 875.0
2896 875.0
2897 875.0
2898 875.0
2899 875.0
2900 875.0
2901 875.0
2902 875.0
2903 875.0
2904 875.0
2905 875.0
2906 875.0
2907 875.0
2908 875.0
2909 875.0
2910 875.0
2911 875.0
2912 875.0
2913 875.0
2914 875.0
2915 875.0
2916 875.0
2917 875.0
2918 875.0
2919 875.0
2920 875.0
2921 875.0
2922 875.0
2923 875.0
2924 875.0
2925 875.0
2926 875.0
2927 875.0
2928 875.0
2929 875.0
2930 875.0
2931 875.0
2932 875.0
2933 875.0
2934 875.0
2935 875.0
2936 875.0
2937 875.0
2938 875.0
2939 875.0
2940 875.0
2941 875.0
2942 875.0
2943 875.0
2944 875.0
2945 875.0
2946 875.0
2947 875.0
2948 875.0
2949 875.0
2950 875.0
2951 875.0
2952 875.0
2953 875.0
2954 875.0
2955 875.0
2956 875.0
2957 875.0
2958 875.0
2959 875.0
2960 875.0
2961 875.0
2962 875.0
2963 875.0
2964 875.0
2965 875.0
2966 875.0
2967 875.0
2968 875.0
2969 875.0
2970 875.0
2971 875.0
2972 875.0
2973 875.0
2974 875.0
2975 875.0
2976 875.0
2977 875.0
2978 875.0
2979 875.0
2980 875.0
2981 875.0
2982 875.0
2983 875.0
2984 875.0
2985 875.0
2986 875.0
2987 875.0
2988 875.0
2989 875.0
2990 875.0
2991 875.0
2992 875.0
2993 875.0
2994 875.0
2995 875.0
2996 875.0
2997 875.0
2998 875.0
2999 875.0
3000 875.0
3001 875.0
3002 875.0
3003 875.0
3004 875.0
3005 875.0
3006 875.0
3007 875.0
3008 875.0
3009 875.0
3010 875.0
3011 875.0
3012 875.0
3013 875.0
3014 875.0
3015 875.0
3016 875.0
3017 875.0
3018 875.0
3019 875.0
3020 875.0
3021 875.0
3022 875.0
3023 875.0
3024 875.0
3025 875.0
3026 875.0
3027 875.0
3028 875.0
3029 875.0
3030 875.0
3031 875.0
3032 875.0
3033 875.0
3034 875.0
3035 875.0
3036 875.0
3037 875.0
3038 875.0
3039 875.0
3040 875.0
3041 875.0
3042 875.0
3043 875.0
3044 875.0
3045 875.0
3046 875.0
3047 875.0
3048 875.0
3049 875.0
3050 875.0
3051 875.0
3052 875.0
3053 875.0
3054 875.0
3055 875.0
3056 875.0
3057 875.0
3058 875.0
3059 875.0
3060 875.0
3061 875.0
3062 875.0
3063 875.0
3064 875.0
3065 875.0
3066 875.0
3067 875.0
3068 875.0
3069 875.0
3070 875.0
3071 875.0
3072 875.0
3073 875.0
3074 875.0
3075 849.0
3076 849.0
3077 849.0
3078 849.0
3079 849.0
3080 849.0
3081 849.0
3082 849.0
3083 849.0
3084 849.0
3085 849.0
3086 849.0
3087 849.0
3088 849.0
3089 849.0
3090 849.0
3091 849.0
3092 849.0
3093 849.0
3094 849.0
3095 849.0
3096 849.0
3097 849.0
3098 849.0
3099 849.0
3100 849.0
3101 849.0
3102 849.0
3103 849.0
3104 849.0
3105 849.0
3106 849.0
3107 849.0
3108 849.0
3109 849.0
3110 849.0
3111 849.0
3112 849.0
3113 849.0
3114 849.0
3115 849.0
3116 849.0
3117 849.0
3118 849.0
3119 849.0
3120 849.0
3121 849.0
3122 849.0
3123 849.0
3124 849.0
3125 849.0
3126 849.0
3127 849.0
3128 849.0
3129 849.0
3130 849.0
3131 849.0
3132 849.0
3133 849.0
3134 849.0
3135 849.0
3136 849.0
3137 849.0
3138 849.0
3139 849.0
3140 849.0
3141 849.0
3142 849.0
3143 849.0
3144 849.0
3145 849.0
3146 849.0
3147 849.0
3148 849.0
3149 849.0
3150 849.0
3151 849.0
3152 849.0
3153 849.0
3154 849.0
3155 849.0
3156 849.0
3157 849.0
3158 849.0
3159 849.0
3160 849.0
3161 849.0
3162 849.0
3163 849.0
3164 849.0
3165 849.0
3166 849.0
3167 849.0
3168 849.0
3169 849.0
3170 849.0
3171 849.0
3172 849.0
3173 849.0
3174 849.0
3175 849.0
3176 849.0
3177 849.0
3178 849.0
3179 849.0
3180 849.0
3181 849.0
3182 849.0
3183 849.0
3184 849.0
3185 849.0
3186 849.0
3187 849.0
3188 849.0
3189 849.0
3190 849.0
3191 849.0
3192 849.0
3193 849.0
3194 849.0
3195 849.0
3196 849.0
3197 849.0
3198 849.0
3199 849.0
3200 849.0
3201 849.0
3202 849.0
3203 849.0
3204 849.0
3205 849.0
3206 849.0
3207 849.0
3208 849.0
3209 849.0
3210 849.0
3211 849.0
3212 849.0
3213 849.0
3214 849.0
3215 849.0
3216 849.0
3217 849.0
3218 849.0
3219 849.0
3220 849.0
3221 849.0
3222 849.0
3223 849.0
3224 849.0
3225 849.0
3226 849.0
3227 849.0
3228 849.0
3229 849.0
3230 849.0
3231 849.0
3232 849.0
3233 849.0
3234 849.0
3235 849.0
3236 849.0
3237 849.0
3238 849.0
3239 849.0
3240 849.0
3241 849.0
3242 849.0
3243 849.0
3244 849.0
3245 849.0
3246 849.0
3247 849.0
3248 849.0
3249 849.0
3250 849.0
3251 849.0
3252 849.0
3253 849.0
3254 849.0
3255 849.0
3256 849.0
3257 849.0
3258 849.0
3259 849.0
3260 849.0
3261 849.0
3262 849.0
3263 849.0
3264 849.0
3265 849.0
3266 849.0
3267 849.0
3268 849.0
3269 849.0
3270 849.0
3271 849.0
3272 849.0
3273 849.0
3274 849.0
3275 849.0
3276 849.0
3277 849.0
3278 849.0
3279 849.0
3280 849.0
3281 849.0
3282 849.0
3283 849.0
3284 849.0
3285 849.0
3286 849.0
3287 849.0
3288 849.0
3289 849.0
3290 849.0
3291 849.0
3292 849.0
3293 849.0
3294 849.0
3295 849.0
3296 849.0
3297 849.0
3298 849.0
3299 849.0
3300 849.0
3301 849.0
3302 849.0
3303 849.0
3304 849.0
3305 849.0
3306 849.0
3307 849.0
3308 849.0
3309 849.0
3310 849.0
3311 849.0
3312 849.0
3313 849.0
3314 849.0
3315 849.0
3316 849.0
3317 849.0
3318 849.0
3319 849.0
3320 849.0
3321 849.0
3322 849.0
3323 849.0
3324 849.0
3325 849.0
3326 849.0
3327 849.0
3328 849.0
3329 849.0
3330 849.0
3331 849.0
3332 849.0
3333 849.0
3334 849.0
3335 849.0
3336 849.0
3337 849.0
3338 849.0
3339 849.0
3340 849.0
3341 849.0
3342 849.0
3343 849.0
3344 849.0
3345 849.0
3346 849.0
3347 849.0
3348 849.0
3349 849.0
3350 849.0
3351 849.0
3352 849.0
3353 849.0
3354 849.0
3355 849.0
3356 849.0
3357 849.0
3358 849.0
3359 849.0
3360 849.0
3361 849.0
3362 849.0
3363 849.0
3364 849.0
3365 849.0
3366 849.0
3367 849.0
3368 849.0
3369 849.0
3370 849.0
3371 849.0
3372 849.0
3373 849.0
3374 849.0
3375 849.0
3376 849.0
3377 849.0
3378 849.0
3379 849.0
3380 849.0
3381 849.0
3382 849.0
3383 849.0
3384 849.0
3385 849.0
3386 849.0
3387 849.0
3388 849.0
3389 849.0
3390 849.0
3391 849.0
3392 849.0
3393 849.0
3394 849.0
3395 849.0
3396 849.0
3397 849.0
3398 849.0
3399 849.0
3400 849.0
3401 849.0
3402 849.0
3403 849.0
3404 849.0
3405 849.0
3406 849.0
3407 849.0
3408 849.0
3409 849.0
3410 849.0
3411 849.0
3412 849.0
3413 849.0
3414 849.0
3415 849.0
3416 849.0
3417 849.0
3418 849.0
3419 849.0
3420 849.0
3421 849.0
3422 849.0
3423 849.0
3424 849.0
3425 849.0
3426 849.0
3427 849.0
3428 849.0
3429 849.0
3430 849.0
3431 849.0
3432 849.0
3433 849.0
3434 849.0
3435 849.0
3436 849.0
3437 849.0
3438 849.0
3439 849.0
3440 849.0
3441 849.0
3442 849.0
3443 849.0
3444 849.0
3445 849.0
3446 849.0
3447 849.0
3448 849.0
3449 849.0
3450 849.0
3451 849.0
3452 849.0
3453 849.0
3454 849.0
3455 849.0
3456 849.0
3457 849.0
3458 849.0
3459 849.0
3460 849.0
3461 849.0
3462 849.0
3463 849.0
3464 849.0
3465 849.0
3466 849.0
3467 849.0
3468 849.0
3469 849.0
3470 849.0
3471 849.0
3472 849.0
3473 849.0
3474 849.0
3475 849.0
3476 849.0
3477 849.0
3478 849.0
3479 849.0
3480 849.0
3481 849.0
3482 849.0
3483 849.0
3484 849.0
3485 849.0
3486 849.0
3487 849.0
3488 849.0
3489 849.0
3490 849.0
3491 849.0
3492 849.0
3493 849.0
3494 849.0
3495 849.0
3496 849.0
3497 849.0
3498 849.0
3499 849.0
3500 849.0
3501 849.0
3502 849.0
3503 849.0
3504 849.0
3505 849.0
3506 849.0
3507 849.0
3508 849.0
3509 849.0
3510 849.0
3511 849.0
3512 849.0
3513 849.0
3514 849.0
3515 849.0
3516 849.0
3517 849.0
3518 849.0
3519 849.0
3520 849.0
3521 849.0
3522 849.0
3523 849.0
3524 849.0
3525 849.0
3526 849.0
3527 849.0
3528 849.0
3529 849.0
3530 849.0
3531 849.0
3532 849.0
3533 849.0
3534 849.0
3535 849.0
3536 849.0
3537 849.0
3538 849.0
3539 849.0
3540 849.0
3541 849.0
3542 849.0
3543 849.0
3544 849.0
3545 849.0
3546 849.0
3547 849.0
3548 849.0
3549 849.0
3550 849.0
3551 849.0
3552 849.0
3553 849.0
3554 849.0
3555 849.0
3556 849.0
3557 849.0
3558 849.0
3559 849.0
3560 849.0
3561 849.0
3562 849.0
3563 849.0
3564 849.0
3565 849.0
3566 849.0
3567 849.0
3568 849.0
3569 849.0
3570 849.0
3571 849.0
3572 849.0
3573 849.0
3574 849.0
3575 849.0
3576 849.0
3577 849.0
3578 849.0
3579 849.0
3580 849.0
3581 849.0
3582 849.0
3583 849.0
3584 849.0
3585 849.0
3586 849.0
3587 849.0
3588 849.0
3589 849.0
3590 849.0
3591 849.0
3592 849.0
3593 849.0
3594 849.0
3595 849.0
3596 849.0
3597 849.0
3598 849.0
3599 849.0
3600 849.0
3601 849.0
3602 849.0
3603 849.0
3604 849.0
3605 849.0
3606 849.0
3607 849.0
3608 849.0
3609 849.0
3610 849.0
3611 849.0
3612 849.0
3613 849.0
3614 849.0
3615 849.0
3616 849.0
3617 849.0
3618 849.0
3619 849.0
3620 849.0
3621 849.0
3622 849.0
3623 849.0
3624 849.0
3625 849.0
3626 849.0
3627 849.0
3628 849.0
3629 849.0
3630 849.0
3631 849.0
3632 849.0
3633 849.0
3634 849.0
3635 849.0
3636 849.0
3637 849.0
3638 849.0
3639 849.0
3640 849.0
3641 849.0
3642 849.0
3643 849.0
3644 849.0
3645 849.0
3646 849.0
3647 849.0
3648 849.0
3649 849.0
3650 849.0
3651 849.0
3652 849.0
3653 849.0
3654 849.0
3655 849.0
3656 849.0
3657 849.0
3658 849.0
3659 849.0
3660 849.0
3661 849.0
3662 849.0
3663 849.0
3664 849.0
3665 849.0
3666 849.0
3667 849.0
3668 849.0
3669 849.0
3670 849.0
3671 849.0
3672 849.0
3673 849.0
3674 849.0
3675 849.0
3676 849.0
3677 849.0
3678 849.0
3679 849.0
3680 849.0
3681 849.0
3682 849.0
3683 849.0
3684 849.0
3685 849.0
3686 849.0
3687 849.0
3688 849.0
3689 849.0
3690 849.0
3691 849.0
3692 849.0
3693 849.0
3694 849.0
3695 849.0
3696 849.0
3697 849.0
3698 849.0
3699 849.0
3700 849.0
3701 849.0
3702 849.0
3703 849.0
3704 849.0
3705 849.0
3706 849.0
3707 849.0
3708 849.0
3709 849.0
3710 849.0
3711 849.0
3712 849.0
3713 849.0
3714 849.0
3715 849.0
3716 849.0
3717 849.0
3718 849.0
3719 849.0
3720 849.0
3721 849.0
3722 849.0
3723 849.0
3724 849.0
3725 849.0
3726 849.0
3727 849.0
3728 849.0
3729 849.0
3730 849.0
3731 849.0
3732 849.0
3733 849.0
3734 849.0
3735 849.0
3736 849.0
3737 849.0
3738 849.0
3739 849.0
3740 849.0
3741 849.0
3742 849.0
3743 849.0
3744 849.0
3745 849.0
3746 849.0
3747 849.0
3748 849.0
3749 849.0
3750 849.0
3751 849.0
3752 849.0
3753 849.0
3754 849.0
3755 849.0
3756 849.0
3757 849.0
3758 849.0
3759 849.0
3760 849.0
3761 849.0
3762 849.0
3763 849.0
3764 849.0
3765 849.0
3766 849.0
3767 849.0
3768 849.0
3769 849.0
3770 849.0
3771 849.0
3772 849.0
3773 849.0
3774 849.0
3775 849.0
3776 849.0
3777 849.0
3778 849.0
3779 849.0
3780 849.0
3781 849.0
3782 849.0
3783 849.0
3784 849.0
3785 849.0
3786 849.0
3787 849.0
3788 849.0
3789 849.0
3790 849.0
3791 849.0
3792 849.0
3793 849.0
3794 849.0
3795 849.0
3796 849.0
3797 849.0
3798 849.0
3799 849.0
3800 849.0
3801 849.0
3802 849.0
3803 849.0
3804 849.0
3805 849.0
3806 849.0
3807 849.0
3808 849.0
3809 849.0
3810 849.0
3811 849.0
3812 849.0
3813 849.0
3814 849.0
3815 849.0
3816 849.0
3817 849.0
3818 849.0
3819 849.0
3820 849.0
3821 849.0
3822 849.0
3823 849.0
3824 849.0
3825 849.0
3826 849.0
3827 849.0
3828 849.0
3829 849.0
3830 849.0
3831 849.0
3832 849.0
3833 849.0
3834 849.0
3835 849.0
3836 849.0
3837 849.0
3838 849.0
3839 849.0
3840 849.0
3841 849.0
3842 849.0
3843 849.0
3844 849.0
3845 849.0
3846 849.0
3847 849.0
3848 849.0
3849 849.0
3850 849.0
3851 849.0
3852 849.0
3853 849.0
3854 849.0
3855 849.0
3856 849.0
3857 849.0
3858 849.0
3859 849.0
3860 849.0
3861 849.0
3862 849.0
3863 849.0
3864 849.0
3865 849.0
3866 849.0
3867 849.0
3868 849.0
3869 849.0
3870 849.0
3871 849.0
3872 849.0
3873 849.0
3874 849.0
3875 849.0
3876 849.0
3877 849.0
3878 849.0
3879 849.0
3880 849.0
3881 849.0
3882 849.0
3883 849.0
3884 849.0
3885 849.0
3886 849.0
3887 849.0
3888 849.0
3889 849.0
3890 849.0
3891 849.0
3892 849.0
3893 849.0
3894 849.0
3895 849.0
3896 849.0
3897 849.0
3898 849.0
3899 849.0
3900 849.0
3901 849.0
3902 849.0
3903 849.0
3904 849.0
3905 849.0
3906 849.0
3907 849.0
3908 849.0
3909 849.0
3910 849.0
3911 849.0
3912 849.0
3913 849.0
3914 849.0
3915 849.0
3916 849.0
3917 849.0
3918 849.0
3919 849.0
3920 849.0
3921 849.0
3922 849.0
3923 849.0
3924 849.0
3925 849.0
3926 849.0
3927 849.0
3928 849.0
3929 849.0
3930 849.0
3931 849.0
3932 849.0
3933 849.0
3934 849.0
3935 849.0
3936 849.0
3937 849.0
3938 849.0
3939 849.0
3940 849.0
3941 849.0
3942 849.0
3943 849.0
3944 849.0
3945 849.0
3946 849.0
3947 849.0
3948 849.0
3949 849.0
3950 849.0
3951 849.0
3952 849.0
3953 849.0
3954 849.0
3955 849.0
3956 849.0
3957 849.0
3958 849.0
3959 849.0
3960 849.0
3961 849.0
3962 849.0
3963 849.0
3964 849.0
3965 849.0
3966 849.0
3967 849.0
3968 849.0
3969 849.0
3970 849.0
3971 849.0
3972 849.0
3973 849.0
3974 849.0
3975 849.0
3976 849.0
3977 849.0
3978 849.0
3979 849.0
3980 849.0
3981 849.0
3982 849.0
3983 849.0
3984 849.0
3985 849.0
3986 849.0
3987 849.0
3988 849.0
3989 849.0
3990 849.0
3991 849.0
3992 849.0
3993 849.0
3994 849.0
3995 849.0
3996 849.0
3997 849.0
3998 849.0
3999 849.0
4000 849.0
4001 849.0
4002 849.0
4003 849.0
4004 849.0
4005 849.0
4006 849.0
4007 849.0
4008 849.0
4009 849.0
4010 849.0
4011 849.0
4012 849.0
4013 849.0
4014 849.0
4015 849.0
4016 849.0
4017 849.0
4018 849.0
4019 849.0
4020 849.0
4021 849.0
4022 849.0
4023 849.0
4024 849.0
4025 849.0
4026 849.0
4027 849.0
4028 849.0
4029 849.0
4030 849.0
4031 849.0
4032 849.0
4033 849.0
4034 849.0
4035 849.0
4036 849.0
4037 849.0
4038 849.0
4039 849.0
4040 849.0
4041 849.0
4042 849.0
4043 849.0
4044 849.0
4045 849.0
4046 849.0
4047 849.0
4048 849.0
4049 849.0
4050 849.0
4051 849.0
4052 849.0
4053 849.0
4054 849.0
4055 849.0
4056 849.0
4057 849.0
4058 849.0
4059 849.0
4060 849.0
4061 849.0
4062 849.0
4063 849.0
4064 849.0
4065 849.0
4066 849.0
4067 849.0
4068 849.0
4069 849.0
4070 849.0
4071 849.0
4072 849.0
4073 849.0
4074 849.0
4075 849.0
4076 849.0
4077 849.0
4078 849.0
4079 849.0
4080 849.0
4081 849.0
4082 849.0
4083 849.0
4084 849.0
4085 849.0
4086 849.0
4087 849.0
4088 849.0
4089 849.0
4090 849.0
4091 849.0
4092 849.0
4093 849.0
4094 849.0
4095 849.0
4096 849.0
4097 849.0
4098 849.0
4099 849.0
4100 849.0
4101 849.0
4102 849.0
4103 849.0
4104 849.0
4105 849.0
4106 849.0
4107 849.0
4108 849.0
4109 849.0
4110 849.0
4111 849.0
4112 849.0
4113 849.0
4114 849.0
4115 849.0
4116 849.0
4117 849.0
4118 849.0
4119 849.0
4120 849.0
4121 849.0
4122 849.0
4123 849.0
4124 849.0
4125 849.0
4126 849.0
4127 849.0
4128 849.0
4129 849.0
4130 849.0
4131 849.0
4132 849.0
4133 849.0
4134 849.0
4135 849.0
4136 849.0
4137 849.0
4138 849.0
4139 849.0
4140 849.0
4141 849.0
4142 849.0
4143 849.0
4144 849.0
4145 849.0
4146 849.0
4147 849.0
4148 849.0
4149 849.0
4150 849.0
4151 849.0
4152 849.0
4153 849.0
4154 849.0
4155 849.0
4156 849.0
4157 849.0
4158 849.0
4159 849.0
4160 849.0
4161 849.0
4162 849.0
4163 849.0
4164 849.0
4165 849.0
4166 849.0
4167 849.0
4168 849.0
4169 849.0
4170 849.0
4171 849.0
4172 849.0
4173 849.0
4174 849.0
4175 849.0
4176 849.0
4177 849.0
4178 849.0
4179 849.0
4180 849.0
4181 849.0
4182 849.0
4183 849.0
4184 849.0
4185 849.0
4186 849.0
4187 849.0
4188 849.0
4189 849.0
4190 849.0
4191 849.0
4192 849.0
4193 849.0
4194 849.0
4195 849.0
4196 849.0
4197 849.0
4198 849.0
4199 849.0
4200 849.0
4201 849.0
4202 849.0
4203 849.0
4204 849.0
4205 849.0
4206 849.0
4207 849.0
4208 849.0
4209 849.0
4210 849.0
4211 849.0
4212 849.0
4213 849.0
4214 849.0
4215 849.0
4216 849.0
4217 849.0
4218 849.0
4219 849.0
4220 849.0
4221 849.0
4222 849.0
4223 849.0
4224 849.0
4225 849.0
4226 849.0
4227 849.0
4228 849.0
4229 849.0
4230 849.0
4231 849.0
4232 849.0
4233 849.0
4234 849.0
4235 849.0
4236 849.0
4237 849.0
4238 849.0
4239 849.0
4240 849.0
4241 849.0
4242 849.0
4243 849.0
4244 849.0
4245 849.0
4246 849.0
4247 849.0
4248 849.0
4249 849.0
4250 849.0
4251 849.0
4252 849.0
4253 849.0
4254 849.0
4255 849.0
4256 849.0
4257 849.0
4258 849.0
4259 849.0
4260 849.0
4261 849.0
4262 849.0
4263 849.0
4264 849.0
4265 849.0
4266 849.0
4267 849.0
4268 849.0
4269 849.0
4270 849.0
4271 849.0
4272 849.0
4273 849.0
4274 849.0
4275 849.0
4276 849.0
4277 849.0
4278 849.0
4279 849.0
4280 849.0
4281 849.0
4282 849.0
4283 849.0
4284 849.0
4285 849.0
4286 849.0
4287 849.0
4288 849.0
4289 849.0
4290 849.0
4291 849.0
4292 849.0
4293 849.0
4294 849.0
4295 849.0
4296 849.0
4297 849.0
4298 849.0
4299 849.0
4300 849.0
4301 849.0
4302 849.0
4303 849.0
4304 849.0
4305 849.0
4306 849.0
4307 849.0
4308 849.0
4309 849.0
4310 849.0
4311 849.0
4312 849.0
4313 849.0
4314 849.0
4315 849.0
4316 849.0
4317 849.0
4318 849.0
4319 849.0
4320 849.0
4321 849.0
4322 849.0
4323 849.0
4324 849.0
4325 849.0
4326 849.0
4327 849.0
4328 849.0
4329 849.0
4330 849.0
4331 849.0
4332 849.0
4333 849.0
4334 849.0
4335 849.0
4336 849.0
4337 849.0
4338 849.0
4339 849.0
4340 849.0
4341 849.0
4342 849.0
4343 849.0
4344 849.0
4345 849.0
4346 849.0
4347 849.0
4348 849.0
4349 849.0
4350 849.0
4351 849.0
4352 849.0
4353 849.0
4354 849.0
4355 849.0
4356 849.0
4357 849.0
4358 849.0
4359 849.0
4360 849.0
4361 849.0
4362 849.0
4363 849.0
4364 849.0
4365 849.0
4366 849.0
4367 849.0
4368 849.0
4369 849.0
4370 849.0
4371 849.0
4372 849.0
4373 849.0
4374 849.0
4375 849.0
4376 849.0
4377 849.0
4378 849.0
4379 849.0
4380 849.0
4381 849.0
4382 849.0
4383 849.0
4384 849.0
4385 849.0
4386 849.0
4387 849.0
4388 849.0
4389 849.0
4390 849.0
4391 849.0
4392 849.0
4393 849.0
4394 849.0
4395 849.0
4396 849.0
4397 849.0
4398 849.0
4399 849.0
4400 849.0
4401 849.0
4402 849.0
4403 849.0
4404 849.0
4405 849.0
4406 849.0
4407 849.0
4408 849.0
4409 849.0
4410 849.0
4411 849.0
4412 849.0
4413 849.0
4414 849.0
4415 849.0
4416 849.0
4417 849.0
4418 849.0
4419 849.0
4420 849.0
4421 849.0
4422 849.0
4423 849.0
4424 849.0
4425 849.0
4426 849.0
4427 849.0
4428 849.0
4429 849.0
4430 849.0
4431 849.0
4432 849.0
4433 849.0
4434 849.0
4435 849.0
4436 849.0
4437 849.0
4438 849.0
4439 849.0
4440 849.0
4441 849.0
4442 849.0
4443 849.0
4444 849.0
4445 849.0
4446 849.0
4447 849.0
4448 849.0
4449 849.0
4450 849.0
4451 849.0
4452 849.0
4453 849.0
4454 849.0
4455 849.0
4456 849.0
4457 849.0
4458 849.0
4459 849.0
4460 849.0
4461 849.0
4462 849.0
4463 849.0
4464 849.0
4465 849.0
4466 849.0
4467 849.0
4468 849.0
4469 849.0
4470 849.0
4471 849.0
4472 849.0
4473 849.0
4474 849.0
4475 849.0
4476 849.0
4477 849.0
4478 849.0
4479 849.0
4480 849.0
4481 849.0
4482 849.0
4483 849.0
4484 849.0
4485 849.0
4486 849.0
4487 849.0
4488 849.0
4489 849.0
4490 849.0
4491 849.0
4492 849.0
4493 849.0
4494 849.0
4495 849.0
4496 849.0
4497 849.0
4498 849.0
4499 849.0
4500 849.0
4501 849.0
4502 849.0
4503 849.0
4504 849.0
4505 849.0
4506 849.0
4507 849.0
4508 849.0
4509 849.0
4510 849.0
4511 849.0
4512 849.0
4513 849.0
4514 849.0
4515 849.0
4516 849.0
4517 849.0
4518 849.0
4519 849.0
4520 849.0
4521 849.0
4522 849.0
4523 849.0
4524 849.0
4525 849.0
4526 849.0
4527 849.0
4528 849.0
4529 849.0
4530 849.0
4531 849.0
4532 849.0
4533 849.0
4534 849.0
4535 849.0
4536 849.0
4537 849.0
4538 849.0
4539 849.0
4540 849.0
4541 849.0
4542 849.0
4543 849.0
4544 849.0
4545 849.0
4546 849.0
4547 849.0
4548 849.0
4549 849.0
4550 849.0
4551 849.0
4552 849.0
4553 849.0
4554 849.0
4555 849.0
4556 849.0
4557 849.0
4558 849.0
4559 849.0
4560 849.0
4561 849.0
4562 849.0
4563 849.0
4564 849.0
4565 849.0
4566 849.0
4567 849.0
4568 849.0
4569 849.0
4570 849.0
4571 849.0
4572 849.0
4573 849.0
4574 849.0
4575 849.0
4576 849.0
4577 849.0
4578 849.0
4579 849.0
4580 849.0
4581 849.0
4582 849.0
4583 849.0
4584 849.0
4585 849.0
4586 849.0
4587 849.0
4588 849.0
4589 849.0
4590 849.0
4591 849.0
4592 849.0
4593 849.0
4594 849.0
4595 849.0
4596 849.0
4597 849.0
4598 849.0
4599 849.0
4600 849.0
4601 849.0
4602 849.0
4603 849.0
4604 849.0
4605 849.0
4606 849.0
4607 849.0
4608 849.0
4609 849.0
4610 849.0
4611 849.0
4612 849.0
4613 849.0
4614 849.0
4615 849.0
4616 849.0
4617 849.0
4618 849.0
4619 849.0
4620 849.0
4621 849.0
4622 849.0
4623 849.0
4624 849.0
4625 849.0
4626 849.0
4627 849.0
4628 849.0
4629 849.0
4630 849.0
4631 849.0
4632 849.0
4633 849.0
4634 849.0
4635 849.0
4636 849.0
4637 849.0
4638 849.0
4639 849.0
4640 849.0
4641 849.0
4642 849.0
4643 849.0
4644 849.0
4645 849.0
4646 849.0
4647 849.0
4648 849.0
4649 849.0
4650 849.0
4651 849.0
4652 849.0
4653 849.0
4654 849.0
4655 849.0
4656 849.0
4657 849.0
4658 849.0
4659 849.0
4660 849.0
4661 849.0
4662 849.0
4663 849.0
4664 849.0
4665 849.0
4666 849.0
4667 849.0
4668 849.0
4669 849.0
4670 849.0
4671 849.0
4672 849.0
4673 849.0
4674 849.0
4675 849.0
4676 849.0
4677 849.0
4678 849.0
4679 849.0
4680 849.0
4681 849.0
4682 849.0
4683 849.0
4684 849.0
4685 849.0
4686 849.0
4687 849.0
4688 849.0
4689 849.0
4690 849.0
4691 849.0
4692 849.0
4693 849.0
4694 849.0
4695 849.0
4696 849.0
4697 849.0
4698 849.0
4699 849.0
4700 849.0
4701 849.0
4702 849.0
4703 849.0
4704 849.0
4705 849.0
4706 849.0
4707 849.0
4708 849.0
4709 849.0
4710 849.0
4711 849.0
4712 849.0
4713 849.0
4714 849.0
4715 849.0
4716 849.0
4717 849.0
4718 849.0
4719 849.0
4720 849.0
4721 849.0
4722 849.0
4723 849.0
4724 849.0
4725 849.0
4726 849.0
4727 849.0
4728 849.0
4729 849.0
4730 849.0
4731 849.0
4732 849.0
4733 849.0
4734 849.0
4735 849.0
4736 849.0
4737 849.0
4738 849.0
4739 849.0
4740 849.0
4741 849.0
4742 849.0
4743 849.0
4744 849.0
4745 849.0
4746 849.0
4747 849.0
4748 849.0
4749 849.0
4750 849.0
4751 849.0
4752 849.0
4753 849.0
4754 849.0
4755 849.0
4756 849.0
4757 849.0
4758 849.0
4759 849.0
4760 849.0
4761 849.0
4762 849.0
4763 849.0
4764 849.0
4765 849.0
4766 849.0
4767 849.0
4768 849.0
4769 849.0
4770 849.0
4771 849.0
4772 849.0
4773 849.0
4774 849.0
4775 849.0
4776 849.0
4777 849.0
4778 849.0
4779 849.0
4780 849.0
4781 849.0
4782 849.0
4783 849.0
4784 849.0
4785 849.0
4786 849.0
4787 849.0
4788 849.0
4789 849.0
4790 849.0
4791 849.0
4792 849.0
4793 849.0
4794 849.0
4795 849.0
4796 849.0
4797 849.0
4798 849.0
4799 849.0
4800 849.0
4801 849.0
4802 849.0
4803 849.0
4804 849.0
4805 849.0
4806 849.0
4807 849.0
4808 849.0
4809 849.0
4810 849.0
4811 849.0
4812 849.0
4813 849.0
4814 849.0
4815 849.0
4816 849.0
4817 849.0
4818 849.0
4819 849.0
4820 849.0
4821 849.0
4822 849.0
4823 849.0
4824 849.0
4825 849.0
4826 849.0
4827 849.0
4828 849.0
4829 849.0
4830 849.0
4831 849.0
4832 849.0
4833 849.0
4834 849.0
4835 849.0
4836 849.0
4837 849.0
4838 849.0
4839 849.0
4840 849.0
4841 849.0
4842 849.0
4843 849.0
4844 849.0
4845 849.0
4846 849.0
4847 849.0
4848 849.0
4849 849.0
4850 849.0
4851 849.0
4852 849.0
4853 849.0
4854 849.0
4855 849.0
4856 849.0
4857 849.0
4858 849.0
4859 849.0
4860 849.0
4861 849.0
4862 849.0
4863 849.0
4864 849.0
4865 849.0
4866 849.0
4867 849.0
4868 849.0
4869 849.0
4870 849.0
4871 849.0
4872 849.0
4873 849.0
4874 849.0
4875 849.0
4876 849.0
4877 849.0
4878 849.0
4879 849.0
4880 849.0
4881 849.0
4882 849.0
4883 849.0
4884 849.0
4885 849.0
4886 849.0
4887 849.0
4888 849.0
4889 849.0
4890 849.0
4891 849.0
4892 849.0
4893 849.0
4894 849.0
4895 849.0
4896 849.0
4897 849.0
4898 849.0
4899 849.0
4900 849.0
4901 849.0
4902 849.0
4903 849.0
4904 849.0
4905 849.0
4906 849.0
4907 849.0
4908 849.0
4909 849.0
4910 849.0
4911 849.0
4912 849.0
4913 849.0
4914 849.0
4915 849.0
4916 849.0
4917 849.0
4918 849.0
4919 849.0
4920 849.0
4921 849.0
4922 849.0
4923 849.0
4924 849.0
4925 849.0
4926 849.0
4927 849.0
4928 849.0
4929 849.0
4930 849.0
4931 849.0
4932 849.0
4933 849.0
4934 849.0
4935 849.0
4936 849.0
4937 849.0
4938 849.0
4939 849.0
4940 849.0
4941 849.0
4942 849.0
4943 849.0
4944 849.0
4945 849.0
4946 849.0
4947 849.0
4948 849.0
4949 849.0
4950 849.0
4951 849.0
4952 849.0
4953 849.0
4954 849.0
4955 849.0
4956 849.0
4957 849.0
4958 849.0
4959 849.0
4960 849.0
4961 849.0
4962 849.0
4963 849.0
4964 849.0
4965 849.0
4966 849.0
4967 849.0
4968 849.0
4969 849.0
4970 849.0
4971 849.0
4972 849.0
4973 849.0
4974 849.0
4975 849.0
4976 849.0
4977 849.0
4978 849.0
4979 849.0
4980 849.0
4981 849.0
4982 849.0
4983 849.0
4984 849.0
4985 849.0
4986 849.0
4987 849.0
4988 849.0
4989 849.0
4990 849.0
4991 849.0
4992 849.0
4993 849.0
4994 849.0
4995 849.0
4996 849.0
4997 849.0
4998 849.0
4999 849.0
