0 42486.0
1 42486.0
2 42486.0
3 42486.0
4 42486.0
5 42486.0
6 42486.0
7 42486.0
8 42486.0
9 42486.0
10 42486.0
11 42486.0
12 42486.0
13 42486.0
14 42486.0
15 42486.0
16 42486.0
17 42486.0
18 42486.0
19 42486.0
20 42486.0
21 42486.0
22 42486.0
23 42486.0
24 42486.0
25 42486.0
26 42486.0
27 42486.0
28 42486.0
29 42486.0
30 42486.0
31 42486.0
32 42486.0
33 42486.0
34 42486.0
35 42486.0
36 42486.0
37 42486.0
38 42486.0
39 42486.0
40 42486.0
41 42486.0
42 42486.0
43 42486.0
44 42486.0
45 42486.0
46 42486.0
47 42486.0
48 42486.0
49 42486.0
50 42486.0
51 42486.0
52 42486.0
53 42486.0
54 42486.0
55 42486.0
56 42486.0
57 42486.0
58 42486.0
59 42486.0
60 42486.0
61 37148.0
62 37148.0
63 37148.0
64 37148.0
65 37148.0
66 37148.0
67 37148.0
68 37148.0
69 37148.0
70 37148.0
71 37148.0
72 37148.0
73 37148.0
74 37148.0
75 37148.0
76 37148.0
77 37148.0
78 37148.0
79 37148.0
80 37148.0
81 37148.0
82 37148.0
83 37148.0
84 37148.0
85 37148.0
86 37148.0
87 37148.0
88 37148.0
89 37148.0
90 37148.0
91 37148.0
92 37148.0
93 37148.0
94 37148.0
95 37148.0
96 37148.0
97 37148.0
98 37148.0
99 37148.0
100 37148.0
101 37148.0
102 37148.0
103 37148.0
104 37148.0
105 37148.0
106 37148.0
107 37148.0
108 37148.0
109 37148.0
110 37148.0
111 37148.0
112 37148.0
113 37148.0
114 37148.0
115 37148.0
116 37148.0
117 37148.0
118 37148.0
119 37148.0
120 37148.0
121 37148.0
122 37148.0
123 37148.0
124 37148.0
125 37148.0
126 37148.0
127 37148.0
128 37148.0
129 37148.0
130 37148.0
131 37148.0
132 37148.0
133 37148.0
134 37148.0
135 37148.0
136 37148.0
137 37148.0
138 37148.0
139 37148.0
140 37148.0
141 37148.0
142 37148.0
143 37148.0
144 37148.0
145 37148.0
146 37148.0
147 37148.0
148 37148.0
149 37148.0
150 37148.0
151 37148.0
152 37148.0
153 37148.0
154 37148.0
155 37148.0
156 37148.0
157 37148.0
158 37148.0
159 37148.0
160 37148.0
161 37148.0
162 37148.0
163 37148.0
164 37148.0
165 37148.0
166 37148.0
167 37148.0
168 37148.0
169 37148.0
170 37148.0
171 37148.0
172 37148.0
173 37148.0
174 37148.0
175 37148.0
176 37148.0
177 37148.0
178 37148.0
179 37148.0
180 37148.0
181 37148.0
182 37148.0
183 37148.0
184 37148.0
185 37148.0
186 37148.0
187 37148.0
188 37148.0
189 37148.0
190 37148.0
191 37148.0
192 37148.0
193 37148.0
194 37148.0
195 37148.0
196 37148.0
197 37148.0
198 37148.0
199 37148.0
200 37148.0
201 37148.0
202 37148.0
203 37148.0
204 37148.0
205 37148.0
206 37148.0
207 37148.0
208 37148.0
209 37148.0
210 37148.0
211 37148.0
212 37148.0
213 37148.0
214 37148.0
215 37148.0
216 37148.0
217 37148.0
218 37148.0
219 37148.0
220 37148.0
221 37148.0
222 37148.0
223 37148.0
224 37148.0
225 37148.0
226 37148.0
227 37148.0
228 37148.0
229 37148.0
230 37148.0
231 37148.0
232 37148.0
233 37148.0
234 37148.0
235 37148.0
236 37148.0
237 37148.0
238 37148.0
239 37148.0
240 37148.0
241 37148.0
242 37148.0
243 37148.0
244 37148.0
245 37148.0
246 37148.0
247 37148.0
248 37148.0
249 37148.0
250 37148.0
251 37148.0
252 37148.0
253 37148.0
254 37148.0
255 37148.0
256 37148.0
257 37148.0
258 37148.0
259 37148.0
260 37148.0
261 37148.0
262 37148.0
263 37148.0
264 37148.0
265 37148.0
266 37148.0
267 37148.0
268 37148.0
269 37148.0
270 37148.0
271 37148.0
272 37148.0
273 37148.0
274 37148.0
275 37148.0
276 37148.0
277 37148.0
278 37148.0
279 37148.0
280 37148.0
281 37148.0
282 37148.0
283 37148.0
284 37148.0
285 37148.0
286 37148.0
287 37148.0
288 37148.0
289 37148.0
290 37148.0
291 37148.0
292 37148.0
293 37148.0
294 37148.0
295 37148.0
296 37148.0
297 37148.0
298 37148.0
299 37148.0
300 37148.0
301 37148.0
302 37148.0
303 37148.0
304 37148.0
305 37148.0
306 37148.0
307 37148.0
308 37148.0
309 37148.0
310 37148.0
311 37148.0
312 37148.0
313 37148.0
314 37148.0
315 37148.0
316 37148.0
317 37148.0
318 37148.0
319 37148.0
320 37148.0
321 37148.0
322 37148.0
323 37148.0
324 37148.0
325 37148.0
326 37148.0
327 37148.0
328 37148.0
329 37148.0
330 37148.0
331 37148.0
332 37148.0
333 37148.0
334 37148.0
335 37148.0
336 37148.0
337 37148.0
338 37148.0
339 37148.0
340 37148.0
341 37148.0
342 37148.0
343 37148.0
344 37148.0
345 37148.0
346 37148.0
347 37148.0
348 37148.0
349 37148.0
350 37148.0
351 37148.0
352 37148.0
353 37148.0
354 37148.0
355 37148.0
356 37148.0
357 37148.0
358 37148.0
359 37148.0
360 37148.0
361 37148.0
362 37148.0
363 37148.0
364 37148.0
365 37148.0
366 37148.0
367 37148.0
368 37148.0
369 37148.0
370 37148.0
371 37148.0
372 37148.0
373 37148.0
374 37148.0
375 37148.0
376 37148.0
377 37148.0
378 37148.0
379 37148.0
380 37148.0
381 37148.0
382 37148.0
383 37148.0
384 37148.0
385 37148.0
386 37148.0
387 37148.0
388 37148.0
389 37148.0
390 37148.0
391 37148.0
392 37148.0
393 37148.0
394 37148.0
395 37148.0
396 37148.0
397 37148.0
398 37148.0
399 37148.0
400 37148.0
401 37148.0
402 37148.0
403 37148.0
404 37148.0
405 37148.0
406 37148.0
407 37148.0
408 37148.0
409 37148.0
410 37148.0
411 37148.0
412 37148.0
413 37148.0
414 37148.0
415 37148.0
416 37148.0
417 37148.0
418 37148.0
419 37148.0
420 37148.0
421 37148.0
422 37148.0
423 37148.0
424 37148.0
425 37148.0
426 37148.0
427 37148.0
428 37148.0
429 37148.0
430 37148.0
431 37148.0
432 37148.0
433 37148.0
434 37148.0
435 37148.0
436 37148.0
437 37148.0
438 37148.0
439 37148.0
440 37148.0
441 37148.0
442 37148.0
443 37148.0
444 37148.0
445 37148.0
446 37148.0
447 37148.0
448 37148.0
449 37148.0
450 37148.0
451 37148.0
452 37148.0
453 37148.0
454 37148.0
455 37148.0
456 37148.0
457 37148.0
458 37148.0
459 37148.0
460 37148.0
461 37148.0
462 37148.0
463 37148.0
464 37148.0
465 37148.0
466 37148.0
467 37148.0
468 37148.0
469 37148.0
470 37148.0
471 37148.0
472 37148.0
473 37148.0
474 37148.0
475 37148.0
476 37148.0
477 37148.0
478 37148.0
479 37148.0
480 37148.0
481 37148.0
482 37148.0
483 37148.0
484 37148.0
485 37148.0
486 37148.0
487 37148.0
488 37148.0
489 37148.0
490 37148.0
491 37148.0
492 37148.0
493 37148.0
494 37148.0
495 37148.0
496 37148.0
497 37148.0
498 37148.0
499 37148.0
500 37148.0
501 37148.0
502 37148.0
503 37148.0
504 37148.0
505 37148.0
506 37148.0
507 37148.0
508 37148.0
509 37148.0
510 37148.0
511 37148.0
512 37148.0
513 37148.0
514 37148.0
515 37148.0
516 37148.0
517 37148.0
518 37148.0
519 37148.0
520 37148.0
521 37148.0
522 37148.0
523 37148.0
524 37148.0
525 37148.0
526 37148.0
527 37148.0
528 37148.0
529 37148.0
530 37148.0
531 37148.0
532 37148.0
533 37148.0
534 37148.0
535 37148.0
536 37148.0
537 37148.0
538 37148.0
539 37148.0
540 37148.0
541 37148.0
542 37148.0
543 37148.0
544 37148.0
545 37148.0
546 37148.0
547 37148.0
548 37148.0
549 37148.0
550 37148.0
551 37148.0
552 37148.0
553 37148.0
554 37148.0
555 37148.0
556 37148.0
557 37148.0
558 37148.0
559 37148.0
560 37148.0
561 37148.0
562 37148.0
563 37148.0
564 37148.0
565 37148.0
566 37148.0
567 37148.0
568 37148.0
569 37148.0
570 37148.0
571 37148.0
572 37148.0
573 37148.0
574 37148.0
575 37148.0
576 37148.0
577 37148.0
578 37148.0
579 37148.0
580 37148.0
581 37148.0
582 37148.0
583 37148.0
584 37148.0
585 37148.0
586 37148.0
587 37148.0
588 37148.0
589 37148.0
590 37148.0
591 37148.0
592 37148.0
593 37148.0
594 37148.0
595 37148.0
596 37148.0
597 37148.0
598 37148.0
599 37148.0
600 37148.0
601 37148.0
602 37148.0
603 37148.0
604 37148.0
605 37148.0
606 37148.0
607 37148.0
608 37148.0
609 37148.0
610 37148.0
611 37148.0
612 37148.0
613 37148.0
614 37148.0
615 37148.0
616 37148.0
617 37148.0
618 37148.0
619 37148.0
620 37148.0
621 37148.0
622 37148.0
623 37148.0
624 37148.0
625 37148.0
626 37148.0
627 37148.0
628 37148.0
629 37148.0
630 37148.0
631 37148.0
632 37148.0
633 37148.0
634 37148.0
635 37148.0
636 37148.0
637 37148.0
638 37148.0
639 37148.0
640 37148.0
641 37148.0
642 37148.0
643 37148.0
644 37148.0
645 37148.0
646 37148.0
647 37148.0
648 37148.0
649 37148.0
650 37148.0
651 37148.0
652 37148.0
653 37148.0
654 37148.0
655 37148.0
656 37148.0
657 37148.0
658 37148.0
659 37148.0
660 37148.0
661 37148.0
662 37148.0
663 37148.0
664 37148.0
665 37148.0
666 37148.0
667 37148.0
668 37148.0
669 37148.0
670 37148.0
671 37148.0
672 37148.0
673 37148.0
674 37148.0
675 37148.0
676 37148.0
677 37148.0
678 37148.0
679 37148.0
680 37148.0
681 37148.0
682 37148.0
683 37148.0
684 37148.0
685 37148.0
686 37148.0
687 37148.0
688 37148.0
689 37148.0
690 37148.0
691 37148.0
692 37148.0
693 37148.0
694 37148.0
695 37148.0
696 37148.0
697 37148.0
698 37148.0
699 37148.0
700 37148.0
701 37148.0
702 37148.0
703 37148.0
704 37148.0
705 37148.0
706 37148.0
707 37148.0
708 37148.0
709 37148.0
710 37148.0
711 37148.0
712 37148.0
713 37148.0
714 37148.0
715 37148.0
716 37148.0
717 37148.0
718 37148.0
719 37148.0
720 37148.0
721 37148.0
722 37148.0
723 37148.0
724 37148.0
725 37148.0
726 37148.0
727 37148.0
728 37148.0
729 37148.0
730 37148.0
731 37148.0
732 37148.0
733 37148.0
734 37148.0
735 37148.0
736 37148.0
737 37148.0
738 37148.0
739 37148.0
740 37148.0
741 37148.0
742 37148.0
743 37148.0
744 37148.0
745 37148.0
746 37148.0
747 37148.0
748 37148.0
749 37148.0
750 37148.0
751 37148.0
752 37148.0
753 37148.0
754 37148.0
755 37148.0
756 37148.0
757 37148.0
758 37148.0
759 37148.0
760 37148.0
761 37148.0
762 37148.0
763 37148.0
764 37148.0
765 37148.0
766 37148.0
767 37148.0
768 37148.0
769 37148.0
770 37148.0
771 37148.0
772 37148.0
773 37148.0
774 37148.0
775 37148.0
776 37148.0
777 37148.0
778 37148.0
779 37148.0
780 37148.0
781 37148.0
782 37148.0
783 37148.0
784 37148.0
785 37148.0
786 37148.0
787 37148.0
788 37148.0
789 37148.0
790 37148.0
791 37148.0
792 37148.0
793 37148.0
794 37148.0
795 37148.0
796 37148.0
797 37148.0
798 37148.0
799 37148.0
800 37148.0
801 37148.0
802 37148.0
803 37148.0
804 37148.0
805 37148.0
806 37148.0
807 37148.0
808 37148.0
809 37148.0
810 37148.0
811 37148.0
812 37148.0
813 37148.0
814 37148.0
815 37148.0
816 37148.0
817 37148.0
818 37148.0
819 37148.0
820 37148.0
821 37148.0
822 37148.0
823 37148.0
824 37148.0
825 37148.0
826 37148.0
827 37148.0
828 37148.0
829 37148.0
830 37148.0
831 37148.0
832 37148.0
833 37148.0
834 37148.0
835 37148.0
836 37148.0
837 37148.0
838 37148.0
839 37148.0
840 37148.0
841 37148.0
842 37148.0
843 37148.0
844 37148.0
845 37148.0
846 37148.0
847 37148.0
848 37148.0
849 37148.0
850 37148.0
851 37148.0
852 37148.0
853 37148.0
854 37148.0
855 37148.0
856 37148.0
857 37148.0
858 37148.0
859 37148.0
860 37148.0
861 37148.0
862 37148.0
863 37148.0
864 37148.0
865 37148.0
866 37148.0
867 37148.0
868 37148.0
869 37148.0
870 37148.0
871 37148.0
872 37148.0
873 37148.0
874 37148.0
875 37148.0
876 37148.0
877 37148.0
878 37148.0
879 37148.0
880 37148.0
881 37148.0
882 37148.0
883 37148.0
884 37148.0
885 37148.0
886 37148.0
887 37148.0
888 37148.0
889 37148.0
890 37148.0
891 37148.0
892 37148.0
893 37148.0
894 37148.0
895 37148.0
896 37148.0
897 37148.0
898 37148.0
899 37148.0
900 37148.0
901 37148.0
902 37148.0
903 37148.0
904 37148.0
905 37148.0
906 37148.0
907 37148.0
908 37148.0
909 37148.0
910 37148.0
911 37148.0
912 37148.0
913 37148.0
914 37148.0
915 37148.0
916 37148.0
917 37148.0
918 37148.0
919 37148.0
920 37148.0
921 37148.0
922 37148.0
923 37148.0
924 37148.0
925 37148.0
926 37148.0
927 37148.0
928 37148.0
929 37148.0
930 37148.0
931 37148.0
932 37148.0
933 37148.0
934 37148.0
935 37148.0
936 37148.0
937 37148.0
938 37148.0
939 37148.0
940 37148.0
941 37148.0
942 37148.0
943 37148.0
944 37148.0
945 37148.0
946 37148.0
947 37148.0
948 37148.0
949 37148.0
950 37148.0
951 37148.0
952 37148.0
953 37148.0
954 37148.0
955 37148.0
956 37148.0
957 37148.0
958 37148.0
959 37148.0
960 37148.0
961 37148.0
962 37148.0
963 37148.0
964 37148.0
965 37148.0
966 37148.0
967 37148.0
968 37148.0
969 37148.0
970 37148.0
971 37148.0
972 37148.0
973 37148.0
974 37148.0
975 37148.0
976 37148.0
977 37148.0
978 37148.0
979 37148.0
980 37148.0
981 37148.0
982 37148.0
983 37148.0
984 37148.0
985 37148.0
986 37148.0
987 37148.0
988 37148.0
989 37148.0
990 37148.0
991 37148.0
992 37148.0
993 37148.0
994 37148.0
995 37148.0
996 37148.0
997 37148.0
998 37148.0
999 37148.0
1000 37148.0
1001 37148.0
1002 37148.0
1003 37148.0
1004 37148.0
1005 37148.0
1006 37148.0
1007 37148.0
1008 37148.0
1009 37148.0
1010 37148.0
1011 37148.0
1012 37148.0
1013 37148.0
1014 37148.0
1015 37148.0
1016 37148.0
1017 37148.0
1018 37148.0
1019 37148.0
1020 37148.0
1021 37148.0
1022 37148.0
1023 37148.0
1024 37148.0
1025 37148.0
1026 37148.0
1027 37148.0
1028 37148.0
1029 37148.0
1030 37148.0
1031 37148.0
1032 37148.0
1033 37148.0
1034 37148.0
1035 37148.0
1036 37148.0
1037 37148.0
1038 37148.0
1039 37148.0
1040 37148.0
1041 37148.0
1042 37148.0
1043 37148.0
1044 37148.0
1045 37148.0
1046 37148.0
1047 37148.0
1048 37148.0
1049 37148.0
1050 37148.0
1051 37148.0
1052 37148.0
1053 37148.0
1054 37148.0
1055 37148.0
1056 37148.0
1057 37148.0
1058 37148.0
1059 37148.0
1060 37148.0
1061 37148.0
1062 37148.0
1063 37148.0
1064 37148.0
1065 37148.0
1066 37148.0
1067 37148.0
1068 37148.0
1069 37148.0
1070 37148.0
1071 37148.0
1072 37148.0
1073 37148.0
1074 37148.0
1075 37148.0
1076 37148.0
1077 37148.0
1078 37148.0
1079 37148.0
1080 37148.0
1081 37148.0
1082 37148.0
1083 37148.0
1084 37148.0
1085 37148.0
1086 37148.0
1087 37148.0
1088 37148.0
1089 37148.0
1090 37148.0
1091 37148.0
1092 37148.0
1093 37148.0
1094 37148.0
1095 37148.0
1096 37148.0
1097 37148.0
1098 37148.0
1099 37148.0
1100 37148.0
1101 37148.0
1102 37148.0
1103 37148.0
1104 37148.0
1105 37148.0
1106 37148.0
1107 37148.0
1108 37148.0
1109 37148.0
1110 37148.0
1111 37148.0
1112 37148.0
1113 37148.0
1114 37148.0
1115 37148.0
1116 37148.0
1117 37148.0
1118 37148.0
1119 37148.0
1120 37148.0
1121 37148.0
1122 37148.0
1123 37148.0
1124 37148.0
1125 37148.0
1126 37148.0
1127 37148.0
1128 37148.0
1129 37148.0
1130 37148.0
1131 37148.0
1132 37148.0
1133 37148.0
1134 37148.0
1135 37148.0
1136 37148.0
1137 37148.0
1138 37148.0
1139 37148.0
1140 37148.0
1141 37148.0
1142 37148.0
1143 37148.0
1144 37148.0
1145 37148.0
1146 37148.0
1147 37148.0
1148 37148.0
1149 37148.0
1150 37148.0
1151 37148.0
1152 37148.0
1153 37148.0
1154 37148.0
1155 37148.0
1156 37148.0
1157 37148.0
1158 37148.0
1159 37148.0
1160 37148.0
1161 37148.0
1162 37148.0
1163 37148.0
1164 37148.0
1165 37148.0
1166 37148.0
1167 37148.0
1168 37148.0
1169 37148.0
1170 37148.0
1171 37148.0
1172 37148.0
1173 37148.0
1174 37148.0
1175 37148.0
1176 37148.0
1177 37148.0
1178 37148.0
1179 37148.0
1180 37148.0
1181 37148.0
1182 37148.0
1183 37148.0
1184 37148.0
1185 37148.0
1186 37148.0
1187 37148.0
1188 37148.0
1189 37148.0
1190 37148.0
1191 37148.0
1192 37148.0
1193 37148.0
1194 37148.0
1195 37148.0
1196 37148.0
1197 37148.0
1198 37148.0
1199 37148.0
1200 37148.0
1201 37148.0
1202 37148.0
1203 37148.0
1204 37148.0
1205 37148.0
1206 37148.0
1207 37148.0
1208 37148.0
1209 37148.0
1210 37148.0
1211 37148.0
1212 37148.0
1213 37148.0
1214 37148.0
1215 37148.0
1216 37148.0
1217 37148.0
1218 37148.0
1219 37148.0
1220 37148.0
1221 37148.0
1222 37148.0
1223 37148.0
1224 37148.0
1225 37148.0
1226 37148.0
1227 37148.0
1228 37148.0
1229 37148.0
1230 37148.0
1231 37148.0
1232 37148.0
1233 37148.0
1234 37148.0
1235 37148.0
1236 37148.0
1237 37148.0
1238 37148.0
1239 37148.0
1240 37148.0
1241 37148.0
1242 37148.0
1243 37148.0
1244 37148.0
1245 37148.0
1246 37148.0
1247 37148.0
1248 37148.0
1249 37148.0
1250 37148.0
1251 37148.0
1252 37148.0
1253 37148.0
1254 37148.0
1255 37148.0
1256 37148.0
1257 37148.0
1258 37148.0
1259 37148.0
1260 37148.0
1261 37148.0
1262 37148.0
1263 37148.0
1264 37148.0
1265 37148.0
1266 37148.0
1267 37148.0
1268 37148.0
1269 37148.0
1270 37148.0
1271 37148.0
1272 37148.0
1273 37148.0
1274 37148.0
1275 37148.0
1276 37148.0
1277 37148.0
1278 37148.0
1279 37148.0
1280 37148.0
1281 37148.0
1282 37148.0
1283 37148.0
1284 37148.0
1285 37148.0
1286 37148.0
1287 37148.0
1288 37148.0
1289 37148.0
1290 37148.0
1291 37148.0
1292 37148.0
1293 37148.0
1294 37148.0
1295 37148.0
1296 37148.0
1297 37148.0
1298 37148.0
1299 37148.0
1300 37148.0
1301 37148.0
1302 37148.0
1303 37148.0
1304 37148.0
1305 37148.0
1306 37148.0
1307 37148.0
1308 37148.0
1309 37148.0
1310 37148.0
1311 37148.0
1312 37148.0
1313 37148.0
1314 37148.0
1315 37148.0
1316 37148.0
1317 37148.0
1318 37148.0
1319 37148.0
1320 37148.0
1321 37148.0
1322 37148.0
1323 37148.0
1324 37148.0
1325 37148.0
1326 37148.0
1327 37148.0
1328 37148.0
1329 37148.0
1330 37148.0
1331 37148.0
1332 37148.0
1333 37148.0
1334 37148.0
1335 37148.0
1336 37148.0
1337 37148.0
1338 37148.0
1339 37148.0
1340 37148.0
1341 37148.0
1342 37148.0
1343 37148.0
1344 37148.0
1345 37148.0
1346 37148.0
1347 37148.0
1348 37148.0
1349 37148.0
1350 37148.0
1351 37148.0
1352 37148.0
1353 37148.0
1354 37148.0
1355 37148.0
1356 37148.0
1357 37148.0
1358 37148.0
1359 37148.0
1360 37148.0
1361 37148.0
1362 37148.0
1363 37148.0
1364 37148.0
1365 37148.0
1366 37148.0
1367 37148.0
1368 37148.0
1369 37148.0
1370 37148.0
1371 37148.0
1372 37148.0
1373 37148.0
1374 37148.0
1375 37148.0
1376 37148.0
1377 37148.0
1378 37148.0
1379 37148.0
1380 37148.0
1381 37148.0
1382 37148.0
1383 37148.0
1384 37148.0
1385 37148.0
1386 37148.0
1387 37148.0
1388 37148.0
1389 37148.0
1390 37148.0
1391 37148.0
1392 37148.0
1393 37148.0
1394 37148.0
1395 37148.0
1396 37148.0
1397 37148.0
1398 37148.0
1399 37148.0
1400 37148.0
1401 37148.0
1402 37148.0
1403 37148.0
1404 37148.0
1405 37148.0
1406 37148.0
1407 37148.0
1408 37148.0
1409 37148.0
1410 37148.0
1411 37148.0
1412 37148.0
1413 37148.0
1414 37148.0
1415 37148.0
1416 37148.0
1417 37148.0
1418 37148.0
1419 37148.0
1420 37148.0
1421 37148.0
1422 37148.0
1423 37148.0
1424 37148.0
1425 37148.0
1426 37148.0
1427 37148.0
1428 37148.0
1429 37148.0
1430 37148.0
1431 37148.0
1432 37148.0
1433 37148.0
1434 37148.0
1435 37148.0
1436 37148.0
1437 37148.0
1438 37148.0
1439 37148.0
1440 37148.0
1441 37148.0
1442 37148.0
1443 37148.0
1444 37148.0
1445 37148.0
1446 37148.0
1447 37148.0
1448 37148.0
1449 37148.0
1450 37148.0
1451 37148.0
1452 37148.0
1453 37148.0
1454 37148.0
1455 37148.0
1456 37148.0
1457 37148.0
1458 37148.0
1459 37148.0
1460 37148.0
1461 37148.0
1462 37148.0
1463 37148.0
1464 37148.0
1465 37148.0
1466 37148.0
1467 37148.0
1468 37148.0
1469 37148.0
1470 37148.0
1471 37148.0
1472 37148.0
1473 37148.0
1474 37148.0
1475 37148.0
1476 37148.0
1477 37148.0
1478 37148.0
1479 37148.0
1480 37148.0
1481 37148.0
1482 37148.0
1483 37148.0
1484 37148.0
1485 37148.0
1486 37148.0
1487 37148.0
1488 37148.0
1489 37148.0
1490 37148.0
1491 37148.0
1492 37148.0
1493 37148.0
1494 37148.0
1495 37148.0
1496 37148.0
1497 37148.0
1498 37148.0
1499 37148.0
1500 37148.0
1501 37148.0
1502 37148.0
1503 37148.0
1504 37148.0
1505 37148.0
1506 37148.0
1507 37148.0
1508 37148.0
1509 37148.0
1510 37148.0
1511 37148.0
1512 37148.0
1513 37148.0
1514 37148.0
1515 37148.0
1516 37148.0
1517 37148.0
1518 37148.0
1519 37148.0
1520 37148.0
1521 37148.0
1522 37148.0
1523 37148.0
1524 37148.0
1525 37148.0
1526 37148.0
1527 37148.0
1528 37148.0
1529 37148.0
1530 37148.0
1531 37148.0
1532 37148.0
1533 37148.0
1534 37148.0
1535 37148.0
1536 37148.0
1537 37148.0
1538 37148.0
1539 37148.0
1540 37148.0
1541 37148.0
1542 37148.0
1543 37148.0
1544 37148.0
1545 37148.0
1546 37148.0
1547 37148.0
1548 37148.0
1549 37148.0
1550 37148.0
1551 37148.0
1552 37148.0
1553 37148.0
1554 37148.0
1555 37148.0
1556 37148.0
1557 37148.0
1558 37148.0
1559 37148.0
1560 37148.0
1561 37148.0
1562 37148.0
1563 37148.0
1564 37148.0
1565 37148.0
1566 37148.0
1567 37148.0
1568 37148.0
1569 37148.0
1570 37148.0
1571 37148.0
1572 37148.0
1573 37148.0
1574 37148.0
1575 37148.0
1576 37148.0
1577 37148.0
1578 37148.0
1579 37148.0
1580 37148.0
1581 37148.0
1582 37148.0
1583 37148.0
1584 37148.0
1585 37148.0
1586 37148.0
1587 37148.0
1588 37148.0
1589 37148.0
1590 37148.0
1591 37148.0
1592 37148.0
1593 37148.0
1594 37148.0
1595 37148.0
1596 37148.0
1597 37148.0
1598 37148.0
1599 37148.0
1600 37148.0
1601 37148.0
1602 37148.0
1603 37148.0
1604 37148.0
1605 37148.0
1606 37148.0
1607 37148.0
1608 37148.0
1609 37148.0
1610 37148.0
1611 37148.0
1612 37148.0
1613 37148.0
1614 37148.0
1615 37148.0
1616 37148.0
1617 37148.0
1618 37148.0
1619 37148.0
1620 37148.0
1621 37148.0
1622 37148.0
1623 37148.0
1624 37148.0
1625 37148.0
1626 37148.0
1627 37148.0
1628 37148.0
1629 37148.0
1630 37148.0
1631 37148.0
1632 37148.0
1633 37148.0
1634 37148.0
1635 37148.0
1636 37148.0
1637 37148.0
1638 37148.0
1639 37148.0
1640 37148.0
1641 37148.0
1642 37148.0
1643 37148.0
1644 37148.0
1645 37148.0
1646 37148.0
1647 37148.0
1648 37148.0
1649 37148.0
1650 37148.0
1651 37148.0
1652 37148.0
1653 37148.0
1654 37148.0
1655 37148.0
1656 37148.0
1657 37148.0
1658 37148.0
1659 37148.0
1660 37148.0
1661 37148.0
1662 37148.0
1663 37148.0
1664 37148.0
1665 37148.0
1666 37148.0
1667 37148.0
1668 37148.0
1669 37148.0
1670 37148.0
1671 37148.0
1672 37148.0
1673 37148.0
1674 37148.0
1675 37148.0
1676 37148.0
1677 37148.0
1678 37148.0
1679 37148.0
1680 37148.0
1681 37148.0
1682 37148.0
1683 37148.0
1684 37148.0
1685 37148.0
1686 37148.0
1687 37148.0
1688 37148.0
1689 37148.0
1690 37148.0
1691 37148.0
1692 37148.0
1693 37148.0
1694 37148.0
1695 37148.0
1696 37148.0
1697 37148.0
1698 37148.0
1699 37148.0
1700 37148.0
1701 37148.0
1702 37148.0
1703 37148.0
1704 37148.0
1705 37148.0
1706 37148.0
1707 37148.0
1708 37148.0
1709 37148.0
1710 37148.0
1711 37148.0
1712 37148.0
1713 37148.0
1714 37148.0
1715 37148.0
1716 37148.0
1717 37148.0
1718 37148.0
1719 37148.0
1720 37148.0
1721 37148.0
1722 37148.0
1723 37148.0
1724 37148.0
1725 37148.0
1726 37148.0
1727 37148.0
1728 37148.0
1729 37148.0
1730 37148.0
1731 37148.0
1732 37148.0
1733 37148.0
1734 37148.0
1735 37148.0
1736 37148.0
1737 37148.0
1738 37148.0
1739 37148.0
1740 37148.0
1741 37148.0
1742 37148.0
1743 37148.0
1744 37148.0
1745 37148.0
1746 37148.0
1747 37148.0
1748 37148.0
1749 37148.0
1750 37148.0
1751 37148.0
1752 37148.0
1753 37148.0
1754 37148.0
1755 37148.0
1756 37148.0
1757 37148.0
1758 37148.0
1759 37148.0
1760 37148.0
1761 37148.0
1762 37148.0
1763 37148.0
1764 37148.0
1765 37148.0
1766 37148.0
1767 37148.0
1768 37148.0
1769 37148.0
1770 37148.0
1771 37148.0
1772 37148.0
1773 37148.0
1774 37148.0
1775 37148.0
1776 37148.0
1777 37148.0
1778 37148.0
1779 37148.0
1780 37148.0
1781 37148.0
1782 37148.0
1783 37148.0
1784 37148.0
1785 37148.0
1786 37148.0
1787 37148.0
1788 37148.0
1789 37148.0
1790 37148.0
1791 37148.0
1792 37148.0
1793 37148.0
1794 37148.0
1795 37148.0
1796 37148.0
1797 37148.0
1798 37148.0
1799 37148.0
1800 37148.0
1801 37148.0
1802 37148.0
1803 37148.0
1804 37148.0
1805 37148.0
1806 37148.0
1807 37148.0
1808 37148.0
1809 37148.0
1810 37148.0
1811 37148.0
1812 37148.0
1813 37148.0
1814 37148.0
1815 37148.0
1816 37148.0
1817 37148.0
1818 37148.0
1819 37148.0
1820 37148.0
1821 37148.0
1822 37148.0
1823 37148.0
1824 37148.0
1825 37148.0
1826 37148.0
1827 37148.0
1828 37148.0
1829 37148.0
1830 37148.0
1831 37148.0
1832 37148.0
1833 37148.0
1834 37148.0
1835 37148.0
1836 37148.0
1837 37148.0
1838 37148.0
1839 37148.0
1840 37148.0
1841 37148.0
1842 37148.0
1843 37148.0
1844 37148.0
1845 37148.0
1846 37148.0
1847 37148.0
1848 37148.0
1849 37148.0
1850 37148.0
1851 37148.0
1852 37148.0
1853 37148.0
1854 37148.0
1855 36881.0
1856 36881.0
1857 36881.0
1858 36881.0
1859 36881.0
1860 36881.0
1861 36881.0
1862 36881.0
1863 36881.0
1864 36881.0
1865 36881.0
1866 36881.0
1867 36881.0
1868 36881.0
1869 36881.0
1870 36881.0
1871 36881.0
1872 36881.0
1873 36881.0
1874 36881.0
1875 36881.0
1876 36881.0
1877 36881.0
1878 36881.0
1879 36881.0
1880 36881.0
1881 36881.0
1882 36881.0
1883 36881.0
1884 36881.0
1885 36881.0
1886 36881.0
1887 36881.0
1888 36881.0
1889 36881.0
1890 36881.0
1891 36881.0
1892 36881.0
1893 36881.0
1894 36881.0
1895 36881.0
1896 36881.0
1897 36881.0
1898 36881.0
1899 36881.0
1900 36881.0
1901 36881.0
1902 36881.0
1903 36881.0
1904 36881.0
1905 36881.0
1906 36881.0
1907 36881.0
1908 36881.0
1909 36881.0
1910 36881.0
1911 36881.0
1912 36881.0
1913 36881.0
1914 36881.0
1915 36881.0
1916 36881.0
1917 36881.0
1918 36881.0
1919 36881.0
1920 36881.0
1921 36881.0
1922 36881.0
1923 36881.0
1924 36881.0
1925 36881.0
1926 36881.0
1927 36881.0
1928 36881.0
1929 36881.0
1930 36881.0
1931 36881.0
1932 36881.0
1933 36881.0
1934 36881.0
1935 36881.0
1936 36881.0
1937 36881.0
1938 36881.0
1939 36881.0
1940 36881.0
1941 36881.0
1942 36881.0
1943 36881.0
1944 36881.0
1945 36881.0
1946 36881.0
1947 36881.0
1948 36881.0
1949 36881.0
1950 36881.0
1951 36881.0
1952 36881.0
1953 36881.0
1954 36881.0
1955 36881.0
1956 36881.0
1957 36881.0
1958 36881.0
1959 36881.0
1960 36881.0
1961 36881.0
1962 36881.0
1963 36881.0
1964 36881.0
1965 36881.0
1966 36881.0
1967 36881.0
1968 36881.0
1969 36881.0
1970 36881.0
1971 36881.0
1972 36881.0
1973 36881.0
1974 36881.0
1975 36881.0
1976 36881.0
1977 36881.0
1978 36881.0
1979 36881.0
1980 36881.0
1981 36881.0
1982 36881.0
1983 36881.0
1984 36881.0
1985 36881.0
1986 36881.0
1987 36881.0
1988 36881.0
1989 36881.0
1990 36881.0
1991 36881.0
1992 36881.0
1993 36881.0
1994 36881.0
1995 36881.0
1996 36881.0
1997 36881.0
1998 36881.0
1999 36881.0
2000 36881.0
2001 36881.0
2002 36881.0
2003 36881.0
2004 36881.0
2005 36881.0
2006 36881.0
2007 36881.0
2008 36881.0
2009 36881.0
2010 36881.0
2011 36881.0
2012 36881.0
2013 36881.0
2014 36881.0
2015 36881.0
2016 36881.0
2017 36881.0
2018 36881.0
2019 36881.0
2020 36881.0
2021 36881.0
2022 36881.0
2023 36881.0
2024 36881.0
2025 36881.0
2026 36881.0
2027 36881.0
2028 36881.0
2029 36881.0
2030 36881.0
2031 36881.0
2032 36881.0
2033 36881.0
2034 36881.0
2035 36881.0
2036 36881.0
2037 36881.0
2038 36881.0
2039 36881.0
2040 36881.0
2041 36881.0
2042 36881.0
2043 36881.0
2044 36881.0
2045 36881.0
2046 36881.0
2047 36881.0
2048 36881.0
2049 36881.0
2050 36881.0
2051 36881.0
2052 36881.0
2053 36881.0
2054 36881.0
2055 36881.0
2056 36881.0
2057 36881.0
2058 36881.0
2059 36881.0
2060 36881.0
2061 36881.0
2062 36881.0
2063 36881.0
2064 36881.0
2065 36881.0
2066 36881.0
2067 36881.0
2068 36881.0
2069 36881.0
2070 36881.0
2071 36881.0
2072 36881.0
2073 36881.0
2074 36881.0
2075 36881.0
2076 36881.0
2077 36881.0
2078 36881.0
2079 36881.0
2080 36881.0
2081 36881.0
2082 36881.0
2083 36881.0
2084 36881.0
2085 36881.0
2086 36881.0
2087 36881.0
2088 36881.0
2089 36881.0
2090 36881.0
2091 36881.0
2092 36881.0
2093 36881.0
2094 36881.0
2095 36881.0
2096 36881.0
2097 36881.0
2098 36881.0
2099 36881.0
2100 36881.0
2101 36881.0
2102 36881.0
2103 36881.0
2104 36881.0
2105 36881.0
2106 36881.0
2107 36881.0
2108 36881.0
2109 36881.0
2110 36881.0
2111 36881.0
2112 36881.0
2113 36881.0
2114 36881.0
2115 36881.0
2116 36881.0
2117 36881.0
2118 36881.0
2119 36881.0
2120 36881.0
2121 36881.0
2122 36881.0
2123 36881.0
2124 36881.0
2125 36881.0
2126 36881.0
2127 36881.0
2128 36881.0
2129 36881.0
2130 36881.0
2131 36881.0
2132 36881.0
2133 36881.0
2134 36881.0
2135 36881.0
2136 36881.0
2137 36881.0
2138 36881.0
2139 36881.0
2140 36881.0
2141 36881.0
2142 36881.0
2143 36881.0
2144 36881.0
2145 36881.0
2146 36881.0
2147 36881.0
2148 36881.0
2149 36881.0
2150 36881.0
2151 36881.0
2152 36881.0
2153 36881.0
2154 36881.0
2155 36881.0
2156 36881.0
2157 36881.0
2158 36881.0
2159 36881.0
2160 36881.0
2161 36881.0
2162 36881.0
2163 36881.0
2164 36881.0
2165 36881.0
2166 36881.0
2167 36881.0
2168 36881.0
2169 36881.0
2170 36881.0
2171 36881.0
2172 36881.0
2173 36881.0
2174 36881.0
2175 36881.0
2176 36881.0
2177 36881.0
2178 36881.0
2179 36881.0
2180 36881.0
2181 36881.0
2182 36881.0
2183 36881.0
2184 36881.0
2185 36881.0
2186 36881.0
2187 36881.0
2188 36881.0
2189 36881.0
2190 36881.0
2191 36881.0
2192 36881.0
2193 36881.0
2194 36881.0
2195 36881.0
2196 36881.0
2197 36881.0
2198 36881.0
2199 36881.0
2200 36881.0
2201 36881.0
2202 36881.0
2203 36881.0
2204 36881.0
2205 36881.0
2206 36881.0
2207 36881.0
2208 36881.0
2209 36881.0
2210 36881.0
2211 36881.0
2212 36881.0
2213 36881.0
2214 36881.0
2215 36881.0
2216 36881.0
2217 36881.0
2218 36881.0
2219 36881.0
2220 36881.0
2221 36881.0
2222 36881.0
2223 36881.0
2224 36881.0
2225 36881.0
2226 36881.0
2227 36881.0
2228 36881.0
2229 36881.0
2230 36881.0
2231 36881.0
2232 36881.0
2233 36881.0
2234 36881.0
2235 36881.0
2236 36881.0
2237 36881.0
2238 36881.0
2239 36881.0
2240 36881.0
2241 36881.0
2242 36881.0
2243 36881.0
2244 36881.0
2245 36881.0
2246 36881.0
2247 36881.0
2248 36881.0
2249 36881.0
2250 36881.0
2251 36881.0
2252 36881.0
2253 36881.0
2254 36881.0
2255 36881.0
2256 36881.0
2257 36881.0
2258 36881.0
2259 36881.0
2260 36881.0
2261 36881.0
2262 36881.0
2263 36881.0
2264 36881.0
2265 36881.0
2266 36881.0
2267 36881.0
2268 36881.0
2269 36881.0
2270 36881.0
2271 36881.0
2272 36881.0
2273 36881.0
2274 36881.0
2275 36881.0
2276 36881.0
2277 36881.0
2278 36881.0
2279 36881.0
2280 36881.0
2281 36881.0
2282 36881.0
2283 36881.0
2284 36881.0
2285 36881.0
2286 36881.0
2287 36881.0
2288 36881.0
2289 36881.0
2290 36881.0
2291 36881.0
2292 36881.0
2293 36881.0
2294 36881.0
2295 36881.0
2296 36881.0
2297 36881.0
2298 36881.0
2299 36881.0
2300 36881.0
2301 36881.0
2302 36881.0
2303 36881.0
2304 36881.0
2305 36881.0
2306 36881.0
2307 36881.0
2308 36881.0
2309 36881.0
2310 36881.0
2311 36881.0
2312 36881.0
2313 36881.0
2314 36881.0
2315 36881.0
2316 36881.0
2317 36881.0
2318 36881.0
2319 36881.0
2320 36881.0
2321 36881.0
2322 36881.0
2323 36881.0
2324 36881.0
2325 36881.0
2326 36881.0
2327 32158.0
2328 32158.0
2329 32158.0
2330 32158.0
2331 32158.0
2332 32158.0
2333 32158.0
2334 32158.0
2335 32158.0
2336 32158.0
2337 32158.0
2338 32158.0
2339 32158.0
2340 32158.0
2341 32158.0
2342 32158.0
2343 32158.0
2344 32158.0
2345 32158.0
2346 32158.0
2347 32158.0
2348 32158.0
2349 32158.0
2350 32158.0
2351 32158.0
2352 32158.0
2353 32158.0
2354 32158.0
2355 32158.0
2356 32158.0
2357 32158.0
2358 32158.0
2359 32158.0
2360 32158.0
2361 32158.0
2362 32158.0
2363 32158.0
2364 32158.0
2365 32158.0
2366 32158.0
2367 32158.0
2368 32158.0
2369 32158.0
2370 32158.0
2371 32158.0
2372 32158.0
2373 32158.0
2374 32158.0
2375 32158.0
2376 32158.0
2377 32158.0
2378 32158.0
2379 32158.0
2380 32158.0
2381 32158.0
2382 32158.0
2383 32158.0
2384 32158.0
2385 32158.0
2386 32158.0
2387 32158.0
2388 32158.0
2389 32158.0
2390 32158.0
2391 32158.0
2392 32158.0
2393 32158.0
2394 32158.0
2395 32158.0
2396 32158.0
2397 32158.0
2398 32158.0
2399 32158.0
2400 32158.0
2401 32158.0
2402 32158.0
2403 32158.0
2404 32158.0
2405 32158.0
2406 32158.0
2407 32158.0
2408 32158.0
2409 32158.0
2410 32158.0
2411 32158.0
2412 32158.0
2413 32158.0
2414 32158.0
2415 32158.0
2416 32158.0
2417 32158.0
2418 32158.0
2419 32158.0
2420 32158.0
2421 32158.0
2422 32158.0
2423 32158.0
2424 32158.0
2425 32158.0
2426 32158.0
2427 32158.0
2428 32158.0
2429 32158.0
2430 32158.0
2431 32158.0
2432 32158.0
2433 32158.0
2434 32158.0
2435 32158.0
2436 32158.0
2437 32158.0
2438 32158.0
2439 32158.0
2440 32158.0
2441 32158.0
2442 32158.0
2443 32158.0
2444 32158.0
2445 32158.0
2446 32158.0
2447 32158.0
2448 32158.0
2449 32158.0
2450 32158.0
2451 32158.0
2452 32158.0
2453 32158.0
2454 32158.0
2455 32158.0
2456 32158.0
2457 32158.0
2458 32158.0
2459 32158.0
2460 32158.0
2461 32158.0
2462 32158.0
2463 32158.0
2464 32158.0
2465 32158.0
2466 32158.0
2467 32158.0
2468 32158.0
2469 32158.0
2470 32158.0
2471 32158.0
2472 32158.0
2473 32158.0
2474 32158.0
2475 32158.0
2476 32158.0
2477 32158.0
2478 32158.0
2479 32158.0
2480 32158.0
2481 32158.0
2482 32158.0
2483 32158.0
2484 32158.0
2485 32158.0
2486 32158.0
2487 32158.0
2488 32158.0
2489 32158.0
2490 32158.0
2491 32158.0
2492 32158.0
2493 32158.0
2494 32158.0
2495 32158.0
2496 32158.0
2497 32158.0
2498 32158.0
2499 32158.0
2500 32158.0
2501 32158.0
2502 32158.0
2503 32158.0
2504 32158.0
2505 32158.0
2506 32158.0
2507 32158.0
2508 32158.0
2509 32158.0
2510 32158.0
2511 32158.0
2512 32158.0
2513 32158.0
2514 32158.0
2515 32158.0
2516 32158.0
2517 32158.0
2518 32158.0
2519 32158.0
2520 32158.0
2521 32158.0
2522 32158.0
2523 32158.0
2524 32158.0
2525 32158.0
2526 32158.0
2527 32158.0
2528 32158.0
2529 32158.0
2530 32158.0
2531 32158.0
2532 32158.0
2533 32158.0
2534 32158.0
2535 32158.0
2536 32158.0
2537 32158.0
2538 32158.0
2539 32158.0
2540 32158.0
2541 32158.0
2542 32158.0
2543 32158.0
2544 32158.0
2545 32158.0
2546 32158.0
2547 32158.0
2548 32158.0
2549 32158.0
2550 32158.0
2551 32158.0
2552 32158.0
2553 32158.0
2554 32158.0
2555 32158.0
2556 32158.0
2557 32158.0
2558 32158.0
2559 32158.0
2560 32158.0
2561 32158.0
2562 32158.0
2563 32158.0
2564 32158.0
2565 32158.0
2566 32158.0
2567 32158.0
2568 32158.0
2569 32158.0
2570 32158.0
2571 32158.0
2572 32158.0
2573 32158.0
2574 32158.0
2575 32158.0
2576 32158.0
2577 32158.0
2578 32158.0
2579 32158.0
2580 32158.0
2581 32158.0
2582 32158.0
2583 32158.0
2584 32158.0
2585 32158.0
2586 32158.0
2587 32158.0
2588 32158.0
2589 32158.0
2590 32158.0
2591 32158.0
2592 32158.0
2593 32158.0
2594 32158.0
2595 32158.0
2596 32158.0
2597 32158.0
2598 32158.0
2599 32158.0
2600 32158.0
2601 32158.0
2602 32158.0
2603 32158.0
2604 32158.0
2605 32158.0
2606 32158.0
2607 32158.0
2608 32158.0
2609 32158.0
2610 32158.0
2611 32158.0
2612 32158.0
2613 32158.0
2614 32158.0
2615 32158.0
2616 32158.0
2617 32158.0
2618 32158.0
2619 32158.0
2620 32158.0
2621 32158.0
2622 32158.0
2623 32158.0
2624 32158.0
2625 32158.0
2626 32158.0
2627 32158.0
2628 32158.0
2629 32158.0
2630 32158.0
2631 32158.0
2632 32158.0
2633 32158.0
2634 32158.0
2635 32158.0
2636 32158.0
2637 32158.0
2638 32158.0
2639 32158.0
2640 32158.0
2641 32158.0
2642 32158.0
2643 32158.0
2644 32158.0
2645 32158.0
2646 32158.0
2647 32158.0
2648 32158.0
2649 32158.0
2650 32158.0
2651 32158.0
2652 32158.0
2653 32158.0
2654 32158.0
2655 32158.0
2656 32158.0
2657 32158.0
2658 32158.0
2659 32158.0
2660 32158.0
2661 32158.0
2662 32158.0
2663 32158.0
2664 32158.0
2665 32158.0
2666 32158.0
2667 32158.0
2668 32158.0
2669 32158.0
2670 32158.0
2671 32158.0
2672 32158.0
2673 32158.0
2674 32158.0
2675 32158.0
2676 32158.0
2677 32158.0
2678 32158.0
2679 32158.0
2680 32158.0
2681 32158.0
2682 32158.0
2683 32158.0
2684 32158.0
2685 32158.0
2686 32158.0
2687 32158.0
2688 32158.0
2689 32158.0
2690 32158.0
2691 32158.0
2692 32158.0
2693 32158.0
2694 32158.0
2695 32158.0
2696 32158.0
2697 32158.0
2698 32158.0
2699 32158.0
2700 32158.0
2701 32158.0
2702 32158.0
2703 32158.0
2704 32158.0
2705 32158.0
2706 32158.0
2707 32158.0
2708 32158.0
2709 32158.0
2710 32158.0
2711 32158.0
2712 32158.0
2713 32158.0
2714 32158.0
2715 32158.0
2716 32158.0
2717 32158.0
2718 32158.0
2719 32158.0
2720 32158.0
2721 32158.0
2722 32158.0
2723 32158.0
2724 32158.0
2725 32158.0
2726 32158.0
2727 32158.0
2728 32158.0
2729 32158.0
2730 32158.0
2731 32158.0
2732 32158.0
2733 32158.0
2734 32158.0
2735 32158.0
2736 32158.0
2737 32158.0
2738 32158.0
2739 32158.0
2740 32158.0
2741 32158.0
2742 32158.0
2743 32158.0
2744 32158.0
2745 32158.0
2746 32158.0
2747 32158.0
2748 32158.0
2749 32158.0
2750 32158.0
2751 32158.0
2752 32158.0
2753 32158.0
2754 32158.0
2755 32158.0
2756 32158.0
2757 32158.0
2758 32158.0
2759 32158.0
2760 32158.0
2761 32158.0
2762 32158.0
2763 32158.0
2764 32158.0
2765 32158.0
2766 32158.0
2767 32158.0
2768 32158.0
2769 32158.0
2770 32158.0
2771 32158.0
2772 32158.0
2773 32158.0
2774 32158.0
2775 32158.0
2776 32158.0
2777 32158.0
2778 32158.0
2779 32158.0
2780 32158.0
2781 32158.0
2782 32158.0
2783 32158.0
2784 32158.0
2785 32158.0
2786 32158.0
2787 32158.0
2788 32158.0
2789 32158.0
2790 32158.0
2791 32158.0
2792 32158.0
2793 32158.0
2794 32158.0
2795 32158.0
2796 32158.0
2797 32158.0
2798 32158.0
2799 32158.0
2800 32158.0
2801 32158.0
2802 32158.0
2803 32158.0
2804 32158.0
2805 32158.0
2806 32158.0
2807 32158.0
2808 32158.0
2809 32158.0
2810 32158.0
2811 32158.0
2812 32158.0
2813 32158.0
2814 32158.0
2815 32158.0
2816 32158.0
2817 32158.0
2818 32158.0
2819 32158.0
2820 32158.0
2821 32158.0
2822 32158.0
2823 32158.0
2824 32158.0
2825 32158.0
2826 32158.0
2827 32158.0
2828 32158.0
2829 32158.0
2830 32158.0
2831 32158.0
2832 32158.0
2833 32158.0
2834 32158.0
2835 32158.0
2836 32158.0
2837 32158.0
2838 32158.0
2839 32158.0
2840 32158.0
2841 32158.0
2842 32158.0
2843 32158.0
2844 32158.0
2845 32158.0
2846 32158.0
2847 32158.0
2848 32158.0
2849 32158.0
2850 32158.0
2851 32158.0
2852 32158.0
2853 32158.0
2854 32158.0
2855 32158.0
2856 32158.0
2857 32158.0
2858 32158.0
2859 32158.0
2860 32158.0
2861 32158.0
2862 32158.0
2863 32158.0
2864 32158.0
2865 32158.0
2866 32158.0
2867 32158.0
2868 32158.0
2869 32158.0
2870 32158.0
2871 32158.0
2872 32158.0
2873 32158.0
2874 32158.0
2875 32158.0
2876 32158.0
2877 32158.0
2878 32158.0
2879 32158.0
2880 32158.0
2881 32158.0
2882 32158.0
2883 32158.0
2884 32158.0
2885 32158.0
2886 32158.0
2887 32158.0
2888 32158.0
2889 32158.0
2890 32158.0
2891 32158.0
2892 32158.0
2893 32158.0
2894 32158.0
2895 32158.0
2896 32158.0
2897 32158.0
2898 32158.0
2899 32158.0
2900 32158.0
2901 32158.0
2902 32158.0
2903 32158.0
2904 32158.0
2905 32158.0
2906 32158.0
2907 32158.0
2908 32158.0
2909 32158.0
2910 32158.0
2911 32158.0
2912 32158.0
2913 32158.0
2914 32158.0
2915 32158.0
2916 32158.0
2917 32158.0
2918 32158.0
2919 32158.0
2920 32158.0
2921 32158.0
2922 32158.0
2923 32158.0
2924 32158.0
2925 32158.0
2926 32158.0
2927 32158.0
2928 32158.0
2929 32158.0
2930 32158.0
2931 32158.0
2932 32158.0
2933 32158.0
2934 32158.0
2935 32158.0
2936 32158.0
2937 32158.0
2938 32158.0
2939 32158.0
2940 32158.0
2941 32158.0
2942 32158.0
2943 32158.0
2944 32158.0
2945 32158.0
2946 32158.0
2947 32158.0
2948 32158.0
2949 32158.0
2950 32158.0
2951 32158.0
2952 32158.0
2953 32158.0
2954 32158.0
2955 32158.0
2956 32158.0
2957 32158.0
2958 32158.0
2959 32158.0
2960 32158.0
2961 32158.0
2962 32158.0
2963 32158.0
2964 32158.0
2965 32158.0
2966 32158.0
2967 32158.0
2968 32158.0
2969 32158.0
2970 32158.0
2971 32158.0
2972 32158.0
2973 32158.0
2974 32158.0
2975 32158.0
2976 32158.0
2977 32158.0
2978 32158.0
2979 32158.0
2980 32158.0
2981 32158.0
2982 32158.0
2983 32158.0
2984 32158.0
2985 32158.0
2986 32158.0
2987 32158.0
2988 32158.0
2989 32158.0
2990 32158.0
2991 32158.0
2992 32158.0
2993 32158.0
2994 32158.0
2995 32158.0
2996 32158.0
2997 32158.0
2998 32158.0
2999 32158.0
3000 32158.0
3001 32158.0
3002 32158.0
3003 32158.0
3004 32158.0
3005 32158.0
3006 32158.0
3007 32158.0
3008 32158.0
3009 32158.0
3010 32158.0
3011 32158.0
3012 32158.0
3013 32158.0
3014 32158.0
3015 32158.0
3016 32158.0
3017 32158.0
3018 32158.0
3019 32158.0
3020 32158.0
3021 32158.0
3022 32158.0
3023 32158.0
3024 32158.0
3025 32158.0
3026 32158.0
3027 32158.0
3028 32158.0
3029 32158.0
3030 32158.0
3031 32158.0
3032 32158.0
3033 32158.0
3034 32158.0
3035 32158.0
3036 32158.0
3037 32158.0
3038 32158.0
3039 32158.0
3040 32158.0
3041 32158.0
3042 32158.0
3043 32158.0
3044 32158.0
3045 32158.0
3046 32158.0
3047 32158.0
3048 32158.0
3049 32158.0
3050 32158.0
3051 32158.0
3052 32158.0
3053 32158.0
3054 32158.0
3055 32158.0
3056 32158.0
3057 32158.0
3058 32158.0
3059 32158.0
3060 32158.0
3061 32158.0
3062 32158.0
3063 32158.0
3064 32158.0
3065 32158.0
3066 32158.0
3067 32158.0
3068 32158.0
3069 32158.0
3070 32158.0
3071 32158.0
3072 32158.0
3073 32158.0
3074 32158.0
3075 32158.0
3076 32158.0
3077 32158.0
3078 32158.0
3079 32158.0
3080 32158.0
3081 32158.0
3082 32158.0
3083 32158.0
3084 32158.0
3085 32158.0
3086 32158.0
3087 32158.0
3088 32158.0
3089 32158.0
3090 32158.0
3091 32158.0
3092 32158.0
3093 32158.0
3094 32158.0
3095 32158.0
3096 32158.0
3097 32158.0
3098 32158.0
3099 32158.0
3100 32158.0
3101 32158.0
3102 32158.0
3103 32158.0
3104 32158.0
3105 32158.0
3106 32158.0
3107 32158.0
3108 32158.0
3109 32158.0
3110 32158.0
3111 32158.0
3112 32158.0
3113 32158.0
3114 32158.0
3115 32158.0
3116 32158.0
3117 32158.0
3118 32158.0
3119 32158.0
3120 32158.0
3121 32158.0
3122 32158.0
3123 32158.0
3124 32158.0
3125 32158.0
3126 32158.0
3127 32158.0
3128 32158.0
3129 32158.0
3130 32158.0
3131 32158.0
3132 32158.0
3133 32158.0
3134 32158.0
3135 32158.0
3136 32158.0
3137 32158.0
3138 32158.0
3139 32158.0
3140 32158.0
3141 32158.0
3142 32158.0
3143 32158.0
3144 32158.0
3145 32158.0
3146 32158.0
3147 32158.0
3148 32158.0
3149 32158.0
3150 32158.0
3151 32158.0
3152 32158.0
3153 32158.0
3154 32158.0
3155 32158.0
3156 32158.0
3157 32158.0
3158 32158.0
3159 32158.0
3160 32158.0
3161 32158.0
3162 32158.0
3163 32158.0
3164 32158.0
3165 32158.0
3166 32158.0
3167 32158.0
3168 32158.0
3169 32158.0
3170 32158.0
3171 32158.0
3172 32158.0
3173 32158.0
3174 32158.0
3175 32158.0
3176 32158.0
3177 32158.0
3178 32158.0
3179 32158.0
3180 32158.0
3181 32158.0
3182 32158.0
3183 32158.0
3184 32158.0
3185 32158.0
3186 32158.0
3187 32158.0
3188 32158.0
3189 32158.0
3190 32158.0
3191 32158.0
3192 32158.0
3193 32158.0
3194 32158.0
3195 32158.0
3196 32158.0
3197 32158.0
3198 32158.0
3199 32158.0
3200 32158.0
3201 32158.0
3202 32158.0
3203 32158.0
3204 32158.0
3205 32158.0
3206 32158.0
3207 32158.0
3208 32158.0
3209 32158.0
3210 32158.0
3211 32158.0
3212 32158.0
3213 32158.0
3214 32158.0
3215 32158.0
3216 32158.0
3217 32158.0
3218 32158.0
3219 32158.0
3220 32158.0
3221 32158.0
3222 32158.0
3223 32158.0
3224 32158.0
3225 32158.0
3226 32158.0
3227 32158.0
3228 32158.0
3229 32158.0
3230 32158.0
3231 32158.0
3232 32158.0
3233 32158.0
3234 32158.0
3235 32158.0
3236 32158.0
3237 32158.0
3238 32158.0
3239 32158.0
3240 32158.0
3241 32158.0
3242 32158.0
3243 32158.0
3244 32158.0
3245 32158.0
3246 32158.0
3247 32158.0
3248 32158.0
3249 32158.0
3250 32158.0
3251 32158.0
3252 32158.0
3253 32158.0
3254 32158.0
3255 32158.0
3256 32158.0
3257 32158.0
3258 32158.0
3259 32158.0
3260 32158.0
3261 32158.0
3262 32158.0
3263 32158.0
3264 32158.0
3265 32158.0
3266 32158.0
3267 32158.0
3268 32158.0
3269 32158.0
3270 32158.0
3271 32158.0
3272 32158.0
3273 32158.0
3274 32158.0
3275 32158.0
3276 32158.0
3277 32158.0
3278 32158.0
3279 32158.0
3280 32158.0
3281 32158.0
3282 32158.0
3283 32158.0
3284 32158.0
3285 32158.0
3286 32158.0
3287 32158.0
3288 32158.0
3289 32158.0
3290 32158.0
3291 32158.0
3292 32158.0
3293 32158.0
3294 32158.0
3295 32158.0
3296 32158.0
3297 32158.0
3298 32158.0
3299 32158.0
3300 32158.0
3301 32158.0
3302 32158.0
3303 32158.0
3304 32158.0
3305 32158.0
3306 32158.0
3307 32158.0
3308 32158.0
3309 32158.0
3310 32158.0
3311 32158.0
3312 32158.0
3313 32158.0
3314 32158.0
3315 32158.0
3316 32158.0
3317 32158.0
3318 32158.0
3319 32158.0
3320 32158.0
3321 32158.0
3322 32158.0
3323 32158.0
3324 32158.0
3325 32158.0
3326 32158.0
3327 32158.0
3328 32158.0
3329 32158.0
3330 32158.0
3331 32158.0
3332 32158.0
3333 32158.0
3334 32158.0
3335 32158.0
3336 32158.0
3337 32158.0
3338 32158.0
3339 32158.0
3340 32158.0
3341 32158.0
3342 32158.0
3343 32158.0
3344 32158.0
3345 32158.0
3346 32158.0
3347 32158.0
3348 32158.0
3349 32158.0
3350 32158.0
3351 32158.0
3352 32158.0
3353 32158.0
3354 32158.0
3355 32158.0
3356 32158.0
3357 32158.0
3358 32158.0
3359 32158.0
3360 32158.0
3361 32158.0
3362 32158.0
3363 32158.0
3364 32158.0
3365 32158.0
3366 32158.0
3367 32158.0
3368 32158.0
3369 32158.0
3370 32158.0
3371 32158.0
3372 32158.0
3373 32158.0
3374 32158.0
3375 32158.0
3376 32158.0
3377 32158.0
3378 32158.0
3379 32158.0
3380 32158.0
3381 32158.0
3382 32158.0
3383 32158.0
3384 32158.0
3385 32158.0
3386 32158.0
3387 32158.0
3388 32158.0
3389 32158.0
3390 32158.0
3391 32158.0
3392 32158.0
3393 32158.0
3394 32158.0
3395 32158.0
3396 32158.0
3397 32158.0
3398 32158.0
3399 32158.0
3400 32158.0
3401 32158.0
3402 32158.0
3403 32158.0
3404 32158.0
3405 32158.0
3406 32158.0
3407 32158.0
3408 32158.0
3409 32158.0
3410 32158.0
3411 32158.0
3412 32158.0
3413 32158.0
3414 32158.0
3415 32158.0
3416 32158.0
3417 32158.0
3418 32158.0
3419 32158.0
3420 32158.0
3421 32158.0
3422 32158.0
3423 32158.0
3424 32158.0
3425 32158.0
3426 32158.0
3427 32158.0
3428 32158.0
3429 32158.0
3430 32158.0
3431 32158.0
3432 32158.0
3433 32158.0
3434 32158.0
3435 32158.0
3436 32158.0
3437 32158.0
3438 32158.0
3439 32158.0
3440 32158.0
3441 32158.0
3442 32158.0
3443 32158.0
3444 32158.0
3445 32158.0
3446 32158.0
3447 32158.0
3448 32158.0
3449 32158.0
3450 32158.0
3451 32158.0
3452 32158.0
3453 32158.0
3454 32158.0
3455 32158.0
3456 32158.0
3457 32158.0
3458 32158.0
3459 32158.0
3460 32158.0
3461 32158.0
3462 32158.0
3463 32158.0
3464 32158.0
3465 32158.0
3466 32158.0
3467 32158.0
3468 32158.0
3469 32158.0
3470 32158.0
3471 32158.0
3472 32158.0
3473 32158.0
3474 32158.0
3475 32158.0
3476 32158.0
3477 32158.0
3478 32158.0
3479 32158.0
3480 32158.0
3481 32158.0
3482 32158.0
3483 32158.0
3484 32158.0
3485 32158.0
3486 32158.0
3487 32158.0
3488 32158.0
3489 32158.0
3490 32158.0
3491 32158.0
3492 32158.0
3493 32158.0
3494 32158.0
3495 32158.0
3496 32158.0
3497 32158.0
3498 32158.0
3499 32158.0
3500 32158.0
3501 32158.0
3502 32158.0
3503 32158.0
3504 32158.0
3505 32158.0
3506 32158.0
3507 32158.0
3508 32158.0
3509 32158.0
3510 32158.0
3511 32158.0
3512 32158.0
3513 32158.0
3514 32158.0
3515 32158.0
3516 32158.0
3517 32158.0
3518 32158.0
3519 32158.0
3520 32158.0
3521 32158.0
3522 32158.0
3523 32158.0
3524 32158.0
3525 32158.0
3526 32158.0
3527 32158.0
3528 32158.0
3529 32158.0
3530 32158.0
3531 32158.0
3532 32158.0
3533 32158.0
3534 32158.0
3535 32158.0
3536 32158.0
3537 32158.0
3538 32158.0
3539 32158.0
3540 32158.0
3541 32158.0
3542 32158.0
3543 32158.0
3544 32158.0
3545 32158.0
3546 32158.0
3547 32158.0
3548 32158.0
3549 32158.0
3550 32158.0
3551 32158.0
3552 32158.0
3553 32158.0
3554 32158.0
3555 32158.0
3556 32158.0
3557 32158.0
3558 32158.0
3559 32158.0
3560 32158.0
3561 32158.0
3562 32158.0
3563 32158.0
3564 32158.0
3565 32158.0
3566 32158.0
3567 32158.0
3568 32158.0
3569 32158.0
3570 32158.0
3571 32158.0
3572 32158.0
3573 32158.0
3574 32158.0
3575 32158.0
3576 32158.0
3577 32158.0
3578 32158.0
3579 32158.0
3580 32158.0
3581 32158.0
3582 32158.0
3583 32158.0
3584 32158.0
3585 32158.0
3586 32158.0
3587 32158.0
3588 32158.0
3589 32158.0
3590 32158.0
3591 32158.0
3592 32158.0
3593 32158.0
3594 32158.0
3595 32158.0
3596 32158.0
3597 32158.0
3598 32158.0
3599 32158.0
3600 32158.0
3601 32158.0
3602 32158.0
3603 32158.0
3604 32158.0
3605 32158.0
3606 32158.0
3607 32158.0
3608 32158.0
3609 32158.0
3610 32158.0
3611 32158.0
3612 32158.0
3613 32158.0
3614 32158.0
3615 32158.0
3616 32158.0
3617 32158.0
3618 32158.0
3619 32158.0
3620 32158.0
3621 32158.0
3622 32158.0
3623 32158.0
3624 32158.0
3625 32158.0
3626 32158.0
3627 32158.0
3628 32158.0
3629 32158.0
3630 32158.0
3631 32158.0
3632 32158.0
3633 32158.0
3634 32158.0
3635 32158.0
3636 32158.0
3637 32158.0
3638 32158.0
3639 32158.0
3640 32158.0
3641 32158.0
3642 32158.0
3643 32158.0
3644 32158.0
3645 32158.0
3646 32158.0
3647 32158.0
3648 32158.0
3649 32158.0
3650 32158.0
3651 32158.0
3652 32158.0
3653 32158.0
3654 32158.0
3655 32158.0
3656 32158.0
3657 32158.0
3658 32158.0
3659 32158.0
3660 32158.0
3661 32158.0
3662 32158.0
3663 32158.0
3664 32158.0
3665 32158.0
3666 32158.0
3667 32158.0
3668 32158.0
3669 32158.0
3670 32158.0
3671 32158.0
3672 32158.0
3673 32158.0
3674 32158.0
3675 32158.0
3676 32158.0
3677 32158.0
3678 32158.0
3679 32158.0
3680 32158.0
3681 32158.0
3682 32158.0
3683 32158.0
3684 32158.0
3685 32158.0
3686 32158.0
3687 32158.0
3688 32158.0
3689 32158.0
3690 32158.0
3691 32158.0
3692 32158.0
3693 32158.0
3694 32158.0
3695 32158.0
3696 32158.0
3697 32158.0
3698 32158.0
3699 32158.0
3700 32158.0
3701 32158.0
3702 32158.0
3703 32158.0
3704 32158.0
3705 32158.0
3706 32158.0
3707 32158.0
3708 32158.0
3709 32158.0
3710 32158.0
3711 32158.0
3712 32158.0
3713 32158.0
3714 32158.0
3715 32158.0
3716 32158.0
3717 32158.0
3718 32158.0
3719 32158.0
3720 32158.0
3721 32158.0
3722 32158.0
3723 32158.0
3724 32158.0
3725 32158.0
3726 32158.0
3727 32158.0
3728 32158.0
3729 32158.0
3730 32158.0
3731 32158.0
3732 32158.0
3733 32158.0
3734 32158.0
3735 32158.0
3736 32158.0
3737 32158.0
3738 32158.0
3739 32158.0
3740 32158.0
3741 32158.0
3742 32158.0
3743 32158.0
3744 32158.0
3745 32158.0
3746 32158.0
3747 32158.0
3748 32158.0
3749 32158.0
3750 32158.0
3751 32158.0
3752 32158.0
3753 32158.0
3754 32158.0
3755 32158.0
3756 32158.0
3757 32158.0
3758 32158.0
3759 32158.0
3760 32158.0
3761 32158.0
3762 32158.0
3763 32158.0
3764 32158.0
3765 32158.0
3766 32158.0
3767 32158.0
3768 32158.0
3769 32158.0
3770 32158.0
3771 32158.0
3772 32158.0
3773 32158.0
3774 32158.0
3775 32158.0
3776 32158.0
3777 32158.0
3778 32158.0
3779 32158.0
3780 32158.0
3781 32158.0
3782 32158.0
3783 32158.0
3784 32158.0
3785 32158.0
3786 32158.0
3787 32158.0
3788 32158.0
3789 32158.0
3790 32158.0
3791 32158.0
3792 32158.0
3793 32158.0
3794 32158.0
3795 32158.0
3796 32158.0
3797 32158.0
3798 32158.0
3799 32158.0
3800 32158.0
3801 32158.0
3802 32158.0
3803 32158.0
3804 32158.0
3805 32158.0
3806 32158.0
3807 32158.0
3808 32158.0
3809 32158.0
3810 32158.0
3811 32158.0
3812 32158.0
3813 32158.0
3814 32158.0
3815 32158.0
3816 32158.0
3817 32158.0
3818 32158.0
3819 32158.0
3820 32158.0
3821 32158.0
3822 32158.0
3823 32158.0
3824 32158.0
3825 32158.0
3826 32158.0
3827 32158.0
3828 32158.0
3829 32158.0
3830 32158.0
3831 32158.0
3832 32158.0
3833 32158.0
3834 32158.0
3835 32158.0
3836 32158.0
3837 32158.0
3838 32158.0
3839 32158.0
3840 32158.0
3841 32158.0
3842 32158.0
3843 32158.0
3844 32158.0
3845 32158.0
3846 32158.0
3847 32158.0
3848 32158.0
3849 32158.0
3850 32158.0
3851 32158.0
3852 32158.0
3853 32158.0
3854 32158.0
3855 32158.0
3856 32158.0
3857 32158.0
3858 32158.0
3859 32158.0
3860 32158.0
3861 32158.0
3862 32158.0
3863 32158.0
3864 32158.0
3865 32158.0
3866 32158.0
3867 32158.0
3868 32158.0
3869 32158.0
3870 32158.0
3871 32158.0
3872 32158.0
3873 32158.0
3874 32158.0
3875 32158.0
3876 32158.0
3877 32158.0
3878 32158.0
3879 32158.0
3880 32158.0
3881 32158.0
3882 32158.0
3883 32158.0
3884 32158.0
3885 32158.0
3886 32158.0
3887 32158.0
3888 32158.0
3889 32158.0
3890 32158.0
3891 32158.0
3892 32158.0
3893 32158.0
3894 32158.0
3895 32158.0
3896 32158.0
3897 32158.0
3898 32158.0
3899 32158.0
3900 32158.0
3901 32158.0
3902 32158.0
3903 32158.0
3904 32158.0
3905 32158.0
3906 32158.0
3907 32158.0
3908 32158.0
3909 32158.0
3910 32158.0
3911 32158.0
3912 32158.0
3913 32158.0
3914 32158.0
3915 32158.0
3916 32158.0
3917 32158.0
3918 32158.0
3919 32158.0
3920 32158.0
3921 32158.0
3922 32158.0
3923 32158.0
3924 32158.0
3925 32158.0
3926 32158.0
3927 32158.0
3928 32158.0
3929 32158.0
3930 32158.0
3931 32158.0
3932 32158.0
3933 32158.0
3934 32158.0
3935 32158.0
3936 32158.0
3937 32158.0
3938 32158.0
3939 32158.0
3940 32158.0
3941 32158.0
3942 32158.0
3943 32158.0
3944 32158.0
3945 32158.0
3946 32158.0
3947 32158.0
3948 32158.0
3949 32158.0
3950 32158.0
3951 32158.0
3952 32158.0
3953 32158.0
3954 32158.0
3955 32158.0
3956 32158.0
3957 32158.0
3958 32158.0
3959 32158.0
3960 32158.0
3961 32158.0
3962 32158.0
3963 32158.0
3964 32158.0
3965 32158.0
3966 32158.0
3967 32158.0
3968 32158.0
3969 32158.0
3970 32158.0
3971 32158.0
3972 32158.0
3973 32158.0
3974 32158.0
3975 32158.0
3976 32158.0
3977 32158.0
3978 32158.0
3979 32158.0
3980 32158.0
3981 32158.0
3982 32158.0
3983 32158.0
3984 32158.0
3985 32158.0
3986 32158.0
3987 32158.0
3988 32158.0
3989 32158.0
3990 32158.0
3991 32158.0
3992 32158.0
3993 32158.0
3994 32158.0
3995 32158.0
3996 32158.0
3997 32158.0
3998 32158.0
3999 32158.0
4000 32158.0
4001 32158.0
4002 32158.0
4003 32158.0
4004 32158.0
4005 32158.0
4006 32158.0
4007 32158.0
4008 32158.0
4009 32158.0
4010 32158.0
4011 32158.0
4012 32158.0
4013 32158.0
4014 32158.0
4015 32158.0
4016 32158.0
4017 32158.0
4018 32158.0
4019 32158.0
4020 32158.0
4021 32158.0
4022 32158.0
4023 32158.0
4024 32158.0
4025 32158.0
4026 32158.0
4027 32158.0
4028 32158.0
4029 32158.0
4030 32158.0
4031 32158.0
4032 32158.0
4033 32158.0
4034 32158.0
4035 32158.0
4036 32158.0
4037 32158.0
4038 32158.0
4039 32158.0
4040 32158.0
4041 32158.0
4042 32158.0
4043 32158.0
4044 32158.0
4045 32158.0
4046 32158.0
4047 32158.0
4048 32158.0
4049 32158.0
4050 32158.0
4051 32158.0
4052 32158.0
4053 32158.0
4054 32158.0
4055 32158.0
4056 32158.0
4057 32158.0
4058 32158.0
4059 32158.0
4060 32158.0
4061 32158.0
4062 32158.0
4063 32158.0
4064 32158.0
4065 32158.0
4066 32158.0
4067 32158.0
4068 32158.0
4069 32158.0
4070 32158.0
4071 32158.0
4072 32158.0
4073 32158.0
4074 32158.0
4075 32158.0
4076 32158.0
4077 32158.0
4078 32158.0
4079 32158.0
4080 32158.0
4081 32158.0
4082 32158.0
4083 32158.0
4084 32158.0
4085 32158.0
4086 32158.0
4087 32158.0
4088 32158.0
4089 32158.0
4090 32158.0
4091 32158.0
4092 32158.0
4093 32158.0
4094 32158.0
4095 32158.0
4096 32158.0
4097 32158.0
4098 32158.0
4099 32158.0
4100 32158.0
4101 32158.0
4102 32158.0
4103 32158.0
4104 32158.0
4105 32158.0
4106 32158.0
4107 32158.0
4108 32158.0
4109 32158.0
4110 32158.0
4111 32158.0
4112 32158.0
4113 32158.0
4114 32158.0
4115 32158.0
4116 32158.0
4117 32158.0
4118 32158.0
4119 32158.0
4120 32158.0
4121 32158.0
4122 32158.0
4123 32158.0
4124 32158.0
4125 32158.0
4126 32158.0
4127 32158.0
4128 32158.0
4129 32158.0
4130 32158.0
4131 32158.0
4132 32158.0
4133 32158.0
4134 32158.0
4135 32158.0
4136 32158.0
4137 32158.0
4138 32158.0
4139 32158.0
4140 32158.0
4141 32158.0
4142 32158.0
4143 32158.0
4144 32158.0
4145 32158.0
4146 32158.0
4147 32158.0
4148 32158.0
4149 32158.0
4150 32158.0
4151 32158.0
4152 32158.0
4153 32158.0
4154 32158.0
4155 32158.0
4156 32158.0
4157 32158.0
4158 32158.0
4159 32158.0
4160 32158.0
4161 32158.0
4162 32158.0
4163 32158.0
4164 32158.0
4165 32158.0
4166 32158.0
4167 32158.0
4168 32158.0
4169 32158.0
4170 32158.0
4171 32158.0
4172 32158.0
4173 32158.0
4174 32158.0
4175 32158.0
4176 32158.0
4177 32158.0
4178 32158.0
4179 32158.0
4180 32158.0
4181 32158.0
4182 32158.0
4183 32158.0
4184 32158.0
4185 32158.0
4186 32158.0
4187 32158.0
4188 32158.0
4189 32158.0
4190 32158.0
4191 32158.0
4192 32158.0
4193 32158.0
4194 32158.0
4195 32158.0
4196 32158.0
4197 32158.0
4198 32158.0
4199 32158.0
4200 32158.0
4201 32158.0
4202 32158.0
4203 32158.0
4204 32158.0
4205 32158.0
4206 32158.0
4207 32158.0
4208 32158.0
4209 32158.0
4210 32158.0
4211 32158.0
4212 32158.0
4213 32158.0
4214 32158.0
4215 32158.0
4216 32158.0
4217 32158.0
4218 32158.0
4219 32158.0
4220 32158.0
4221 32158.0
4222 32158.0
4223 32158.0
4224 32158.0
4225 32158.0
4226 32158.0
4227 32158.0
4228 32158.0
4229 32158.0
4230 32158.0
4231 32158.0
4232 32158.0
4233 32158.0
4234 32158.0
4235 32158.0
4236 32158.0
4237 32158.0
4238 32158.0
4239 32158.0
4240 32158.0
4241 32158.0
4242 32158.0
4243 32158.0
4244 32158.0
4245 32158.0
4246 32158.0
4247 32158.0
4248 32158.0
4249 32158.0
4250 32158.0
4251 32158.0
4252 32158.0
4253 32158.0
4254 32158.0
4255 32158.0
4256 32158.0
4257 32158.0
4258 32158.0
4259 32158.0
4260 32158.0
4261 32158.0
4262 32158.0
4263 32158.0
4264 32158.0
4265 32158.0
4266 32158.0
4267 32158.0
4268 32158.0
4269 32158.0
4270 32158.0
4271 32158.0
4272 32158.0
4273 32158.0
4274 32158.0
4275 32158.0
4276 32158.0
4277 32158.0
4278 32158.0
4279 32158.0
4280 32158.0
4281 32158.0
4282 32158.0
4283 32158.0
4284 32158.0
4285 32158.0
4286 32158.0
4287 32158.0
4288 32158.0
4289 32158.0
4290 32158.0
4291 32158.0
4292 32158.0
4293 32158.0
4294 32158.0
4295 32158.0
4296 32158.0
4297 32158.0
4298 32158.0
4299 32158.0
4300 32158.0
4301 32158.0
4302 32158.0
4303 32158.0
4304 32158.0
4305 32158.0
4306 32158.0
4307 32158.0
4308 32158.0
4309 32158.0
4310 32158.0
4311 32158.0
4312 32158.0
4313 32158.0
4314 32158.0
4315 32158.0
4316 32158.0
4317 32158.0
4318 32158.0
4319 32158.0
4320 32158.0
4321 32158.0
4322 32158.0
4323 32158.0
4324 32158.0
4325 32158.0
4326 32158.0
4327 32158.0
4328 32158.0
4329 32158.0
4330 32158.0
4331 32158.0
4332 32158.0
4333 32158.0
4334 32158.0
4335 32158.0
4336 32158.0
4337 32158.0
4338 32158.0
4339 32158.0
4340 32158.0
4341 32158.0
4342 32158.0
4343 32158.0
4344 32158.0
4345 32158.0
4346 32158.0
4347 32158.0
4348 32158.0
4349 32158.0
4350 32158.0
4351 32158.0
4352 32158.0
4353 32158.0
4354 32158.0
4355 32158.0
4356 32158.0
4357 32158.0
4358 32158.0
4359 32158.0
4360 32158.0
4361 32158.0
4362 32158.0
4363 32158.0
4364 32158.0
4365 32158.0
4366 32158.0
4367 32158.0
4368 32158.0
4369 32158.0
4370 32158.0
4371 32158.0
4372 32158.0
4373 32158.0
4374 32158.0
4375 32158.0
4376 32158.0
4377 32158.0
4378 32158.0
4379 32158.0
4380 32158.0
4381 32158.0
4382 32158.0
4383 32158.0
4384 32158.0
4385 32158.0
4386 32158.0
4387 32158.0
4388 32158.0
4389 32158.0
4390 32158.0
4391 32158.0
4392 32158.0
4393 32158.0
4394 32158.0
4395 32158.0
4396 32158.0
4397 32158.0
4398 32158.0
4399 32158.0
4400 32158.0
4401 32158.0
4402 32158.0
4403 32158.0
4404 32158.0
4405 32158.0
4406 32158.0
4407 32158.0
4408 32158.0
4409 32158.0
4410 32158.0
4411 32158.0
4412 32158.0
4413 32158.0
4414 32158.0
4415 32158.0
4416 32158.0
4417 32158.0
4418 32158.0
4419 32158.0
4420 32158.0
4421 32158.0
4422 32158.0
4423 32158.0
4424 32158.0
4425 32158.0
4426 32158.0
4427 32158.0
4428 32158.0
4429 32158.0
4430 32158.0
4431 32158.0
4432 32158.0
4433 32158.0
4434 32158.0
4435 32158.0
4436 32158.0
4437 32158.0
4438 32158.0
4439 32158.0
4440 32158.0
4441 32158.0
4442 32158.0
4443 32158.0
4444 32158.0
4445 32158.0
4446 32158.0
4447 32158.0
4448 32158.0
4449 32158.0
4450 32158.0
4451 32158.0
4452 32158.0
4453 32158.0
4454 32158.0
4455 32158.0
4456 32158.0
4457 32158.0
4458 32158.0
4459 32158.0
4460 32158.0
4461 32158.0
4462 32158.0
4463 32158.0
4464 32158.0
4465 32158.0
4466 32158.0
4467 32158.0
4468 32158.0
4469 32158.0
4470 32158.0
4471 32158.0
4472 32158.0
4473 32158.0
4474 32158.0
4475 32158.0
4476 32158.0
4477 32158.0
4478 32158.0
4479 32158.0
4480 32158.0
4481 32158.0
4482 32158.0
4483 32158.0
4484 32158.0
4485 32158.0
4486 32158.0
4487 32158.0
4488 32158.0
4489 32158.0
4490 32158.0
4491 32158.0
4492 32158.0
4493 32158.0
4494 32158.0
4495 32158.0
4496 32158.0
4497 32158.0
4498 32158.0
4499 32158.0
4500 32158.0
4501 32158.0
4502 32158.0
4503 32158.0
4504 32158.0
4505 32158.0
4506 32158.0
4507 32158.0
4508 32158.0
4509 32158.0
4510 32158.0
4511 32158.0
4512 32158.0
4513 32158.0
4514 32158.0
4515 32158.0
4516 32158.0
4517 32158.0
4518 32158.0
4519 32158.0
4520 32158.0
4521 32158.0
4522 32158.0
4523 32158.0
4524 32158.0
4525 32158.0
4526 32158.0
4527 32158.0
4528 32158.0
4529 32158.0
4530 32158.0
4531 32158.0
4532 32158.0
4533 32158.0
4534 32158.0
4535 32158.0
4536 32158.0
4537 32158.0
4538 32158.0
4539 32158.0
4540 32158.0
4541 32158.0
4542 32158.0
4543 32158.0
4544 32158.0
4545 32158.0
4546 32158.0
4547 32158.0
4548 32158.0
4549 32158.0
4550 32158.0
4551 32158.0
4552 32158.0
4553 32158.0
4554 32158.0
4555 32158.0
4556 32158.0
4557 32158.0
4558 32158.0
4559 32158.0
4560 32158.0
4561 32158.0
4562 32158.0
4563 32158.0
4564 32158.0
4565 32158.0
4566 32158.0
4567 32158.0
4568 32158.0
4569 32158.0
4570 32158.0
4571 32158.0
4572 32158.0
4573 32158.0
4574 32158.0
4575 32158.0
4576 32158.0
4577 32158.0
4578 32158.0
4579 32158.0
4580 32158.0
4581 32158.0
4582 32158.0
4583 32158.0
4584 32158.0
4585 32158.0
4586 32158.0
4587 32158.0
4588 32158.0
4589 32158.0
4590 32158.0
4591 32158.0
4592 32158.0
4593 32158.0
4594 32158.0
4595 32158.0
4596 32158.0
4597 32158.0
4598 32158.0
4599 32158.0
4600 32158.0
4601 32158.0
4602 32158.0
4603 32158.0
4604 32158.0
4605 32158.0
4606 32158.0
4607 32158.0
4608 32158.0
4609 32158.0
4610 32158.0
4611 32158.0
4612 32158.0
4613 32158.0
4614 32158.0
4615 32158.0
4616 32158.0
4617 32158.0
4618 32158.0
4619 32158.0
4620 32158.0
4621 32158.0
4622 32158.0
4623 32158.0
4624 32158.0
4625 32158.0
4626 32158.0
4627 32158.0
4628 32158.0
4629 32158.0
4630 32158.0
4631 32158.0
4632 32158.0
4633 32158.0
4634 32158.0
4635 32158.0
4636 32158.0
4637 32158.0
4638 32158.0
4639 32158.0
4640 32158.0
4641 32158.0
4642 32158.0
4643 32158.0
4644 32158.0
4645 32158.0
4646 32158.0
4647 32158.0
4648 32158.0
4649 32158.0
4650 32158.0
4651 32158.0
4652 32158.0
4653 32158.0
4654 32158.0
4655 32158.0
4656 32158.0
4657 32158.0
4658 32158.0
4659 32158.0
4660 32158.0
4661 32158.0
4662 32158.0
4663 32158.0
4664 32158.0
4665 32158.0
4666 32158.0
4667 32158.0
4668 32158.0
4669 32158.0
4670 32158.0
4671 32158.0
4672 32158.0
4673 32158.0
4674 32158.0
4675 32158.0
4676 32158.0
4677 32158.0
4678 32158.0
4679 32158.0
4680 32158.0
4681 32158.0
4682 32158.0
4683 32158.0
4684 32158.0
4685 32158.0
4686 32158.0
4687 32158.0
4688 32158.0
4689 32158.0
4690 32158.0
4691 32158.0
4692 32158.0
4693 32158.0
4694 32158.0
4695 32158.0
4696 32158.0
4697 32158.0
4698 32158.0
4699 32158.0
4700 32158.0
4701 32158.0
4702 32158.0
4703 32158.0
4704 32158.0
4705 32158.0
4706 32158.0
4707 32158.0
4708 32158.0
4709 32158.0
4710 32158.0
4711 32158.0
4712 32158.0
4713 32158.0
4714 32158.0
4715 32158.0
4716 32158.0
4717 32158.0
4718 32158.0
4719 32158.0
4720 32158.0
4721 32158.0
4722 32158.0
4723 32158.0
4724 32158.0
4725 32158.0
4726 32158.0
4727 32158.0
4728 32158.0
4729 32158.0
4730 32158.0
4731 32158.0
4732 32158.0
4733 32158.0
4734 32158.0
4735 32158.0
4736 32158.0
4737 32158.0
4738 32158.0
4739 32158.0
4740 32158.0
4741 32158.0
4742 32158.0
4743 32158.0
4744 32158.0
4745 32158.0
4746 32158.0
4747 32158.0
4748 32158.0
4749 32158.0
4750 32158.0
4751 32158.0
4752 32158.0
4753 32158.0
4754 32158.0
4755 32158.0
4756 32158.0
4757 32158.0
4758 32158.0
4759 32158.0
4760 32158.0
4761 32158.0
4762 32158.0
4763 32158.0
4764 32158.0
4765 32158.0
4766 32158.0
4767 32158.0
4768 32158.0
4769 32158.0
4770 32158.0
4771 32158.0
4772 32158.0
4773 32158.0
4774 32158.0
4775 32158.0
4776 32158.0
4777 32158.0
4778 32158.0
4779 32158.0
4780 32158.0
4781 32158.0
4782 32158.0
4783 32158.0
4784 32158.0
4785 32158.0
4786 32158.0
4787 32158.0
4788 32158.0
4789 32158.0
4790 32158.0
4791 32158.0
4792 32158.0
4793 32158.0
4794 32158.0
4795 32158.0
4796 32158.0
4797 32158.0
4798 32158.0
4799 32158.0
4800 32158.0
4801 32158.0
4802 32158.0
4803 32158.0
4804 32158.0
4805 32158.0
4806 32158.0
4807 32158.0
4808 32158.0
4809 32158.0
4810 32158.0
4811 32158.0
4812 32158.0
4813 32158.0
4814 32158.0
4815 32158.0
4816 32158.0
4817 32158.0
4818 32158.0
4819 32158.0
4820 32158.0
4821 32158.0
4822 32158.0
4823 32158.0
4824 32158.0
4825 32158.0
4826 32158.0
4827 32158.0
4828 32158.0
4829 32158.0
4830 32158.0
4831 32158.0
4832 32158.0
4833 32158.0
4834 32158.0
4835 32158.0
4836 32158.0
4837 32158.0
4838 32158.0
4839 32158.0
4840 32158.0
4841 32158.0
4842 32158.0
4843 32158.0
4844 32158.0
4845 32158.0
4846 32158.0
4847 32158.0
4848 32158.0
4849 32158.0
4850 32158.0
4851 32158.0
4852 32158.0
4853 32158.0
4854 32158.0
4855 32158.0
4856 32158.0
4857 32158.0
4858 32158.0
4859 32158.0
4860 32158.0
4861 32158.0
4862 32158.0
4863 32158.0
4864 32158.0
4865 32158.0
4866 32158.0
4867 32158.0
4868 32158.0
4869 32158.0
4870 32158.0
4871 32158.0
4872 32158.0
4873 32158.0
4874 32158.0
4875 32158.0
4876 32158.0
4877 32158.0
4878 32158.0
4879 32158.0
4880 32158.0
4881 32158.0
4882 32158.0
4883 32158.0
4884 32158.0
4885 32158.0
4886 32158.0
4887 32158.0
4888 32158.0
4889 32158.0
4890 32158.0
4891 32158.0
4892 32158.0
4893 32158.0
4894 32158.0
4895 32158.0
4896 32158.0
4897 32158.0
4898 32158.0
4899 32158.0
4900 32158.0
4901 32158.0
4902 32158.0
4903 32158.0
4904 32158.0
4905 32158.0
4906 32158.0
4907 32158.0
4908 32158.0
4909 32158.0
4910 32158.0
4911 32158.0
4912 32158.0
4913 32158.0
4914 32158.0
4915 32158.0
4916 32158.0
4917 32158.0
4918 32158.0
4919 32158.0
4920 32158.0
4921 32158.0
4922 32158.0
4923 32158.0
4924 32158.0
4925 32158.0
4926 32158.0
4927 32158.0
4928 32158.0
4929 32158.0
4930 32158.0
4931 32158.0
4932 32158.0
4933 32158.0
4934 32158.0
4935 32158.0
4936 32158.0
4937 32158.0
4938 32158.0
4939 32158.0
4940 32158.0
4941 32158.0
4942 32158.0
4943 32158.0
4944 32158.0
4945 32158.0
4946 32158.0
4947 32158.0
4948 32158.0
4949 32158.0
4950 32158.0
4951 32158.0
4952 32158.0
4953 32158.0
4954 32158.0
4955 32158.0
4956 32158.0
4957 32158.0
4958 32158.0
4959 32158.0
4960 32158.0
4961 32158.0
4962 32158.0
4963 32158.0
4964 32158.0
4965 32158.0
4966 32158.0
4967 32158.0
4968 32158.0
4969 32158.0
4970 32158.0
4971 32158.0
4972 32158.0
4973 32158.0
4974 32158.0
4975 32158.0
4976 32158.0
4977 32158.0
4978 32158.0
4979 32158.0
4980 32158.0
4981 32158.0
4982 32158.0
4983 32158.0
4984 32158.0
4985 32158.0
4986 32158.0
4987 32158.0
4988 32158.0
4989 32158.0
4990 32158.0
4991 32158.0
4992 32158.0
4993 32158.0
4994 32158.0
4995 32158.0
4996 32158.0
4997 32158.0
4998 32158.0
4999 32158.0
