0 47895.0
1 47895.0
2 47895.0
3 47895.0
4 47895.0
5 47586.0
6 47586.0
7 47586.0
8 47278.0
9 47278.0
10 47278.0
11 47278.0
12 47278.0
13 47278.0
14 47278.0
15 47278.0
16 47278.0
17 47278.0
18 47278.0
19 47278.0
20 46056.0
21 46056.0
22 46056.0
23 46056.0
24 46056.0
25 46056.0
26 46056.0
27 46056.0
28 46056.0
29 46056.0
30 46056.0
31 46056.0
32 46056.0
33 46056.0
34 46056.0
35 45458.0
36 45458.0
37 45458.0
38 45458.0
39 45458.0
40 45458.0
41 45458.0
42 45458.0
43 45458.0
44 45458.0
45 45458.0
46 45157.0
47 41048.0
48 41048.0
49 41048.0
50 41048.0
51 41048.0
52 41048.0
53 41048.0
54 41048.0
55 41048.0
56 41048.0
57 41048.0
58 41048.0
59 41048.0
60 41048.0
61 41048.0
62 41048.0
63 41048.0
64 41048.0
65 41048.0
66 41048.0
67 41048.0
68 41048.0
69 41048.0
70 41048.0
71 41048.0
72 41048.0
73 41048.0
74 41048.0
75 41048.0
76 41048.0
77 41048.0
78 41048.0
79 41048.0
80 41048.0
81 41048.0
82 41048.0
83 41048.0
84 41048.0
85 41048.0
86 41048.0
87 41048.0
88 41048.0
89 41048.0
90 41048.0
91 41048.0
92 41048.0
93 41048.0
94 41048.0
95 41048.0
96 41048.0
97 41048.0
98 41048.0
99 41048.0
100 41048.0
101 41048.0
102 41048.0
103 41048.0
104 41048.0
105 41048.0
106 41048.0
107 41048.0
108 41048.0
109 41048.0
110 41048.0
111 41048.0
112 41048.0
113 41048.0
114 41048.0
115 41048.0
116 41048.0
117 41048.0
118 41048.0
119 41048.0
120 41048.0
121 41048.0
122 41048.0
123 41048.0
124 41048.0
125 41048.0
126 41048.0
127 41048.0
128 41048.0
129 41048.0
130 41048.0
131 41048.0
132 41048.0
133 41048.0
134 41048.0
135 41048.0
136 41048.0
137 41048.0
138 41048.0
139 41048.0
140 41048.0
141 41048.0
142 41048.0
143 41048.0
144 41048.0
145 41048.0
146 41048.0
147 41048.0
148 41048.0
149 41048.0
150 41048.0
151 41048.0
152 41048.0
153 41048.0
154 41048.0
155 41048.0
156 41048.0
157 41048.0
158 41048.0
159 41048.0
160 41048.0
161 41048.0
162 41048.0
163 41048.0
164 41048.0
165 41048.0
166 41048.0
167 41048.0
168 41048.0
169 41048.0
170 41048.0
171 41048.0
172 41048.0
173 41048.0
174 41048.0
175 41048.0
176 41048.0
177 41048.0
178 41048.0
179 41048.0
180 41048.0
181 41048.0
182 41048.0
183 41048.0
184 41048.0
185 41048.0
186 41048.0
187 41048.0
188 41048.0
189 41048.0
190 41048.0
191 41048.0
192 41048.0
193 41048.0
194 41048.0
195 41048.0
196 41048.0
197 41048.0
198 41048.0
199 41048.0
200 41048.0
201 41048.0
202 41048.0
203 41048.0
204 41048.0
205 41048.0
206 41048.0
207 41048.0
208 41048.0
209 41048.0
210 41048.0
211 41048.0
212 41048.0
213 41048.0
214 41048.0
215 41048.0
216 41048.0
217 41048.0
218 41048.0
219 41048.0
220 41048.0
221 41048.0
222 41048.0
223 41048.0
224 41048.0
225 41048.0
226 41048.0
227 41048.0
228 41048.0
229 41048.0
230 41048.0
231 41048.0
232 41048.0
233 41048.0
234 41048.0
235 41048.0
236 41048.0
237 41048.0
238 41048.0
239 41048.0
240 41048.0
241 41048.0
242 41048.0
243 41048.0
244 41048.0
245 41048.0
246 41048.0
247 41048.0
248 41048.0
249 41048.0
250 41048.0
251 41048.0
252 41048.0
253 41048.0
254 41048.0
255 41048.0
256 41048.0
257 40480.0
258 40480.0
259 40480.0
260 40480.0
261 40480.0
262 40480.0
263 40480.0
264 40480.0
265 40480.0
266 40480.0
267 40480.0
268 40480.0
269 40480.0
270 40480.0
271 40480.0
272 40480.0
273 40480.0
274 40480.0
275 40480.0
276 40480.0
277 40480.0
278 40480.0
279 40480.0
280 40480.0
281 40480.0
282 40480.0
283 40480.0
284 40480.0
285 40480.0
286 40480.0
287 40480.0
288 40480.0
289 40480.0
290 40480.0
291 40480.0
292 40480.0
293 40480.0
294 40480.0
295 40480.0
296 40480.0
297 40480.0
298 40480.0
299 40480.0
300 40480.0
301 40480.0
302 40480.0
303 40480.0
304 40480.0
305 40480.0
306 40480.0
307 40480.0
308 40480.0
309 40480.0
310 40480.0
311 40480.0
312 40480.0
313 40480.0
314 40480.0
315 40480.0
316 40480.0
317 40480.0
318 40480.0
319 40480.0
320 40480.0
321 40480.0
322 40480.0
323 40480.0
324 40480.0
325 40480.0
326 40480.0
327 40480.0
328 40480.0
329 40480.0
330 40480.0
331 40480.0
332 40480.0
333 40480.0
334 39313.0
335 39313.0
336 39313.0
337 39313.0
338 39313.0
339 39313.0
340 39313.0
341 39313.0
342 39313.0
343 39313.0
344 39313.0
345 39313.0
346 39313.0
347 39313.0
348 39313.0
349 39313.0
350 39313.0
351 39313.0
352 39313.0
353 39313.0
354 39313.0
355 39313.0
356 39313.0
357 39313.0
358 39313.0
359 39313.0
360 39313.0
361 39313.0
362 39313.0
363 39313.0
364 39313.0
365 39313.0
366 39313.0
367 39313.0
368 39313.0
369 39313.0
370 39313.0
371 39313.0
372 39313.0
373 39313.0
374 39313.0
375 39313.0
376 39313.0
377 39313.0
378 39313.0
379 39313.0
380 39313.0
381 39313.0
382 39313.0
383 39313.0
384 39313.0
385 39313.0
386 39313.0
387 39313.0
388 39313.0
389 39313.0
390 39313.0
391 39313.0
392 39313.0
393 39313.0
394 39313.0
395 39313.0
396 39313.0
397 39313.0
398 39313.0
399 39313.0
400 39313.0
401 39313.0
402 39313.0
403 39313.0
404 39313.0
405 39313.0
406 39313.0
407 39313.0
408 39313.0
409 39313.0
410 39313.0
411 39313.0
412 39313.0
413 39313.0
414 39313.0
415 39313.0
416 39313.0
417 39313.0
418 39313.0
419 39313.0
420 39313.0
421 39313.0
422 39313.0
423 39313.0
424 39313.0
425 39313.0
426 39313.0
427 39313.0
428 39313.0
429 39313.0
430 39313.0
431 39313.0
432 39313.0
433 39313.0
434 39313.0
435 39313.0
436 39313.0
437 39313.0
438 39313.0
439 39313.0
440 39313.0
441 39313.0
442 39313.0
443 39313.0
444 39313.0
445 39313.0
446 39313.0
447 39313.0
448 39313.0
449 39313.0
450 39313.0
451 39313.0
452 39313.0
453 39313.0
454 39313.0
455 39313.0
456 39313.0
457 39313.0
458 39313.0
459 39313.0
460 39313.0
461 39313.0
462 39313.0
463 39313.0
464 39313.0
465 39313.0
466 39313.0
467 39313.0
468 39313.0
469 39313.0
470 39313.0
471 39313.0
472 39313.0
473 39313.0
474 39313.0
475 39313.0
476 39313.0
477 39313.0
478 39313.0
479 39313.0
480 39313.0
481 39313.0
482 39313.0
483 39313.0
484 39313.0
485 39313.0
486 39313.0
487 39313.0
488 39313.0
489 39313.0
490 39313.0
491 39313.0
492 39313.0
493 39313.0
494 39313.0
495 39313.0
496 39313.0
497 39313.0
498 39313.0
499 39313.0
500 39313.0
501 39313.0
502 39313.0
503 39313.0
504 39313.0
505 39313.0
506 39313.0
507 39313.0
508 39313.0
509 39313.0
510 39313.0
511 39313.0
512 39313.0
513 39313.0
514 39313.0
515 39313.0
516 39313.0
517 39313.0
518 39313.0
519 39313.0
520 39313.0
521 39313.0
522 39313.0
523 39313.0
524 39313.0
525 39313.0
526 39313.0
527 39313.0
528 39313.0
529 38803.0
530 38803.0
531 38803.0
532 38803.0
533 38803.0
534 38803.0
535 38803.0
536 38803.0
537 38803.0
538 38803.0
539 38803.0
540 38803.0
541 38803.0
542 38803.0
543 38803.0
544 38803.0
545 38803.0
546 38803.0
547 38803.0
548 38803.0
549 38803.0
550 38803.0
551 38803.0
552 38803.0
553 38803.0
554 38803.0
555 38803.0
556 38803.0
557 38803.0
558 38803.0
559 38803.0
560 38803.0
561 38803.0
562 38803.0
563 38803.0
564 38803.0
565 38803.0
566 38803.0
567 38803.0
568 38803.0
569 38803.0
570 38803.0
571 38803.0
572 38803.0
573 38803.0
574 38803.0
575 38803.0
576 38803.0
577 38803.0
578 38803.0
579 38803.0
580 38803.0
581 38803.0
582 38803.0
583 38803.0
584 38803.0
585 38803.0
586 38803.0
587 38803.0
588 38803.0
589 38803.0
590 38803.0
591 38803.0
592 38803.0
593 38803.0
594 38803.0
595 38803.0
596 38803.0
597 38803.0
598 38803.0
599 38803.0
600 38803.0
601 38803.0
602 38803.0
603 38803.0
604 38803.0
605 38803.0
606 38803.0
607 38803.0
608 38803.0
609 38803.0
610 38803.0
611 38803.0
612 38803.0
613 38803.0
614 38803.0
615 38803.0
616 38803.0
617 38803.0
618 38803.0
619 38803.0
620 38803.0
621 38803.0
622 38803.0
623 38803.0
624 38803.0
625 38803.0
626 38803.0
627 38803.0
628 38803.0
629 38803.0
630 38803.0
631 38803.0
632 38803.0
633 38803.0
634 38803.0
635 38803.0
636 38803.0
637 38803.0
638 38803.0
639 38803.0
640 38803.0
641 38803.0
642 38803.0
643 38803.0
644 38803.0
645 38803.0
646 38803.0
647 38803.0
648 38803.0
649 38803.0
650 38803.0
651 38803.0
652 38803.0
653 38803.0
654 38803.0
655 38803.0
656 38803.0
657 38803.0
658 38803.0
659 38803.0
660 38803.0
661 38803.0
662 38803.0
663 38803.0
664 38803.0
665 38803.0
666 38803.0
667 38803.0
668 38803.0
669 38803.0
670 38803.0
671 38803.0
672 38803.0
673 38803.0
674 38803.0
675 38803.0
676 38803.0
677 38803.0
678 38803.0
679 38803.0
680 38803.0
681 38803.0
682 38803.0
683 38803.0
684 38803.0
685 38803.0
686 38803.0
687 38803.0
688 38803.0
689 38803.0
690 38803.0
691 38803.0
692 38803.0
693 38803.0
694 38803.0
695 38803.0
696 38803.0
697 38803.0
698 38803.0
699 38803.0
700 38803.0
701 38803.0
702 38803.0
703 38803.0
704 38803.0
705 38803.0
706 38803.0
707 38803.0
708 38803.0
709 38803.0
710 38803.0
711 38803.0
712 38803.0
713 38803.0
714 38803.0
715 38803.0
716 38803.0
717 38803.0
718 38803.0
719 38803.0
720 38803.0
721 38803.0
722 38803.0
723 38803.0
724 38803.0
725 38803.0
726 38803.0
727 38803.0
728 38803.0
729 38803.0
730 38803.0
731 38803.0
732 38803.0
733 38803.0
734 38803.0
735 38803.0
736 38803.0
737 38803.0
738 38803.0
739 38803.0
740 38803.0
741 38803.0
742 38803.0
743 38803.0
744 38803.0
745 38803.0
746 38803.0
747 38803.0
748 38803.0
749 38803.0
750 38803.0
751 38803.0
752 38803.0
753 38803.0
754 38803.0
755 38803.0
756 38803.0
757 38803.0
758 38803.0
759 38803.0
760 38803.0
761 38803.0
762 38803.0
763 38803.0
764 38803.0
765 38803.0
766 38803.0
767 38803.0
768 38803.0
769 38803.0
770 38803.0
771 38803.0
772 38803.0
773 38803.0
774 38803.0
775 38803.0
776 38803.0
777 38803.0
778 38803.0
779 38803.0
780 38803.0
781 38803.0
782 38803.0
783 38803.0
784 38803.0
785 38803.0
786 38803.0
787 38803.0
788 38803.0
789 38803.0
790 38803.0
791 38803.0
792 38803.0
793 38803.0
794 38803.0
795 38803.0
796 38803.0
797 38803.0
798 38803.0
799 38803.0
800 38803.0
801 38803.0
802 38803.0
803 38803.0
804 38803.0
805 38803.0
806 38803.0
807 38803.0
808 38803.0
809 38803.0
810 38803.0
811 38803.0
812 38803.0
813 38803.0
814 38803.0
815 38803.0
816 38803.0
817 38803.0
818 38803.0
819 38803.0
820 38803.0
821 38803.0
822 38803.0
823 38803.0
824 38803.0
825 38803.0
826 38803.0
827 38803.0
828 38803.0
829 38803.0
830 38803.0
831 38803.0
832 38803.0
833 38803.0
834 38803.0
835 38803.0
836 38803.0
837 38803.0
838 38803.0
839 38803.0
840 38803.0
841 38803.0
842 38803.0
843 38803.0
844 38803.0
845 38803.0
846 38803.0
847 38803.0
848 38803.0
849 38803.0
850 38803.0
851 38803.0
852 38803.0
853 38803.0
854 38803.0
855 38803.0
856 38803.0
857 38803.0
858 38803.0
859 38803.0
860 38803.0
861 38803.0
862 38803.0
863 38803.0
864 38803.0
865 38803.0
866 38803.0
867 38803.0
868 38803.0
869 38803.0
870 38803.0
871 38803.0
872 38803.0
873 38803.0
874 38803.0
875 38803.0
876 38803.0
877 38803.0
878 38803.0
879 38803.0
880 38803.0
881 38803.0
882 38803.0
883 38803.0
884 38803.0
885 38803.0
886 38803.0
887 38803.0
888 38803.0
889 38803.0
890 38803.0
891 38803.0
892 38803.0
893 38803.0
894 38803.0
895 38803.0
896 38803.0
897 38803.0
898 38803.0
899 38803.0
900 38803.0
901 38803.0
902 38803.0
903 38803.0
904 38803.0
905 38803.0
906 38803.0
907 38803.0
908 38803.0
909 38803.0
910 38803.0
911 38803.0
912 38803.0
913 38803.0
914 38803.0
915 38803.0
916 38803.0
917 38803.0
918 38803.0
919 38803.0
920 38803.0
921 38803.0
922 38803.0
923 38803.0
924 38803.0
925 38803.0
926 38803.0
927 36612.0
928 36612.0
929 36612.0
930 36612.0
931 36612.0
932 36612.0
933 36612.0
934 36612.0
935 36612.0
936 36612.0
937 36612.0
938 36612.0
939 36612.0
940 36612.0
941 36612.0
942 36612.0
943 36612.0
944 36612.0
945 36612.0
946 36612.0
947 36612.0
948 36612.0
949 36612.0
950 36612.0
951 36612.0
952 36612.0
953 36612.0
954 36612.0
955 36612.0
956 36612.0
957 36612.0
958 36612.0
959 36612.0
960 36612.0
961 36612.0
962 36612.0
963 36612.0
964 36612.0
965 36612.0
966 36612.0
967 36612.0
968 36612.0
969 36612.0
970 36612.0
971 36612.0
972 36612.0
973 36612.0
974 36612.0
975 36612.0
976 36612.0
977 36612.0
978 36612.0
979 36612.0
980 36612.0
981 36612.0
982 36612.0
983 36612.0
984 36612.0
985 36612.0
986 36612.0
987 36612.0
988 36612.0
989 36612.0
990 36612.0
991 36612.0
992 36612.0
993 36612.0
994 36612.0
995 36612.0
996 36612.0
997 36612.0
998 36612.0
999 36612.0
1000 36612.0
1001 36612.0
1002 36612.0
1003 36612.0
1004 36612.0
1005 36612.0
1006 36612.0
1007 36612.0
1008 36612.0
1009 36612.0
1010 36612.0
1011 36612.0
1012 36612.0
1013 36612.0
1014 36612.0
1015 36612.0
1016 36612.0
1017 36612.0
1018 36612.0
1019 36612.0
1020 36612.0
1021 36612.0
1022 36612.0
1023 36612.0
1024 36612.0
1025 36612.0
1026 36612.0
1027 36612.0
1028 36612.0
1029 36612.0
1030 36612.0
1031 36612.0
1032 36612.0
1033 36612.0
1034 36612.0
1035 36612.0
1036 36612.0
1037 36612.0
1038 36612.0
1039 36612.0
1040 36612.0
1041 36612.0
1042 36612.0
1043 36612.0
1044 36612.0
1045 36612.0
1046 36612.0
1047 36612.0
1048 36612.0
1049 36612.0
1050 36612.0
1051 36612.0
1052 36612.0
1053 36612.0
1054 36612.0
1055 36612.0
1056 36612.0
1057 36612.0
1058 36612.0
1059 36612.0
1060 36612.0
1061 36612.0
1062 36074.0
1063 36074.0
1064 36074.0
1065 36074.0
1066 36074.0
1067 36074.0
1068 36074.0
1069 36074.0
1070 36074.0
1071 36074.0
1072 36074.0
1073 36074.0
1074 36074.0
1075 36074.0
1076 36074.0
1077 36074.0
1078 36074.0
1079 36074.0
1080 36074.0
1081 36074.0
1082 36074.0
1083 36074.0
1084 36074.0
1085 36074.0
1086 36074.0
1087 36074.0
1088 36074.0
1089 36074.0
1090 36074.0
1091 36074.0
1092 36074.0
1093 36074.0
1094 36074.0
1095 36074.0
1096 36074.0
1097 36074.0
1098 36074.0
1099 36074.0
1100 36074.0
1101 36074.0
1102 36074.0
1103 36074.0
1104 36074.0
1105 36074.0
1106 36074.0
1107 36074.0
1108 36074.0
1109 36074.0
1110 36074.0
1111 36074.0
1112 36074.0
1113 36074.0
1114 36074.0
1115 36074.0
1116 36074.0
1117 36074.0
1118 36074.0
1119 36074.0
1120 36074.0
1121 36074.0
1122 36074.0
1123 36074.0
1124 36074.0
1125 36074.0
1126 36074.0
1127 36074.0
1128 36074.0
1129 36074.0
1130 36074.0
1131 36074.0
1132 36074.0
1133 36074.0
1134 36074.0
1135 36074.0
1136 36074.0
1137 36074.0
1138 36074.0
1139 36074.0
1140 36074.0
1141 36074.0
1142 36074.0
1143 36074.0
1144 36074.0
1145 36074.0
1146 36074.0
1147 36074.0
1148 36074.0
1149 36074.0
1150 36074.0
1151 36074.0
1152 36074.0
1153 36074.0
1154 36074.0
1155 36074.0
1156 36074.0
1157 36074.0
1158 36074.0
1159 36074.0
1160 36074.0
1161 36074.0
1162 36074.0
1163 36074.0
1164 36074.0
1165 36074.0
1166 36074.0
1167 36074.0
1168 36074.0
1169 36074.0
1170 36074.0
1171 36074.0
1172 36074.0
1173 36074.0
1174 36074.0
1175 36074.0
1176 36074.0
1177 36074.0
1178 36074.0
1179 36074.0
1180 36074.0
1181 36074.0
1182 36074.0
1183 36074.0
1184 36074.0
1185 36074.0
1186 36074.0
1187 36074.0
1188 36074.0
1189 36074.0
1190 36074.0
1191 36074.0
1192 36074.0
1193 36074.0
1194 36074.0
1195 36074.0
1196 36074.0
1197 36074.0
1198 36074.0
1199 36074.0
1200 36072.0
1201 36072.0
1202 36072.0
1203 36072.0
1204 36072.0
1205 36072.0
1206 36072.0
1207 36072.0
1208 36072.0
1209 36072.0
1210 36072.0
1211 36072.0
1212 36072.0
1213 36072.0
1214 36072.0
1215 36072.0
1216 36072.0
1217 36072.0
1218 36072.0
1219 36072.0
1220 36072.0
1221 36072.0
1222 36072.0
1223 36072.0
1224 36072.0
1225 36072.0
1226 36072.0
1227 36072.0
1228 36072.0
1229 36072.0
1230 36072.0
1231 36072.0
1232 36072.0
1233 36072.0
1234 36072.0
1235 36072.0
1236 36072.0
1237 36072.0
1238 36072.0
1239 36072.0
1240 36072.0
1241 36072.0
1242 36072.0
1243 36072.0
1244 36072.0
1245 36072.0
1246 36072.0
1247 36072.0
1248 36072.0
1249 36072.0
1250 36072.0
1251 36072.0
1252 36072.0
1253 36072.0
1254 36072.0
1255 36072.0
1256 36072.0
1257 36072.0
1258 36072.0
1259 36072.0
1260 36072.0
1261 36072.0
1262 36072.0
1263 36072.0
1264 36072.0
1265 36072.0
1266 36072.0
1267 36072.0
1268 36072.0
1269 36072.0
1270 36072.0
1271 36072.0
1272 36072.0
1273 36072.0
1274 36072.0
1275 36072.0
1276 36072.0
1277 36072.0
1278 36072.0
1279 36072.0
1280 36072.0
1281 36072.0
1282 36072.0
1283 36072.0
1284 36072.0
1285 36072.0
1286 36072.0
1287 36072.0
1288 36072.0
1289 36072.0
1290 36072.0
1291 36072.0
1292 36072.0
1293 36072.0
1294 36072.0
1295 36072.0
1296 36072.0
1297 36072.0
1298 36072.0
1299 36072.0
1300 36072.0
1301 36072.0
1302 36072.0
1303 36072.0
1304 36072.0
1305 36072.0
1306 36072.0
1307 36072.0
1308 36072.0
1309 36072.0
1310 36072.0
1311 36072.0
1312 36072.0
1313 36072.0
1314 36072.0
1315 36072.0
1316 36072.0
1317 36072.0
1318 36072.0
1319 36072.0
1320 36072.0
1321 36072.0
1322 36072.0
1323 36072.0
1324 36072.0
1325 36072.0
1326 36072.0
1327 36072.0
1328 36072.0
1329 36072.0
1330 36072.0
1331 36072.0
1332 36072.0
1333 36072.0
1334 36072.0
1335 36072.0
1336 36072.0
1337 36072.0
1338 36072.0
1339 36072.0
1340 36072.0
1341 36072.0
1342 36072.0
1343 36072.0
1344 36072.0
1345 36072.0
1346 36072.0
1347 36072.0
1348 36072.0
1349 36072.0
1350 36072.0
1351 36072.0
1352 36072.0
1353 36072.0
1354 36072.0
1355 36072.0
1356 36072.0
1357 36072.0
1358 36072.0
1359 36072.0
1360 36072.0
1361 36072.0
1362 36072.0
1363 36072.0
1364 36072.0
1365 36072.0
1366 36072.0
1367 36072.0
1368 36072.0
1369 36072.0
1370 36072.0
1371 36072.0
1372 36072.0
1373 36072.0
1374 36072.0
1375 36072.0
1376 36072.0
1377 36072.0
1378 36072.0
1379 36072.0
1380 36072.0
1381 36072.0
1382 36072.0
1383 36072.0
1384 36072.0
1385 36072.0
1386 36072.0
1387 36072.0
1388 36072.0
1389 36072.0
1390 36072.0
1391 36072.0
1392 36072.0
1393 36072.0
1394 36072.0
1395 36072.0
1396 36072.0
1397 36072.0
1398 36072.0
1399 36072.0
1400 36072.0
1401 36072.0
1402 36072.0
1403 36072.0
1404 36072.0
1405 36072.0
1406 36072.0
1407 36072.0
1408 36072.0
1409 36072.0
1410 36072.0
1411 36072.0
1412 36072.0
1413 36072.0
1414 36072.0
1415 36072.0
1416 36072.0
1417 36072.0
1418 36072.0
1419 36072.0
1420 36072.0
1421 36072.0
1422 36072.0
1423 36072.0
1424 36072.0
1425 36072.0
1426 36072.0
1427 36072.0
1428 36072.0
1429 36072.0
1430 36072.0
1431 36072.0
1432 36072.0
1433 36072.0
1434 36072.0
1435 36072.0
1436 36072.0
1437 36072.0
1438 36072.0
1439 36072.0
1440 36072.0
1441 36072.0
1442 36072.0
1443 36072.0
1444 36072.0
1445 36072.0
1446 36072.0
1447 36072.0
1448 36072.0
1449 36072.0
1450 36072.0
1451 36072.0
1452 36072.0
1453 36072.0
1454 36072.0
1455 36072.0
1456 36072.0
1457 36072.0
1458 36072.0
1459 36072.0
1460 36072.0
1461 36072.0
1462 36072.0
1463 36072.0
1464 36072.0
1465 36072.0
1466 36072.0
1467 36072.0
1468 36072.0
1469 36072.0
1470 36072.0
1471 36072.0
1472 36072.0
1473 36072.0
1474 36072.0
1475 36072.0
1476 36072.0
1477 36072.0
1478 36072.0
1479 36072.0
1480 36072.0
1481 36072.0
1482 36072.0
1483 36072.0
1484 36072.0
1485 36072.0
1486 36072.0
1487 36072.0
1488 36072.0
1489 34283.0
1490 34283.0
1491 34283.0
1492 34283.0
1493 34283.0
1494 34283.0
1495 34283.0
1496 34283.0
1497 34283.0
1498 34283.0
1499 34283.0
1500 34283.0
1501 34283.0
1502 34283.0
1503 34283.0
1504 34283.0
1505 34283.0
1506 34283.0
1507 34283.0
1508 34283.0
1509 34283.0
1510 34283.0
1511 34283.0
1512 34283.0
1513 34283.0
1514 34283.0
1515 34283.0
1516 34283.0
1517 34283.0
1518 34283.0
1519 34283.0
1520 34283.0
1521 34283.0
1522 34283.0
1523 34283.0
1524 34283.0
1525 34283.0
1526 34283.0
1527 34283.0
1528 34283.0
1529 34283.0
1530 34283.0
1531 34283.0
1532 34283.0
1533 34283.0
1534 34283.0
1535 34283.0
1536 34283.0
1537 34283.0
1538 34283.0
1539 34283.0
1540 34283.0
1541 34283.0
1542 34283.0
1543 34283.0
1544 34283.0
1545 34283.0
1546 34283.0
1547 34283.0
1548 34283.0
1549 34283.0
1550 34283.0
1551 34283.0
1552 34283.0
1553 34283.0
1554 34283.0
1555 34283.0
1556 34283.0
1557 34283.0
1558 34283.0
1559 34283.0
1560 34283.0
1561 34283.0
1562 34283.0
1563 34283.0
1564 34283.0
1565 34283.0
1566 34283.0
1567 34283.0
1568 34283.0
1569 34283.0
1570 34283.0
1571 34283.0
1572 34283.0
1573 34283.0
1574 34283.0
1575 34283.0
1576 34283.0
1577 34283.0
1578 34283.0
1579 34283.0
1580 34283.0
1581 34283.0
1582 34283.0
1583 34283.0
1584 34283.0
1585 34283.0
1586 34283.0
1587 34283.0
1588 34283.0
1589 34283.0
1590 34283.0
1591 34283.0
1592 34283.0
1593 34283.0
1594 34283.0
1595 34283.0
1596 34283.0
1597 34283.0
1598 34283.0
1599 34283.0
1600 34283.0
1601 34283.0
1602 34283.0
1603 34283.0
1604 34283.0
1605 34283.0
1606 34283.0
1607 34283.0
1608 34283.0
1609 34283.0
1610 34283.0
1611 34283.0
1612 34283.0
1613 34283.0
1614 34283.0
1615 34283.0
1616 34283.0
1617 34283.0
1618 34283.0
1619 34283.0
1620 34283.0
1621 34283.0
1622 34283.0
1623 34283.0
1624 34283.0
1625 34283.0
1626 34283.0
1627 34283.0
1628 34283.0
1629 34283.0
1630 34283.0
1631 34283.0
1632 34283.0
1633 34283.0
1634 34283.0
1635 34283.0
1636 34283.0
1637 34283.0
1638 34283.0
1639 34283.0
1640 34283.0
1641 34283.0
1642 34283.0
1643 34283.0
1644 34283.0
1645 34283.0
1646 34283.0
1647 34283.0
1648 34283.0
1649 34283.0
1650 34283.0
1651 34283.0
1652 34283.0
1653 34283.0
1654 34283.0
1655 34283.0
1656 34283.0
1657 34283.0
1658 34283.0
1659 34283.0
1660 34283.0
1661 34283.0
1662 34283.0
1663 34283.0
1664 34283.0
1665 34283.0
1666 34283.0
1667 34283.0
1668 34283.0
1669 34283.0
1670 34283.0
1671 34283.0
1672 34283.0
1673 34283.0
1674 34283.0
1675 34283.0
1676 34283.0
1677 34283.0
1678 34283.0
1679 34283.0
1680 34283.0
1681 34283.0
1682 34283.0
1683 34283.0
1684 34283.0
1685 34283.0
1686 34283.0
1687 34283.0
1688 34283.0
1689 34283.0
1690 34283.0
1691 34283.0
1692 34283.0
1693 34283.0
1694 34283.0
1695 34283.0
1696 34283.0
1697 34283.0
1698 34283.0
1699 34283.0
1700 34283.0
1701 34283.0
1702 34283.0
1703 34283.0
1704 34283.0
1705 34283.0
1706 34283.0
1707 34283.0
1708 34283.0
1709 34283.0
1710 34283.0
1711 34283.0
1712 34283.0
1713 34283.0
1714 34283.0
1715 34283.0
1716 34283.0
1717 34283.0
1718 34283.0
1719 34283.0
1720 34283.0
1721 34283.0
1722 34283.0
1723 34283.0
1724 34283.0
1725 34283.0
1726 34283.0
1727 34283.0
1728 34283.0
1729 34283.0
1730 34283.0
1731 34283.0
1732 34283.0
1733 34283.0
1734 34283.0
1735 34283.0
1736 34283.0
1737 34283.0
1738 34283.0
1739 34283.0
1740 34283.0
1741 34283.0
1742 34283.0
1743 34283.0
1744 34283.0
1745 34283.0
1746 34283.0
1747 34283.0
1748 34283.0
1749 34283.0
1750 34283.0
1751 34283.0
1752 34283.0
1753 34283.0
1754 34283.0
1755 34283.0
1756 34283.0
1757 34283.0
1758 34283.0
1759 34283.0
1760 34283.0
1761 34283.0
1762 34283.0
1763 34283.0
1764 34283.0
1765 34283.0
1766 34283.0
1767 34283.0
1768 34283.0
1769 34283.0
1770 34283.0
1771 34283.0
1772 34283.0
1773 34283.0
1774 34283.0
1775 34283.0
1776 34283.0
1777 34283.0
1778 34283.0
1779 34283.0
1780 34283.0
1781 34283.0
1782 34283.0
1783 34283.0
1784 34283.0
1785 34283.0
1786 34283.0
1787 34283.0
1788 34283.0
1789 34283.0
1790 34283.0
1791 34283.0
1792 34283.0
1793 34283.0
1794 34283.0
1795 34283.0
1796 34283.0
1797 34283.0
1798 34283.0
1799 34283.0
1800 34283.0
1801 34283.0
1802 34283.0
1803 34283.0
1804 34283.0
1805 34283.0
1806 34283.0
1807 34283.0
1808 34283.0
1809 34283.0
1810 34283.0
1811 34283.0
1812 34283.0
1813 34283.0
1814 34283.0
1815 34283.0
1816 34283.0
1817 34283.0
1818 34283.0
1819 34283.0
1820 34283.0
1821 34283.0
1822 34283.0
1823 34283.0
1824 34283.0
1825 34283.0
1826 34283.0
1827 34283.0
1828 34283.0
1829 34283.0
1830 34283.0
1831 34283.0
1832 34283.0
1833 34283.0
1834 34283.0
1835 34283.0
1836 34283.0
1837 34283.0
1838 34283.0
1839 34283.0
1840 34283.0
1841 34283.0
1842 34283.0
1843 34283.0
1844 34283.0
1845 34283.0
1846 34283.0
1847 34283.0
1848 34283.0
1849 34283.0
1850 34283.0
1851 34283.0
1852 34283.0
1853 34283.0
1854 34283.0
1855 34283.0
1856 34283.0
1857 34283.0
1858 34283.0
1859 34283.0
1860 34283.0
1861 34283.0
1862 34283.0
1863 34283.0
1864 34283.0
1865 34283.0
1866 34283.0
1867 34283.0
1868 34283.0
1869 34283.0
1870 34283.0
1871 34283.0
1872 34283.0
1873 34283.0
1874 34283.0
1875 34283.0
1876 34283.0
1877 34283.0
1878 34283.0
1879 34283.0
1880 34283.0
1881 34283.0
1882 34283.0
1883 34283.0
1884 34283.0
1885 34283.0
1886 34283.0
1887 34283.0
1888 34283.0
1889 34283.0
1890 34283.0
1891 34283.0
1892 34283.0
1893 34283.0
1894 34283.0
1895 34283.0
1896 34283.0
1897 34283.0
1898 34283.0
1899 34283.0
1900 34283.0
1901 34283.0
1902 34283.0
1903 34283.0
1904 34283.0
1905 34283.0
1906 34283.0
1907 34283.0
1908 34283.0
1909 34283.0
1910 34283.0
1911 34283.0
1912 34283.0
1913 34283.0
1914 34283.0
1915 34283.0
1916 34283.0
1917 34283.0
1918 34283.0
1919 34283.0
1920 34283.0
1921 34283.0
1922 34283.0
1923 34283.0
1924 34283.0
1925 34283.0
1926 34283.0
1927 34283.0
1928 34283.0
1929 34283.0
1930 34283.0
1931 34283.0
1932 34283.0
1933 34283.0
1934 34283.0
1935 34283.0
1936 34283.0
1937 34283.0
1938 34283.0
1939 34283.0
1940 34283.0
1941 34283.0
1942 34283.0
1943 34283.0
1944 34283.0
1945 34283.0
1946 34283.0
1947 34283.0
1948 34283.0
1949 34283.0
1950 34283.0
1951 34283.0
1952 34283.0
1953 34283.0
1954 34283.0
1955 34283.0
1956 34283.0
1957 34283.0
1958 34283.0
1959 34283.0
1960 34283.0
1961 34283.0
1962 34283.0
1963 34283.0
1964 34283.0
1965 34283.0
1966 34283.0
1967 34283.0
1968 34283.0
1969 34283.0
1970 34283.0
1971 34283.0
1972 34283.0
1973 34283.0
1974 34283.0
1975 34283.0
1976 34283.0
1977 34283.0
1978 34283.0
1979 34283.0
1980 34283.0
1981 34283.0
1982 34283.0
1983 34283.0
1984 34283.0
1985 34283.0
1986 34283.0
1987 34283.0
1988 34283.0
1989 34283.0
1990 34283.0
1991 34283.0
1992 34283.0
1993 34283.0
1994 34283.0
1995 34283.0
1996 34283.0
1997 34283.0
1998 34283.0
1999 34283.0
2000 34283.0
2001 34283.0
2002 34283.0
2003 34283.0
2004 34283.0
2005 34283.0
2006 34283.0
2007 34283.0
2008 34283.0
2009 34283.0
2010 34283.0
2011 34283.0
2012 34283.0
2013 34283.0
2014 34283.0
2015 34283.0
2016 34283.0
2017 34283.0
2018 34283.0
2019 34283.0
2020 34283.0
2021 34283.0
2022 34283.0
2023 34283.0
2024 34283.0
2025 34283.0
2026 34283.0
2027 34283.0
2028 34283.0
2029 34283.0
2030 34283.0
2031 34283.0
2032 34283.0
2033 34283.0
2034 34283.0
2035 34283.0
2036 34283.0
2037 34283.0
2038 34283.0
2039 34283.0
2040 34283.0
2041 34283.0
2042 34283.0
2043 34283.0
2044 34283.0
2045 34283.0
2046 34283.0
2047 34283.0
2048 34283.0
2049 34283.0
2050 34283.0
2051 34283.0
2052 34283.0
2053 34283.0
2054 34283.0
2055 34283.0
2056 34283.0
2057 34283.0
2058 34283.0
2059 34283.0
2060 34283.0
2061 34283.0
2062 34283.0
2063 34283.0
2064 34283.0
2065 34283.0
2066 34283.0
2067 34283.0
2068 34283.0
2069 34283.0
2070 34283.0
2071 34283.0
2072 34283.0
2073 34283.0
2074 34283.0
2075 34283.0
2076 34283.0
2077 34283.0
2078 34283.0
2079 34283.0
2080 34283.0
2081 34283.0
2082 34283.0
2083 34283.0
2084 34283.0
2085 34283.0
2086 34283.0
2087 34283.0
2088 34283.0
2089 34283.0
2090 34283.0
2091 34283.0
2092 34283.0
2093 34283.0
2094 34283.0
2095 34283.0
2096 34283.0
2097 34283.0
2098 34283.0
2099 34283.0
2100 34283.0
2101 34283.0
2102 34283.0
2103 34283.0
2104 34283.0
2105 34283.0
2106 34283.0
2107 34283.0
2108 34283.0
2109 34283.0
2110 34283.0
2111 34283.0
2112 34283.0
2113 34283.0
2114 34283.0
2115 34283.0
2116 34283.0
2117 34283.0
2118 34283.0
2119 34283.0
2120 34283.0
2121 34283.0
2122 34283.0
2123 34283.0
2124 34283.0
2125 34283.0
2126 34283.0
2127 34283.0
2128 34283.0
2129 34283.0
2130 34283.0
2131 34283.0
2132 34283.0
2133 34283.0
2134 34283.0
2135 34283.0
2136 34283.0
2137 34283.0
2138 34283.0
2139 34283.0
2140 34283.0
2141 34283.0
2142 34283.0
2143 34283.0
2144 34283.0
2145 34283.0
2146 34283.0
2147 34283.0
2148 34283.0
2149 34283.0
2150 34283.0
2151 34283.0
2152 34283.0
2153 34283.0
2154 34283.0
2155 34283.0
2156 34283.0
2157 34283.0
2158 34283.0
2159 34283.0
2160 34283.0
2161 34283.0
2162 34283.0
2163 34283.0
2164 34283.0
2165 34283.0
2166 34283.0
2167 34283.0
2168 34283.0
2169 34283.0
2170 34283.0
2171 34283.0
2172 34283.0
2173 34283.0
2174 34283.0
2175 34283.0
2176 34283.0
2177 34283.0
2178 34283.0
2179 34283.0
2180 34283.0
2181 34283.0
2182 34283.0
2183 34283.0
2184 34283.0
2185 34283.0
2186 34283.0
2187 34283.0
2188 34283.0
2189 34283.0
2190 34283.0
2191 34283.0
2192 34283.0
2193 34283.0
2194 34283.0
2195 34283.0
2196 34283.0
2197 34283.0
2198 34283.0
2199 34283.0
2200 34283.0
2201 34283.0
2202 34283.0
2203 34283.0
2204 34283.0
2205 34283.0
2206 34283.0
2207 34283.0
2208 34283.0
2209 34283.0
2210 34283.0
2211 34283.0
2212 34283.0
2213 34283.0
2214 34283.0
2215 34283.0
2216 34283.0
2217 34283.0
2218 34283.0
2219 34283.0
2220 34283.0
2221 34283.0
2222 34283.0
2223 34283.0
2224 34283.0
2225 34283.0
2226 34283.0
2227 34283.0
2228 34283.0
2229 34283.0
2230 34283.0
2231 34283.0
2232 34283.0
2233 34283.0
2234 34283.0
2235 34283.0
2236 34283.0
2237 34283.0
2238 34283.0
2239 34283.0
2240 34283.0
2241 34283.0
2242 34283.0
2243 34283.0
2244 34283.0
2245 34283.0
2246 34283.0
2247 34283.0
2248 34283.0
2249 34283.0
2250 34283.0
2251 34283.0
2252 34283.0
2253 34283.0
2254 34283.0
2255 34283.0
2256 34283.0
2257 34283.0
2258 34283.0
2259 34283.0
2260 34283.0
2261 34283.0
2262 34283.0
2263 34283.0
2264 34283.0
2265 34283.0
2266 34283.0
2267 34283.0
2268 34283.0
2269 34283.0
2270 34283.0
2271 34283.0
2272 34283.0
2273 34283.0
2274 34283.0
2275 34283.0
2276 34283.0
2277 34283.0
2278 34283.0
2279 34283.0
2280 34283.0
2281 34283.0
2282 34283.0
2283 34283.0
2284 34283.0
2285 34283.0
2286 34283.0
2287 34283.0
2288 34283.0
2289 34283.0
2290 34283.0
2291 34283.0
2292 34283.0
2293 34283.0
2294 34283.0
2295 34283.0
2296 34283.0
2297 34283.0
2298 34283.0
2299 34283.0
2300 34283.0
2301 34283.0
2302 34283.0
2303 34283.0
2304 34283.0
2305 34283.0
2306 34283.0
2307 34283.0
2308 34283.0
2309 34283.0
2310 34283.0
2311 34283.0
2312 34283.0
2313 34283.0
2314 34283.0
2315 34283.0
2316 34283.0
2317 34283.0
2318 34283.0
2319 34283.0
2320 34283.0
2321 34283.0
2322 34283.0
2323 34283.0
2324 34283.0
2325 34283.0
2326 34283.0
2327 34283.0
2328 34283.0
2329 34283.0
2330 34283.0
2331 34283.0
2332 34283.0
2333 34283.0
2334 34283.0
2335 34283.0
2336 34283.0
2337 34283.0
2338 34283.0
2339 34283.0
2340 34283.0
2341 34283.0
2342 34283.0
2343 34283.0
2344 34283.0
2345 34283.0
2346 34283.0
2347 34283.0
2348 34283.0
2349 34283.0
2350 34283.0
2351 34283.0
2352 34283.0
2353 34283.0
2354 34283.0
2355 34283.0
2356 34283.0
2357 34283.0
2358 34283.0
2359 34283.0
2360 34283.0
2361 34283.0
2362 34283.0
2363 34283.0
2364 34283.0
2365 34283.0
2366 34283.0
2367 34283.0
2368 34283.0
2369 34283.0
2370 34283.0
2371 34283.0
2372 34283.0
2373 34283.0
2374 34283.0
2375 34283.0
2376 34283.0
2377 34283.0
2378 34283.0
2379 34283.0
2380 34283.0
2381 34283.0
2382 34283.0
2383 34283.0
2384 34283.0
2385 34283.0
2386 34283.0
2387 34283.0
2388 34283.0
2389 34283.0
2390 34283.0
2391 34283.0
2392 34283.0
2393 34283.0
2394 34283.0
2395 34283.0
2396 34283.0
2397 34283.0
2398 34283.0
2399 34283.0
2400 34283.0
2401 34283.0
2402 34283.0
2403 34283.0
2404 34283.0
2405 34283.0
2406 34283.0
2407 34283.0
2408 34283.0
2409 34283.0
2410 34283.0
2411 34283.0
2412 34283.0
2413 34283.0
2414 34283.0
2415 34283.0
2416 34283.0
2417 34283.0
2418 34283.0
2419 34283.0
2420 34283.0
2421 34283.0
2422 34283.0
2423 34283.0
2424 34283.0
2425 34283.0
2426 34283.0
2427 34283.0
2428 34283.0
2429 34283.0
2430 34283.0
2431 34283.0
2432 34283.0
2433 34283.0
2434 34283.0
2435 34283.0
2436 34283.0
2437 34283.0
2438 34283.0
2439 34283.0
2440 34283.0
2441 34283.0
2442 34283.0
2443 34283.0
2444 34283.0
2445 34283.0
2446 34283.0
2447 34283.0
2448 34283.0
2449 34283.0
2450 34283.0
2451 34283.0
2452 34283.0
2453 34283.0
2454 34283.0
2455 34283.0
2456 34283.0
2457 34283.0
2458 34283.0
2459 34283.0
2460 34283.0
2461 34283.0
2462 34283.0
2463 34283.0
2464 34283.0
2465 34283.0
2466 34283.0
2467 34283.0
2468 34283.0
2469 34283.0
2470 34283.0
2471 34283.0
2472 34283.0
2473 34283.0
2474 34283.0
2475 34283.0
2476 34283.0
2477 34283.0
2478 34283.0
2479 34283.0
2480 34283.0
2481 34283.0
2482 34283.0
2483 34283.0
2484 34283.0
2485 34283.0
2486 34283.0
2487 34283.0
2488 34283.0
2489 34283.0
2490 34283.0
2491 34283.0
2492 34283.0
2493 34283.0
2494 34283.0
2495 34283.0
2496 34283.0
2497 34283.0
2498 34283.0
2499 34283.0
2500 34283.0
2501 34283.0
2502 34283.0
2503 34283.0
2504 34283.0
2505 34283.0
2506 34283.0
2507 34283.0
2508 34283.0
2509 34283.0
2510 34283.0
2511 34283.0
2512 34283.0
2513 34283.0
2514 34283.0
2515 34283.0
2516 34283.0
2517 34283.0
2518 34283.0
2519 34283.0
2520 34283.0
2521 34283.0
2522 34283.0
2523 34283.0
2524 34283.0
2525 34283.0
2526 34283.0
2527 34283.0
2528 34283.0
2529 34283.0
2530 34283.0
2531 34283.0
2532 34283.0
2533 34283.0
2534 34283.0
2535 34283.0
2536 34283.0
2537 34283.0
2538 34283.0
2539 34283.0
2540 34283.0
2541 34283.0
2542 34283.0
2543 34283.0
2544 34283.0
2545 34283.0
2546 34283.0
2547 34283.0
2548 34283.0
2549 34283.0
2550 34283.0
2551 34283.0
2552 34283.0
2553 34283.0
2554 34283.0
2555 34283.0
2556 34283.0
2557 34283.0
2558 34283.0
2559 34283.0
2560 34283.0
2561 34283.0
2562 34283.0
2563 34283.0
2564 34283.0
2565 34283.0
2566 34283.0
2567 34283.0
2568 34283.0
2569 34283.0
2570 34283.0
2571 34283.0
2572 34283.0
2573 34283.0
2574 34283.0
2575 34283.0
2576 34283.0
2577 34283.0
2578 34283.0
2579 34283.0
2580 34283.0
2581 34283.0
2582 34283.0
2583 34283.0
2584 34283.0
2585 34283.0
2586 34283.0
2587 34283.0
2588 34283.0
2589 34283.0
2590 34283.0
2591 34283.0
2592 34283.0
2593 34283.0
2594 34283.0
2595 34283.0
2596 34283.0
2597 34283.0
2598 34283.0
2599 34283.0
2600 34283.0
2601 34283.0
2602 34283.0
2603 34283.0
2604 34283.0
2605 34283.0
2606 34283.0
2607 34283.0
2608 34283.0
2609 34283.0
2610 34283.0
2611 34283.0
2612 34283.0
2613 34283.0
2614 34283.0
2615 34283.0
2616 34283.0
2617 34283.0
2618 34283.0
2619 34283.0
2620 34283.0
2621 34283.0
2622 34283.0
2623 34283.0
2624 34283.0
2625 34283.0
2626 34283.0
2627 34283.0
2628 34283.0
2629 34283.0
2630 34283.0
2631 34283.0
2632 34283.0
2633 34283.0
2634 34283.0
2635 34283.0
2636 34283.0
2637 34283.0
2638 34283.0
2639 34283.0
2640 34283.0
2641 34283.0
2642 34283.0
2643 34283.0
2644 34283.0
2645 34283.0
2646 34283.0
2647 34283.0
2648 34283.0
2649 34283.0
2650 34283.0
2651 34283.0
2652 34283.0
2653 34283.0
2654 34283.0
2655 34283.0
2656 34283.0
2657 34283.0
2658 34283.0
2659 34283.0
2660 34283.0
2661 34283.0
2662 34283.0
2663 34283.0
2664 34283.0
2665 34283.0
2666 34283.0
2667 34283.0
2668 34283.0
2669 34283.0
2670 34283.0
2671 34283.0
2672 34283.0
2673 34283.0
2674 34283.0
2675 34283.0
2676 34283.0
2677 34283.0
2678 34283.0
2679 34283.0
2680 34283.0
2681 34283.0
2682 34283.0
2683 34283.0
2684 34283.0
2685 34283.0
2686 34283.0
2687 34283.0
2688 34283.0
2689 34283.0
2690 34283.0
2691 34283.0
2692 34283.0
2693 34283.0
2694 34283.0
2695 34283.0
2696 34283.0
2697 34283.0
2698 34283.0
2699 34283.0
2700 34283.0
2701 34283.0
2702 34283.0
2703 34283.0
2704 34283.0
2705 34283.0
2706 34283.0
2707 34283.0
2708 34283.0
2709 34283.0
2710 34283.0
2711 34283.0
2712 34283.0
2713 34283.0
2714 34283.0
2715 34283.0
2716 34283.0
2717 34283.0
2718 34283.0
2719 34283.0
2720 34283.0
2721 34283.0
2722 34283.0
2723 34283.0
2724 34283.0
2725 34283.0
2726 34283.0
2727 34283.0
2728 34283.0
2729 34283.0
2730 34283.0
2731 34283.0
2732 34283.0
2733 34283.0
2734 34283.0
2735 34283.0
2736 34283.0
2737 34283.0
2738 34283.0
2739 34283.0
2740 34283.0
2741 34283.0
2742 34283.0
2743 34283.0
2744 34283.0
2745 34283.0
2746 34283.0
2747 34283.0
2748 34283.0
2749 34283.0
2750 34283.0
2751 34283.0
2752 34283.0
2753 34283.0
2754 34283.0
2755 34283.0
2756 34283.0
2757 34283.0
2758 34283.0
2759 34283.0
2760 34283.0
2761 34283.0
2762 34283.0
2763 34283.0
2764 34283.0
2765 34283.0
2766 34283.0
2767 34283.0
2768 34283.0
2769 34283.0
2770 34283.0
2771 34283.0
2772 34283.0
2773 34283.0
2774 34283.0
2775 34283.0
2776 34283.0
2777 34283.0
2778 34283.0
2779 34283.0
2780 34283.0
2781 34283.0
2782 34283.0
2783 34283.0
2784 34283.0
2785 34283.0
2786 34283.0
2787 34283.0
2788 34283.0
2789 34283.0
2790 34283.0
2791 34283.0
2792 34283.0
2793 34283.0
2794 34283.0
2795 34283.0
2796 34283.0
2797 34283.0
2798 34283.0
2799 34283.0
2800 34283.0
2801 34283.0
2802 34283.0
2803 34283.0
2804 34283.0
2805 34283.0
2806 34283.0
2807 34283.0
2808 34283.0
2809 34283.0
2810 34283.0
2811 34283.0
2812 34283.0
2813 34283.0
2814 34283.0
2815 34283.0
2816 34283.0
2817 34283.0
2818 34283.0
2819 34283.0
2820 34283.0
2821 34283.0
2822 34283.0
2823 34283.0
2824 34283.0
2825 34283.0
2826 34283.0
2827 34283.0
2828 34283.0
2829 34283.0
2830 34283.0
2831 34283.0
2832 34283.0
2833 34283.0
2834 34283.0
2835 34283.0
2836 34283.0
2837 34283.0
2838 34283.0
2839 34283.0
2840 34283.0
2841 34283.0
2842 34283.0
2843 34283.0
2844 34283.0
2845 34283.0
2846 34283.0
2847 34283.0
2848 34283.0
2849 34283.0
2850 34283.0
2851 34283.0
2852 34283.0
2853 34283.0
2854 34283.0
2855 34283.0
2856 34283.0
2857 34283.0
2858 34283.0
2859 34283.0
2860 34283.0
2861 34283.0
2862 34283.0
2863 34283.0
2864 34283.0
2865 34283.0
2866 34283.0
2867 34283.0
2868 34283.0
2869 34283.0
2870 34283.0
2871 34283.0
2872 34283.0
2873 34283.0
2874 34283.0
2875 34283.0
2876 34283.0
2877 34283.0
2878 34283.0
2879 34283.0
2880 34283.0
2881 34283.0
2882 34283.0
2883 34283.0
2884 34283.0
2885 34283.0
2886 34283.0
2887 34283.0
2888 34283.0
2889 34283.0
2890 34283.0
2891 34283.0
2892 34283.0
2893 34283.0
2894 34283.0
2895 34283.0
2896 34283.0
2897 34283.0
2898 34283.0
2899 34283.0
2900 34283.0
2901 34283.0
2902 34283.0
2903 34283.0
2904 34283.0
2905 34283.0
2906 34283.0
2907 34283.0
2908 34283.0
2909 34283.0
2910 34283.0
2911 34283.0
2912 34283.0
2913 34283.0
2914 34283.0
2915 34283.0
2916 34283.0
2917 34283.0
2918 34283.0
2919 34283.0
2920 34283.0
2921 34283.0
2922 34283.0
2923 34283.0
2924 34283.0
2925 34283.0
2926 34283.0
2927 34283.0
2928 34283.0
2929 34283.0
2930 34283.0
2931 34283.0
2932 34283.0
2933 34283.0
2934 34283.0
2935 34283.0
2936 34283.0
2937 34283.0
2938 34283.0
2939 34283.0
2940 34283.0
2941 34283.0
2942 34283.0
2943 34283.0
2944 34283.0
2945 34283.0
2946 34283.0
2947 34283.0
2948 34283.0
2949 34283.0
2950 34283.0
2951 34283.0
2952 34283.0
2953 34283.0
2954 34283.0
2955 34283.0
2956 34283.0
2957 34283.0
2958 34283.0
2959 34283.0
2960 34283.0
2961 34283.0
2962 34283.0
2963 34283.0
2964 34283.0
2965 34283.0
2966 34283.0
2967 34283.0
2968 34283.0
2969 34283.0
2970 34283.0
2971 34283.0
2972 34283.0
2973 34283.0
2974 34283.0
2975 34283.0
2976 34283.0
2977 34283.0
2978 34283.0
2979 34283.0
2980 34283.0
2981 34283.0
2982 34283.0
2983 34283.0
2984 34283.0
2985 34283.0
2986 34283.0
2987 34283.0
2988 34283.0
2989 34283.0
2990 34283.0
2991 34283.0
2992 34283.0
2993 34283.0
2994 34283.0
2995 34283.0
2996 34283.0
2997 34283.0
2998 34283.0
2999 34283.0
3000 34283.0
3001 34283.0
3002 34283.0
3003 34283.0
3004 34283.0
3005 34283.0
3006 34283.0
3007 34283.0
3008 34283.0
3009 34283.0
3010 34283.0
3011 34283.0
3012 34283.0
3013 34283.0
3014 34283.0
3015 34283.0
3016 34283.0
3017 34283.0
3018 34283.0
3019 34283.0
3020 34283.0
3021 34283.0
3022 34283.0
3023 34283.0
3024 34283.0
3025 34283.0
3026 34283.0
3027 34283.0
3028 34283.0
3029 34283.0
3030 34283.0
3031 34283.0
3032 34283.0
3033 34283.0
3034 34283.0
3035 34283.0
3036 34283.0
3037 34283.0
3038 34283.0
3039 34283.0
3040 34283.0
3041 34283.0
3042 34283.0
3043 34283.0
3044 34283.0
3045 34283.0
3046 34283.0
3047 34283.0
3048 34283.0
3049 34283.0
3050 34283.0
3051 34283.0
3052 34283.0
3053 34283.0
3054 34283.0
3055 34283.0
3056 34283.0
3057 34283.0
3058 34283.0
3059 34283.0
3060 34283.0
3061 34283.0
3062 34283.0
3063 34283.0
3064 34283.0
3065 34283.0
3066 34283.0
3067 34283.0
3068 34283.0
3069 34283.0
3070 34283.0
3071 34283.0
3072 34283.0
3073 34283.0
3074 34283.0
3075 34283.0
3076 34283.0
3077 34283.0
3078 34283.0
3079 34283.0
3080 34283.0
3081 34283.0
3082 34283.0
3083 34283.0
3084 34283.0
3085 34283.0
3086 34283.0
3087 34283.0
3088 34283.0
3089 34283.0
3090 34283.0
3091 34283.0
3092 34283.0
3093 34283.0
3094 34283.0
3095 34283.0
3096 34283.0
3097 34283.0
3098 34283.0
3099 34283.0
3100 34283.0
3101 34283.0
3102 34283.0
3103 34283.0
3104 34283.0
3105 34283.0
3106 34283.0
3107 34283.0
3108 34283.0
3109 34283.0
3110 34283.0
3111 34283.0
3112 34283.0
3113 34283.0
3114 34283.0
3115 34283.0
3116 34283.0
3117 34283.0
3118 34283.0
3119 34283.0
3120 34283.0
3121 34283.0
3122 34283.0
3123 34283.0
3124 34283.0
3125 34283.0
3126 34283.0
3127 34283.0
3128 34283.0
3129 34283.0
3130 34283.0
3131 34283.0
3132 34283.0
3133 34283.0
3134 34283.0
3135 34283.0
3136 34283.0
3137 34283.0
3138 34283.0
3139 34283.0
3140 34283.0
3141 34283.0
3142 34283.0
3143 34283.0
3144 34283.0
3145 34283.0
3146 34283.0
3147 34283.0
3148 34283.0
3149 34283.0
3150 34283.0
3151 34283.0
3152 34283.0
3153 34283.0
3154 34283.0
3155 34283.0
3156 34283.0
3157 34283.0
3158 34283.0
3159 34283.0
3160 34283.0
3161 34283.0
3162 34283.0
3163 34283.0
3164 34283.0
3165 34283.0
3166 34283.0
3167 34283.0
3168 34283.0
3169 34283.0
3170 34283.0
3171 34283.0
3172 34283.0
3173 34283.0
3174 34283.0
3175 34283.0
3176 34283.0
3177 34283.0
3178 34283.0
3179 34283.0
3180 34283.0
3181 34283.0
3182 34283.0
3183 34283.0
3184 34283.0
3185 34283.0
3186 34283.0
3187 34283.0
3188 34283.0
3189 34283.0
3190 34283.0
3191 34283.0
3192 34283.0
3193 34283.0
3194 34283.0
3195 34283.0
3196 34283.0
3197 34283.0
3198 34283.0
3199 34283.0
3200 34283.0
3201 34283.0
3202 34283.0
3203 34283.0
3204 34283.0
3205 34283.0
3206 34283.0
3207 34283.0
3208 34283.0
3209 34283.0
3210 34283.0
3211 34283.0
3212 34283.0
3213 34283.0
3214 34283.0
3215 34283.0
3216 34283.0
3217 34283.0
3218 34283.0
3219 34283.0
3220 34283.0
3221 34283.0
3222 34283.0
3223 34283.0
3224 34283.0
3225 34283.0
3226 34283.0
3227 34283.0
3228 34283.0
3229 34283.0
3230 34283.0
3231 34283.0
3232 34283.0
3233 34283.0
3234 34283.0
3235 34283.0
3236 34283.0
3237 34283.0
3238 34283.0
3239 34283.0
3240 34283.0
3241 34283.0
3242 34283.0
3243 34283.0
3244 34283.0
3245 34283.0
3246 34283.0
3247 34283.0
3248 34283.0
3249 34283.0
3250 34283.0
3251 34283.0
3252 34283.0
3253 34283.0
3254 34283.0
3255 34283.0
3256 34283.0
3257 34283.0
3258 34283.0
3259 34283.0
3260 34283.0
3261 34283.0
3262 34283.0
3263 34283.0
3264 34283.0
3265 34283.0
3266 34283.0
3267 34283.0
3268 34283.0
3269 34283.0
3270 34283.0
3271 34283.0
3272 34283.0
3273 34283.0
3274 34283.0
3275 34283.0
3276 34283.0
3277 34283.0
3278 34283.0
3279 34283.0
3280 34283.0
3281 34283.0
3282 34283.0
3283 34283.0
3284 34283.0
3285 34283.0
3286 34283.0
3287 34283.0
3288 34283.0
3289 34283.0
3290 34283.0
3291 34283.0
3292 34283.0
3293 34283.0
3294 34283.0
3295 34283.0
3296 34283.0
3297 34283.0
3298 34283.0
3299 34283.0
3300 34283.0
3301 34283.0
3302 34283.0
3303 34283.0
3304 34283.0
3305 34283.0
3306 34283.0
3307 34283.0
3308 34283.0
3309 34283.0
3310 34283.0
3311 34283.0
3312 34283.0
3313 34283.0
3314 34283.0
3315 34283.0
3316 34283.0
3317 34283.0
3318 34283.0
3319 34283.0
3320 34283.0
3321 34283.0
3322 34283.0
3323 34283.0
3324 34283.0
3325 34283.0
3326 34283.0
3327 34283.0
3328 34283.0
3329 34283.0
3330 34283.0
3331 34283.0
3332 34283.0
3333 34283.0
3334 34283.0
3335 34283.0
3336 34283.0
3337 34283.0
3338 34283.0
3339 34283.0
3340 34283.0
3341 34283.0
3342 34283.0
3343 34283.0
3344 34283.0
3345 34283.0
3346 34283.0
3347 34283.0
3348 34283.0
3349 34283.0
3350 34283.0
3351 34283.0
3352 34283.0
3353 34283.0
3354 34283.0
3355 34283.0
3356 34283.0
3357 34283.0
3358 34283.0
3359 34283.0
3360 34283.0
3361 34283.0
3362 34283.0
3363 34283.0
3364 34283.0
3365 34283.0
3366 34283.0
3367 34283.0
3368 34283.0
3369 34283.0
3370 34283.0
3371 34283.0
3372 34283.0
3373 34283.0
3374 34283.0
3375 34283.0
3376 34283.0
3377 34283.0
3378 34283.0
3379 34283.0
3380 34283.0
3381 34283.0
3382 34283.0
3383 34283.0
3384 34283.0
3385 34283.0
3386 34283.0
3387 34283.0
3388 34283.0
3389 34283.0
3390 34283.0
3391 34283.0
3392 34283.0
3393 34283.0
3394 34283.0
3395 34283.0
3396 34283.0
3397 34283.0
3398 34283.0
3399 34283.0
3400 34283.0
3401 34283.0
3402 34283.0
3403 34283.0
3404 34283.0
3405 34283.0
3406 34283.0
3407 34283.0
3408 34283.0
3409 34283.0
3410 34283.0
3411 34283.0
3412 34283.0
3413 34283.0
3414 34283.0
3415 34283.0
3416 34283.0
3417 34283.0
3418 34283.0
3419 34283.0
3420 34283.0
3421 34283.0
3422 34283.0
3423 34283.0
3424 34283.0
3425 34283.0
3426 34283.0
3427 34283.0
3428 34283.0
3429 34283.0
3430 34283.0
3431 34283.0
3432 34283.0
3433 34283.0
3434 34283.0
3435 34283.0
3436 34283.0
3437 34283.0
3438 34283.0
3439 34283.0
3440 34283.0
3441 34283.0
3442 34283.0
3443 34283.0
3444 34283.0
3445 34283.0
3446 34283.0
3447 34283.0
3448 34283.0
3449 34283.0
3450 34283.0
3451 34283.0
3452 34283.0
3453 34283.0
3454 34283.0
3455 34283.0
3456 34283.0
3457 34283.0
3458 34283.0
3459 34283.0
3460 34283.0
3461 34283.0
3462 34283.0
3463 34283.0
3464 34283.0
3465 34283.0
3466 34283.0
3467 34283.0
3468 34283.0
3469 34283.0
3470 34283.0
3471 34283.0
3472 34283.0
3473 34283.0
3474 34283.0
3475 34283.0
3476 34283.0
3477 34283.0
3478 34283.0
3479 34283.0
3480 34283.0
3481 34283.0
3482 34283.0
3483 34283.0
3484 34283.0
3485 34283.0
3486 34283.0
3487 34283.0
3488 34283.0
3489 34283.0
3490 34283.0
3491 34283.0
3492 34283.0
3493 34283.0
3494 34283.0
3495 34283.0
3496 34283.0
3497 34283.0
3498 34283.0
3499 34283.0
3500 34283.0
3501 34283.0
3502 34283.0
3503 34283.0
3504 34283.0
3505 34283.0
3506 34283.0
3507 34283.0
3508 34283.0
3509 34283.0
3510 34283.0
3511 34283.0
3512 34283.0
3513 34283.0
3514 34283.0
3515 34283.0
3516 34283.0
3517 34283.0
3518 34283.0
3519 34283.0
3520 34283.0
3521 34283.0
3522 34283.0
3523 34283.0
3524 34283.0
3525 34283.0
3526 34283.0
3527 34283.0
3528 34283.0
3529 34283.0
3530 34283.0
3531 34283.0
3532 34283.0
3533 34283.0
3534 34283.0
3535 34283.0
3536 34283.0
3537 34283.0
3538 34283.0
3539 34283.0
3540 34283.0
3541 34283.0
3542 34283.0
3543 34283.0
3544 34283.0
3545 34283.0
3546 34283.0
3547 34283.0
3548 34283.0
3549 32745.0
3550 32745.0
3551 32745.0
3552 32745.0
3553 32745.0
3554 32745.0
3555 32745.0
3556 32745.0
3557 32745.0
3558 32745.0
3559 32745.0
3560 32745.0
3561 32745.0
3562 32745.0
3563 32745.0
3564 32745.0
3565 32745.0
3566 32745.0
3567 32745.0
3568 32745.0
3569 32745.0
3570 32745.0
3571 32745.0
3572 32745.0
3573 32745.0
3574 32745.0
3575 32745.0
3576 32745.0
3577 32745.0
3578 32745.0
3579 32745.0
3580 32745.0
3581 32745.0
3582 32745.0
3583 32745.0
3584 32745.0
3585 32745.0
3586 32745.0
3587 32745.0
3588 32745.0
3589 32745.0
3590 32745.0
3591 32745.0
3592 32745.0
3593 32745.0
3594 32745.0
3595 32745.0
3596 32745.0
3597 32745.0
3598 32745.0
3599 32745.0
3600 32745.0
3601 32745.0
3602 32745.0
3603 32745.0
3604 32745.0
3605 32745.0
3606 32745.0
3607 32745.0
3608 32745.0
3609 32745.0
3610 32745.0
3611 32745.0
3612 32745.0
3613 32745.0
3614 32745.0
3615 32745.0
3616 32745.0
3617 32745.0
3618 32745.0
3619 32745.0
3620 32745.0
3621 32745.0
3622 32745.0
3623 32745.0
3624 32745.0
3625 32745.0
3626 32745.0
3627 32745.0
3628 32745.0
3629 32745.0
3630 32745.0
3631 32745.0
3632 32745.0
3633 32745.0
3634 32745.0
3635 32745.0
3636 32745.0
3637 32745.0
3638 32745.0
3639 32745.0
3640 32745.0
3641 32745.0
3642 32745.0
3643 32745.0
3644 32745.0
3645 32745.0
3646 32745.0
3647 32745.0
3648 32745.0
3649 32745.0
3650 32745.0
3651 32745.0
3652 32745.0
3653 32745.0
3654 32745.0
3655 32745.0
3656 32745.0
3657 32745.0
3658 32745.0
3659 32745.0
3660 32745.0
3661 32745.0
3662 32745.0
3663 32745.0
3664 32745.0
3665 32745.0
3666 32745.0
3667 32745.0
3668 32745.0
3669 32745.0
3670 32745.0
3671 32745.0
3672 32745.0
3673 32745.0
3674 32745.0
3675 32745.0
3676 32745.0
3677 32745.0
3678 32745.0
3679 32745.0
3680 32745.0
3681 32745.0
3682 32745.0
3683 32745.0
3684 32745.0
3685 32745.0
3686 32745.0
3687 32745.0
3688 32745.0
3689 32745.0
3690 32745.0
3691 32745.0
3692 32745.0
3693 32745.0
3694 32745.0
3695 32745.0
3696 32745.0
3697 32745.0
3698 32745.0
3699 32745.0
3700 32745.0
3701 32745.0
3702 32745.0
3703 32745.0
3704 32745.0
3705 32745.0
3706 32745.0
3707 32745.0
3708 32745.0
3709 32745.0
3710 32745.0
3711 32745.0
3712 32745.0
3713 32745.0
3714 32745.0
3715 32745.0
3716 32745.0
3717 32745.0
3718 32745.0
3719 32745.0
3720 32745.0
3721 32745.0
3722 32745.0
3723 32745.0
3724 32745.0
3725 32745.0
3726 32745.0
3727 32745.0
3728 32745.0
3729 32745.0
3730 32745.0
3731 32745.0
3732 32745.0
3733 32745.0
3734 32745.0
3735 32745.0
3736 32745.0
3737 32745.0
3738 32745.0
3739 32745.0
3740 32745.0
3741 32745.0
3742 32745.0
3743 32745.0
3744 32745.0
3745 32745.0
3746 32745.0
3747 32745.0
3748 32745.0
3749 32745.0
3750 32745.0
3751 32745.0
3752 32745.0
3753 32745.0
3754 32745.0
3755 32745.0
3756 32745.0
3757 32745.0
3758 32745.0
3759 32745.0
3760 32745.0
3761 32745.0
3762 32745.0
3763 32745.0
3764 32745.0
3765 32745.0
3766 32745.0
3767 32745.0
3768 32745.0
3769 32745.0
3770 32745.0
3771 32745.0
3772 32745.0
3773 32745.0
3774 32745.0
3775 32745.0
3776 32745.0
3777 32745.0
3778 32745.0
3779 32745.0
3780 32745.0
3781 32745.0
3782 32745.0
3783 32745.0
3784 32745.0
3785 32745.0
3786 32745.0
3787 32745.0
3788 32745.0
3789 32745.0
3790 32745.0
3791 32745.0
3792 32745.0
3793 32745.0
3794 32745.0
3795 32745.0
3796 32745.0
3797 32745.0
3798 32745.0
3799 32745.0
3800 32745.0
3801 32745.0
3802 32745.0
3803 32745.0
3804 32745.0
3805 32745.0
3806 32745.0
3807 32745.0
3808 32745.0
3809 32745.0
3810 32745.0
3811 32745.0
3812 32745.0
3813 32745.0
3814 32745.0
3815 32745.0
3816 32745.0
3817 32745.0
3818 32745.0
3819 32745.0
3820 32745.0
3821 32745.0
3822 32745.0
3823 32745.0
3824 32745.0
3825 32745.0
3826 32745.0
3827 32745.0
3828 32745.0
3829 32745.0
3830 32745.0
3831 32745.0
3832 32745.0
3833 32745.0
3834 32745.0
3835 32745.0
3836 32745.0
3837 32745.0
3838 32745.0
3839 32745.0
3840 32745.0
3841 32745.0
3842 32745.0
3843 32745.0
3844 32745.0
3845 32745.0
3846 32745.0
3847 32745.0
3848 32745.0
3849 32745.0
3850 32745.0
3851 32745.0
3852 32745.0
3853 32745.0
3854 32745.0
3855 32745.0
3856 32745.0
3857 32745.0
3858 32745.0
3859 32745.0
3860 32745.0
3861 32745.0
3862 32745.0
3863 32745.0
3864 32745.0
3865 32745.0
3866 32745.0
3867 32745.0
3868 32745.0
3869 32745.0
3870 32745.0
3871 32745.0
3872 32745.0
3873 32745.0
3874 32745.0
3875 32745.0
3876 32745.0
3877 32745.0
3878 32745.0
3879 32745.0
3880 32745.0
3881 32745.0
3882 32745.0
3883 32745.0
3884 32745.0
3885 32745.0
3886 32745.0
3887 32745.0
3888 32745.0
3889 32745.0
3890 32745.0
3891 32745.0
3892 32745.0
3893 32745.0
3894 32745.0
3895 32745.0
3896 32745.0
3897 32745.0
3898 32745.0
3899 32745.0
3900 32745.0
3901 32745.0
3902 32745.0
3903 32745.0
3904 32745.0
3905 32745.0
3906 32745.0
3907 32745.0
3908 32745.0
3909 32745.0
3910 32745.0
3911 32745.0
3912 32745.0
3913 32745.0
3914 32745.0
3915 32745.0
3916 32745.0
3917 32745.0
3918 32745.0
3919 32745.0
3920 32745.0
3921 32745.0
3922 32745.0
3923 32745.0
3924 32745.0
3925 32745.0
3926 32745.0
3927 32745.0
3928 32745.0
3929 32745.0
3930 32745.0
3931 32745.0
3932 32745.0
3933 32745.0
3934 32745.0
3935 32745.0
3936 32745.0
3937 32745.0
3938 32745.0
3939 32745.0
3940 32745.0
3941 32745.0
3942 32745.0
3943 32745.0
3944 32745.0
3945 32745.0
3946 32745.0
3947 32745.0
3948 32745.0
3949 32745.0
3950 32745.0
3951 32745.0
3952 32745.0
3953 32745.0
3954 32745.0
3955 32745.0
3956 32745.0
3957 32745.0
3958 32745.0
3959 32745.0
3960 32745.0
3961 32745.0
3962 32745.0
3963 32745.0
3964 32745.0
3965 32745.0
3966 32745.0
3967 32745.0
3968 32745.0
3969 32745.0
3970 32745.0
3971 32745.0
3972 32745.0
3973 32745.0
3974 32745.0
3975 32745.0
3976 32745.0
3977 32745.0
3978 32745.0
3979 32745.0
3980 32745.0
3981 32745.0
3982 32745.0
3983 32745.0
3984 32745.0
3985 32745.0
3986 32745.0
3987 32745.0
3988 32745.0
3989 32745.0
3990 32745.0
3991 32745.0
3992 32745.0
3993 32745.0
3994 32745.0
3995 32745.0
3996 32745.0
3997 32745.0
3998 32745.0
3999 32745.0
4000 32745.0
4001 32745.0
4002 32745.0
4003 32745.0
4004 32745.0
4005 32745.0
4006 32745.0
4007 32745.0
4008 32745.0
4009 32745.0
4010 32745.0
4011 32745.0
4012 32745.0
4013 32745.0
4014 32745.0
4015 32745.0
4016 32745.0
4017 32745.0
4018 32745.0
4019 32745.0
4020 32745.0
4021 32745.0
4022 32745.0
4023 32745.0
4024 32745.0
4025 32745.0
4026 32745.0
4027 32745.0
4028 32745.0
4029 32745.0
4030 32745.0
4031 32745.0
4032 32745.0
4033 32745.0
4034 32745.0
4035 32745.0
4036 32745.0
4037 32745.0
4038 32745.0
4039 32745.0
4040 32745.0
4041 32745.0
4042 32745.0
4043 32745.0
4044 32745.0
4045 32745.0
4046 32745.0
4047 32745.0
4048 32745.0
4049 32745.0
4050 32745.0
4051 32745.0
4052 32745.0
4053 32745.0
4054 32745.0
4055 32745.0
4056 32745.0
4057 32745.0
4058 32745.0
4059 32745.0
4060 32745.0
4061 32745.0
4062 32745.0
4063 32745.0
4064 32745.0
4065 32745.0
4066 32745.0
4067 32745.0
4068 32745.0
4069 32745.0
4070 32745.0
4071 32745.0
4072 32745.0
4073 32745.0
4074 32745.0
4075 32745.0
4076 32745.0
4077 32745.0
4078 32745.0
4079 32745.0
4080 32745.0
4081 32745.0
4082 32745.0
4083 32745.0
4084 32745.0
4085 32745.0
4086 32745.0
4087 32745.0
4088 32745.0
4089 32745.0
4090 32745.0
4091 32745.0
4092 32745.0
4093 32745.0
4094 32745.0
4095 32745.0
4096 32745.0
4097 32745.0
4098 32745.0
4099 32745.0
4100 32745.0
4101 32745.0
4102 32745.0
4103 32745.0
4104 32745.0
4105 32745.0
4106 32745.0
4107 32745.0
4108 32745.0
4109 32745.0
4110 32745.0
4111 32745.0
4112 32745.0
4113 32745.0
4114 32745.0
4115 32745.0
4116 32745.0
4117 32745.0
4118 32745.0
4119 32745.0
4120 32745.0
4121 32745.0
4122 32745.0
4123 32745.0
4124 32745.0
4125 32745.0
4126 32745.0
4127 32745.0
4128 32745.0
4129 32745.0
4130 32745.0
4131 32745.0
4132 32745.0
4133 32745.0
4134 32745.0
4135 32745.0
4136 32745.0
4137 32745.0
4138 32745.0
4139 32745.0
4140 32745.0
4141 32745.0
4142 32745.0
4143 32745.0
4144 32745.0
4145 32745.0
4146 32745.0
4147 32745.0
4148 32745.0
4149 32745.0
4150 32745.0
4151 32745.0
4152 32745.0
4153 32745.0
4154 32745.0
4155 32745.0
4156 32745.0
4157 32745.0
4158 32745.0
4159 32745.0
4160 32745.0
4161 32745.0
4162 32745.0
4163 32745.0
4164 32745.0
4165 32745.0
4166 32745.0
4167 32745.0
4168 32745.0
4169 32745.0
4170 32745.0
4171 32745.0
4172 32745.0
4173 32745.0
4174 32745.0
4175 32745.0
4176 32745.0
4177 32745.0
4178 32745.0
4179 32745.0
4180 32745.0
4181 32745.0
4182 32745.0
4183 32745.0
4184 32745.0
4185 32745.0
4186 32745.0
4187 32745.0
4188 32745.0
4189 32745.0
4190 32745.0
4191 32745.0
4192 32745.0
4193 32745.0
4194 32745.0
4195 32745.0
4196 32745.0
4197 32745.0
4198 32745.0
4199 32745.0
4200 32745.0
4201 32745.0
4202 32745.0
4203 32745.0
4204 32745.0
4205 32745.0
4206 32745.0
4207 32745.0
4208 32745.0
4209 32745.0
4210 32745.0
4211 32745.0
4212 32745.0
4213 32745.0
4214 32745.0
4215 32745.0
4216 32745.0
4217 32745.0
4218 32745.0
4219 32745.0
4220 32745.0
4221 32745.0
4222 32745.0
4223 32745.0
4224 32745.0
4225 32745.0
4226 32745.0
4227 32745.0
4228 32745.0
4229 32745.0
4230 32745.0
4231 32745.0
4232 32745.0
4233 32745.0
4234 32745.0
4235 32745.0
4236 32745.0
4237 32745.0
4238 32745.0
4239 32745.0
4240 32745.0
4241 32745.0
4242 32745.0
4243 32745.0
4244 32745.0
4245 32745.0
4246 32745.0
4247 32745.0
4248 32745.0
4249 32745.0
4250 32745.0
4251 32745.0
4252 32745.0
4253 32745.0
4254 32745.0
4255 32745.0
4256 32745.0
4257 32745.0
4258 32745.0
4259 32745.0
4260 32745.0
4261 32745.0
4262 32745.0
4263 32745.0
4264 32745.0
4265 32745.0
4266 32745.0
4267 32745.0
4268 32745.0
4269 32745.0
4270 32745.0
4271 32745.0
4272 32745.0
4273 32745.0
4274 32745.0
4275 32745.0
4276 32745.0
4277 32745.0
4278 32745.0
4279 32745.0
4280 32745.0
4281 32745.0
4282 32745.0
4283 32745.0
4284 32745.0
4285 32745.0
4286 32745.0
4287 32745.0
4288 32745.0
4289 32745.0
4290 32745.0
4291 32745.0
4292 32745.0
4293 32745.0
4294 32745.0
4295 32745.0
4296 32745.0
4297 32745.0
4298 32745.0
4299 32745.0
4300 32745.0
4301 32745.0
4302 32745.0
4303 32745.0
4304 32745.0
4305 32745.0
4306 32745.0
4307 32745.0
4308 32745.0
4309 32745.0
4310 32745.0
4311 32745.0
4312 32745.0
4313 32745.0
4314 32745.0
4315 32745.0
4316 32745.0
4317 32745.0
4318 32745.0
4319 32745.0
4320 32745.0
4321 32745.0
4322 32745.0
4323 32745.0
4324 32745.0
4325 32745.0
4326 32745.0
4327 32745.0
4328 32745.0
4329 32745.0
4330 32745.0
4331 32745.0
4332 32745.0
4333 32745.0
4334 32745.0
4335 32745.0
4336 32745.0
4337 32745.0
4338 32745.0
4339 32745.0
4340 32745.0
4341 32745.0
4342 32745.0
4343 32745.0
4344 32745.0
4345 32745.0
4346 32745.0
4347 32745.0
4348 32745.0
4349 32745.0
4350 32745.0
4351 32745.0
4352 32745.0
4353 32745.0
4354 32745.0
4355 32745.0
4356 32745.0
4357 32745.0
4358 32745.0
4359 32745.0
4360 32745.0
4361 32745.0
4362 32745.0
4363 32745.0
4364 32745.0
4365 32745.0
4366 32745.0
4367 32745.0
4368 32745.0
4369 32745.0
4370 32745.0
4371 32745.0
4372 32745.0
4373 32745.0
4374 32745.0
4375 32745.0
4376 32745.0
4377 32745.0
4378 32745.0
4379 32745.0
4380 32745.0
4381 32745.0
4382 32745.0
4383 32745.0
4384 32745.0
4385 32745.0
4386 32745.0
4387 32745.0
4388 32745.0
4389 32745.0
4390 32745.0
4391 32745.0
4392 32745.0
4393 32745.0
4394 32745.0
4395 32745.0
4396 32745.0
4397 32745.0
4398 32745.0
4399 32745.0
4400 32745.0
4401 32745.0
4402 32745.0
4403 32745.0
4404 32745.0
4405 32745.0
4406 32745.0
4407 32745.0
4408 32745.0
4409 32745.0
4410 32745.0
4411 32745.0
4412 32745.0
4413 32745.0
4414 32745.0
4415 32745.0
4416 32745.0
4417 32745.0
4418 32745.0
4419 32745.0
4420 32745.0
4421 32745.0
4422 32745.0
4423 32745.0
4424 32745.0
4425 32745.0
4426 32745.0
4427 32745.0
4428 32745.0
4429 32745.0
4430 32745.0
4431 32745.0
4432 32745.0
4433 32745.0
4434 32745.0
4435 32745.0
4436 32745.0
4437 32745.0
4438 32745.0
4439 32745.0
4440 32745.0
4441 32745.0
4442 32745.0
4443 32745.0
4444 32745.0
4445 32745.0
4446 32745.0
4447 32745.0
4448 32745.0
4449 32745.0
4450 32745.0
4451 32745.0
4452 32745.0
4453 32745.0
4454 32745.0
4455 32745.0
4456 32745.0
4457 32745.0
4458 32745.0
4459 32745.0
4460 32745.0
4461 32745.0
4462 32745.0
4463 32745.0
4464 32745.0
4465 32745.0
4466 32745.0
4467 32745.0
4468 32745.0
4469 32745.0
4470 32745.0
4471 32745.0
4472 32745.0
4473 32745.0
4474 32745.0
4475 32745.0
4476 32745.0
4477 32745.0
4478 32745.0
4479 32745.0
4480 32745.0
4481 32745.0
4482 32745.0
4483 32745.0
4484 32745.0
4485 32745.0
4486 32745.0
4487 32745.0
4488 32745.0
4489 32745.0
4490 32745.0
4491 32745.0
4492 32745.0
4493 32745.0
4494 32745.0
4495 32745.0
4496 32745.0
4497 32745.0
4498 32745.0
4499 32745.0
4500 32745.0
4501 32745.0
4502 32745.0
4503 32745.0
4504 32745.0
4505 32745.0
4506 32745.0
4507 32745.0
4508 32745.0
4509 32745.0
4510 32745.0
4511 32745.0
4512 32745.0
4513 32745.0
4514 32745.0
4515 32745.0
4516 32745.0
4517 32745.0
4518 32745.0
4519 32745.0
4520 32745.0
4521 32745.0
4522 32745.0
4523 32745.0
4524 32745.0
4525 32745.0
4526 32745.0
4527 32745.0
4528 32745.0
4529 32745.0
4530 32745.0
4531 32745.0
4532 32745.0
4533 32745.0
4534 32745.0
4535 32745.0
4536 32745.0
4537 32745.0
4538 32745.0
4539 32745.0
4540 32745.0
4541 32745.0
4542 32745.0
4543 32745.0
4544 32745.0
4545 32745.0
4546 32745.0
4547 32745.0
4548 32745.0
4549 32745.0
4550 32745.0
4551 32745.0
4552 32745.0
4553 32745.0
4554 32745.0
4555 32745.0
4556 32745.0
4557 32745.0
4558 32745.0
4559 32745.0
4560 32745.0
4561 32745.0
4562 32745.0
4563 32745.0
4564 32745.0
4565 32745.0
4566 32745.0
4567 32745.0
4568 32745.0
4569 32745.0
4570 32745.0
4571 32745.0
4572 32745.0
4573 32745.0
4574 32745.0
4575 32745.0
4576 32745.0
4577 32745.0
4578 32745.0
4579 32745.0
4580 32745.0
4581 32745.0
4582 32745.0
4583 32745.0
4584 32745.0
4585 32745.0
4586 32745.0
4587 32745.0
4588 32745.0
4589 32745.0
4590 32745.0
4591 32745.0
4592 32745.0
4593 32745.0
4594 32745.0
4595 32745.0
4596 32745.0
4597 32745.0
4598 32745.0
4599 32745.0
4600 32745.0
4601 32745.0
4602 32745.0
4603 32745.0
4604 32745.0
4605 32745.0
4606 32745.0
4607 32745.0
4608 32745.0
4609 32745.0
4610 32745.0
4611 32745.0
4612 32745.0
4613 32745.0
4614 32745.0
4615 32745.0
4616 32745.0
4617 32745.0
4618 32745.0
4619 32745.0
4620 32745.0
4621 32745.0
4622 32745.0
4623 32745.0
4624 32745.0
4625 32745.0
4626 32745.0
4627 32745.0
4628 32745.0
4629 32745.0
4630 32745.0
4631 32745.0
4632 32745.0
4633 32745.0
4634 32745.0
4635 32745.0
4636 32745.0
4637 32745.0
4638 32745.0
4639 32745.0
4640 32745.0
4641 32745.0
4642 32745.0
4643 32745.0
4644 32745.0
4645 32745.0
4646 32745.0
4647 32745.0
4648 32745.0
4649 32745.0
4650 32745.0
4651 32745.0
4652 32745.0
4653 32745.0
4654 32745.0
4655 32745.0
4656 32745.0
4657 32745.0
4658 32745.0
4659 32745.0
4660 32745.0
4661 32745.0
4662 32745.0
4663 32745.0
4664 32745.0
4665 32745.0
4666 32745.0
4667 32745.0
4668 32745.0
4669 32745.0
4670 32745.0
4671 32745.0
4672 32745.0
4673 32745.0
4674 32745.0
4675 32745.0
4676 32745.0
4677 32745.0
4678 32745.0
4679 32745.0
4680 32745.0
4681 32745.0
4682 32745.0
4683 32745.0
4684 32745.0
4685 32745.0
4686 32745.0
4687 32745.0
4688 32745.0
4689 32745.0
4690 32745.0
4691 32745.0
4692 32745.0
4693 32745.0
4694 32745.0
4695 32745.0
4696 32745.0
4697 32745.0
4698 32745.0
4699 32745.0
4700 32745.0
4701 32745.0
4702 32745.0
4703 32745.0
4704 32745.0
4705 32745.0
4706 32745.0
4707 32745.0
4708 32745.0
4709 32745.0
4710 32745.0
4711 32745.0
4712 32745.0
4713 32745.0
4714 32745.0
4715 32745.0
4716 32745.0
4717 32745.0
4718 32745.0
4719 32745.0
4720 32745.0
4721 32745.0
4722 32745.0
4723 32745.0
4724 32745.0
4725 32745.0
4726 32745.0
4727 32745.0
4728 32745.0
4729 32745.0
4730 32745.0
4731 32745.0
4732 32745.0
4733 32745.0
4734 32745.0
4735 32745.0
4736 32745.0
4737 32745.0
4738 32745.0
4739 32745.0
4740 32745.0
4741 32745.0
4742 32745.0
4743 32745.0
4744 32745.0
4745 32745.0
4746 32745.0
4747 32745.0
4748 32745.0
4749 32745.0
4750 32745.0
4751 32745.0
4752 32745.0
4753 32745.0
4754 32745.0
4755 32745.0
4756 32745.0
4757 32745.0
4758 32745.0
4759 32745.0
4760 32745.0
4761 32745.0
4762 32745.0
4763 32745.0
4764 32745.0
4765 32745.0
4766 32745.0
4767 32745.0
4768 32745.0
4769 32745.0
4770 32745.0
4771 32745.0
4772 32745.0
4773 32745.0
4774 32745.0
4775 32745.0
4776 32745.0
4777 32745.0
4778 32745.0
4779 32745.0
4780 32745.0
4781 32745.0
4782 32745.0
4783 32745.0
4784 32745.0
4785 32745.0
4786 32745.0
4787 32745.0
4788 32745.0
4789 32745.0
4790 32745.0
4791 32745.0
4792 32745.0
4793 32745.0
4794 32745.0
4795 32745.0
4796 32745.0
4797 32745.0
4798 32745.0
4799 32745.0
4800 32745.0
4801 32745.0
4802 32745.0
4803 32745.0
4804 32745.0
4805 32745.0
4806 32745.0
4807 32745.0
4808 32745.0
4809 32745.0
4810 32745.0
4811 32745.0
4812 32745.0
4813 32745.0
4814 32745.0
4815 32745.0
4816 32745.0
4817 32745.0
4818 32745.0
4819 32745.0
4820 32745.0
4821 32745.0
4822 32745.0
4823 32745.0
4824 32745.0
4825 32745.0
4826 32745.0
4827 32745.0
4828 32745.0
4829 32745.0
4830 32745.0
4831 32745.0
4832 32745.0
4833 32745.0
4834 32745.0
4835 32745.0
4836 32745.0
4837 32745.0
4838 32745.0
4839 32745.0
4840 32745.0
4841 32745.0
4842 32745.0
4843 32745.0
4844 32745.0
4845 32745.0
4846 32745.0
4847 32745.0
4848 32745.0
4849 32745.0
4850 32745.0
4851 32745.0
4852 32745.0
4853 32745.0
4854 32745.0
4855 32745.0
4856 32745.0
4857 32745.0
4858 32745.0
4859 32745.0
4860 32745.0
4861 32745.0
4862 32745.0
4863 32745.0
4864 32745.0
4865 32745.0
4866 32745.0
4867 32745.0
4868 32745.0
4869 32745.0
4870 32745.0
4871 32745.0
4872 32745.0
4873 32745.0
4874 32745.0
4875 32745.0
4876 32745.0
4877 32745.0
4878 32745.0
4879 32745.0
4880 32745.0
4881 32745.0
4882 32745.0
4883 32745.0
4884 32745.0
4885 32745.0
4886 32745.0
4887 32745.0
4888 32745.0
4889 32745.0
4890 32745.0
4891 32745.0
4892 32745.0
4893 32745.0
4894 32745.0
4895 32745.0
4896 32745.0
4897 32745.0
4898 32745.0
4899 32745.0
4900 32745.0
4901 32745.0
4902 32745.0
4903 32745.0
4904 32745.0
4905 32745.0
4906 32745.0
4907 32745.0
4908 32745.0
4909 32745.0
4910 32745.0
4911 32745.0
4912 32745.0
4913 32745.0
4914 32745.0
4915 32745.0
4916 32745.0
4917 32745.0
4918 32745.0
4919 32745.0
4920 32745.0
4921 32745.0
4922 32745.0
4923 32745.0
4924 32745.0
4925 32745.0
4926 32745.0
4927 32745.0
4928 32745.0
4929 32745.0
4930 32745.0
4931 32745.0
4932 32745.0
4933 32745.0
4934 32745.0
4935 32745.0
4936 32745.0
4937 32745.0
4938 32745.0
4939 32745.0
4940 32745.0
4941 32745.0
4942 32745.0
4943 32745.0
4944 32745.0
4945 32745.0
4946 32745.0
4947 32745.0
4948 32745.0
4949 32745.0
4950 32745.0
4951 32745.0
4952 32745.0
4953 32745.0
4954 32745.0
4955 32745.0
4956 32745.0
4957 32745.0
4958 32745.0
4959 32745.0
4960 32745.0
4961 32745.0
4962 32745.0
4963 32745.0
4964 32745.0
4965 32745.0
4966 32745.0
4967 32745.0
4968 32745.0
4969 32745.0
4970 32745.0
4971 32745.0
4972 32745.0
4973 32745.0
4974 32745.0
4975 32745.0
4976 32745.0
4977 32745.0
4978 32745.0
4979 32745.0
4980 32745.0
4981 32745.0
4982 32745.0
4983 32745.0
4984 32745.0
4985 32745.0
4986 32745.0
4987 32745.0
4988 32745.0
4989 32745.0
4990 32745.0
4991 32745.0
4992 32745.0
4993 32745.0
4994 32745.0
4995 32745.0
4996 32745.0
4997 32745.0
4998 32745.0
4999 32745.0
