0 48828.0
1 48828.0
2 48205.0
3 47895.0
4 47895.0
5 47895.0
6 47895.0
7 47895.0
8 47895.0
9 47895.0
10 47895.0
11 42657.0
12 42657.0
13 42657.0
14 42657.0
15 42657.0
16 42657.0
17 42657.0
18 42657.0
19 42657.0
20 42657.0
21 42657.0
22 42657.0
23 42657.0
24 42657.0
25 42657.0
26 42657.0
27 42657.0
28 42657.0
29 42657.0
30 42657.0
31 42657.0
32 42657.0
33 42657.0
34 42657.0
35 42657.0
36 42657.0
37 42657.0
38 42657.0
39 42657.0
40 42657.0
41 42657.0
42 42657.0
43 41847.0
44 41847.0
45 41847.0
46 41847.0
47 41847.0
48 41847.0
49 41847.0
50 41847.0
51 41847.0
52 41847.0
53 41847.0
54 41847.0
55 41847.0
56 41847.0
57 41847.0
58 41847.0
59 41847.0
60 41847.0
61 41847.0
62 41847.0
63 41847.0
64 41847.0
65 41847.0
66 41847.0
67 41847.0
68 41847.0
69 41847.0
70 41847.0
71 41847.0
72 41847.0
73 41847.0
74 41847.0
75 41847.0
76 41847.0
77 36883.0
78 36883.0
79 36883.0
80 36883.0
81 36883.0
82 36883.0
83 36883.0
84 36883.0
85 36883.0
86 36883.0
87 36883.0
88 36883.0
89 36883.0
90 36883.0
91 36883.0
92 36883.0
93 36883.0
94 36883.0
95 36883.0
96 36883.0
97 36883.0
98 36883.0
99 36883.0
100 36883.0
101 36883.0
102 36883.0
103 36883.0
104 36883.0
105 36883.0
106 36883.0
107 36883.0
108 36883.0
109 36883.0
110 36883.0
111 36883.0
112 36883.0
113 36883.0
114 36883.0
115 36883.0
116 36883.0
117 36883.0
118 36883.0
119 36883.0
120 36883.0
121 36883.0
122 36883.0
123 36883.0
124 36883.0
125 36883.0
126 36883.0
127 36883.0
128 36883.0
129 36883.0
130 36883.0
131 36883.0
132 36883.0
133 36883.0
134 36883.0
135 36883.0
136 36883.0
137 36883.0
138 36883.0
139 36883.0
140 36883.0
141 36883.0
142 36883.0
143 36883.0
144 36883.0
145 36883.0
146 36883.0
147 36883.0
148 36883.0
149 36883.0
150 36883.0
151 36883.0
152 36883.0
153 36883.0
154 36883.0
155 36883.0
156 36883.0
157 36883.0
158 36883.0
159 36883.0
160 36883.0
161 36883.0
162 36883.0
163 36883.0
164 36883.0
165 36883.0
166 36883.0
167 36883.0
168 36883.0
169 36883.0
170 36883.0
171 36883.0
172 36883.0
173 36883.0
174 36883.0
175 36883.0
176 36883.0
177 36883.0
178 36883.0
179 36883.0
180 36883.0
181 36883.0
182 36883.0
183 36883.0
184 36883.0
185 36883.0
186 36883.0
187 36883.0
188 36883.0
189 36883.0
190 36883.0
191 36883.0
192 36883.0
193 36883.0
194 36883.0
195 36883.0
196 36883.0
197 36883.0
198 36883.0
199 36883.0
200 36883.0
201 36883.0
202 36883.0
203 36883.0
204 36883.0
205 36883.0
206 36883.0
207 36883.0
208 36883.0
209 36883.0
210 36883.0
211 36883.0
212 36883.0
213 36883.0
214 36883.0
215 36883.0
216 36883.0
217 36883.0
218 36883.0
219 36883.0
220 36883.0
221 36883.0
222 36883.0
223 36883.0
224 36883.0
225 36883.0
226 36883.0
227 36883.0
228 36883.0
229 36883.0
230 36883.0
231 36883.0
232 36883.0
233 36883.0
234 36883.0
235 36883.0
236 36883.0
237 36883.0
238 36883.0
239 36883.0
240 36883.0
241 36883.0
242 36883.0
243 36883.0
244 36883.0
245 36883.0
246 36883.0
247 36883.0
248 36883.0
249 36883.0
250 36883.0
251 36883.0
252 36883.0
253 36883.0
254 36883.0
255 36883.0
256 36883.0
257 36883.0
258 36883.0
259 36883.0
260 36883.0
261 36883.0
262 36883.0
263 36883.0
264 36883.0
265 36883.0
266 36883.0
267 36883.0
268 36883.0
269 36883.0
270 36883.0
271 36883.0
272 36883.0
273 36883.0
274 36883.0
275 36883.0
276 36883.0
277 36883.0
278 36883.0
279 36883.0
280 36883.0
281 36883.0
282 36883.0
283 36883.0
284 36883.0
285 36883.0
286 36883.0
287 36883.0
288 36883.0
289 36883.0
290 36883.0
291 36883.0
292 36883.0
293 36883.0
294 36883.0
295 36883.0
296 36883.0
297 36883.0
298 36883.0
299 36883.0
300 36883.0
301 36883.0
302 36883.0
303 36883.0
304 36883.0
305 36883.0
306 36883.0
307 36883.0
308 36883.0
309 36883.0
310 36883.0
311 36883.0
312 36883.0
313 36883.0
314 36883.0
315 36883.0
316 36883.0
317 36883.0
318 36883.0
319 36883.0
320 36883.0
321 36883.0
322 36883.0
323 36883.0
324 36883.0
325 36883.0
326 36883.0
327 36883.0
328 36883.0
329 36883.0
330 36883.0
331 36883.0
332 36883.0
333 36883.0
334 36883.0
335 36883.0
336 36883.0
337 36883.0
338 36883.0
339 36883.0
340 36883.0
341 36883.0
342 36883.0
343 36883.0
344 36883.0
345 36883.0
346 36883.0
347 36883.0
348 36883.0
349 36883.0
350 36883.0
351 36883.0
352 36883.0
353 36883.0
354 36883.0
355 36883.0
356 36883.0
357 36883.0
358 36883.0
359 36883.0
360 36883.0
361 36883.0
362 36883.0
363 36883.0
364 36883.0
365 36883.0
366 36883.0
367 36883.0
368 36883.0
369 36883.0
370 36883.0
371 36883.0
372 36073.0
373 36073.0
374 36073.0
375 36073.0
376 36073.0
377 36073.0
378 36073.0
379 36073.0
380 36073.0
381 36073.0
382 36073.0
383 36073.0
384 36073.0
385 36073.0
386 36073.0
387 36073.0
388 36073.0
389 36073.0
390 36073.0
391 36073.0
392 36073.0
393 36073.0
394 36073.0
395 36073.0
396 36073.0
397 36073.0
398 36073.0
399 36073.0
400 36073.0
401 36073.0
402 36073.0
403 36073.0
404 36073.0
405 36073.0
406 36073.0
407 36073.0
408 36073.0
409 36073.0
410 36073.0
411 36073.0
412 36073.0
413 36073.0
414 36073.0
415 36073.0
416 36073.0
417 36073.0
418 36073.0
419 36073.0
420 36073.0
421 36073.0
422 36073.0
423 36073.0
424 36073.0
425 36073.0
426 36073.0
427 36073.0
428 36073.0
429 36073.0
430 36073.0
431 36073.0
432 36073.0
433 36073.0
434 36073.0
435 36073.0
436 36073.0
437 36073.0
438 36073.0
439 36073.0
440 36073.0
441 36073.0
442 36073.0
443 36073.0
444 36073.0
445 36073.0
446 36073.0
447 36073.0
448 36073.0
449 36073.0
450 36073.0
451 36073.0
452 36073.0
453 36073.0
454 36073.0
455 36073.0
456 36073.0
457 36073.0
458 36073.0
459 36073.0
460 36073.0
461 36073.0
462 36073.0
463 36073.0
464 36073.0
465 36073.0
466 36073.0
467 36073.0
468 36073.0
469 36073.0
470 36073.0
471 36073.0
472 36073.0
473 36073.0
474 36073.0
475 36073.0
476 36073.0
477 36073.0
478 36073.0
479 36073.0
480 36073.0
481 36073.0
482 36073.0
483 36073.0
484 36073.0
485 36073.0
486 36073.0
487 36073.0
488 36073.0
489 36073.0
490 36073.0
491 36073.0
492 36073.0
493 36073.0
494 36073.0
495 36073.0
496 36073.0
497 36073.0
498 36073.0
499 36073.0
500 36073.0
501 36073.0
502 36073.0
503 36073.0
504 36073.0
505 36073.0
506 36073.0
507 36073.0
508 36073.0
509 36073.0
510 36073.0
511 36073.0
512 36073.0
513 36073.0
514 36073.0
515 36073.0
516 36073.0
517 36073.0
518 36073.0
519 36073.0
520 36073.0
521 36073.0
522 36073.0
523 36073.0
524 36073.0
525 36073.0
526 36073.0
527 36073.0
528 36073.0
529 36073.0
530 36073.0
531 36073.0
532 36073.0
533 36073.0
534 36073.0
535 36073.0
536 36073.0
537 36073.0
538 36073.0
539 36073.0
540 36073.0
541 36073.0
542 36073.0
543 36073.0
544 36073.0
545 36073.0
546 36073.0
547 36073.0
548 36073.0
549 36073.0
550 36073.0
551 36073.0
552 36073.0
553 36073.0
554 36073.0
555 36073.0
556 36073.0
557 36073.0
558 36073.0
559 36073.0
560 36073.0
561 36073.0
562 36073.0
563 36073.0
564 36073.0
565 36073.0
566 36073.0
567 36073.0
568 36073.0
569 36073.0
570 36073.0
571 36073.0
572 36073.0
573 36073.0
574 36073.0
575 36073.0
576 36073.0
577 36073.0
578 36073.0
579 36073.0
580 36073.0
581 36073.0
582 36073.0
583 36073.0
584 36073.0
585 36073.0
586 36073.0
587 36073.0
588 36073.0
589 36073.0
590 36073.0
591 36073.0
592 36073.0
593 36073.0
594 36073.0
595 36073.0
596 36073.0
597 36073.0
598 36073.0
599 36073.0
600 36073.0
601 36073.0
602 36073.0
603 36073.0
604 36073.0
605 36073.0
606 36073.0
607 36073.0
608 36073.0
609 36073.0
610 36073.0
611 36073.0
612 36073.0
613 36073.0
614 36073.0
615 36073.0
616 36073.0
617 36073.0
618 36073.0
619 36073.0
620 36073.0
621 36073.0
622 36073.0
623 36073.0
624 36073.0
625 36073.0
626 36073.0
627 36073.0
628 36073.0
629 36073.0
630 36073.0
631 36073.0
632 36073.0
633 36073.0
634 36073.0
635 36073.0
636 36073.0
637 36073.0
638 36073.0
639 36073.0
640 36073.0
641 36073.0
642 36073.0
643 36073.0
644 36073.0
645 36073.0
646 36073.0
647 36073.0
648 36073.0
649 36073.0
650 36073.0
651 36073.0
652 36073.0
653 36073.0
654 36073.0
655 36073.0
656 36073.0
657 36073.0
658 36073.0
659 36073.0
660 36073.0
661 36073.0
662 36073.0
663 36073.0
664 36073.0
665 36073.0
666 36073.0
667 36073.0
668 36073.0
669 36073.0
670 36073.0
671 36073.0
672 36073.0
673 36073.0
674 36073.0
675 36073.0
676 36073.0
677 36073.0
678 36073.0
679 36073.0
680 36073.0
681 36073.0
682 36073.0
683 36073.0
684 36073.0
685 36073.0
686 36073.0
687 36073.0
688 36073.0
689 36073.0
690 36073.0
691 36073.0
692 36073.0
693 36073.0
694 36073.0
695 36073.0
696 36073.0
697 36073.0
698 36073.0
699 36073.0
700 36073.0
701 36073.0
702 36073.0
703 36073.0
704 36073.0
705 36073.0
706 36073.0
707 36073.0
708 36073.0
709 36073.0
710 36073.0
711 36073.0
712 36073.0
713 36073.0
714 36073.0
715 36073.0
716 36073.0
717 36073.0
718 36073.0
719 36073.0
720 36073.0
721 36073.0
722 36073.0
723 36073.0
724 36073.0
725 36073.0
726 36073.0
727 36073.0
728 36073.0
729 36073.0
730 36073.0
731 36073.0
732 36073.0
733 36073.0
734 36073.0
735 36073.0
736 36073.0
737 36073.0
738 36073.0
739 36073.0
740 36073.0
741 36073.0
742 36073.0
743 36073.0
744 36073.0
745 36073.0
746 36073.0
747 36073.0
748 36073.0
749 36073.0
750 36073.0
751 36073.0
752 36073.0
753 36073.0
754 36073.0
755 36073.0
756 36073.0
757 36073.0
758 36073.0
759 36073.0
760 36073.0
761 36073.0
762 36073.0
763 36073.0
764 36073.0
765 36073.0
766 36073.0
767 36073.0
768 36073.0
769 36073.0
770 36073.0
771 36073.0
772 36073.0
773 36073.0
774 36073.0
775 36073.0
776 36073.0
777 36073.0
778 36073.0
779 36073.0
780 36073.0
781 36073.0
782 36073.0
783 36073.0
784 36073.0
785 36073.0
786 36073.0
787 36073.0
788 36073.0
789 36073.0
790 36073.0
791 36073.0
792 36073.0
793 36073.0
794 36073.0
795 36073.0
796 36073.0
797 36073.0
798 36073.0
799 36073.0
800 36073.0
801 36073.0
802 36073.0
803 36073.0
804 36073.0
805 36073.0
806 36073.0
807 36073.0
808 36073.0
809 36073.0
810 36073.0
811 36073.0
812 36073.0
813 36073.0
814 36073.0
815 36073.0
816 36073.0
817 36073.0
818 36073.0
819 36073.0
820 36073.0
821 36073.0
822 36073.0
823 36073.0
824 36073.0
825 36073.0
826 36073.0
827 36073.0
828 36073.0
829 36073.0
830 36073.0
831 36073.0
832 36073.0
833 36073.0
834 34764.0
835 34764.0
836 34764.0
837 34764.0
838 34764.0
839 34764.0
840 34764.0
841 34764.0
842 34764.0
843 34764.0
844 34764.0
845 34764.0
846 34764.0
847 34764.0
848 34764.0
849 34764.0
850 34764.0
851 34764.0
852 34764.0
853 34764.0
854 34764.0
855 34764.0
856 34764.0
857 34764.0
858 34764.0
859 34764.0
860 34764.0
861 34764.0
862 34764.0
863 34764.0
864 34764.0
865 34764.0
866 34764.0
867 34764.0
868 34764.0
869 34764.0
870 34764.0
871 34764.0
872 34764.0
873 34764.0
874 34764.0
875 34764.0
876 34764.0
877 34764.0
878 34764.0
879 34764.0
880 34764.0
881 34764.0
882 34764.0
883 34764.0
884 34764.0
885 34764.0
886 34764.0
887 34764.0
888 34764.0
889 34764.0
890 34764.0
891 34764.0
892 34764.0
893 34764.0
894 34764.0
895 34764.0
896 34764.0
897 34764.0
898 34764.0
899 34764.0
900 34764.0
901 34764.0
902 34764.0
903 34764.0
904 34764.0
905 34764.0
906 34764.0
907 34764.0
908 34764.0
909 34764.0
910 34764.0
911 34764.0
912 34764.0
913 34764.0
914 34764.0
915 34764.0
916 34764.0
917 34764.0
918 34764.0
919 34764.0
920 34764.0
921 34764.0
922 34764.0
923 34764.0
924 34764.0
925 34764.0
926 34764.0
927 34764.0
928 34764.0
929 34764.0
930 34764.0
931 34764.0
932 34764.0
933 34764.0
934 34764.0
935 34764.0
936 34764.0
937 34764.0
938 34764.0
939 34764.0
940 34764.0
941 34764.0
942 34764.0
943 34764.0
944 34764.0
945 34764.0
946 34764.0
947 34764.0
948 34764.0
949 34764.0
950 34764.0
951 34764.0
952 34764.0
953 34764.0
954 34764.0
955 34764.0
956 34764.0
957 34764.0
958 34764.0
959 34764.0
960 34764.0
961 34764.0
962 34764.0
963 34764.0
964 34764.0
965 34764.0
966 34764.0
967 34764.0
968 34764.0
969 34764.0
970 34764.0
971 34764.0
972 34764.0
973 34764.0
974 34764.0
975 34764.0
976 34764.0
977 34764.0
978 34764.0
979 34764.0
980 34764.0
981 34764.0
982 34764.0
983 34764.0
984 34764.0
985 34764.0
986 34764.0
987 34764.0
988 34764.0
989 34764.0
990 34764.0
991 34764.0
992 34764.0
993 34764.0
994 34764.0
995 34764.0
996 34764.0
997 34764.0
998 34764.0
999 34764.0
1000 34764.0
1001 34764.0
1002 34764.0
1003 34764.0
1004 34764.0
1005 34764.0
1006 34764.0
1007 34764.0
1008 34764.0
1009 34764.0
1010 34764.0
1011 34764.0
1012 34764.0
1013 34764.0
1014 34764.0
1015 34764.0
1016 34764.0
1017 34764.0
1018 34764.0
1019 34764.0
1020 34764.0
1021 34764.0
1022 34764.0
1023 34764.0
1024 34764.0
1025 34764.0
1026 34764.0
1027 34764.0
1028 34764.0
1029 34764.0
1030 34764.0
1031 34764.0
1032 34764.0
1033 34764.0
1034 34764.0
1035 34764.0
1036 34764.0
1037 34764.0
1038 34764.0
1039 34764.0
1040 34764.0
1041 34764.0
1042 34764.0
1043 34764.0
1044 34764.0
1045 34764.0
1046 34764.0
1047 34764.0
1048 34764.0
1049 34764.0
1050 34764.0
1051 34764.0
1052 34764.0
1053 34764.0
1054 34764.0
1055 34764.0
1056 34764.0
1057 34764.0
1058 34764.0
1059 34764.0
1060 34764.0
1061 34764.0
1062 34764.0
1063 34764.0
1064 34764.0
1065 34764.0
1066 34764.0
1067 34764.0
1068 34764.0
1069 34764.0
1070 34764.0
1071 34764.0
1072 34764.0
1073 34764.0
1074 34764.0
1075 34764.0
1076 34764.0
1077 34764.0
1078 34764.0
1079 34764.0
1080 34764.0
1081 34764.0
1082 34764.0
1083 34764.0
1084 34764.0
1085 34764.0
1086 34764.0
1087 34764.0
1088 34764.0
1089 34764.0
1090 34764.0
1091 34764.0
1092 34764.0
1093 34764.0
1094 34764.0
1095 34764.0
1096 34764.0
1097 34764.0
1098 34764.0
1099 34764.0
1100 34764.0
1101 34764.0
1102 34764.0
1103 34764.0
1104 34764.0
1105 34764.0
1106 34764.0
1107 34764.0
1108 34764.0
1109 34764.0
1110 34764.0
1111 34764.0
1112 34764.0
1113 34764.0
1114 34764.0
1115 34764.0
1116 34764.0
1117 34764.0
1118 34764.0
1119 34764.0
1120 34764.0
1121 34764.0
1122 34764.0
1123 34764.0
1124 34764.0
1125 34764.0
1126 34764.0
1127 34764.0
1128 34764.0
1129 34764.0
1130 34764.0
1131 34764.0
1132 34764.0
1133 34764.0
1134 34764.0
1135 34764.0
1136 34764.0
1137 34764.0
1138 34764.0
1139 34764.0
1140 34764.0
1141 34764.0
1142 34764.0
1143 34764.0
1144 34764.0
1145 34764.0
1146 34764.0
1147 34764.0
1148 34764.0
1149 34764.0
1150 34764.0
1151 34764.0
1152 34764.0
1153 34764.0
1154 34764.0
1155 34764.0
1156 34764.0
1157 34764.0
1158 34764.0
1159 34764.0
1160 34764.0
1161 34764.0
1162 34764.0
1163 34764.0
1164 34764.0
1165 34764.0
1166 34764.0
1167 34764.0
1168 34764.0
1169 34764.0
1170 34764.0
1171 34764.0
1172 34764.0
1173 34764.0
1174 34764.0
1175 34764.0
1176 34764.0
1177 34764.0
1178 34764.0
1179 34764.0
1180 34764.0
1181 34764.0
1182 34764.0
1183 34764.0
1184 34764.0
1185 34764.0
1186 34764.0
1187 34764.0
1188 34764.0
1189 34764.0
1190 34764.0
1191 34764.0
1192 34764.0
1193 34764.0
1194 34764.0
1195 34764.0
1196 34764.0
1197 34764.0
1198 34764.0
1199 34764.0
1200 34764.0
1201 34764.0
1202 34764.0
1203 34764.0
1204 34764.0
1205 34764.0
1206 34764.0
1207 34764.0
1208 34764.0
1209 34764.0
1210 34764.0
1211 34764.0
1212 34764.0
1213 34764.0
1214 34764.0
1215 34764.0
1216 34764.0
1217 34764.0
1218 34764.0
1219 34764.0
1220 34764.0
1221 34764.0
1222 34764.0
1223 34764.0
1224 34764.0
1225 34764.0
1226 34764.0
1227 34764.0
1228 34764.0
1229 34764.0
1230 34764.0
1231 34764.0
1232 34764.0
1233 34764.0
1234 34764.0
1235 34764.0
1236 34764.0
1237 34764.0
1238 34764.0
1239 34764.0
1240 34764.0
1241 34764.0
1242 34764.0
1243 34764.0
1244 34764.0
1245 34764.0
1246 34764.0
1247 34764.0
1248 34764.0
1249 34764.0
1250 34764.0
1251 34764.0
1252 34764.0
1253 34764.0
1254 34764.0
1255 34764.0
1256 34764.0
1257 34764.0
1258 34764.0
1259 34764.0
1260 34764.0
1261 34764.0
1262 34764.0
1263 34764.0
1264 34764.0
1265 34764.0
1266 34764.0
1267 34764.0
1268 34764.0
1269 34764.0
1270 34764.0
1271 34764.0
1272 34764.0
1273 34764.0
1274 34764.0
1275 34764.0
1276 34764.0
1277 34764.0
1278 34764.0
1279 34764.0
1280 34764.0
1281 34764.0
1282 34764.0
1283 34764.0
1284 34764.0
1285 34764.0
1286 34764.0
1287 34764.0
1288 34764.0
1289 34764.0
1290 34764.0
1291 34764.0
1292 34764.0
1293 34764.0
1294 34764.0
1295 34764.0
1296 34764.0
1297 34764.0
1298 34764.0
1299 34764.0
1300 34764.0
1301 34764.0
1302 34764.0
1303 34764.0
1304 34764.0
1305 34764.0
1306 34764.0
1307 34764.0
1308 34764.0
1309 34764.0
1310 34764.0
1311 34764.0
1312 34764.0
1313 34764.0
1314 34764.0
1315 34764.0
1316 34764.0
1317 34764.0
1318 34764.0
1319 34764.0
1320 34764.0
1321 34764.0
1322 34764.0
1323 34764.0
1324 34764.0
1325 34764.0
1326 34764.0
1327 34764.0
1328 34764.0
1329 34764.0
1330 34764.0
1331 34764.0
1332 34764.0
1333 34764.0
1334 34764.0
1335 34764.0
1336 34764.0
1337 34764.0
1338 34764.0
1339 34764.0
1340 34764.0
1341 34764.0
1342 34764.0
1343 34764.0
1344 34764.0
1345 34764.0
1346 34764.0
1347 34764.0
1348 34764.0
1349 34764.0
1350 34764.0
1351 34764.0
1352 34764.0
1353 34764.0
1354 34764.0
1355 34764.0
1356 34764.0
1357 34764.0
1358 34764.0
1359 34764.0
1360 34764.0
1361 34764.0
1362 34764.0
1363 34764.0
1364 34764.0
1365 34764.0
1366 34764.0
1367 34764.0
1368 34764.0
1369 34764.0
1370 34764.0
1371 34764.0
1372 34764.0
1373 34764.0
1374 34764.0
1375 34764.0
1376 34764.0
1377 34764.0
1378 34764.0
1379 34764.0
1380 34764.0
1381 34764.0
1382 34764.0
1383 34764.0
1384 34764.0
1385 34764.0
1386 34764.0
1387 34764.0
1388 34764.0
1389 34764.0
1390 34764.0
1391 34764.0
1392 34764.0
1393 34764.0
1394 34764.0
1395 34764.0
1396 34764.0
1397 34764.0
1398 34764.0
1399 34764.0
1400 34764.0
1401 34764.0
1402 34764.0
1403 34764.0
1404 34764.0
1405 34764.0
1406 34764.0
1407 34764.0
1408 34764.0
1409 34764.0
1410 34764.0
1411 34764.0
1412 34764.0
1413 34764.0
1414 34764.0
1415 34764.0
1416 34764.0
1417 34764.0
1418 34764.0
1419 34764.0
1420 34764.0
1421 34764.0
1422 34764.0
1423 34764.0
1424 34764.0
1425 34764.0
1426 34764.0
1427 34764.0
1428 34764.0
1429 34764.0
1430 34764.0
1431 34764.0
1432 34764.0
1433 34764.0
1434 34764.0
1435 34764.0
1436 34764.0
1437 34764.0
1438 34764.0
1439 34764.0
1440 34764.0
1441 34764.0
1442 34764.0
1443 34764.0
1444 34764.0
1445 34764.0
1446 34764.0
1447 34764.0
1448 34764.0
1449 34764.0
1450 34764.0
1451 34764.0
1452 34764.0
1453 34764.0
1454 34764.0
1455 34764.0
1456 34764.0
1457 34764.0
1458 34764.0
1459 34764.0
1460 34764.0
1461 34764.0
1462 34764.0
1463 34764.0
1464 34764.0
1465 34764.0
1466 34764.0
1467 34764.0
1468 34764.0
1469 34764.0
1470 34764.0
1471 34764.0
1472 34764.0
1473 34764.0
1474 34764.0
1475 34764.0
1476 34764.0
1477 34764.0
1478 34764.0
1479 34764.0
1480 34764.0
1481 34764.0
1482 34764.0
1483 34764.0
1484 34764.0
1485 34764.0
1486 34764.0
1487 34764.0
1488 34764.0
1489 34764.0
1490 34764.0
1491 34764.0
1492 34764.0
1493 34764.0
1494 34764.0
1495 34764.0
1496 34764.0
1497 34764.0
1498 34764.0
1499 34764.0
1500 34764.0
1501 34764.0
1502 34764.0
1503 34764.0
1504 34764.0
1505 34764.0
1506 34764.0
1507 34764.0
1508 34764.0
1509 34764.0
1510 34764.0
1511 34764.0
1512 34764.0
1513 34764.0
1514 34764.0
1515 34764.0
1516 34764.0
1517 34764.0
1518 34764.0
1519 34764.0
1520 34764.0
1521 34764.0
1522 34764.0
1523 34764.0
1524 34764.0
1525 34764.0
1526 34764.0
1527 34764.0
1528 34764.0
1529 34764.0
1530 34764.0
1531 34764.0
1532 34764.0
1533 34764.0
1534 34764.0
1535 34764.0
1536 34764.0
1537 34764.0
1538 34764.0
1539 34764.0
1540 34764.0
1541 34764.0
1542 34764.0
1543 34764.0
1544 34764.0
1545 34764.0
1546 34764.0
1547 34764.0
1548 34764.0
1549 34764.0
1550 34764.0
1551 34764.0
1552 34764.0
1553 34764.0
1554 34764.0
1555 34764.0
1556 34764.0
1557 34764.0
1558 34764.0
1559 34764.0
1560 34764.0
1561 34764.0
1562 34764.0
1563 34764.0
1564 34764.0
1565 34764.0
1566 34764.0
1567 34764.0
1568 34764.0
1569 34764.0
1570 34764.0
1571 34764.0
1572 34764.0
1573 34764.0
1574 34764.0
1575 34764.0
1576 34764.0
1577 34764.0
1578 34764.0
1579 34764.0
1580 34764.0
1581 34764.0
1582 34764.0
1583 34764.0
1584 34764.0
1585 34764.0
1586 34764.0
1587 34764.0
1588 34764.0
1589 34764.0
1590 34764.0
1591 34764.0
1592 34764.0
1593 34764.0
1594 34764.0
1595 34764.0
1596 34764.0
1597 34764.0
1598 34764.0
1599 34764.0
1600 34764.0
1601 34764.0
1602 34764.0
1603 34764.0
1604 34764.0
1605 34764.0
1606 34764.0
1607 34764.0
1608 34764.0
1609 34764.0
1610 34764.0
1611 34764.0
1612 34764.0
1613 34764.0
1614 34764.0
1615 34764.0
1616 34764.0
1617 34764.0
1618 34764.0
1619 34764.0
1620 34764.0
1621 34764.0
1622 34764.0
1623 34764.0
1624 34764.0
1625 34764.0
1626 34764.0
1627 34764.0
1628 34764.0
1629 34764.0
1630 34764.0
1631 34764.0
1632 34764.0
1633 34764.0
1634 34764.0
1635 34764.0
1636 34764.0
1637 34764.0
1638 34764.0
1639 34764.0
1640 34764.0
1641 34764.0
1642 34764.0
1643 34764.0
1644 34764.0
1645 34764.0
1646 34764.0
1647 34764.0
1648 34764.0
1649 34764.0
1650 34764.0
1651 34764.0
1652 34764.0
1653 34764.0
1654 34764.0
1655 34764.0
1656 34764.0
1657 34764.0
1658 34764.0
1659 34764.0
1660 34764.0
1661 34764.0
1662 34764.0
1663 34764.0
1664 34764.0
1665 34764.0
1666 34764.0
1667 34764.0
1668 34764.0
1669 34764.0
1670 34764.0
1671 34764.0
1672 34764.0
1673 34764.0
1674 34764.0
1675 34764.0
1676 34764.0
1677 34764.0
1678 34764.0
1679 34764.0
1680 34764.0
1681 34764.0
1682 34764.0
1683 34764.0
1684 34764.0
1685 34764.0
1686 34764.0
1687 34764.0
1688 34764.0
1689 34764.0
1690 34764.0
1691 34764.0
1692 34764.0
1693 34764.0
1694 34764.0
1695 34764.0
1696 34764.0
1697 34764.0
1698 34764.0
1699 34764.0
1700 34764.0
1701 34764.0
1702 34764.0
1703 34764.0
1704 34764.0
1705 34764.0
1706 34764.0
1707 34764.0
1708 34764.0
1709 34764.0
1710 34764.0
1711 34764.0
1712 34764.0
1713 34764.0
1714 34764.0
1715 34764.0
1716 34764.0
1717 34764.0
1718 34764.0
1719 34764.0
1720 34764.0
1721 34764.0
1722 34764.0
1723 34764.0
1724 34764.0
1725 34764.0
1726 34764.0
1727 34764.0
1728 34764.0
1729 34764.0
1730 34764.0
1731 34764.0
1732 34764.0
1733 34764.0
1734 34764.0
1735 34764.0
1736 34764.0
1737 34764.0
1738 34764.0
1739 34764.0
1740 34764.0
1741 34764.0
1742 34764.0
1743 34764.0
1744 34764.0
1745 34764.0
1746 34764.0
1747 34764.0
1748 34764.0
1749 34764.0
1750 34764.0
1751 34764.0
1752 34764.0
1753 34764.0
1754 34764.0
1755 34764.0
1756 34764.0
1757 34764.0
1758 34764.0
1759 34764.0
1760 34764.0
1761 34764.0
1762 34764.0
1763 34764.0
1764 34764.0
1765 34764.0
1766 34764.0
1767 34764.0
1768 34764.0
1769 34764.0
1770 34764.0
1771 34764.0
1772 34764.0
1773 34764.0
1774 34764.0
1775 34764.0
1776 34764.0
1777 34764.0
1778 34764.0
1779 34764.0
1780 34764.0
1781 34764.0
1782 34764.0
1783 34764.0
1784 34764.0
1785 34764.0
1786 34764.0
1787 34764.0
1788 34764.0
1789 34764.0
1790 34764.0
1791 34764.0
1792 34764.0
1793 34764.0
1794 34764.0
1795 34764.0
1796 34764.0
1797 34764.0
1798 34764.0
1799 34764.0
1800 34764.0
1801 34764.0
1802 34764.0
1803 34764.0
1804 34764.0
1805 34764.0
1806 34764.0
1807 34764.0
1808 34764.0
1809 34764.0
1810 34764.0
1811 34764.0
1812 34764.0
1813 34764.0
1814 34764.0
1815 34764.0
1816 34764.0
1817 34764.0
1818 34764.0
1819 34764.0
1820 34764.0
1821 34764.0
1822 34764.0
1823 34764.0
1824 34764.0
1825 34764.0
1826 34764.0
1827 34764.0
1828 34764.0
1829 34764.0
1830 34764.0
1831 34764.0
1832 34764.0
1833 34764.0
1834 34764.0
1835 34764.0
1836 34764.0
1837 34764.0
1838 34764.0
1839 34764.0
1840 34764.0
1841 34764.0
1842 34764.0
1843 34764.0
1844 34764.0
1845 34764.0
1846 34764.0
1847 34764.0
1848 34764.0
1849 34764.0
1850 34764.0
1851 34764.0
1852 34764.0
1853 34764.0
1854 34764.0
1855 34764.0
1856 34764.0
1857 34764.0
1858 34764.0
1859 34764.0
1860 34764.0
1861 34764.0
1862 34764.0
1863 34764.0
1864 34764.0
1865 34764.0
1866 34764.0
1867 34764.0
1868 34764.0
1869 34764.0
1870 34764.0
1871 34764.0
1872 34764.0
1873 34764.0
1874 34764.0
1875 34764.0
1876 34764.0
1877 34764.0
1878 34764.0
1879 34764.0
1880 34764.0
1881 34764.0
1882 34764.0
1883 34764.0
1884 34764.0
1885 34764.0
1886 34764.0
1887 34764.0
1888 34764.0
1889 34764.0
1890 34764.0
1891 34764.0
1892 34764.0
1893 34764.0
1894 34764.0
1895 34764.0
1896 34764.0
1897 34764.0
1898 34764.0
1899 34764.0
1900 34764.0
1901 34764.0
1902 34764.0
1903 34764.0
1904 34764.0
1905 34764.0
1906 34764.0
1907 34764.0
1908 34764.0
1909 34764.0
1910 34764.0
1911 34764.0
1912 34764.0
1913 34764.0
1914 34764.0
1915 34764.0
1916 34764.0
1917 34764.0
1918 34764.0
1919 34764.0
1920 34764.0
1921 34764.0
1922 34764.0
1923 34764.0
1924 34764.0
1925 34764.0
1926 34764.0
1927 34764.0
1928 34764.0
1929 34764.0
1930 34764.0
1931 34764.0
1932 34764.0
1933 34764.0
1934 34764.0
1935 34764.0
1936 34764.0
1937 34764.0
1938 34764.0
1939 34764.0
1940 34764.0
1941 34764.0
1942 34764.0
1943 34764.0
1944 34764.0
1945 34764.0
1946 34764.0
1947 34764.0
1948 34764.0
1949 34764.0
1950 34764.0
1951 34764.0
1952 34764.0
1953 34764.0
1954 34764.0
1955 34764.0
1956 34764.0
1957 34764.0
1958 34764.0
1959 34764.0
1960 34764.0
1961 34764.0
1962 34764.0
1963 34764.0
1964 34764.0
1965 34764.0
1966 34764.0
1967 34764.0
1968 34764.0
1969 34764.0
1970 34764.0
1971 34764.0
1972 34764.0
1973 34764.0
1974 34764.0
1975 34764.0
1976 34764.0
1977 34764.0
1978 34764.0
1979 34764.0
1980 34764.0
1981 34764.0
1982 34764.0
1983 34764.0
1984 34764.0
1985 34764.0
1986 34764.0
1987 34764.0
1988 34764.0
1989 34764.0
1990 34764.0
1991 34764.0
1992 34764.0
1993 34764.0
1994 34764.0
1995 34764.0
1996 34764.0
1997 34764.0
1998 34764.0
1999 34764.0
2000 34764.0
2001 34764.0
2002 34764.0
2003 34764.0
2004 34764.0
2005 34764.0
2006 34764.0
2007 34764.0
2008 34764.0
2009 34764.0
2010 34764.0
2011 34764.0
2012 34764.0
2013 34764.0
2014 34764.0
2015 34764.0
2016 34764.0
2017 34764.0
2018 34764.0
2019 34764.0
2020 34764.0
2021 34764.0
2022 34764.0
2023 34764.0
2024 34764.0
2025 34764.0
2026 34764.0
2027 34764.0
2028 34764.0
2029 34764.0
2030 34764.0
2031 34764.0
2032 34764.0
2033 34764.0
2034 34764.0
2035 34764.0
2036 34764.0
2037 34764.0
2038 34764.0
2039 34764.0
2040 34764.0
2041 34764.0
2042 34764.0
2043 34764.0
2044 34764.0
2045 34764.0
2046 34764.0
2047 34764.0
2048 34764.0
2049 34764.0
2050 34764.0
2051 34764.0
2052 34764.0
2053 34764.0
2054 34764.0
2055 34764.0
2056 34764.0
2057 34764.0
2058 34764.0
2059 34764.0
2060 34764.0
2061 34764.0
2062 34764.0
2063 34764.0
2064 34764.0
2065 34764.0
2066 34764.0
2067 34764.0
2068 34764.0
2069 34764.0
2070 34764.0
2071 34764.0
2072 34764.0
2073 34764.0
2074 34764.0
2075 34764.0
2076 34764.0
2077 34764.0
2078 34764.0
2079 34764.0
2080 34764.0
2081 34764.0
2082 34764.0
2083 34764.0
2084 34764.0
2085 34764.0
2086 34764.0
2087 34764.0
2088 34764.0
2089 34764.0
2090 34764.0
2091 34764.0
2092 34764.0
2093 34764.0
2094 34764.0
2095 34764.0
2096 34764.0
2097 34764.0
2098 34764.0
2099 34764.0
2100 34764.0
2101 34764.0
2102 34764.0
2103 34764.0
2104 34764.0
2105 34764.0
2106 34764.0
2107 34764.0
2108 34764.0
2109 34764.0
2110 34764.0
2111 34764.0
2112 34764.0
2113 34764.0
2114 34764.0
2115 34764.0
2116 34764.0
2117 34764.0
2118 34764.0
2119 34764.0
2120 34764.0
2121 34764.0
2122 34764.0
2123 34764.0
2124 34764.0
2125 34764.0
2126 34764.0
2127 34764.0
2128 34764.0
2129 34764.0
2130 34764.0
2131 34764.0
2132 34764.0
2133 34764.0
2134 34764.0
2135 34764.0
2136 34764.0
2137 34764.0
2138 34764.0
2139 34764.0
2140 34764.0
2141 34764.0
2142 34764.0
2143 34764.0
2144 34764.0
2145 34764.0
2146 34764.0
2147 34764.0
2148 34764.0
2149 34764.0
2150 34764.0
2151 34764.0
2152 34764.0
2153 34764.0
2154 34764.0
2155 34764.0
2156 34764.0
2157 34764.0
2158 34764.0
2159 34764.0
2160 34764.0
2161 34764.0
2162 34764.0
2163 34764.0
2164 34764.0
2165 34764.0
2166 34764.0
2167 34764.0
2168 34764.0
2169 34764.0
2170 34764.0
2171 34764.0
2172 34764.0
2173 34764.0
2174 34764.0
2175 34764.0
2176 34764.0
2177 34764.0
2178 34764.0
2179 34764.0
2180 34764.0
2181 34764.0
2182 34764.0
2183 34764.0
2184 34764.0
2185 34764.0
2186 34764.0
2187 34764.0
2188 34764.0
2189 34764.0
2190 34764.0
2191 34764.0
2192 34764.0
2193 34764.0
2194 34764.0
2195 34764.0
2196 34764.0
2197 34764.0
2198 34764.0
2199 34764.0
2200 34764.0
2201 34764.0
2202 34764.0
2203 34764.0
2204 34764.0
2205 34764.0
2206 34764.0
2207 34764.0
2208 34764.0
2209 34764.0
2210 34764.0
2211 34764.0
2212 34764.0
2213 34764.0
2214 34764.0
2215 34764.0
2216 34764.0
2217 34764.0
2218 34764.0
2219 34764.0
2220 34764.0
2221 34764.0
2222 34764.0
2223 34764.0
2224 34764.0
2225 34764.0
2226 34764.0
2227 34764.0
2228 34764.0
2229 34764.0
2230 34764.0
2231 34764.0
2232 34764.0
2233 34764.0
2234 34764.0
2235 34764.0
2236 34764.0
2237 34764.0
2238 34764.0
2239 34764.0
2240 34764.0
2241 34764.0
2242 34764.0
2243 34764.0
2244 34764.0
2245 34764.0
2246 34764.0
2247 34764.0
2248 34764.0
2249 34764.0
2250 34764.0
2251 34764.0
2252 34764.0
2253 34764.0
2254 34764.0
2255 34764.0
2256 34764.0
2257 34764.0
2258 34764.0
2259 34764.0
2260 34764.0
2261 34764.0
2262 34764.0
2263 34764.0
2264 34764.0
2265 34764.0
2266 34764.0
2267 34764.0
2268 34764.0
2269 34764.0
2270 34764.0
2271 34764.0
2272 34764.0
2273 34764.0
2274 34764.0
2275 34764.0
2276 34764.0
2277 34764.0
2278 34764.0
2279 34764.0
2280 34764.0
2281 34764.0
2282 34764.0
2283 34764.0
2284 34764.0
2285 34764.0
2286 34764.0
2287 34764.0
2288 34764.0
2289 34764.0
2290 34764.0
2291 34764.0
2292 34764.0
2293 34764.0
2294 34764.0
2295 34764.0
2296 34764.0
2297 34764.0
2298 34764.0
2299 34764.0
2300 34764.0
2301 34764.0
2302 34764.0
2303 34764.0
2304 34764.0
2305 34764.0
2306 34764.0
2307 34764.0
2308 34764.0
2309 34764.0
2310 34764.0
2311 34764.0
2312 34764.0
2313 34764.0
2314 34764.0
2315 34764.0
2316 34764.0
2317 34764.0
2318 34764.0
2319 34764.0
2320 34764.0
2321 34764.0
2322 34764.0
2323 34764.0
2324 34764.0
2325 34764.0
2326 34764.0
2327 34764.0
2328 34764.0
2329 34764.0
2330 34764.0
2331 34764.0
2332 34764.0
2333 34764.0
2334 34764.0
2335 34764.0
2336 34764.0
2337 34764.0
2338 34764.0
2339 34764.0
2340 34764.0
2341 34764.0
2342 34764.0
2343 34764.0
2344 34764.0
2345 34764.0
2346 34764.0
2347 34764.0
2348 34764.0
2349 34764.0
2350 34764.0
2351 34764.0
2352 34764.0
2353 34764.0
2354 34764.0
2355 34764.0
2356 34764.0
2357 34764.0
2358 34764.0
2359 34764.0
2360 34764.0
2361 34764.0
2362 34764.0
2363 34764.0
2364 34764.0
2365 34764.0
2366 34764.0
2367 34764.0
2368 34764.0
2369 34764.0
2370 34764.0
2371 34764.0
2372 34764.0
2373 34764.0
2374 34764.0
2375 34764.0
2376 34764.0
2377 34764.0
2378 34764.0
2379 34764.0
2380 34764.0
2381 34764.0
2382 34764.0
2383 34764.0
2384 34764.0
2385 34764.0
2386 34764.0
2387 34764.0
2388 34764.0
2389 34764.0
2390 34764.0
2391 34764.0
2392 34764.0
2393 34764.0
2394 34764.0
2395 34764.0
2396 34764.0
2397 34764.0
2398 34764.0
2399 34764.0
2400 34764.0
2401 34764.0
2402 34764.0
2403 34764.0
2404 34764.0
2405 34764.0
2406 34764.0
2407 34764.0
2408 34764.0
2409 34764.0
2410 34764.0
2411 34764.0
2412 34764.0
2413 34764.0
2414 34764.0
2415 34764.0
2416 34764.0
2417 34764.0
2418 34764.0
2419 34764.0
2420 34764.0
2421 34764.0
2422 34764.0
2423 34764.0
2424 34764.0
2425 34764.0
2426 34764.0
2427 34764.0
2428 34764.0
2429 34764.0
2430 34764.0
2431 34764.0
2432 34764.0
2433 34764.0
2434 34764.0
2435 34764.0
2436 34764.0
2437 34764.0
2438 34764.0
2439 34764.0
2440 34764.0
2441 34764.0
2442 34764.0
2443 34764.0
2444 34764.0
2445 34764.0
2446 34764.0
2447 34764.0
2448 34764.0
2449 34764.0
2450 34764.0
2451 34764.0
2452 34764.0
2453 34764.0
2454 34764.0
2455 34764.0
2456 34764.0
2457 34764.0
2458 34764.0
2459 34764.0
2460 34764.0
2461 34764.0
2462 34764.0
2463 34764.0
2464 34764.0
2465 34764.0
2466 34764.0
2467 34764.0
2468 34764.0
2469 34764.0
2470 34764.0
2471 34764.0
2472 34764.0
2473 34764.0
2474 34764.0
2475 34764.0
2476 34764.0
2477 34764.0
2478 34764.0
2479 34764.0
2480 34764.0
2481 34764.0
2482 34764.0
2483 34764.0
2484 34764.0
2485 34764.0
2486 34764.0
2487 34764.0
2488 34764.0
2489 34764.0
2490 34764.0
2491 34764.0
2492 34764.0
2493 34764.0
2494 34764.0
2495 34764.0
2496 34764.0
2497 34764.0
2498 34764.0
2499 34764.0
2500 34764.0
2501 34764.0
2502 34764.0
2503 34764.0
2504 34764.0
2505 34764.0
2506 34764.0
2507 34764.0
2508 34764.0
2509 34764.0
2510 34764.0
2511 34764.0
2512 34764.0
2513 34764.0
2514 34764.0
2515 34764.0
2516 34764.0
2517 34764.0
2518 34764.0
2519 34764.0
2520 34764.0
2521 34764.0
2522 34764.0
2523 34764.0
2524 34764.0
2525 34764.0
2526 34764.0
2527 34764.0
2528 34764.0
2529 34764.0
2530 34764.0
2531 34764.0
2532 34764.0
2533 34764.0
2534 34764.0
2535 34764.0
2536 34764.0
2537 34764.0
2538 34764.0
2539 34764.0
2540 34764.0
2541 34764.0
2542 34764.0
2543 34764.0
2544 34764.0
2545 34764.0
2546 34764.0
2547 34764.0
2548 34764.0
2549 34764.0
2550 34764.0
2551 34764.0
2552 34764.0
2553 34764.0
2554 34764.0
2555 34764.0
2556 34764.0
2557 34764.0
2558 34764.0
2559 34764.0
2560 34764.0
2561 34764.0
2562 34764.0
2563 34764.0
2564 34764.0
2565 34764.0
2566 34764.0
2567 34764.0
2568 34764.0
2569 34764.0
2570 34764.0
2571 34764.0
2572 34764.0
2573 34764.0
2574 34764.0
2575 34764.0
2576 34764.0
2577 34764.0
2578 34764.0
2579 34764.0
2580 34764.0
2581 34764.0
2582 34764.0
2583 34764.0
2584 34764.0
2585 34764.0
2586 34764.0
2587 34764.0
2588 34764.0
2589 34764.0
2590 34764.0
2591 34764.0
2592 34764.0
2593 34764.0
2594 34764.0
2595 34764.0
2596 34764.0
2597 34764.0
2598 34764.0
2599 34764.0
2600 34764.0
2601 34764.0
2602 34764.0
2603 34764.0
2604 34764.0
2605 34764.0
2606 34764.0
2607 34764.0
2608 34764.0
2609 34764.0
2610 34764.0
2611 34764.0
2612 34764.0
2613 34764.0
2614 34764.0
2615 34764.0
2616 34764.0
2617 34764.0
2618 34764.0
2619 34764.0
2620 34764.0
2621 34764.0
2622 34764.0
2623 34764.0
2624 34764.0
2625 34764.0
2626 34764.0
2627 34764.0
2628 34764.0
2629 34764.0
2630 34764.0
2631 34764.0
2632 34764.0
2633 34764.0
2634 34764.0
2635 34764.0
2636 34764.0
2637 34764.0
2638 34764.0
2639 34764.0
2640 34764.0
2641 34764.0
2642 34764.0
2643 34764.0
2644 34764.0
2645 34764.0
2646 34764.0
2647 34764.0
2648 34764.0
2649 34764.0
2650 34764.0
2651 34764.0
2652 34764.0
2653 34764.0
2654 34764.0
2655 34764.0
2656 34764.0
2657 34764.0
2658 34764.0
2659 34764.0
2660 34764.0
2661 34764.0
2662 34764.0
2663 34764.0
2664 34764.0
2665 34764.0
2666 34764.0
2667 34764.0
2668 34764.0
2669 34764.0
2670 34764.0
2671 34764.0
2672 34764.0
2673 34764.0
2674 34764.0
2675 34764.0
2676 34764.0
2677 34764.0
2678 34764.0
2679 34764.0
2680 34764.0
2681 34764.0
2682 34764.0
2683 34764.0
2684 34764.0
2685 34764.0
2686 34764.0
2687 34764.0
2688 34764.0
2689 34764.0
2690 34764.0
2691 34764.0
2692 34764.0
2693 34764.0
2694 34764.0
2695 34764.0
2696 34764.0
2697 34764.0
2698 34764.0
2699 34764.0
2700 34764.0
2701 34764.0
2702 34764.0
2703 34764.0
2704 34764.0
2705 34764.0
2706 34764.0
2707 34764.0
2708 34764.0
2709 34764.0
2710 34764.0
2711 34764.0
2712 34764.0
2713 34764.0
2714 34764.0
2715 34764.0
2716 34764.0
2717 34764.0
2718 34764.0
2719 34764.0
2720 34764.0
2721 34764.0
2722 34764.0
2723 34764.0
2724 34764.0
2725 34764.0
2726 34764.0
2727 34764.0
2728 34764.0
2729 34764.0
2730 34764.0
2731 34764.0
2732 34764.0
2733 34764.0
2734 34764.0
2735 34764.0
2736 34764.0
2737 34764.0
2738 34764.0
2739 34764.0
2740 34764.0
2741 34764.0
2742 34764.0
2743 34764.0
2744 34764.0
2745 34764.0
2746 34764.0
2747 34764.0
2748 34764.0
2749 34764.0
2750 34764.0
2751 34764.0
2752 34764.0
2753 34764.0
2754 34764.0
2755 34764.0
2756 34764.0
2757 34764.0
2758 34764.0
2759 34764.0
2760 34764.0
2761 34764.0
2762 34764.0
2763 34764.0
2764 34764.0
2765 34764.0
2766 34764.0
2767 34764.0
2768 34764.0
2769 34764.0
2770 34764.0
2771 34764.0
2772 34764.0
2773 34764.0
2774 34764.0
2775 34764.0
2776 34764.0
2777 34764.0
2778 34764.0
2779 34764.0
2780 34764.0
2781 34764.0
2782 34764.0
2783 34764.0
2784 34764.0
2785 34764.0
2786 34764.0
2787 34764.0
2788 34764.0
2789 34764.0
2790 34764.0
2791 34764.0
2792 34764.0
2793 34764.0
2794 34764.0
2795 34764.0
2796 34764.0
2797 34764.0
2798 34764.0
2799 34764.0
2800 34764.0
2801 34764.0
2802 34764.0
2803 34764.0
2804 34764.0
2805 34764.0
2806 34764.0
2807 34764.0
2808 34764.0
2809 34764.0
2810 34764.0
2811 34764.0
2812 34764.0
2813 34764.0
2814 34764.0
2815 34764.0
2816 34764.0
2817 34764.0
2818 34764.0
2819 34764.0
2820 34764.0
2821 34764.0
2822 34764.0
2823 34764.0
2824 34764.0
2825 34764.0
2826 34764.0
2827 34764.0
2828 34764.0
2829 34764.0
2830 34764.0
2831 34764.0
2832 34764.0
2833 34764.0
2834 34764.0
2835 34764.0
2836 34764.0
2837 34764.0
2838 34764.0
2839 34764.0
2840 34764.0
2841 34764.0
2842 34764.0
2843 34764.0
2844 34764.0
2845 34764.0
2846 34764.0
2847 34764.0
2848 34764.0
2849 34764.0
2850 34764.0
2851 34764.0
2852 34764.0
2853 34764.0
2854 34764.0
2855 34764.0
2856 34764.0
2857 34764.0
2858 34764.0
2859 34764.0
2860 34764.0
2861 34764.0
2862 34764.0
2863 34764.0
2864 34764.0
2865 34764.0
2866 34764.0
2867 34764.0
2868 34764.0
2869 34764.0
2870 34764.0
2871 34764.0
2872 34764.0
2873 34764.0
2874 34764.0
2875 34764.0
2876 34764.0
2877 34764.0
2878 34764.0
2879 34764.0
2880 34764.0
2881 34764.0
2882 34764.0
2883 34764.0
2884 34764.0
2885 34764.0
2886 34764.0
2887 34764.0
2888 34764.0
2889 34764.0
2890 34764.0
2891 34764.0
2892 34764.0
2893 34764.0
2894 34764.0
2895 34764.0
2896 34764.0
2897 34764.0
2898 34764.0
2899 34764.0
2900 34764.0
2901 34764.0
2902 34764.0
2903 34764.0
2904 34764.0
2905 34764.0
2906 34764.0
2907 34764.0
2908 34764.0
2909 34764.0
2910 34764.0
2911 34764.0
2912 34764.0
2913 34764.0
2914 34764.0
2915 34764.0
2916 34764.0
2917 34764.0
2918 34764.0
2919 34764.0
2920 34764.0
2921 34764.0
2922 34764.0
2923 34764.0
2924 34764.0
2925 34764.0
2926 34764.0
2927 34764.0
2928 34764.0
2929 34764.0
2930 34764.0
2931 34764.0
2932 34764.0
2933 34764.0
2934 34764.0
2935 34764.0
2936 34764.0
2937 34764.0
2938 34764.0
2939 34764.0
2940 34764.0
2941 34764.0
2942 34764.0
2943 34764.0
2944 34764.0
2945 34764.0
2946 34764.0
2947 34764.0
2948 34764.0
2949 34764.0
2950 34764.0
2951 34764.0
2952 34764.0
2953 34764.0
2954 34764.0
2955 34764.0
2956 34764.0
2957 34764.0
2958 34764.0
2959 34764.0
2960 34764.0
2961 34764.0
2962 34764.0
2963 34764.0
2964 34764.0
2965 34764.0
2966 34764.0
2967 34764.0
2968 34764.0
2969 34764.0
2970 34764.0
2971 34764.0
2972 34764.0
2973 34764.0
2974 34764.0
2975 34764.0
2976 34764.0
2977 34764.0
2978 34764.0
2979 34764.0
2980 34764.0
2981 34764.0
2982 34764.0
2983 34764.0
2984 34764.0
2985 34764.0
2986 34764.0
2987 34764.0
2988 34764.0
2989 34764.0
2990 34764.0
2991 34764.0
2992 34764.0
2993 34764.0
2994 34764.0
2995 34764.0
2996 34764.0
2997 34764.0
2998 34764.0
2999 34764.0
3000 34764.0
3001 34764.0
3002 34764.0
3003 34764.0
3004 34764.0
3005 34764.0
3006 34764.0
3007 34764.0
3008 34764.0
3009 34764.0
3010 34764.0
3011 34764.0
3012 34764.0
3013 34764.0
3014 34764.0
3015 34764.0
3016 34764.0
3017 34764.0
3018 34764.0
3019 34764.0
3020 34764.0
3021 34764.0
3022 34764.0
3023 34764.0
3024 34764.0
3025 34764.0
3026 34764.0
3027 34764.0
3028 34764.0
3029 34764.0
3030 34764.0
3031 34764.0
3032 34764.0
3033 34764.0
3034 34764.0
3035 34764.0
3036 34764.0
3037 34764.0
3038 34764.0
3039 34764.0
3040 34764.0
3041 34764.0
3042 34764.0
3043 34764.0
3044 34764.0
3045 34764.0
3046 34764.0
3047 34764.0
3048 34764.0
3049 34764.0
3050 34764.0
3051 34764.0
3052 34764.0
3053 34764.0
3054 34764.0
3055 34764.0
3056 34764.0
3057 34764.0
3058 34764.0
3059 34764.0
3060 34764.0
3061 34764.0
3062 34764.0
3063 34764.0
3064 34764.0
3065 34764.0
3066 34764.0
3067 34764.0
3068 34764.0
3069 34764.0
3070 34764.0
3071 34764.0
3072 34764.0
3073 34764.0
3074 34764.0
3075 34764.0
3076 34764.0
3077 34764.0
3078 34764.0
3079 34764.0
3080 34764.0
3081 34764.0
3082 34764.0
3083 34764.0
3084 34764.0
3085 34764.0
3086 34764.0
3087 34764.0
3088 34764.0
3089 34764.0
3090 34764.0
3091 34764.0
3092 34764.0
3093 34764.0
3094 34764.0
3095 34764.0
3096 34764.0
3097 34764.0
3098 34764.0
3099 34764.0
3100 34764.0
3101 34764.0
3102 34764.0
3103 34764.0
3104 34764.0
3105 34764.0
3106 34764.0
3107 34764.0
3108 34764.0
3109 34764.0
3110 34764.0
3111 34764.0
3112 34764.0
3113 34764.0
3114 34764.0
3115 34764.0
3116 34764.0
3117 34764.0
3118 34764.0
3119 34764.0
3120 34764.0
3121 34764.0
3122 34764.0
3123 34764.0
3124 34764.0
3125 34764.0
3126 34764.0
3127 34764.0
3128 34764.0
3129 34764.0
3130 34764.0
3131 34764.0
3132 34764.0
3133 34764.0
3134 34764.0
3135 34764.0
3136 34764.0
3137 34764.0
3138 34764.0
3139 34764.0
3140 34764.0
3141 34764.0
3142 34764.0
3143 34764.0
3144 34764.0
3145 34764.0
3146 34764.0
3147 34764.0
3148 34764.0
3149 34764.0
3150 34764.0
3151 34764.0
3152 34764.0
3153 34764.0
3154 34764.0
3155 34764.0
3156 34764.0
3157 34764.0
3158 34764.0
3159 34764.0
3160 34764.0
3161 34764.0
3162 34764.0
3163 34764.0
3164 34764.0
3165 34764.0
3166 34764.0
3167 34764.0
3168 34764.0
3169 34764.0
3170 34764.0
3171 34764.0
3172 34764.0
3173 34764.0
3174 34764.0
3175 34764.0
3176 34764.0
3177 34764.0
3178 34764.0
3179 34764.0
3180 34764.0
3181 34764.0
3182 34764.0
3183 34764.0
3184 34764.0
3185 34764.0
3186 34764.0
3187 34764.0
3188 34764.0
3189 34764.0
3190 34764.0
3191 34764.0
3192 34764.0
3193 34764.0
3194 34764.0
3195 34764.0
3196 34764.0
3197 34764.0
3198 34764.0
3199 34764.0
3200 34764.0
3201 34764.0
3202 34764.0
3203 34764.0
3204 34764.0
3205 34764.0
3206 34764.0
3207 34764.0
3208 34764.0
3209 34764.0
3210 34764.0
3211 34764.0
3212 34764.0
3213 34764.0
3214 34764.0
3215 34764.0
3216 34764.0
3217 34764.0
3218 34764.0
3219 34764.0
3220 34764.0
3221 34764.0
3222 34764.0
3223 34764.0
3224 34764.0
3225 34764.0
3226 34764.0
3227 34764.0
3228 34764.0
3229 34764.0
3230 34764.0
3231 34764.0
3232 34764.0
3233 34764.0
3234 34764.0
3235 34764.0
3236 34764.0
3237 34764.0
3238 34764.0
3239 34764.0
3240 34764.0
3241 34764.0
3242 34764.0
3243 34764.0
3244 34764.0
3245 34764.0
3246 34764.0
3247 34764.0
3248 34764.0
3249 34764.0
3250 34764.0
3251 34764.0
3252 34764.0
3253 34764.0
3254 34764.0
3255 34764.0
3256 34764.0
3257 34764.0
3258 34764.0
3259 34764.0
3260 34764.0
3261 34764.0
3262 34764.0
3263 34764.0
3264 34764.0
3265 34764.0
3266 34764.0
3267 34764.0
3268 34764.0
3269 34764.0
3270 34764.0
3271 34764.0
3272 34764.0
3273 34764.0
3274 34764.0
3275 34764.0
3276 34764.0
3277 34764.0
3278 34764.0
3279 34764.0
3280 34764.0
3281 34764.0
3282 34764.0
3283 34764.0
3284 34764.0
3285 34764.0
3286 34764.0
3287 34764.0
3288 34764.0
3289 34764.0
3290 34764.0
3291 34764.0
3292 34764.0
3293 34764.0
3294 34764.0
3295 34764.0
3296 34764.0
3297 34764.0
3298 34764.0
3299 34764.0
3300 34764.0
3301 34764.0
3302 34764.0
3303 34764.0
3304 34764.0
3305 34764.0
3306 34764.0
3307 34764.0
3308 34764.0
3309 34764.0
3310 34764.0
3311 34764.0
3312 34764.0
3313 34764.0
3314 34764.0
3315 34764.0
3316 34764.0
3317 34764.0
3318 34764.0
3319 34764.0
3320 34764.0
3321 34764.0
3322 34764.0
3323 34764.0
3324 34764.0
3325 34764.0
3326 34764.0
3327 34764.0
3328 34764.0
3329 34764.0
3330 34764.0
3331 34764.0
3332 34764.0
3333 34764.0
3334 34764.0
3335 34764.0
3336 34764.0
3337 34764.0
3338 34764.0
3339 34764.0
3340 34764.0
3341 34764.0
3342 34764.0
3343 34764.0
3344 34764.0
3345 34764.0
3346 34764.0
3347 34764.0
3348 34764.0
3349 34764.0
3350 34764.0
3351 34764.0
3352 34764.0
3353 34764.0
3354 34764.0
3355 34764.0
3356 34764.0
3357 34764.0
3358 34764.0
3359 34764.0
3360 34764.0
3361 34764.0
3362 34764.0
3363 34764.0
3364 34764.0
3365 34764.0
3366 34764.0
3367 34764.0
3368 34764.0
3369 34764.0
3370 34764.0
3371 34764.0
3372 34764.0
3373 34764.0
3374 34764.0
3375 34764.0
3376 34764.0
3377 34764.0
3378 34764.0
3379 34764.0
3380 34764.0
3381 34764.0
3382 34764.0
3383 34764.0
3384 34764.0
3385 34764.0
3386 34764.0
3387 34764.0
3388 34764.0
3389 34764.0
3390 34764.0
3391 34764.0
3392 34764.0
3393 34764.0
3394 34764.0
3395 34764.0
3396 34764.0
3397 34764.0
3398 34764.0
3399 34764.0
3400 34764.0
3401 34764.0
3402 34764.0
3403 34764.0
3404 34764.0
3405 34764.0
3406 34764.0
3407 34764.0
3408 34764.0
3409 34764.0
3410 34764.0
3411 34764.0
3412 34764.0
3413 34764.0
3414 34764.0
3415 34764.0
3416 34764.0
3417 34764.0
3418 34764.0
3419 34764.0
3420 34764.0
3421 34764.0
3422 34764.0
3423 34764.0
3424 34764.0
3425 34764.0
3426 34764.0
3427 34764.0
3428 34764.0
3429 34764.0
3430 34764.0
3431 34764.0
3432 34764.0
3433 34764.0
3434 34764.0
3435 34764.0
3436 34764.0
3437 34764.0
3438 34764.0
3439 34764.0
3440 34764.0
3441 34764.0
3442 34764.0
3443 34764.0
3444 34764.0
3445 34764.0
3446 34764.0
3447 34764.0
3448 34764.0
3449 34764.0
3450 34764.0
3451 34764.0
3452 34764.0
3453 34764.0
3454 34764.0
3455 34764.0
3456 34764.0
3457 34764.0
3458 34764.0
3459 34764.0
3460 34764.0
3461 34764.0
3462 34764.0
3463 34764.0
3464 34764.0
3465 28999.0
3466 28999.0
3467 28999.0
3468 28999.0
3469 28999.0
3470 28999.0
3471 28999.0
3472 28999.0
3473 28999.0
3474 28999.0
3475 28999.0
3476 28999.0
3477 28999.0
3478 28999.0
3479 28999.0
3480 28999.0
3481 28999.0
3482 28999.0
3483 28999.0
3484 28999.0
3485 28999.0
3486 28999.0
3487 28999.0
3488 28999.0
3489 28999.0
3490 28999.0
3491 28999.0
3492 28999.0
3493 28999.0
3494 28999.0
3495 28999.0
3496 28999.0
3497 28999.0
3498 28999.0
3499 28999.0
3500 28999.0
3501 28999.0
3502 28999.0
3503 28999.0
3504 28999.0
3505 28999.0
3506 28999.0
3507 28999.0
3508 28999.0
3509 28999.0
3510 28999.0
3511 28999.0
3512 28999.0
3513 28999.0
3514 28999.0
3515 28999.0
3516 28999.0
3517 28999.0
3518 28999.0
3519 28999.0
3520 28999.0
3521 28999.0
3522 28999.0
3523 28999.0
3524 28999.0
3525 28999.0
3526 28999.0
3527 28999.0
3528 28999.0
3529 28999.0
3530 28999.0
3531 28999.0
3532 28999.0
3533 28999.0
3534 28999.0
3535 28999.0
3536 28999.0
3537 28999.0
3538 28999.0
3539 28999.0
3540 28999.0
3541 28999.0
3542 28999.0
3543 28999.0
3544 28999.0
3545 28999.0
3546 28999.0
3547 28999.0
3548 28999.0
3549 28999.0
3550 28999.0
3551 28999.0
3552 28999.0
3553 28999.0
3554 28999.0
3555 28999.0
3556 28999.0
3557 28999.0
3558 28999.0
3559 28999.0
3560 28999.0
3561 28999.0
3562 28999.0
3563 28999.0
3564 28999.0
3565 28999.0
3566 28999.0
3567 28999.0
3568 28999.0
3569 28999.0
3570 28999.0
3571 28999.0
3572 28999.0
3573 28999.0
3574 28999.0
3575 28999.0
3576 28999.0
3577 28999.0
3578 28999.0
3579 28999.0
3580 28999.0
3581 28999.0
3582 28999.0
3583 28999.0
3584 28999.0
3585 28999.0
3586 28999.0
3587 28999.0
3588 28999.0
3589 28999.0
3590 28999.0
3591 28999.0
3592 28999.0
3593 28999.0
3594 28999.0
3595 28999.0
3596 28999.0
3597 28999.0
3598 28999.0
3599 28999.0
3600 28999.0
3601 28999.0
3602 28999.0
3603 28999.0
3604 28999.0
3605 28999.0
3606 28999.0
3607 28999.0
3608 28999.0
3609 28999.0
3610 28999.0
3611 28999.0
3612 28999.0
3613 28999.0
3614 28999.0
3615 28999.0
3616 28999.0
3617 28999.0
3618 28999.0
3619 28999.0
3620 28999.0
3621 28999.0
3622 28999.0
3623 28999.0
3624 28999.0
3625 28999.0
3626 28999.0
3627 28999.0
3628 28999.0
3629 28999.0
3630 28999.0
3631 28999.0
3632 28999.0
3633 28999.0
3634 28999.0
3635 28999.0
3636 28999.0
3637 28999.0
3638 28999.0
3639 28999.0
3640 28999.0
3641 28999.0
3642 28999.0
3643 28999.0
3644 28999.0
3645 28999.0
3646 28999.0
3647 28999.0
3648 28999.0
3649 28999.0
3650 28999.0
3651 28999.0
3652 28999.0
3653 28999.0
3654 28999.0
3655 28999.0
3656 28999.0
3657 28999.0
3658 28999.0
3659 28999.0
3660 28999.0
3661 28999.0
3662 28999.0
3663 28999.0
3664 28999.0
3665 28999.0
3666 28999.0
3667 28999.0
3668 28999.0
3669 28999.0
3670 28999.0
3671 28999.0
3672 28999.0
3673 28999.0
3674 28999.0
3675 28999.0
3676 28999.0
3677 28999.0
3678 28999.0
3679 28999.0
3680 28999.0
3681 28999.0
3682 28999.0
3683 28999.0
3684 28999.0
3685 28999.0
3686 28999.0
3687 28999.0
3688 28999.0
3689 28999.0
3690 28999.0
3691 28999.0
3692 28999.0
3693 28999.0
3694 28999.0
3695 28999.0
3696 28999.0
3697 28999.0
3698 28999.0
3699 28999.0
3700 28999.0
3701 28999.0
3702 28999.0
3703 28999.0
3704 28999.0
3705 28999.0
3706 28999.0
3707 28999.0
3708 28999.0
3709 28999.0
3710 28999.0
3711 28999.0
3712 28999.0
3713 28999.0
3714 28999.0
3715 28999.0
3716 28999.0
3717 28999.0
3718 28999.0
3719 28999.0
3720 28999.0
3721 28999.0
3722 28999.0
3723 28999.0
3724 28999.0
3725 28999.0
3726 28999.0
3727 28999.0
3728 28999.0
3729 28999.0
3730 28999.0
3731 28999.0
3732 28999.0
3733 28999.0
3734 28999.0
3735 28999.0
3736 28999.0
3737 28999.0
3738 28999.0
3739 28999.0
3740 28999.0
3741 28999.0
3742 28999.0
3743 28999.0
3744 28999.0
3745 28999.0
3746 28999.0
3747 28999.0
3748 28999.0
3749 28999.0
3750 28999.0
3751 28999.0
3752 28999.0
3753 28999.0
3754 28999.0
3755 28999.0
3756 28999.0
3757 28999.0
3758 28999.0
3759 28999.0
3760 28999.0
3761 28999.0
3762 28999.0
3763 28999.0
3764 28999.0
3765 28999.0
3766 28999.0
3767 28999.0
3768 28999.0
3769 28999.0
3770 28999.0
3771 28999.0
3772 28999.0
3773 28999.0
3774 28999.0
3775 28999.0
3776 28999.0
3777 28999.0
3778 28999.0
3779 28999.0
3780 28999.0
3781 28999.0
3782 28999.0
3783 28999.0
3784 28999.0
3785 28999.0
3786 28999.0
3787 28999.0
3788 28999.0
3789 28999.0
3790 28999.0
3791 28999.0
3792 28999.0
3793 28999.0
3794 28999.0
3795 28999.0
3796 28999.0
3797 28999.0
3798 28999.0
3799 28999.0
3800 28999.0
3801 28999.0
3802 28999.0
3803 28999.0
3804 28999.0
3805 28999.0
3806 28999.0
3807 28999.0
3808 28999.0
3809 28999.0
3810 28999.0
3811 28999.0
3812 28999.0
3813 28999.0
3814 28999.0
3815 28999.0
3816 28999.0
3817 28999.0
3818 28999.0
3819 28999.0
3820 28999.0
3821 28999.0
3822 28999.0
3823 28999.0
3824 28999.0
3825 28999.0
3826 28999.0
3827 28999.0
3828 28999.0
3829 28999.0
3830 28999.0
3831 28999.0
3832 28999.0
3833 28999.0
3834 28999.0
3835 28999.0
3836 28999.0
3837 28999.0
3838 28999.0
3839 28999.0
3840 28999.0
3841 28999.0
3842 28999.0
3843 28999.0
3844 28999.0
3845 28999.0
3846 28999.0
3847 28999.0
3848 28999.0
3849 28999.0
3850 28999.0
3851 28999.0
3852 28999.0
3853 28999.0
3854 28999.0
3855 28999.0
3856 28999.0
3857 28999.0
3858 28999.0
3859 28999.0
3860 28999.0
3861 28999.0
3862 28999.0
3863 28999.0
3864 28999.0
3865 28999.0
3866 28999.0
3867 28999.0
3868 28999.0
3869 28999.0
3870 28999.0
3871 28999.0
3872 28999.0
3873 28999.0
3874 28999.0
3875 28999.0
3876 28999.0
3877 28999.0
3878 28999.0
3879 28999.0
3880 28999.0
3881 28999.0
3882 28999.0
3883 28999.0
3884 28999.0
3885 28999.0
3886 28999.0
3887 28999.0
3888 28999.0
3889 28999.0
3890 28999.0
3891 28999.0
3892 28999.0
3893 28999.0
3894 28999.0
3895 28999.0
3896 28999.0
3897 28999.0
3898 28999.0
3899 28999.0
3900 28999.0
3901 28999.0
3902 28999.0
3903 28999.0
3904 28999.0
3905 28999.0
3906 28999.0
3907 28999.0
3908 28999.0
3909 28999.0
3910 28999.0
3911 28999.0
3912 28999.0
3913 28999.0
3914 28999.0
3915 28999.0
3916 28999.0
3917 28999.0
3918 28999.0
3919 28999.0
3920 28999.0
3921 28999.0
3922 28999.0
3923 28999.0
3924 28999.0
3925 28999.0
3926 28999.0
3927 28999.0
3928 28999.0
3929 28999.0
3930 28999.0
3931 28999.0
3932 28999.0
3933 28999.0
3934 28999.0
3935 28999.0
3936 28999.0
3937 28999.0
3938 28999.0
3939 28999.0
3940 28999.0
3941 28999.0
3942 28999.0
3943 28999.0
3944 28999.0
3945 28999.0
3946 28999.0
3947 28999.0
3948 28999.0
3949 28999.0
3950 28999.0
3951 28999.0
3952 28999.0
3953 28999.0
3954 28999.0
3955 28999.0
3956 28999.0
3957 28999.0
3958 28999.0
3959 28999.0
3960 28999.0
3961 28999.0
3962 28999.0
3963 28999.0
3964 28999.0
3965 28999.0
3966 28999.0
3967 28999.0
3968 28999.0
3969 28999.0
3970 28999.0
3971 28999.0
3972 28999.0
3973 28999.0
3974 28999.0
3975 28999.0
3976 28999.0
3977 28999.0
3978 28999.0
3979 28999.0
3980 28999.0
3981 28999.0
3982 28999.0
3983 28999.0
3984 28999.0
3985 28999.0
3986 28999.0
3987 28999.0
3988 28999.0
3989 28999.0
3990 28999.0
3991 28999.0
3992 28999.0
3993 28999.0
3994 28999.0
3995 28999.0
3996 28999.0
3997 28999.0
3998 28999.0
3999 28999.0
4000 28999.0
4001 28999.0
4002 28999.0
4003 28999.0
4004 28999.0
4005 28999.0
4006 28999.0
4007 28999.0
4008 28999.0
4009 28999.0
4010 28999.0
4011 28999.0
4012 28999.0
4013 28999.0
4014 28999.0
4015 28999.0
4016 28999.0
4017 28999.0
4018 28999.0
4019 28999.0
4020 28999.0
4021 28999.0
4022 28999.0
4023 28999.0
4024 28999.0
4025 28999.0
4026 28999.0
4027 28999.0
4028 28999.0
4029 28999.0
4030 28999.0
4031 28999.0
4032 28999.0
4033 28999.0
4034 28999.0
4035 28999.0
4036 28999.0
4037 28999.0
4038 28999.0
4039 28999.0
4040 28999.0
4041 28999.0
4042 28999.0
4043 28999.0
4044 28999.0
4045 28999.0
4046 28999.0
4047 28999.0
4048 28999.0
4049 28999.0
4050 28999.0
4051 28999.0
4052 28999.0
4053 28999.0
4054 28999.0
4055 28999.0
4056 28999.0
4057 28999.0
4058 28999.0
4059 28999.0
4060 28999.0
4061 28999.0
4062 28999.0
4063 28999.0
4064 28999.0
4065 28999.0
4066 28999.0
4067 28999.0
4068 28999.0
4069 28999.0
4070 28999.0
4071 28999.0
4072 28999.0
4073 28999.0
4074 28999.0
4075 28999.0
4076 28999.0
4077 28999.0
4078 28999.0
4079 28999.0
4080 28999.0
4081 28999.0
4082 28999.0
4083 28999.0
4084 28999.0
4085 28999.0
4086 28999.0
4087 28999.0
4088 28999.0
4089 28999.0
4090 28999.0
4091 28999.0
4092 28999.0
4093 28999.0
4094 28999.0
4095 28999.0
4096 28999.0
4097 28999.0
4098 28999.0
4099 28999.0
4100 28999.0
4101 28999.0
4102 28999.0
4103 28999.0
4104 28999.0
4105 28999.0
4106 28999.0
4107 28999.0
4108 28999.0
4109 28999.0
4110 28999.0
4111 28999.0
4112 28999.0
4113 28999.0
4114 28999.0
4115 28999.0
4116 28999.0
4117 28999.0
4118 28999.0
4119 28999.0
4120 28999.0
4121 28999.0
4122 28999.0
4123 28999.0
4124 28999.0
4125 28999.0
4126 28999.0
4127 28999.0
4128 28999.0
4129 28999.0
4130 28999.0
4131 28999.0
4132 28999.0
4133 28999.0
4134 28999.0
4135 28999.0
4136 28999.0
4137 28999.0
4138 28999.0
4139 28999.0
4140 28999.0
4141 28999.0
4142 28999.0
4143 28999.0
4144 28999.0
4145 28999.0
4146 28999.0
4147 28999.0
4148 28999.0
4149 28999.0
4150 28999.0
4151 28999.0
4152 28999.0
4153 28999.0
4154 28999.0
4155 28999.0
4156 28999.0
4157 28999.0
4158 28999.0
4159 28999.0
4160 28999.0
4161 28999.0
4162 28999.0
4163 28999.0
4164 28999.0
4165 28999.0
4166 28999.0
4167 28999.0
4168 28999.0
4169 28999.0
4170 28999.0
4171 28999.0
4172 28999.0
4173 28999.0
4174 28999.0
4175 28999.0
4176 28999.0
4177 28999.0
4178 28999.0
4179 28999.0
4180 28999.0
4181 28999.0
4182 28999.0
4183 28999.0
4184 28999.0
4185 28999.0
4186 28999.0
4187 28999.0
4188 28999.0
4189 28999.0
4190 28999.0
4191 28999.0
4192 28999.0
4193 28999.0
4194 28999.0
4195 28999.0
4196 28999.0
4197 28999.0
4198 28999.0
4199 28999.0
4200 28999.0
4201 28999.0
4202 28999.0
4203 28999.0
4204 28999.0
4205 28999.0
4206 28999.0
4207 28999.0
4208 28999.0
4209 28999.0
4210 28999.0
4211 28999.0
4212 28999.0
4213 28999.0
4214 28999.0
4215 28999.0
4216 28999.0
4217 28999.0
4218 28999.0
4219 28999.0
4220 28999.0
4221 28999.0
4222 28999.0
4223 28999.0
4224 28999.0
4225 28999.0
4226 28999.0
4227 28999.0
4228 28999.0
4229 28999.0
4230 28999.0
4231 28999.0
4232 28999.0
4233 28999.0
4234 28999.0
4235 28999.0
4236 28999.0
4237 28999.0
4238 28999.0
4239 28999.0
4240 28999.0
4241 28999.0
4242 28999.0
4243 28999.0
4244 28999.0
4245 28999.0
4246 28999.0
4247 28999.0
4248 28999.0
4249 28999.0
4250 28999.0
4251 28999.0
4252 28999.0
4253 28999.0
4254 28999.0
4255 28999.0
4256 28999.0
4257 28999.0
4258 28999.0
4259 28999.0
4260 28999.0
4261 28999.0
4262 28999.0
4263 28999.0
4264 28999.0
4265 28999.0
4266 28999.0
4267 28999.0
4268 28999.0
4269 28999.0
4270 28999.0
4271 28999.0
4272 28999.0
4273 28999.0
4274 28999.0
4275 28999.0
4276 28999.0
4277 28999.0
4278 28999.0
4279 28999.0
4280 28999.0
4281 28999.0
4282 28999.0
4283 28999.0
4284 28999.0
4285 28999.0
4286 28999.0
4287 28999.0
4288 28999.0
4289 28999.0
4290 28999.0
4291 28999.0
4292 28999.0
4293 28999.0
4294 28999.0
4295 28999.0
4296 28999.0
4297 28999.0
4298 28999.0
4299 28999.0
4300 28999.0
4301 28999.0
4302 28999.0
4303 28999.0
4304 28999.0
4305 28999.0
4306 28999.0
4307 28999.0
4308 28999.0
4309 28999.0
4310 28999.0
4311 28999.0
4312 28999.0
4313 28999.0
4314 28999.0
4315 28999.0
4316 28999.0
4317 28999.0
4318 28999.0
4319 28999.0
4320 28999.0
4321 28999.0
4322 28999.0
4323 28999.0
4324 28999.0
4325 28999.0
4326 28999.0
4327 28999.0
4328 28999.0
4329 28999.0
4330 28999.0
4331 28999.0
4332 28999.0
4333 28999.0
4334 28999.0
4335 28999.0
4336 28999.0
4337 28999.0
4338 28999.0
4339 28999.0
4340 28999.0
4341 28999.0
4342 28999.0
4343 28999.0
4344 28999.0
4345 28999.0
4346 28999.0
4347 28999.0
4348 28999.0
4349 28999.0
4350 28999.0
4351 28999.0
4352 28999.0
4353 28999.0
4354 28999.0
4355 28999.0
4356 28999.0
4357 28999.0
4358 28999.0
4359 28999.0
4360 28999.0
4361 28999.0
4362 28999.0
4363 28999.0
4364 28999.0
4365 28999.0
4366 28999.0
4367 28999.0
4368 28999.0
4369 28999.0
4370 28999.0
4371 28999.0
4372 28999.0
4373 28999.0
4374 28999.0
4375 28999.0
4376 28999.0
4377 28999.0
4378 28999.0
4379 28999.0
4380 28999.0
4381 28999.0
4382 28999.0
4383 28999.0
4384 28999.0
4385 28999.0
4386 28999.0
4387 28999.0
4388 28999.0
4389 28999.0
4390 28999.0
4391 28999.0
4392 28999.0
4393 28999.0
4394 28999.0
4395 28999.0
4396 28999.0
4397 28999.0
4398 28999.0
4399 28999.0
4400 28999.0
4401 28999.0
4402 28999.0
4403 28999.0
4404 28999.0
4405 28999.0
4406 28999.0
4407 28999.0
4408 28999.0
4409 28999.0
4410 28999.0
4411 28999.0
4412 28999.0
4413 28999.0
4414 28999.0
4415 28999.0
4416 28999.0
4417 28999.0
4418 28999.0
4419 28999.0
4420 28999.0
4421 28999.0
4422 28999.0
4423 28999.0
4424 28999.0
4425 28999.0
4426 28999.0
4427 28999.0
4428 28999.0
4429 28999.0
4430 28999.0
4431 28999.0
4432 28999.0
4433 28999.0
4434 28999.0
4435 28999.0
4436 28999.0
4437 28999.0
4438 28999.0
4439 28999.0
4440 28999.0
4441 28999.0
4442 28999.0
4443 28999.0
4444 28999.0
4445 28999.0
4446 28999.0
4447 28999.0
4448 28999.0
4449 28999.0
4450 28999.0
4451 28999.0
4452 28999.0
4453 28999.0
4454 28999.0
4455 28999.0
4456 28999.0
4457 28999.0
4458 28999.0
4459 28999.0
4460 28999.0
4461 28999.0
4462 28999.0
4463 28999.0
4464 28999.0
4465 28999.0
4466 28999.0
4467 28999.0
4468 28999.0
4469 28999.0
4470 28999.0
4471 28999.0
4472 28999.0
4473 28999.0
4474 28999.0
4475 28999.0
4476 28999.0
4477 28999.0
4478 28999.0
4479 28999.0
4480 28999.0
4481 28999.0
4482 28999.0
4483 28999.0
4484 28999.0
4485 28999.0
4486 28999.0
4487 28999.0
4488 28999.0
4489 28999.0
4490 28999.0
4491 28999.0
4492 28999.0
4493 28999.0
4494 28999.0
4495 28999.0
4496 28999.0
4497 28999.0
4498 28999.0
4499 28999.0
4500 28999.0
4501 28999.0
4502 28999.0
4503 28999.0
4504 28999.0
4505 28999.0
4506 28999.0
4507 28999.0
4508 28999.0
4509 28999.0
4510 28999.0
4511 28999.0
4512 28999.0
4513 28999.0
4514 28999.0
4515 28999.0
4516 28999.0
4517 28999.0
4518 28999.0
4519 28999.0
4520 28999.0
4521 28999.0
4522 28999.0
4523 28999.0
4524 28999.0
4525 28999.0
4526 28999.0
4527 28999.0
4528 28999.0
4529 28999.0
4530 28999.0
4531 28999.0
4532 28999.0
4533 28999.0
4534 28999.0
4535 28999.0
4536 28999.0
4537 28999.0
4538 28999.0
4539 28999.0
4540 28999.0
4541 28999.0
4542 28999.0
4543 28999.0
4544 28999.0
4545 28999.0
4546 28999.0
4547 28999.0
4548 28999.0
4549 28999.0
4550 28999.0
4551 28999.0
4552 28999.0
4553 28999.0
4554 28999.0
4555 28999.0
4556 28999.0
4557 28999.0
4558 28999.0
4559 28999.0
4560 28999.0
4561 28999.0
4562 28999.0
4563 28999.0
4564 28999.0
4565 28999.0
4566 28999.0
4567 28999.0
4568 28999.0
4569 28999.0
4570 28999.0
4571 28999.0
4572 28999.0
4573 28999.0
4574 28999.0
4575 28999.0
4576 28999.0
4577 28999.0
4578 28999.0
4579 28999.0
4580 28999.0
4581 28999.0
4582 28999.0
4583 28999.0
4584 28999.0
4585 28999.0
4586 28999.0
4587 28999.0
4588 28999.0
4589 28999.0
4590 28999.0
4591 28999.0
4592 28999.0
4593 28999.0
4594 28999.0
4595 28999.0
4596 28999.0
4597 28999.0
4598 28999.0
4599 28999.0
4600 28999.0
4601 28999.0
4602 28999.0
4603 28999.0
4604 28999.0
4605 28999.0
4606 28999.0
4607 28999.0
4608 28999.0
4609 28999.0
4610 28999.0
4611 28999.0
4612 28999.0
4613 28999.0
4614 28999.0
4615 28999.0
4616 28999.0
4617 28999.0
4618 28999.0
4619 28999.0
4620 28999.0
4621 28999.0
4622 28999.0
4623 28999.0
4624 28999.0
4625 28999.0
4626 28999.0
4627 28999.0
4628 28999.0
4629 28999.0
4630 28999.0
4631 28999.0
4632 28999.0
4633 28999.0
4634 28999.0
4635 28999.0
4636 28999.0
4637 28999.0
4638 28999.0
4639 28999.0
4640 28999.0
4641 28999.0
4642 28999.0
4643 28999.0
4644 28999.0
4645 28999.0
4646 28999.0
4647 28999.0
4648 28999.0
4649 28999.0
4650 28999.0
4651 28999.0
4652 28999.0
4653 28999.0
4654 28999.0
4655 28999.0
4656 28999.0
4657 28999.0
4658 28999.0
4659 28999.0
4660 28999.0
4661 28999.0
4662 28999.0
4663 28999.0
4664 28999.0
4665 28999.0
4666 28999.0
4667 28999.0
4668 28999.0
4669 28999.0
4670 28999.0
4671 28999.0
4672 28999.0
4673 28999.0
4674 28999.0
4675 28999.0
4676 28999.0
4677 28999.0
4678 28999.0
4679 28999.0
4680 28999.0
4681 28999.0
4682 28999.0
4683 28999.0
4684 28999.0
4685 28999.0
4686 28999.0
4687 28999.0
4688 28999.0
4689 28999.0
4690 28999.0
4691 28999.0
4692 28999.0
4693 28999.0
4694 28999.0
4695 28999.0
4696 28999.0
4697 28999.0
4698 28999.0
4699 28999.0
4700 28999.0
4701 28999.0
4702 28999.0
4703 28999.0
4704 28999.0
4705 28999.0
4706 28999.0
4707 28999.0
4708 28999.0
4709 28999.0
4710 28999.0
4711 28999.0
4712 28999.0
4713 28999.0
4714 28999.0
4715 28999.0
4716 28999.0
4717 28999.0
4718 28999.0
4719 28999.0
4720 28999.0
4721 28999.0
4722 28999.0
4723 28999.0
4724 28999.0
4725 28999.0
4726 28999.0
4727 28999.0
4728 28999.0
4729 28999.0
4730 28999.0
4731 28999.0
4732 28999.0
4733 28999.0
4734 28999.0
4735 28999.0
4736 28999.0
4737 28999.0
4738 28999.0
4739 28999.0
4740 28999.0
4741 28999.0
4742 28999.0
4743 28999.0
4744 28999.0
4745 28999.0
4746 28999.0
4747 28999.0
4748 28999.0
4749 28999.0
4750 28999.0
4751 28999.0
4752 28999.0
4753 28999.0
4754 28999.0
4755 28999.0
4756 28999.0
4757 28999.0
4758 28999.0
4759 28999.0
4760 28999.0
4761 28999.0
4762 28999.0
4763 28999.0
4764 28999.0
4765 28999.0
4766 28999.0
4767 28999.0
4768 28999.0
4769 28999.0
4770 28999.0
4771 28999.0
4772 28999.0
4773 28999.0
4774 28999.0
4775 28999.0
4776 28999.0
4777 28999.0
4778 28999.0
4779 28999.0
4780 28999.0
4781 28999.0
4782 28999.0
4783 28999.0
4784 28999.0
4785 28999.0
4786 28999.0
4787 28999.0
4788 28999.0
4789 28999.0
4790 28999.0
4791 28999.0
4792 28999.0
4793 28999.0
4794 28999.0
4795 28999.0
4796 28999.0
4797 28999.0
4798 28999.0
4799 28999.0
4800 28999.0
4801 28999.0
4802 28999.0
4803 28999.0
4804 28999.0
4805 28999.0
4806 28999.0
4807 28999.0
4808 28999.0
4809 28999.0
4810 28999.0
4811 28999.0
4812 28999.0
4813 28999.0
4814 28999.0
4815 28999.0
4816 28999.0
4817 28999.0
4818 28999.0
4819 28999.0
4820 28999.0
4821 28999.0
4822 28999.0
4823 28999.0
4824 28999.0
4825 28999.0
4826 28999.0
4827 28999.0
4828 28999.0
4829 28999.0
4830 28999.0
4831 28999.0
4832 28999.0
4833 28999.0
4834 28999.0
4835 28999.0
4836 28999.0
4837 28999.0
4838 28999.0
4839 28999.0
4840 28999.0
4841 28999.0
4842 28999.0
4843 28999.0
4844 28999.0
4845 28999.0
4846 28999.0
4847 28999.0
4848 28999.0
4849 28999.0
4850 28999.0
4851 28999.0
4852 28999.0
4853 28999.0
4854 28999.0
4855 28999.0
4856 28999.0
4857 28999.0
4858 28999.0
4859 28999.0
4860 28999.0
4861 28999.0
4862 28999.0
4863 28999.0
4864 28999.0
4865 28999.0
4866 28999.0
4867 28999.0
4868 28999.0
4869 28999.0
4870 28999.0
4871 28999.0
4872 28999.0
4873 28999.0
4874 28999.0
4875 28999.0
4876 28999.0
4877 28999.0
4878 28999.0
4879 28999.0
4880 28999.0
4881 28999.0
4882 28999.0
4883 28999.0
4884 28999.0
4885 28999.0
4886 28999.0
4887 28999.0
4888 28999.0
4889 28999.0
4890 28999.0
4891 28999.0
4892 28999.0
4893 28999.0
4894 28999.0
4895 28999.0
4896 28999.0
4897 28999.0
4898 28999.0
4899 28999.0
4900 28999.0
4901 28999.0
4902 28999.0
4903 28999.0
4904 28999.0
4905 28999.0
4906 28999.0
4907 28999.0
4908 28999.0
4909 28999.0
4910 28999.0
4911 28999.0
4912 28999.0
4913 28999.0
4914 28999.0
4915 28999.0
4916 28999.0
4917 28999.0
4918 28999.0
4919 28999.0
4920 28999.0
4921 28999.0
4922 28999.0
4923 28999.0
4924 28999.0
4925 28999.0
4926 28999.0
4927 28999.0
4928 28999.0
4929 28999.0
4930 28999.0
4931 28999.0
4932 28999.0
4933 28999.0
4934 28999.0
4935 28999.0
4936 28999.0
4937 28999.0
4938 28999.0
4939 28999.0
4940 28999.0
4941 28999.0
4942 28999.0
4943 28999.0
4944 28999.0
4945 28999.0
4946 28999.0
4947 28999.0
4948 28999.0
4949 28999.0
4950 28999.0
4951 28999.0
4952 28999.0
4953 28999.0
4954 28999.0
4955 28999.0
4956 28999.0
4957 28999.0
4958 28999.0
4959 28999.0
4960 28999.0
4961 28999.0
4962 28999.0
4963 28999.0
4964 28999.0
4965 28999.0
4966 28999.0
4967 28999.0
4968 28999.0
4969 28999.0
4970 28999.0
4971 28999.0
4972 28999.0
4973 28999.0
4974 28999.0
4975 28999.0
4976 28999.0
4977 28999.0
4978 28999.0
4979 28999.0
4980 28999.0
4981 28999.0
4982 28999.0
4983 28999.0
4984 28999.0
4985 28999.0
4986 28999.0
4987 28999.0
4988 28999.0
4989 28999.0
4990 28999.0
4991 28999.0
4992 28999.0
4993 28999.0
4994 28999.0
4995 28999.0
4996 28999.0
4997 28999.0
4998 28999.0
4999 28999.0
