0 46071.0
1 46071.0
2 46071.0
3 46071.0
4 42486.0
5 42486.0
6 42486.0
7 42486.0
8 42486.0
9 42486.0
10 42486.0
11 42486.0
12 42486.0
13 42486.0
14 42486.0
15 42486.0
16 42486.0
17 42486.0
18 42486.0
19 42486.0
20 42486.0
21 42486.0
22 42486.0
23 42486.0
24 42486.0
25 42486.0
26 42486.0
27 42486.0
28 42486.0
29 42486.0
30 42486.0
31 42486.0
32 42486.0
33 42486.0
34 42486.0
35 42486.0
36 42486.0
37 42486.0
38 42486.0
39 42486.0
40 42486.0
41 42486.0
42 42486.0
43 42486.0
44 42486.0
45 42486.0
46 42486.0
47 42486.0
48 42486.0
49 42486.0
50 42486.0
51 42486.0
52 42486.0
53 42486.0
54 42486.0
55 42486.0
56 42486.0
57 42486.0
58 42486.0
59 42486.0
60 42486.0
61 42486.0
62 42486.0
63 42486.0
64 42486.0
65 42486.0
66 42486.0
67 42486.0
68 42486.0
69 42486.0
70 42486.0
71 42486.0
72 42486.0
73 42486.0
74 42486.0
75 42486.0
76 42486.0
77 42486.0
78 42486.0
79 42486.0
80 42486.0
81 42486.0
82 42486.0
83 42486.0
84 42486.0
85 42486.0
86 42486.0
87 42486.0
88 42486.0
89 42486.0
90 42486.0
91 42486.0
92 42486.0
93 42486.0
94 42486.0
95 42486.0
96 42486.0
97 42486.0
98 42486.0
99 42486.0
100 42486.0
101 42486.0
102 42486.0
103 42486.0
104 42486.0
105 42486.0
106 42486.0
107 42486.0
108 42486.0
109 42486.0
110 42486.0
111 42486.0
112 42486.0
113 42486.0
114 42486.0
115 42486.0
116 42486.0
117 42486.0
118 42486.0
119 42486.0
120 42486.0
121 42486.0
122 42486.0
123 42486.0
124 42486.0
125 42486.0
126 42486.0
127 42486.0
128 42486.0
129 42486.0
130 42486.0
131 42486.0
132 42486.0
133 42486.0
134 42486.0
135 42486.0
136 42486.0
137 42486.0
138 42486.0
139 42486.0
140 42486.0
141 42486.0
142 42486.0
143 42486.0
144 42486.0
145 42486.0
146 42486.0
147 42486.0
148 42486.0
149 42486.0
150 42486.0
151 42486.0
152 42486.0
153 42486.0
154 42486.0
155 42486.0
156 42486.0
157 42486.0
158 42486.0
159 42486.0
160 42486.0
161 42486.0
162 42486.0
163 42486.0
164 39616.0
165 39616.0
166 39616.0
167 39616.0
168 39616.0
169 39616.0
170 39616.0
171 39616.0
172 39616.0
173 39616.0
174 39616.0
175 39616.0
176 39616.0
177 39616.0
178 39616.0
179 39616.0
180 39616.0
181 39616.0
182 39616.0
183 39616.0
184 39616.0
185 39616.0
186 39616.0
187 39616.0
188 39616.0
189 39616.0
190 39616.0
191 39616.0
192 39616.0
193 39616.0
194 39616.0
195 39616.0
196 39616.0
197 39616.0
198 39616.0
199 39616.0
200 39616.0
201 39616.0
202 39616.0
203 39616.0
204 39616.0
205 39616.0
206 39616.0
207 39616.0
208 39616.0
209 39616.0
210 39616.0
211 39616.0
212 39616.0
213 39616.0
214 39616.0
215 39616.0
216 39616.0
217 39616.0
218 39616.0
219 39616.0
220 39616.0
221 39616.0
222 39616.0
223 39616.0
224 39616.0
225 39616.0
226 39616.0
227 39616.0
228 39616.0
229 39616.0
230 39616.0
231 39616.0
232 39616.0
233 39616.0
234 39616.0
235 39616.0
236 39616.0
237 39616.0
238 39616.0
239 39616.0
240 39616.0
241 39616.0
242 39616.0
243 39616.0
244 39616.0
245 39616.0
246 39616.0
247 39616.0
248 39616.0
249 39616.0
250 39616.0
251 39616.0
252 39616.0
253 39616.0
254 39616.0
255 39616.0
256 39616.0
257 39616.0
258 39616.0
259 39616.0
260 39616.0
261 39616.0
262 39616.0
263 39616.0
264 39616.0
265 39616.0
266 39616.0
267 39616.0
268 39616.0
269 39616.0
270 39616.0
271 39616.0
272 39616.0
273 39616.0
274 39616.0
275 39616.0
276 39616.0
277 39616.0
278 39616.0
279 39616.0
280 36342.0
281 36342.0
282 36342.0
283 36342.0
284 36342.0
285 36342.0
286 36342.0
287 36342.0
288 36342.0
289 36342.0
290 36342.0
291 36342.0
292 36342.0
293 36342.0
294 36342.0
295 36342.0
296 36342.0
297 36342.0
298 36342.0
299 36342.0
300 36342.0
301 36342.0
302 36342.0
303 36342.0
304 36342.0
305 36342.0
306 36342.0
307 36342.0
308 36342.0
309 36342.0
310 36342.0
311 36342.0
312 36342.0
313 36342.0
314 36342.0
315 36342.0
316 36342.0
317 36342.0
318 36342.0
319 36342.0
320 36342.0
321 36342.0
322 36342.0
323 36342.0
324 36342.0
325 36342.0
326 36342.0
327 36342.0
328 36342.0
329 36342.0
330 36342.0
331 36342.0
332 36342.0
333 36342.0
334 36342.0
335 36342.0
336 36342.0
337 36342.0
338 36342.0
339 36342.0
340 36342.0
341 36342.0
342 36342.0
343 36342.0
344 36342.0
345 36342.0
346 36342.0
347 36342.0
348 36342.0
349 36342.0
350 36342.0
351 36342.0
352 36342.0
353 36342.0
354 36342.0
355 36342.0
356 36342.0
357 36342.0
358 36342.0
359 36342.0
360 36342.0
361 36342.0
362 36342.0
363 36342.0
364 36342.0
365 36342.0
366 36342.0
367 36342.0
368 36342.0
369 36342.0
370 36342.0
371 36342.0
372 36342.0
373 36342.0
374 36342.0
375 36342.0
376 36342.0
377 36342.0
378 36342.0
379 36342.0
380 36342.0
381 36342.0
382 36342.0
383 36342.0
384 36342.0
385 36342.0
386 36342.0
387 36342.0
388 36342.0
389 36342.0
390 36342.0
391 36342.0
392 36342.0
393 36342.0
394 36342.0
395 36342.0
396 36342.0
397 36342.0
398 36342.0
399 36342.0
400 36342.0
401 36342.0
402 36342.0
403 36342.0
404 36342.0
405 36342.0
406 36342.0
407 36342.0
408 36342.0
409 36342.0
410 36342.0
411 36342.0
412 36342.0
413 36342.0
414 36342.0
415 36342.0
416 36342.0
417 36342.0
418 36342.0
419 36342.0
420 36342.0
421 36342.0
422 36342.0
423 36342.0
424 36342.0
425 36342.0
426 36342.0
427 36342.0
428 36342.0
429 36342.0
430 36342.0
431 36342.0
432 36342.0
433 36342.0
434 36342.0
435 36342.0
436 36342.0
437 36342.0
438 36342.0
439 36342.0
440 36342.0
441 36342.0
442 36342.0
443 36342.0
444 36342.0
445 36342.0
446 36342.0
447 36342.0
448 36342.0
449 36342.0
450 36342.0
451 36342.0
452 36342.0
453 36342.0
454 36342.0
455 36342.0
456 36342.0
457 36342.0
458 36342.0
459 36342.0
460 36342.0
461 36342.0
462 36342.0
463 36342.0
464 36342.0
465 36342.0
466 36342.0
467 36342.0
468 36342.0
469 36342.0
470 36342.0
471 36342.0
472 36342.0
473 36342.0
474 36342.0
475 36342.0
476 36342.0
477 36342.0
478 36342.0
479 36342.0
480 36342.0
481 36342.0
482 36342.0
483 36342.0
484 36342.0
485 36342.0
486 36342.0
487 36342.0
488 36342.0
489 36342.0
490 36342.0
491 36342.0
492 36342.0
493 36342.0
494 36342.0
495 36342.0
496 36342.0
497 36342.0
498 36342.0
499 36342.0
500 36342.0
501 36342.0
502 36342.0
503 36342.0
504 36342.0
505 36342.0
506 36342.0
507 36342.0
508 36342.0
509 36342.0
510 36342.0
511 36342.0
512 36342.0
513 36342.0
514 36342.0
515 36342.0
516 36342.0
517 36342.0
518 36342.0
519 36342.0
520 36342.0
521 36342.0
522 36342.0
523 36342.0
524 36342.0
525 36342.0
526 36342.0
527 36342.0
528 36342.0
529 36342.0
530 36342.0
531 36342.0
532 36342.0
533 36342.0
534 36342.0
535 36342.0
536 36342.0
537 36342.0
538 36342.0
539 36342.0
540 36342.0
541 36342.0
542 36342.0
543 36342.0
544 36342.0
545 36342.0
546 36342.0
547 36342.0
548 36342.0
549 36342.0
550 36342.0
551 36342.0
552 36342.0
553 36342.0
554 36342.0
555 36342.0
556 36342.0
557 36342.0
558 36342.0
559 36342.0
560 36342.0
561 36342.0
562 36342.0
563 36342.0
564 36342.0
565 36342.0
566 36342.0
567 36342.0
568 36342.0
569 36342.0
570 36342.0
571 36342.0
572 36342.0
573 36342.0
574 36342.0
575 36342.0
576 36342.0
577 36342.0
578 36342.0
579 36342.0
580 36342.0
581 36342.0
582 36342.0
583 36342.0
584 36342.0
585 36342.0
586 36342.0
587 36342.0
588 36342.0
589 36342.0
590 36342.0
591 36342.0
592 36342.0
593 36342.0
594 36342.0
595 36342.0
596 36342.0
597 36342.0
598 36342.0
599 36342.0
600 36342.0
601 36342.0
602 36342.0
603 36342.0
604 36342.0
605 36342.0
606 36342.0
607 36342.0
608 36342.0
609 36342.0
610 36342.0
611 36342.0
612 36342.0
613 36342.0
614 36342.0
615 36342.0
616 36342.0
617 36342.0
618 36342.0
619 36342.0
620 36342.0
621 36342.0
622 36342.0
623 36342.0
624 36342.0
625 36342.0
626 36342.0
627 36342.0
628 36342.0
629 36342.0
630 36342.0
631 36342.0
632 36342.0
633 36342.0
634 36342.0
635 36342.0
636 36342.0
637 36342.0
638 36342.0
639 36342.0
640 36342.0
641 36342.0
642 36342.0
643 36342.0
644 36342.0
645 36342.0
646 36342.0
647 36342.0
648 36342.0
649 36342.0
650 36342.0
651 36342.0
652 36342.0
653 36342.0
654 36342.0
655 36342.0
656 36342.0
657 36342.0
658 36342.0
659 36342.0
660 36342.0
661 36342.0
662 36342.0
663 36342.0
664 36342.0
665 36342.0
666 36342.0
667 36342.0
668 36342.0
669 36342.0
670 36342.0
671 36342.0
672 36342.0
673 36342.0
674 36342.0
675 36342.0
676 36342.0
677 36342.0
678 36342.0
679 36342.0
680 36342.0
681 36342.0
682 36342.0
683 36342.0
684 36342.0
685 36342.0
686 36342.0
687 36342.0
688 36342.0
689 36342.0
690 36342.0
691 36342.0
692 36342.0
693 36342.0
694 36342.0
695 36342.0
696 36342.0
697 36342.0
698 36342.0
699 36342.0
700 36342.0
701 36342.0
702 36342.0
703 36342.0
704 36342.0
705 36342.0
706 36342.0
707 36342.0
708 36342.0
709 36342.0
710 36342.0
711 36342.0
712 36342.0
713 36342.0
714 36342.0
715 36342.0
716 36342.0
717 36342.0
718 36342.0
719 36342.0
720 36342.0
721 36342.0
722 36342.0
723 36342.0
724 36342.0
725 36342.0
726 36342.0
727 36342.0
728 36342.0
729 36342.0
730 36342.0
731 36342.0
732 36342.0
733 36342.0
734 36342.0
735 36342.0
736 36342.0
737 36342.0
738 36342.0
739 36342.0
740 36342.0
741 36342.0
742 36342.0
743 36342.0
744 36342.0
745 36342.0
746 36342.0
747 36342.0
748 36342.0
749 36342.0
750 36342.0
751 36342.0
752 36342.0
753 36342.0
754 36342.0
755 36342.0
756 36342.0
757 36342.0
758 36342.0
759 36342.0
760 36342.0
761 36342.0
762 36342.0
763 36342.0
764 36342.0
765 36342.0
766 36342.0
767 36342.0
768 36342.0
769 36342.0
770 36342.0
771 36342.0
772 36342.0
773 36342.0
774 36342.0
775 36342.0
776 36342.0
777 36342.0
778 36342.0
779 36342.0
780 36342.0
781 36342.0
782 36342.0
783 36342.0
784 36342.0
785 36342.0
786 36342.0
787 36342.0
788 36342.0
789 36342.0
790 36342.0
791 36342.0
792 36342.0
793 36342.0
794 36342.0
795 36342.0
796 36342.0
797 36342.0
798 36342.0
799 36342.0
800 36342.0
801 36342.0
802 36342.0
803 36342.0
804 36342.0
805 36342.0
806 36342.0
807 36342.0
808 36342.0
809 36342.0
810 36342.0
811 36342.0
812 36342.0
813 36342.0
814 36342.0
815 36342.0
816 36342.0
817 36342.0
818 36342.0
819 36342.0
820 36342.0
821 36342.0
822 36342.0
823 36342.0
824 36342.0
825 36342.0
826 36342.0
827 36342.0
828 36342.0
829 36342.0
830 36342.0
831 36342.0
832 36342.0
833 36342.0
834 36342.0
835 36342.0
836 36342.0
837 36342.0
838 36342.0
839 36342.0
840 36342.0
841 36342.0
842 36342.0
843 36342.0
844 36342.0
845 36342.0
846 36342.0
847 36342.0
848 36342.0
849 36342.0
850 36342.0
851 36342.0
852 36342.0
853 36342.0
854 36342.0
855 36342.0
856 36342.0
857 36342.0
858 36342.0
859 36342.0
860 36342.0
861 36342.0
862 36342.0
863 36342.0
864 36342.0
865 36342.0
866 36342.0
867 36342.0
868 36342.0
869 36342.0
870 36342.0
871 36342.0
872 36342.0
873 36342.0
874 36342.0
875 36342.0
876 36342.0
877 36342.0
878 36342.0
879 36342.0
880 36342.0
881 36342.0
882 36342.0
883 36342.0
884 36342.0
885 36342.0
886 36342.0
887 36342.0
888 36342.0
889 36342.0
890 36342.0
891 36342.0
892 36342.0
893 36342.0
894 36342.0
895 36342.0
896 36342.0
897 36342.0
898 36342.0
899 36342.0
900 36342.0
901 36342.0
902 36342.0
903 36342.0
904 36342.0
905 36342.0
906 36342.0
907 36342.0
908 36342.0
909 36342.0
910 36342.0
911 36342.0
912 36342.0
913 36342.0
914 36342.0
915 36342.0
916 36342.0
917 36342.0
918 36342.0
919 36342.0
920 36342.0
921 36342.0
922 36342.0
923 36342.0
924 36342.0
925 36342.0
926 36342.0
927 36342.0
928 36342.0
929 36342.0
930 36342.0
931 36342.0
932 36342.0
933 36342.0
934 36342.0
935 36342.0
936 36342.0
937 36342.0
938 36342.0
939 36342.0
940 36342.0
941 36342.0
942 36342.0
943 36342.0
944 36342.0
945 36342.0
946 36342.0
947 36342.0
948 36342.0
949 36342.0
950 36342.0
951 36342.0
952 36342.0
953 36342.0
954 36342.0
955 36342.0
956 36342.0
957 36342.0
958 36342.0
959 36342.0
960 36342.0
961 36342.0
962 36342.0
963 36342.0
964 36342.0
965 36342.0
966 36342.0
967 36342.0
968 36342.0
969 36342.0
970 36342.0
971 36342.0
972 36342.0
973 36342.0
974 36342.0
975 36342.0
976 36342.0
977 36342.0
978 36342.0
979 36342.0
980 36342.0
981 36342.0
982 36342.0
983 36342.0
984 36342.0
985 36342.0
986 36342.0
987 36342.0
988 36342.0
989 36342.0
990 36342.0
991 36342.0
992 36342.0
993 36342.0
994 36342.0
995 36342.0
996 36342.0
997 36342.0
998 36342.0
999 36342.0
1000 36342.0
1001 36342.0
1002 36342.0
1003 36342.0
1004 36342.0
1005 36342.0
1006 36342.0
1007 36342.0
1008 36342.0
1009 36342.0
1010 36342.0
1011 36342.0
1012 36342.0
1013 36342.0
1014 36342.0
1015 36342.0
1016 36342.0
1017 36342.0
1018 36342.0
1019 36342.0
1020 36342.0
1021 36342.0
1022 36342.0
1023 36342.0
1024 36342.0
1025 36342.0
1026 36342.0
1027 36342.0
1028 36342.0
1029 36342.0
1030 36342.0
1031 36342.0
1032 36342.0
1033 36342.0
1034 36342.0
1035 36342.0
1036 36342.0
1037 36342.0
1038 36342.0
1039 36342.0
1040 36342.0
1041 36342.0
1042 36342.0
1043 36342.0
1044 36342.0
1045 36342.0
1046 36342.0
1047 36342.0
1048 36342.0
1049 36342.0
1050 36342.0
1051 36342.0
1052 36342.0
1053 36342.0
1054 36342.0
1055 36342.0
1056 36342.0
1057 36342.0
1058 36342.0
1059 36342.0
1060 36342.0
1061 36342.0
1062 36342.0
1063 36342.0
1064 36342.0
1065 36342.0
1066 36342.0
1067 36342.0
1068 36342.0
1069 36342.0
1070 36342.0
1071 36342.0
1072 36342.0
1073 36342.0
1074 36342.0
1075 36342.0
1076 36342.0
1077 36342.0
1078 36342.0
1079 36342.0
1080 36342.0
1081 36342.0
1082 36342.0
1083 36342.0
1084 36342.0
1085 36342.0
1086 36342.0
1087 36342.0
1088 36342.0
1089 36342.0
1090 36342.0
1091 36342.0
1092 36342.0
1093 36342.0
1094 36342.0
1095 36342.0
1096 36342.0
1097 36342.0
1098 36342.0
1099 36342.0
1100 36342.0
1101 36342.0
1102 36342.0
1103 36342.0
1104 36342.0
1105 36342.0
1106 36342.0
1107 36342.0
1108 36342.0
1109 36342.0
1110 36342.0
1111 36342.0
1112 36342.0
1113 36342.0
1114 36342.0
1115 36342.0
1116 36342.0
1117 36342.0
1118 36342.0
1119 36342.0
1120 36342.0
1121 36342.0
1122 36342.0
1123 36342.0
1124 36342.0
1125 36342.0
1126 36342.0
1127 36342.0
1128 36342.0
1129 36342.0
1130 36342.0
1131 36342.0
1132 36342.0
1133 36342.0
1134 36342.0
1135 36342.0
1136 36342.0
1137 36342.0
1138 36342.0
1139 36342.0
1140 36342.0
1141 36342.0
1142 36342.0
1143 36342.0
1144 36342.0
1145 36342.0
1146 36342.0
1147 36342.0
1148 36342.0
1149 36342.0
1150 36342.0
1151 36342.0
1152 36342.0
1153 36342.0
1154 36342.0
1155 36342.0
1156 36342.0
1157 36342.0
1158 36342.0
1159 36342.0
1160 36342.0
1161 36342.0
1162 36342.0
1163 36342.0
1164 36342.0
1165 36342.0
1166 36342.0
1167 36342.0
1168 36342.0
1169 36342.0
1170 36342.0
1171 36342.0
1172 36342.0
1173 36342.0
1174 36342.0
1175 36342.0
1176 36342.0
1177 36342.0
1178 36342.0
1179 36342.0
1180 36342.0
1181 36342.0
1182 36342.0
1183 36342.0
1184 36342.0
1185 36342.0
1186 36342.0
1187 36342.0
1188 36342.0
1189 36342.0
1190 36342.0
1191 36342.0
1192 36342.0
1193 36342.0
1194 36342.0
1195 36342.0
1196 36342.0
1197 36342.0
1198 36342.0
1199 36342.0
1200 36342.0
1201 36342.0
1202 36342.0
1203 36342.0
1204 36342.0
1205 36342.0
1206 36342.0
1207 36342.0
1208 36342.0
1209 36342.0
1210 36342.0
1211 36342.0
1212 36342.0
1213 36342.0
1214 36342.0
1215 36342.0
1216 36342.0
1217 36342.0
1218 36342.0
1219 36342.0
1220 36342.0
1221 36342.0
1222 36342.0
1223 36342.0
1224 36342.0
1225 36342.0
1226 36342.0
1227 36342.0
1228 36342.0
1229 36342.0
1230 36342.0
1231 36342.0
1232 36342.0
1233 36342.0
1234 36342.0
1235 36342.0
1236 36342.0
1237 36342.0
1238 36342.0
1239 36342.0
1240 36342.0
1241 36342.0
1242 36342.0
1243 36342.0
1244 36342.0
1245 36342.0
1246 36342.0
1247 36342.0
1248 36342.0
1249 36342.0
1250 36342.0
1251 36342.0
1252 36342.0
1253 36342.0
1254 36342.0
1255 36342.0
1256 36342.0
1257 36342.0
1258 36342.0
1259 36342.0
1260 36342.0
1261 36342.0
1262 36342.0
1263 36342.0
1264 36342.0
1265 36342.0
1266 36342.0
1267 36342.0
1268 36342.0
1269 36342.0
1270 36342.0
1271 36342.0
1272 36342.0
1273 36342.0
1274 36342.0
1275 36342.0
1276 36342.0
1277 36342.0
1278 36342.0
1279 36342.0
1280 36342.0
1281 36342.0
1282 36342.0
1283 36342.0
1284 36342.0
1285 36342.0
1286 36342.0
1287 36342.0
1288 36342.0
1289 36342.0
1290 36342.0
1291 36342.0
1292 36342.0
1293 36342.0
1294 36342.0
1295 36342.0
1296 36342.0
1297 36342.0
1298 36342.0
1299 36342.0
1300 36342.0
1301 36342.0
1302 36342.0
1303 36342.0
1304 36342.0
1305 36342.0
1306 36342.0
1307 36342.0
1308 36342.0
1309 36342.0
1310 36342.0
1311 36342.0
1312 36342.0
1313 36342.0
1314 36342.0
1315 36342.0
1316 36342.0
1317 36342.0
1318 36342.0
1319 36342.0
1320 36342.0
1321 36342.0
1322 36342.0
1323 36342.0
1324 36342.0
1325 36342.0
1326 36342.0
1327 36342.0
1328 36342.0
1329 36342.0
1330 36342.0
1331 36342.0
1332 36342.0
1333 36342.0
1334 36342.0
1335 36342.0
1336 36342.0
1337 36342.0
1338 36342.0
1339 36342.0
1340 36342.0
1341 36342.0
1342 36342.0
1343 36342.0
1344 36342.0
1345 36342.0
1346 36342.0
1347 36342.0
1348 36342.0
1349 36342.0
1350 36342.0
1351 36342.0
1352 36342.0
1353 36342.0
1354 36342.0
1355 36342.0
1356 36342.0
1357 36342.0
1358 36342.0
1359 36342.0
1360 36342.0
1361 36342.0
1362 36342.0
1363 36342.0
1364 36342.0
1365 36342.0
1366 36342.0
1367 36342.0
1368 36342.0
1369 36342.0
1370 36342.0
1371 36342.0
1372 36342.0
1373 36342.0
1374 36342.0
1375 36342.0
1376 36342.0
1377 36342.0
1378 36342.0
1379 36342.0
1380 36342.0
1381 36342.0
1382 36342.0
1383 36342.0
1384 36342.0
1385 36342.0
1386 36342.0
1387 36342.0
1388 36342.0
1389 36342.0
1390 36342.0
1391 36342.0
1392 36342.0
1393 36342.0
1394 36342.0
1395 36342.0
1396 36342.0
1397 36342.0
1398 36342.0
1399 36342.0
1400 36342.0
1401 36342.0
1402 36342.0
1403 36342.0
1404 36342.0
1405 36342.0
1406 36342.0
1407 36342.0
1408 36342.0
1409 36342.0
1410 36342.0
1411 36342.0
1412 36342.0
1413 36342.0
1414 36342.0
1415 36342.0
1416 36342.0
1417 36342.0
1418 36342.0
1419 36342.0
1420 36342.0
1421 36342.0
1422 36342.0
1423 36342.0
1424 36342.0
1425 36342.0
1426 36342.0
1427 36342.0
1428 36342.0
1429 36342.0
1430 36342.0
1431 36342.0
1432 36342.0
1433 36342.0
1434 36342.0
1435 36342.0
1436 36342.0
1437 36342.0
1438 36342.0
1439 36342.0
1440 36342.0
1441 36342.0
1442 36342.0
1443 36342.0
1444 36342.0
1445 36342.0
1446 36342.0
1447 36342.0
1448 36342.0
1449 36342.0
1450 36342.0
1451 36342.0
1452 36342.0
1453 36342.0
1454 36342.0
1455 36342.0
1456 36342.0
1457 36342.0
1458 36342.0
1459 36342.0
1460 36342.0
1461 36342.0
1462 36342.0
1463 36342.0
1464 36342.0
1465 36342.0
1466 36342.0
1467 36342.0
1468 36342.0
1469 36342.0
1470 36342.0
1471 36342.0
1472 36342.0
1473 36342.0
1474 36342.0
1475 36342.0
1476 36342.0
1477 36342.0
1478 36342.0
1479 36342.0
1480 36342.0
1481 36342.0
1482 36342.0
1483 36342.0
1484 36342.0
1485 36342.0
1486 36342.0
1487 36342.0
1488 36342.0
1489 36342.0
1490 36342.0
1491 36342.0
1492 36342.0
1493 36342.0
1494 36342.0
1495 36342.0
1496 36342.0
1497 36342.0
1498 36342.0
1499 36342.0
1500 36342.0
1501 36342.0
1502 36342.0
1503 36342.0
1504 36342.0
1505 36342.0
1506 36342.0
1507 36342.0
1508 36342.0
1509 36342.0
1510 36342.0
1511 36342.0
1512 36342.0
1513 36342.0
1514 36342.0
1515 36342.0
1516 36342.0
1517 36342.0
1518 36342.0
1519 36342.0
1520 36342.0
1521 36342.0
1522 36342.0
1523 36342.0
1524 36342.0
1525 36342.0
1526 36342.0
1527 36342.0
1528 36342.0
1529 36342.0
1530 36342.0
1531 36342.0
1532 36342.0
1533 36342.0
1534 36342.0
1535 36342.0
1536 36342.0
1537 36342.0
1538 36342.0
1539 36342.0
1540 36342.0
1541 36342.0
1542 36342.0
1543 36342.0
1544 36342.0
1545 36342.0
1546 36342.0
1547 36342.0
1548 36342.0
1549 36342.0
1550 36342.0
1551 36342.0
1552 36342.0
1553 36342.0
1554 36342.0
1555 36342.0
1556 36342.0
1557 36342.0
1558 36342.0
1559 36342.0
1560 36342.0
1561 36342.0
1562 36342.0
1563 36342.0
1564 36342.0
1565 36342.0
1566 36342.0
1567 36342.0
1568 36342.0
1569 36342.0
1570 36342.0
1571 36342.0
1572 36342.0
1573 36342.0
1574 36342.0
1575 36342.0
1576 36342.0
1577 36342.0
1578 36342.0
1579 36342.0
1580 36342.0
1581 36342.0
1582 36342.0
1583 36342.0
1584 36342.0
1585 36342.0
1586 36342.0
1587 36342.0
1588 36342.0
1589 36342.0
1590 36342.0
1591 36342.0
1592 36342.0
1593 36342.0
1594 36342.0
1595 36342.0
1596 36342.0
1597 36342.0
1598 36342.0
1599 36342.0
1600 36342.0
1601 36342.0
1602 36342.0
1603 36342.0
1604 36342.0
1605 36342.0
1606 36342.0
1607 36342.0
1608 36342.0
1609 36342.0
1610 36342.0
1611 36342.0
1612 36342.0
1613 36342.0
1614 36342.0
1615 36342.0
1616 36342.0
1617 36342.0
1618 36342.0
1619 36342.0
1620 36342.0
1621 36342.0
1622 36342.0
1623 36342.0
1624 36342.0
1625 36342.0
1626 36342.0
1627 36342.0
1628 36342.0
1629 36342.0
1630 36342.0
1631 36342.0
1632 36342.0
1633 36342.0
1634 36342.0
1635 36342.0
1636 36342.0
1637 36342.0
1638 36342.0
1639 36342.0
1640 36342.0
1641 36342.0
1642 36342.0
1643 36342.0
1644 36342.0
1645 36342.0
1646 36342.0
1647 36342.0
1648 36342.0
1649 36342.0
1650 36342.0
1651 36342.0
1652 36342.0
1653 36342.0
1654 36342.0
1655 36342.0
1656 36342.0
1657 36342.0
1658 36342.0
1659 36342.0
1660 36342.0
1661 36342.0
1662 36342.0
1663 36342.0
1664 36342.0
1665 36342.0
1666 36342.0
1667 36342.0
1668 36342.0
1669 36342.0
1670 36342.0
1671 36342.0
1672 36342.0
1673 36342.0
1674 36342.0
1675 36342.0
1676 36342.0
1677 36342.0
1678 36342.0
1679 36342.0
1680 36342.0
1681 36342.0
1682 36342.0
1683 36342.0
1684 36342.0
1685 36342.0
1686 36342.0
1687 36342.0
1688 36342.0
1689 36342.0
1690 36342.0
1691 36342.0
1692 36342.0
1693 36342.0
1694 36342.0
1695 36342.0
1696 36342.0
1697 36342.0
1698 36342.0
1699 36342.0
1700 36342.0
1701 36342.0
1702 36342.0
1703 36342.0
1704 36342.0
1705 36342.0
1706 36342.0
1707 36342.0
1708 36342.0
1709 36342.0
1710 36342.0
1711 36342.0
1712 36342.0
1713 36342.0
1714 36342.0
1715 36342.0
1716 36342.0
1717 36342.0
1718 36342.0
1719 36342.0
1720 36342.0
1721 36342.0
1722 36342.0
1723 36342.0
1724 36342.0
1725 36342.0
1726 36342.0
1727 36342.0
1728 36342.0
1729 36342.0
1730 36342.0
1731 36342.0
1732 36342.0
1733 36342.0
1734 36342.0
1735 36342.0
1736 36342.0
1737 36342.0
1738 36342.0
1739 36342.0
1740 36342.0
1741 36342.0
1742 36342.0
1743 36342.0
1744 36342.0
1745 36342.0
1746 36342.0
1747 36342.0
1748 36342.0
1749 36342.0
1750 36342.0
1751 36342.0
1752 36342.0
1753 36342.0
1754 36342.0
1755 36342.0
1756 36342.0
1757 36342.0
1758 36342.0
1759 36342.0
1760 36342.0
1761 36342.0
1762 36342.0
1763 36342.0
1764 36342.0
1765 36342.0
1766 36342.0
1767 36342.0
1768 36342.0
1769 36342.0
1770 36342.0
1771 36342.0
1772 36342.0
1773 36342.0
1774 36342.0
1775 36342.0
1776 36342.0
1777 36342.0
1778 36342.0
1779 36342.0
1780 36342.0
1781 36342.0
1782 36342.0
1783 36342.0
1784 36342.0
1785 36342.0
1786 36342.0
1787 36342.0
1788 36342.0
1789 36342.0
1790 36342.0
1791 36342.0
1792 36342.0
1793 36342.0
1794 36342.0
1795 36342.0
1796 36342.0
1797 36342.0
1798 36342.0
1799 36342.0
1800 36342.0
1801 36342.0
1802 36342.0
1803 36342.0
1804 36342.0
1805 36342.0
1806 36342.0
1807 36342.0
1808 36342.0
1809 36342.0
1810 36342.0
1811 36342.0
1812 36342.0
1813 36342.0
1814 36342.0
1815 36342.0
1816 36342.0
1817 36342.0
1818 36342.0
1819 36342.0
1820 36342.0
1821 36342.0
1822 36342.0
1823 36342.0
1824 36342.0
1825 36342.0
1826 36342.0
1827 36342.0
1828 36342.0
1829 36342.0
1830 36342.0
1831 36342.0
1832 36342.0
1833 34020.0
1834 34020.0
1835 34020.0
1836 34020.0
1837 34020.0
1838 34020.0
1839 34020.0
1840 34020.0
1841 34020.0
1842 34020.0
1843 34020.0
1844 34020.0
1845 34020.0
1846 34020.0
1847 34020.0
1848 34020.0
1849 34020.0
1850 34020.0
1851 34020.0
1852 34020.0
1853 34020.0
1854 34020.0
1855 34020.0
1856 34020.0
1857 34020.0
1858 34020.0
1859 34020.0
1860 34020.0
1861 34020.0
1862 34020.0
1863 34020.0
1864 34020.0
1865 34020.0
1866 34020.0
1867 34020.0
1868 34020.0
1869 34020.0
1870 34020.0
1871 34020.0
1872 34020.0
1873 34020.0
1874 34020.0
1875 34020.0
1876 34020.0
1877 34020.0
1878 34020.0
1879 34020.0
1880 34020.0
1881 34020.0
1882 34020.0
1883 34020.0
1884 34020.0
1885 34020.0
1886 34020.0
1887 34020.0
1888 34020.0
1889 34020.0
1890 34020.0
1891 34020.0
1892 34020.0
1893 34020.0
1894 34020.0
1895 34020.0
1896 34020.0
1897 34020.0
1898 34020.0
1899 34020.0
1900 34020.0
1901 34020.0
1902 34020.0
1903 34020.0
1904 34020.0
1905 34020.0
1906 34020.0
1907 34020.0
1908 34020.0
1909 34020.0
1910 34020.0
1911 34020.0
1912 34020.0
1913 34020.0
1914 34020.0
1915 34020.0
1916 34020.0
1917 34020.0
1918 34020.0
1919 34020.0
1920 34020.0
1921 34020.0
1922 34020.0
1923 34020.0
1924 34020.0
1925 34020.0
1926 34020.0
1927 34020.0
1928 34020.0
1929 34020.0
1930 34020.0
1931 34020.0
1932 34020.0
1933 34020.0
1934 34020.0
1935 34020.0
1936 34020.0
1937 34020.0
1938 34020.0
1939 34020.0
1940 34020.0
1941 34020.0
1942 34020.0
1943 34020.0
1944 34020.0
1945 34020.0
1946 34020.0
1947 34020.0
1948 34020.0
1949 34020.0
1950 34020.0
1951 34020.0
1952 34020.0
1953 34020.0
1954 34020.0
1955 34020.0
1956 34020.0
1957 34020.0
1958 34020.0
1959 34020.0
1960 34020.0
1961 34020.0
1962 34020.0
1963 34020.0
1964 34020.0
1965 34020.0
1966 34020.0
1967 34020.0
1968 34020.0
1969 34020.0
1970 34020.0
1971 34020.0
1972 34020.0
1973 34020.0
1974 34020.0
1975 34020.0
1976 34020.0
1977 34020.0
1978 34020.0
1979 34020.0
1980 34020.0
1981 34020.0
1982 34020.0
1983 34020.0
1984 34020.0
1985 34020.0
1986 34020.0
1987 34020.0
1988 34020.0
1989 34020.0
1990 34020.0
1991 34020.0
1992 34020.0
1993 34020.0
1994 34020.0
1995 34020.0
1996 34020.0
1997 34020.0
1998 34020.0
1999 34020.0
2000 34020.0
2001 34020.0
2002 34020.0
2003 34020.0
2004 34020.0
2005 34020.0
2006 34020.0
2007 34020.0
2008 34020.0
2009 34020.0
2010 34020.0
2011 34020.0
2012 34020.0
2013 34020.0
2014 34020.0
2015 34020.0
2016 34020.0
2017 34020.0
2018 34020.0
2019 34020.0
2020 34020.0
2021 34020.0
2022 34020.0
2023 34020.0
2024 34020.0
2025 34020.0
2026 34020.0
2027 34020.0
2028 34020.0
2029 34020.0
2030 34020.0
2031 34020.0
2032 34020.0
2033 34020.0
2034 34020.0
2035 34020.0
2036 34020.0
2037 34020.0
2038 34020.0
2039 34020.0
2040 34020.0
2041 34020.0
2042 34020.0
2043 34020.0
2044 34020.0
2045 34020.0
2046 34020.0
2047 34020.0
2048 34020.0
2049 34020.0
2050 34020.0
2051 34020.0
2052 34020.0
2053 34020.0
2054 34020.0
2055 34020.0
2056 34020.0
2057 34020.0
2058 34020.0
2059 34020.0
2060 34020.0
2061 34020.0
2062 34020.0
2063 34020.0
2064 34020.0
2065 34020.0
2066 34020.0
2067 34020.0
2068 34020.0
2069 34020.0
2070 34020.0
2071 34020.0
2072 34020.0
2073 34020.0
2074 34020.0
2075 34020.0
2076 34020.0
2077 34020.0
2078 34020.0
2079 34020.0
2080 34020.0
2081 34020.0
2082 34020.0
2083 34020.0
2084 34020.0
2085 34020.0
2086 34020.0
2087 34020.0
2088 34020.0
2089 34020.0
2090 34020.0
2091 34020.0
2092 34020.0
2093 34020.0
2094 34020.0
2095 34020.0
2096 34020.0
2097 34020.0
2098 34020.0
2099 34020.0
2100 34020.0
2101 34020.0
2102 34020.0
2103 34020.0
2104 34020.0
2105 34020.0
2106 34020.0
2107 34020.0
2108 34020.0
2109 34020.0
2110 34020.0
2111 34020.0
2112 34020.0
2113 34020.0
2114 34020.0
2115 34020.0
2116 34020.0
2117 34020.0
2118 34020.0
2119 34020.0
2120 34020.0
2121 34020.0
2122 34020.0
2123 34020.0
2124 34020.0
2125 34020.0
2126 34020.0
2127 34020.0
2128 34020.0
2129 34020.0
2130 34020.0
2131 34020.0
2132 34020.0
2133 34020.0
2134 34020.0
2135 34020.0
2136 34020.0
2137 34020.0
2138 34020.0
2139 34020.0
2140 34020.0
2141 34020.0
2142 34020.0
2143 34020.0
2144 34020.0
2145 34020.0
2146 34020.0
2147 34020.0
2148 34020.0
2149 34020.0
2150 34020.0
2151 34020.0
2152 34020.0
2153 34020.0
2154 34020.0
2155 34020.0
2156 34020.0
2157 34020.0
2158 34020.0
2159 34020.0
2160 34020.0
2161 34020.0
2162 34020.0
2163 34020.0
2164 34020.0
2165 34020.0
2166 34020.0
2167 34020.0
2168 34020.0
2169 34020.0
2170 34020.0
2171 34020.0
2172 34020.0
2173 34020.0
2174 34020.0
2175 34020.0
2176 34020.0
2177 34020.0
2178 34020.0
2179 34020.0
2180 34020.0
2181 34020.0
2182 34020.0
2183 34020.0
2184 34020.0
2185 34020.0
2186 34020.0
2187 34020.0
2188 34020.0
2189 34020.0
2190 34020.0
2191 34020.0
2192 34020.0
2193 34020.0
2194 34020.0
2195 34020.0
2196 34020.0
2197 34020.0
2198 34020.0
2199 34020.0
2200 34020.0
2201 34020.0
2202 34020.0
2203 34020.0
2204 34020.0
2205 34020.0
2206 34020.0
2207 34020.0
2208 34020.0
2209 34020.0
2210 34020.0
2211 34020.0
2212 34020.0
2213 34020.0
2214 34020.0
2215 34020.0
2216 34020.0
2217 34020.0
2218 34020.0
2219 34020.0
2220 34020.0
2221 34020.0
2222 34020.0
2223 34020.0
2224 34020.0
2225 34020.0
2226 34020.0
2227 34020.0
2228 34020.0
2229 34020.0
2230 34020.0
2231 34020.0
2232 34020.0
2233 34020.0
2234 34020.0
2235 34020.0
2236 34020.0
2237 34020.0
2238 34020.0
2239 34020.0
2240 34020.0
2241 34020.0
2242 34020.0
2243 34020.0
2244 34020.0
2245 34020.0
2246 34020.0
2247 34020.0
2248 34020.0
2249 34020.0
2250 34020.0
2251 34020.0
2252 34020.0
2253 34020.0
2254 34020.0
2255 34020.0
2256 34020.0
2257 34020.0
2258 34020.0
2259 34020.0
2260 34020.0
2261 34020.0
2262 34020.0
2263 34020.0
2264 34020.0
2265 34020.0
2266 34020.0
2267 34020.0
2268 34020.0
2269 34020.0
2270 34020.0
2271 34020.0
2272 34020.0
2273 34020.0
2274 34020.0
2275 34020.0
2276 34020.0
2277 34020.0
2278 34020.0
2279 34020.0
2280 34020.0
2281 34020.0
2282 34020.0
2283 34020.0
2284 34020.0
2285 34020.0
2286 34020.0
2287 34020.0
2288 34020.0
2289 34020.0
2290 34020.0
2291 34020.0
2292 34020.0
2293 34020.0
2294 34020.0
2295 34020.0
2296 34020.0
2297 34020.0
2298 34020.0
2299 34020.0
2300 34020.0
2301 34020.0
2302 34020.0
2303 34020.0
2304 34020.0
2305 34020.0
2306 34020.0
2307 34020.0
2308 34020.0
2309 34020.0
2310 34020.0
2311 34020.0
2312 34020.0
2313 34020.0
2314 34020.0
2315 34020.0
2316 34020.0
2317 34020.0
2318 34020.0
2319 34020.0
2320 34020.0
2321 34020.0
2322 34020.0
2323 34020.0
2324 34020.0
2325 34020.0
2326 34020.0
2327 34020.0
2328 34020.0
2329 34020.0
2330 34020.0
2331 34020.0
2332 34020.0
2333 34020.0
2334 34020.0
2335 34020.0
2336 34020.0
2337 34020.0
2338 34020.0
2339 34020.0
2340 34020.0
2341 34020.0
2342 34020.0
2343 34020.0
2344 34020.0
2345 34020.0
2346 34020.0
2347 34020.0
2348 34020.0
2349 34020.0
2350 34020.0
2351 34020.0
2352 34020.0
2353 34020.0
2354 34020.0
2355 34020.0
2356 34020.0
2357 34020.0
2358 34020.0
2359 34020.0
2360 34020.0
2361 34020.0
2362 34020.0
2363 34020.0
2364 34020.0
2365 34020.0
2366 34020.0
2367 34020.0
2368 34020.0
2369 34020.0
2370 34020.0
2371 34020.0
2372 34020.0
2373 34020.0
2374 34020.0
2375 34020.0
2376 34020.0
2377 34020.0
2378 34020.0
2379 34020.0
2380 34020.0
2381 34020.0
2382 34020.0
2383 34020.0
2384 34020.0
2385 34020.0
2386 34020.0
2387 34020.0
2388 34020.0
2389 34020.0
2390 34020.0
2391 34020.0
2392 34020.0
2393 34020.0
2394 34020.0
2395 34020.0
2396 34020.0
2397 34020.0
2398 34020.0
2399 34020.0
2400 34020.0
2401 34020.0
2402 34020.0
2403 34020.0
2404 34020.0
2405 34020.0
2406 34020.0
2407 34020.0
2408 34020.0
2409 34020.0
2410 34020.0
2411 34020.0
2412 34020.0
2413 34020.0
2414 34020.0
2415 34020.0
2416 34020.0
2417 34020.0
2418 34020.0
2419 34020.0
2420 34020.0
2421 34020.0
2422 34020.0
2423 34020.0
2424 34020.0
2425 34020.0
2426 34020.0
2427 34020.0
2428 34020.0
2429 34020.0
2430 34020.0
2431 34020.0
2432 34020.0
2433 34020.0
2434 34020.0
2435 34020.0
2436 34020.0
2437 34020.0
2438 34020.0
2439 34020.0
2440 34020.0
2441 34020.0
2442 34020.0
2443 34020.0
2444 34020.0
2445 34020.0
2446 34020.0
2447 34020.0
2448 34020.0
2449 34020.0
2450 34020.0
2451 34020.0
2452 34020.0
2453 34020.0
2454 34020.0
2455 34020.0
2456 34020.0
2457 34020.0
2458 34020.0
2459 34020.0
2460 34020.0
2461 34020.0
2462 34020.0
2463 34020.0
2464 34020.0
2465 34020.0
2466 34020.0
2467 34020.0
2468 34020.0
2469 34020.0
2470 34020.0
2471 34020.0
2472 34020.0
2473 34020.0
2474 34020.0
2475 34020.0
2476 34020.0
2477 34020.0
2478 34020.0
2479 34020.0
2480 34020.0
2481 34020.0
2482 34020.0
2483 34020.0
2484 34020.0
2485 34020.0
2486 34020.0
2487 34020.0
2488 34020.0
2489 34020.0
2490 34020.0
2491 34020.0
2492 34020.0
2493 34020.0
2494 34020.0
2495 34020.0
2496 34020.0
2497 34020.0
2498 34020.0
2499 34020.0
2500 34020.0
2501 34020.0
2502 34020.0
2503 34020.0
2504 34020.0
2505 34020.0
2506 34020.0
2507 34020.0
2508 34020.0
2509 34020.0
2510 34020.0
2511 34020.0
2512 34020.0
2513 34020.0
2514 34020.0
2515 34020.0
2516 34020.0
2517 34020.0
2518 34020.0
2519 34020.0
2520 34020.0
2521 34020.0
2522 34020.0
2523 34020.0
2524 34020.0
2525 34020.0
2526 34020.0
2527 34020.0
2528 34020.0
2529 34020.0
2530 34020.0
2531 34020.0
2532 34020.0
2533 34020.0
2534 34020.0
2535 34020.0
2536 34020.0
2537 34020.0
2538 34020.0
2539 34020.0
2540 34020.0
2541 34020.0
2542 34020.0
2543 34020.0
2544 34020.0
2545 34020.0
2546 34020.0
2547 34020.0
2548 34020.0
2549 34020.0
2550 34020.0
2551 34020.0
2552 34020.0
2553 34020.0
2554 34020.0
2555 34020.0
2556 34020.0
2557 34020.0
2558 34020.0
2559 34020.0
2560 34020.0
2561 34020.0
2562 34020.0
2563 34020.0
2564 34020.0
2565 34020.0
2566 34020.0
2567 34020.0
2568 34020.0
2569 34020.0
2570 34020.0
2571 34020.0
2572 34020.0
2573 34020.0
2574 34020.0
2575 34020.0
2576 34020.0
2577 34020.0
2578 34020.0
2579 34020.0
2580 34020.0
2581 34020.0
2582 34020.0
2583 34020.0
2584 34020.0
2585 34020.0
2586 34020.0
2587 34020.0
2588 34020.0
2589 34020.0
2590 34020.0
2591 34020.0
2592 34020.0
2593 34020.0
2594 34020.0
2595 34020.0
2596 34020.0
2597 34020.0
2598 34020.0
2599 34020.0
2600 34020.0
2601 34020.0
2602 34020.0
2603 34020.0
2604 34020.0
2605 34020.0
2606 34020.0
2607 34020.0
2608 34020.0
2609 34020.0
2610 34020.0
2611 34020.0
2612 34020.0
2613 34020.0
2614 34020.0
2615 34020.0
2616 34020.0
2617 34020.0
2618 34020.0
2619 34020.0
2620 34020.0
2621 34020.0
2622 34020.0
2623 34020.0
2624 34020.0
2625 34020.0
2626 34020.0
2627 34020.0
2628 34020.0
2629 34020.0
2630 34020.0
2631 34020.0
2632 34020.0
2633 34020.0
2634 34020.0
2635 34020.0
2636 34020.0
2637 34020.0
2638 34020.0
2639 34020.0
2640 34020.0
2641 34020.0
2642 34020.0
2643 34020.0
2644 34020.0
2645 34020.0
2646 34020.0
2647 34020.0
2648 34020.0
2649 34020.0
2650 34020.0
2651 34020.0
2652 34020.0
2653 34020.0
2654 34020.0
2655 34020.0
2656 34020.0
2657 34020.0
2658 34020.0
2659 34020.0
2660 34020.0
2661 34020.0
2662 34020.0
2663 34020.0
2664 34020.0
2665 34020.0
2666 34020.0
2667 34020.0
2668 34020.0
2669 34020.0
2670 34020.0
2671 34020.0
2672 34020.0
2673 34020.0
2674 34020.0
2675 34020.0
2676 34020.0
2677 34020.0
2678 34020.0
2679 34020.0
2680 34020.0
2681 34020.0
2682 34020.0
2683 34020.0
2684 34020.0
2685 34020.0
2686 34020.0
2687 34020.0
2688 34020.0
2689 34020.0
2690 34020.0
2691 34020.0
2692 34020.0
2693 34020.0
2694 34020.0
2695 34020.0
2696 34020.0
2697 34020.0
2698 34020.0
2699 34020.0
2700 34020.0
2701 34020.0
2702 34020.0
2703 34020.0
2704 34020.0
2705 34020.0
2706 34020.0
2707 34020.0
2708 34020.0
2709 34020.0
2710 34020.0
2711 34020.0
2712 34020.0
2713 34020.0
2714 34020.0
2715 34020.0
2716 34020.0
2717 34020.0
2718 34020.0
2719 34020.0
2720 34020.0
2721 34020.0
2722 34020.0
2723 34020.0
2724 34020.0
2725 34020.0
2726 34020.0
2727 34020.0
2728 34020.0
2729 34020.0
2730 34020.0
2731 34020.0
2732 34020.0
2733 34020.0
2734 34020.0
2735 34020.0
2736 34020.0
2737 34020.0
2738 34020.0
2739 34020.0
2740 34020.0
2741 34020.0
2742 34020.0
2743 34020.0
2744 34020.0
2745 34020.0
2746 34020.0
2747 34020.0
2748 34020.0
2749 34020.0
2750 34020.0
2751 34020.0
2752 34020.0
2753 34020.0
2754 34020.0
2755 34020.0
2756 34020.0
2757 34020.0
2758 34020.0
2759 34020.0
2760 34020.0
2761 34020.0
2762 34020.0
2763 34020.0
2764 34020.0
2765 34020.0
2766 34020.0
2767 34020.0
2768 34020.0
2769 34020.0
2770 34020.0
2771 34020.0
2772 34020.0
2773 34020.0
2774 34020.0
2775 34020.0
2776 34020.0
2777 34020.0
2778 34020.0
2779 34020.0
2780 34020.0
2781 34020.0
2782 34020.0
2783 34020.0
2784 34020.0
2785 34020.0
2786 34020.0
2787 34020.0
2788 34020.0
2789 34020.0
2790 34020.0
2791 34020.0
2792 34020.0
2793 34020.0
2794 34020.0
2795 34020.0
2796 34020.0
2797 34020.0
2798 34020.0
2799 34020.0
2800 34020.0
2801 34020.0
2802 34020.0
2803 34020.0
2804 34020.0
2805 34020.0
2806 34020.0
2807 34020.0
2808 34020.0
2809 34020.0
2810 34020.0
2811 34020.0
2812 34020.0
2813 34020.0
2814 34020.0
2815 34020.0
2816 34020.0
2817 34020.0
2818 34020.0
2819 34020.0
2820 34020.0
2821 34020.0
2822 34020.0
2823 34020.0
2824 34020.0
2825 34020.0
2826 34020.0
2827 34020.0
2828 34020.0
2829 34020.0
2830 34020.0
2831 34020.0
2832 34020.0
2833 34020.0
2834 34020.0
2835 34020.0
2836 34020.0
2837 34020.0
2838 34020.0
2839 34020.0
2840 34020.0
2841 34020.0
2842 34020.0
2843 34020.0
2844 34020.0
2845 34020.0
2846 34020.0
2847 34020.0
2848 34020.0
2849 34020.0
2850 34020.0
2851 34020.0
2852 34020.0
2853 34020.0
2854 34020.0
2855 34020.0
2856 34020.0
2857 34020.0
2858 34020.0
2859 34020.0
2860 34020.0
2861 34020.0
2862 34020.0
2863 34020.0
2864 34020.0
2865 34020.0
2866 34020.0
2867 34020.0
2868 34020.0
2869 34020.0
2870 34020.0
2871 34020.0
2872 34020.0
2873 34020.0
2874 34020.0
2875 34020.0
2876 34020.0
2877 34020.0
2878 34020.0
2879 34020.0
2880 34020.0
2881 34020.0
2882 34020.0
2883 34020.0
2884 34020.0
2885 34020.0
2886 34020.0
2887 34020.0
2888 34020.0
2889 34020.0
2890 34020.0
2891 34020.0
2892 34020.0
2893 34020.0
2894 34020.0
2895 34020.0
2896 34020.0
2897 34020.0
2898 34020.0
2899 34020.0
2900 34020.0
2901 34020.0
2902 34020.0
2903 34020.0
2904 34020.0
2905 34020.0
2906 34020.0
2907 34020.0
2908 34020.0
2909 34020.0
2910 34020.0
2911 34020.0
2912 34020.0
2913 34020.0
2914 34020.0
2915 34020.0
2916 34020.0
2917 34020.0
2918 34020.0
2919 34020.0
2920 34020.0
2921 34020.0
2922 34020.0
2923 34020.0
2924 34020.0
2925 34020.0
2926 34020.0
2927 34020.0
2928 34020.0
2929 34020.0
2930 34020.0
2931 34020.0
2932 34020.0
2933 34020.0
2934 34020.0
2935 34020.0
2936 34020.0
2937 34020.0
2938 34020.0
2939 34020.0
2940 34020.0
2941 34020.0
2942 34020.0
2943 34020.0
2944 34020.0
2945 34020.0
2946 34020.0
2947 34020.0
2948 34020.0
2949 34020.0
2950 34020.0
2951 34020.0
2952 34020.0
2953 34020.0
2954 34020.0
2955 34020.0
2956 34020.0
2957 34020.0
2958 34020.0
2959 34020.0
2960 34020.0
2961 34020.0
2962 34020.0
2963 34020.0
2964 34020.0
2965 34020.0
2966 34020.0
2967 34020.0
2968 34020.0
2969 34020.0
2970 34020.0
2971 34020.0
2972 34020.0
2973 34020.0
2974 34020.0
2975 34020.0
2976 34020.0
2977 34020.0
2978 34020.0
2979 34020.0
2980 34020.0
2981 34020.0
2982 34020.0
2983 34020.0
2984 34020.0
2985 34020.0
2986 34020.0
2987 34020.0
2988 34020.0
2989 34020.0
2990 34020.0
2991 34020.0
2992 34020.0
2993 34020.0
2994 34020.0
2995 34020.0
2996 34020.0
2997 34020.0
2998 34020.0
2999 34020.0
3000 34020.0
3001 34020.0
3002 34020.0
3003 34020.0
3004 34020.0
3005 34020.0
3006 34020.0
3007 34020.0
3008 34020.0
3009 34020.0
3010 34020.0
3011 34020.0
3012 34020.0
3013 34020.0
3014 34020.0
3015 34020.0
3016 34020.0
3017 34020.0
3018 34020.0
3019 34020.0
3020 34020.0
3021 34020.0
3022 34020.0
3023 34020.0
3024 34020.0
3025 34020.0
3026 34020.0
3027 34020.0
3028 34020.0
3029 34020.0
3030 34020.0
3031 34020.0
3032 34020.0
3033 34020.0
3034 34020.0
3035 34020.0
3036 34020.0
3037 34020.0
3038 34020.0
3039 34020.0
3040 34020.0
3041 34020.0
3042 34020.0
3043 34020.0
3044 34020.0
3045 34020.0
3046 34020.0
3047 34020.0
3048 34020.0
3049 34020.0
3050 34020.0
3051 34020.0
3052 34020.0
3053 34020.0
3054 34020.0
3055 34020.0
3056 34020.0
3057 34020.0
3058 34020.0
3059 34020.0
3060 34020.0
3061 34020.0
3062 34020.0
3063 34020.0
3064 34020.0
3065 34020.0
3066 34020.0
3067 34020.0
3068 34020.0
3069 34020.0
3070 34020.0
3071 34020.0
3072 34020.0
3073 34020.0
3074 34020.0
3075 34020.0
3076 34020.0
3077 34020.0
3078 34020.0
3079 34020.0
3080 34020.0
3081 34020.0
3082 34020.0
3083 34020.0
3084 34020.0
3085 34020.0
3086 34020.0
3087 34020.0
3088 34020.0
3089 34020.0
3090 34020.0
3091 34020.0
3092 34020.0
3093 34020.0
3094 34020.0
3095 34020.0
3096 34020.0
3097 34020.0
3098 34020.0
3099 34020.0
3100 34020.0
3101 34020.0
3102 34020.0
3103 34020.0
3104 34020.0
3105 34020.0
3106 34020.0
3107 34020.0
3108 34020.0
3109 34020.0
3110 34020.0
3111 34020.0
3112 34020.0
3113 34020.0
3114 34020.0
3115 34020.0
3116 34020.0
3117 34020.0
3118 34020.0
3119 34020.0
3120 34020.0
3121 34020.0
3122 34020.0
3123 34020.0
3124 34020.0
3125 34020.0
3126 34020.0
3127 34020.0
3128 34020.0
3129 34020.0
3130 34020.0
3131 34020.0
3132 34020.0
3133 34020.0
3134 34020.0
3135 34020.0
3136 34020.0
3137 34020.0
3138 34020.0
3139 34020.0
3140 34020.0
3141 34020.0
3142 34020.0
3143 34020.0
3144 34020.0
3145 34020.0
3146 34020.0
3147 34020.0
3148 34020.0
3149 34020.0
3150 34020.0
3151 34020.0
3152 34020.0
3153 34020.0
3154 34020.0
3155 34020.0
3156 34020.0
3157 34020.0
3158 34020.0
3159 34020.0
3160 34020.0
3161 34020.0
3162 34020.0
3163 34020.0
3164 34020.0
3165 34020.0
3166 34020.0
3167 34020.0
3168 34020.0
3169 34020.0
3170 34020.0
3171 34020.0
3172 34020.0
3173 34020.0
3174 34020.0
3175 34020.0
3176 34020.0
3177 34020.0
3178 34020.0
3179 34020.0
3180 34020.0
3181 34020.0
3182 34020.0
3183 34020.0
3184 34020.0
3185 34020.0
3186 34020.0
3187 34020.0
3188 34020.0
3189 34020.0
3190 34020.0
3191 34020.0
3192 34020.0
3193 34020.0
3194 34020.0
3195 34020.0
3196 34020.0
3197 34020.0
3198 34020.0
3199 34020.0
3200 34020.0
3201 34020.0
3202 34020.0
3203 34020.0
3204 34020.0
3205 34020.0
3206 34020.0
3207 34020.0
3208 34020.0
3209 34020.0
3210 34020.0
3211 34020.0
3212 34020.0
3213 34020.0
3214 34020.0
3215 34020.0
3216 34020.0
3217 34020.0
3218 34020.0
3219 34020.0
3220 34020.0
3221 34020.0
3222 34020.0
3223 34020.0
3224 34020.0
3225 34020.0
3226 34020.0
3227 34020.0
3228 34020.0
3229 34020.0
3230 34020.0
3231 34020.0
3232 34020.0
3233 34020.0
3234 34020.0
3235 34020.0
3236 34020.0
3237 34020.0
3238 34020.0
3239 34020.0
3240 34020.0
3241 34020.0
3242 34020.0
3243 34020.0
3244 34020.0
3245 34020.0
3246 34020.0
3247 34020.0
3248 34020.0
3249 34020.0
3250 34020.0
3251 34020.0
3252 34020.0
3253 34020.0
3254 34020.0
3255 34020.0
3256 34020.0
3257 34020.0
3258 34020.0
3259 34020.0
3260 34020.0
3261 34020.0
3262 34020.0
3263 34020.0
3264 34020.0
3265 34020.0
3266 34020.0
3267 34020.0
3268 34020.0
3269 34020.0
3270 34020.0
3271 34020.0
3272 34020.0
3273 34020.0
3274 34020.0
3275 34020.0
3276 34020.0
3277 34020.0
3278 34020.0
3279 34020.0
3280 34020.0
3281 34020.0
3282 34020.0
3283 34020.0
3284 34020.0
3285 34020.0
3286 34020.0
3287 34020.0
3288 34020.0
3289 34020.0
3290 34020.0
3291 34020.0
3292 34020.0
3293 34020.0
3294 34020.0
3295 34020.0
3296 34020.0
3297 34020.0
3298 34020.0
3299 34020.0
3300 34020.0
3301 34020.0
3302 34020.0
3303 34020.0
3304 34020.0
3305 34020.0
3306 34020.0
3307 34020.0
3308 34020.0
3309 34020.0
3310 34020.0
3311 34020.0
3312 34020.0
3313 34020.0
3314 34020.0
3315 34020.0
3316 34020.0
3317 34020.0
3318 34020.0
3319 34020.0
3320 34020.0
3321 34020.0
3322 34020.0
3323 34020.0
3324 34020.0
3325 34020.0
3326 34020.0
3327 34020.0
3328 34020.0
3329 34020.0
3330 34020.0
3331 34020.0
3332 34020.0
3333 34020.0
3334 34020.0
3335 34020.0
3336 34020.0
3337 34020.0
3338 34020.0
3339 34020.0
3340 34020.0
3341 34020.0
3342 34020.0
3343 34020.0
3344 34020.0
3345 34020.0
3346 34020.0
3347 34020.0
3348 34020.0
3349 34020.0
3350 34020.0
3351 34020.0
3352 34020.0
3353 34020.0
3354 34020.0
3355 34020.0
3356 34020.0
3357 34020.0
3358 34020.0
3359 34020.0
3360 34020.0
3361 34020.0
3362 34020.0
3363 34020.0
3364 34020.0
3365 34020.0
3366 34020.0
3367 34020.0
3368 34020.0
3369 34020.0
3370 34020.0
3371 34020.0
3372 34020.0
3373 34020.0
3374 34020.0
3375 34020.0
3376 34020.0
3377 34020.0
3378 34020.0
3379 34020.0
3380 34020.0
3381 34020.0
3382 34020.0
3383 34020.0
3384 34020.0
3385 34020.0
3386 34020.0
3387 34020.0
3388 34020.0
3389 34020.0
3390 34020.0
3391 34020.0
3392 34020.0
3393 34020.0
3394 34020.0
3395 34020.0
3396 34020.0
3397 34020.0
3398 34020.0
3399 34020.0
3400 34020.0
3401 34020.0
3402 34020.0
3403 34020.0
3404 34020.0
3405 34020.0
3406 34020.0
3407 34020.0
3408 34020.0
3409 34020.0
3410 34020.0
3411 34020.0
3412 34020.0
3413 34020.0
3414 34020.0
3415 34020.0
3416 34020.0
3417 34020.0
3418 34020.0
3419 34020.0
3420 34020.0
3421 34020.0
3422 34020.0
3423 34020.0
3424 34020.0
3425 34020.0
3426 34020.0
3427 34020.0
3428 34020.0
3429 34020.0
3430 34020.0
3431 34020.0
3432 34020.0
3433 34020.0
3434 34020.0
3435 34020.0
3436 34020.0
3437 34020.0
3438 34020.0
3439 34020.0
3440 34020.0
3441 34020.0
3442 34020.0
3443 34020.0
3444 34020.0
3445 34020.0
3446 34020.0
3447 34020.0
3448 34020.0
3449 34020.0
3450 34020.0
3451 34020.0
3452 34020.0
3453 34020.0
3454 34020.0
3455 34020.0
3456 34020.0
3457 34020.0
3458 34020.0
3459 34020.0
3460 34020.0
3461 34020.0
3462 34020.0
3463 34020.0
3464 34020.0
3465 34020.0
3466 34020.0
3467 34020.0
3468 34020.0
3469 34020.0
3470 34020.0
3471 34020.0
3472 34020.0
3473 34020.0
3474 34020.0
3475 34020.0
3476 34020.0
3477 34020.0
3478 34020.0
3479 34020.0
3480 34020.0
3481 34020.0
3482 34020.0
3483 34020.0
3484 34020.0
3485 34020.0
3486 34020.0
3487 34020.0
3488 34020.0
3489 34020.0
3490 34020.0
3491 34020.0
3492 34020.0
3493 34020.0
3494 34020.0
3495 34020.0
3496 34020.0
3497 34020.0
3498 34020.0
3499 34020.0
3500 34020.0
3501 34020.0
3502 34020.0
3503 34020.0
3504 34020.0
3505 34020.0
3506 34020.0
3507 34020.0
3508 34020.0
3509 34020.0
3510 34020.0
3511 34020.0
3512 34020.0
3513 34020.0
3514 34020.0
3515 34020.0
3516 34020.0
3517 34020.0
3518 34020.0
3519 34020.0
3520 34020.0
3521 34020.0
3522 34020.0
3523 34020.0
3524 34020.0
3525 34020.0
3526 34020.0
3527 34020.0
3528 34020.0
3529 34020.0
3530 34020.0
3531 34020.0
3532 34020.0
3533 34020.0
3534 34020.0
3535 34020.0
3536 34020.0
3537 34020.0
3538 34020.0
3539 34020.0
3540 34020.0
3541 34020.0
3542 34020.0
3543 34020.0
3544 34020.0
3545 34020.0
3546 34020.0
3547 34020.0
3548 34020.0
3549 34020.0
3550 34020.0
3551 34020.0
3552 34020.0
3553 34020.0
3554 34020.0
3555 34020.0
3556 34020.0
3557 34020.0
3558 34020.0
3559 34020.0
3560 34020.0
3561 34020.0
3562 34020.0
3563 34020.0
3564 34020.0
3565 34020.0
3566 34020.0
3567 34020.0
3568 34020.0
3569 34020.0
3570 34020.0
3571 34020.0
3572 34020.0
3573 34020.0
3574 34020.0
3575 34020.0
3576 34020.0
3577 34020.0
3578 34020.0
3579 34020.0
3580 34020.0
3581 34020.0
3582 34020.0
3583 34020.0
3584 34020.0
3585 34020.0
3586 34020.0
3587 34020.0
3588 34020.0
3589 34020.0
3590 34020.0
3591 34020.0
3592 34020.0
3593 34020.0
3594 34020.0
3595 34020.0
3596 34020.0
3597 34020.0
3598 34020.0
3599 34020.0
3600 34020.0
3601 34020.0
3602 34020.0
3603 34020.0
3604 34020.0
3605 34020.0
3606 34020.0
3607 34020.0
3608 34020.0
3609 34020.0
3610 34020.0
3611 34020.0
3612 34020.0
3613 34020.0
3614 34020.0
3615 34020.0
3616 34020.0
3617 34020.0
3618 34020.0
3619 34020.0
3620 34020.0
3621 34020.0
3622 34020.0
3623 34020.0
3624 34020.0
3625 34020.0
3626 34020.0
3627 34020.0
3628 34020.0
3629 34020.0
3630 34020.0
3631 34020.0
3632 34020.0
3633 34020.0
3634 34020.0
3635 34020.0
3636 34020.0
3637 34020.0
3638 34020.0
3639 34020.0
3640 34020.0
3641 34020.0
3642 34020.0
3643 34020.0
3644 34020.0
3645 34020.0
3646 34020.0
3647 34020.0
3648 34020.0
3649 34020.0
3650 34020.0
3651 34020.0
3652 34020.0
3653 34020.0
3654 34020.0
3655 34020.0
3656 34020.0
3657 34020.0
3658 34020.0
3659 34020.0
3660 34020.0
3661 34020.0
3662 34020.0
3663 34020.0
3664 34020.0
3665 34020.0
3666 34020.0
3667 34020.0
3668 34020.0
3669 34020.0
3670 34020.0
3671 34020.0
3672 34020.0
3673 34020.0
3674 34020.0
3675 34020.0
3676 34020.0
3677 34020.0
3678 34020.0
3679 34020.0
3680 34020.0
3681 34020.0
3682 34020.0
3683 34020.0
3684 34020.0
3685 34020.0
3686 34020.0
3687 34020.0
3688 34020.0
3689 34020.0
3690 34020.0
3691 34020.0
3692 34020.0
3693 34020.0
3694 34020.0
3695 34020.0
3696 34020.0
3697 34020.0
3698 34020.0
3699 34020.0
3700 34020.0
3701 34020.0
3702 34020.0
3703 34020.0
3704 34020.0
3705 34020.0
3706 34020.0
3707 34020.0
3708 34020.0
3709 34020.0
3710 34020.0
3711 34020.0
3712 34020.0
3713 34020.0
3714 34020.0
3715 34020.0
3716 34020.0
3717 34020.0
3718 34020.0
3719 34020.0
3720 34020.0
3721 34020.0
3722 34020.0
3723 34020.0
3724 34020.0
3725 34020.0
3726 34020.0
3727 34020.0
3728 34020.0
3729 34020.0
3730 34020.0
3731 34020.0
3732 34020.0
3733 34020.0
3734 34020.0
3735 34020.0
3736 34020.0
3737 34020.0
3738 34020.0
3739 34020.0
3740 34020.0
3741 34020.0
3742 34020.0
3743 34020.0
3744 34020.0
3745 34020.0
3746 34020.0
3747 34020.0
3748 34020.0
3749 34020.0
3750 34020.0
3751 34020.0
3752 34020.0
3753 34020.0
3754 34020.0
3755 34020.0
3756 34020.0
3757 34020.0
3758 34020.0
3759 34020.0
3760 34020.0
3761 34020.0
3762 34020.0
3763 34020.0
3764 34020.0
3765 34020.0
3766 34020.0
3767 34020.0
3768 34020.0
3769 34020.0
3770 34020.0
3771 34020.0
3772 34020.0
3773 34020.0
3774 34020.0
3775 34020.0
3776 34020.0
3777 34020.0
3778 34020.0
3779 34020.0
3780 34020.0
3781 34020.0
3782 34020.0
3783 34020.0
3784 34020.0
3785 34020.0
3786 34020.0
3787 34020.0
3788 34020.0
3789 34020.0
3790 34020.0
3791 34020.0
3792 34020.0
3793 34020.0
3794 34020.0
3795 34020.0
3796 34020.0
3797 34020.0
3798 34020.0
3799 34020.0
3800 34020.0
3801 34020.0
3802 34020.0
3803 34020.0
3804 34020.0
3805 34020.0
3806 34020.0
3807 34020.0
3808 34020.0
3809 34020.0
3810 34020.0
3811 34020.0
3812 34020.0
3813 34020.0
3814 34020.0
3815 34020.0
3816 34020.0
3817 34020.0
3818 34020.0
3819 34020.0
3820 34020.0
3821 34020.0
3822 34020.0
3823 34020.0
3824 34020.0
3825 34020.0
3826 34020.0
3827 34020.0
3828 34020.0
3829 34020.0
3830 34020.0
3831 34020.0
3832 34020.0
3833 34020.0
3834 34020.0
3835 34020.0
3836 34020.0
3837 34020.0
3838 34020.0
3839 34020.0
3840 34020.0
3841 34020.0
3842 34020.0
3843 34020.0
3844 34020.0
3845 34020.0
3846 34020.0
3847 34020.0
3848 34020.0
3849 34020.0
3850 34020.0
3851 34020.0
3852 34020.0
3853 34020.0
3854 34020.0
3855 34020.0
3856 34020.0
3857 34020.0
3858 34020.0
3859 34020.0
3860 34020.0
3861 34020.0
3862 34020.0
3863 34020.0
3864 34020.0
3865 34020.0
3866 34020.0
3867 34020.0
3868 34020.0
3869 34020.0
3870 34020.0
3871 34020.0
3872 34020.0
3873 34020.0
3874 34020.0
3875 34020.0
3876 34020.0
3877 34020.0
3878 34020.0
3879 34020.0
3880 34020.0
3881 34020.0
3882 34020.0
3883 34020.0
3884 34020.0
3885 34020.0
3886 34020.0
3887 34020.0
3888 34020.0
3889 34020.0
3890 34020.0
3891 34020.0
3892 34020.0
3893 34020.0
3894 34020.0
3895 34020.0
3896 34020.0
3897 34020.0
3898 34020.0
3899 34020.0
3900 34020.0
3901 34020.0
3902 34020.0
3903 34020.0
3904 34020.0
3905 34020.0
3906 34020.0
3907 34020.0
3908 34020.0
3909 34020.0
3910 34020.0
3911 34020.0
3912 34020.0
3913 34020.0
3914 34020.0
3915 34020.0
3916 34020.0
3917 34020.0
3918 34020.0
3919 34020.0
3920 34020.0
3921 34020.0
3922 34020.0
3923 34020.0
3924 34020.0
3925 34020.0
3926 34020.0
3927 34020.0
3928 34020.0
3929 34020.0
3930 34020.0
3931 34020.0
3932 34020.0
3933 34020.0
3934 34020.0
3935 34020.0
3936 34020.0
3937 34020.0
3938 34020.0
3939 34020.0
3940 34020.0
3941 34020.0
3942 34020.0
3943 34020.0
3944 34020.0
3945 34020.0
3946 34020.0
3947 34020.0
3948 34020.0
3949 34020.0
3950 34020.0
3951 34020.0
3952 34020.0
3953 34020.0
3954 34020.0
3955 34020.0
3956 34020.0
3957 34020.0
3958 34020.0
3959 34020.0
3960 34020.0
3961 34020.0
3962 34020.0
3963 34020.0
3964 34020.0
3965 34020.0
3966 34020.0
3967 34020.0
3968 34020.0
3969 34020.0
3970 34020.0
3971 34020.0
3972 34020.0
3973 34020.0
3974 34020.0
3975 34020.0
3976 34020.0
3977 34020.0
3978 34020.0
3979 34020.0
3980 34020.0
3981 34020.0
3982 34020.0
3983 34020.0
3984 34020.0
3985 34020.0
3986 34020.0
3987 34020.0
3988 34020.0
3989 34020.0
3990 34020.0
3991 34020.0
3992 34020.0
3993 34020.0
3994 34020.0
3995 34020.0
3996 34020.0
3997 34020.0
3998 34020.0
3999 34020.0
4000 34020.0
4001 34020.0
4002 34020.0
4003 34020.0
4004 34020.0
4005 34020.0
4006 34020.0
4007 34020.0
4008 34020.0
4009 34020.0
4010 34020.0
4011 34020.0
4012 34020.0
4013 34020.0
4014 34020.0
4015 34020.0
4016 34020.0
4017 34020.0
4018 34020.0
4019 34020.0
4020 34020.0
4021 34020.0
4022 34020.0
4023 34020.0
4024 34020.0
4025 34020.0
4026 34020.0
4027 34020.0
4028 34020.0
4029 34020.0
4030 34020.0
4031 34020.0
4032 34020.0
4033 34020.0
4034 34020.0
4035 34020.0
4036 34020.0
4037 34020.0
4038 34020.0
4039 34020.0
4040 34020.0
4041 34020.0
4042 34020.0
4043 34020.0
4044 34020.0
4045 34020.0
4046 34020.0
4047 34020.0
4048 34020.0
4049 34020.0
4050 34020.0
4051 34020.0
4052 34020.0
4053 34020.0
4054 34020.0
4055 34020.0
4056 34020.0
4057 34020.0
4058 34020.0
4059 34020.0
4060 34020.0
4061 34020.0
4062 34020.0
4063 34020.0
4064 34020.0
4065 34020.0
4066 34020.0
4067 34020.0
4068 34020.0
4069 34020.0
4070 34020.0
4071 34020.0
4072 34020.0
4073 34020.0
4074 34020.0
4075 34020.0
4076 34020.0
4077 34020.0
4078 34020.0
4079 34020.0
4080 34020.0
4081 34020.0
4082 34020.0
4083 34020.0
4084 34020.0
4085 34020.0
4086 34020.0
4087 34020.0
4088 34020.0
4089 34020.0
4090 34020.0
4091 34020.0
4092 34020.0
4093 34020.0
4094 34020.0
4095 34020.0
4096 34020.0
4097 34020.0
4098 34020.0
4099 34020.0
4100 34020.0
4101 34020.0
4102 34020.0
4103 34020.0
4104 34020.0
4105 34020.0
4106 34020.0
4107 34020.0
4108 34020.0
4109 34020.0
4110 34020.0
4111 34020.0
4112 34020.0
4113 34020.0
4114 34020.0
4115 34020.0
4116 34020.0
4117 34020.0
4118 34020.0
4119 34020.0
4120 34020.0
4121 34020.0
4122 34020.0
4123 34020.0
4124 34020.0
4125 34020.0
4126 34020.0
4127 34020.0
4128 34020.0
4129 34020.0
4130 34020.0
4131 34020.0
4132 34020.0
4133 34020.0
4134 34020.0
4135 34020.0
4136 34020.0
4137 34020.0
4138 34020.0
4139 34020.0
4140 34020.0
4141 34020.0
4142 34020.0
4143 34020.0
4144 34020.0
4145 34020.0
4146 34020.0
4147 34020.0
4148 34020.0
4149 34020.0
4150 34020.0
4151 34020.0
4152 34020.0
4153 34020.0
4154 34020.0
4155 34020.0
4156 34020.0
4157 34020.0
4158 34020.0
4159 34020.0
4160 34020.0
4161 34020.0
4162 34020.0
4163 34020.0
4164 34020.0
4165 34020.0
4166 34020.0
4167 34020.0
4168 34020.0
4169 34020.0
4170 34020.0
4171 34020.0
4172 34020.0
4173 34020.0
4174 34020.0
4175 34020.0
4176 34020.0
4177 34020.0
4178 34020.0
4179 34020.0
4180 34020.0
4181 34020.0
4182 34020.0
4183 34020.0
4184 34020.0
4185 34020.0
4186 34020.0
4187 34020.0
4188 34020.0
4189 34020.0
4190 34020.0
4191 34020.0
4192 34020.0
4193 34020.0
4194 34020.0
4195 34020.0
4196 34020.0
4197 34020.0
4198 34020.0
4199 34020.0
4200 34020.0
4201 34020.0
4202 34020.0
4203 34020.0
4204 34020.0
4205 34020.0
4206 34020.0
4207 34020.0
4208 34020.0
4209 34020.0
4210 34020.0
4211 34020.0
4212 34020.0
4213 34020.0
4214 34020.0
4215 34020.0
4216 34020.0
4217 34020.0
4218 34020.0
4219 34020.0
4220 34020.0
4221 34020.0
4222 34020.0
4223 34020.0
4224 34020.0
4225 34020.0
4226 34020.0
4227 34020.0
4228 34020.0
4229 34020.0
4230 34020.0
4231 34020.0
4232 34020.0
4233 34020.0
4234 34020.0
4235 34020.0
4236 34020.0
4237 34020.0
4238 34020.0
4239 34020.0
4240 34020.0
4241 34020.0
4242 34020.0
4243 34020.0
4244 34020.0
4245 34020.0
4246 34020.0
4247 34020.0
4248 34020.0
4249 34020.0
4250 34020.0
4251 34020.0
4252 34020.0
4253 34020.0
4254 34020.0
4255 34020.0
4256 34020.0
4257 34020.0
4258 34020.0
4259 34020.0
4260 34020.0
4261 34020.0
4262 34020.0
4263 34020.0
4264 34020.0
4265 34020.0
4266 34020.0
4267 34020.0
4268 34020.0
4269 34020.0
4270 34020.0
4271 34020.0
4272 34020.0
4273 34020.0
4274 34020.0
4275 34020.0
4276 34020.0
4277 34020.0
4278 34020.0
4279 34020.0
4280 34020.0
4281 34020.0
4282 34020.0
4283 34020.0
4284 34020.0
4285 34020.0
4286 34020.0
4287 34020.0
4288 34020.0
4289 34020.0
4290 34020.0
4291 34020.0
4292 34020.0
4293 34020.0
4294 34020.0
4295 34020.0
4296 34020.0
4297 34020.0
4298 34020.0
4299 34020.0
4300 34020.0
4301 34020.0
4302 34020.0
4303 34020.0
4304 34020.0
4305 34020.0
4306 34020.0
4307 34020.0
4308 34020.0
4309 34020.0
4310 34020.0
4311 34020.0
4312 34020.0
4313 34020.0
4314 34020.0
4315 34020.0
4316 34020.0
4317 34020.0
4318 34020.0
4319 34020.0
4320 34020.0
4321 34020.0
4322 34020.0
4323 34020.0
4324 34020.0
4325 34020.0
4326 34020.0
4327 34020.0
4328 34020.0
4329 34020.0
4330 34020.0
4331 34020.0
4332 34020.0
4333 34020.0
4334 34020.0
4335 34020.0
4336 34020.0
4337 34020.0
4338 34020.0
4339 34020.0
4340 34020.0
4341 34020.0
4342 34020.0
4343 34020.0
4344 34020.0
4345 34020.0
4346 34020.0
4347 34020.0
4348 34020.0
4349 34020.0
4350 34020.0
4351 34020.0
4352 34020.0
4353 34020.0
4354 34020.0
4355 34020.0
4356 34020.0
4357 34020.0
4358 34020.0
4359 34020.0
4360 34020.0
4361 34020.0
4362 34020.0
4363 34020.0
4364 34020.0
4365 34020.0
4366 34020.0
4367 34020.0
4368 34020.0
4369 34020.0
4370 34020.0
4371 34020.0
4372 34020.0
4373 34020.0
4374 34020.0
4375 34020.0
4376 34020.0
4377 34020.0
4378 34020.0
4379 34020.0
4380 34020.0
4381 34020.0
4382 34020.0
4383 34020.0
4384 34020.0
4385 34020.0
4386 34020.0
4387 34020.0
4388 34020.0
4389 34020.0
4390 34020.0
4391 34020.0
4392 34020.0
4393 34020.0
4394 34020.0
4395 34020.0
4396 34020.0
4397 34020.0
4398 34020.0
4399 34020.0
4400 34020.0
4401 34020.0
4402 34020.0
4403 34020.0
4404 34020.0
4405 34020.0
4406 34020.0
4407 34020.0
4408 34020.0
4409 34020.0
4410 34020.0
4411 34020.0
4412 34020.0
4413 34020.0
4414 34020.0
4415 34020.0
4416 34020.0
4417 34020.0
4418 34020.0
4419 34020.0
4420 34020.0
4421 34020.0
4422 34020.0
4423 34020.0
4424 34020.0
4425 34020.0
4426 34020.0
4427 34020.0
4428 34020.0
4429 34020.0
4430 34020.0
4431 34020.0
4432 34020.0
4433 34020.0
4434 34020.0
4435 34020.0
4436 34020.0
4437 34020.0
4438 34020.0
4439 34020.0
4440 34020.0
4441 34020.0
4442 34020.0
4443 34020.0
4444 34020.0
4445 34020.0
4446 34020.0
4447 34020.0
4448 34020.0
4449 34020.0
4450 34020.0
4451 34020.0
4452 34020.0
4453 34020.0
4454 34020.0
4455 34020.0
4456 34020.0
4457 34020.0
4458 34020.0
4459 34020.0
4460 34020.0
4461 34020.0
4462 34020.0
4463 34020.0
4464 34020.0
4465 34020.0
4466 34020.0
4467 34020.0
4468 34020.0
4469 34020.0
4470 34020.0
4471 34020.0
4472 34020.0
4473 34020.0
4474 34020.0
4475 34020.0
4476 34020.0
4477 34020.0
4478 34020.0
4479 34020.0
4480 34020.0
4481 34020.0
4482 34020.0
4483 34020.0
4484 34020.0
4485 34020.0
4486 34020.0
4487 34020.0
4488 34020.0
4489 34020.0
4490 34020.0
4491 34020.0
4492 34020.0
4493 34020.0
4494 34020.0
4495 34020.0
4496 34020.0
4497 34020.0
4498 34020.0
4499 34020.0
4500 34020.0
4501 34020.0
4502 34020.0
4503 34020.0
4504 34020.0
4505 34020.0
4506 34020.0
4507 34020.0
4508 34020.0
4509 34020.0
4510 34020.0
4511 34020.0
4512 34020.0
4513 34020.0
4514 34020.0
4515 34020.0
4516 34020.0
4517 34020.0
4518 34020.0
4519 34020.0
4520 34020.0
4521 34020.0
4522 34020.0
4523 34020.0
4524 34020.0
4525 34020.0
4526 34020.0
4527 34020.0
4528 34020.0
4529 34020.0
4530 34020.0
4531 34020.0
4532 34020.0
4533 34020.0
4534 34020.0
4535 34020.0
4536 34020.0
4537 34020.0
4538 34020.0
4539 34020.0
4540 34020.0
4541 34020.0
4542 34020.0
4543 34020.0
4544 34020.0
4545 34020.0
4546 34020.0
4547 34020.0
4548 34020.0
4549 34020.0
4550 34020.0
4551 34020.0
4552 34020.0
4553 34020.0
4554 34020.0
4555 34020.0
4556 34020.0
4557 34020.0
4558 34020.0
4559 34020.0
4560 34020.0
4561 34020.0
4562 34020.0
4563 34020.0
4564 34020.0
4565 34020.0
4566 34020.0
4567 34020.0
4568 34020.0
4569 34020.0
4570 34020.0
4571 34020.0
4572 34020.0
4573 34020.0
4574 34020.0
4575 34020.0
4576 34020.0
4577 34020.0
4578 34020.0
4579 34020.0
4580 34020.0
4581 34020.0
4582 34020.0
4583 34020.0
4584 34020.0
4585 34020.0
4586 34020.0
4587 34020.0
4588 34020.0
4589 34020.0
4590 34020.0
4591 34020.0
4592 34020.0
4593 34020.0
4594 34020.0
4595 34020.0
4596 34020.0
4597 34020.0
4598 34020.0
4599 34020.0
4600 34020.0
4601 34020.0
4602 34020.0
4603 34020.0
4604 34020.0
4605 34020.0
4606 34020.0
4607 34020.0
4608 34020.0
4609 34020.0
4610 34020.0
4611 34020.0
4612 34020.0
4613 34020.0
4614 34020.0
4615 34020.0
4616 34020.0
4617 34020.0
4618 34020.0
4619 34020.0
4620 34020.0
4621 34020.0
4622 34020.0
4623 34020.0
4624 34020.0
4625 34020.0
4626 34020.0
4627 34020.0
4628 34020.0
4629 34020.0
4630 34020.0
4631 34020.0
4632 34020.0
4633 34020.0
4634 34020.0
4635 34020.0
4636 34020.0
4637 34020.0
4638 34020.0
4639 34020.0
4640 34020.0
4641 34020.0
4642 34020.0
4643 34020.0
4644 34020.0
4645 34020.0
4646 34020.0
4647 34020.0
4648 34020.0
4649 34020.0
4650 34020.0
4651 34020.0
4652 34020.0
4653 34020.0
4654 34020.0
4655 34020.0
4656 34020.0
4657 34020.0
4658 34020.0
4659 34020.0
4660 34020.0
4661 34020.0
4662 34020.0
4663 34020.0
4664 34020.0
4665 34020.0
4666 34020.0
4667 34020.0
4668 34020.0
4669 34020.0
4670 34020.0
4671 34020.0
4672 34020.0
4673 34020.0
4674 34020.0
4675 34020.0
4676 34020.0
4677 34020.0
4678 34020.0
4679 34020.0
4680 34020.0
4681 34020.0
4682 34020.0
4683 34020.0
4684 34020.0
4685 34020.0
4686 34020.0
4687 34020.0
4688 34020.0
4689 34020.0
4690 34020.0
4691 34020.0
4692 34020.0
4693 34020.0
4694 34020.0
4695 34020.0
4696 34020.0
4697 34020.0
4698 34020.0
4699 34020.0
4700 34020.0
4701 34020.0
4702 34020.0
4703 34020.0
4704 34020.0
4705 34020.0
4706 34020.0
4707 34020.0
4708 34020.0
4709 34020.0
4710 34020.0
4711 34020.0
4712 34020.0
4713 34020.0
4714 34020.0
4715 34020.0
4716 34020.0
4717 34020.0
4718 34020.0
4719 34020.0
4720 34020.0
4721 34020.0
4722 34020.0
4723 34020.0
4724 34020.0
4725 34020.0
4726 34020.0
4727 34020.0
4728 34020.0
4729 34020.0
4730 34020.0
4731 34020.0
4732 34020.0
4733 34020.0
4734 34020.0
4735 34020.0
4736 34020.0
4737 34020.0
4738 34020.0
4739 34020.0
4740 34020.0
4741 34020.0
4742 34020.0
4743 34020.0
4744 34020.0
4745 34020.0
4746 34020.0
4747 34020.0
4748 34020.0
4749 34020.0
4750 34020.0
4751 34020.0
4752 34020.0
4753 34020.0
4754 34020.0
4755 34020.0
4756 34020.0
4757 34020.0
4758 34020.0
4759 34020.0
4760 34020.0
4761 34020.0
4762 34020.0
4763 34020.0
4764 34020.0
4765 34020.0
4766 34020.0
4767 34020.0
4768 34020.0
4769 34020.0
4770 34020.0
4771 34020.0
4772 34020.0
4773 34020.0
4774 34020.0
4775 34020.0
4776 34020.0
4777 34020.0
4778 34020.0
4779 34020.0
4780 34020.0
4781 34020.0
4782 34020.0
4783 34020.0
4784 34020.0
4785 34020.0
4786 34020.0
4787 34020.0
4788 34020.0
4789 34020.0
4790 34020.0
4791 34020.0
4792 34020.0
4793 34020.0
4794 34020.0
4795 34020.0
4796 34020.0
4797 34020.0
4798 34020.0
4799 34020.0
4800 34020.0
4801 34020.0
4802 34020.0
4803 34020.0
4804 34020.0
4805 34020.0
4806 34020.0
4807 34020.0
4808 34020.0
4809 34020.0
4810 34020.0
4811 34020.0
4812 34020.0
4813 34020.0
4814 34020.0
4815 34020.0
4816 34020.0
4817 34020.0
4818 34020.0
4819 34020.0
4820 34020.0
4821 34020.0
4822 34020.0
4823 34020.0
4824 34020.0
4825 34020.0
4826 34020.0
4827 34020.0
4828 34020.0
4829 34020.0
4830 34020.0
4831 34020.0
4832 34020.0
4833 34020.0
4834 34020.0
4835 34020.0
4836 34020.0
4837 34020.0
4838 34020.0
4839 34020.0
4840 34020.0
4841 34020.0
4842 34020.0
4843 34020.0
4844 34020.0
4845 34020.0
4846 34020.0
4847 34020.0
4848 34020.0
4849 34020.0
4850 34020.0
4851 34020.0
4852 34020.0
4853 34020.0
4854 34020.0
4855 34020.0
4856 34020.0
4857 34020.0
4858 34020.0
4859 34020.0
4860 34020.0
4861 34020.0
4862 34020.0
4863 34020.0
4864 34020.0
4865 34020.0
4866 34020.0
4867 34020.0
4868 34020.0
4869 34020.0
4870 34020.0
4871 34020.0
4872 34020.0
4873 34020.0
4874 34020.0
4875 34020.0
4876 34020.0
4877 34020.0
4878 34020.0
4879 34020.0
4880 34020.0
4881 34020.0
4882 34020.0
4883 34020.0
4884 34020.0
4885 34020.0
4886 34020.0
4887 34020.0
4888 34020.0
4889 34020.0
4890 34020.0
4891 34020.0
4892 34020.0
4893 34020.0
4894 34020.0
4895 34020.0
4896 34020.0
4897 34020.0
4898 34020.0
4899 34020.0
4900 34020.0
4901 34020.0
4902 34020.0
4903 34020.0
4904 34020.0
4905 34020.0
4906 34020.0
4907 34020.0
4908 34020.0
4909 34020.0
4910 34020.0
4911 34020.0
4912 34020.0
4913 34020.0
4914 34020.0
4915 34020.0
4916 34020.0
4917 34020.0
4918 34020.0
4919 34020.0
4920 34020.0
4921 34020.0
4922 34020.0
4923 34020.0
4924 34020.0
4925 34020.0
4926 34020.0
4927 34020.0
4928 34020.0
4929 34020.0
4930 34020.0
4931 34020.0
4932 34020.0
4933 34020.0
4934 34020.0
4935 34020.0
4936 34020.0
4937 34020.0
4938 34020.0
4939 34020.0
4940 34020.0
4941 34020.0
4942 34020.0
4943 34020.0
4944 34020.0
4945 34020.0
4946 34020.0
4947 34020.0
4948 34020.0
4949 34020.0
4950 34020.0
4951 34020.0
4952 34020.0
4953 34020.0
4954 34020.0
4955 34020.0
4956 34020.0
4957 34020.0
4958 34020.0
4959 34020.0
4960 34020.0
4961 34020.0
4962 34020.0
4963 34020.0
4964 34020.0
4965 34020.0
4966 34020.0
4967 34020.0
4968 34020.0
4969 34020.0
4970 34020.0
4971 34020.0
4972 34020.0
4973 34020.0
4974 34020.0
4975 34020.0
4976 34020.0
4977 34020.0
4978 34020.0
4979 34020.0
4980 34020.0
4981 34020.0
4982 34020.0
4983 34020.0
4984 34020.0
4985 34020.0
4986 34020.0
4987 34020.0
4988 34020.0
4989 34020.0
4990 34020.0
4991 34020.0
4992 34020.0
4993 34020.0
4994 34020.0
4995 34020.0
4996 34020.0
4997 34020.0
4998 34020.0
4999 34020.0
