0 42486.0
1 42486.0
2 42486.0
3 42486.0
4 42486.0
5 42486.0
6 42486.0
7 42486.0
8 42486.0
9 42486.0
10 42486.0
11 42486.0
12 42486.0
13 42486.0
14 42486.0
15 42486.0
16 42486.0
17 42486.0
18 42486.0
19 42486.0
20 42486.0
21 42486.0
22 42486.0
23 42486.0
24 42486.0
25 42486.0
26 42486.0
27 42486.0
28 42486.0
29 42486.0
30 42486.0
31 42486.0
32 42486.0
33 42486.0
34 42486.0
35 42486.0
36 42486.0
37 42486.0
38 42486.0
39 42486.0
40 42195.0
41 42195.0
42 42195.0
43 42195.0
44 42195.0
45 42195.0
46 42195.0
47 42195.0
48 42195.0
49 42195.0
50 42195.0
51 42195.0
52 42195.0
53 42195.0
54 42195.0
55 42195.0
56 42195.0
57 42195.0
58 42195.0
59 42195.0
60 42195.0
61 42195.0
62 42195.0
63 42195.0
64 42195.0
65 42195.0
66 42195.0
67 42195.0
68 42195.0
69 42195.0
70 42195.0
71 42195.0
72 42195.0
73 42195.0
74 42195.0
75 42195.0
76 42195.0
77 42195.0
78 42195.0
79 42195.0
80 42195.0
81 42195.0
82 42195.0
83 42195.0
84 42195.0
85 42195.0
86 42195.0
87 42195.0
88 42195.0
89 42195.0
90 42195.0
91 42195.0
92 42195.0
93 42195.0
94 42195.0
95 42195.0
96 42195.0
97 42195.0
98 42195.0
99 42195.0
100 42195.0
101 42195.0
102 42195.0
103 42195.0
104 42195.0
105 42195.0
106 42195.0
107 42195.0
108 42195.0
109 42195.0
110 42195.0
111 42195.0
112 42195.0
113 42195.0
114 42195.0
115 42195.0
116 42195.0
117 42195.0
118 42195.0
119 42195.0
120 42195.0
121 42195.0
122 42195.0
123 42195.0
124 42195.0
125 42195.0
126 42195.0
127 42195.0
128 42195.0
129 42195.0
130 42195.0
131 42195.0
132 42195.0
133 42195.0
134 42195.0
135 42195.0
136 42195.0
137 42195.0
138 42195.0
139 42195.0
140 42195.0
141 42195.0
142 42195.0
143 42195.0
144 42195.0
145 42195.0
146 42195.0
147 42195.0
148 42195.0
149 42195.0
150 42195.0
151 42195.0
152 42195.0
153 42195.0
154 42195.0
155 42195.0
156 42195.0
157 42195.0
158 42195.0
159 42195.0
160 42195.0
161 42195.0
162 42195.0
163 42195.0
164 42195.0
165 42195.0
166 42195.0
167 42195.0
168 42195.0
169 42195.0
170 42195.0
171 42195.0
172 42195.0
173 42195.0
174 42195.0
175 42195.0
176 42195.0
177 42195.0
178 42195.0
179 42195.0
180 42195.0
181 42195.0
182 42195.0
183 42195.0
184 42195.0
185 42195.0
186 42195.0
187 42195.0
188 42195.0
189 42195.0
190 42195.0
191 42195.0
192 42195.0
193 42195.0
194 42195.0
195 42195.0
196 42195.0
197 42195.0
198 42195.0
199 42195.0
200 42195.0
201 42195.0
202 42195.0
203 42195.0
204 41905.0
205 41905.0
206 41905.0
207 41905.0
208 41905.0
209 41905.0
210 41905.0
211 41905.0
212 41905.0
213 41905.0
214 41905.0
215 41905.0
216 41905.0
217 41905.0
218 41905.0
219 41905.0
220 41905.0
221 41905.0
222 41905.0
223 41905.0
224 41905.0
225 41905.0
226 41905.0
227 41905.0
228 41905.0
229 41905.0
230 41905.0
231 41905.0
232 41905.0
233 41905.0
234 41905.0
235 41905.0
236 41905.0
237 41905.0
238 41905.0
239 41905.0
240 41905.0
241 41905.0
242 41905.0
243 41905.0
244 41905.0
245 41905.0
246 41905.0
247 41905.0
248 41905.0
249 41905.0
250 41905.0
251 41905.0
252 41905.0
253 41905.0
254 41905.0
255 41905.0
256 41905.0
257 41905.0
258 41905.0
259 41905.0
260 41905.0
261 41905.0
262 41905.0
263 41905.0
264 41905.0
265 41905.0
266 41905.0
267 41905.0
268 41905.0
269 41905.0
270 41905.0
271 41905.0
272 41905.0
273 41905.0
274 41905.0
275 41905.0
276 41905.0
277 41905.0
278 41905.0
279 41905.0
280 41905.0
281 41905.0
282 41905.0
283 41905.0
284 41905.0
285 41905.0
286 41905.0
287 41905.0
288 41905.0
289 41905.0
290 41905.0
291 41905.0
292 41905.0
293 41905.0
294 41905.0
295 41905.0
296 41905.0
297 41905.0
298 41905.0
299 41905.0
300 41905.0
301 41905.0
302 41905.0
303 41905.0
304 41905.0
305 41905.0
306 41905.0
307 41905.0
308 41905.0
309 41905.0
310 41905.0
311 41905.0
312 41905.0
313 41905.0
314 41905.0
315 41905.0
316 41905.0
317 41905.0
318 41905.0
319 41905.0
320 41905.0
321 41905.0
322 41905.0
323 41905.0
324 41905.0
325 41905.0
326 41905.0
327 39336.0
328 39336.0
329 39336.0
330 39336.0
331 39336.0
332 39336.0
333 39336.0
334 39336.0
335 39336.0
336 39336.0
337 39336.0
338 39336.0
339 39336.0
340 39336.0
341 39336.0
342 39336.0
343 39336.0
344 39336.0
345 39336.0
346 39336.0
347 39336.0
348 39336.0
349 39336.0
350 39336.0
351 39336.0
352 39336.0
353 39336.0
354 39336.0
355 39336.0
356 39336.0
357 39336.0
358 39336.0
359 39336.0
360 39336.0
361 39336.0
362 39336.0
363 39336.0
364 39336.0
365 39336.0
366 39336.0
367 39336.0
368 39336.0
369 39336.0
370 39336.0
371 39336.0
372 39336.0
373 39336.0
374 39336.0
375 39336.0
376 39336.0
377 39336.0
378 39336.0
379 39336.0
380 39336.0
381 39336.0
382 39336.0
383 39336.0
384 39336.0
385 39336.0
386 39336.0
387 39336.0
388 39336.0
389 39336.0
390 39336.0
391 39336.0
392 39336.0
393 39336.0
394 35543.0
395 35543.0
396 35543.0
397 35543.0
398 35543.0
399 35543.0
400 35543.0
401 35543.0
402 35543.0
403 35543.0
404 35543.0
405 35543.0
406 35543.0
407 35543.0
408 35543.0
409 35543.0
410 35543.0
411 35543.0
412 35543.0
413 35543.0
414 35543.0
415 35543.0
416 35543.0
417 35543.0
418 35543.0
419 35543.0
420 35543.0
421 35543.0
422 35543.0
423 35543.0
424 35543.0
425 35543.0
426 35543.0
427 35543.0
428 35543.0
429 35543.0
430 35543.0
431 35543.0
432 35543.0
433 35543.0
434 35543.0
435 35543.0
436 35543.0
437 35543.0
438 35543.0
439 35543.0
440 35543.0
441 35543.0
442 35543.0
443 35543.0
444 35543.0
445 35543.0
446 35543.0
447 35543.0
448 35543.0
449 35543.0
450 35543.0
451 35543.0
452 35543.0
453 35543.0
454 35543.0
455 35543.0
456 35543.0
457 35543.0
458 35543.0
459 35543.0
460 35543.0
461 35543.0
462 35543.0
463 35543.0
464 35543.0
465 35543.0
466 35543.0
467 35543.0
468 35543.0
469 35543.0
470 35543.0
471 35543.0
472 35543.0
473 35543.0
474 35543.0
475 35543.0
476 35543.0
477 35543.0
478 35543.0
479 35543.0
480 35543.0
481 35543.0
482 35543.0
483 35543.0
484 35543.0
485 35543.0
486 35543.0
487 35543.0
488 35543.0
489 35543.0
490 35543.0
491 35543.0
492 35543.0
493 35543.0
494 35543.0
495 35543.0
496 35543.0
497 35543.0
498 35543.0
499 35543.0
500 35543.0
501 35543.0
502 35543.0
503 35543.0
504 35543.0
505 35543.0
506 35543.0
507 35543.0
508 35543.0
509 35543.0
510 35543.0
511 35543.0
512 35543.0
513 35543.0
514 35543.0
515 35543.0
516 35543.0
517 35543.0
518 35543.0
519 35543.0
520 35543.0
521 35543.0
522 35543.0
523 35543.0
524 35543.0
525 35543.0
526 35543.0
527 35543.0
528 35543.0
529 35543.0
530 35543.0
531 35543.0
532 35543.0
533 35543.0
534 35543.0
535 35543.0
536 35543.0
537 35543.0
538 35543.0
539 35543.0
540 35543.0
541 35543.0
542 35543.0
543 35543.0
544 35543.0
545 35543.0
546 35543.0
547 35543.0
548 35543.0
549 35543.0
550 35543.0
551 35543.0
552 35543.0
553 35543.0
554 35543.0
555 35543.0
556 35543.0
557 35543.0
558 35543.0
559 35543.0
560 35543.0
561 35543.0
562 35543.0
563 35543.0
564 35543.0
565 35543.0
566 35543.0
567 35543.0
568 35543.0
569 35543.0
570 35543.0
571 35543.0
572 35543.0
573 35543.0
574 35543.0
575 35543.0
576 35543.0
577 35543.0
578 35543.0
579 35543.0
580 35543.0
581 35543.0
582 35543.0
583 35543.0
584 35543.0
585 35543.0
586 35543.0
587 35543.0
588 35543.0
589 35543.0
590 35543.0
591 35543.0
592 35543.0
593 35543.0
594 35543.0
595 35543.0
596 35543.0
597 35543.0
598 35543.0
599 35543.0
600 35543.0
601 35543.0
602 35543.0
603 35543.0
604 35543.0
605 35543.0
606 35543.0
607 35543.0
608 35543.0
609 35543.0
610 35543.0
611 35543.0
612 35543.0
613 35543.0
614 35543.0
615 35543.0
616 35543.0
617 35543.0
618 35543.0
619 35543.0
620 35543.0
621 35543.0
622 35543.0
623 35543.0
624 35543.0
625 35543.0
626 35543.0
627 35543.0
628 35543.0
629 35543.0
630 35543.0
631 35543.0
632 35543.0
633 35543.0
634 35543.0
635 35543.0
636 35543.0
637 35543.0
638 35543.0
639 35543.0
640 35543.0
641 35543.0
642 35543.0
643 35543.0
644 35543.0
645 35543.0
646 35543.0
647 35543.0
648 35543.0
649 35543.0
650 35543.0
651 35543.0
652 35543.0
653 35543.0
654 35543.0
655 35543.0
656 35543.0
657 35543.0
658 35543.0
659 35543.0
660 35543.0
661 35543.0
662 35543.0
663 35543.0
664 35543.0
665 35543.0
666 35543.0
667 35543.0
668 35543.0
669 35543.0
670 35543.0
671 35543.0
672 35543.0
673 35543.0
674 35543.0
675 35543.0
676 35543.0
677 35543.0
678 35543.0
679 35543.0
680 35543.0
681 35543.0
682 35543.0
683 35543.0
684 35543.0
685 35543.0
686 35543.0
687 35543.0
688 35543.0
689 35543.0
690 35543.0
691 35543.0
692 35543.0
693 35543.0
694 35543.0
695 35543.0
696 35543.0
697 35543.0
698 35543.0
699 35543.0
700 35543.0
701 35543.0
702 35543.0
703 35543.0
704 35543.0
705 35543.0
706 35543.0
707 35543.0
708 35543.0
709 35543.0
710 35543.0
711 35543.0
712 35543.0
713 35543.0
714 35543.0
715 35543.0
716 35543.0
717 35543.0
718 35543.0
719 35543.0
720 35543.0
721 35543.0
722 35543.0
723 35543.0
724 35543.0
725 35543.0
726 35543.0
727 35543.0
728 35543.0
729 35543.0
730 35543.0
731 35543.0
732 35543.0
733 35543.0
734 35543.0
735 35543.0
736 35543.0
737 35543.0
738 35543.0
739 35543.0
740 35543.0
741 35543.0
742 35543.0
743 35543.0
744 35543.0
745 35543.0
746 35543.0
747 35543.0
748 35543.0
749 35543.0
750 35543.0
751 35543.0
752 35543.0
753 35543.0
754 35543.0
755 35543.0
756 35543.0
757 35543.0
758 35543.0
759 35543.0
760 35543.0
761 35543.0
762 35543.0
763 35543.0
764 35543.0
765 35543.0
766 35543.0
767 35543.0
768 35543.0
769 35543.0
770 35543.0
771 35543.0
772 35543.0
773 35543.0
774 35543.0
775 35543.0
776 35543.0
777 35543.0
778 35543.0
779 35543.0
780 35543.0
781 35543.0
782 35543.0
783 35543.0
784 35543.0
785 35543.0
786 35543.0
787 35543.0
788 35543.0
789 35543.0
790 35543.0
791 35543.0
792 35543.0
793 35543.0
794 35543.0
795 35543.0
796 35543.0
797 35543.0
798 35543.0
799 35543.0
800 35543.0
801 35543.0
802 35543.0
803 35543.0
804 35543.0
805 35543.0
806 35543.0
807 35543.0
808 35543.0
809 35543.0
810 35543.0
811 35543.0
812 35543.0
813 35543.0
814 35543.0
815 35543.0
816 35543.0
817 35543.0
818 35543.0
819 35543.0
820 35543.0
821 35543.0
822 35543.0
823 35543.0
824 35543.0
825 35543.0
826 35543.0
827 35543.0
828 35543.0
829 35543.0
830 35543.0
831 35543.0
832 35543.0
833 35543.0
834 35543.0
835 35543.0
836 35543.0
837 35543.0
838 35543.0
839 35543.0
840 35543.0
841 35543.0
842 35543.0
843 35543.0
844 35543.0
845 35543.0
846 35543.0
847 35543.0
848 35543.0
849 35543.0
850 35543.0
851 35543.0
852 35543.0
853 35543.0
854 35543.0
855 35543.0
856 35543.0
857 35543.0
858 35543.0
859 35543.0
860 35543.0
861 35543.0
862 35543.0
863 35543.0
864 35543.0
865 35543.0
866 35543.0
867 35543.0
868 35543.0
869 35543.0
870 35543.0
871 35543.0
872 35543.0
873 35543.0
874 35543.0
875 35543.0
876 35543.0
877 35543.0
878 35543.0
879 35543.0
880 35543.0
881 35543.0
882 35543.0
883 35543.0
884 35543.0
885 35543.0
886 35543.0
887 35543.0
888 35543.0
889 35543.0
890 35543.0
891 35543.0
892 35543.0
893 35543.0
894 35543.0
895 35543.0
896 35543.0
897 35543.0
898 35543.0
899 35543.0
900 35543.0
901 35543.0
902 35543.0
903 35543.0
904 35543.0
905 35543.0
906 35543.0
907 35543.0
908 35543.0
909 35543.0
910 35543.0
911 35543.0
912 35543.0
913 35543.0
914 35543.0
915 35543.0
916 35543.0
917 35543.0
918 35543.0
919 35543.0
920 35543.0
921 35543.0
922 35543.0
923 35543.0
924 35543.0
925 35543.0
926 35543.0
927 35543.0
928 35543.0
929 35543.0
930 35543.0
931 35543.0
932 35543.0
933 35543.0
934 35543.0
935 35543.0
936 35543.0
937 35543.0
938 35543.0
939 35543.0
940 35543.0
941 35543.0
942 35543.0
943 35543.0
944 35543.0
945 35543.0
946 35543.0
947 35543.0
948 35543.0
949 35543.0
950 35543.0
951 35543.0
952 35543.0
953 35543.0
954 35543.0
955 35543.0
956 35543.0
957 35543.0
958 35543.0
959 35543.0
960 35543.0
961 35543.0
962 35543.0
963 35543.0
964 35543.0
965 35543.0
966 35543.0
967 35543.0
968 35543.0
969 35543.0
970 35543.0
971 35543.0
972 35543.0
973 35543.0
974 35543.0
975 35543.0
976 35543.0
977 35543.0
978 35543.0
979 35543.0
980 35543.0
981 35543.0
982 35543.0
983 35543.0
984 35543.0
985 35543.0
986 35543.0
987 35543.0
988 35543.0
989 35543.0
990 35543.0
991 35543.0
992 35543.0
993 35543.0
994 35543.0
995 35543.0
996 35543.0
997 35543.0
998 35543.0
999 35543.0
1000 35543.0
1001 35543.0
1002 35543.0
1003 35543.0
1004 35543.0
1005 35543.0
1006 35543.0
1007 35543.0
1008 35543.0
1009 35543.0
1010 35543.0
1011 35543.0
1012 35543.0
1013 35543.0
1014 35543.0
1015 35543.0
1016 35543.0
1017 35543.0
1018 35543.0
1019 35543.0
1020 35543.0
1021 35543.0
1022 35543.0
1023 35543.0
1024 35543.0
1025 35543.0
1026 35543.0
1027 35543.0
1028 35543.0
1029 35543.0
1030 35543.0
1031 35543.0
1032 35543.0
1033 35543.0
1034 35543.0
1035 35543.0
1036 35543.0
1037 35543.0
1038 35543.0
1039 35543.0
1040 35543.0
1041 35543.0
1042 35543.0
1043 35543.0
1044 35543.0
1045 35543.0
1046 35543.0
1047 35543.0
1048 35543.0
1049 35543.0
1050 35543.0
1051 35543.0
1052 35543.0
1053 35543.0
1054 35543.0
1055 35543.0
1056 35543.0
1057 35543.0
1058 35543.0
1059 35543.0
1060 35543.0
1061 35543.0
1062 35543.0
1063 35543.0
1064 35543.0
1065 35543.0
1066 35543.0
1067 35543.0
1068 35543.0
1069 35543.0
1070 35543.0
1071 35543.0
1072 35543.0
1073 35543.0
1074 35543.0
1075 35543.0
1076 35543.0
1077 35543.0
1078 35543.0
1079 35543.0
1080 35543.0
1081 35543.0
1082 35543.0
1083 35543.0
1084 35543.0
1085 35543.0
1086 35543.0
1087 35543.0
1088 35543.0
1089 35543.0
1090 35543.0
1091 35543.0
1092 35543.0
1093 35543.0
1094 35543.0
1095 35543.0
1096 35543.0
1097 35543.0
1098 35543.0
1099 35543.0
1100 35543.0
1101 35543.0
1102 35543.0
1103 35543.0
1104 35543.0
1105 35543.0
1106 35543.0
1107 35543.0
1108 35543.0
1109 35543.0
1110 35543.0
1111 35543.0
1112 35543.0
1113 35543.0
1114 35543.0
1115 35543.0
1116 35543.0
1117 35543.0
1118 35543.0
1119 35543.0
1120 35543.0
1121 35543.0
1122 35543.0
1123 35543.0
1124 35543.0
1125 35543.0
1126 35543.0
1127 35543.0
1128 35543.0
1129 35543.0
1130 35543.0
1131 35543.0
1132 35543.0
1133 35543.0
1134 35543.0
1135 35543.0
1136 35543.0
1137 35543.0
1138 35543.0
1139 35543.0
1140 35543.0
1141 35543.0
1142 35543.0
1143 35543.0
1144 35543.0
1145 35543.0
1146 35543.0
1147 35543.0
1148 35543.0
1149 35543.0
1150 35543.0
1151 35543.0
1152 35543.0
1153 35543.0
1154 35543.0
1155 35543.0
1156 35543.0
1157 35543.0
1158 35543.0
1159 35543.0
1160 35543.0
1161 35543.0
1162 35543.0
1163 35543.0
1164 35543.0
1165 35543.0
1166 35543.0
1167 35543.0
1168 35543.0
1169 35543.0
1170 35543.0
1171 35543.0
1172 35543.0
1173 35543.0
1174 35543.0
1175 35543.0
1176 35543.0
1177 35543.0
1178 35543.0
1179 35543.0
1180 35543.0
1181 35543.0
1182 35543.0
1183 35543.0
1184 35543.0
1185 35543.0
1186 35543.0
1187 35543.0
1188 35543.0
1189 35543.0
1190 35543.0
1191 35543.0
1192 35543.0
1193 35543.0
1194 35543.0
1195 35543.0
1196 35543.0
1197 35543.0
1198 35543.0
1199 35543.0
1200 35543.0
1201 35543.0
1202 35543.0
1203 35543.0
1204 35543.0
1205 35543.0
1206 35543.0
1207 35543.0
1208 35543.0
1209 35543.0
1210 35543.0
1211 35543.0
1212 35543.0
1213 35543.0
1214 35543.0
1215 35543.0
1216 35543.0
1217 35543.0
1218 35543.0
1219 35543.0
1220 35543.0
1221 35543.0
1222 35543.0
1223 35543.0
1224 35543.0
1225 35543.0
1226 35543.0
1227 35543.0
1228 35543.0
1229 35543.0
1230 35543.0
1231 35543.0
1232 35543.0
1233 35543.0
1234 35543.0
1235 35543.0
1236 35543.0
1237 35543.0
1238 35543.0
1239 35543.0
1240 35543.0
1241 35543.0
1242 35543.0
1243 35543.0
1244 35543.0
1245 35543.0
1246 35543.0
1247 35543.0
1248 35543.0
1249 35543.0
1250 35543.0
1251 35543.0
1252 35543.0
1253 35543.0
1254 35543.0
1255 35543.0
1256 35543.0
1257 35543.0
1258 35543.0
1259 35543.0
1260 35543.0
1261 35543.0
1262 35543.0
1263 35543.0
1264 35543.0
1265 35543.0
1266 35543.0
1267 35543.0
1268 35543.0
1269 35543.0
1270 35543.0
1271 35543.0
1272 35543.0
1273 35543.0
1274 35543.0
1275 35543.0
1276 35543.0
1277 35543.0
1278 35543.0
1279 35543.0
1280 35543.0
1281 35543.0
1282 35543.0
1283 35543.0
1284 35543.0
1285 35543.0
1286 35543.0
1287 35543.0
1288 35543.0
1289 35543.0
1290 35543.0
1291 35543.0
1292 35543.0
1293 35543.0
1294 35543.0
1295 35543.0
1296 35543.0
1297 35543.0
1298 35543.0
1299 35543.0
1300 35543.0
1301 35543.0
1302 35543.0
1303 35543.0
1304 35543.0
1305 35543.0
1306 35543.0
1307 35543.0
1308 35543.0
1309 35543.0
1310 35543.0
1311 35543.0
1312 35543.0
1313 35543.0
1314 35543.0
1315 35543.0
1316 35543.0
1317 35543.0
1318 35543.0
1319 35543.0
1320 35543.0
1321 35543.0
1322 35543.0
1323 35543.0
1324 35543.0
1325 35543.0
1326 35543.0
1327 35543.0
1328 35543.0
1329 35543.0
1330 35543.0
1331 35543.0
1332 35543.0
1333 35543.0
1334 35543.0
1335 35543.0
1336 35543.0
1337 35543.0
1338 35543.0
1339 35543.0
1340 35543.0
1341 35543.0
1342 35543.0
1343 35543.0
1344 35543.0
1345 35543.0
1346 35543.0
1347 35543.0
1348 35543.0
1349 35543.0
1350 35543.0
1351 35543.0
1352 35543.0
1353 35543.0
1354 35543.0
1355 35543.0
1356 35543.0
1357 35543.0
1358 35543.0
1359 35543.0
1360 35543.0
1361 35543.0
1362 35543.0
1363 35543.0
1364 35543.0
1365 35543.0
1366 35543.0
1367 35543.0
1368 35543.0
1369 35543.0
1370 35543.0
1371 35543.0
1372 35543.0
1373 35543.0
1374 35543.0
1375 35543.0
1376 35543.0
1377 35543.0
1378 35543.0
1379 35543.0
1380 35543.0
1381 35543.0
1382 35543.0
1383 35543.0
1384 35543.0
1385 35543.0
1386 35543.0
1387 35543.0
1388 35543.0
1389 35543.0
1390 35543.0
1391 35543.0
1392 35543.0
1393 35543.0
1394 35543.0
1395 35543.0
1396 35543.0
1397 35543.0
1398 35543.0
1399 35543.0
1400 35543.0
1401 35543.0
1402 35543.0
1403 35543.0
1404 35543.0
1405 35543.0
1406 35543.0
1407 35543.0
1408 35543.0
1409 35543.0
1410 35543.0
1411 35543.0
1412 35543.0
1413 35543.0
1414 35543.0
1415 35543.0
1416 35543.0
1417 35543.0
1418 35543.0
1419 35543.0
1420 35543.0
1421 35543.0
1422 35543.0
1423 35543.0
1424 35543.0
1425 35543.0
1426 35543.0
1427 35543.0
1428 35543.0
1429 35543.0
1430 35543.0
1431 35543.0
1432 35543.0
1433 35543.0
1434 35543.0
1435 35543.0
1436 35543.0
1437 35543.0
1438 35543.0
1439 35543.0
1440 35543.0
1441 35543.0
1442 35543.0
1443 35543.0
1444 35543.0
1445 35543.0
1446 35543.0
1447 35543.0
1448 35543.0
1449 35543.0
1450 35543.0
1451 35543.0
1452 35543.0
1453 35543.0
1454 35543.0
1455 35543.0
1456 35543.0
1457 35543.0
1458 35543.0
1459 35543.0
1460 35543.0
1461 35543.0
1462 35543.0
1463 35543.0
1464 35543.0
1465 35543.0
1466 35543.0
1467 35543.0
1468 35543.0
1469 35543.0
1470 35543.0
1471 35543.0
1472 35543.0
1473 35543.0
1474 35543.0
1475 35543.0
1476 35543.0
1477 35543.0
1478 35543.0
1479 35543.0
1480 35543.0
1481 35543.0
1482 35543.0
1483 35543.0
1484 35543.0
1485 35543.0
1486 35543.0
1487 35543.0
1488 35543.0
1489 35543.0
1490 35543.0
1491 35543.0
1492 35543.0
1493 35543.0
1494 35543.0
1495 35543.0
1496 35543.0
1497 35543.0
1498 35543.0
1499 35543.0
1500 35543.0
1501 35543.0
1502 35543.0
1503 35543.0
1504 35543.0
1505 35543.0
1506 35543.0
1507 35543.0
1508 35543.0
1509 35543.0
1510 35543.0
1511 35543.0
1512 35543.0
1513 35543.0
1514 35543.0
1515 35543.0
1516 35543.0
1517 35543.0
1518 35543.0
1519 35543.0
1520 35543.0
1521 35543.0
1522 35543.0
1523 35543.0
1524 35543.0
1525 35543.0
1526 35543.0
1527 35543.0
1528 35543.0
1529 35543.0
1530 35543.0
1531 35543.0
1532 35543.0
1533 35543.0
1534 35543.0
1535 35543.0
1536 35543.0
1537 35543.0
1538 35543.0
1539 35543.0
1540 35543.0
1541 35543.0
1542 35543.0
1543 35543.0
1544 35543.0
1545 35543.0
1546 35543.0
1547 35543.0
1548 35543.0
1549 35543.0
1550 35543.0
1551 35543.0
1552 35543.0
1553 35543.0
1554 35543.0
1555 35543.0
1556 35543.0
1557 35543.0
1558 35543.0
1559 35543.0
1560 35543.0
1561 35543.0
1562 35543.0
1563 35543.0
1564 35543.0
1565 35543.0
1566 35543.0
1567 35543.0
1568 35543.0
1569 35543.0
1570 35543.0
1571 35543.0
1572 35543.0
1573 35543.0
1574 35543.0
1575 35543.0
1576 35543.0
1577 35543.0
1578 35543.0
1579 35543.0
1580 35543.0
1581 35543.0
1582 35543.0
1583 35543.0
1584 35543.0
1585 35543.0
1586 35543.0
1587 35543.0
1588 35543.0
1589 35543.0
1590 35543.0
1591 35543.0
1592 35543.0
1593 35543.0
1594 35543.0
1595 35543.0
1596 35543.0
1597 35543.0
1598 35543.0
1599 35543.0
1600 35543.0
1601 35543.0
1602 35543.0
1603 35543.0
1604 35543.0
1605 35543.0
1606 35543.0
1607 35543.0
1608 35543.0
1609 35543.0
1610 35543.0
1611 35543.0
1612 35543.0
1613 35543.0
1614 35543.0
1615 35543.0
1616 35543.0
1617 35543.0
1618 35543.0
1619 35543.0
1620 35543.0
1621 35543.0
1622 35543.0
1623 35543.0
1624 35543.0
1625 35543.0
1626 35543.0
1627 35543.0
1628 35543.0
1629 35543.0
1630 35543.0
1631 35543.0
1632 35543.0
1633 35543.0
1634 35543.0
1635 35543.0
1636 35543.0
1637 35543.0
1638 35543.0
1639 35543.0
1640 35543.0
1641 35543.0
1642 35543.0
1643 35543.0
1644 35543.0
1645 35543.0
1646 35543.0
1647 35543.0
1648 35543.0
1649 35543.0
1650 35543.0
1651 35543.0
1652 35543.0
1653 35543.0
1654 35543.0
1655 35543.0
1656 35543.0
1657 35543.0
1658 35543.0
1659 35543.0
1660 35543.0
1661 35543.0
1662 35543.0
1663 35543.0
1664 35543.0
1665 35543.0
1666 35543.0
1667 35543.0
1668 35543.0
1669 35543.0
1670 35543.0
1671 35543.0
1672 35543.0
1673 35543.0
1674 35543.0
1675 35543.0
1676 35543.0
1677 35543.0
1678 35543.0
1679 35543.0
1680 35543.0
1681 35543.0
1682 35543.0
1683 35543.0
1684 35543.0
1685 35543.0
1686 35543.0
1687 35543.0
1688 35543.0
1689 35543.0
1690 35543.0
1691 35543.0
1692 35543.0
1693 35543.0
1694 35543.0
1695 35543.0
1696 35543.0
1697 35543.0
1698 35543.0
1699 35543.0
1700 35543.0
1701 35543.0
1702 35543.0
1703 35543.0
1704 35543.0
1705 35543.0
1706 35543.0
1707 35543.0
1708 35543.0
1709 35543.0
1710 35543.0
1711 35543.0
1712 35543.0
1713 35543.0
1714 35543.0
1715 35543.0
1716 35543.0
1717 35543.0
1718 35543.0
1719 35543.0
1720 35543.0
1721 35543.0
1722 35543.0
1723 35543.0
1724 35543.0
1725 35543.0
1726 35543.0
1727 35543.0
1728 35543.0
1729 35543.0
1730 35543.0
1731 35543.0
1732 35543.0
1733 35543.0
1734 35543.0
1735 35543.0
1736 35543.0
1737 35543.0
1738 35543.0
1739 35543.0
1740 35543.0
1741 35543.0
1742 35543.0
1743 35543.0
1744 35543.0
1745 35543.0
1746 35543.0
1747 35543.0
1748 35543.0
1749 35543.0
1750 35543.0
1751 35543.0
1752 35543.0
1753 35543.0
1754 35543.0
1755 35543.0
1756 35543.0
1757 35543.0
1758 35543.0
1759 35543.0
1760 35543.0
1761 35543.0
1762 35543.0
1763 35543.0
1764 35543.0
1765 35543.0
1766 35543.0
1767 35543.0
1768 35543.0
1769 35543.0
1770 35543.0
1771 35543.0
1772 35543.0
1773 35543.0
1774 35543.0
1775 35543.0
1776 35543.0
1777 35543.0
1778 35543.0
1779 35543.0
1780 35543.0
1781 35543.0
1782 35543.0
1783 35543.0
1784 35543.0
1785 35543.0
1786 35543.0
1787 35543.0
1788 35543.0
1789 35543.0
1790 35543.0
1791 35543.0
1792 35543.0
1793 35543.0
1794 35543.0
1795 35543.0
1796 35543.0
1797 35543.0
1798 35543.0
1799 35543.0
1800 35543.0
1801 35543.0
1802 35543.0
1803 35543.0
1804 35543.0
1805 35543.0
1806 35543.0
1807 35543.0
1808 35543.0
1809 35543.0
1810 35543.0
1811 35543.0
1812 35543.0
1813 35543.0
1814 35543.0
1815 35543.0
1816 35543.0
1817 35543.0
1818 35543.0
1819 35543.0
1820 35543.0
1821 35543.0
1822 35543.0
1823 35543.0
1824 35543.0
1825 35543.0
1826 35543.0
1827 35543.0
1828 35543.0
1829 35543.0
1830 35543.0
1831 35543.0
1832 35543.0
1833 35543.0
1834 35543.0
1835 35543.0
1836 35543.0
1837 35543.0
1838 35543.0
1839 35543.0
1840 35543.0
1841 35543.0
1842 35543.0
1843 35543.0
1844 35543.0
1845 35543.0
1846 35543.0
1847 35543.0
1848 35543.0
1849 35543.0
1850 35543.0
1851 35543.0
1852 35543.0
1853 35543.0
1854 35543.0
1855 35543.0
1856 35543.0
1857 35543.0
1858 35543.0
1859 35543.0
1860 35543.0
1861 35543.0
1862 35543.0
1863 35543.0
1864 35543.0
1865 35543.0
1866 35543.0
1867 35543.0
1868 35543.0
1869 35543.0
1870 35543.0
1871 35543.0
1872 35543.0
1873 35543.0
1874 35543.0
1875 35543.0
1876 35543.0
1877 35543.0
1878 35543.0
1879 35543.0
1880 35543.0
1881 35543.0
1882 35543.0
1883 35543.0
1884 35543.0
1885 35543.0
1886 35543.0
1887 35543.0
1888 35543.0
1889 35543.0
1890 35543.0
1891 35543.0
1892 35543.0
1893 35543.0
1894 35543.0
1895 35543.0
1896 35543.0
1897 35543.0
1898 35543.0
1899 35543.0
1900 35543.0
1901 35543.0
1902 35543.0
1903 35543.0
1904 35543.0
1905 35543.0
1906 35543.0
1907 35543.0
1908 35543.0
1909 35543.0
1910 35543.0
1911 35543.0
1912 35543.0
1913 35543.0
1914 35543.0
1915 35543.0
1916 35543.0
1917 35543.0
1918 35543.0
1919 35543.0
1920 35543.0
1921 35543.0
1922 35543.0
1923 35543.0
1924 35543.0
1925 35543.0
1926 35543.0
1927 35543.0
1928 35543.0
1929 35543.0
1930 35543.0
1931 35543.0
1932 35543.0
1933 35543.0
1934 35543.0
1935 35543.0
1936 35543.0
1937 35543.0
1938 35543.0
1939 35543.0
1940 35543.0
1941 35543.0
1942 35543.0
1943 35543.0
1944 35543.0
1945 35543.0
1946 35543.0
1947 35543.0
1948 35543.0
1949 35543.0
1950 35543.0
1951 35543.0
1952 35543.0
1953 35543.0
1954 35543.0
1955 35543.0
1956 35543.0
1957 35543.0
1958 35543.0
1959 35543.0
1960 35543.0
1961 35543.0
1962 35543.0
1963 35543.0
1964 35543.0
1965 35543.0
1966 35543.0
1967 35543.0
1968 35543.0
1969 35543.0
1970 35543.0
1971 35543.0
1972 35543.0
1973 35543.0
1974 35543.0
1975 35543.0
1976 35543.0
1977 35543.0
1978 35543.0
1979 35543.0
1980 35543.0
1981 35543.0
1982 35543.0
1983 35543.0
1984 35543.0
1985 35543.0
1986 35543.0
1987 35543.0
1988 35543.0
1989 35543.0
1990 35543.0
1991 35543.0
1992 35543.0
1993 35543.0
1994 35543.0
1995 35543.0
1996 35543.0
1997 35543.0
1998 35543.0
1999 35543.0
2000 35543.0
2001 35543.0
2002 35543.0
2003 35543.0
2004 35543.0
2005 35543.0
2006 35543.0
2007 35543.0
2008 35543.0
2009 35543.0
2010 35543.0
2011 35543.0
2012 35543.0
2013 35543.0
2014 35543.0
2015 35543.0
2016 35543.0
2017 35543.0
2018 35543.0
2019 35543.0
2020 35543.0
2021 35543.0
2022 35543.0
2023 35543.0
2024 35543.0
2025 35543.0
2026 35543.0
2027 35543.0
2028 35543.0
2029 35543.0
2030 35543.0
2031 35543.0
2032 35543.0
2033 35543.0
2034 35543.0
2035 35543.0
2036 35543.0
2037 35543.0
2038 35543.0
2039 35543.0
2040 35543.0
2041 35543.0
2042 35543.0
2043 35543.0
2044 35543.0
2045 35543.0
2046 35543.0
2047 35543.0
2048 35543.0
2049 35543.0
2050 35543.0
2051 35543.0
2052 35543.0
2053 35543.0
2054 35543.0
2055 35543.0
2056 35543.0
2057 35543.0
2058 35543.0
2059 35543.0
2060 35543.0
2061 35543.0
2062 35543.0
2063 35543.0
2064 35543.0
2065 35543.0
2066 35543.0
2067 35543.0
2068 35543.0
2069 35543.0
2070 35543.0
2071 35543.0
2072 35543.0
2073 35543.0
2074 35543.0
2075 35543.0
2076 35543.0
2077 35543.0
2078 35543.0
2079 35543.0
2080 35543.0
2081 35543.0
2082 35543.0
2083 35543.0
2084 35543.0
2085 35543.0
2086 35543.0
2087 35543.0
2088 35543.0
2089 35543.0
2090 35543.0
2091 35543.0
2092 35543.0
2093 35543.0
2094 35543.0
2095 35543.0
2096 35543.0
2097 35543.0
2098 35543.0
2099 35543.0
2100 35543.0
2101 35543.0
2102 35543.0
2103 35543.0
2104 35543.0
2105 35543.0
2106 35543.0
2107 35543.0
2108 35543.0
2109 35543.0
2110 35543.0
2111 35543.0
2112 35543.0
2113 35543.0
2114 35543.0
2115 35543.0
2116 35543.0
2117 35543.0
2118 35543.0
2119 35543.0
2120 35543.0
2121 35543.0
2122 35543.0
2123 35543.0
2124 35543.0
2125 35543.0
2126 35543.0
2127 35543.0
2128 35543.0
2129 35543.0
2130 35543.0
2131 35543.0
2132 35543.0
2133 35543.0
2134 35543.0
2135 35543.0
2136 35543.0
2137 35543.0
2138 35543.0
2139 35543.0
2140 35543.0
2141 35543.0
2142 35543.0
2143 35543.0
2144 35543.0
2145 35543.0
2146 35543.0
2147 35543.0
2148 35543.0
2149 35543.0
2150 35543.0
2151 35543.0
2152 35543.0
2153 35543.0
2154 35543.0
2155 35543.0
2156 35543.0
2157 35543.0
2158 35543.0
2159 35543.0
2160 35543.0
2161 35543.0
2162 35543.0
2163 35543.0
2164 35543.0
2165 35543.0
2166 35543.0
2167 35543.0
2168 35543.0
2169 35543.0
2170 35543.0
2171 35543.0
2172 35543.0
2173 35543.0
2174 35543.0
2175 35543.0
2176 35543.0
2177 35543.0
2178 35543.0
2179 35543.0
2180 35543.0
2181 35543.0
2182 35543.0
2183 35543.0
2184 35543.0
2185 35543.0
2186 35543.0
2187 35543.0
2188 35543.0
2189 35543.0
2190 35543.0
2191 35543.0
2192 35543.0
2193 35543.0
2194 35543.0
2195 35543.0
2196 35543.0
2197 35543.0
2198 35543.0
2199 35543.0
2200 35543.0
2201 35543.0
2202 35543.0
2203 35543.0
2204 35543.0
2205 35543.0
2206 35543.0
2207 35543.0
2208 35543.0
2209 35543.0
2210 35543.0
2211 35543.0
2212 35543.0
2213 35543.0
2214 35543.0
2215 35543.0
2216 35543.0
2217 35543.0
2218 35543.0
2219 35543.0
2220 35543.0
2221 35543.0
2222 35543.0
2223 35543.0
2224 35543.0
2225 35543.0
2226 35543.0
2227 35543.0
2228 35543.0
2229 35543.0
2230 35543.0
2231 35543.0
2232 35543.0
2233 35543.0
2234 35543.0
2235 35543.0
2236 35543.0
2237 35543.0
2238 35543.0
2239 35543.0
2240 35543.0
2241 35543.0
2242 35543.0
2243 35543.0
2244 35543.0
2245 35543.0
2246 35543.0
2247 35543.0
2248 35543.0
2249 35543.0
2250 35543.0
2251 35543.0
2252 35543.0
2253 35543.0
2254 35543.0
2255 35543.0
2256 35543.0
2257 35543.0
2258 35543.0
2259 35543.0
2260 35543.0
2261 35543.0
2262 35543.0
2263 35543.0
2264 35543.0
2265 35543.0
2266 35543.0
2267 35543.0
2268 35543.0
2269 35543.0
2270 35543.0
2271 35543.0
2272 35543.0
2273 35543.0
2274 35543.0
2275 35543.0
2276 35543.0
2277 35543.0
2278 35543.0
2279 35543.0
2280 35543.0
2281 35543.0
2282 35543.0
2283 35543.0
2284 35543.0
2285 35543.0
2286 35543.0
2287 35543.0
2288 35543.0
2289 35543.0
2290 35543.0
2291 35543.0
2292 35543.0
2293 35543.0
2294 35543.0
2295 35543.0
2296 35543.0
2297 35543.0
2298 35543.0
2299 35543.0
2300 35543.0
2301 35543.0
2302 35543.0
2303 35543.0
2304 35543.0
2305 35543.0
2306 35543.0
2307 35543.0
2308 35543.0
2309 35543.0
2310 35543.0
2311 35543.0
2312 35543.0
2313 35543.0
2314 35543.0
2315 35543.0
2316 35543.0
2317 35543.0
2318 35543.0
2319 35543.0
2320 35543.0
2321 35543.0
2322 35543.0
2323 35543.0
2324 35543.0
2325 35543.0
2326 35543.0
2327 35543.0
2328 35543.0
2329 35543.0
2330 35543.0
2331 35543.0
2332 35543.0
2333 35543.0
2334 35543.0
2335 35543.0
2336 35543.0
2337 35543.0
2338 35543.0
2339 35543.0
2340 35543.0
2341 35543.0
2342 35543.0
2343 35543.0
2344 35543.0
2345 35543.0
2346 35543.0
2347 35543.0
2348 35543.0
2349 35543.0
2350 35543.0
2351 35543.0
2352 35543.0
2353 35543.0
2354 35543.0
2355 35543.0
2356 35543.0
2357 35543.0
2358 35543.0
2359 35543.0
2360 35543.0
2361 35543.0
2362 35543.0
2363 35543.0
2364 35543.0
2365 35543.0
2366 35543.0
2367 35543.0
2368 35543.0
2369 35543.0
2370 35543.0
2371 35543.0
2372 35543.0
2373 35543.0
2374 35543.0
2375 35543.0
2376 35543.0
2377 35543.0
2378 35543.0
2379 35543.0
2380 35543.0
2381 35543.0
2382 35543.0
2383 35543.0
2384 35543.0
2385 35543.0
2386 35543.0
2387 35543.0
2388 35543.0
2389 35543.0
2390 35543.0
2391 35543.0
2392 35543.0
2393 35543.0
2394 35543.0
2395 35543.0
2396 35543.0
2397 35543.0
2398 35543.0
2399 35543.0
2400 35543.0
2401 35543.0
2402 35543.0
2403 35543.0
2404 35543.0
2405 35543.0
2406 35543.0
2407 35543.0
2408 35543.0
2409 35543.0
2410 35543.0
2411 35543.0
2412 35543.0
2413 35543.0
2414 35543.0
2415 35543.0
2416 35543.0
2417 35543.0
2418 35543.0
2419 35543.0
2420 35543.0
2421 35543.0
2422 35543.0
2423 35543.0
2424 35543.0
2425 35543.0
2426 35543.0
2427 35543.0
2428 35543.0
2429 35543.0
2430 35543.0
2431 35543.0
2432 35543.0
2433 35543.0
2434 35543.0
2435 35543.0
2436 35543.0
2437 35543.0
2438 35543.0
2439 35543.0
2440 35543.0
2441 35543.0
2442 35543.0
2443 35543.0
2444 35543.0
2445 35543.0
2446 35543.0
2447 35543.0
2448 35543.0
2449 35543.0
2450 35543.0
2451 35543.0
2452 35543.0
2453 35543.0
2454 35543.0
2455 35543.0
2456 35543.0
2457 35543.0
2458 35543.0
2459 35543.0
2460 35543.0
2461 35543.0
2462 35543.0
2463 35543.0
2464 35543.0
2465 35543.0
2466 35543.0
2467 35543.0
2468 35543.0
2469 35543.0
2470 35543.0
2471 35543.0
2472 35543.0
2473 35543.0
2474 35543.0
2475 35543.0
2476 35543.0
2477 35543.0
2478 35543.0
2479 35543.0
2480 35543.0
2481 35543.0
2482 35543.0
2483 35543.0
2484 35543.0
2485 35543.0
2486 35543.0
2487 35543.0
2488 35543.0
2489 35543.0
2490 35543.0
2491 35543.0
2492 35543.0
2493 35543.0
2494 35543.0
2495 35543.0
2496 35543.0
2497 35543.0
2498 35543.0
2499 35543.0
2500 35543.0
2501 35543.0
2502 35543.0
2503 35543.0
2504 35543.0
2505 35543.0
2506 35543.0
2507 35543.0
2508 35543.0
2509 35543.0
2510 35543.0
2511 35543.0
2512 35543.0
2513 35543.0
2514 35543.0
2515 35543.0
2516 35543.0
2517 35543.0
2518 35543.0
2519 35543.0
2520 35543.0
2521 35543.0
2522 35543.0
2523 35543.0
2524 35543.0
2525 35543.0
2526 35543.0
2527 35543.0
2528 35543.0
2529 35543.0
2530 35543.0
2531 35543.0
2532 35543.0
2533 35543.0
2534 35543.0
2535 35543.0
2536 35543.0
2537 35543.0
2538 35543.0
2539 35543.0
2540 35543.0
2541 35543.0
2542 35543.0
2543 35543.0
2544 35543.0
2545 35543.0
2546 35543.0
2547 35543.0
2548 35543.0
2549 35543.0
2550 35543.0
2551 35543.0
2552 35543.0
2553 35543.0
2554 35543.0
2555 35543.0
2556 35543.0
2557 35543.0
2558 35543.0
2559 35543.0
2560 35543.0
2561 35543.0
2562 35543.0
2563 35543.0
2564 35543.0
2565 35543.0
2566 35543.0
2567 35543.0
2568 35543.0
2569 35543.0
2570 35543.0
2571 35543.0
2572 35543.0
2573 35543.0
2574 35543.0
2575 35543.0
2576 35543.0
2577 35543.0
2578 35543.0
2579 35543.0
2580 35543.0
2581 35543.0
2582 35543.0
2583 35543.0
2584 35543.0
2585 35543.0
2586 35543.0
2587 35543.0
2588 35543.0
2589 35543.0
2590 35543.0
2591 35543.0
2592 35543.0
2593 35543.0
2594 35543.0
2595 35543.0
2596 35543.0
2597 35543.0
2598 35543.0
2599 35543.0
2600 35543.0
2601 35543.0
2602 35543.0
2603 35543.0
2604 35543.0
2605 35543.0
2606 35543.0
2607 35543.0
2608 35543.0
2609 35543.0
2610 35543.0
2611 35543.0
2612 35543.0
2613 35543.0
2614 35543.0
2615 35543.0
2616 35543.0
2617 35543.0
2618 35543.0
2619 35543.0
2620 35543.0
2621 35543.0
2622 35543.0
2623 35543.0
2624 35543.0
2625 35543.0
2626 35543.0
2627 35543.0
2628 35543.0
2629 35543.0
2630 35543.0
2631 35543.0
2632 35543.0
2633 35543.0
2634 35543.0
2635 35543.0
2636 35543.0
2637 35543.0
2638 35543.0
2639 35543.0
2640 35543.0
2641 35543.0
2642 35543.0
2643 35543.0
2644 35543.0
2645 35543.0
2646 35543.0
2647 35543.0
2648 35543.0
2649 35543.0
2650 35543.0
2651 35543.0
2652 35543.0
2653 35543.0
2654 35543.0
2655 35543.0
2656 35543.0
2657 35543.0
2658 35543.0
2659 35543.0
2660 35543.0
2661 35543.0
2662 35543.0
2663 35543.0
2664 35543.0
2665 35543.0
2666 35543.0
2667 35543.0
2668 35543.0
2669 35543.0
2670 35543.0
2671 35543.0
2672 35543.0
2673 35543.0
2674 35543.0
2675 35543.0
2676 35543.0
2677 35543.0
2678 35543.0
2679 35543.0
2680 35543.0
2681 35543.0
2682 35543.0
2683 35543.0
2684 35543.0
2685 35543.0
2686 35543.0
2687 35543.0
2688 35543.0
2689 35543.0
2690 35543.0
2691 35543.0
2692 35543.0
2693 35543.0
2694 35543.0
2695 35543.0
2696 35543.0
2697 35543.0
2698 35543.0
2699 35543.0
2700 35543.0
2701 35543.0
2702 35543.0
2703 35543.0
2704 35543.0
2705 35543.0
2706 35543.0
2707 35543.0
2708 35543.0
2709 35543.0
2710 35543.0
2711 35543.0
2712 35543.0
2713 35543.0
2714 35543.0
2715 35543.0
2716 35543.0
2717 35543.0
2718 35543.0
2719 35543.0
2720 35543.0
2721 35543.0
2722 35543.0
2723 35543.0
2724 35543.0
2725 35543.0
2726 35543.0
2727 35543.0
2728 35543.0
2729 35543.0
2730 35543.0
2731 35543.0
2732 35543.0
2733 35543.0
2734 35543.0
2735 35543.0
2736 35543.0
2737 35543.0
2738 35543.0
2739 35543.0
2740 35543.0
2741 35543.0
2742 35543.0
2743 35543.0
2744 35543.0
2745 35543.0
2746 35543.0
2747 35543.0
2748 35543.0
2749 35543.0
2750 35543.0
2751 35543.0
2752 35543.0
2753 35543.0
2754 35543.0
2755 35543.0
2756 35543.0
2757 35543.0
2758 35543.0
2759 35543.0
2760 35543.0
2761 35543.0
2762 35543.0
2763 35543.0
2764 35543.0
2765 35543.0
2766 35543.0
2767 35543.0
2768 35543.0
2769 35543.0
2770 35543.0
2771 35543.0
2772 35543.0
2773 35543.0
2774 35543.0
2775 35543.0
2776 35543.0
2777 35543.0
2778 35543.0
2779 35543.0
2780 35543.0
2781 35543.0
2782 35543.0
2783 35543.0
2784 35543.0
2785 35543.0
2786 35543.0
2787 35543.0
2788 35543.0
2789 35543.0
2790 35543.0
2791 35543.0
2792 35543.0
2793 35543.0
2794 35543.0
2795 35543.0
2796 35543.0
2797 35543.0
2798 35543.0
2799 35543.0
2800 35543.0
2801 35543.0
2802 35543.0
2803 35543.0
2804 35543.0
2805 35543.0
2806 35543.0
2807 35543.0
2808 35543.0
2809 35543.0
2810 35543.0
2811 35543.0
2812 35543.0
2813 35543.0
2814 35543.0
2815 35543.0
2816 35543.0
2817 35543.0
2818 35543.0
2819 35543.0
2820 35543.0
2821 35543.0
2822 35543.0
2823 35543.0
2824 35543.0
2825 35543.0
2826 35543.0
2827 35543.0
2828 35543.0
2829 35543.0
2830 35543.0
2831 35543.0
2832 35543.0
2833 35543.0
2834 35543.0
2835 35543.0
2836 35543.0
2837 35543.0
2838 35543.0
2839 35543.0
2840 35543.0
2841 35543.0
2842 35543.0
2843 35543.0
2844 35543.0
2845 35543.0
2846 35543.0
2847 35543.0
2848 35543.0
2849 35543.0
2850 35543.0
2851 35543.0
2852 35543.0
2853 35543.0
2854 35543.0
2855 35543.0
2856 35543.0
2857 35543.0
2858 35543.0
2859 35543.0
2860 35543.0
2861 35543.0
2862 35543.0
2863 35543.0
2864 35543.0
2865 35543.0
2866 35543.0
2867 35543.0
2868 35543.0
2869 35543.0
2870 35543.0
2871 35543.0
2872 35543.0
2873 35543.0
2874 35543.0
2875 35543.0
2876 35543.0
2877 35543.0
2878 35543.0
2879 35543.0
2880 35543.0
2881 35543.0
2882 35543.0
2883 35543.0
2884 35543.0
2885 35543.0
2886 35543.0
2887 35543.0
2888 35543.0
2889 35543.0
2890 35543.0
2891 35543.0
2892 35543.0
2893 35543.0
2894 35543.0
2895 35543.0
2896 35543.0
2897 35543.0
2898 35543.0
2899 35543.0
2900 35543.0
2901 35543.0
2902 35543.0
2903 35543.0
2904 35543.0
2905 35543.0
2906 35543.0
2907 35543.0
2908 35543.0
2909 35543.0
2910 35543.0
2911 35543.0
2912 35543.0
2913 35543.0
2914 35543.0
2915 35543.0
2916 35543.0
2917 35543.0
2918 35543.0
2919 35543.0
2920 35543.0
2921 35543.0
2922 35543.0
2923 35543.0
2924 35543.0
2925 35543.0
2926 35543.0
2927 35543.0
2928 35543.0
2929 35543.0
2930 35543.0
2931 35543.0
2932 35543.0
2933 35543.0
2934 35543.0
2935 35543.0
2936 35543.0
2937 35543.0
2938 35543.0
2939 35543.0
2940 35543.0
2941 35543.0
2942 35543.0
2943 35543.0
2944 35543.0
2945 35543.0
2946 35543.0
2947 35543.0
2948 35543.0
2949 35543.0
2950 35543.0
2951 35543.0
2952 35543.0
2953 35543.0
2954 35543.0
2955 35543.0
2956 35543.0
2957 35543.0
2958 35543.0
2959 35543.0
2960 35543.0
2961 35543.0
2962 35543.0
2963 35543.0
2964 35543.0
2965 35543.0
2966 35543.0
2967 35543.0
2968 35543.0
2969 35543.0
2970 35543.0
2971 35543.0
2972 35543.0
2973 35543.0
2974 35543.0
2975 35543.0
2976 35543.0
2977 35543.0
2978 35543.0
2979 35543.0
2980 35543.0
2981 35543.0
2982 35543.0
2983 35543.0
2984 35543.0
2985 35543.0
2986 35543.0
2987 35543.0
2988 35543.0
2989 35543.0
2990 35543.0
2991 35543.0
2992 35543.0
2993 35543.0
2994 35543.0
2995 35543.0
2996 35543.0
2997 35543.0
2998 35543.0
2999 35543.0
3000 35543.0
3001 35543.0
3002 35543.0
3003 35543.0
3004 35543.0
3005 35543.0
3006 35543.0
3007 35543.0
3008 35543.0
3009 35543.0
3010 35543.0
3011 35543.0
3012 35543.0
3013 35543.0
3014 35543.0
3015 35543.0
3016 35543.0
3017 35543.0
3018 35543.0
3019 35543.0
3020 35543.0
3021 35543.0
3022 35543.0
3023 35543.0
3024 35543.0
3025 35543.0
3026 35543.0
3027 35543.0
3028 35543.0
3029 35543.0
3030 35543.0
3031 35543.0
3032 35543.0
3033 35543.0
3034 35543.0
3035 35543.0
3036 35543.0
3037 35543.0
3038 35543.0
3039 35543.0
3040 35543.0
3041 35543.0
3042 35543.0
3043 35543.0
3044 35543.0
3045 35543.0
3046 35543.0
3047 35543.0
3048 35543.0
3049 35543.0
3050 35543.0
3051 35543.0
3052 35543.0
3053 35543.0
3054 35543.0
3055 35543.0
3056 35543.0
3057 35543.0
3058 35543.0
3059 35543.0
3060 35543.0
3061 35543.0
3062 35543.0
3063 35543.0
3064 35543.0
3065 35543.0
3066 35543.0
3067 35543.0
3068 35543.0
3069 35543.0
3070 35543.0
3071 35543.0
3072 35543.0
3073 35543.0
3074 35543.0
3075 35543.0
3076 35543.0
3077 35543.0
3078 35543.0
3079 35543.0
3080 35543.0
3081 35543.0
3082 35543.0
3083 35543.0
3084 35543.0
3085 35543.0
3086 35543.0
3087 35543.0
3088 35543.0
3089 35543.0
3090 35543.0
3091 35543.0
3092 35543.0
3093 35543.0
3094 35543.0
3095 35543.0
3096 35543.0
3097 35543.0
3098 35543.0
3099 35543.0
3100 35543.0
3101 35543.0
3102 35543.0
3103 35543.0
3104 35543.0
3105 35543.0
3106 35543.0
3107 35543.0
3108 35543.0
3109 35543.0
3110 35543.0
3111 35543.0
3112 35543.0
3113 35543.0
3114 35543.0
3115 35543.0
3116 35543.0
3117 35543.0
3118 35543.0
3119 35543.0
3120 35543.0
3121 35543.0
3122 35543.0
3123 35543.0
3124 35543.0
3125 35543.0
3126 35543.0
3127 35543.0
3128 35543.0
3129 35543.0
3130 35543.0
3131 35543.0
3132 35543.0
3133 35543.0
3134 35543.0
3135 35543.0
3136 35543.0
3137 35543.0
3138 35543.0
3139 35543.0
3140 35543.0
3141 35543.0
3142 35543.0
3143 35543.0
3144 35543.0
3145 35543.0
3146 35543.0
3147 35543.0
3148 35543.0
3149 35543.0
3150 35543.0
3151 35543.0
3152 35543.0
3153 35543.0
3154 35543.0
3155 35543.0
3156 35543.0
3157 35543.0
3158 35543.0
3159 35543.0
3160 35543.0
3161 35543.0
3162 35543.0
3163 35543.0
3164 35543.0
3165 35543.0
3166 35543.0
3167 35543.0
3168 35543.0
3169 35543.0
3170 35543.0
3171 35543.0
3172 35543.0
3173 35543.0
3174 35543.0
3175 35543.0
3176 35543.0
3177 35543.0
3178 35543.0
3179 35543.0
3180 35543.0
3181 35543.0
3182 35543.0
3183 35543.0
3184 35543.0
3185 35543.0
3186 35543.0
3187 35543.0
3188 35543.0
3189 35543.0
3190 35543.0
3191 35543.0
3192 35543.0
3193 35543.0
3194 35543.0
3195 35543.0
3196 35543.0
3197 35543.0
3198 35543.0
3199 35543.0
3200 35543.0
3201 35543.0
3202 35543.0
3203 35543.0
3204 35543.0
3205 35543.0
3206 35543.0
3207 35543.0
3208 35543.0
3209 35543.0
3210 35543.0
3211 35543.0
3212 35543.0
3213 35543.0
3214 35543.0
3215 35543.0
3216 35543.0
3217 35543.0
3218 35543.0
3219 35543.0
3220 35543.0
3221 35543.0
3222 35543.0
3223 35543.0
3224 35543.0
3225 35543.0
3226 35543.0
3227 35543.0
3228 35543.0
3229 35543.0
3230 35543.0
3231 35543.0
3232 35543.0
3233 35543.0
3234 35543.0
3235 35543.0
3236 35543.0
3237 35543.0
3238 35543.0
3239 35543.0
3240 35543.0
3241 35543.0
3242 35543.0
3243 35543.0
3244 35543.0
3245 35543.0
3246 35543.0
3247 35543.0
3248 35543.0
3249 35543.0
3250 35543.0
3251 35543.0
3252 35543.0
3253 35543.0
3254 35543.0
3255 35543.0
3256 35543.0
3257 35543.0
3258 35543.0
3259 35543.0
3260 35543.0
3261 35543.0
3262 35543.0
3263 35543.0
3264 35543.0
3265 35543.0
3266 35543.0
3267 35543.0
3268 35543.0
3269 35543.0
3270 35543.0
3271 35543.0
3272 35543.0
3273 35543.0
3274 35543.0
3275 35543.0
3276 35543.0
3277 35543.0
3278 35543.0
3279 35543.0
3280 35543.0
3281 35543.0
3282 35543.0
3283 35543.0
3284 35543.0
3285 35543.0
3286 35543.0
3287 35543.0
3288 35543.0
3289 35543.0
3290 35543.0
3291 35543.0
3292 35543.0
3293 35543.0
3294 35543.0
3295 35543.0
3296 35543.0
3297 35543.0
3298 35543.0
3299 35543.0
3300 35543.0
3301 35543.0
3302 35543.0
3303 35543.0
3304 35543.0
3305 35543.0
3306 35543.0
3307 35543.0
3308 35543.0
3309 35543.0
3310 35543.0
3311 35543.0
3312 35543.0
3313 35543.0
3314 35543.0
3315 35543.0
3316 35543.0
3317 35543.0
3318 35543.0
3319 35543.0
3320 35543.0
3321 35543.0
3322 35543.0
3323 35543.0
3324 35543.0
3325 35543.0
3326 35543.0
3327 35543.0
3328 35543.0
3329 35543.0
3330 35543.0
3331 35543.0
3332 35543.0
3333 35543.0
3334 35543.0
3335 35543.0
3336 35543.0
3337 35543.0
3338 35543.0
3339 35543.0
3340 35543.0
3341 35543.0
3342 35543.0
3343 35543.0
3344 35543.0
3345 35543.0
3346 35543.0
3347 35543.0
3348 35543.0
3349 35543.0
3350 35543.0
3351 35543.0
3352 35543.0
3353 35543.0
3354 35543.0
3355 35543.0
3356 35543.0
3357 35543.0
3358 35543.0
3359 35543.0
3360 35543.0
3361 35543.0
3362 35543.0
3363 35543.0
3364 35543.0
3365 35543.0
3366 35543.0
3367 35543.0
3368 35543.0
3369 35543.0
3370 35543.0
3371 35543.0
3372 35543.0
3373 35543.0
3374 35543.0
3375 35543.0
3376 35543.0
3377 35543.0
3378 35543.0
3379 35543.0
3380 35543.0
3381 35543.0
3382 35543.0
3383 35543.0
3384 35543.0
3385 35543.0
3386 35543.0
3387 35543.0
3388 35543.0
3389 35543.0
3390 35543.0
3391 35543.0
3392 35543.0
3393 35543.0
3394 35543.0
3395 35543.0
3396 35543.0
3397 35543.0
3398 35543.0
3399 35543.0
3400 35543.0
3401 35543.0
3402 35543.0
3403 35543.0
3404 35543.0
3405 35543.0
3406 35543.0
3407 35543.0
3408 35543.0
3409 35543.0
3410 35543.0
3411 35543.0
3412 35543.0
3413 35543.0
3414 35543.0
3415 35543.0
3416 35543.0
3417 35543.0
3418 35543.0
3419 35543.0
3420 35543.0
3421 35543.0
3422 35543.0
3423 35543.0
3424 35543.0
3425 35543.0
3426 35543.0
3427 35543.0
3428 35543.0
3429 35543.0
3430 35543.0
3431 35543.0
3432 35543.0
3433 35543.0
3434 35543.0
3435 35543.0
3436 35543.0
3437 35543.0
3438 35543.0
3439 35543.0
3440 35543.0
3441 35543.0
3442 35543.0
3443 35543.0
3444 35543.0
3445 35543.0
3446 35543.0
3447 35543.0
3448 35543.0
3449 35543.0
3450 35543.0
3451 35543.0
3452 35543.0
3453 35543.0
3454 35543.0
3455 35543.0
3456 35543.0
3457 35543.0
3458 35543.0
3459 35543.0
3460 35543.0
3461 35543.0
3462 35543.0
3463 35543.0
3464 35543.0
3465 35543.0
3466 35543.0
3467 35543.0
3468 35543.0
3469 35543.0
3470 35543.0
3471 35543.0
3472 35543.0
3473 35543.0
3474 35543.0
3475 35543.0
3476 35543.0
3477 35543.0
3478 35543.0
3479 35543.0
3480 35543.0
3481 35543.0
3482 35543.0
3483 35543.0
3484 35543.0
3485 35543.0
3486 35543.0
3487 35543.0
3488 35543.0
3489 35543.0
3490 35543.0
3491 35543.0
3492 35543.0
3493 35543.0
3494 35543.0
3495 35543.0
3496 35543.0
3497 35543.0
3498 35543.0
3499 35543.0
3500 35543.0
3501 35543.0
3502 35543.0
3503 35543.0
3504 35543.0
3505 35543.0
3506 35543.0
3507 35543.0
3508 35543.0
3509 35543.0
3510 35543.0
3511 35543.0
3512 31719.0
3513 31719.0
3514 31719.0
3515 31719.0
3516 31719.0
3517 31719.0
3518 31719.0
3519 31719.0
3520 31719.0
3521 31719.0
3522 31719.0
3523 31719.0
3524 31719.0
3525 31719.0
3526 31719.0
3527 31719.0
3528 31719.0
3529 31719.0
3530 31719.0
3531 31719.0
3532 31719.0
3533 31719.0
3534 31719.0
3535 31719.0
3536 31719.0
3537 31719.0
3538 31719.0
3539 31719.0
3540 31719.0
3541 31719.0
3542 31719.0
3543 31719.0
3544 31719.0
3545 31719.0
3546 31719.0
3547 31719.0
3548 31719.0
3549 31719.0
3550 31719.0
3551 31719.0
3552 31719.0
3553 31719.0
3554 31719.0
3555 31719.0
3556 31719.0
3557 31719.0
3558 31719.0
3559 31719.0
3560 31719.0
3561 31719.0
3562 31719.0
3563 31719.0
3564 31719.0
3565 31719.0
3566 31719.0
3567 31719.0
3568 31719.0
3569 31719.0
3570 31719.0
3571 31719.0
3572 31719.0
3573 31719.0
3574 31719.0
3575 31719.0
3576 31719.0
3577 31719.0
3578 31719.0
3579 31719.0
3580 31719.0
3581 31719.0
3582 31719.0
3583 31719.0
3584 31719.0
3585 31719.0
3586 31719.0
3587 31719.0
3588 31719.0
3589 31719.0
3590 31719.0
3591 31719.0
3592 31719.0
3593 31719.0
3594 31719.0
3595 31719.0
3596 31719.0
3597 31719.0
3598 31719.0
3599 31719.0
3600 31719.0
3601 31719.0
3602 31719.0
3603 31719.0
3604 31719.0
3605 31719.0
3606 31719.0
3607 31719.0
3608 31719.0
3609 31719.0
3610 31719.0
3611 31719.0
3612 31719.0
3613 31719.0
3614 31719.0
3615 31719.0
3616 31719.0
3617 31719.0
3618 31719.0
3619 31719.0
3620 31719.0
3621 31719.0
3622 31719.0
3623 31719.0
3624 31719.0
3625 31719.0
3626 31719.0
3627 31719.0
3628 31719.0
3629 31719.0
3630 31719.0
3631 31719.0
3632 31719.0
3633 31719.0
3634 31719.0
3635 31719.0
3636 31719.0
3637 31719.0
3638 31719.0
3639 31719.0
3640 31719.0
3641 31719.0
3642 31719.0
3643 31719.0
3644 31719.0
3645 31719.0
3646 31719.0
3647 31719.0
3648 31719.0
3649 31719.0
3650 31719.0
3651 31719.0
3652 31719.0
3653 31719.0
3654 31719.0
3655 31719.0
3656 31719.0
3657 31719.0
3658 31719.0
3659 31719.0
3660 31719.0
3661 31719.0
3662 31719.0
3663 31719.0
3664 31719.0
3665 31719.0
3666 31719.0
3667 31719.0
3668 31719.0
3669 31719.0
3670 31719.0
3671 31719.0
3672 31719.0
3673 31719.0
3674 31719.0
3675 31719.0
3676 31719.0
3677 31719.0
3678 31719.0
3679 31719.0
3680 31719.0
3681 31719.0
3682 31719.0
3683 31719.0
3684 31719.0
3685 31719.0
3686 31719.0
3687 31719.0
3688 31719.0
3689 31719.0
3690 31719.0
3691 31719.0
3692 31719.0
3693 31719.0
3694 31719.0
3695 31719.0
3696 31719.0
3697 31719.0
3698 31719.0
3699 31719.0
3700 31719.0
3701 31719.0
3702 31719.0
3703 31719.0
3704 31719.0
3705 31719.0
3706 31719.0
3707 31719.0
3708 31719.0
3709 31719.0
3710 31719.0
3711 31719.0
3712 31719.0
3713 31719.0
3714 31719.0
3715 31719.0
3716 31719.0
3717 31719.0
3718 31719.0
3719 31719.0
3720 31719.0
3721 31719.0
3722 31719.0
3723 31719.0
3724 31719.0
3725 31719.0
3726 31719.0
3727 31719.0
3728 31719.0
3729 31719.0
3730 31719.0
3731 31719.0
3732 31719.0
3733 31719.0
3734 31719.0
3735 31719.0
3736 31719.0
3737 31719.0
3738 31719.0
3739 31719.0
3740 31719.0
3741 31719.0
3742 31719.0
3743 31719.0
3744 31719.0
3745 31719.0
3746 31719.0
3747 31719.0
3748 31719.0
3749 31719.0
3750 31719.0
3751 31719.0
3752 31719.0
3753 31719.0
3754 31719.0
3755 31719.0
3756 31719.0
3757 31719.0
3758 31719.0
3759 31719.0
3760 31719.0
3761 31719.0
3762 31719.0
3763 31719.0
3764 31719.0
3765 31719.0
3766 31719.0
3767 31719.0
3768 31719.0
3769 31719.0
3770 31719.0
3771 31719.0
3772 31719.0
3773 31719.0
3774 31719.0
3775 31719.0
3776 31719.0
3777 31719.0
3778 31719.0
3779 31719.0
3780 31719.0
3781 31719.0
3782 31719.0
3783 31719.0
3784 31719.0
3785 31719.0
3786 31719.0
3787 31719.0
3788 31719.0
3789 31719.0
3790 31719.0
3791 31719.0
3792 31719.0
3793 31719.0
3794 31719.0
3795 31719.0
3796 31719.0
3797 31719.0
3798 31719.0
3799 31719.0
3800 31719.0
3801 31719.0
3802 31719.0
3803 31719.0
3804 31719.0
3805 31719.0
3806 31719.0
3807 31719.0
3808 31719.0
3809 31719.0
3810 31719.0
3811 31719.0
3812 31719.0
3813 31719.0
3814 31719.0
3815 31719.0
3816 31719.0
3817 31719.0
3818 31719.0
3819 31719.0
3820 31719.0
3821 31719.0
3822 31719.0
3823 31719.0
3824 31719.0
3825 31719.0
3826 31719.0
3827 31719.0
3828 31719.0
3829 31719.0
3830 31719.0
3831 31719.0
3832 31719.0
3833 31719.0
3834 31719.0
3835 31719.0
3836 31719.0
3837 31719.0
3838 31719.0
3839 31719.0
3840 31719.0
3841 31719.0
3842 31719.0
3843 31719.0
3844 31719.0
3845 31719.0
3846 31719.0
3847 31719.0
3848 31719.0
3849 31719.0
3850 31719.0
3851 31719.0
3852 31719.0
3853 31719.0
3854 31719.0
3855 31719.0
3856 31719.0
3857 31719.0
3858 31719.0
3859 31719.0
3860 31719.0
3861 31719.0
3862 31719.0
3863 31719.0
3864 31719.0
3865 31719.0
3866 31719.0
3867 31719.0
3868 31719.0
3869 31719.0
3870 31719.0
3871 31719.0
3872 31719.0
3873 31719.0
3874 31719.0
3875 31719.0
3876 31719.0
3877 31719.0
3878 31719.0
3879 31719.0
3880 31719.0
3881 31719.0
3882 31719.0
3883 31719.0
3884 31719.0
3885 31719.0
3886 31719.0
3887 31719.0
3888 31719.0
3889 31719.0
3890 31719.0
3891 31719.0
3892 31719.0
3893 31719.0
3894 31719.0
3895 31719.0
3896 31719.0
3897 31719.0
3898 31719.0
3899 31719.0
3900 31719.0
3901 31719.0
3902 31719.0
3903 31719.0
3904 31719.0
3905 31719.0
3906 31719.0
3907 31719.0
3908 31719.0
3909 31719.0
3910 31719.0
3911 31719.0
3912 31719.0
3913 31719.0
3914 31719.0
3915 31719.0
3916 31719.0
3917 31719.0
3918 31719.0
3919 31719.0
3920 31719.0
3921 31719.0
3922 31719.0
3923 31719.0
3924 31719.0
3925 31719.0
3926 31719.0
3927 31719.0
3928 31719.0
3929 31719.0
3930 31719.0
3931 31719.0
3932 31719.0
3933 31719.0
3934 31719.0
3935 31719.0
3936 31719.0
3937 31719.0
3938 31719.0
3939 31719.0
3940 31719.0
3941 31719.0
3942 31719.0
3943 31719.0
3944 31719.0
3945 31719.0
3946 31719.0
3947 31719.0
3948 31719.0
3949 31719.0
3950 31719.0
3951 31719.0
3952 31719.0
3953 31719.0
3954 31719.0
3955 31719.0
3956 31719.0
3957 31719.0
3958 31719.0
3959 31719.0
3960 31719.0
3961 31719.0
3962 31719.0
3963 31719.0
3964 31719.0
3965 31719.0
3966 31719.0
3967 31719.0
3968 31719.0
3969 31719.0
3970 31719.0
3971 31719.0
3972 31719.0
3973 31719.0
3974 31719.0
3975 31719.0
3976 31719.0
3977 31719.0
3978 31719.0
3979 31719.0
3980 31719.0
3981 31719.0
3982 31719.0
3983 31719.0
3984 31719.0
3985 31719.0
3986 31719.0
3987 31719.0
3988 31719.0
3989 31719.0
3990 31719.0
3991 31719.0
3992 31719.0
3993 31719.0
3994 31719.0
3995 31719.0
3996 31719.0
3997 31719.0
3998 31719.0
3999 31719.0
4000 31719.0
4001 31719.0
4002 31719.0
4003 31719.0
4004 31719.0
4005 31719.0
4006 31719.0
4007 31719.0
4008 31719.0
4009 31719.0
4010 31719.0
4011 31719.0
4012 31719.0
4013 31719.0
4014 31719.0
4015 31719.0
4016 31719.0
4017 31719.0
4018 31719.0
4019 31719.0
4020 31719.0
4021 31719.0
4022 31719.0
4023 31719.0
4024 31719.0
4025 31719.0
4026 31719.0
4027 31719.0
4028 31719.0
4029 31719.0
4030 31719.0
4031 31719.0
4032 31719.0
4033 31719.0
4034 31719.0
4035 31719.0
4036 31719.0
4037 31719.0
4038 31719.0
4039 31719.0
4040 31719.0
4041 31719.0
4042 31719.0
4043 31719.0
4044 31719.0
4045 31719.0
4046 31719.0
4047 31719.0
4048 31719.0
4049 31719.0
4050 31719.0
4051 31719.0
4052 31719.0
4053 31719.0
4054 31719.0
4055 31719.0
4056 31719.0
4057 31719.0
4058 31719.0
4059 31719.0
4060 31719.0
4061 31719.0
4062 31719.0
4063 31719.0
4064 31719.0
4065 31719.0
4066 31719.0
4067 31719.0
4068 31719.0
4069 31719.0
4070 31719.0
4071 31719.0
4072 31719.0
4073 31719.0
4074 31719.0
4075 31719.0
4076 31719.0
4077 31719.0
4078 31719.0
4079 31719.0
4080 31719.0
4081 31719.0
4082 31719.0
4083 31719.0
4084 31719.0
4085 31719.0
4086 31719.0
4087 31719.0
4088 31719.0
4089 31719.0
4090 31719.0
4091 31719.0
4092 31719.0
4093 31719.0
4094 31719.0
4095 31719.0
4096 31719.0
4097 31719.0
4098 31719.0
4099 31719.0
4100 31719.0
4101 31719.0
4102 31719.0
4103 31719.0
4104 31719.0
4105 31719.0
4106 31719.0
4107 31719.0
4108 31719.0
4109 31719.0
4110 31719.0
4111 31719.0
4112 31719.0
4113 31719.0
4114 31719.0
4115 31719.0
4116 31719.0
4117 31719.0
4118 31719.0
4119 31719.0
4120 31719.0
4121 31719.0
4122 31719.0
4123 31719.0
4124 31719.0
4125 31719.0
4126 31719.0
4127 31719.0
4128 31719.0
4129 31719.0
4130 31719.0
4131 31719.0
4132 31719.0
4133 31719.0
4134 31719.0
4135 31719.0
4136 31719.0
4137 31719.0
4138 31719.0
4139 31719.0
4140 31719.0
4141 31719.0
4142 31719.0
4143 31719.0
4144 31719.0
4145 31719.0
4146 31719.0
4147 31719.0
4148 31719.0
4149 31719.0
4150 31719.0
4151 31719.0
4152 31719.0
4153 31719.0
4154 31719.0
4155 31719.0
4156 31719.0
4157 31719.0
4158 31719.0
4159 31719.0
4160 31719.0
4161 31719.0
4162 31719.0
4163 31719.0
4164 31719.0
4165 31719.0
4166 31719.0
4167 31719.0
4168 31719.0
4169 31719.0
4170 31719.0
4171 31719.0
4172 31719.0
4173 31719.0
4174 31719.0
4175 31719.0
4176 31719.0
4177 31719.0
4178 31719.0
4179 31719.0
4180 31719.0
4181 31719.0
4182 31719.0
4183 31719.0
4184 31719.0
4185 31719.0
4186 31719.0
4187 31719.0
4188 31719.0
4189 31719.0
4190 31719.0
4191 31719.0
4192 31719.0
4193 31719.0
4194 31719.0
4195 31719.0
4196 31719.0
4197 31719.0
4198 31719.0
4199 31719.0
4200 31719.0
4201 31719.0
4202 31719.0
4203 31719.0
4204 31719.0
4205 31719.0
4206 31719.0
4207 31719.0
4208 31719.0
4209 31719.0
4210 31719.0
4211 31719.0
4212 31719.0
4213 31719.0
4214 31719.0
4215 31719.0
4216 31719.0
4217 31719.0
4218 31719.0
4219 31719.0
4220 31719.0
4221 31719.0
4222 31719.0
4223 31719.0
4224 31719.0
4225 31719.0
4226 31719.0
4227 31719.0
4228 31719.0
4229 31719.0
4230 31719.0
4231 31719.0
4232 31719.0
4233 31719.0
4234 31719.0
4235 31719.0
4236 31719.0
4237 31719.0
4238 31719.0
4239 31719.0
4240 31719.0
4241 31719.0
4242 31719.0
4243 31719.0
4244 31719.0
4245 31719.0
4246 31719.0
4247 31719.0
4248 31719.0
4249 31719.0
4250 31719.0
4251 31719.0
4252 31719.0
4253 31719.0
4254 31719.0
4255 31719.0
4256 31719.0
4257 31719.0
4258 31719.0
4259 31719.0
4260 31719.0
4261 31719.0
4262 31719.0
4263 31719.0
4264 31719.0
4265 31719.0
4266 31719.0
4267 31719.0
4268 31719.0
4269 31719.0
4270 31719.0
4271 31719.0
4272 31719.0
4273 31719.0
4274 31719.0
4275 31719.0
4276 31719.0
4277 31719.0
4278 31719.0
4279 31719.0
4280 31719.0
4281 31719.0
4282 31719.0
4283 31719.0
4284 31719.0
4285 31719.0
4286 31719.0
4287 31719.0
4288 31719.0
4289 31719.0
4290 31719.0
4291 31719.0
4292 31719.0
4293 31719.0
4294 31719.0
4295 31719.0
4296 31719.0
4297 31719.0
4298 31719.0
4299 31719.0
4300 31719.0
4301 31719.0
4302 31719.0
4303 31719.0
4304 31719.0
4305 31719.0
4306 31719.0
4307 31719.0
4308 31719.0
4309 31719.0
4310 31719.0
4311 31719.0
4312 31719.0
4313 31719.0
4314 31719.0
4315 31719.0
4316 31719.0
4317 31719.0
4318 31719.0
4319 31719.0
4320 31719.0
4321 31719.0
4322 31719.0
4323 31719.0
4324 31719.0
4325 31719.0
4326 31719.0
4327 31719.0
4328 31719.0
4329 31719.0
4330 31719.0
4331 31719.0
4332 31719.0
4333 31719.0
4334 31719.0
4335 31719.0
4336 31719.0
4337 31719.0
4338 31719.0
4339 31719.0
4340 31719.0
4341 31719.0
4342 31719.0
4343 31719.0
4344 31719.0
4345 31719.0
4346 31719.0
4347 31719.0
4348 31719.0
4349 31719.0
4350 31719.0
4351 31719.0
4352 31719.0
4353 31719.0
4354 31719.0
4355 31719.0
4356 31719.0
4357 31719.0
4358 31719.0
4359 31719.0
4360 31719.0
4361 31719.0
4362 31719.0
4363 31719.0
4364 31719.0
4365 31719.0
4366 31719.0
4367 31719.0
4368 31719.0
4369 31719.0
4370 31719.0
4371 31719.0
4372 31719.0
4373 31719.0
4374 31719.0
4375 31719.0
4376 31719.0
4377 31719.0
4378 31719.0
4379 31719.0
4380 31719.0
4381 31719.0
4382 31719.0
4383 31719.0
4384 31719.0
4385 31719.0
4386 31719.0
4387 31719.0
4388 31719.0
4389 31719.0
4390 31719.0
4391 31719.0
4392 31719.0
4393 31719.0
4394 31719.0
4395 31719.0
4396 31719.0
4397 31719.0
4398 31719.0
4399 31719.0
4400 31719.0
4401 31719.0
4402 31719.0
4403 31719.0
4404 31719.0
4405 31719.0
4406 31719.0
4407 31719.0
4408 31719.0
4409 31719.0
4410 31719.0
4411 31719.0
4412 31719.0
4413 31719.0
4414 31719.0
4415 31719.0
4416 31719.0
4417 31719.0
4418 31719.0
4419 31719.0
4420 31719.0
4421 31719.0
4422 31719.0
4423 31719.0
4424 31719.0
4425 31719.0
4426 31719.0
4427 31719.0
4428 31719.0
4429 31719.0
4430 31719.0
4431 31719.0
4432 31719.0
4433 31719.0
4434 31719.0
4435 31719.0
4436 31719.0
4437 31719.0
4438 31719.0
4439 31719.0
4440 31719.0
4441 31719.0
4442 31719.0
4443 31719.0
4444 31719.0
4445 31719.0
4446 31719.0
4447 31719.0
4448 31719.0
4449 31719.0
4450 31719.0
4451 31719.0
4452 31719.0
4453 31719.0
4454 31719.0
4455 31719.0
4456 31719.0
4457 31719.0
4458 31719.0
4459 31719.0
4460 31719.0
4461 31719.0
4462 31719.0
4463 31719.0
4464 31719.0
4465 31719.0
4466 31719.0
4467 31719.0
4468 31719.0
4469 31719.0
4470 31719.0
4471 31719.0
4472 31719.0
4473 31719.0
4474 31719.0
4475 31719.0
4476 31719.0
4477 31719.0
4478 31719.0
4479 31719.0
4480 31719.0
4481 31719.0
4482 31719.0
4483 31719.0
4484 31719.0
4485 31719.0
4486 31719.0
4487 31719.0
4488 31719.0
4489 31719.0
4490 31719.0
4491 31719.0
4492 31719.0
4493 31719.0
4494 31719.0
4495 31719.0
4496 31719.0
4497 31719.0
4498 31719.0
4499 31719.0
4500 31719.0
4501 31719.0
4502 31719.0
4503 31719.0
4504 31719.0
4505 31719.0
4506 31719.0
4507 31719.0
4508 31719.0
4509 31719.0
4510 31719.0
4511 31719.0
4512 31719.0
4513 31719.0
4514 31719.0
4515 31719.0
4516 31719.0
4517 31719.0
4518 31719.0
4519 31719.0
4520 31719.0
4521 31719.0
4522 31719.0
4523 31719.0
4524 31719.0
4525 31719.0
4526 31719.0
4527 31719.0
4528 31719.0
4529 31719.0
4530 31719.0
4531 31719.0
4532 31719.0
4533 31719.0
4534 31719.0
4535 31719.0
4536 31719.0
4537 31719.0
4538 31719.0
4539 31719.0
4540 31719.0
4541 31719.0
4542 31719.0
4543 31719.0
4544 31719.0
4545 31719.0
4546 31719.0
4547 31719.0
4548 31719.0
4549 31719.0
4550 31719.0
4551 31719.0
4552 31719.0
4553 31719.0
4554 31719.0
4555 31719.0
4556 31719.0
4557 31719.0
4558 31719.0
4559 31719.0
4560 31719.0
4561 31719.0
4562 31719.0
4563 31719.0
4564 31719.0
4565 31719.0
4566 31719.0
4567 31719.0
4568 31719.0
4569 31719.0
4570 31719.0
4571 31719.0
4572 31719.0
4573 31719.0
4574 31719.0
4575 31719.0
4576 31719.0
4577 31719.0
4578 31719.0
4579 31719.0
4580 31719.0
4581 31719.0
4582 31719.0
4583 31719.0
4584 31719.0
4585 31719.0
4586 31719.0
4587 31719.0
4588 31719.0
4589 31719.0
4590 31719.0
4591 31719.0
4592 31719.0
4593 31719.0
4594 31719.0
4595 31719.0
4596 31719.0
4597 31719.0
4598 31719.0
4599 31719.0
4600 31719.0
4601 31719.0
4602 31719.0
4603 31719.0
4604 31719.0
4605 31719.0
4606 31719.0
4607 31719.0
4608 31719.0
4609 31719.0
4610 31719.0
4611 31719.0
4612 31719.0
4613 31719.0
4614 31719.0
4615 31719.0
4616 31719.0
4617 31719.0
4618 31719.0
4619 31719.0
4620 31719.0
4621 31719.0
4622 31719.0
4623 31719.0
4624 31719.0
4625 31719.0
4626 31719.0
4627 31719.0
4628 31719.0
4629 31719.0
4630 31719.0
4631 31719.0
4632 31719.0
4633 31719.0
4634 31719.0
4635 31719.0
4636 31719.0
4637 31719.0
4638 31719.0
4639 31719.0
4640 31719.0
4641 31719.0
4642 31719.0
4643 31719.0
4644 31719.0
4645 31719.0
4646 31719.0
4647 31719.0
4648 31719.0
4649 31719.0
4650 31719.0
4651 31719.0
4652 31719.0
4653 31719.0
4654 31719.0
4655 31719.0
4656 31719.0
4657 31719.0
4658 31719.0
4659 31719.0
4660 31719.0
4661 31719.0
4662 31719.0
4663 31719.0
4664 31719.0
4665 31719.0
4666 31719.0
4667 31719.0
4668 31719.0
4669 31719.0
4670 31719.0
4671 31719.0
4672 31719.0
4673 31719.0
4674 31719.0
4675 31719.0
4676 31719.0
4677 31719.0
4678 31719.0
4679 31719.0
4680 31719.0
4681 31719.0
4682 31719.0
4683 31719.0
4684 31719.0
4685 31719.0
4686 31719.0
4687 31719.0
4688 31719.0
4689 31719.0
4690 31719.0
4691 31719.0
4692 31719.0
4693 31719.0
4694 31719.0
4695 31719.0
4696 31719.0
4697 31719.0
4698 31719.0
4699 31719.0
4700 31719.0
4701 31719.0
4702 31719.0
4703 31719.0
4704 31719.0
4705 31719.0
4706 31719.0
4707 31719.0
4708 31719.0
4709 31719.0
4710 31719.0
4711 31719.0
4712 31719.0
4713 31719.0
4714 31719.0
4715 31719.0
4716 31719.0
4717 31719.0
4718 31719.0
4719 31719.0
4720 31719.0
4721 31719.0
4722 31719.0
4723 31719.0
4724 31719.0
4725 31719.0
4726 31719.0
4727 31719.0
4728 31719.0
4729 31719.0
4730 31719.0
4731 31719.0
4732 31719.0
4733 31719.0
4734 31719.0
4735 31719.0
4736 31719.0
4737 31719.0
4738 31719.0
4739 31719.0
4740 31719.0
4741 31719.0
4742 31719.0
4743 31719.0
4744 31719.0
4745 31719.0
4746 31719.0
4747 31719.0
4748 31719.0
4749 31719.0
4750 31719.0
4751 31719.0
4752 31719.0
4753 31719.0
4754 31719.0
4755 31719.0
4756 31719.0
4757 31719.0
4758 31719.0
4759 31719.0
4760 31719.0
4761 31719.0
4762 31719.0
4763 31719.0
4764 31719.0
4765 31719.0
4766 31719.0
4767 31719.0
4768 31719.0
4769 31719.0
4770 31719.0
4771 31719.0
4772 31719.0
4773 31719.0
4774 31719.0
4775 31719.0
4776 31719.0
4777 31719.0
4778 31719.0
4779 31719.0
4780 31719.0
4781 31719.0
4782 31719.0
4783 31719.0
4784 31719.0
4785 31719.0
4786 31719.0
4787 31719.0
4788 31719.0
4789 31719.0
4790 31719.0
4791 31719.0
4792 31719.0
4793 31719.0
4794 31719.0
4795 31719.0
4796 31719.0
4797 31719.0
4798 31719.0
4799 31719.0
4800 31719.0
4801 31719.0
4802 31719.0
4803 31719.0
4804 31719.0
4805 31719.0
4806 31719.0
4807 31719.0
4808 31719.0
4809 31719.0
4810 31719.0
4811 31719.0
4812 31719.0
4813 31719.0
4814 31719.0
4815 31719.0
4816 31719.0
4817 31719.0
4818 31719.0
4819 31719.0
4820 31719.0
4821 31719.0
4822 31719.0
4823 31719.0
4824 31719.0
4825 31719.0
4826 31719.0
4827 31719.0
4828 31719.0
4829 31719.0
4830 31719.0
4831 31719.0
4832 31719.0
4833 31719.0
4834 31719.0
4835 31719.0
4836 31719.0
4837 31719.0
4838 31719.0
4839 31719.0
4840 31719.0
4841 31719.0
4842 31719.0
4843 31719.0
4844 31719.0
4845 31719.0
4846 31719.0
4847 31719.0
4848 31719.0
4849 31719.0
4850 31719.0
4851 31719.0
4852 31719.0
4853 31719.0
4854 31719.0
4855 31719.0
4856 31719.0
4857 31719.0
4858 31719.0
4859 31719.0
4860 31719.0
4861 31719.0
4862 31719.0
4863 31719.0
4864 31719.0
4865 31719.0
4866 31719.0
4867 31719.0
4868 31719.0
4869 31719.0
4870 31719.0
4871 31719.0
4872 31719.0
4873 31719.0
4874 31719.0
4875 31719.0
4876 31719.0
4877 31719.0
4878 31719.0
4879 31719.0
4880 31719.0
4881 31719.0
4882 31719.0
4883 31719.0
4884 31719.0
4885 31719.0
4886 31719.0
4887 31719.0
4888 31719.0
4889 31719.0
4890 31719.0
4891 31719.0
4892 31719.0
4893 31719.0
4894 31719.0
4895 31719.0
4896 31719.0
4897 31719.0
4898 31719.0
4899 31719.0
4900 31719.0
4901 31719.0
4902 31719.0
4903 31719.0
4904 31719.0
4905 31719.0
4906 31719.0
4907 31719.0
4908 31719.0
4909 31719.0
4910 31719.0
4911 31719.0
4912 31719.0
4913 31719.0
4914 31719.0
4915 31719.0
4916 31719.0
4917 31719.0
4918 31719.0
4919 31719.0
4920 31719.0
4921 31719.0
4922 31719.0
4923 31719.0
4924 31719.0
4925 31719.0
4926 31719.0
4927 31719.0
4928 31719.0
4929 31719.0
4930 31719.0
4931 31719.0
4932 31719.0
4933 31719.0
4934 31719.0
4935 31719.0
4936 31719.0
4937 31719.0
4938 31719.0
4939 31719.0
4940 31719.0
4941 31719.0
4942 31719.0
4943 31719.0
4944 31719.0
4945 31719.0
4946 31719.0
4947 31719.0
4948 31719.0
4949 31719.0
4950 31719.0
4951 31719.0
4952 31719.0
4953 31719.0
4954 31719.0
4955 31719.0
4956 31719.0
4957 31719.0
4958 31719.0
4959 31719.0
4960 31719.0
4961 31719.0
4962 31719.0
4963 31719.0
4964 31719.0
4965 31719.0
4966 31719.0
4967 31719.0
4968 31719.0
4969 31719.0
4970 31719.0
4971 31719.0
4972 31719.0
4973 31719.0
4974 31719.0
4975 31719.0
4976 31719.0
4977 31719.0
4978 31719.0
4979 31719.0
4980 31719.0
4981 31719.0
4982 31719.0
4983 31719.0
4984 31719.0
4985 31719.0
4986 31719.0
4987 31719.0
4988 31719.0
4989 31719.0
4990 31719.0
4991 31719.0
4992 31719.0
4993 31719.0
4994 31719.0
4995 31719.0
4996 31719.0
4997 31719.0
4998 31719.0
4999 31719.0
