0 35003.0
1 35003.0
2 35003.0
3 35003.0
4 35003.0
5 35003.0
6 35003.0
7 35003.0
8 35003.0
9 35003.0
10 35003.0
11 35003.0
12 35003.0
13 35003.0
14 35003.0
15 35003.0
16 35003.0
17 35003.0
18 35003.0
19 35003.0
20 35003.0
21 35003.0
22 35003.0
23 35003.0
24 35003.0
25 35003.0
26 35003.0
27 35003.0
28 35003.0
29 35003.0
30 35003.0
31 35003.0
32 35003.0
33 35003.0
34 35003.0
35 35003.0
36 35003.0
37 35003.0
38 35003.0
39 35003.0
40 35003.0
41 35003.0
42 35003.0
43 35003.0
44 35003.0
45 35003.0
46 35003.0
47 35003.0
48 35003.0
49 35003.0
50 35003.0
51 35003.0
52 35003.0
53 35003.0
54 35003.0
55 35003.0
56 35003.0
57 35003.0
58 35003.0
59 35003.0
60 35003.0
61 35003.0
62 35003.0
63 35003.0
64 35003.0
65 35003.0
66 35003.0
67 35003.0
68 35003.0
69 35003.0
70 35003.0
71 35003.0
72 35003.0
73 35003.0
74 35003.0
75 35003.0
76 35003.0
77 35003.0
78 35003.0
79 35003.0
80 35003.0
81 35003.0
82 35003.0
83 35003.0
84 35003.0
85 35003.0
86 35003.0
87 35003.0
88 35003.0
89 35003.0
90 35003.0
91 35003.0
92 35003.0
93 35003.0
94 35003.0
95 35003.0
96 35003.0
97 35003.0
98 35003.0
99 35003.0
100 35003.0
101 35003.0
102 35003.0
103 35003.0
104 35003.0
105 35003.0
106 35003.0
107 35003.0
108 35003.0
109 35003.0
110 35003.0
111 35003.0
112 35003.0
113 35003.0
114 35003.0
115 35003.0
116 35003.0
117 35003.0
118 35003.0
119 35003.0
120 35003.0
121 35003.0
122 35003.0
123 35003.0
124 35003.0
125 35003.0
126 35003.0
127 35003.0
128 35003.0
129 35003.0
130 35003.0
131 35003.0
132 35003.0
133 35003.0
134 35003.0
135 35003.0
136 35003.0
137 35003.0
138 35003.0
139 35003.0
140 35003.0
141 35003.0
142 35003.0
143 35003.0
144 35003.0
145 35003.0
146 35003.0
147 35003.0
148 35003.0
149 35003.0
150 35003.0
151 35003.0
152 35003.0
153 35003.0
154 35003.0
155 35003.0
156 35003.0
157 35003.0
158 35003.0
159 35003.0
160 35003.0
161 35003.0
162 35003.0
163 35003.0
164 35003.0
165 35003.0
166 35003.0
167 35003.0
168 35003.0
169 35003.0
170 35003.0
171 35003.0
172 35003.0
173 35003.0
174 35003.0
175 35003.0
176 35003.0
177 35003.0
178 35003.0
179 35003.0
180 35003.0
181 35003.0
182 35003.0
183 35003.0
184 35003.0
185 35003.0
186 35003.0
187 35003.0
188 35003.0
189 35003.0
190 35003.0
191 35003.0
192 35003.0
193 35003.0
194 35003.0
195 35003.0
196 35003.0
197 35003.0
198 35003.0
199 35003.0
200 35003.0
201 35003.0
202 35003.0
203 35003.0
204 35003.0
205 35003.0
206 35003.0
207 35003.0
208 35003.0
209 35003.0
210 35003.0
211 35003.0
212 35003.0
213 35003.0
214 35003.0
215 35003.0
216 35003.0
217 35003.0
218 35003.0
219 35003.0
220 35003.0
221 35003.0
222 35003.0
223 35003.0
224 35003.0
225 35003.0
226 35003.0
227 35003.0
228 35003.0
229 35003.0
230 35003.0
231 35003.0
232 35003.0
233 35003.0
234 35003.0
235 35003.0
236 35003.0
237 35003.0
238 35003.0
239 35003.0
240 35003.0
241 35003.0
242 35003.0
243 35003.0
244 35003.0
245 35003.0
246 35003.0
247 35003.0
248 35003.0
249 35003.0
250 35003.0
251 35003.0
252 35003.0
253 35003.0
254 35003.0
255 35003.0
256 35003.0
257 35003.0
258 35003.0
259 35003.0
260 35003.0
261 35003.0
262 35003.0
263 35003.0
264 35003.0
265 35003.0
266 35003.0
267 35003.0
268 35003.0
269 35003.0
270 35003.0
271 35003.0
272 35003.0
273 35003.0
274 35003.0
275 35003.0
276 35003.0
277 35003.0
278 35003.0
279 35003.0
280 35003.0
281 35003.0
282 35003.0
283 35003.0
284 35003.0
285 35003.0
286 35003.0
287 35003.0
288 35003.0
289 35003.0
290 35003.0
291 35003.0
292 35003.0
293 35003.0
294 35003.0
295 35003.0
296 35003.0
297 35003.0
298 35003.0
299 35003.0
300 35003.0
301 35003.0
302 35003.0
303 35003.0
304 35003.0
305 35003.0
306 35003.0
307 35003.0
308 35003.0
309 35003.0
310 35003.0
311 35003.0
312 35003.0
313 35003.0
314 35003.0
315 35003.0
316 35003.0
317 35003.0
318 35003.0
319 35003.0
320 35003.0
321 35003.0
322 35003.0
323 35003.0
324 35003.0
325 35003.0
326 35003.0
327 35003.0
328 35003.0
329 35003.0
330 35003.0
331 35003.0
332 35003.0
333 35003.0
334 35003.0
335 35003.0
336 35003.0
337 35003.0
338 35003.0
339 35003.0
340 35003.0
341 35003.0
342 35003.0
343 35003.0
344 35003.0
345 35003.0
346 35003.0
347 35003.0
348 35003.0
349 35003.0
350 35003.0
351 35003.0
352 35003.0
353 35003.0
354 35003.0
355 35003.0
356 35003.0
357 35003.0
358 35003.0
359 35003.0
360 35003.0
361 35003.0
362 35003.0
363 35003.0
364 35003.0
365 35003.0
366 35003.0
367 35003.0
368 35003.0
369 35003.0
370 35003.0
371 35003.0
372 35003.0
373 35003.0
374 35003.0
375 35003.0
376 35003.0
377 35003.0
378 35003.0
379 35003.0
380 35003.0
381 35003.0
382 35003.0
383 35003.0
384 35003.0
385 35003.0
386 35003.0
387 35003.0
388 35003.0
389 35003.0
390 35003.0
391 35003.0
392 35003.0
393 35003.0
394 35003.0
395 35003.0
396 34764.0
397 34764.0
398 34764.0
399 34764.0
400 34764.0
401 34764.0
402 34764.0
403 34764.0
404 34764.0
405 34764.0
406 34764.0
407 34764.0
408 34764.0
409 34764.0
410 34764.0
411 34764.0
412 34764.0
413 34764.0
414 34764.0
415 34764.0
416 34764.0
417 34764.0
418 34764.0
419 34764.0
420 34764.0
421 34764.0
422 34764.0
423 34764.0
424 34764.0
425 34764.0
426 34764.0
427 34764.0
428 34764.0
429 34764.0
430 34764.0
431 34764.0
432 34764.0
433 34764.0
434 34764.0
435 34764.0
436 34764.0
437 34764.0
438 34764.0
439 34764.0
440 34764.0
441 34764.0
442 34764.0
443 34764.0
444 34764.0
445 34764.0
446 34764.0
447 34764.0
448 34764.0
449 34764.0
450 34764.0
451 34764.0
452 34764.0
453 34764.0
454 34764.0
455 34764.0
456 34764.0
457 34764.0
458 34764.0
459 34764.0
460 34764.0
461 34764.0
462 34764.0
463 34764.0
464 34764.0
465 34764.0
466 34764.0
467 34764.0
468 34764.0
469 34764.0
470 34764.0
471 34764.0
472 34764.0
473 34764.0
474 34764.0
475 34764.0
476 34764.0
477 34764.0
478 34764.0
479 34764.0
480 34764.0
481 34764.0
482 34764.0
483 34764.0
484 34764.0
485 34764.0
486 34764.0
487 34764.0
488 34764.0
489 34764.0
490 34764.0
491 34764.0
492 34764.0
493 34764.0
494 34764.0
495 34764.0
496 34764.0
497 34764.0
498 34764.0
499 34764.0
500 34764.0
501 34764.0
502 34764.0
503 34764.0
504 34764.0
505 34764.0
506 34764.0
507 34764.0
508 34764.0
509 34764.0
510 34764.0
511 34764.0
512 34764.0
513 34764.0
514 34764.0
515 34764.0
516 34764.0
517 34764.0
518 34764.0
519 34764.0
520 34764.0
521 34764.0
522 34764.0
523 34764.0
524 34764.0
525 34764.0
526 34764.0
527 34764.0
528 34764.0
529 34764.0
530 34764.0
531 34764.0
532 34764.0
533 34764.0
534 34764.0
535 34764.0
536 34764.0
537 34764.0
538 34764.0
539 34764.0
540 34764.0
541 34764.0
542 34764.0
543 34764.0
544 34764.0
545 34764.0
546 34764.0
547 34764.0
548 34764.0
549 34764.0
550 34764.0
551 34764.0
552 34764.0
553 34764.0
554 34764.0
555 34764.0
556 34764.0
557 34764.0
558 34764.0
559 34764.0
560 34764.0
561 34764.0
562 34764.0
563 34764.0
564 34764.0
565 34764.0
566 34764.0
567 34764.0
568 34764.0
569 34764.0
570 34764.0
571 34764.0
572 34764.0
573 34764.0
574 34764.0
575 34764.0
576 34764.0
577 34764.0
578 34764.0
579 34764.0
580 34764.0
581 34764.0
582 34764.0
583 34764.0
584 34764.0
585 34764.0
586 34764.0
587 34764.0
588 34764.0
589 34764.0
590 34764.0
591 34764.0
592 34764.0
593 34764.0
594 34764.0
595 34764.0
596 34764.0
597 34764.0
598 34764.0
599 34764.0
600 34764.0
601 34764.0
602 34764.0
603 34764.0
604 34764.0
605 34764.0
606 34764.0
607 34764.0
608 34764.0
609 34764.0
610 34764.0
611 34764.0
612 34764.0
613 34764.0
614 34764.0
615 34764.0
616 34764.0
617 34764.0
618 34764.0
619 34764.0
620 34764.0
621 34764.0
622 34764.0
623 34764.0
624 34764.0
625 34764.0
626 34764.0
627 34764.0
628 34764.0
629 34764.0
630 34764.0
631 34764.0
632 34764.0
633 34764.0
634 34764.0
635 34764.0
636 34764.0
637 34764.0
638 34764.0
639 34764.0
640 34764.0
641 34764.0
642 34764.0
643 34764.0
644 34764.0
645 34764.0
646 34764.0
647 34764.0
648 34764.0
649 34764.0
650 34764.0
651 34764.0
652 34764.0
653 34764.0
654 34764.0
655 34764.0
656 34764.0
657 34764.0
658 34764.0
659 34764.0
660 34764.0
661 34764.0
662 34764.0
663 34764.0
664 34764.0
665 34764.0
666 34764.0
667 34764.0
668 34764.0
669 34764.0
670 34764.0
671 34764.0
672 34764.0
673 34764.0
674 34764.0
675 34764.0
676 34764.0
677 34764.0
678 34764.0
679 34764.0
680 34764.0
681 34764.0
682 34764.0
683 34764.0
684 34764.0
685 34764.0
686 34764.0
687 34764.0
688 34764.0
689 34764.0
690 34764.0
691 34764.0
692 34764.0
693 34764.0
694 34764.0
695 34764.0
696 34764.0
697 34764.0
698 34764.0
699 34764.0
700 34764.0
701 34764.0
702 34764.0
703 34764.0
704 34764.0
705 34764.0
706 34764.0
707 34764.0
708 34764.0
709 34764.0
710 34764.0
711 34764.0
712 34764.0
713 34764.0
714 34764.0
715 34764.0
716 34764.0
717 34764.0
718 34764.0
719 34764.0
720 34764.0
721 34764.0
722 34764.0
723 34764.0
724 34764.0
725 34764.0
726 34764.0
727 34764.0
728 34764.0
729 34764.0
730 34764.0
731 34764.0
732 34764.0
733 34764.0
734 34764.0
735 34764.0
736 34764.0
737 34764.0
738 34764.0
739 34764.0
740 34764.0
741 34764.0
742 34764.0
743 34764.0
744 34764.0
745 34764.0
746 34764.0
747 34764.0
748 34764.0
749 34764.0
750 34764.0
751 34764.0
752 34764.0
753 34764.0
754 34764.0
755 34764.0
756 34764.0
757 34764.0
758 34764.0
759 34764.0
760 34764.0
761 34764.0
762 34764.0
763 34764.0
764 34764.0
765 34764.0
766 34764.0
767 34764.0
768 34764.0
769 34764.0
770 34764.0
771 34764.0
772 34764.0
773 34764.0
774 34764.0
775 34764.0
776 34764.0
777 34764.0
778 34764.0
779 34764.0
780 34764.0
781 34764.0
782 34764.0
783 34764.0
784 34764.0
785 34764.0
786 34764.0
787 34764.0
788 34764.0
789 34764.0
790 34764.0
791 34764.0
792 34764.0
793 34764.0
794 34764.0
795 34764.0
796 34764.0
797 34764.0
798 34764.0
799 34764.0
800 34764.0
801 34764.0
802 34764.0
803 34764.0
804 34764.0
805 34764.0
806 34764.0
807 34764.0
808 34764.0
809 34764.0
810 34764.0
811 34764.0
812 34764.0
813 34764.0
814 34764.0
815 34764.0
816 34764.0
817 34764.0
818 34764.0
819 34764.0
820 34764.0
821 34764.0
822 34764.0
823 34764.0
824 34764.0
825 34764.0
826 34764.0
827 34764.0
828 34764.0
829 34764.0
830 34764.0
831 34764.0
832 34764.0
833 34764.0
834 34764.0
835 34764.0
836 34764.0
837 34764.0
838 34764.0
839 34764.0
840 34764.0
841 34764.0
842 34764.0
843 34764.0
844 34764.0
845 34764.0
846 34764.0
847 34764.0
848 34764.0
849 34764.0
850 34764.0
851 34764.0
852 34764.0
853 34764.0
854 34764.0
855 34764.0
856 34764.0
857 34764.0
858 34764.0
859 34764.0
860 34764.0
861 34764.0
862 34764.0
863 34764.0
864 34764.0
865 34764.0
866 34764.0
867 34764.0
868 34764.0
869 34764.0
870 34764.0
871 34764.0
872 34764.0
873 34764.0
874 34764.0
875 34764.0
876 34764.0
877 34764.0
878 34764.0
879 34764.0
880 34764.0
881 34764.0
882 34764.0
883 34764.0
884 34764.0
885 34764.0
886 34764.0
887 34764.0
888 34764.0
889 34764.0
890 34764.0
891 34764.0
892 34764.0
893 34764.0
894 34764.0
895 34764.0
896 34764.0
897 34764.0
898 34764.0
899 34764.0
900 34764.0
901 34764.0
902 34764.0
903 34764.0
904 34764.0
905 34764.0
906 34764.0
907 34764.0
908 34764.0
909 34764.0
910 34764.0
911 34764.0
912 34764.0
913 34764.0
914 34764.0
915 34764.0
916 34764.0
917 34764.0
918 34764.0
919 34764.0
920 34764.0
921 34764.0
922 34764.0
923 34764.0
924 34764.0
925 34764.0
926 34764.0
927 34764.0
928 34764.0
929 34764.0
930 34764.0
931 34764.0
932 34764.0
933 34764.0
934 34764.0
935 34764.0
936 34764.0
937 34764.0
938 34764.0
939 34764.0
940 34764.0
941 34764.0
942 34764.0
943 34764.0
944 34764.0
945 34764.0
946 34764.0
947 34764.0
948 34764.0
949 34764.0
950 34764.0
951 34764.0
952 34764.0
953 34764.0
954 34764.0
955 34764.0
956 34764.0
957 34764.0
958 34764.0
959 34764.0
960 34764.0
961 34764.0
962 34764.0
963 34764.0
964 34764.0
965 34764.0
966 34764.0
967 34764.0
968 34764.0
969 34764.0
970 34764.0
971 34764.0
972 34764.0
973 34764.0
974 34764.0
975 34764.0
976 34764.0
977 34764.0
978 34764.0
979 34764.0
980 34764.0
981 34764.0
982 34764.0
983 34764.0
984 34764.0
985 34764.0
986 34764.0
987 34764.0
988 34764.0
989 34764.0
990 34764.0
991 34764.0
992 34764.0
993 34764.0
994 34764.0
995 34764.0
996 34764.0
997 34764.0
998 34764.0
999 34764.0
1000 34764.0
1001 34764.0
1002 34764.0
1003 34764.0
1004 34764.0
1005 34764.0
1006 34764.0
1007 34764.0
1008 34764.0
1009 34764.0
1010 34764.0
1011 34764.0
1012 34764.0
1013 34764.0
1014 34764.0
1015 34764.0
1016 34764.0
1017 34764.0
1018 34764.0
1019 34764.0
1020 34764.0
1021 34764.0
1022 34764.0
1023 34764.0
1024 34764.0
1025 34764.0
1026 34764.0
1027 34764.0
1028 34764.0
1029 34764.0
1030 34764.0
1031 34764.0
1032 34764.0
1033 34764.0
1034 34764.0
1035 34764.0
1036 34764.0
1037 34764.0
1038 34764.0
1039 34764.0
1040 34764.0
1041 34764.0
1042 34764.0
1043 34764.0
1044 34764.0
1045 34764.0
1046 34764.0
1047 34764.0
1048 34764.0
1049 34764.0
1050 34764.0
1051 34764.0
1052 34764.0
1053 34764.0
1054 34764.0
1055 34764.0
1056 34764.0
1057 34764.0
1058 34764.0
1059 34764.0
1060 34764.0
1061 34764.0
1062 34764.0
1063 34764.0
1064 34764.0
1065 34764.0
1066 34764.0
1067 34764.0
1068 34764.0
1069 34764.0
1070 34764.0
1071 34764.0
1072 34764.0
1073 34764.0
1074 34764.0
1075 34764.0
1076 34764.0
1077 34764.0
1078 34764.0
1079 34764.0
1080 34764.0
1081 34764.0
1082 34764.0
1083 34764.0
1084 34764.0
1085 34764.0
1086 34764.0
1087 34764.0
1088 34764.0
1089 34764.0
1090 34764.0
1091 34764.0
1092 34764.0
1093 34764.0
1094 34764.0
1095 34764.0
1096 34764.0
1097 34764.0
1098 34764.0
1099 34764.0
1100 34764.0
1101 34764.0
1102 34764.0
1103 34764.0
1104 34764.0
1105 34764.0
1106 34764.0
1107 34764.0
1108 34764.0
1109 34764.0
1110 34764.0
1111 34764.0
1112 34764.0
1113 34764.0
1114 34764.0
1115 34764.0
1116 34764.0
1117 34764.0
1118 34764.0
1119 34764.0
1120 34764.0
1121 34764.0
1122 34764.0
1123 34764.0
1124 34764.0
1125 34764.0
1126 34764.0
1127 34764.0
1128 34764.0
1129 34764.0
1130 34764.0
1131 34764.0
1132 34764.0
1133 34764.0
1134 34764.0
1135 34764.0
1136 34764.0
1137 34764.0
1138 34764.0
1139 34764.0
1140 34764.0
1141 34764.0
1142 34764.0
1143 34764.0
1144 34764.0
1145 34764.0
1146 34764.0
1147 34764.0
1148 34764.0
1149 34764.0
1150 34764.0
1151 34764.0
1152 34764.0
1153 34764.0
1154 34764.0
1155 34764.0
1156 34764.0
1157 34764.0
1158 34764.0
1159 34764.0
1160 34764.0
1161 34764.0
1162 34764.0
1163 34764.0
1164 34764.0
1165 34764.0
1166 34764.0
1167 34764.0
1168 34764.0
1169 34764.0
1170 34764.0
1171 34764.0
1172 34764.0
1173 34764.0
1174 34764.0
1175 34764.0
1176 34764.0
1177 34764.0
1178 34764.0
1179 34764.0
1180 34764.0
1181 34764.0
1182 34764.0
1183 34764.0
1184 34764.0
1185 34764.0
1186 34764.0
1187 34764.0
1188 34764.0
1189 34764.0
1190 34764.0
1191 34764.0
1192 34764.0
1193 34764.0
1194 34764.0
1195 34764.0
1196 34764.0
1197 34764.0
1198 34764.0
1199 34764.0
1200 34764.0
1201 34764.0
1202 34764.0
1203 34764.0
1204 34764.0
1205 34764.0
1206 34764.0
1207 34764.0
1208 34764.0
1209 34764.0
1210 34764.0
1211 34764.0
1212 34764.0
1213 34764.0
1214 34764.0
1215 34764.0
1216 34764.0
1217 34764.0
1218 34764.0
1219 34764.0
1220 34764.0
1221 34764.0
1222 34764.0
1223 34764.0
1224 34764.0
1225 34764.0
1226 34764.0
1227 34764.0
1228 34764.0
1229 34764.0
1230 34764.0
1231 34764.0
1232 34764.0
1233 34764.0
1234 34764.0
1235 34764.0
1236 34764.0
1237 34764.0
1238 34764.0
1239 34764.0
1240 34764.0
1241 34764.0
1242 34764.0
1243 34764.0
1244 34764.0
1245 34764.0
1246 34764.0
1247 34764.0
1248 34764.0
1249 34764.0
1250 34764.0
1251 34764.0
1252 34764.0
1253 34764.0
1254 34764.0
1255 34764.0
1256 34764.0
1257 34764.0
1258 34764.0
1259 34764.0
1260 34764.0
1261 34764.0
1262 34764.0
1263 34764.0
1264 34764.0
1265 34764.0
1266 34764.0
1267 34764.0
1268 34764.0
1269 34764.0
1270 34764.0
1271 34764.0
1272 34764.0
1273 34764.0
1274 34764.0
1275 34764.0
1276 34764.0
1277 34764.0
1278 34764.0
1279 34764.0
1280 34764.0
1281 34764.0
1282 34764.0
1283 34764.0
1284 34764.0
1285 34764.0
1286 34764.0
1287 34764.0
1288 34764.0
1289 34764.0
1290 34764.0
1291 34764.0
1292 34764.0
1293 34764.0
1294 34764.0
1295 34764.0
1296 34764.0
1297 34764.0
1298 34764.0
1299 34764.0
1300 34764.0
1301 34764.0
1302 34764.0
1303 34764.0
1304 34764.0
1305 34764.0
1306 34764.0
1307 34764.0
1308 34764.0
1309 34764.0
1310 34764.0
1311 34764.0
1312 34764.0
1313 34764.0
1314 34764.0
1315 34764.0
1316 34764.0
1317 34764.0
1318 34764.0
1319 34764.0
1320 34764.0
1321 34764.0
1322 34764.0
1323 34764.0
1324 34764.0
1325 34764.0
1326 34764.0
1327 34764.0
1328 34764.0
1329 34764.0
1330 34764.0
1331 34764.0
1332 34764.0
1333 34764.0
1334 34764.0
1335 34764.0
1336 34764.0
1337 34764.0
1338 34764.0
1339 34764.0
1340 34764.0
1341 34764.0
1342 34764.0
1343 34764.0
1344 34764.0
1345 34764.0
1346 34764.0
1347 34764.0
1348 34764.0
1349 34764.0
1350 34764.0
1351 34764.0
1352 34764.0
1353 34764.0
1354 34764.0
1355 34764.0
1356 34764.0
1357 34764.0
1358 34764.0
1359 34764.0
1360 34764.0
1361 34764.0
1362 34764.0
1363 34764.0
1364 34764.0
1365 34764.0
1366 34764.0
1367 34764.0
1368 34764.0
1369 31250.0
1370 31250.0
1371 31250.0
1372 31250.0
1373 31250.0
1374 31250.0
1375 31250.0
1376 31250.0
1377 31250.0
1378 31250.0
1379 31250.0
1380 31250.0
1381 31250.0
1382 31250.0
1383 31250.0
1384 31250.0
1385 31250.0
1386 31250.0
1387 31250.0
1388 31250.0
1389 31250.0
1390 31250.0
1391 31250.0
1392 31250.0
1393 31250.0
1394 31250.0
1395 31250.0
1396 31250.0
1397 31250.0
1398 31250.0
1399 31250.0
1400 31250.0
1401 31250.0
1402 31250.0
1403 31250.0
1404 31250.0
1405 31250.0
1406 31250.0
1407 31250.0
1408 31250.0
1409 31250.0
1410 31250.0
1411 31250.0
1412 31250.0
1413 31250.0
1414 31250.0
1415 31250.0
1416 31250.0
1417 31250.0
1418 31250.0
1419 31250.0
1420 31250.0
1421 31250.0
1422 31250.0
1423 31250.0
1424 31250.0
1425 31250.0
1426 31250.0
1427 31250.0
1428 31250.0
1429 31250.0
1430 31250.0
1431 31250.0
1432 31250.0
1433 31250.0
1434 31250.0
1435 31250.0
1436 31250.0
1437 31250.0
1438 31250.0
1439 31250.0
1440 31250.0
1441 31250.0
1442 31250.0
1443 31250.0
1444 31250.0
1445 31250.0
1446 31250.0
1447 31250.0
1448 31250.0
1449 31250.0
1450 31250.0
1451 31250.0
1452 31250.0
1453 31250.0
1454 31250.0
1455 31250.0
1456 31250.0
1457 31250.0
1458 31250.0
1459 31250.0
1460 31250.0
1461 31250.0
1462 31250.0
1463 31250.0
1464 31250.0
1465 31250.0
1466 31250.0
1467 31250.0
1468 31250.0
1469 31250.0
1470 31250.0
1471 31250.0
1472 31250.0
1473 31250.0
1474 31250.0
1475 31250.0
1476 31250.0
1477 31250.0
1478 31250.0
1479 31250.0
1480 31250.0
1481 31250.0
1482 31250.0
1483 31250.0
1484 31250.0
1485 31250.0
1486 31250.0
1487 31250.0
1488 31250.0
1489 31250.0
1490 31250.0
1491 31250.0
1492 31250.0
1493 31250.0
1494 31250.0
1495 31250.0
1496 31250.0
1497 31250.0
1498 31250.0
1499 31250.0
1500 31250.0
1501 31250.0
1502 31250.0
1503 31250.0
1504 31250.0
1505 31250.0
1506 31250.0
1507 31250.0
1508 31250.0
1509 31250.0
1510 31250.0
1511 31250.0
1512 31250.0
1513 31250.0
1514 31250.0
1515 31250.0
1516 31250.0
1517 31250.0
1518 31250.0
1519 31250.0
1520 31250.0
1521 31250.0
1522 31250.0
1523 31250.0
1524 31250.0
1525 31250.0
1526 31250.0
1527 31250.0
1528 31250.0
1529 31250.0
1530 31250.0
1531 31250.0
1532 31250.0
1533 31250.0
1534 31250.0
1535 31250.0
1536 31250.0
1537 31250.0
1538 31250.0
1539 31250.0
1540 31250.0
1541 31250.0
1542 31250.0
1543 31250.0
1544 31250.0
1545 31250.0
1546 31250.0
1547 31250.0
1548 31250.0
1549 31250.0
1550 31250.0
1551 31250.0
1552 31250.0
1553 31250.0
1554 31250.0
1555 31250.0
1556 31250.0
1557 31250.0
1558 31250.0
1559 31250.0
1560 31250.0
1561 31250.0
1562 31250.0
1563 31250.0
1564 31250.0
1565 31250.0
1566 31250.0
1567 31250.0
1568 31250.0
1569 31250.0
1570 31250.0
1571 31250.0
1572 31250.0
1573 31250.0
1574 31250.0
1575 31250.0
1576 31250.0
1577 31250.0
1578 31250.0
1579 31250.0
1580 31250.0
1581 31250.0
1582 31250.0
1583 31250.0
1584 31250.0
1585 31250.0
1586 31250.0
1587 31250.0
1588 31250.0
1589 31250.0
1590 31250.0
1591 31250.0
1592 31250.0
1593 31250.0
1594 31250.0
1595 31250.0
1596 31250.0
1597 31250.0
1598 31250.0
1599 31250.0
1600 31250.0
1601 31250.0
1602 31250.0
1603 31250.0
1604 31250.0
1605 31250.0
1606 31250.0
1607 31250.0
1608 31250.0
1609 31250.0
1610 31250.0
1611 31250.0
1612 31250.0
1613 31250.0
1614 31250.0
1615 31250.0
1616 31250.0
1617 31250.0
1618 31250.0
1619 31250.0
1620 31250.0
1621 31250.0
1622 31250.0
1623 31250.0
1624 31250.0
1625 31250.0
1626 31250.0
1627 31250.0
1628 31250.0
1629 31250.0
1630 31250.0
1631 31250.0
1632 31250.0
1633 31250.0
1634 31250.0
1635 31250.0
1636 31250.0
1637 31250.0
1638 31250.0
1639 31250.0
1640 31250.0
1641 31250.0
1642 31250.0
1643 31250.0
1644 31250.0
1645 31250.0
1646 31250.0
1647 31250.0
1648 31250.0
1649 31250.0
1650 31250.0
1651 31250.0
1652 31250.0
1653 31250.0
1654 31250.0
1655 31250.0
1656 31250.0
1657 31250.0
1658 31250.0
1659 31250.0
1660 31250.0
1661 31250.0
1662 31250.0
1663 31250.0
1664 31250.0
1665 31250.0
1666 31250.0
1667 31250.0
1668 31250.0
1669 31250.0
1670 31250.0
1671 31250.0
1672 31250.0
1673 31250.0
1674 31250.0
1675 31250.0
1676 31250.0
1677 31250.0
1678 31250.0
1679 31250.0
1680 31250.0
1681 31250.0
1682 31250.0
1683 31250.0
1684 31250.0
1685 31250.0
1686 31250.0
1687 31250.0
1688 31250.0
1689 31250.0
1690 31250.0
1691 31250.0
1692 31250.0
1693 31250.0
1694 31250.0
1695 31250.0
1696 31250.0
1697 31250.0
1698 31250.0
1699 31250.0
1700 31250.0
1701 31250.0
1702 31250.0
1703 31250.0
1704 31250.0
1705 31250.0
1706 31250.0
1707 31250.0
1708 31250.0
1709 31250.0
1710 31250.0
1711 31250.0
1712 31250.0
1713 31250.0
1714 31250.0
1715 31250.0
1716 31250.0
1717 31250.0
1718 31250.0
1719 31250.0
1720 31250.0
1721 31250.0
1722 31250.0
1723 31250.0
1724 31250.0
1725 31250.0
1726 31250.0
1727 31250.0
1728 31250.0
1729 31250.0
1730 31250.0
1731 31250.0
1732 31250.0
1733 31250.0
1734 31250.0
1735 31250.0
1736 31250.0
1737 31250.0
1738 31250.0
1739 31250.0
1740 31250.0
1741 31250.0
1742 31250.0
1743 31250.0
1744 31250.0
1745 31250.0
1746 31250.0
1747 31250.0
1748 31250.0
1749 31250.0
1750 31250.0
1751 31250.0
1752 31250.0
1753 31250.0
1754 31250.0
1755 31250.0
1756 31250.0
1757 31250.0
1758 31250.0
1759 31250.0
1760 31250.0
1761 31250.0
1762 31250.0
1763 31250.0
1764 31250.0
1765 31250.0
1766 31250.0
1767 31250.0
1768 31250.0
1769 31250.0
1770 31250.0
1771 31250.0
1772 31250.0
1773 31250.0
1774 31250.0
1775 31250.0
1776 31250.0
1777 31250.0
1778 31250.0
1779 31250.0
1780 31250.0
1781 31250.0
1782 31250.0
1783 31250.0
1784 31250.0
1785 31250.0
1786 31250.0
1787 31250.0
1788 31250.0
1789 31250.0
1790 31250.0
1791 31250.0
1792 31250.0
1793 31250.0
1794 31250.0
1795 31250.0
1796 31250.0
1797 31250.0
1798 31250.0
1799 31250.0
1800 31250.0
1801 31250.0
1802 31250.0
1803 31250.0
1804 31250.0
1805 31250.0
1806 31250.0
1807 31250.0
1808 31250.0
1809 31250.0
1810 31250.0
1811 31250.0
1812 31250.0
1813 31250.0
1814 31250.0
1815 31250.0
1816 31250.0
1817 31250.0
1818 31250.0
1819 31250.0
1820 31250.0
1821 31250.0
1822 31250.0
1823 31250.0
1824 31250.0
1825 31250.0
1826 31250.0
1827 31250.0
1828 31250.0
1829 31250.0
1830 31250.0
1831 31250.0
1832 31250.0
1833 31250.0
1834 31250.0
1835 31250.0
1836 31250.0
1837 31250.0
1838 31250.0
1839 31250.0
1840 31250.0
1841 31250.0
1842 31250.0
1843 31250.0
1844 31250.0
1845 31250.0
1846 31250.0
1847 31250.0
1848 31250.0
1849 31250.0
1850 31250.0
1851 31250.0
1852 31250.0
1853 31250.0
1854 31250.0
1855 31250.0
1856 31250.0
1857 31250.0
1858 31250.0
1859 31250.0
1860 31250.0
1861 31250.0
1862 31250.0
1863 31250.0
1864 31250.0
1865 31250.0
1866 31250.0
1867 31250.0
1868 31250.0
1869 31250.0
1870 31250.0
1871 31250.0
1872 31250.0
1873 31250.0
1874 31250.0
1875 31250.0
1876 31250.0
1877 31250.0
1878 31250.0
1879 31250.0
1880 31250.0
1881 31250.0
1882 31250.0
1883 31250.0
1884 31250.0
1885 31250.0
1886 31250.0
1887 31250.0
1888 31250.0
1889 31250.0
1890 31250.0
1891 31250.0
1892 31250.0
1893 31250.0
1894 31250.0
1895 31250.0
1896 31250.0
1897 31250.0
1898 31250.0
1899 31250.0
1900 31250.0
1901 31250.0
1902 31250.0
1903 31250.0
1904 31250.0
1905 31250.0
1906 31250.0
1907 31250.0
1908 31250.0
1909 31250.0
1910 31250.0
1911 31250.0
1912 31250.0
1913 31250.0
1914 31250.0
1915 31250.0
1916 31250.0
1917 31250.0
1918 31250.0
1919 31250.0
1920 31250.0
1921 31250.0
1922 31250.0
1923 31250.0
1924 31250.0
1925 31250.0
1926 31250.0
1927 31250.0
1928 31250.0
1929 31250.0
1930 31250.0
1931 31250.0
1932 31250.0
1933 31250.0
1934 31250.0
1935 31250.0
1936 31250.0
1937 31250.0
1938 31250.0
1939 31250.0
1940 31250.0
1941 31250.0
1942 31250.0
1943 31250.0
1944 31250.0
1945 31250.0
1946 31250.0
1947 31250.0
1948 31250.0
1949 31250.0
1950 31250.0
1951 31250.0
1952 31250.0
1953 31250.0
1954 31250.0
1955 31250.0
1956 31250.0
1957 31250.0
1958 31250.0
1959 31250.0
1960 31250.0
1961 31250.0
1962 31250.0
1963 31250.0
1964 31250.0
1965 31250.0
1966 31250.0
1967 31250.0
1968 31250.0
1969 31250.0
1970 31250.0
1971 31250.0
1972 31250.0
1973 31250.0
1974 31250.0
1975 31250.0
1976 31250.0
1977 31250.0
1978 31250.0
1979 31250.0
1980 31250.0
1981 31250.0
1982 31250.0
1983 31250.0
1984 31250.0
1985 31250.0
1986 31250.0
1987 31250.0
1988 31250.0
1989 31250.0
1990 31250.0
1991 31250.0
1992 31250.0
1993 31250.0
1994 31250.0
1995 31250.0
1996 31250.0
1997 31250.0
1998 31250.0
1999 31250.0
2000 31250.0
2001 31250.0
2002 31250.0
2003 31250.0
2004 31250.0
2005 31250.0
2006 31250.0
2007 31250.0
2008 31250.0
2009 31250.0
2010 31250.0
2011 31250.0
2012 31250.0
2013 31250.0
2014 31250.0
2015 31250.0
2016 31250.0
2017 31250.0
2018 31250.0
2019 31250.0
2020 31250.0
2021 31250.0
2022 31250.0
2023 31250.0
2024 31250.0
2025 31250.0
2026 31250.0
2027 31250.0
2028 31250.0
2029 31250.0
2030 31250.0
2031 31250.0
2032 31250.0
2033 31250.0
2034 31250.0
2035 31250.0
2036 31250.0
2037 31250.0
2038 31250.0
2039 31250.0
2040 31250.0
2041 31250.0
2042 31250.0
2043 31250.0
2044 31250.0
2045 31250.0
2046 31250.0
2047 31250.0
2048 31250.0
2049 31250.0
2050 31250.0
2051 31250.0
2052 31250.0
2053 31250.0
2054 31250.0
2055 31250.0
2056 31250.0
2057 31250.0
2058 31250.0
2059 31250.0
2060 31250.0
2061 31250.0
2062 31250.0
2063 31250.0
2064 31250.0
2065 31250.0
2066 31250.0
2067 31250.0
2068 31250.0
2069 31250.0
2070 31250.0
2071 31250.0
2072 31250.0
2073 31250.0
2074 31250.0
2075 31250.0
2076 31250.0
2077 31250.0
2078 31250.0
2079 31250.0
2080 31250.0
2081 31250.0
2082 31250.0
2083 31250.0
2084 31250.0
2085 31250.0
2086 31250.0
2087 31250.0
2088 31250.0
2089 31250.0
2090 31250.0
2091 31250.0
2092 31250.0
2093 31250.0
2094 31250.0
2095 31250.0
2096 31250.0
2097 31250.0
2098 31250.0
2099 31250.0
2100 31250.0
2101 31250.0
2102 31250.0
2103 31250.0
2104 31250.0
2105 31250.0
2106 31250.0
2107 31250.0
2108 31250.0
2109 31250.0
2110 31250.0
2111 31250.0
2112 31250.0
2113 31250.0
2114 31250.0
2115 31250.0
2116 31250.0
2117 31250.0
2118 31250.0
2119 31250.0
2120 31250.0
2121 31250.0
2122 31250.0
2123 31250.0
2124 31250.0
2125 31250.0
2126 31250.0
2127 31250.0
2128 31250.0
2129 31250.0
2130 31250.0
2131 31250.0
2132 31250.0
2133 31250.0
2134 31250.0
2135 31250.0
2136 31250.0
2137 31250.0
2138 31250.0
2139 31250.0
2140 31250.0
2141 31250.0
2142 31250.0
2143 31250.0
2144 31250.0
2145 31250.0
2146 31250.0
2147 31250.0
2148 31250.0
2149 31250.0
2150 31250.0
2151 31250.0
2152 31250.0
2153 31250.0
2154 31250.0
2155 31250.0
2156 31250.0
2157 31250.0
2158 31250.0
2159 31250.0
2160 31250.0
2161 31250.0
2162 31250.0
2163 31250.0
2164 31250.0
2165 31250.0
2166 31250.0
2167 31250.0
2168 31250.0
2169 31250.0
2170 31250.0
2171 31250.0
2172 31250.0
2173 31250.0
2174 31250.0
2175 31250.0
2176 31250.0
2177 31250.0
2178 31250.0
2179 31250.0
2180 31250.0
2181 31250.0
2182 31250.0
2183 31250.0
2184 31250.0
2185 31250.0
2186 31250.0
2187 31250.0
2188 31250.0
2189 31250.0
2190 31250.0
2191 31250.0
2192 31250.0
2193 31250.0
2194 31250.0
2195 31250.0
2196 31250.0
2197 31250.0
2198 31250.0
2199 31250.0
2200 31250.0
2201 31250.0
2202 31250.0
2203 31250.0
2204 31250.0
2205 31250.0
2206 31250.0
2207 31250.0
2208 31250.0
2209 31250.0
2210 31250.0
2211 31250.0
2212 31250.0
2213 31250.0
2214 31250.0
2215 31250.0
2216 31250.0
2217 31250.0
2218 31250.0
2219 31250.0
2220 31250.0
2221 31250.0
2222 31250.0
2223 31250.0
2224 31250.0
2225 31250.0
2226 31250.0
2227 31250.0
2228 31250.0
2229 31250.0
2230 31250.0
2231 31250.0
2232 31250.0
2233 31250.0
2234 31250.0
2235 31250.0
2236 31250.0
2237 31250.0
2238 31250.0
2239 31250.0
2240 31250.0
2241 31250.0
2242 31250.0
2243 31250.0
2244 31250.0
2245 31250.0
2246 31250.0
2247 31250.0
2248 31250.0
2249 31250.0
2250 31250.0
2251 31250.0
2252 31250.0
2253 31250.0
2254 31250.0
2255 31250.0
2256 31250.0
2257 31250.0
2258 31250.0
2259 31250.0
2260 31250.0
2261 31250.0
2262 31250.0
2263 31250.0
2264 31250.0
2265 31250.0
2266 31250.0
2267 31250.0
2268 31250.0
2269 31250.0
2270 31250.0
2271 31250.0
2272 31250.0
2273 31250.0
2274 31250.0
2275 31250.0
2276 31250.0
2277 31250.0
2278 31250.0
2279 31250.0
2280 31250.0
2281 31250.0
2282 31250.0
2283 31250.0
2284 31250.0
2285 31250.0
2286 31250.0
2287 31250.0
2288 31250.0
2289 31250.0
2290 31250.0
2291 31250.0
2292 31250.0
2293 31250.0
2294 31250.0
2295 31250.0
2296 31250.0
2297 31250.0
2298 31250.0
2299 31250.0
2300 31250.0
2301 31250.0
2302 31250.0
2303 31250.0
2304 31250.0
2305 31250.0
2306 31250.0
2307 31250.0
2308 31250.0
2309 31250.0
2310 31250.0
2311 31250.0
2312 31250.0
2313 31250.0
2314 31250.0
2315 31250.0
2316 31250.0
2317 31250.0
2318 31250.0
2319 31250.0
2320 31250.0
2321 31250.0
2322 31250.0
2323 31250.0
2324 31250.0
2325 31250.0
2326 31250.0
2327 31250.0
2328 31250.0
2329 31250.0
2330 31250.0
2331 31250.0
2332 31250.0
2333 31250.0
2334 31250.0
2335 31250.0
2336 31250.0
2337 31250.0
2338 31250.0
2339 31250.0
2340 31250.0
2341 31250.0
2342 31250.0
2343 31250.0
2344 31250.0
2345 31250.0
2346 31250.0
2347 31250.0
2348 31250.0
2349 31250.0
2350 31250.0
2351 31250.0
2352 31250.0
2353 31250.0
2354 31250.0
2355 31250.0
2356 31250.0
2357 31250.0
2358 31250.0
2359 31250.0
2360 31250.0
2361 31250.0
2362 31250.0
2363 31250.0
2364 31250.0
2365 31250.0
2366 31250.0
2367 31250.0
2368 31250.0
2369 31250.0
2370 31250.0
2371 31250.0
2372 31250.0
2373 31250.0
2374 31250.0
2375 31250.0
2376 31250.0
2377 31250.0
2378 31250.0
2379 31250.0
2380 31250.0
2381 31250.0
2382 31250.0
2383 31250.0
2384 31250.0
2385 31250.0
2386 31250.0
2387 31250.0
2388 31250.0
2389 31250.0
2390 31250.0
2391 31250.0
2392 31250.0
2393 31250.0
2394 31250.0
2395 31250.0
2396 31250.0
2397 31250.0
2398 31250.0
2399 31250.0
2400 31250.0
2401 31250.0
2402 31250.0
2403 31250.0
2404 31250.0
2405 31250.0
2406 31250.0
2407 31250.0
2408 31250.0
2409 31250.0
2410 31250.0
2411 31250.0
2412 31250.0
2413 31250.0
2414 31250.0
2415 31250.0
2416 31250.0
2417 31250.0
2418 31250.0
2419 31250.0
2420 31250.0
2421 31250.0
2422 31250.0
2423 31250.0
2424 31250.0
2425 31250.0
2426 31250.0
2427 31250.0
2428 31250.0
2429 31250.0
2430 31250.0
2431 31250.0
2432 31250.0
2433 31250.0
2434 31250.0
2435 31250.0
2436 31250.0
2437 31250.0
2438 31250.0
2439 31250.0
2440 31250.0
2441 31250.0
2442 31250.0
2443 31250.0
2444 31250.0
2445 31250.0
2446 31250.0
2447 31250.0
2448 31250.0
2449 31250.0
2450 31250.0
2451 31250.0
2452 31250.0
2453 31250.0
2454 31250.0
2455 31250.0
2456 31250.0
2457 31250.0
2458 31250.0
2459 31250.0
2460 31250.0
2461 31250.0
2462 31250.0
2463 31250.0
2464 31250.0
2465 31250.0
2466 31250.0
2467 31250.0
2468 31250.0
2469 31250.0
2470 31250.0
2471 31250.0
2472 31250.0
2473 31250.0
2474 31250.0
2475 31250.0
2476 31250.0
2477 31250.0
2478 31250.0
2479 31250.0
2480 31250.0
2481 31250.0
2482 31250.0
2483 31250.0
2484 31250.0
2485 31250.0
2486 31250.0
2487 31250.0
2488 31250.0
2489 31250.0
2490 31250.0
2491 31250.0
2492 31250.0
2493 31250.0
2494 31250.0
2495 31250.0
2496 31250.0
2497 31250.0
2498 31250.0
2499 31250.0
2500 31250.0
2501 31250.0
2502 31250.0
2503 31250.0
2504 31250.0
2505 31250.0
2506 31250.0
2507 31250.0
2508 31250.0
2509 31250.0
2510 31250.0
2511 31250.0
2512 31250.0
2513 31250.0
2514 31250.0
2515 31250.0
2516 31250.0
2517 31250.0
2518 31250.0
2519 31250.0
2520 31250.0
2521 31250.0
2522 31250.0
2523 31250.0
2524 31250.0
2525 31250.0
2526 31250.0
2527 31250.0
2528 31250.0
2529 31250.0
2530 31250.0
2531 31250.0
2532 31250.0
2533 31250.0
2534 31250.0
2535 31250.0
2536 31250.0
2537 31250.0
2538 31250.0
2539 31250.0
2540 31250.0
2541 31250.0
2542 31250.0
2543 31250.0
2544 31250.0
2545 31250.0
2546 31250.0
2547 31250.0
2548 31250.0
2549 31250.0
2550 31250.0
2551 31250.0
2552 31250.0
2553 31250.0
2554 31250.0
2555 31250.0
2556 31250.0
2557 31250.0
2558 31250.0
2559 31250.0
2560 31250.0
2561 31250.0
2562 31250.0
2563 31250.0
2564 31250.0
2565 31250.0
2566 31250.0
2567 31250.0
2568 31250.0
2569 31250.0
2570 31250.0
2571 31250.0
2572 31250.0
2573 31250.0
2574 31250.0
2575 31250.0
2576 31250.0
2577 31250.0
2578 31250.0
2579 31250.0
2580 31250.0
2581 31250.0
2582 31250.0
2583 31250.0
2584 31250.0
2585 31250.0
2586 31250.0
2587 31250.0
2588 31250.0
2589 31250.0
2590 31250.0
2591 31250.0
2592 31250.0
2593 31250.0
2594 31250.0
2595 31250.0
2596 31250.0
2597 31250.0
2598 31250.0
2599 31250.0
2600 31250.0
2601 31250.0
2602 31250.0
2603 31250.0
2604 31250.0
2605 31250.0
2606 31250.0
2607 31250.0
2608 31250.0
2609 31250.0
2610 31250.0
2611 31250.0
2612 31250.0
2613 31250.0
2614 31250.0
2615 31250.0
2616 31250.0
2617 31250.0
2618 31250.0
2619 31250.0
2620 31250.0
2621 31250.0
2622 31250.0
2623 31250.0
2624 31250.0
2625 31250.0
2626 31250.0
2627 31250.0
2628 31250.0
2629 31250.0
2630 31250.0
2631 31250.0
2632 31250.0
2633 31250.0
2634 31250.0
2635 31250.0
2636 31250.0
2637 31250.0
2638 31250.0
2639 31250.0
2640 31250.0
2641 31250.0
2642 31250.0
2643 31250.0
2644 31250.0
2645 31250.0
2646 31250.0
2647 31250.0
2648 31250.0
2649 31250.0
2650 31250.0
2651 31250.0
2652 31250.0
2653 31250.0
2654 31250.0
2655 31250.0
2656 31250.0
2657 31250.0
2658 31250.0
2659 31250.0
2660 31250.0
2661 31250.0
2662 31250.0
2663 31250.0
2664 31250.0
2665 31250.0
2666 31250.0
2667 31250.0
2668 31250.0
2669 31250.0
2670 31250.0
2671 31250.0
2672 31250.0
2673 31250.0
2674 31250.0
2675 31250.0
2676 31250.0
2677 31250.0
2678 31250.0
2679 31250.0
2680 31250.0
2681 31250.0
2682 31250.0
2683 31250.0
2684 31250.0
2685 31250.0
2686 31250.0
2687 31250.0
2688 31250.0
2689 31250.0
2690 31250.0
2691 31250.0
2692 31250.0
2693 31250.0
2694 31250.0
2695 31250.0
2696 31250.0
2697 31250.0
2698 31250.0
2699 31250.0
2700 31250.0
2701 31250.0
2702 31250.0
2703 31250.0
2704 31250.0
2705 31250.0
2706 31250.0
2707 31250.0
2708 31250.0
2709 31250.0
2710 31250.0
2711 31250.0
2712 31250.0
2713 31250.0
2714 31250.0
2715 31250.0
2716 31250.0
2717 31250.0
2718 31250.0
2719 31250.0
2720 31250.0
2721 31250.0
2722 31250.0
2723 31250.0
2724 31250.0
2725 31250.0
2726 31250.0
2727 31250.0
2728 31250.0
2729 31250.0
2730 31250.0
2731 31250.0
2732 31250.0
2733 31250.0
2734 31250.0
2735 31250.0
2736 31250.0
2737 31250.0
2738 31250.0
2739 31250.0
2740 31250.0
2741 31250.0
2742 31250.0
2743 31250.0
2744 31250.0
2745 31250.0
2746 31250.0
2747 31250.0
2748 31250.0
2749 31250.0
2750 31250.0
2751 31250.0
2752 31250.0
2753 31250.0
2754 31250.0
2755 31250.0
2756 31250.0
2757 31250.0
2758 31250.0
2759 31250.0
2760 31250.0
2761 31250.0
2762 31250.0
2763 31250.0
2764 31250.0
2765 31250.0
2766 31250.0
2767 31250.0
2768 31250.0
2769 31250.0
2770 31250.0
2771 31250.0
2772 31250.0
2773 31250.0
2774 31250.0
2775 31250.0
2776 31250.0
2777 31250.0
2778 31250.0
2779 31250.0
2780 31250.0
2781 31250.0
2782 31250.0
2783 31250.0
2784 31250.0
2785 31250.0
2786 31250.0
2787 31250.0
2788 31250.0
2789 31250.0
2790 31250.0
2791 31250.0
2792 31250.0
2793 31250.0
2794 31250.0
2795 31250.0
2796 31250.0
2797 31250.0
2798 31250.0
2799 31250.0
2800 31250.0
2801 31250.0
2802 31250.0
2803 31250.0
2804 31250.0
2805 31250.0
2806 31250.0
2807 31250.0
2808 31250.0
2809 31250.0
2810 31250.0
2811 31250.0
2812 31250.0
2813 31250.0
2814 31250.0
2815 31250.0
2816 31250.0
2817 31250.0
2818 31250.0
2819 31250.0
2820 31250.0
2821 31250.0
2822 31250.0
2823 31250.0
2824 31250.0
2825 31250.0
2826 31250.0
2827 31250.0
2828 31250.0
2829 31250.0
2830 31250.0
2831 31250.0
2832 31250.0
2833 31250.0
2834 31250.0
2835 31250.0
2836 31250.0
2837 31250.0
2838 31250.0
2839 31250.0
2840 31250.0
2841 31250.0
2842 31250.0
2843 31250.0
2844 31250.0
2845 31250.0
2846 31250.0
2847 31250.0
2848 31250.0
2849 31250.0
2850 31250.0
2851 31250.0
2852 31250.0
2853 31250.0
2854 31250.0
2855 31250.0
2856 31250.0
2857 31250.0
2858 31250.0
2859 31250.0
2860 31250.0
2861 31250.0
2862 31250.0
2863 31250.0
2864 31250.0
2865 31250.0
2866 31250.0
2867 31250.0
2868 31250.0
2869 31250.0
2870 31250.0
2871 31250.0
2872 31250.0
2873 31250.0
2874 31250.0
2875 31250.0
2876 31250.0
2877 31250.0
2878 31250.0
2879 31250.0
2880 31250.0
2881 31250.0
2882 31250.0
2883 31250.0
2884 31250.0
2885 31250.0
2886 31250.0
2887 31250.0
2888 31250.0
2889 31250.0
2890 31250.0
2891 31250.0
2892 31250.0
2893 31250.0
2894 31250.0
2895 31250.0
2896 31250.0
2897 31250.0
2898 31250.0
2899 31250.0
2900 31250.0
2901 31250.0
2902 31250.0
2903 31250.0
2904 31250.0
2905 31250.0
2906 31250.0
2907 31250.0
2908 31250.0
2909 31250.0
2910 31250.0
2911 31250.0
2912 31250.0
2913 31250.0
2914 31250.0
2915 31250.0
2916 31250.0
2917 31250.0
2918 31250.0
2919 31250.0
2920 31250.0
2921 31250.0
2922 31250.0
2923 31250.0
2924 31250.0
2925 31250.0
2926 31250.0
2927 31250.0
2928 31250.0
2929 31250.0
2930 31250.0
2931 31250.0
2932 31250.0
2933 31250.0
2934 31250.0
2935 31250.0
2936 31250.0
2937 31250.0
2938 31250.0
2939 31250.0
2940 31250.0
2941 31250.0
2942 31250.0
2943 31250.0
2944 31250.0
2945 31250.0
2946 31250.0
2947 31250.0
2948 31250.0
2949 31250.0
2950 31250.0
2951 31250.0
2952 31250.0
2953 31250.0
2954 31250.0
2955 31250.0
2956 31250.0
2957 31250.0
2958 31250.0
2959 31250.0
2960 31250.0
2961 31250.0
2962 31250.0
2963 31250.0
2964 31250.0
2965 31250.0
2966 31250.0
2967 31250.0
2968 31250.0
2969 31250.0
2970 31250.0
2971 31250.0
2972 31250.0
2973 31250.0
2974 31250.0
2975 31250.0
2976 31250.0
2977 31250.0
2978 31250.0
2979 31250.0
2980 31250.0
2981 31250.0
2982 31250.0
2983 31250.0
2984 31250.0
2985 31250.0
2986 31250.0
2987 31250.0
2988 31250.0
2989 31250.0
2990 31250.0
2991 31250.0
2992 31250.0
2993 31250.0
2994 31250.0
2995 31250.0
2996 31250.0
2997 31250.0
2998 31250.0
2999 31250.0
3000 31250.0
3001 31250.0
3002 31250.0
3003 31250.0
3004 31250.0
3005 31250.0
3006 31250.0
3007 31250.0
3008 31250.0
3009 31250.0
3010 31250.0
3011 31250.0
3012 31250.0
3013 31250.0
3014 31250.0
3015 31250.0
3016 31250.0
3017 31250.0
3018 31250.0
3019 31250.0
3020 31250.0
3021 31250.0
3022 31250.0
3023 31250.0
3024 31250.0
3025 31250.0
3026 31250.0
3027 31250.0
3028 31250.0
3029 31250.0
3030 31250.0
3031 31250.0
3032 31250.0
3033 31250.0
3034 31250.0
3035 31250.0
3036 31250.0
3037 31250.0
3038 31250.0
3039 31250.0
3040 31250.0
3041 31250.0
3042 31250.0
3043 31250.0
3044 31250.0
3045 31250.0
3046 31250.0
3047 31250.0
3048 31250.0
3049 31250.0
3050 31250.0
3051 31250.0
3052 31250.0
3053 31250.0
3054 31250.0
3055 31250.0
3056 31250.0
3057 31250.0
3058 31250.0
3059 31250.0
3060 31250.0
3061 31250.0
3062 31250.0
3063 31250.0
3064 31250.0
3065 31250.0
3066 31250.0
3067 31250.0
3068 31250.0
3069 31250.0
3070 31250.0
3071 31250.0
3072 31250.0
3073 31250.0
3074 31250.0
3075 31250.0
3076 31250.0
3077 31250.0
3078 31250.0
3079 31250.0
3080 31250.0
3081 31250.0
3082 31250.0
3083 31250.0
3084 31250.0
3085 31250.0
3086 31250.0
3087 31250.0
3088 31250.0
3089 31250.0
3090 31250.0
3091 31250.0
3092 31250.0
3093 31250.0
3094 31250.0
3095 31250.0
3096 31250.0
3097 31250.0
3098 31250.0
3099 31250.0
3100 31250.0
3101 31250.0
3102 31250.0
3103 31250.0
3104 31250.0
3105 31250.0
3106 31250.0
3107 31250.0
3108 31250.0
3109 31250.0
3110 31250.0
3111 31250.0
3112 31250.0
3113 31250.0
3114 31250.0
3115 31250.0
3116 31250.0
3117 31250.0
3118 31250.0
3119 31250.0
3120 31250.0
3121 31250.0
3122 31250.0
3123 31250.0
3124 31250.0
3125 31250.0
3126 31250.0
3127 31250.0
3128 31250.0
3129 31250.0
3130 31250.0
3131 31250.0
3132 31250.0
3133 31250.0
3134 31250.0
3135 31250.0
3136 31250.0
3137 31250.0
3138 31250.0
3139 31250.0
3140 31250.0
3141 31250.0
3142 31250.0
3143 31250.0
3144 31250.0
3145 31250.0
3146 31250.0
3147 31250.0
3148 31250.0
3149 31250.0
3150 31250.0
3151 31250.0
3152 31250.0
3153 31250.0
3154 31250.0
3155 31250.0
3156 31250.0
3157 31250.0
3158 31250.0
3159 31250.0
3160 31250.0
3161 31250.0
3162 31250.0
3163 31250.0
3164 31250.0
3165 31250.0
3166 31250.0
3167 31250.0
3168 31250.0
3169 31250.0
3170 31250.0
3171 31250.0
3172 31250.0
3173 31250.0
3174 31250.0
3175 31250.0
3176 31250.0
3177 31250.0
3178 31250.0
3179 31250.0
3180 31250.0
3181 31250.0
3182 31250.0
3183 31250.0
3184 31250.0
3185 31250.0
3186 31250.0
3187 31250.0
3188 31250.0
3189 31250.0
3190 31250.0
3191 31250.0
3192 31250.0
3193 31250.0
3194 31250.0
3195 31250.0
3196 31250.0
3197 31250.0
3198 31250.0
3199 31250.0
3200 31250.0
3201 31250.0
3202 31250.0
3203 31250.0
3204 31250.0
3205 31250.0
3206 31250.0
3207 31250.0
3208 31250.0
3209 31250.0
3210 31250.0
3211 31250.0
3212 31250.0
3213 31250.0
3214 31250.0
3215 31250.0
3216 31250.0
3217 31250.0
3218 31250.0
3219 31250.0
3220 31250.0
3221 31250.0
3222 31250.0
3223 31250.0
3224 31250.0
3225 31250.0
3226 31250.0
3227 31250.0
3228 31250.0
3229 31250.0
3230 31250.0
3231 31250.0
3232 31250.0
3233 31250.0
3234 31250.0
3235 31250.0
3236 31250.0
3237 31250.0
3238 31250.0
3239 31250.0
3240 31250.0
3241 31250.0
3242 31250.0
3243 31250.0
3244 31250.0
3245 31250.0
3246 31250.0
3247 31250.0
3248 31250.0
3249 31250.0
3250 31250.0
3251 31250.0
3252 31250.0
3253 31250.0
3254 31250.0
3255 31250.0
3256 31250.0
3257 31250.0
3258 31250.0
3259 31250.0
3260 31250.0
3261 31250.0
3262 31250.0
3263 31250.0
3264 31250.0
3265 31250.0
3266 31250.0
3267 31250.0
3268 31250.0
3269 31250.0
3270 31250.0
3271 31250.0
3272 31250.0
3273 31250.0
3274 31250.0
3275 31250.0
3276 31250.0
3277 31250.0
3278 31250.0
3279 31250.0
3280 31250.0
3281 31250.0
3282 31250.0
3283 31250.0
3284 31250.0
3285 31250.0
3286 31250.0
3287 31250.0
3288 31250.0
3289 31250.0
3290 31250.0
3291 31250.0
3292 31250.0
3293 31250.0
3294 31250.0
3295 31250.0
3296 31250.0
3297 31250.0
3298 31250.0
3299 31250.0
3300 31250.0
3301 31250.0
3302 31250.0
3303 31250.0
3304 31250.0
3305 31250.0
3306 31250.0
3307 31250.0
3308 31250.0
3309 31250.0
3310 31250.0
3311 31250.0
3312 31250.0
3313 31250.0
3314 31250.0
3315 31250.0
3316 31250.0
3317 31250.0
3318 31250.0
3319 31250.0
3320 31250.0
3321 31250.0
3322 31250.0
3323 31250.0
3324 31250.0
3325 31250.0
3326 31250.0
3327 31250.0
3328 31250.0
3329 31250.0
3330 31250.0
3331 31250.0
3332 31250.0
3333 31250.0
3334 31250.0
3335 31250.0
3336 31250.0
3337 31250.0
3338 31250.0
3339 31250.0
3340 31250.0
3341 31250.0
3342 31250.0
3343 31250.0
3344 31250.0
3345 31250.0
3346 31250.0
3347 31250.0
3348 31250.0
3349 31250.0
3350 31250.0
3351 31250.0
3352 31250.0
3353 31250.0
3354 31250.0
3355 31250.0
3356 31250.0
3357 31250.0
3358 31250.0
3359 31250.0
3360 31250.0
3361 31250.0
3362 31250.0
3363 31250.0
3364 31250.0
3365 31250.0
3366 31250.0
3367 31250.0
3368 31250.0
3369 31250.0
3370 31250.0
3371 31250.0
3372 31250.0
3373 31250.0
3374 31250.0
3375 31250.0
3376 31250.0
3377 31250.0
3378 31250.0
3379 31250.0
3380 31250.0
3381 31250.0
3382 31250.0
3383 31250.0
3384 31250.0
3385 31250.0
3386 31250.0
3387 31250.0
3388 31250.0
3389 31250.0
3390 31250.0
3391 31250.0
3392 31250.0
3393 31250.0
3394 31250.0
3395 31250.0
3396 31250.0
3397 31250.0
3398 31250.0
3399 31250.0
3400 31250.0
3401 31250.0
3402 31250.0
3403 31250.0
3404 31250.0
3405 31250.0
3406 31250.0
3407 31250.0
3408 31250.0
3409 31250.0
3410 31250.0
3411 31250.0
3412 31250.0
3413 31250.0
3414 31250.0
3415 31250.0
3416 31250.0
3417 31250.0
3418 31250.0
3419 31250.0
3420 31250.0
3421 31250.0
3422 31250.0
3423 31250.0
3424 31250.0
3425 31250.0
3426 31250.0
3427 31250.0
3428 31250.0
3429 31250.0
3430 31250.0
3431 31250.0
3432 31250.0
3433 31250.0
3434 31250.0
3435 31250.0
3436 31250.0
3437 31250.0
3438 31250.0
3439 31250.0
3440 31250.0
3441 31250.0
3442 31250.0
3443 31250.0
3444 31250.0
3445 31250.0
3446 31250.0
3447 31250.0
3448 31250.0
3449 31250.0
3450 31250.0
3451 31250.0
3452 31250.0
3453 31250.0
3454 31250.0
3455 31250.0
3456 31250.0
3457 31250.0
3458 31250.0
3459 31250.0
3460 31250.0
3461 31250.0
3462 31250.0
3463 31250.0
3464 31250.0
3465 31250.0
3466 31250.0
3467 31250.0
3468 31250.0
3469 31250.0
3470 31250.0
3471 31250.0
3472 31250.0
3473 31250.0
3474 31250.0
3475 31250.0
3476 31250.0
3477 31250.0
3478 31250.0
3479 31250.0
3480 31250.0
3481 31250.0
3482 31250.0
3483 31250.0
3484 31250.0
3485 31250.0
3486 31250.0
3487 31250.0
3488 31250.0
3489 31250.0
3490 31250.0
3491 31250.0
3492 31250.0
3493 31250.0
3494 31250.0
3495 31250.0
3496 31250.0
3497 31250.0
3498 31250.0
3499 31250.0
3500 31250.0
3501 31250.0
3502 31250.0
3503 31250.0
3504 31250.0
3505 31250.0
3506 31250.0
3507 31250.0
3508 31250.0
3509 31250.0
3510 31250.0
3511 31250.0
3512 31250.0
3513 31250.0
3514 31250.0
3515 31250.0
3516 31250.0
3517 31250.0
3518 31250.0
3519 31250.0
3520 31250.0
3521 31250.0
3522 31250.0
3523 31250.0
3524 31250.0
3525 31250.0
3526 31250.0
3527 31250.0
3528 31250.0
3529 31250.0
3530 31250.0
3531 31250.0
3532 31250.0
3533 31250.0
3534 31250.0
3535 31250.0
3536 31250.0
3537 31250.0
3538 31250.0
3539 31250.0
3540 31250.0
3541 31250.0
3542 31250.0
3543 31250.0
3544 31250.0
3545 31250.0
3546 31250.0
3547 31250.0
3548 31250.0
3549 31250.0
3550 31250.0
3551 31250.0
3552 31250.0
3553 31250.0
3554 31250.0
3555 31250.0
3556 31250.0
3557 31250.0
3558 31250.0
3559 31250.0
3560 31250.0
3561 31250.0
3562 31250.0
3563 31250.0
3564 31250.0
3565 31250.0
3566 31250.0
3567 31250.0
3568 31250.0
3569 31250.0
3570 31250.0
3571 31250.0
3572 31250.0
3573 31250.0
3574 31250.0
3575 31250.0
3576 31250.0
3577 31250.0
3578 31250.0
3579 31250.0
3580 31250.0
3581 31250.0
3582 31250.0
3583 31250.0
3584 31250.0
3585 31250.0
3586 31250.0
3587 31250.0
3588 31250.0
3589 31250.0
3590 31250.0
3591 31250.0
3592 31250.0
3593 31250.0
3594 31250.0
3595 31250.0
3596 31250.0
3597 31250.0
3598 31250.0
3599 31250.0
3600 31250.0
3601 31250.0
3602 31250.0
3603 31250.0
3604 31250.0
3605 31250.0
3606 31250.0
3607 31250.0
3608 31250.0
3609 31250.0
3610 31250.0
3611 31250.0
3612 31250.0
3613 31250.0
3614 31250.0
3615 31250.0
3616 31250.0
3617 31250.0
3618 31250.0
3619 31250.0
3620 31250.0
3621 31250.0
3622 31250.0
3623 31250.0
3624 31250.0
3625 31250.0
3626 31250.0
3627 31250.0
3628 31250.0
3629 31250.0
3630 31250.0
3631 31250.0
3632 31250.0
3633 31250.0
3634 31250.0
3635 31250.0
3636 31250.0
3637 31250.0
3638 31250.0
3639 31250.0
3640 31250.0
3641 31250.0
3642 31250.0
3643 31250.0
3644 31250.0
3645 31250.0
3646 31250.0
3647 31250.0
3648 31250.0
3649 31250.0
3650 31250.0
3651 31250.0
3652 31250.0
3653 31250.0
3654 31250.0
3655 31250.0
3656 31250.0
3657 31250.0
3658 31250.0
3659 31250.0
3660 31250.0
3661 31250.0
3662 31250.0
3663 31250.0
3664 31250.0
3665 31250.0
3666 31250.0
3667 31250.0
3668 31250.0
3669 31250.0
3670 31250.0
3671 31250.0
3672 31250.0
3673 31250.0
3674 31250.0
3675 31250.0
3676 31250.0
3677 31250.0
3678 31250.0
3679 31250.0
3680 31250.0
3681 31250.0
3682 31250.0
3683 31250.0
3684 31250.0
3685 31250.0
3686 31250.0
3687 31250.0
3688 31250.0
3689 31250.0
3690 31250.0
3691 31250.0
3692 31250.0
3693 31250.0
3694 31250.0
3695 31250.0
3696 31250.0
3697 31250.0
3698 31250.0
3699 31250.0
3700 31250.0
3701 31250.0
3702 31250.0
3703 31250.0
3704 31250.0
3705 31250.0
3706 31250.0
3707 31250.0
3708 31250.0
3709 31250.0
3710 31250.0
3711 31250.0
3712 31250.0
3713 31250.0
3714 31250.0
3715 31250.0
3716 31250.0
3717 31250.0
3718 31250.0
3719 31250.0
3720 31250.0
3721 31250.0
3722 31250.0
3723 31250.0
3724 31250.0
3725 31250.0
3726 31250.0
3727 31250.0
3728 31250.0
3729 31250.0
3730 31250.0
3731 31250.0
3732 31250.0
3733 31250.0
3734 31250.0
3735 31250.0
3736 31250.0
3737 31250.0
3738 31250.0
3739 31250.0
3740 31250.0
3741 31250.0
3742 31250.0
3743 31250.0
3744 31250.0
3745 31250.0
3746 31250.0
3747 31250.0
3748 31250.0
3749 31250.0
3750 31250.0
3751 31250.0
3752 31250.0
3753 31250.0
3754 31250.0
3755 31250.0
3756 31250.0
3757 31250.0
3758 31250.0
3759 31250.0
3760 31250.0
3761 31250.0
3762 31250.0
3763 31250.0
3764 31250.0
3765 31250.0
3766 31250.0
3767 31250.0
3768 31250.0
3769 31250.0
3770 31250.0
3771 31250.0
3772 31250.0
3773 31250.0
3774 31250.0
3775 31250.0
3776 31250.0
3777 31250.0
3778 31250.0
3779 31250.0
3780 31250.0
3781 31250.0
3782 31250.0
3783 31250.0
3784 31250.0
3785 31250.0
3786 31250.0
3787 31250.0
3788 31250.0
3789 31250.0
3790 31250.0
3791 31250.0
3792 31250.0
3793 31250.0
3794 31250.0
3795 31250.0
3796 31250.0
3797 31250.0
3798 31250.0
3799 31250.0
3800 31250.0
3801 31250.0
3802 31250.0
3803 31250.0
3804 31250.0
3805 31250.0
3806 31250.0
3807 31250.0
3808 31250.0
3809 31250.0
3810 31250.0
3811 31250.0
3812 31250.0
3813 31250.0
3814 31250.0
3815 31250.0
3816 31250.0
3817 31250.0
3818 31250.0
3819 31250.0
3820 31250.0
3821 31250.0
3822 31250.0
3823 31250.0
3824 31250.0
3825 31250.0
3826 31250.0
3827 31250.0
3828 31250.0
3829 31250.0
3830 31250.0
3831 31250.0
3832 31250.0
3833 31250.0
3834 31250.0
3835 31250.0
3836 31250.0
3837 31250.0
3838 31250.0
3839 31250.0
3840 31250.0
3841 31250.0
3842 31250.0
3843 31250.0
3844 31250.0
3845 31250.0
3846 31250.0
3847 31250.0
3848 31250.0
3849 31250.0
3850 31250.0
3851 31250.0
3852 31250.0
3853 31250.0
3854 31250.0
3855 31250.0
3856 31250.0
3857 31250.0
3858 31250.0
3859 31250.0
3860 31250.0
3861 31250.0
3862 31250.0
3863 31250.0
3864 31250.0
3865 31250.0
3866 31250.0
3867 31250.0
3868 31250.0
3869 31250.0
3870 31250.0
3871 31250.0
3872 31250.0
3873 31250.0
3874 31250.0
3875 31250.0
3876 31250.0
3877 31250.0
3878 31250.0
3879 31250.0
3880 31250.0
3881 31250.0
3882 31250.0
3883 31250.0
3884 31250.0
3885 31250.0
3886 31250.0
3887 31250.0
3888 31250.0
3889 31250.0
3890 31250.0
3891 31250.0
3892 31250.0
3893 31250.0
3894 31250.0
3895 31250.0
3896 31250.0
3897 31250.0
3898 31250.0
3899 31250.0
3900 31250.0
3901 31250.0
3902 31250.0
3903 31250.0
3904 31250.0
3905 31250.0
3906 31250.0
3907 31250.0
3908 31250.0
3909 31250.0
3910 31250.0
3911 31250.0
3912 31250.0
3913 31250.0
3914 31250.0
3915 31250.0
3916 31250.0
3917 31250.0
3918 31250.0
3919 31250.0
3920 31250.0
3921 31250.0
3922 31250.0
3923 31250.0
3924 31250.0
3925 31250.0
3926 31250.0
3927 31250.0
3928 31250.0
3929 31250.0
3930 31250.0
3931 31250.0
3932 31250.0
3933 31250.0
3934 31250.0
3935 31250.0
3936 31250.0
3937 31250.0
3938 31250.0
3939 31250.0
3940 31250.0
3941 31250.0
3942 31250.0
3943 31250.0
3944 31250.0
3945 31250.0
3946 31250.0
3947 31250.0
3948 31250.0
3949 31250.0
3950 31250.0
3951 31250.0
3952 31250.0
3953 31250.0
3954 31250.0
3955 31250.0
3956 31250.0
3957 31250.0
3958 31250.0
3959 31250.0
3960 31250.0
3961 31250.0
3962 31250.0
3963 31250.0
3964 31250.0
3965 31250.0
3966 31250.0
3967 31250.0
3968 31250.0
3969 31250.0
3970 31250.0
3971 31250.0
3972 31250.0
3973 31250.0
3974 31250.0
3975 31250.0
3976 31250.0
3977 31250.0
3978 31250.0
3979 31250.0
3980 31250.0
3981 31250.0
3982 31250.0
3983 31250.0
3984 31250.0
3985 31250.0
3986 31250.0
3987 31250.0
3988 31250.0
3989 31250.0
3990 31250.0
3991 31250.0
3992 31250.0
3993 31250.0
3994 31250.0
3995 31250.0
3996 31250.0
3997 31250.0
3998 31250.0
3999 31250.0
4000 31250.0
4001 31250.0
4002 31250.0
4003 31250.0
4004 31250.0
4005 31250.0
4006 31250.0
4007 31250.0
4008 31250.0
4009 31250.0
4010 31250.0
4011 31250.0
4012 31250.0
4013 31250.0
4014 31250.0
4015 31250.0
4016 31250.0
4017 31250.0
4018 31250.0
4019 31250.0
4020 31250.0
4021 31250.0
4022 31250.0
4023 31250.0
4024 31250.0
4025 31250.0
4026 31250.0
4027 31250.0
4028 31250.0
4029 31250.0
4030 31250.0
4031 31250.0
4032 31250.0
4033 31250.0
4034 31250.0
4035 31250.0
4036 31250.0
4037 31250.0
4038 31250.0
4039 31250.0
4040 31250.0
4041 31250.0
4042 31250.0
4043 31250.0
4044 31250.0
4045 31250.0
4046 31250.0
4047 31250.0
4048 31250.0
4049 31250.0
4050 31250.0
4051 31250.0
4052 31250.0
4053 31250.0
4054 31250.0
4055 31250.0
4056 31250.0
4057 31250.0
4058 31250.0
4059 31250.0
4060 31250.0
4061 31250.0
4062 31250.0
4063 31250.0
4064 31250.0
4065 31250.0
4066 31250.0
4067 31250.0
4068 31250.0
4069 31250.0
4070 31250.0
4071 31250.0
4072 31250.0
4073 31250.0
4074 31250.0
4075 31250.0
4076 31250.0
4077 31250.0
4078 31250.0
4079 31250.0
4080 31250.0
4081 31250.0
4082 31250.0
4083 31250.0
4084 31250.0
4085 31250.0
4086 31250.0
4087 31250.0
4088 31250.0
4089 31250.0
4090 31250.0
4091 31250.0
4092 31250.0
4093 31250.0
4094 31250.0
4095 31250.0
4096 31250.0
4097 31250.0
4098 31250.0
4099 31250.0
4100 31250.0
4101 31250.0
4102 31250.0
4103 31250.0
4104 31250.0
4105 31250.0
4106 31250.0
4107 31250.0
4108 31250.0
4109 31250.0
4110 31250.0
4111 31250.0
4112 31250.0
4113 31250.0
4114 31250.0
4115 31250.0
4116 31250.0
4117 31250.0
4118 31250.0
4119 31250.0
4120 31250.0
4121 31250.0
4122 31250.0
4123 31250.0
4124 31250.0
4125 31250.0
4126 31250.0
4127 31250.0
4128 31250.0
4129 31250.0
4130 31250.0
4131 31250.0
4132 31250.0
4133 31250.0
4134 31250.0
4135 31250.0
4136 31250.0
4137 31250.0
4138 31250.0
4139 31250.0
4140 31250.0
4141 31250.0
4142 31250.0
4143 31250.0
4144 31250.0
4145 31250.0
4146 31250.0
4147 31250.0
4148 31250.0
4149 31250.0
4150 31250.0
4151 31250.0
4152 31250.0
4153 31250.0
4154 31250.0
4155 31250.0
4156 31250.0
4157 31250.0
4158 31250.0
4159 31250.0
4160 31250.0
4161 31250.0
4162 31250.0
4163 31250.0
4164 31250.0
4165 31250.0
4166 31250.0
4167 31250.0
4168 31250.0
4169 31250.0
4170 31250.0
4171 31250.0
4172 31250.0
4173 31250.0
4174 31250.0
4175 31250.0
4176 31250.0
4177 31250.0
4178 31250.0
4179 31250.0
4180 31250.0
4181 31250.0
4182 31250.0
4183 31250.0
4184 31250.0
4185 31250.0
4186 31250.0
4187 31250.0
4188 31250.0
4189 31250.0
4190 31250.0
4191 31250.0
4192 31250.0
4193 31250.0
4194 31250.0
4195 31250.0
4196 31250.0
4197 31250.0
4198 31250.0
4199 31250.0
4200 31250.0
4201 31250.0
4202 31250.0
4203 31250.0
4204 31250.0
4205 31250.0
4206 31250.0
4207 31250.0
4208 31250.0
4209 31250.0
4210 31250.0
4211 31250.0
4212 31250.0
4213 31250.0
4214 31250.0
4215 31250.0
4216 31250.0
4217 31250.0
4218 31250.0
4219 31250.0
4220 31250.0
4221 31250.0
4222 31250.0
4223 31250.0
4224 31250.0
4225 31250.0
4226 31250.0
4227 31250.0
4228 31250.0
4229 31250.0
4230 31250.0
4231 31250.0
4232 31250.0
4233 31250.0
4234 31250.0
4235 31250.0
4236 31250.0
4237 31250.0
4238 31250.0
4239 31250.0
4240 31250.0
4241 31250.0
4242 31250.0
4243 31250.0
4244 31250.0
4245 31250.0
4246 31250.0
4247 31250.0
4248 31250.0
4249 31250.0
4250 31250.0
4251 31250.0
4252 31250.0
4253 31250.0
4254 31250.0
4255 31250.0
4256 31250.0
4257 31250.0
4258 31250.0
4259 31250.0
4260 31250.0
4261 31250.0
4262 31250.0
4263 31250.0
4264 31250.0
4265 31250.0
4266 31250.0
4267 31250.0
4268 31250.0
4269 31250.0
4270 31250.0
4271 31250.0
4272 31250.0
4273 31250.0
4274 31250.0
4275 31250.0
4276 31250.0
4277 31250.0
4278 31250.0
4279 31250.0
4280 31250.0
4281 31250.0
4282 31250.0
4283 31250.0
4284 31250.0
4285 31250.0
4286 31250.0
4287 31250.0
4288 31250.0
4289 31250.0
4290 31250.0
4291 31250.0
4292 31250.0
4293 31250.0
4294 31250.0
4295 31250.0
4296 31250.0
4297 31250.0
4298 31250.0
4299 31250.0
4300 31250.0
4301 31250.0
4302 31250.0
4303 31250.0
4304 31250.0
4305 31250.0
4306 31250.0
4307 31250.0
4308 31250.0
4309 31250.0
4310 31250.0
4311 31250.0
4312 31250.0
4313 31250.0
4314 31250.0
4315 31250.0
4316 31250.0
4317 31250.0
4318 31250.0
4319 31250.0
4320 31250.0
4321 31250.0
4322 31250.0
4323 31250.0
4324 31250.0
4325 31250.0
4326 31250.0
4327 31250.0
4328 31250.0
4329 31250.0
4330 31250.0
4331 31250.0
4332 31250.0
4333 31250.0
4334 31250.0
4335 31250.0
4336 31250.0
4337 31250.0
4338 31250.0
4339 31250.0
4340 31250.0
4341 31250.0
4342 31250.0
4343 31250.0
4344 31250.0
4345 31250.0
4346 31250.0
4347 31250.0
4348 31250.0
4349 31250.0
4350 31250.0
4351 31250.0
4352 31250.0
4353 31250.0
4354 31250.0
4355 31250.0
4356 31250.0
4357 31250.0
4358 31250.0
4359 31250.0
4360 31250.0
4361 31250.0
4362 31250.0
4363 31250.0
4364 31250.0
4365 31250.0
4366 31250.0
4367 31250.0
4368 31250.0
4369 31250.0
4370 31250.0
4371 31250.0
4372 31250.0
4373 31250.0
4374 31250.0
4375 31250.0
4376 31250.0
4377 31250.0
4378 31250.0
4379 31250.0
4380 31250.0
4381 31250.0
4382 31250.0
4383 31250.0
4384 31250.0
4385 31250.0
4386 31250.0
4387 31250.0
4388 31250.0
4389 31250.0
4390 31250.0
4391 31250.0
4392 31250.0
4393 31250.0
4394 31250.0
4395 31250.0
4396 31250.0
4397 31250.0
4398 31250.0
4399 31250.0
4400 31250.0
4401 31250.0
4402 31250.0
4403 31250.0
4404 31250.0
4405 31250.0
4406 31250.0
4407 31250.0
4408 31250.0
4409 31250.0
4410 31250.0
4411 31250.0
4412 31250.0
4413 31250.0
4414 31250.0
4415 31250.0
4416 31250.0
4417 31250.0
4418 31250.0
4419 31250.0
4420 31250.0
4421 31250.0
4422 31250.0
4423 31250.0
4424 31250.0
4425 31250.0
4426 31250.0
4427 31250.0
4428 31250.0
4429 31250.0
4430 31250.0
4431 31250.0
4432 31250.0
4433 31250.0
4434 31250.0
4435 31250.0
4436 31250.0
4437 31250.0
4438 31250.0
4439 31250.0
4440 31250.0
4441 31250.0
4442 31250.0
4443 31250.0
4444 31250.0
4445 31250.0
4446 31250.0
4447 31250.0
4448 31250.0
4449 31250.0
4450 31250.0
4451 31250.0
4452 31250.0
4453 31250.0
4454 31250.0
4455 31250.0
4456 31250.0
4457 31250.0
4458 31250.0
4459 31250.0
4460 31250.0
4461 31250.0
4462 31250.0
4463 31250.0
4464 31250.0
4465 31250.0
4466 31250.0
4467 31250.0
4468 31250.0
4469 31250.0
4470 31250.0
4471 31250.0
4472 31250.0
4473 31250.0
4474 31250.0
4475 31250.0
4476 31250.0
4477 31250.0
4478 31250.0
4479 31250.0
4480 31250.0
4481 31250.0
4482 31250.0
4483 31250.0
4484 31250.0
4485 31250.0
4486 31250.0
4487 31250.0
4488 31250.0
4489 31250.0
4490 31250.0
4491 31250.0
4492 31250.0
4493 31250.0
4494 31250.0
4495 31250.0
4496 31250.0
4497 31250.0
4498 31250.0
4499 31250.0
4500 31250.0
4501 31250.0
4502 31250.0
4503 31250.0
4504 31250.0
4505 31250.0
4506 31250.0
4507 31250.0
4508 31250.0
4509 31250.0
4510 31250.0
4511 31250.0
4512 31250.0
4513 31250.0
4514 31250.0
4515 31250.0
4516 31250.0
4517 31250.0
4518 31250.0
4519 31250.0
4520 31250.0
4521 31250.0
4522 31250.0
4523 31250.0
4524 31250.0
4525 31250.0
4526 31250.0
4527 31250.0
4528 31250.0
4529 31250.0
4530 31250.0
4531 31250.0
4532 31250.0
4533 31250.0
4534 31250.0
4535 31250.0
4536 31250.0
4537 31250.0
4538 31250.0
4539 31250.0
4540 31250.0
4541 31250.0
4542 31250.0
4543 31250.0
4544 31250.0
4545 31250.0
4546 31250.0
4547 31250.0
4548 31250.0
4549 31250.0
4550 31250.0
4551 31250.0
4552 31250.0
4553 31250.0
4554 31250.0
4555 31250.0
4556 31250.0
4557 31250.0
4558 31250.0
4559 31250.0
4560 31250.0
4561 31250.0
4562 31250.0
4563 31250.0
4564 31250.0
4565 31250.0
4566 31250.0
4567 31250.0
4568 31250.0
4569 31250.0
4570 31250.0
4571 31250.0
4572 31250.0
4573 31250.0
4574 31250.0
4575 31250.0
4576 31250.0
4577 31250.0
4578 31250.0
4579 31250.0
4580 31250.0
4581 31250.0
4582 31250.0
4583 31250.0
4584 31250.0
4585 31250.0
4586 31250.0
4587 31250.0
4588 31250.0
4589 31250.0
4590 31250.0
4591 31250.0
4592 31250.0
4593 31250.0
4594 31250.0
4595 31250.0
4596 31250.0
4597 31250.0
4598 31250.0
4599 31250.0
4600 31250.0
4601 31250.0
4602 31250.0
4603 31250.0
4604 31250.0
4605 31250.0
4606 31250.0
4607 31250.0
4608 31250.0
4609 31250.0
4610 31250.0
4611 31250.0
4612 31250.0
4613 31250.0
4614 31250.0
4615 31250.0
4616 31250.0
4617 31250.0
4618 31250.0
4619 31250.0
4620 31250.0
4621 31250.0
4622 31250.0
4623 31250.0
4624 31250.0
4625 31250.0
4626 31250.0
4627 31250.0
4628 31250.0
4629 31250.0
4630 31250.0
4631 31250.0
4632 31250.0
4633 31250.0
4634 31250.0
4635 31250.0
4636 31250.0
4637 31250.0
4638 31250.0
4639 31250.0
4640 31250.0
4641 31250.0
4642 31250.0
4643 31250.0
4644 31250.0
4645 31250.0
4646 31250.0
4647 31250.0
4648 31250.0
4649 31250.0
4650 31250.0
4651 31250.0
4652 31250.0
4653 31250.0
4654 31250.0
4655 31250.0
4656 31250.0
4657 31250.0
4658 31250.0
4659 31250.0
4660 31250.0
4661 31250.0
4662 31250.0
4663 31250.0
4664 31250.0
4665 31250.0
4666 31250.0
4667 31250.0
4668 31250.0
4669 31250.0
4670 31250.0
4671 31250.0
4672 31250.0
4673 31250.0
4674 31250.0
4675 31250.0
4676 31250.0
4677 31250.0
4678 31250.0
4679 31250.0
4680 31250.0
4681 31250.0
4682 31250.0
4683 31250.0
4684 31250.0
4685 31250.0
4686 31250.0
4687 31250.0
4688 31250.0
4689 31250.0
4690 31250.0
4691 31250.0
4692 31250.0
4693 31250.0
4694 31250.0
4695 31250.0
4696 31250.0
4697 31250.0
4698 31250.0
4699 31250.0
4700 31250.0
4701 31250.0
4702 31250.0
4703 31250.0
4704 31250.0
4705 31250.0
4706 31250.0
4707 31250.0
4708 31250.0
4709 31250.0
4710 31250.0
4711 31250.0
4712 31250.0
4713 31250.0
4714 31250.0
4715 31250.0
4716 31250.0
4717 31250.0
4718 31250.0
4719 31250.0
4720 31250.0
4721 31250.0
4722 31250.0
4723 31250.0
4724 31250.0
4725 31250.0
4726 31250.0
4727 31250.0
4728 31250.0
4729 31250.0
4730 31250.0
4731 31250.0
4732 31250.0
4733 31250.0
4734 31250.0
4735 31250.0
4736 31250.0
4737 31250.0
4738 31250.0
4739 31250.0
4740 31250.0
4741 31250.0
4742 31250.0
4743 31250.0
4744 31250.0
4745 31250.0
4746 31250.0
4747 31250.0
4748 31250.0
4749 31250.0
4750 31250.0
4751 31250.0
4752 31250.0
4753 31250.0
4754 31250.0
4755 31250.0
4756 31250.0
4757 31250.0
4758 31250.0
4759 31250.0
4760 31250.0
4761 31250.0
4762 31250.0
4763 31250.0
4764 31250.0
4765 31250.0
4766 31250.0
4767 31250.0
4768 31250.0
4769 31250.0
4770 31250.0
4771 31250.0
4772 31250.0
4773 31250.0
4774 31250.0
4775 31250.0
4776 31250.0
4777 31250.0
4778 31250.0
4779 31250.0
4780 31250.0
4781 31250.0
4782 31250.0
4783 31250.0
4784 31250.0
4785 31250.0
4786 31250.0
4787 31250.0
4788 31250.0
4789 31250.0
4790 31250.0
4791 31250.0
4792 31250.0
4793 31250.0
4794 31250.0
4795 31250.0
4796 31250.0
4797 31250.0
4798 31250.0
4799 31250.0
4800 31250.0
4801 31250.0
4802 31250.0
4803 31250.0
4804 31250.0
4805 31250.0
4806 31250.0
4807 31250.0
4808 31250.0
4809 31250.0
4810 31250.0
4811 31250.0
4812 31250.0
4813 31250.0
4814 31250.0
4815 31250.0
4816 31250.0
4817 31250.0
4818 31250.0
4819 31250.0
4820 31250.0
4821 31250.0
4822 31250.0
4823 31250.0
4824 31250.0
4825 31250.0
4826 31250.0
4827 31250.0
4828 31250.0
4829 31250.0
4830 31250.0
4831 31250.0
4832 31250.0
4833 31250.0
4834 31250.0
4835 31250.0
4836 31250.0
4837 31250.0
4838 31250.0
4839 31250.0
4840 31250.0
4841 31250.0
4842 31250.0
4843 31250.0
4844 31250.0
4845 31250.0
4846 31250.0
4847 31250.0
4848 31250.0
4849 31250.0
4850 31250.0
4851 31250.0
4852 31250.0
4853 31250.0
4854 31250.0
4855 31250.0
4856 31250.0
4857 31250.0
4858 31250.0
4859 31250.0
4860 31250.0
4861 31250.0
4862 31250.0
4863 31250.0
4864 31250.0
4865 31250.0
4866 31250.0
4867 31250.0
4868 31250.0
4869 31250.0
4870 31250.0
4871 31250.0
4872 31250.0
4873 31250.0
4874 31250.0
4875 31250.0
4876 31250.0
4877 31250.0
4878 31250.0
4879 31250.0
4880 31250.0
4881 31250.0
4882 31250.0
4883 31250.0
4884 31250.0
4885 31250.0
4886 31250.0
4887 31250.0
4888 31250.0
4889 31250.0
4890 31250.0
4891 31250.0
4892 31250.0
4893 31250.0
4894 31250.0
4895 31250.0
4896 31250.0
4897 31250.0
4898 31250.0
4899 31250.0
4900 31250.0
4901 31250.0
4902 31250.0
4903 31250.0
4904 31250.0
4905 31250.0
4906 31250.0
4907 31250.0
4908 31250.0
4909 31250.0
4910 31250.0
4911 31250.0
4912 31250.0
4913 31250.0
4914 31250.0
4915 31250.0
4916 31250.0
4917 31250.0
4918 31250.0
4919 31250.0
4920 31250.0
4921 31250.0
4922 31250.0
4923 31250.0
4924 31250.0
4925 31250.0
4926 31250.0
4927 31250.0
4928 31250.0
4929 31250.0
4930 31250.0
4931 31250.0
4932 31250.0
4933 31250.0
4934 31250.0
4935 31250.0
4936 31250.0
4937 31250.0
4938 31250.0
4939 31250.0
4940 31250.0
4941 31250.0
4942 31250.0
4943 31250.0
4944 31250.0
4945 31250.0
4946 31250.0
4947 31250.0
4948 31250.0
4949 31250.0
4950 31250.0
4951 31250.0
4952 31250.0
4953 31250.0
4954 31250.0
4955 31250.0
4956 31250.0
4957 31250.0
4958 31250.0
4959 31250.0
4960 31250.0
4961 31250.0
4962 31250.0
4963 31250.0
4964 31250.0
4965 31250.0
4966 31250.0
4967 31250.0
4968 31250.0
4969 31250.0
4970 31250.0
4971 31250.0
4972 31250.0
4973 31250.0
4974 31250.0
4975 31250.0
4976 31250.0
4977 31250.0
4978 31250.0
4979 31250.0
4980 31250.0
4981 31250.0
4982 31250.0
4983 31250.0
4984 31250.0
4985 31250.0
4986 31250.0
4987 31250.0
4988 31250.0
4989 31250.0
4990 31250.0
4991 31250.0
4992 31250.0
4993 31250.0
4994 31250.0
4995 31250.0
4996 31250.0
4997 31250.0
4998 31250.0
4999 31250.0
