0 47586.0
1 47586.0
2 46365.0
3 46365.0
4 46365.0
5 46365.0
6 46365.0
7 46365.0
8 46365.0
9 46365.0
10 46365.0
11 46365.0
12 46365.0
13 46365.0
14 46365.0
15 46365.0
16 46365.0
17 46365.0
18 46365.0
19 46365.0
20 46365.0
21 46365.0
22 46365.0
23 46365.0
24 46365.0
25 46365.0
26 46365.0
27 46365.0
28 46365.0
29 46365.0
30 46365.0
31 46365.0
32 46365.0
33 46365.0
34 46365.0
35 46365.0
36 46365.0
37 46365.0
38 46365.0
39 46365.0
40 46365.0
41 46365.0
42 46365.0
43 46365.0
44 46365.0
45 46365.0
46 46365.0
47 46365.0
48 46365.0
49 46365.0
50 46365.0
51 46365.0
52 46365.0
53 46365.0
54 46365.0
55 46365.0
56 46365.0
57 46365.0
58 46365.0
59 46365.0
60 46365.0
61 46365.0
62 46365.0
63 46365.0
64 46365.0
65 46365.0
66 46365.0
67 46061.0
68 46061.0
69 46061.0
70 46061.0
71 46061.0
72 46061.0
73 46061.0
74 46061.0
75 46061.0
76 46061.0
77 46061.0
78 46061.0
79 46061.0
80 46061.0
81 46061.0
82 46061.0
83 46061.0
84 46061.0
85 46061.0
86 46061.0
87 46061.0
88 46061.0
89 46061.0
90 46061.0
91 46061.0
92 46061.0
93 46061.0
94 46061.0
95 46061.0
96 46061.0
97 46061.0
98 46061.0
99 46061.0
100 46061.0
101 46061.0
102 46061.0
103 46061.0
104 46061.0
105 46061.0
106 46061.0
107 46061.0
108 46061.0
109 46061.0
110 34281.0
111 34281.0
112 34281.0
113 34281.0
114 34281.0
115 34281.0
116 34281.0
117 34281.0
118 34281.0
119 34281.0
120 34281.0
121 34281.0
122 34281.0
123 34281.0
124 34281.0
125 34281.0
126 34281.0
127 34281.0
128 34281.0
129 34281.0
130 34281.0
131 34281.0
132 34281.0
133 34281.0
134 34281.0
135 34281.0
136 34281.0
137 34281.0
138 34281.0
139 34281.0
140 34281.0
141 34281.0
142 34281.0
143 34281.0
144 34281.0
145 34281.0
146 34281.0
147 34281.0
148 34281.0
149 34281.0
150 34281.0
151 34281.0
152 34281.0
153 34281.0
154 34281.0
155 34281.0
156 34281.0
157 34281.0
158 34281.0
159 34281.0
160 34281.0
161 34281.0
162 34281.0
163 34281.0
164 34281.0
165 34281.0
166 34281.0
167 34281.0
168 34281.0
169 34281.0
170 34281.0
171 34281.0
172 34281.0
173 34281.0
174 34281.0
175 34281.0
176 34281.0
177 34281.0
178 34281.0
179 34281.0
180 34281.0
181 34281.0
182 34281.0
183 34281.0
184 34281.0
185 34281.0
186 34281.0
187 34281.0
188 34281.0
189 34281.0
190 34281.0
191 34281.0
192 34281.0
193 34281.0
194 34281.0
195 34281.0
196 34281.0
197 34281.0
198 34281.0
199 34281.0
200 34281.0
201 34281.0
202 34281.0
203 34281.0
204 34281.0
205 34281.0
206 34281.0
207 34281.0
208 34281.0
209 34281.0
210 34281.0
211 34281.0
212 34281.0
213 34281.0
214 34281.0
215 34281.0
216 34281.0
217 34281.0
218 34281.0
219 34281.0
220 34281.0
221 34281.0
222 34281.0
223 34281.0
224 34281.0
225 34281.0
226 34281.0
227 34281.0
228 34281.0
229 34281.0
230 34281.0
231 34281.0
232 34281.0
233 34281.0
234 34281.0
235 34281.0
236 34281.0
237 34281.0
238 34281.0
239 34281.0
240 34281.0
241 34281.0
242 34281.0
243 34281.0
244 34281.0
245 34281.0
246 34281.0
247 34281.0
248 34281.0
249 34281.0
250 34281.0
251 34281.0
252 34281.0
253 34281.0
254 34281.0
255 34281.0
256 34281.0
257 34281.0
258 34281.0
259 34281.0
260 34281.0
261 34281.0
262 34281.0
263 34281.0
264 34281.0
265 34281.0
266 34281.0
267 34281.0
268 34281.0
269 34281.0
270 34281.0
271 34281.0
272 34281.0
273 34281.0
274 34281.0
275 34281.0
276 34281.0
277 34281.0
278 34281.0
279 34281.0
280 34281.0
281 34281.0
282 34281.0
283 34281.0
284 34281.0
285 34281.0
286 34281.0
287 34281.0
288 34281.0
289 34281.0
290 34281.0
291 34281.0
292 34281.0
293 34281.0
294 34281.0
295 34281.0
296 34281.0
297 34281.0
298 34281.0
299 34281.0
300 34281.0
301 34281.0
302 34281.0
303 34281.0
304 34281.0
305 34281.0
306 34281.0
307 34281.0
308 34281.0
309 34281.0
310 34281.0
311 34281.0
312 34281.0
313 34281.0
314 34281.0
315 34281.0
316 34281.0
317 34281.0
318 34281.0
319 34281.0
320 34281.0
321 34281.0
322 34281.0
323 34281.0
324 34281.0
325 34281.0
326 34281.0
327 34281.0
328 34281.0
329 34281.0
330 34281.0
331 34281.0
332 34281.0
333 34281.0
334 34281.0
335 34281.0
336 34281.0
337 34281.0
338 34281.0
339 34281.0
340 34281.0
341 34281.0
342 34281.0
343 34281.0
344 34281.0
345 34281.0
346 34281.0
347 34281.0
348 34281.0
349 34281.0
350 34281.0
351 34281.0
352 34281.0
353 34281.0
354 34281.0
355 34281.0
356 34281.0
357 34281.0
358 34281.0
359 34281.0
360 34281.0
361 34281.0
362 34281.0
363 34281.0
364 34281.0
365 34281.0
366 34281.0
367 34281.0
368 34281.0
369 34281.0
370 34281.0
371 34281.0
372 34281.0
373 34281.0
374 34281.0
375 34281.0
376 34281.0
377 34281.0
378 34281.0
379 34281.0
380 34281.0
381 34281.0
382 34281.0
383 34281.0
384 34281.0
385 34281.0
386 34281.0
387 34281.0
388 34281.0
389 34281.0
390 34281.0
391 34281.0
392 34281.0
393 34281.0
394 34281.0
395 34281.0
396 34281.0
397 34281.0
398 34281.0
399 34281.0
400 34281.0
401 34281.0
402 34281.0
403 34281.0
404 34281.0
405 34281.0
406 34281.0
407 34281.0
408 34281.0
409 34281.0
410 34281.0
411 34281.0
412 34281.0
413 34281.0
414 34281.0
415 34281.0
416 34281.0
417 34281.0
418 34281.0
419 34281.0
420 34281.0
421 34281.0
422 34281.0
423 34281.0
424 34281.0
425 34281.0
426 34281.0
427 34281.0
428 34281.0
429 34281.0
430 34281.0
431 34281.0
432 34281.0
433 34281.0
434 34281.0
435 34281.0
436 34281.0
437 34281.0
438 34281.0
439 34281.0
440 34281.0
441 34281.0
442 34281.0
443 34281.0
444 34281.0
445 34281.0
446 34281.0
447 34281.0
448 34281.0
449 34281.0
450 34281.0
451 34281.0
452 34281.0
453 34281.0
454 34281.0
455 34281.0
456 34281.0
457 34281.0
458 34281.0
459 34281.0
460 34281.0
461 34281.0
462 34281.0
463 34281.0
464 34281.0
465 34281.0
466 34281.0
467 34281.0
468 34281.0
469 34281.0
470 34281.0
471 34281.0
472 34281.0
473 34281.0
474 34281.0
475 34281.0
476 34281.0
477 34281.0
478 34281.0
479 34281.0
480 34281.0
481 34281.0
482 34281.0
483 34281.0
484 34281.0
485 34281.0
486 34281.0
487 34281.0
488 34281.0
489 34281.0
490 34281.0
491 34281.0
492 34281.0
493 34281.0
494 34281.0
495 34281.0
496 34281.0
497 34281.0
498 34281.0
499 34281.0
500 34281.0
501 34281.0
502 34281.0
503 34281.0
504 34281.0
505 34281.0
506 34281.0
507 34281.0
508 34281.0
509 34281.0
510 34281.0
511 34281.0
512 34281.0
513 34281.0
514 34281.0
515 34281.0
516 34281.0
517 34281.0
518 34281.0
519 34281.0
520 34281.0
521 34281.0
522 34281.0
523 34281.0
524 34281.0
525 34281.0
526 34281.0
527 34281.0
528 34281.0
529 34281.0
530 34281.0
531 34281.0
532 34281.0
533 34281.0
534 34281.0
535 34281.0
536 34281.0
537 34281.0
538 34281.0
539 34281.0
540 34281.0
541 34281.0
542 34281.0
543 34281.0
544 34281.0
545 34281.0
546 34281.0
547 34281.0
548 34281.0
549 34281.0
550 34281.0
551 34281.0
552 34281.0
553 34281.0
554 34281.0
555 34281.0
556 34281.0
557 34281.0
558 34281.0
559 34281.0
560 34281.0
561 34281.0
562 34281.0
563 34281.0
564 34281.0
565 34281.0
566 34281.0
567 34281.0
568 34281.0
569 34281.0
570 34281.0
571 34281.0
572 34281.0
573 34281.0
574 34281.0
575 34281.0
576 34281.0
577 34281.0
578 34281.0
579 34281.0
580 34281.0
581 34281.0
582 34281.0
583 34281.0
584 34281.0
585 34281.0
586 34281.0
587 34281.0
588 34281.0
589 34281.0
590 34281.0
591 34281.0
592 34281.0
593 34281.0
594 34281.0
595 34281.0
596 34281.0
597 34281.0
598 34281.0
599 34281.0
600 34281.0
601 34281.0
602 34281.0
603 34281.0
604 34281.0
605 34281.0
606 34281.0
607 34281.0
608 34281.0
609 34281.0
610 34281.0
611 34281.0
612 34281.0
613 34281.0
614 34281.0
615 34281.0
616 34281.0
617 34281.0
618 34281.0
619 34281.0
620 34281.0
621 34281.0
622 34281.0
623 34281.0
624 34281.0
625 34281.0
626 34281.0
627 34281.0
628 34281.0
629 34281.0
630 34281.0
631 34281.0
632 34281.0
633 34281.0
634 34281.0
635 34281.0
636 34281.0
637 34281.0
638 34281.0
639 34281.0
640 34281.0
641 34281.0
642 34281.0
643 34281.0
644 34281.0
645 34281.0
646 34281.0
647 34281.0
648 34281.0
649 34281.0
650 34281.0
651 34281.0
652 34281.0
653 34281.0
654 34281.0
655 34281.0
656 34281.0
657 34281.0
658 34281.0
659 34281.0
660 34281.0
661 34281.0
662 34281.0
663 34281.0
664 34281.0
665 34281.0
666 34281.0
667 34281.0
668 34281.0
669 34281.0
670 34281.0
671 34281.0
672 34281.0
673 34281.0
674 34281.0
675 34281.0
676 34281.0
677 34281.0
678 34281.0
679 34281.0
680 34281.0
681 34281.0
682 34281.0
683 34281.0
684 34281.0
685 34281.0
686 34281.0
687 34281.0
688 34281.0
689 34281.0
690 34281.0
691 34281.0
692 34281.0
693 34281.0
694 34281.0
695 34281.0
696 34281.0
697 34281.0
698 34281.0
699 34281.0
700 34281.0
701 34281.0
702 34281.0
703 34281.0
704 34281.0
705 34281.0
706 34281.0
707 34281.0
708 34281.0
709 34281.0
710 34281.0
711 34281.0
712 34281.0
713 34281.0
714 34281.0
715 34281.0
716 34281.0
717 34281.0
718 34281.0
719 34281.0
720 34281.0
721 34281.0
722 34281.0
723 34281.0
724 34281.0
725 34281.0
726 34281.0
727 34281.0
728 34281.0
729 34281.0
730 34281.0
731 34281.0
732 34281.0
733 34281.0
734 34281.0
735 34281.0
736 34281.0
737 34281.0
738 34281.0
739 34281.0
740 34281.0
741 34281.0
742 34281.0
743 34281.0
744 34281.0
745 34281.0
746 34281.0
747 34281.0
748 34281.0
749 34281.0
750 34281.0
751 34281.0
752 34281.0
753 34281.0
754 34281.0
755 34281.0
756 34281.0
757 34281.0
758 34281.0
759 34281.0
760 34281.0
761 34281.0
762 34281.0
763 34281.0
764 34281.0
765 34281.0
766 34281.0
767 34281.0
768 34281.0
769 34281.0
770 34281.0
771 34281.0
772 34281.0
773 34281.0
774 34281.0
775 34281.0
776 34281.0
777 34281.0
778 34281.0
779 34281.0
780 34281.0
781 34281.0
782 34281.0
783 34281.0
784 34281.0
785 34281.0
786 34281.0
787 34281.0
788 34281.0
789 34281.0
790 34281.0
791 34281.0
792 34281.0
793 34281.0
794 34281.0
795 34281.0
796 34281.0
797 34281.0
798 34281.0
799 34281.0
800 34281.0
801 34281.0
802 34281.0
803 34281.0
804 34281.0
805 34281.0
806 34281.0
807 34281.0
808 34281.0
809 34281.0
810 34281.0
811 34281.0
812 34281.0
813 34281.0
814 34281.0
815 34281.0
816 34281.0
817 34281.0
818 34281.0
819 34281.0
820 34281.0
821 34281.0
822 34281.0
823 34281.0
824 34281.0
825 34281.0
826 34281.0
827 34281.0
828 34281.0
829 34281.0
830 34281.0
831 34281.0
832 34281.0
833 34281.0
834 34281.0
835 34281.0
836 34281.0
837 34281.0
838 34281.0
839 34281.0
840 34281.0
841 34281.0
842 34281.0
843 34281.0
844 34281.0
845 34281.0
846 34281.0
847 34281.0
848 34281.0
849 34281.0
850 34281.0
851 34281.0
852 34281.0
853 34281.0
854 34281.0
855 34281.0
856 34281.0
857 34281.0
858 34281.0
859 34281.0
860 34281.0
861 34281.0
862 34281.0
863 34281.0
864 34281.0
865 34281.0
866 34281.0
867 34281.0
868 34281.0
869 34281.0
870 34281.0
871 34281.0
872 34281.0
873 34281.0
874 34281.0
875 34281.0
876 34281.0
877 34281.0
878 34281.0
879 34281.0
880 34281.0
881 34281.0
882 34281.0
883 34281.0
884 34281.0
885 34281.0
886 34281.0
887 34281.0
888 34281.0
889 34281.0
890 34281.0
891 34281.0
892 34281.0
893 34281.0
894 34281.0
895 34281.0
896 34281.0
897 34281.0
898 34281.0
899 34281.0
900 34281.0
901 34281.0
902 34281.0
903 34281.0
904 34281.0
905 34281.0
906 34281.0
907 34281.0
908 34281.0
909 34281.0
910 34281.0
911 34281.0
912 34281.0
913 34281.0
914 34281.0
915 34281.0
916 34281.0
917 34281.0
918 34281.0
919 34281.0
920 34281.0
921 34281.0
922 34281.0
923 34281.0
924 34281.0
925 34281.0
926 34281.0
927 34281.0
928 34281.0
929 34281.0
930 34281.0
931 34281.0
932 34281.0
933 34281.0
934 34281.0
935 34281.0
936 34281.0
937 34281.0
938 34281.0
939 34281.0
940 34281.0
941 34281.0
942 34281.0
943 34281.0
944 34281.0
945 34281.0
946 34281.0
947 34281.0
948 34281.0
949 34281.0
950 34281.0
951 34281.0
952 34281.0
953 34281.0
954 34281.0
955 34281.0
956 34281.0
957 34281.0
958 34281.0
959 34281.0
960 34281.0
961 34281.0
962 34281.0
963 34281.0
964 34281.0
965 34281.0
966 34281.0
967 34281.0
968 34281.0
969 34281.0
970 34281.0
971 34281.0
972 34281.0
973 34281.0
974 34281.0
975 34281.0
976 34281.0
977 34281.0
978 34281.0
979 34281.0
980 34281.0
981 34281.0
982 34281.0
983 34281.0
984 34281.0
985 34281.0
986 34281.0
987 34281.0
988 34281.0
989 34281.0
990 34281.0
991 34281.0
992 34281.0
993 34281.0
994 34281.0
995 34281.0
996 34281.0
997 34281.0
998 34281.0
999 34281.0
1000 34281.0
1001 34281.0
1002 34281.0
1003 34281.0
1004 34281.0
1005 34281.0
1006 34281.0
1007 34281.0
1008 34281.0
1009 34281.0
1010 34281.0
1011 34281.0
1012 34281.0
1013 34281.0
1014 34281.0
1015 34281.0
1016 34281.0
1017 34281.0
1018 34281.0
1019 34281.0
1020 34281.0
1021 34281.0
1022 34281.0
1023 34281.0
1024 34281.0
1025 34281.0
1026 34281.0
1027 34281.0
1028 34281.0
1029 34281.0
1030 34281.0
1031 34281.0
1032 34281.0
1033 34281.0
1034 34281.0
1035 34281.0
1036 34281.0
1037 34281.0
1038 34281.0
1039 34281.0
1040 34281.0
1041 34281.0
1042 34281.0
1043 34281.0
1044 34281.0
1045 34281.0
1046 34281.0
1047 34281.0
1048 34281.0
1049 34281.0
1050 34281.0
1051 34281.0
1052 34281.0
1053 34281.0
1054 34281.0
1055 34281.0
1056 34281.0
1057 34281.0
1058 34281.0
1059 34281.0
1060 34281.0
1061 34281.0
1062 34281.0
1063 34281.0
1064 34281.0
1065 34281.0
1066 34281.0
1067 34281.0
1068 34281.0
1069 34281.0
1070 34281.0
1071 34281.0
1072 34281.0
1073 34281.0
1074 34281.0
1075 34281.0
1076 34281.0
1077 34281.0
1078 34281.0
1079 34281.0
1080 34281.0
1081 34281.0
1082 34281.0
1083 34281.0
1084 34281.0
1085 34281.0
1086 34281.0
1087 34281.0
1088 34281.0
1089 34281.0
1090 34281.0
1091 34281.0
1092 34281.0
1093 34281.0
1094 34281.0
1095 34281.0
1096 34281.0
1097 34281.0
1098 34281.0
1099 34281.0
1100 34281.0
1101 34281.0
1102 34281.0
1103 34281.0
1104 34281.0
1105 34281.0
1106 34281.0
1107 34281.0
1108 34281.0
1109 34281.0
1110 34281.0
1111 34281.0
1112 34281.0
1113 34281.0
1114 34281.0
1115 34281.0
1116 34281.0
1117 34281.0
1118 34281.0
1119 34281.0
1120 34281.0
1121 34281.0
1122 34281.0
1123 34281.0
1124 34281.0
1125 34281.0
1126 34281.0
1127 34281.0
1128 34281.0
1129 34281.0
1130 34281.0
1131 34281.0
1132 34281.0
1133 34281.0
1134 34281.0
1135 34281.0
1136 34281.0
1137 34281.0
1138 34281.0
1139 34281.0
1140 34281.0
1141 34281.0
1142 34281.0
1143 34281.0
1144 34281.0
1145 34281.0
1146 34281.0
1147 34281.0
1148 34281.0
1149 34281.0
1150 34281.0
1151 34281.0
1152 34281.0
1153 34281.0
1154 34281.0
1155 34281.0
1156 34281.0
1157 34281.0
1158 34281.0
1159 34281.0
1160 34281.0
1161 34281.0
1162 34281.0
1163 34281.0
1164 34281.0
1165 34281.0
1166 34281.0
1167 34281.0
1168 34281.0
1169 34281.0
1170 34281.0
1171 34281.0
1172 34281.0
1173 34281.0
1174 34281.0
1175 34281.0
1176 34281.0
1177 34281.0
1178 34281.0
1179 34281.0
1180 34281.0
1181 34281.0
1182 34281.0
1183 34281.0
1184 34281.0
1185 34281.0
1186 34281.0
1187 34281.0
1188 34281.0
1189 34281.0
1190 34281.0
1191 34281.0
1192 34281.0
1193 34281.0
1194 34281.0
1195 34281.0
1196 34281.0
1197 34281.0
1198 34281.0
1199 34281.0
1200 34281.0
1201 34281.0
1202 34281.0
1203 34281.0
1204 34281.0
1205 34281.0
1206 34281.0
1207 34281.0
1208 34281.0
1209 34281.0
1210 34281.0
1211 34281.0
1212 34281.0
1213 34281.0
1214 34281.0
1215 34281.0
1216 34281.0
1217 34281.0
1218 34281.0
1219 34281.0
1220 34281.0
1221 34281.0
1222 34281.0
1223 34281.0
1224 34281.0
1225 34281.0
1226 34281.0
1227 34281.0
1228 34281.0
1229 34281.0
1230 34281.0
1231 34281.0
1232 34281.0
1233 34281.0
1234 34281.0
1235 34281.0
1236 34281.0
1237 34281.0
1238 34281.0
1239 34281.0
1240 34281.0
1241 34281.0
1242 34281.0
1243 34281.0
1244 34281.0
1245 34281.0
1246 34281.0
1247 34281.0
1248 34281.0
1249 34281.0
1250 34281.0
1251 34281.0
1252 34281.0
1253 34281.0
1254 34281.0
1255 34281.0
1256 34281.0
1257 34281.0
1258 34281.0
1259 34281.0
1260 34281.0
1261 34281.0
1262 34281.0
1263 34281.0
1264 34281.0
1265 34281.0
1266 34281.0
1267 34281.0
1268 34281.0
1269 34281.0
1270 34281.0
1271 34281.0
1272 34281.0
1273 34281.0
1274 34281.0
1275 34281.0
1276 34281.0
1277 34281.0
1278 34281.0
1279 34281.0
1280 34281.0
1281 34281.0
1282 34281.0
1283 34281.0
1284 34281.0
1285 34281.0
1286 34281.0
1287 34281.0
1288 34281.0
1289 34281.0
1290 34281.0
1291 34281.0
1292 34281.0
1293 34281.0
1294 34281.0
1295 34281.0
1296 34281.0
1297 34281.0
1298 34281.0
1299 34281.0
1300 34281.0
1301 34281.0
1302 34281.0
1303 34281.0
1304 34281.0
1305 34281.0
1306 34281.0
1307 34281.0
1308 34281.0
1309 34281.0
1310 34281.0
1311 34281.0
1312 34281.0
1313 34281.0
1314 34281.0
1315 34281.0
1316 34281.0
1317 34281.0
1318 34281.0
1319 34281.0
1320 34281.0
1321 34281.0
1322 34281.0
1323 34281.0
1324 34281.0
1325 34281.0
1326 34281.0
1327 34281.0
1328 34281.0
1329 34281.0
1330 34281.0
1331 34281.0
1332 34281.0
1333 34281.0
1334 34281.0
1335 34281.0
1336 34281.0
1337 34281.0
1338 34281.0
1339 34281.0
1340 34281.0
1341 34281.0
1342 34281.0
1343 34281.0
1344 34281.0
1345 34281.0
1346 34281.0
1347 34281.0
1348 34281.0
1349 34281.0
1350 34281.0
1351 34281.0
1352 34281.0
1353 34281.0
1354 34281.0
1355 34281.0
1356 34281.0
1357 34281.0
1358 34281.0
1359 34281.0
1360 34281.0
1361 34281.0
1362 34281.0
1363 34281.0
1364 34281.0
1365 34281.0
1366 34281.0
1367 34281.0
1368 34281.0
1369 34281.0
1370 34281.0
1371 34281.0
1372 34281.0
1373 34281.0
1374 34281.0
1375 34281.0
1376 34281.0
1377 34281.0
1378 34281.0
1379 34281.0
1380 34281.0
1381 34281.0
1382 34281.0
1383 34281.0
1384 34281.0
1385 34281.0
1386 34281.0
1387 34281.0
1388 34281.0
1389 34281.0
1390 34281.0
1391 34281.0
1392 34281.0
1393 34281.0
1394 34281.0
1395 34281.0
1396 34281.0
1397 34281.0
1398 34281.0
1399 34281.0
1400 34281.0
1401 34281.0
1402 34281.0
1403 34281.0
1404 34281.0
1405 34281.0
1406 34281.0
1407 34281.0
1408 34281.0
1409 34281.0
1410 34281.0
1411 34281.0
1412 34281.0
1413 34281.0
1414 34281.0
1415 34281.0
1416 34281.0
1417 34281.0
1418 34281.0
1419 34281.0
1420 34281.0
1421 34281.0
1422 34281.0
1423 34281.0
1424 34281.0
1425 34281.0
1426 34281.0
1427 34281.0
1428 34281.0
1429 34281.0
1430 34281.0
1431 34281.0
1432 34281.0
1433 34281.0
1434 34281.0
1435 34281.0
1436 34281.0
1437 34281.0
1438 34281.0
1439 34281.0
1440 34281.0
1441 34281.0
1442 34281.0
1443 34281.0
1444 34281.0
1445 34281.0
1446 34281.0
1447 34281.0
1448 34281.0
1449 34281.0
1450 34281.0
1451 34281.0
1452 34281.0
1453 34281.0
1454 34281.0
1455 34281.0
1456 34281.0
1457 34281.0
1458 34281.0
1459 34281.0
1460 34281.0
1461 34281.0
1462 34281.0
1463 34281.0
1464 34281.0
1465 34281.0
1466 34281.0
1467 34281.0
1468 34281.0
1469 34281.0
1470 34281.0
1471 34281.0
1472 34281.0
1473 34281.0
1474 34281.0
1475 34281.0
1476 34281.0
1477 34281.0
1478 34281.0
1479 34281.0
1480 34281.0
1481 34281.0
1482 34281.0
1483 34281.0
1484 34281.0
1485 34281.0
1486 34281.0
1487 34281.0
1488 34281.0
1489 34281.0
1490 34281.0
1491 34281.0
1492 34281.0
1493 34281.0
1494 34281.0
1495 34281.0
1496 34281.0
1497 34281.0
1498 34281.0
1499 34281.0
1500 34281.0
1501 34281.0
1502 34281.0
1503 34281.0
1504 34281.0
1505 34281.0
1506 34281.0
1507 34281.0
1508 34281.0
1509 34281.0
1510 34281.0
1511 34281.0
1512 34281.0
1513 34281.0
1514 34281.0
1515 34281.0
1516 34281.0
1517 34281.0
1518 34281.0
1519 34281.0
1520 34281.0
1521 34281.0
1522 34281.0
1523 34281.0
1524 34281.0
1525 34281.0
1526 34281.0
1527 34281.0
1528 34281.0
1529 34281.0
1530 34281.0
1531 34281.0
1532 34281.0
1533 34281.0
1534 34281.0
1535 34281.0
1536 34281.0
1537 34281.0
1538 34281.0
1539 34281.0
1540 34281.0
1541 34281.0
1542 34281.0
1543 34281.0
1544 34281.0
1545 34281.0
1546 34281.0
1547 34281.0
1548 34281.0
1549 34281.0
1550 34281.0
1551 34281.0
1552 34281.0
1553 34281.0
1554 34281.0
1555 34281.0
1556 34281.0
1557 34281.0
1558 34281.0
1559 34281.0
1560 34281.0
1561 34281.0
1562 34281.0
1563 34281.0
1564 34281.0
1565 34281.0
1566 34281.0
1567 34281.0
1568 34281.0
1569 34281.0
1570 34281.0
1571 34281.0
1572 34281.0
1573 34281.0
1574 34281.0
1575 34281.0
1576 34281.0
1577 34281.0
1578 34281.0
1579 34281.0
1580 34281.0
1581 34281.0
1582 34281.0
1583 34281.0
1584 34281.0
1585 34281.0
1586 34281.0
1587 34281.0
1588 34281.0
1589 34281.0
1590 34281.0
1591 34281.0
1592 34281.0
1593 34281.0
1594 34281.0
1595 34281.0
1596 34281.0
1597 34281.0
1598 34281.0
1599 34281.0
1600 34281.0
1601 34281.0
1602 34281.0
1603 34281.0
1604 34281.0
1605 34281.0
1606 34281.0
1607 34281.0
1608 34281.0
1609 34281.0
1610 34281.0
1611 34281.0
1612 34281.0
1613 34281.0
1614 34281.0
1615 34281.0
1616 34281.0
1617 34281.0
1618 34281.0
1619 34281.0
1620 34281.0
1621 34281.0
1622 34281.0
1623 34281.0
1624 34281.0
1625 34281.0
1626 34281.0
1627 34281.0
1628 34281.0
1629 34281.0
1630 34281.0
1631 34281.0
1632 34281.0
1633 34281.0
1634 34281.0
1635 34281.0
1636 34281.0
1637 34281.0
1638 34281.0
1639 34281.0
1640 34281.0
1641 34281.0
1642 34281.0
1643 34281.0
1644 34281.0
1645 34281.0
1646 34281.0
1647 34281.0
1648 34281.0
1649 34281.0
1650 34281.0
1651 34281.0
1652 34281.0
1653 34281.0
1654 34281.0
1655 34281.0
1656 34281.0
1657 34281.0
1658 34281.0
1659 34281.0
1660 34281.0
1661 34281.0
1662 34281.0
1663 34281.0
1664 34281.0
1665 34281.0
1666 34281.0
1667 34281.0
1668 34281.0
1669 34281.0
1670 34281.0
1671 34281.0
1672 34281.0
1673 34281.0
1674 34281.0
1675 34281.0
1676 34281.0
1677 34281.0
1678 34281.0
1679 34281.0
1680 34281.0
1681 34281.0
1682 34281.0
1683 34281.0
1684 34281.0
1685 34281.0
1686 34281.0
1687 34281.0
1688 34281.0
1689 34281.0
1690 34281.0
1691 34281.0
1692 34281.0
1693 34281.0
1694 34281.0
1695 34281.0
1696 34281.0
1697 34281.0
1698 34281.0
1699 34281.0
1700 34281.0
1701 34281.0
1702 34281.0
1703 34281.0
1704 34281.0
1705 34281.0
1706 34281.0
1707 34281.0
1708 34281.0
1709 34281.0
1710 34281.0
1711 34281.0
1712 34281.0
1713 34281.0
1714 34281.0
1715 34281.0
1716 34281.0
1717 34281.0
1718 34281.0
1719 34281.0
1720 34281.0
1721 34281.0
1722 34281.0
1723 34281.0
1724 34281.0
1725 34281.0
1726 34281.0
1727 34281.0
1728 34281.0
1729 34281.0
1730 34281.0
1731 34281.0
1732 34281.0
1733 34281.0
1734 34281.0
1735 34281.0
1736 34281.0
1737 34281.0
1738 34281.0
1739 34012.0
1740 34012.0
1741 34012.0
1742 34012.0
1743 34012.0
1744 34012.0
1745 34012.0
1746 34012.0
1747 34012.0
1748 34012.0
1749 34012.0
1750 34012.0
1751 34012.0
1752 34012.0
1753 34012.0
1754 34012.0
1755 34012.0
1756 34012.0
1757 34012.0
1758 34012.0
1759 34012.0
1760 34012.0
1761 34012.0
1762 34012.0
1763 34012.0
1764 34012.0
1765 34012.0
1766 34012.0
1767 34012.0
1768 34012.0
1769 34012.0
1770 34012.0
1771 34012.0
1772 34012.0
1773 34012.0
1774 34012.0
1775 34012.0
1776 34012.0
1777 34012.0
1778 34012.0
1779 34012.0
1780 34012.0
1781 34012.0
1782 34012.0
1783 34012.0
1784 34012.0
1785 34012.0
1786 34012.0
1787 34012.0
1788 34012.0
1789 34012.0
1790 34012.0
1791 34012.0
1792 34012.0
1793 34012.0
1794 34012.0
1795 34012.0
1796 34012.0
1797 34012.0
1798 34012.0
1799 34012.0
1800 34012.0
1801 34012.0
1802 34012.0
1803 34012.0
1804 34012.0
1805 34012.0
1806 34012.0
1807 34012.0
1808 34012.0
1809 34012.0
1810 34012.0
1811 34012.0
1812 34012.0
1813 34012.0
1814 34012.0
1815 34012.0
1816 34012.0
1817 34012.0
1818 34012.0
1819 34012.0
1820 34012.0
1821 34012.0
1822 34012.0
1823 34012.0
1824 34012.0
1825 34012.0
1826 34012.0
1827 34012.0
1828 34012.0
1829 34012.0
1830 34012.0
1831 34012.0
1832 34012.0
1833 34012.0
1834 34012.0
1835 34012.0
1836 34012.0
1837 34012.0
1838 34012.0
1839 34012.0
1840 34012.0
1841 34012.0
1842 34012.0
1843 34012.0
1844 34012.0
1845 34012.0
1846 34012.0
1847 34012.0
1848 34012.0
1849 34012.0
1850 34012.0
1851 34012.0
1852 34012.0
1853 34012.0
1854 34012.0
1855 34012.0
1856 34012.0
1857 34012.0
1858 34012.0
1859 34012.0
1860 34012.0
1861 34012.0
1862 34012.0
1863 34012.0
1864 34012.0
1865 34012.0
1866 34012.0
1867 34012.0
1868 34012.0
1869 34012.0
1870 34012.0
1871 34012.0
1872 34012.0
1873 34012.0
1874 34012.0
1875 34012.0
1876 34012.0
1877 34012.0
1878 34012.0
1879 34012.0
1880 34012.0
1881 34012.0
1882 34012.0
1883 34012.0
1884 34012.0
1885 34012.0
1886 34012.0
1887 34012.0
1888 34012.0
1889 34012.0
1890 34012.0
1891 34012.0
1892 34012.0
1893 34012.0
1894 34012.0
1895 34012.0
1896 34012.0
1897 34012.0
1898 34012.0
1899 34012.0
1900 34012.0
1901 34012.0
1902 34012.0
1903 34012.0
1904 34012.0
1905 34012.0
1906 34012.0
1907 34012.0
1908 34012.0
1909 34012.0
1910 34012.0
1911 34012.0
1912 34012.0
1913 34012.0
1914 34012.0
1915 34012.0
1916 34012.0
1917 34012.0
1918 34012.0
1919 34012.0
1920 34012.0
1921 34012.0
1922 34012.0
1923 34012.0
1924 34012.0
1925 34012.0
1926 34012.0
1927 34012.0
1928 34012.0
1929 34012.0
1930 34012.0
1931 34012.0
1932 34012.0
1933 34012.0
1934 34012.0
1935 34012.0
1936 34012.0
1937 34012.0
1938 34012.0
1939 34012.0
1940 34012.0
1941 34012.0
1942 34012.0
1943 34012.0
1944 34012.0
1945 34012.0
1946 34012.0
1947 34012.0
1948 34012.0
1949 34012.0
1950 34012.0
1951 34012.0
1952 34012.0
1953 34012.0
1954 34012.0
1955 34012.0
1956 34012.0
1957 34012.0
1958 34012.0
1959 34012.0
1960 34012.0
1961 34012.0
1962 34012.0
1963 34012.0
1964 34012.0
1965 34012.0
1966 34012.0
1967 34012.0
1968 34012.0
1969 34012.0
1970 34012.0
1971 34012.0
1972 34012.0
1973 34012.0
1974 34012.0
1975 34012.0
1976 34012.0
1977 34012.0
1978 34012.0
1979 34012.0
1980 34012.0
1981 34012.0
1982 34012.0
1983 34012.0
1984 34012.0
1985 34012.0
1986 34012.0
1987 34012.0
1988 34012.0
1989 34012.0
1990 34012.0
1991 34012.0
1992 34012.0
1993 34012.0
1994 34012.0
1995 34012.0
1996 34012.0
1997 34012.0
1998 34012.0
1999 34012.0
2000 34012.0
2001 34012.0
2002 34012.0
2003 34012.0
2004 34012.0
2005 34012.0
2006 34012.0
2007 34012.0
2008 34012.0
2009 34012.0
2010 34012.0
2011 34012.0
2012 34012.0
2013 34012.0
2014 34012.0
2015 34012.0
2016 34012.0
2017 34012.0
2018 34012.0
2019 34012.0
2020 34012.0
2021 34012.0
2022 34012.0
2023 34012.0
2024 34012.0
2025 34012.0
2026 34012.0
2027 34012.0
2028 34012.0
2029 34012.0
2030 34012.0
2031 34012.0
2032 34012.0
2033 34012.0
2034 34012.0
2035 34012.0
2036 34012.0
2037 34012.0
2038 34012.0
2039 34012.0
2040 34012.0
2041 34012.0
2042 34012.0
2043 34012.0
2044 34012.0
2045 34012.0
2046 34012.0
2047 34012.0
2048 34012.0
2049 34012.0
2050 34012.0
2051 34012.0
2052 34012.0
2053 34012.0
2054 34012.0
2055 34012.0
2056 34012.0
2057 34012.0
2058 34012.0
2059 34012.0
2060 34012.0
2061 34012.0
2062 34012.0
2063 34012.0
2064 34012.0
2065 34012.0
2066 34012.0
2067 34012.0
2068 34012.0
2069 34012.0
2070 34012.0
2071 34012.0
2072 34012.0
2073 34012.0
2074 34012.0
2075 34012.0
2076 34012.0
2077 34012.0
2078 34012.0
2079 34012.0
2080 34012.0
2081 34012.0
2082 34012.0
2083 34012.0
2084 34012.0
2085 34012.0
2086 34012.0
2087 34012.0
2088 34012.0
2089 34012.0
2090 34012.0
2091 34012.0
2092 34012.0
2093 34012.0
2094 34012.0
2095 34012.0
2096 34012.0
2097 34012.0
2098 34012.0
2099 34012.0
2100 34012.0
2101 34012.0
2102 34012.0
2103 34012.0
2104 34012.0
2105 34012.0
2106 34012.0
2107 34012.0
2108 34012.0
2109 34012.0
2110 34012.0
2111 34012.0
2112 34012.0
2113 34012.0
2114 34012.0
2115 34012.0
2116 34012.0
2117 34012.0
2118 34012.0
2119 34012.0
2120 34012.0
2121 34012.0
2122 34012.0
2123 34012.0
2124 34012.0
2125 34012.0
2126 34012.0
2127 34012.0
2128 34012.0
2129 34012.0
2130 34012.0
2131 34012.0
2132 34012.0
2133 34012.0
2134 34012.0
2135 34012.0
2136 34012.0
2137 34012.0
2138 34012.0
2139 34012.0
2140 34012.0
2141 34012.0
2142 34012.0
2143 34012.0
2144 34012.0
2145 34012.0
2146 34012.0
2147 34012.0
2148 34012.0
2149 34012.0
2150 34012.0
2151 34012.0
2152 34012.0
2153 34012.0
2154 34012.0
2155 34012.0
2156 34012.0
2157 34012.0
2158 34012.0
2159 34012.0
2160 34012.0
2161 34012.0
2162 34012.0
2163 34012.0
2164 34012.0
2165 34012.0
2166 34012.0
2167 34012.0
2168 34012.0
2169 34012.0
2170 34012.0
2171 34012.0
2172 34012.0
2173 34012.0
2174 34012.0
2175 34012.0
2176 34012.0
2177 34012.0
2178 34012.0
2179 34012.0
2180 34012.0
2181 34012.0
2182 34012.0
2183 34012.0
2184 34012.0
2185 34012.0
2186 34012.0
2187 34012.0
2188 34012.0
2189 34012.0
2190 34012.0
2191 34012.0
2192 34012.0
2193 34012.0
2194 34012.0
2195 34012.0
2196 34012.0
2197 34012.0
2198 34012.0
2199 34012.0
2200 34012.0
2201 34012.0
2202 34012.0
2203 34012.0
2204 34012.0
2205 34012.0
2206 34012.0
2207 34012.0
2208 34012.0
2209 34012.0
2210 34012.0
2211 34012.0
2212 34012.0
2213 34012.0
2214 34012.0
2215 34012.0
2216 34012.0
2217 34012.0
2218 34012.0
2219 34012.0
2220 34012.0
2221 34012.0
2222 34012.0
2223 34012.0
2224 34012.0
2225 34012.0
2226 34012.0
2227 34012.0
2228 34012.0
2229 34012.0
2230 34012.0
2231 34012.0
2232 34012.0
2233 34012.0
2234 34012.0
2235 34012.0
2236 34012.0
2237 34012.0
2238 34012.0
2239 34012.0
2240 34012.0
2241 34012.0
2242 34012.0
2243 34012.0
2244 34012.0
2245 34012.0
2246 34012.0
2247 34012.0
2248 34012.0
2249 34012.0
2250 34012.0
2251 34012.0
2252 34012.0
2253 34012.0
2254 34012.0
2255 34012.0
2256 34012.0
2257 34012.0
2258 34012.0
2259 34012.0
2260 34012.0
2261 34012.0
2262 34012.0
2263 34012.0
2264 34012.0
2265 34012.0
2266 34012.0
2267 34012.0
2268 34012.0
2269 34012.0
2270 34012.0
2271 34012.0
2272 34012.0
2273 34012.0
2274 34012.0
2275 34012.0
2276 34012.0
2277 34012.0
2278 34012.0
2279 34012.0
2280 34012.0
2281 34012.0
2282 34012.0
2283 34012.0
2284 34012.0
2285 34012.0
2286 34012.0
2287 34012.0
2288 34012.0
2289 34012.0
2290 34012.0
2291 34012.0
2292 34012.0
2293 34012.0
2294 34012.0
2295 34012.0
2296 34012.0
2297 34012.0
2298 34012.0
2299 34012.0
2300 34012.0
2301 34012.0
2302 34012.0
2303 34012.0
2304 34012.0
2305 34012.0
2306 34012.0
2307 34012.0
2308 34012.0
2309 34012.0
2310 34012.0
2311 34012.0
2312 34012.0
2313 34012.0
2314 34012.0
2315 34012.0
2316 34012.0
2317 34012.0
2318 34012.0
2319 34012.0
2320 34012.0
2321 34012.0
2322 34012.0
2323 34012.0
2324 34012.0
2325 34012.0
2326 34012.0
2327 34012.0
2328 34012.0
2329 34012.0
2330 34012.0
2331 34012.0
2332 34012.0
2333 34012.0
2334 34012.0
2335 34012.0
2336 34012.0
2337 34012.0
2338 34012.0
2339 34012.0
2340 34012.0
2341 34012.0
2342 34012.0
2343 34012.0
2344 34012.0
2345 34012.0
2346 34012.0
2347 34012.0
2348 34012.0
2349 34012.0
2350 34012.0
2351 34012.0
2352 34012.0
2353 34012.0
2354 34012.0
2355 34012.0
2356 34012.0
2357 34012.0
2358 34012.0
2359 34012.0
2360 34012.0
2361 34012.0
2362 34012.0
2363 34012.0
2364 34012.0
2365 34012.0
2366 34012.0
2367 34012.0
2368 34012.0
2369 34012.0
2370 34012.0
2371 34012.0
2372 34012.0
2373 34012.0
2374 34012.0
2375 34012.0
2376 34012.0
2377 34012.0
2378 34012.0
2379 34012.0
2380 34012.0
2381 34012.0
2382 34012.0
2383 34012.0
2384 34012.0
2385 34012.0
2386 34012.0
2387 34012.0
2388 34012.0
2389 34012.0
2390 34012.0
2391 34012.0
2392 34012.0
2393 34012.0
2394 34012.0
2395 34012.0
2396 34012.0
2397 34012.0
2398 34012.0
2399 34012.0
2400 34012.0
2401 34012.0
2402 34012.0
2403 34012.0
2404 34012.0
2405 34012.0
2406 34012.0
2407 34012.0
2408 34012.0
2409 34012.0
2410 34012.0
2411 34012.0
2412 34012.0
2413 34012.0
2414 34012.0
2415 34012.0
2416 34012.0
2417 34012.0
2418 34012.0
2419 34012.0
2420 34012.0
2421 34012.0
2422 34012.0
2423 34012.0
2424 34012.0
2425 34012.0
2426 34012.0
2427 34012.0
2428 34012.0
2429 34012.0
2430 34012.0
2431 34012.0
2432 34012.0
2433 34012.0
2434 34012.0
2435 34012.0
2436 34012.0
2437 34012.0
2438 34012.0
2439 34012.0
2440 34012.0
2441 34012.0
2442 34012.0
2443 34012.0
2444 34012.0
2445 34012.0
2446 34012.0
2447 34012.0
2448 34012.0
2449 34012.0
2450 34012.0
2451 34012.0
2452 34012.0
2453 34012.0
2454 34012.0
2455 34012.0
2456 34012.0
2457 34012.0
2458 34012.0
2459 34012.0
2460 34012.0
2461 34012.0
2462 34012.0
2463 34012.0
2464 34012.0
2465 34012.0
2466 34012.0
2467 34012.0
2468 34012.0
2469 34012.0
2470 34012.0
2471 34012.0
2472 34012.0
2473 34012.0
2474 34012.0
2475 34012.0
2476 34012.0
2477 34012.0
2478 34012.0
2479 34012.0
2480 34012.0
2481 34012.0
2482 34012.0
2483 34012.0
2484 34012.0
2485 34012.0
2486 34012.0
2487 34012.0
2488 34012.0
2489 34012.0
2490 34012.0
2491 34012.0
2492 34012.0
2493 34012.0
2494 34012.0
2495 34012.0
2496 34012.0
2497 34012.0
2498 34012.0
2499 34012.0
2500 34012.0
2501 34012.0
2502 34012.0
2503 34012.0
2504 34012.0
2505 34012.0
2506 34012.0
2507 34012.0
2508 34012.0
2509 34012.0
2510 34012.0
2511 34012.0
2512 34012.0
2513 34012.0
2514 34012.0
2515 34012.0
2516 34012.0
2517 34012.0
2518 34012.0
2519 34012.0
2520 34012.0
2521 34012.0
2522 34012.0
2523 34012.0
2524 34012.0
2525 34012.0
2526 34012.0
2527 34012.0
2528 34012.0
2529 34012.0
2530 34012.0
2531 34012.0
2532 34012.0
2533 34012.0
2534 34012.0
2535 34012.0
2536 34012.0
2537 34012.0
2538 34012.0
2539 34012.0
2540 34012.0
2541 34012.0
2542 34012.0
2543 34012.0
2544 34012.0
2545 34012.0
2546 34012.0
2547 34012.0
2548 34012.0
2549 34012.0
2550 34012.0
2551 34012.0
2552 34012.0
2553 34012.0
2554 34012.0
2555 34012.0
2556 34012.0
2557 34012.0
2558 34012.0
2559 34012.0
2560 34012.0
2561 34012.0
2562 34012.0
2563 34012.0
2564 34012.0
2565 34012.0
2566 34012.0
2567 34012.0
2568 34012.0
2569 34012.0
2570 34012.0
2571 34012.0
2572 34012.0
2573 34012.0
2574 34012.0
2575 34012.0
2576 34012.0
2577 34012.0
2578 34012.0
2579 34012.0
2580 34012.0
2581 34012.0
2582 34012.0
2583 34012.0
2584 34012.0
2585 34012.0
2586 34012.0
2587 34012.0
2588 34012.0
2589 34012.0
2590 34012.0
2591 34012.0
2592 34012.0
2593 34012.0
2594 34012.0
2595 34012.0
2596 34012.0
2597 34012.0
2598 34012.0
2599 34012.0
2600 34012.0
2601 34012.0
2602 34012.0
2603 34012.0
2604 34012.0
2605 34012.0
2606 34012.0
2607 34012.0
2608 34012.0
2609 34012.0
2610 34012.0
2611 34012.0
2612 34012.0
2613 34012.0
2614 34012.0
2615 34012.0
2616 34012.0
2617 34012.0
2618 34012.0
2619 34012.0
2620 34012.0
2621 34012.0
2622 34012.0
2623 34012.0
2624 34012.0
2625 34012.0
2626 34012.0
2627 34012.0
2628 34012.0
2629 34012.0
2630 34012.0
2631 34012.0
2632 34012.0
2633 34012.0
2634 34012.0
2635 34012.0
2636 34012.0
2637 34012.0
2638 34012.0
2639 34012.0
2640 34012.0
2641 34012.0
2642 34012.0
2643 34012.0
2644 34012.0
2645 34012.0
2646 34012.0
2647 34012.0
2648 34012.0
2649 34012.0
2650 34012.0
2651 34012.0
2652 34012.0
2653 34012.0
2654 34012.0
2655 34012.0
2656 34012.0
2657 34012.0
2658 34012.0
2659 34012.0
2660 34012.0
2661 34012.0
2662 34012.0
2663 34012.0
2664 34012.0
2665 34012.0
2666 34012.0
2667 34012.0
2668 34012.0
2669 34012.0
2670 34012.0
2671 34012.0
2672 34012.0
2673 34012.0
2674 34012.0
2675 34012.0
2676 34012.0
2677 34012.0
2678 34012.0
2679 34012.0
2680 34012.0
2681 34012.0
2682 34012.0
2683 34012.0
2684 34012.0
2685 34012.0
2686 34012.0
2687 34012.0
2688 34012.0
2689 34012.0
2690 34012.0
2691 34012.0
2692 34012.0
2693 34012.0
2694 34012.0
2695 34012.0
2696 34012.0
2697 34012.0
2698 34012.0
2699 34012.0
2700 34012.0
2701 34012.0
2702 34012.0
2703 34012.0
2704 34012.0
2705 34012.0
2706 34012.0
2707 34012.0
2708 34012.0
2709 34012.0
2710 34012.0
2711 34012.0
2712 34012.0
2713 34012.0
2714 34012.0
2715 34012.0
2716 34012.0
2717 34012.0
2718 34012.0
2719 34012.0
2720 34012.0
2721 34012.0
2722 34012.0
2723 34012.0
2724 34012.0
2725 34012.0
2726 34012.0
2727 34012.0
2728 34012.0
2729 34012.0
2730 34012.0
2731 34012.0
2732 34012.0
2733 34012.0
2734 34012.0
2735 34012.0
2736 34012.0
2737 34012.0
2738 34012.0
2739 34012.0
2740 34012.0
2741 34012.0
2742 34012.0
2743 34012.0
2744 34012.0
2745 34012.0
2746 34012.0
2747 34012.0
2748 34012.0
2749 34012.0
2750 34012.0
2751 34012.0
2752 34012.0
2753 34012.0
2754 34012.0
2755 34012.0
2756 34012.0
2757 34012.0
2758 34012.0
2759 34012.0
2760 34012.0
2761 34012.0
2762 34012.0
2763 34012.0
2764 34012.0
2765 34012.0
2766 34012.0
2767 34012.0
2768 34012.0
2769 34012.0
2770 34012.0
2771 34012.0
2772 34012.0
2773 34012.0
2774 34012.0
2775 34012.0
2776 34012.0
2777 34012.0
2778 34012.0
2779 34012.0
2780 34012.0
2781 34012.0
2782 34012.0
2783 34012.0
2784 34012.0
2785 34012.0
2786 34012.0
2787 34012.0
2788 34012.0
2789 34012.0
2790 34012.0
2791 34012.0
2792 34012.0
2793 34012.0
2794 34012.0
2795 34012.0
2796 34012.0
2797 34012.0
2798 34012.0
2799 34012.0
2800 34012.0
2801 34012.0
2802 34012.0
2803 34012.0
2804 34012.0
2805 34012.0
2806 34012.0
2807 34012.0
2808 34012.0
2809 34012.0
2810 34012.0
2811 34012.0
2812 34012.0
2813 34012.0
2814 34012.0
2815 34012.0
2816 34012.0
2817 34012.0
2818 34012.0
2819 34012.0
2820 34012.0
2821 34012.0
2822 34012.0
2823 34012.0
2824 34012.0
2825 34012.0
2826 34012.0
2827 34012.0
2828 34012.0
2829 34012.0
2830 34012.0
2831 34012.0
2832 34012.0
2833 34012.0
2834 34012.0
2835 34012.0
2836 34012.0
2837 34012.0
2838 34012.0
2839 34012.0
2840 34012.0
2841 34012.0
2842 34012.0
2843 34012.0
2844 34012.0
2845 34012.0
2846 34012.0
2847 34012.0
2848 34012.0
2849 34012.0
2850 34012.0
2851 34012.0
2852 34012.0
2853 34012.0
2854 34012.0
2855 34012.0
2856 34012.0
2857 34012.0
2858 34012.0
2859 34012.0
2860 34012.0
2861 34012.0
2862 34012.0
2863 34012.0
2864 34012.0
2865 34012.0
2866 34012.0
2867 34012.0
2868 34012.0
2869 34012.0
2870 34012.0
2871 34012.0
2872 34012.0
2873 34012.0
2874 34012.0
2875 34012.0
2876 34012.0
2877 34012.0
2878 34012.0
2879 34012.0
2880 34012.0
2881 34012.0
2882 34012.0
2883 34012.0
2884 34012.0
2885 34012.0
2886 34012.0
2887 34012.0
2888 34012.0
2889 34012.0
2890 34012.0
2891 34012.0
2892 34012.0
2893 34012.0
2894 34012.0
2895 34012.0
2896 34012.0
2897 34012.0
2898 34012.0
2899 34012.0
2900 34012.0
2901 34012.0
2902 34012.0
2903 34012.0
2904 34012.0
2905 34012.0
2906 34012.0
2907 34012.0
2908 34012.0
2909 34012.0
2910 34012.0
2911 34012.0
2912 34012.0
2913 34012.0
2914 34012.0
2915 34012.0
2916 34012.0
2917 34012.0
2918 34012.0
2919 34012.0
2920 34012.0
2921 34012.0
2922 34012.0
2923 34012.0
2924 34012.0
2925 34012.0
2926 34012.0
2927 34012.0
2928 34012.0
2929 34012.0
2930 34012.0
2931 34012.0
2932 34012.0
2933 34012.0
2934 34012.0
2935 34012.0
2936 34012.0
2937 34012.0
2938 34012.0
2939 34012.0
2940 34012.0
2941 34012.0
2942 34012.0
2943 34012.0
2944 34012.0
2945 34012.0
2946 34012.0
2947 34012.0
2948 34012.0
2949 34012.0
2950 34012.0
2951 34012.0
2952 34012.0
2953 34012.0
2954 34012.0
2955 34012.0
2956 34012.0
2957 34012.0
2958 34012.0
2959 34012.0
2960 34012.0
2961 34012.0
2962 34012.0
2963 34012.0
2964 34012.0
2965 34012.0
2966 34012.0
2967 34012.0
2968 34012.0
2969 34012.0
2970 34012.0
2971 34012.0
2972 34012.0
2973 34012.0
2974 34012.0
2975 34012.0
2976 34012.0
2977 34012.0
2978 34012.0
2979 34012.0
2980 34012.0
2981 34012.0
2982 34012.0
2983 34012.0
2984 34012.0
2985 34012.0
2986 34012.0
2987 34012.0
2988 34012.0
2989 34012.0
2990 34012.0
2991 34012.0
2992 34012.0
2993 34012.0
2994 34012.0
2995 34012.0
2996 34012.0
2997 34012.0
2998 34012.0
2999 34012.0
3000 34012.0
3001 34012.0
3002 34012.0
3003 34012.0
3004 34012.0
3005 34012.0
3006 34012.0
3007 34012.0
3008 34012.0
3009 34012.0
3010 34012.0
3011 34012.0
3012 34012.0
3013 34012.0
3014 34012.0
3015 34012.0
3016 34012.0
3017 34012.0
3018 34012.0
3019 34012.0
3020 34012.0
3021 34012.0
3022 34012.0
3023 34012.0
3024 34012.0
3025 34012.0
3026 34012.0
3027 34012.0
3028 34012.0
3029 34012.0
3030 34012.0
3031 34012.0
3032 34012.0
3033 34012.0
3034 34012.0
3035 34012.0
3036 34012.0
3037 34012.0
3038 34012.0
3039 34012.0
3040 34012.0
3041 34012.0
3042 34012.0
3043 34012.0
3044 34012.0
3045 34012.0
3046 34012.0
3047 34012.0
3048 34012.0
3049 34012.0
3050 34012.0
3051 34012.0
3052 34012.0
3053 34012.0
3054 34012.0
3055 34012.0
3056 34012.0
3057 34012.0
3058 34012.0
3059 34012.0
3060 34012.0
3061 34012.0
3062 34012.0
3063 34012.0
3064 34012.0
3065 34012.0
3066 34012.0
3067 34012.0
3068 34012.0
3069 34012.0
3070 34012.0
3071 34012.0
3072 34012.0
3073 34012.0
3074 34012.0
3075 34012.0
3076 34012.0
3077 34012.0
3078 34012.0
3079 34012.0
3080 34012.0
3081 34012.0
3082 34012.0
3083 34012.0
3084 34012.0
3085 34012.0
3086 34012.0
3087 34012.0
3088 34012.0
3089 34012.0
3090 34012.0
3091 34012.0
3092 34012.0
3093 34012.0
3094 34012.0
3095 34012.0
3096 34012.0
3097 34012.0
3098 34012.0
3099 34012.0
3100 34012.0
3101 34012.0
3102 34012.0
3103 34012.0
3104 34012.0
3105 34012.0
3106 34012.0
3107 34012.0
3108 34012.0
3109 34012.0
3110 34012.0
3111 34012.0
3112 34012.0
3113 34012.0
3114 34012.0
3115 34012.0
3116 34012.0
3117 34012.0
3118 34012.0
3119 34012.0
3120 34012.0
3121 34012.0
3122 34012.0
3123 34012.0
3124 34012.0
3125 34012.0
3126 34012.0
3127 34012.0
3128 34012.0
3129 34012.0
3130 34012.0
3131 34012.0
3132 34012.0
3133 34012.0
3134 34012.0
3135 34012.0
3136 34012.0
3137 34012.0
3138 34012.0
3139 34012.0
3140 34012.0
3141 34012.0
3142 34012.0
3143 34012.0
3144 34012.0
3145 34012.0
3146 34012.0
3147 34012.0
3148 34012.0
3149 34012.0
3150 34012.0
3151 34012.0
3152 34012.0
3153 34012.0
3154 34012.0
3155 34012.0
3156 34012.0
3157 34012.0
3158 34012.0
3159 34012.0
3160 34012.0
3161 34012.0
3162 34012.0
3163 34012.0
3164 34012.0
3165 34012.0
3166 34012.0
3167 34012.0
3168 34012.0
3169 34012.0
3170 34012.0
3171 34012.0
3172 34012.0
3173 34012.0
3174 34012.0
3175 34012.0
3176 34012.0
3177 34012.0
3178 34012.0
3179 34012.0
3180 34012.0
3181 34012.0
3182 34012.0
3183 34012.0
3184 34012.0
3185 34012.0
3186 34012.0
3187 34012.0
3188 34012.0
3189 34012.0
3190 34012.0
3191 34012.0
3192 34012.0
3193 34012.0
3194 34012.0
3195 34012.0
3196 34012.0
3197 34012.0
3198 34012.0
3199 34012.0
3200 34012.0
3201 34012.0
3202 34012.0
3203 34012.0
3204 34012.0
3205 34012.0
3206 34012.0
3207 34012.0
3208 34012.0
3209 34012.0
3210 34012.0
3211 34012.0
3212 34012.0
3213 34012.0
3214 34012.0
3215 34012.0
3216 34012.0
3217 34012.0
3218 34012.0
3219 34012.0
3220 34012.0
3221 34012.0
3222 34012.0
3223 34012.0
3224 34012.0
3225 34012.0
3226 34012.0
3227 34012.0
3228 34012.0
3229 34012.0
3230 34012.0
3231 34012.0
3232 34012.0
3233 34012.0
3234 34012.0
3235 34012.0
3236 34012.0
3237 34012.0
3238 34012.0
3239 34012.0
3240 34012.0
3241 34012.0
3242 34012.0
3243 34012.0
3244 34012.0
3245 34012.0
3246 34012.0
3247 34012.0
3248 34012.0
3249 34012.0
3250 34012.0
3251 34012.0
3252 34012.0
3253 34012.0
3254 34012.0
3255 34012.0
3256 34012.0
3257 34012.0
3258 34012.0
3259 34012.0
3260 34012.0
3261 34012.0
3262 34012.0
3263 34012.0
3264 34012.0
3265 34012.0
3266 34012.0
3267 34012.0
3268 34012.0
3269 34012.0
3270 34012.0
3271 34012.0
3272 34012.0
3273 34012.0
3274 34012.0
3275 34012.0
3276 34012.0
3277 34012.0
3278 34012.0
3279 34012.0
3280 34012.0
3281 34012.0
3282 34012.0
3283 34012.0
3284 34012.0
3285 34012.0
3286 34012.0
3287 34012.0
3288 34012.0
3289 34012.0
3290 34012.0
3291 34012.0
3292 34012.0
3293 34012.0
3294 34012.0
3295 34012.0
3296 34012.0
3297 34012.0
3298 34012.0
3299 34012.0
3300 34012.0
3301 34012.0
3302 34012.0
3303 34012.0
3304 34012.0
3305 34012.0
3306 34012.0
3307 34012.0
3308 34012.0
3309 34012.0
3310 34012.0
3311 34012.0
3312 34012.0
3313 34012.0
3314 34012.0
3315 34012.0
3316 34012.0
3317 34012.0
3318 34012.0
3319 34012.0
3320 34012.0
3321 34012.0
3322 34012.0
3323 34012.0
3324 34012.0
3325 34012.0
3326 34012.0
3327 34012.0
3328 34012.0
3329 34012.0
3330 34012.0
3331 34012.0
3332 34012.0
3333 34012.0
3334 34012.0
3335 34012.0
3336 34012.0
3337 34012.0
3338 34012.0
3339 34012.0
3340 34012.0
3341 34012.0
3342 34012.0
3343 34012.0
3344 34012.0
3345 34012.0
3346 34012.0
3347 34012.0
3348 34012.0
3349 34012.0
3350 34012.0
3351 34012.0
3352 34012.0
3353 34012.0
3354 34012.0
3355 34012.0
3356 34012.0
3357 34012.0
3358 34012.0
3359 34012.0
3360 34012.0
3361 34012.0
3362 34012.0
3363 34012.0
3364 34012.0
3365 34012.0
3366 34012.0
3367 34012.0
3368 34012.0
3369 34012.0
3370 34012.0
3371 34012.0
3372 34012.0
3373 34012.0
3374 34012.0
3375 34012.0
3376 34012.0
3377 34012.0
3378 34012.0
3379 34012.0
3380 34012.0
3381 34012.0
3382 34012.0
3383 34012.0
3384 34012.0
3385 34012.0
3386 34012.0
3387 34012.0
3388 34012.0
3389 34012.0
3390 34012.0
3391 34012.0
3392 34012.0
3393 34012.0
3394 34012.0
3395 34012.0
3396 34012.0
3397 34012.0
3398 34012.0
3399 34012.0
3400 34012.0
3401 34012.0
3402 34012.0
3403 34012.0
3404 34012.0
3405 34012.0
3406 34012.0
3407 34012.0
3408 34012.0
3409 34012.0
3410 34012.0
3411 34012.0
3412 34012.0
3413 34012.0
3414 34012.0
3415 34012.0
3416 34012.0
3417 34012.0
3418 34012.0
3419 34012.0
3420 34012.0
3421 34012.0
3422 34012.0
3423 34012.0
3424 34012.0
3425 34012.0
3426 34012.0
3427 34012.0
3428 34012.0
3429 34012.0
3430 34012.0
3431 34012.0
3432 34012.0
3433 34012.0
3434 34012.0
3435 34012.0
3436 34012.0
3437 34012.0
3438 34012.0
3439 34012.0
3440 34012.0
3441 34012.0
3442 34012.0
3443 34012.0
3444 34012.0
3445 34012.0
3446 34012.0
3447 34012.0
3448 34012.0
3449 34012.0
3450 34012.0
3451 34012.0
3452 34012.0
3453 34012.0
3454 34012.0
3455 34012.0
3456 34012.0
3457 34012.0
3458 34012.0
3459 34012.0
3460 34012.0
3461 34012.0
3462 34012.0
3463 34012.0
3464 34012.0
3465 34012.0
3466 34012.0
3467 34012.0
3468 34012.0
3469 34012.0
3470 34012.0
3471 34012.0
3472 34012.0
3473 34012.0
3474 34012.0
3475 34012.0
3476 34012.0
3477 34012.0
3478 34012.0
3479 34012.0
3480 34012.0
3481 34012.0
3482 34012.0
3483 34012.0
3484 34012.0
3485 34012.0
3486 34012.0
3487 34012.0
3488 34012.0
3489 34012.0
3490 34012.0
3491 34012.0
3492 34012.0
3493 34012.0
3494 34012.0
3495 34012.0
3496 34012.0
3497 34012.0
3498 34012.0
3499 34012.0
3500 34012.0
3501 34012.0
3502 34012.0
3503 34012.0
3504 34012.0
3505 34012.0
3506 34012.0
3507 34012.0
3508 34012.0
3509 34012.0
3510 34012.0
3511 34012.0
3512 34012.0
3513 34012.0
3514 34012.0
3515 34012.0
3516 34012.0
3517 34012.0
3518 34012.0
3519 34012.0
3520 34012.0
3521 34012.0
3522 34012.0
3523 34012.0
3524 34012.0
3525 34012.0
3526 34012.0
3527 34012.0
3528 34012.0
3529 34012.0
3530 34012.0
3531 34012.0
3532 34012.0
3533 34012.0
3534 34012.0
3535 34012.0
3536 34012.0
3537 34012.0
3538 34012.0
3539 34012.0
3540 34012.0
3541 34012.0
3542 34012.0
3543 34012.0
3544 34012.0
3545 34012.0
3546 34012.0
3547 34012.0
3548 34012.0
3549 34012.0
3550 34012.0
3551 34012.0
3552 34012.0
3553 34012.0
3554 34012.0
3555 34012.0
3556 34012.0
3557 34012.0
3558 34012.0
3559 34012.0
3560 34012.0
3561 34012.0
3562 34012.0
3563 34012.0
3564 34012.0
3565 34012.0
3566 34012.0
3567 34012.0
3568 34012.0
3569 34012.0
3570 34012.0
3571 34012.0
3572 34012.0
3573 34012.0
3574 34012.0
3575 34012.0
3576 34012.0
3577 34012.0
3578 34012.0
3579 34012.0
3580 34012.0
3581 34012.0
3582 34012.0
3583 34012.0
3584 34012.0
3585 34012.0
3586 34012.0
3587 34012.0
3588 34012.0
3589 34012.0
3590 34012.0
3591 34012.0
3592 34012.0
3593 34012.0
3594 34012.0
3595 34012.0
3596 34012.0
3597 34012.0
3598 34012.0
3599 34012.0
3600 34012.0
3601 34012.0
3602 34012.0
3603 34012.0
3604 34012.0
3605 34012.0
3606 34012.0
3607 34012.0
3608 34012.0
3609 34012.0
3610 34012.0
3611 34012.0
3612 34012.0
3613 34012.0
3614 34012.0
3615 34012.0
3616 34012.0
3617 34012.0
3618 34012.0
3619 34012.0
3620 34012.0
3621 34012.0
3622 34012.0
3623 34012.0
3624 34012.0
3625 34012.0
3626 34012.0
3627 34012.0
3628 34012.0
3629 34012.0
3630 34012.0
3631 34012.0
3632 34012.0
3633 34012.0
3634 34012.0
3635 34012.0
3636 34012.0
3637 34012.0
3638 34012.0
3639 34012.0
3640 34012.0
3641 34012.0
3642 34012.0
3643 34012.0
3644 34012.0
3645 34012.0
3646 34012.0
3647 34012.0
3648 34012.0
3649 34012.0
3650 34012.0
3651 34012.0
3652 34012.0
3653 34012.0
3654 34012.0
3655 34012.0
3656 34012.0
3657 34012.0
3658 34012.0
3659 34012.0
3660 34012.0
3661 34012.0
3662 34012.0
3663 34012.0
3664 34012.0
3665 34012.0
3666 34012.0
3667 34012.0
3668 34012.0
3669 34012.0
3670 34012.0
3671 34012.0
3672 34012.0
3673 34012.0
3674 34012.0
3675 34012.0
3676 34012.0
3677 34012.0
3678 34012.0
3679 34012.0
3680 34012.0
3681 34012.0
3682 34012.0
3683 34012.0
3684 34012.0
3685 34012.0
3686 34012.0
3687 34012.0
3688 34012.0
3689 34012.0
3690 34012.0
3691 34012.0
3692 34012.0
3693 34012.0
3694 34012.0
3695 34012.0
3696 34012.0
3697 34012.0
3698 34012.0
3699 34012.0
3700 34012.0
3701 34012.0
3702 34012.0
3703 34012.0
3704 34012.0
3705 34012.0
3706 34012.0
3707 34012.0
3708 34012.0
3709 34012.0
3710 34012.0
3711 34012.0
3712 34012.0
3713 34012.0
3714 34012.0
3715 34012.0
3716 34012.0
3717 34012.0
3718 34012.0
3719 34012.0
3720 34012.0
3721 34012.0
3722 34012.0
3723 34012.0
3724 34012.0
3725 34012.0
3726 34012.0
3727 34012.0
3728 34012.0
3729 34012.0
3730 34012.0
3731 34012.0
3732 34012.0
3733 34012.0
3734 34012.0
3735 34012.0
3736 34012.0
3737 34012.0
3738 34012.0
3739 34012.0
3740 34012.0
3741 34012.0
3742 34012.0
3743 34012.0
3744 34012.0
3745 34012.0
3746 34012.0
3747 34012.0
3748 34012.0
3749 34012.0
3750 34012.0
3751 34012.0
3752 34012.0
3753 34012.0
3754 34012.0
3755 34012.0
3756 34012.0
3757 34012.0
3758 34012.0
3759 34012.0
3760 34012.0
3761 34012.0
3762 34012.0
3763 34012.0
3764 34012.0
3765 34012.0
3766 34012.0
3767 34012.0
3768 34012.0
3769 34012.0
3770 34012.0
3771 34012.0
3772 34012.0
3773 34012.0
3774 34012.0
3775 34012.0
3776 34012.0
3777 34012.0
3778 34012.0
3779 34012.0
3780 34012.0
3781 34012.0
3782 34012.0
3783 34012.0
3784 34012.0
3785 34012.0
3786 34012.0
3787 34012.0
3788 34012.0
3789 34012.0
3790 34012.0
3791 34012.0
3792 34012.0
3793 34012.0
3794 34012.0
3795 34012.0
3796 34012.0
3797 34012.0
3798 34012.0
3799 34012.0
3800 34012.0
3801 34012.0
3802 34012.0
3803 34012.0
3804 34012.0
3805 34012.0
3806 34012.0
3807 34012.0
3808 34012.0
3809 34012.0
3810 34012.0
3811 34012.0
3812 34012.0
3813 34012.0
3814 34012.0
3815 34012.0
3816 34012.0
3817 34012.0
3818 34012.0
3819 34012.0
3820 34012.0
3821 34012.0
3822 34012.0
3823 34012.0
3824 34012.0
3825 34012.0
3826 34012.0
3827 34012.0
3828 34012.0
3829 34012.0
3830 34012.0
3831 34012.0
3832 34012.0
3833 34012.0
3834 34012.0
3835 34012.0
3836 34012.0
3837 34012.0
3838 34012.0
3839 34012.0
3840 34012.0
3841 34012.0
3842 34012.0
3843 34012.0
3844 34012.0
3845 34012.0
3846 34012.0
3847 34012.0
3848 34012.0
3849 34012.0
3850 34012.0
3851 34012.0
3852 34012.0
3853 34012.0
3854 34012.0
3855 34012.0
3856 34012.0
3857 34012.0
3858 34012.0
3859 34012.0
3860 34012.0
3861 34012.0
3862 34012.0
3863 34012.0
3864 34012.0
3865 34012.0
3866 34012.0
3867 34012.0
3868 34012.0
3869 34012.0
3870 34012.0
3871 34012.0
3872 34012.0
3873 34012.0
3874 34012.0
3875 34012.0
3876 34012.0
3877 34012.0
3878 34012.0
3879 34012.0
3880 34012.0
3881 34012.0
3882 34012.0
3883 34012.0
3884 34012.0
3885 34012.0
3886 34012.0
3887 34012.0
3888 34012.0
3889 34012.0
3890 34012.0
3891 34012.0
3892 34012.0
3893 34012.0
3894 34012.0
3895 34012.0
3896 34012.0
3897 34012.0
3898 34012.0
3899 34012.0
3900 34012.0
3901 34012.0
3902 34012.0
3903 34012.0
3904 34012.0
3905 34012.0
3906 34012.0
3907 34012.0
3908 34012.0
3909 34012.0
3910 34012.0
3911 34012.0
3912 34012.0
3913 34012.0
3914 34012.0
3915 34012.0
3916 34012.0
3917 34012.0
3918 34012.0
3919 34012.0
3920 34012.0
3921 34012.0
3922 34012.0
3923 34012.0
3924 34012.0
3925 34012.0
3926 34012.0
3927 34012.0
3928 34012.0
3929 34012.0
3930 34012.0
3931 34012.0
3932 34012.0
3933 34012.0
3934 34012.0
3935 34012.0
3936 34012.0
3937 34012.0
3938 34012.0
3939 34012.0
3940 34012.0
3941 34012.0
3942 34012.0
3943 34012.0
3944 34012.0
3945 34012.0
3946 34012.0
3947 34012.0
3948 34012.0
3949 34012.0
3950 34012.0
3951 34012.0
3952 34012.0
3953 34012.0
3954 34012.0
3955 34012.0
3956 34012.0
3957 34012.0
3958 34012.0
3959 34012.0
3960 34012.0
3961 34012.0
3962 34012.0
3963 34012.0
3964 34012.0
3965 34012.0
3966 34012.0
3967 34012.0
3968 34012.0
3969 34012.0
3970 34012.0
3971 34012.0
3972 34012.0
3973 34012.0
3974 34012.0
3975 34012.0
3976 34012.0
3977 34012.0
3978 34012.0
3979 34012.0
3980 34012.0
3981 34012.0
3982 34012.0
3983 34012.0
3984 34012.0
3985 34012.0
3986 34012.0
3987 34012.0
3988 34012.0
3989 34012.0
3990 34012.0
3991 34012.0
3992 34012.0
3993 34012.0
3994 34012.0
3995 34012.0
3996 34012.0
3997 34012.0
3998 34012.0
3999 34012.0
4000 34012.0
4001 34012.0
4002 34012.0
4003 34012.0
4004 34012.0
4005 34012.0
4006 34012.0
4007 34012.0
4008 34012.0
4009 34012.0
4010 34012.0
4011 34012.0
4012 34012.0
4013 34012.0
4014 34012.0
4015 34012.0
4016 34012.0
4017 34012.0
4018 34012.0
4019 34012.0
4020 34012.0
4021 34012.0
4022 34012.0
4023 34012.0
4024 34012.0
4025 34012.0
4026 34012.0
4027 34012.0
4028 34012.0
4029 34012.0
4030 34012.0
4031 34012.0
4032 34012.0
4033 34012.0
4034 34012.0
4035 34012.0
4036 34012.0
4037 34012.0
4038 34012.0
4039 34012.0
4040 34012.0
4041 34012.0
4042 34012.0
4043 34012.0
4044 34012.0
4045 34012.0
4046 34012.0
4047 34012.0
4048 34012.0
4049 34012.0
4050 34012.0
4051 34012.0
4052 34012.0
4053 34012.0
4054 34012.0
4055 34012.0
4056 34012.0
4057 34012.0
4058 34012.0
4059 34012.0
4060 34012.0
4061 34012.0
4062 34012.0
4063 34012.0
4064 34012.0
4065 34012.0
4066 34012.0
4067 34012.0
4068 34012.0
4069 34012.0
4070 34012.0
4071 34012.0
4072 34012.0
4073 34012.0
4074 34012.0
4075 34012.0
4076 34012.0
4077 34012.0
4078 34012.0
4079 34012.0
4080 34012.0
4081 34012.0
4082 34012.0
4083 34012.0
4084 34012.0
4085 34012.0
4086 34012.0
4087 34012.0
4088 34012.0
4089 34012.0
4090 34012.0
4091 34012.0
4092 34012.0
4093 34012.0
4094 34012.0
4095 34012.0
4096 34012.0
4097 34012.0
4098 34012.0
4099 34012.0
4100 34012.0
4101 34012.0
4102 34012.0
4103 34012.0
4104 34012.0
4105 34012.0
4106 34012.0
4107 34012.0
4108 34012.0
4109 34012.0
4110 34012.0
4111 34012.0
4112 34012.0
4113 34012.0
4114 34012.0
4115 34012.0
4116 34012.0
4117 34012.0
4118 34012.0
4119 34012.0
4120 34012.0
4121 34012.0
4122 34012.0
4123 34012.0
4124 34012.0
4125 34012.0
4126 34012.0
4127 34012.0
4128 34012.0
4129 34012.0
4130 34012.0
4131 34012.0
4132 34012.0
4133 34012.0
4134 34012.0
4135 34012.0
4136 34012.0
4137 34012.0
4138 34012.0
4139 34012.0
4140 34012.0
4141 34012.0
4142 34012.0
4143 34012.0
4144 34012.0
4145 34012.0
4146 34012.0
4147 34012.0
4148 34012.0
4149 34012.0
4150 34012.0
4151 34012.0
4152 34012.0
4153 34012.0
4154 34012.0
4155 34012.0
4156 34012.0
4157 34012.0
4158 34012.0
4159 34012.0
4160 34012.0
4161 34012.0
4162 34012.0
4163 34012.0
4164 34012.0
4165 34012.0
4166 34012.0
4167 34012.0
4168 34012.0
4169 34012.0
4170 34012.0
4171 34012.0
4172 34012.0
4173 34012.0
4174 34012.0
4175 34012.0
4176 34012.0
4177 34012.0
4178 34012.0
4179 34012.0
4180 34012.0
4181 34012.0
4182 34012.0
4183 34012.0
4184 34012.0
4185 34012.0
4186 34012.0
4187 34012.0
4188 34012.0
4189 34012.0
4190 34012.0
4191 34012.0
4192 34012.0
4193 34012.0
4194 34012.0
4195 34012.0
4196 34012.0
4197 34012.0
4198 34012.0
4199 34012.0
4200 34012.0
4201 34012.0
4202 34012.0
4203 34012.0
4204 34012.0
4205 34012.0
4206 34012.0
4207 34012.0
4208 34012.0
4209 34012.0
4210 34012.0
4211 34012.0
4212 34012.0
4213 34012.0
4214 34012.0
4215 34012.0
4216 34012.0
4217 34012.0
4218 34012.0
4219 34012.0
4220 34012.0
4221 34012.0
4222 34012.0
4223 34012.0
4224 34012.0
4225 34012.0
4226 34012.0
4227 34012.0
4228 34012.0
4229 34012.0
4230 34012.0
4231 34012.0
4232 34012.0
4233 34012.0
4234 34012.0
4235 34012.0
4236 34012.0
4237 34012.0
4238 34012.0
4239 34012.0
4240 34012.0
4241 34012.0
4242 34012.0
4243 34012.0
4244 34012.0
4245 34012.0
4246 34012.0
4247 34012.0
4248 34012.0
4249 34012.0
4250 34012.0
4251 34012.0
4252 34012.0
4253 34012.0
4254 34012.0
4255 34012.0
4256 34012.0
4257 34012.0
4258 34012.0
4259 34012.0
4260 34012.0
4261 34012.0
4262 34012.0
4263 34012.0
4264 34012.0
4265 34012.0
4266 34012.0
4267 34012.0
4268 34012.0
4269 34012.0
4270 34012.0
4271 34012.0
4272 34012.0
4273 34012.0
4274 34012.0
4275 34012.0
4276 34012.0
4277 34012.0
4278 34012.0
4279 34012.0
4280 34012.0
4281 34012.0
4282 34012.0
4283 34012.0
4284 34012.0
4285 34012.0
4286 34012.0
4287 34012.0
4288 34012.0
4289 34012.0
4290 34012.0
4291 34012.0
4292 34012.0
4293 34012.0
4294 34012.0
4295 34012.0
4296 34012.0
4297 34012.0
4298 34012.0
4299 34012.0
4300 34012.0
4301 34012.0
4302 34012.0
4303 34012.0
4304 34012.0
4305 34012.0
4306 34012.0
4307 34012.0
4308 34012.0
4309 34012.0
4310 34012.0
4311 34012.0
4312 34012.0
4313 34012.0
4314 34012.0
4315 34012.0
4316 34012.0
4317 34012.0
4318 34012.0
4319 34012.0
4320 34012.0
4321 34012.0
4322 34012.0
4323 34012.0
4324 34012.0
4325 34012.0
4326 34012.0
4327 34012.0
4328 34012.0
4329 34012.0
4330 34012.0
4331 34012.0
4332 34012.0
4333 34012.0
4334 34012.0
4335 34012.0
4336 34012.0
4337 34012.0
4338 34012.0
4339 34012.0
4340 34012.0
4341 34012.0
4342 34012.0
4343 34012.0
4344 34012.0
4345 34012.0
4346 34012.0
4347 34012.0
4348 34012.0
4349 34012.0
4350 34012.0
4351 34012.0
4352 34012.0
4353 34012.0
4354 34012.0
4355 34012.0
4356 34012.0
4357 34012.0
4358 34012.0
4359 34012.0
4360 34012.0
4361 34012.0
4362 34012.0
4363 34012.0
4364 34012.0
4365 34012.0
4366 34012.0
4367 34012.0
4368 34012.0
4369 34012.0
4370 34012.0
4371 34012.0
4372 34012.0
4373 34012.0
4374 34012.0
4375 34012.0
4376 34012.0
4377 34012.0
4378 34012.0
4379 34012.0
4380 34012.0
4381 34012.0
4382 34012.0
4383 34012.0
4384 34012.0
4385 34012.0
4386 34012.0
4387 34012.0
4388 34012.0
4389 34012.0
4390 34012.0
4391 34012.0
4392 34012.0
4393 34012.0
4394 34012.0
4395 34012.0
4396 34012.0
4397 34012.0
4398 34012.0
4399 34012.0
4400 34012.0
4401 34012.0
4402 34012.0
4403 34012.0
4404 34012.0
4405 34012.0
4406 34012.0
4407 34012.0
4408 34012.0
4409 34012.0
4410 34012.0
4411 34012.0
4412 34012.0
4413 34012.0
4414 34012.0
4415 34012.0
4416 34012.0
4417 34012.0
4418 34012.0
4419 34012.0
4420 34012.0
4421 34012.0
4422 34012.0
4423 34012.0
4424 34012.0
4425 34012.0
4426 34012.0
4427 34012.0
4428 34012.0
4429 34012.0
4430 34012.0
4431 34012.0
4432 34012.0
4433 34012.0
4434 34012.0
4435 34012.0
4436 34012.0
4437 34012.0
4438 34012.0
4439 34012.0
4440 34012.0
4441 34012.0
4442 34012.0
4443 34012.0
4444 34012.0
4445 34012.0
4446 34012.0
4447 34012.0
4448 34012.0
4449 34012.0
4450 34012.0
4451 34012.0
4452 34012.0
4453 34012.0
4454 34012.0
4455 34012.0
4456 34012.0
4457 34012.0
4458 34012.0
4459 34012.0
4460 34012.0
4461 34012.0
4462 34012.0
4463 34012.0
4464 34012.0
4465 34012.0
4466 34012.0
4467 34012.0
4468 34012.0
4469 34012.0
4470 34012.0
4471 34012.0
4472 34012.0
4473 34012.0
4474 34012.0
4475 34012.0
4476 34012.0
4477 34012.0
4478 34012.0
4479 34012.0
4480 34012.0
4481 34012.0
4482 34012.0
4483 34012.0
4484 34012.0
4485 34012.0
4486 34012.0
4487 34012.0
4488 34012.0
4489 34012.0
4490 34012.0
4491 34012.0
4492 34012.0
4493 34012.0
4494 34012.0
4495 34012.0
4496 34012.0
4497 34012.0
4498 34012.0
4499 34012.0
4500 34012.0
4501 34012.0
4502 34012.0
4503 34012.0
4504 34012.0
4505 34012.0
4506 34012.0
4507 34012.0
4508 34012.0
4509 34012.0
4510 34012.0
4511 34012.0
4512 34012.0
4513 34012.0
4514 34012.0
4515 34012.0
4516 34012.0
4517 34012.0
4518 34012.0
4519 34012.0
4520 34012.0
4521 34012.0
4522 34012.0
4523 34012.0
4524 34012.0
4525 34012.0
4526 34012.0
4527 34012.0
4528 34012.0
4529 34012.0
4530 34012.0
4531 34012.0
4532 34012.0
4533 34012.0
4534 34012.0
4535 34012.0
4536 34012.0
4537 34012.0
4538 34012.0
4539 34012.0
4540 34012.0
4541 34012.0
4542 34012.0
4543 34012.0
4544 34012.0
4545 34012.0
4546 34012.0
4547 34012.0
4548 34012.0
4549 34012.0
4550 34012.0
4551 34012.0
4552 34012.0
4553 34012.0
4554 34012.0
4555 34012.0
4556 34012.0
4557 34012.0
4558 34012.0
4559 34012.0
4560 34012.0
4561 34012.0
4562 34012.0
4563 34012.0
4564 34012.0
4565 34012.0
4566 34012.0
4567 34012.0
4568 34012.0
4569 34012.0
4570 34012.0
4571 34012.0
4572 34012.0
4573 34012.0
4574 34012.0
4575 34012.0
4576 34012.0
4577 34012.0
4578 34012.0
4579 34012.0
4580 34012.0
4581 34012.0
4582 34012.0
4583 34012.0
4584 34012.0
4585 34012.0
4586 34012.0
4587 34012.0
4588 34012.0
4589 34012.0
4590 34012.0
4591 34012.0
4592 34012.0
4593 34012.0
4594 34012.0
4595 34012.0
4596 34012.0
4597 34012.0
4598 34012.0
4599 34012.0
4600 34012.0
4601 34012.0
4602 34012.0
4603 34012.0
4604 34012.0
4605 34012.0
4606 34012.0
4607 34012.0
4608 34012.0
4609 34012.0
4610 34012.0
4611 34012.0
4612 34012.0
4613 34012.0
4614 34012.0
4615 34012.0
4616 34012.0
4617 34012.0
4618 34012.0
4619 34012.0
4620 34012.0
4621 34012.0
4622 34012.0
4623 34012.0
4624 34012.0
4625 34012.0
4626 34012.0
4627 34012.0
4628 34012.0
4629 34012.0
4630 34012.0
4631 34012.0
4632 34012.0
4633 34012.0
4634 34012.0
4635 34012.0
4636 34012.0
4637 34012.0
4638 34012.0
4639 34012.0
4640 34012.0
4641 34012.0
4642 34012.0
4643 34012.0
4644 34012.0
4645 34012.0
4646 34012.0
4647 34012.0
4648 34012.0
4649 34012.0
4650 34012.0
4651 34012.0
4652 34012.0
4653 34012.0
4654 34012.0
4655 34012.0
4656 34012.0
4657 34012.0
4658 34012.0
4659 34012.0
4660 34012.0
4661 34012.0
4662 34012.0
4663 34012.0
4664 34012.0
4665 34012.0
4666 34012.0
4667 34012.0
4668 34012.0
4669 34012.0
4670 34012.0
4671 34012.0
4672 34012.0
4673 34012.0
4674 34012.0
4675 34012.0
4676 34012.0
4677 34012.0
4678 34012.0
4679 34012.0
4680 34012.0
4681 34012.0
4682 34012.0
4683 34012.0
4684 34012.0
4685 34012.0
4686 34012.0
4687 34012.0
4688 34012.0
4689 34012.0
4690 34012.0
4691 34012.0
4692 34012.0
4693 34012.0
4694 34012.0
4695 34012.0
4696 34012.0
4697 34012.0
4698 34012.0
4699 34012.0
4700 34012.0
4701 34012.0
4702 34012.0
4703 34012.0
4704 34012.0
4705 34012.0
4706 34012.0
4707 34012.0
4708 34012.0
4709 34012.0
4710 34012.0
4711 34012.0
4712 34012.0
4713 34012.0
4714 34012.0
4715 34012.0
4716 34012.0
4717 34012.0
4718 34012.0
4719 34012.0
4720 34012.0
4721 34012.0
4722 34012.0
4723 34012.0
4724 34012.0
4725 34012.0
4726 34012.0
4727 34012.0
4728 34012.0
4729 34012.0
4730 34012.0
4731 34012.0
4732 34012.0
4733 34012.0
4734 34012.0
4735 34012.0
4736 34012.0
4737 34012.0
4738 34012.0
4739 34012.0
4740 34012.0
4741 34012.0
4742 34012.0
4743 34012.0
4744 34012.0
4745 34012.0
4746 34012.0
4747 34012.0
4748 34012.0
4749 34012.0
4750 34012.0
4751 34012.0
4752 34012.0
4753 34012.0
4754 34012.0
4755 34012.0
4756 34012.0
4757 34012.0
4758 34012.0
4759 34012.0
4760 34012.0
4761 34012.0
4762 34012.0
4763 34012.0
4764 34012.0
4765 34012.0
4766 34012.0
4767 34012.0
4768 34012.0
4769 34012.0
4770 34012.0
4771 34012.0
4772 34012.0
4773 34012.0
4774 34012.0
4775 34012.0
4776 34012.0
4777 34012.0
4778 34012.0
4779 34012.0
4780 34012.0
4781 34012.0
4782 34012.0
4783 34012.0
4784 34012.0
4785 34012.0
4786 34012.0
4787 34012.0
4788 34012.0
4789 34012.0
4790 34012.0
4791 34012.0
4792 34012.0
4793 34012.0
4794 34012.0
4795 34012.0
4796 34012.0
4797 34012.0
4798 34012.0
4799 34012.0
4800 34012.0
4801 34012.0
4802 34012.0
4803 34012.0
4804 34012.0
4805 34012.0
4806 34012.0
4807 34012.0
4808 34012.0
4809 34012.0
4810 34012.0
4811 34012.0
4812 34012.0
4813 34012.0
4814 34012.0
4815 34012.0
4816 34012.0
4817 34012.0
4818 34012.0
4819 34012.0
4820 34012.0
4821 34012.0
4822 34012.0
4823 34012.0
4824 34012.0
4825 34012.0
4826 34012.0
4827 34012.0
4828 34012.0
4829 34012.0
4830 34012.0
4831 34012.0
4832 34012.0
4833 34012.0
4834 34012.0
4835 34012.0
4836 34012.0
4837 34012.0
4838 34012.0
4839 34012.0
4840 34012.0
4841 34012.0
4842 34012.0
4843 34012.0
4844 34012.0
4845 34012.0
4846 34012.0
4847 34012.0
4848 34012.0
4849 34012.0
4850 34012.0
4851 34012.0
4852 34012.0
4853 34012.0
4854 34012.0
4855 34012.0
4856 34012.0
4857 34012.0
4858 34012.0
4859 34012.0
4860 34012.0
4861 34012.0
4862 34012.0
4863 34012.0
4864 34012.0
4865 34012.0
4866 34012.0
4867 34012.0
4868 34012.0
4869 34012.0
4870 34012.0
4871 34012.0
4872 34012.0
4873 34012.0
4874 34012.0
4875 34012.0
4876 34012.0
4877 34012.0
4878 34012.0
4879 34012.0
4880 34012.0
4881 34012.0
4882 34012.0
4883 34012.0
4884 34012.0
4885 34012.0
4886 34012.0
4887 34012.0
4888 34012.0
4889 34012.0
4890 34012.0
4891 34012.0
4892 34012.0
4893 34012.0
4894 34012.0
4895 34012.0
4896 34012.0
4897 34012.0
4898 34012.0
4899 34012.0
4900 34012.0
4901 34012.0
4902 34012.0
4903 34012.0
4904 34012.0
4905 34012.0
4906 34012.0
4907 34012.0
4908 34012.0
4909 34012.0
4910 34012.0
4911 34012.0
4912 34012.0
4913 34012.0
4914 34012.0
4915 34012.0
4916 34012.0
4917 34012.0
4918 34012.0
4919 34012.0
4920 34012.0
4921 34012.0
4922 34012.0
4923 34012.0
4924 34012.0
4925 34012.0
4926 34012.0
4927 34012.0
4928 34012.0
4929 34012.0
4930 34012.0
4931 34012.0
4932 34012.0
4933 34012.0
4934 34012.0
4935 34012.0
4936 34012.0
4937 34012.0
4938 34012.0
4939 34012.0
4940 34012.0
4941 34012.0
4942 34012.0
4943 34012.0
4944 34012.0
4945 34012.0
4946 34012.0
4947 34012.0
4948 34012.0
4949 34012.0
4950 34012.0
4951 34012.0
4952 34012.0
4953 34012.0
4954 34012.0
4955 34012.0
4956 34012.0
4957 34012.0
4958 34012.0
4959 34012.0
4960 34012.0
4961 34012.0
4962 34012.0
4963 34012.0
4964 34012.0
4965 34012.0
4966 34012.0
4967 34012.0
4968 34012.0
4969 34012.0
4970 34012.0
4971 34012.0
4972 34012.0
4973 34012.0
4974 34012.0
4975 34012.0
4976 34012.0
4977 34012.0
4978 34012.0
4979 34012.0
4980 34012.0
4981 34012.0
4982 34012.0
4983 34012.0
4984 34012.0
4985 34012.0
4986 34012.0
4987 34012.0
4988 34012.0
4989 34012.0
4990 34012.0
4991 34012.0
4992 34012.0
4993 34012.0
4994 34012.0
4995 34012.0
4996 34012.0
4997 34012.0
4998 34012.0
4999 34012.0
