0 46971.0
1 46971.0
2 46971.0
3 46971.0
4 46971.0
5 46971.0
6 46971.0
7 46971.0
8 46971.0
9 46971.0
10 46971.0
11 46971.0
12 46971.0
13 46971.0
14 46971.0
15 46971.0
16 46971.0
17 46971.0
18 46971.0
19 46971.0
20 46971.0
21 46971.0
22 46971.0
23 46971.0
24 46971.0
25 41251.0
26 41251.0
27 41251.0
28 41251.0
29 41251.0
30 41251.0
31 41251.0
32 41251.0
33 41251.0
34 41251.0
35 41251.0
36 41251.0
37 41251.0
38 41251.0
39 41251.0
40 41251.0
41 41251.0
42 41251.0
43 41251.0
44 41251.0
45 41251.0
46 41251.0
47 41251.0
48 41251.0
49 41251.0
50 41251.0
51 41251.0
52 41251.0
53 41251.0
54 40755.0
55 40755.0
56 40755.0
57 40755.0
58 40755.0
59 40755.0
60 40755.0
61 40755.0
62 40755.0
63 40755.0
64 40755.0
65 40755.0
66 40755.0
67 40755.0
68 40755.0
69 40755.0
70 40755.0
71 40755.0
72 40755.0
73 40755.0
74 40755.0
75 40755.0
76 40755.0
77 40755.0
78 40755.0
79 40755.0
80 40755.0
81 40755.0
82 40755.0
83 40755.0
84 40755.0
85 40755.0
86 40755.0
87 40755.0
88 40755.0
89 40755.0
90 40755.0
91 40755.0
92 40755.0
93 40755.0
94 40755.0
95 40755.0
96 40755.0
97 40755.0
98 40755.0
99 40755.0
100 40755.0
101 40755.0
102 40755.0
103 40755.0
104 40755.0
105 40755.0
106 40755.0
107 40755.0
108 40755.0
109 40755.0
110 40755.0
111 40755.0
112 40755.0
113 40755.0
114 40755.0
115 40755.0
116 40755.0
117 40755.0
118 40755.0
119 40755.0
120 40755.0
121 40755.0
122 40755.0
123 40755.0
124 40755.0
125 40755.0
126 40755.0
127 40755.0
128 40755.0
129 40755.0
130 40755.0
131 40755.0
132 40755.0
133 40755.0
134 40755.0
135 40755.0
136 40755.0
137 40755.0
138 40755.0
139 40755.0
140 40755.0
141 40755.0
142 40755.0
143 40755.0
144 40755.0
145 40755.0
146 40755.0
147 40755.0
148 40755.0
149 40755.0
150 40755.0
151 40755.0
152 40755.0
153 40755.0
154 40755.0
155 40755.0
156 40755.0
157 40755.0
158 40755.0
159 40755.0
160 40755.0
161 40755.0
162 40755.0
163 40755.0
164 40755.0
165 40755.0
166 40755.0
167 40755.0
168 40755.0
169 40755.0
170 40755.0
171 40755.0
172 40755.0
173 40755.0
174 39058.0
175 39058.0
176 39058.0
177 39058.0
178 39058.0
179 39058.0
180 39058.0
181 39058.0
182 39058.0
183 39058.0
184 39058.0
185 39058.0
186 39058.0
187 39058.0
188 39058.0
189 39058.0
190 39058.0
191 39058.0
192 39058.0
193 39058.0
194 39058.0
195 39058.0
196 39058.0
197 39058.0
198 39058.0
199 39058.0
200 39058.0
201 39058.0
202 39058.0
203 39058.0
204 39058.0
205 39058.0
206 39058.0
207 39058.0
208 39058.0
209 39058.0
210 39058.0
211 39058.0
212 39058.0
213 39058.0
214 39058.0
215 39058.0
216 39058.0
217 39058.0
218 39058.0
219 39058.0
220 39058.0
221 39058.0
222 39058.0
223 39058.0
224 39058.0
225 39058.0
226 39058.0
227 39058.0
228 39058.0
229 39058.0
230 37423.0
231 37423.0
232 37423.0
233 37423.0
234 37423.0
235 37423.0
236 37423.0
237 37423.0
238 37423.0
239 37423.0
240 37423.0
241 37423.0
242 37423.0
243 37423.0
244 37423.0
245 37423.0
246 37423.0
247 37423.0
248 37423.0
249 37423.0
250 37423.0
251 37423.0
252 37423.0
253 37423.0
254 37423.0
255 37423.0
256 37423.0
257 37423.0
258 37423.0
259 37423.0
260 37423.0
261 37423.0
262 37423.0
263 37423.0
264 37423.0
265 37423.0
266 37423.0
267 37423.0
268 37423.0
269 37423.0
270 37423.0
271 37423.0
272 37423.0
273 37423.0
274 37423.0
275 37423.0
276 37423.0
277 37423.0
278 37423.0
279 37423.0
280 37423.0
281 37423.0
282 37423.0
283 37423.0
284 37423.0
285 37423.0
286 37423.0
287 37423.0
288 37423.0
289 37423.0
290 37423.0
291 37423.0
292 37423.0
293 37423.0
294 37423.0
295 37423.0
296 37423.0
297 37423.0
298 37423.0
299 37423.0
300 37423.0
301 37423.0
302 37423.0
303 37423.0
304 37423.0
305 37423.0
306 37423.0
307 37423.0
308 37423.0
309 37154.0
310 37154.0
311 37154.0
312 37154.0
313 37154.0
314 37154.0
315 37154.0
316 37154.0
317 37154.0
318 37154.0
319 37154.0
320 37154.0
321 37154.0
322 37154.0
323 37154.0
324 37154.0
325 37154.0
326 37154.0
327 37154.0
328 37154.0
329 37154.0
330 37154.0
331 37154.0
332 37154.0
333 37154.0
334 37154.0
335 37154.0
336 37154.0
337 37154.0
338 37154.0
339 37154.0
340 37154.0
341 37154.0
342 37154.0
343 37154.0
344 37154.0
345 37154.0
346 37154.0
347 37154.0
348 37154.0
349 37154.0
350 37154.0
351 37154.0
352 37154.0
353 37154.0
354 37154.0
355 37154.0
356 37154.0
357 37154.0
358 37154.0
359 37154.0
360 37154.0
361 37154.0
362 37154.0
363 37154.0
364 37154.0
365 37154.0
366 37154.0
367 37154.0
368 37154.0
369 37154.0
370 37154.0
371 37154.0
372 37154.0
373 37154.0
374 37154.0
375 37154.0
376 37154.0
377 37154.0
378 37154.0
379 37154.0
380 37154.0
381 37154.0
382 37154.0
383 37154.0
384 37154.0
385 37154.0
386 37154.0
387 37154.0
388 37154.0
389 37154.0
390 37154.0
391 37154.0
392 37154.0
393 37154.0
394 37154.0
395 37154.0
396 37154.0
397 37154.0
398 37154.0
399 37154.0
400 37154.0
401 37154.0
402 37154.0
403 37154.0
404 37154.0
405 37154.0
406 37154.0
407 37154.0
408 37154.0
409 37154.0
410 37154.0
411 37154.0
412 37154.0
413 37154.0
414 37154.0
415 37154.0
416 37154.0
417 37154.0
418 37154.0
419 37154.0
420 37154.0
421 37154.0
422 37154.0
423 37154.0
424 37154.0
425 37154.0
426 37154.0
427 37154.0
428 37154.0
429 37154.0
430 37154.0
431 37154.0
432 37154.0
433 37154.0
434 37154.0
435 37154.0
436 37154.0
437 37154.0
438 37154.0
439 37154.0
440 37154.0
441 37154.0
442 37154.0
443 37154.0
444 37154.0
445 37154.0
446 37154.0
447 37154.0
448 37154.0
449 37154.0
450 37154.0
451 37154.0
452 36880.0
453 36880.0
454 36880.0
455 36880.0
456 36880.0
457 36880.0
458 36880.0
459 36880.0
460 36880.0
461 36880.0
462 36880.0
463 36880.0
464 36880.0
465 36880.0
466 36880.0
467 36880.0
468 36880.0
469 36880.0
470 36880.0
471 36880.0
472 36880.0
473 36880.0
474 36880.0
475 36880.0
476 36880.0
477 36880.0
478 36880.0
479 36880.0
480 36880.0
481 36880.0
482 36880.0
483 36880.0
484 36880.0
485 36880.0
486 36880.0
487 36880.0
488 36880.0
489 36880.0
490 36880.0
491 36880.0
492 36880.0
493 36880.0
494 36880.0
495 36880.0
496 36880.0
497 36880.0
498 36880.0
499 36880.0
500 36880.0
501 36880.0
502 36880.0
503 36880.0
504 36880.0
505 36880.0
506 36880.0
507 36880.0
508 36880.0
509 36880.0
510 36880.0
511 36880.0
512 36880.0
513 36880.0
514 36880.0
515 36880.0
516 36880.0
517 36880.0
518 36880.0
519 36880.0
520 36880.0
521 36880.0
522 36880.0
523 36880.0
524 36880.0
525 36880.0
526 36880.0
527 36880.0
528 36880.0
529 36880.0
530 36880.0
531 36880.0
532 36880.0
533 36880.0
534 36880.0
535 36880.0
536 36880.0
537 36880.0
538 36880.0
539 36880.0
540 36880.0
541 36880.0
542 36880.0
543 36880.0
544 36880.0
545 36880.0
546 36880.0
547 36880.0
548 36880.0
549 36880.0
550 36880.0
551 36880.0
552 36880.0
553 36880.0
554 36880.0
555 36880.0
556 36880.0
557 36880.0
558 36880.0
559 36880.0
560 36880.0
561 36880.0
562 36880.0
563 36880.0
564 36880.0
565 36880.0
566 36880.0
567 36880.0
568 36880.0
569 36880.0
570 36880.0
571 36880.0
572 36880.0
573 36880.0
574 36880.0
575 36880.0
576 36880.0
577 36880.0
578 36880.0
579 36880.0
580 36880.0
581 36880.0
582 36880.0
583 36880.0
584 36880.0
585 36880.0
586 36880.0
587 36880.0
588 36880.0
589 36880.0
590 36880.0
591 36880.0
592 36880.0
593 36880.0
594 36880.0
595 36880.0
596 36880.0
597 36880.0
598 36880.0
599 36880.0
600 36880.0
601 36880.0
602 36880.0
603 36880.0
604 36880.0
605 36880.0
606 36880.0
607 36880.0
608 36880.0
609 36880.0
610 36880.0
611 36880.0
612 36880.0
613 36880.0
614 36880.0
615 36880.0
616 36880.0
617 36880.0
618 36880.0
619 36880.0
620 36880.0
621 36880.0
622 36880.0
623 36880.0
624 36880.0
625 36880.0
626 36880.0
627 36880.0
628 36880.0
629 36880.0
630 36880.0
631 36880.0
632 36880.0
633 36880.0
634 36880.0
635 36880.0
636 36880.0
637 36880.0
638 36880.0
639 36880.0
640 36880.0
641 36880.0
642 36880.0
643 36880.0
644 36880.0
645 36880.0
646 36880.0
647 36880.0
648 36880.0
649 36880.0
650 36880.0
651 36880.0
652 36880.0
653 36880.0
654 36880.0
655 36880.0
656 36880.0
657 36880.0
658 36880.0
659 36880.0
660 36880.0
661 36880.0
662 36880.0
663 36880.0
664 36880.0
665 36880.0
666 36880.0
667 36880.0
668 36880.0
669 36880.0
670 36880.0
671 36880.0
672 36880.0
673 36880.0
674 36880.0
675 36880.0
676 36880.0
677 36880.0
678 36880.0
679 36880.0
680 36880.0
681 36880.0
682 36880.0
683 36880.0
684 36880.0
685 36880.0
686 36880.0
687 36880.0
688 36880.0
689 36880.0
690 36880.0
691 36880.0
692 36880.0
693 36880.0
694 36880.0
695 36880.0
696 36880.0
697 36880.0
698 36880.0
699 36880.0
700 36880.0
701 36880.0
702 36880.0
703 36880.0
704 36880.0
705 36880.0
706 36880.0
707 36880.0
708 36880.0
709 36880.0
710 36880.0
711 36880.0
712 36880.0
713 36880.0
714 36880.0
715 36880.0
716 36880.0
717 36880.0
718 36880.0
719 36880.0
720 36880.0
721 36880.0
722 36880.0
723 36880.0
724 36880.0
725 36880.0
726 36880.0
727 36880.0
728 36880.0
729 36880.0
730 36880.0
731 36880.0
732 36880.0
733 36880.0
734 36880.0
735 36880.0
736 36880.0
737 36880.0
738 36880.0
739 36880.0
740 36880.0
741 36880.0
742 36880.0
743 36880.0
744 36880.0
745 36880.0
746 36880.0
747 36880.0
748 36880.0
749 36880.0
750 36880.0
751 36880.0
752 36880.0
753 36880.0
754 36880.0
755 36880.0
756 36880.0
757 36880.0
758 36880.0
759 36880.0
760 36880.0
761 36880.0
762 36880.0
763 36880.0
764 36880.0
765 36880.0
766 36880.0
767 36880.0
768 36880.0
769 36880.0
770 36880.0
771 36880.0
772 36880.0
773 36880.0
774 36880.0
775 36880.0
776 36880.0
777 36880.0
778 36880.0
779 36880.0
780 36880.0
781 36880.0
782 36880.0
783 36880.0
784 36880.0
785 36880.0
786 36880.0
787 36880.0
788 36880.0
789 36880.0
790 36880.0
791 36880.0
792 36880.0
793 36880.0
794 36880.0
795 36880.0
796 36880.0
797 36880.0
798 36880.0
799 36880.0
800 36880.0
801 36880.0
802 36880.0
803 36880.0
804 36880.0
805 36880.0
806 36880.0
807 36880.0
808 36880.0
809 36880.0
810 36880.0
811 36880.0
812 36880.0
813 36880.0
814 36880.0
815 36880.0
816 36880.0
817 36880.0
818 36880.0
819 36880.0
820 36880.0
821 36880.0
822 36880.0
823 36880.0
824 36880.0
825 36880.0
826 36880.0
827 36880.0
828 36880.0
829 36880.0
830 36880.0
831 36880.0
832 36880.0
833 36880.0
834 36880.0
835 36880.0
836 36880.0
837 36880.0
838 36880.0
839 36880.0
840 36880.0
841 36880.0
842 36880.0
843 36880.0
844 36880.0
845 36880.0
846 36880.0
847 36880.0
848 36880.0
849 36880.0
850 36880.0
851 36880.0
852 36880.0
853 36880.0
854 36880.0
855 36880.0
856 36880.0
857 36880.0
858 36880.0
859 36880.0
860 36880.0
861 36880.0
862 36880.0
863 36880.0
864 36880.0
865 36880.0
866 36880.0
867 36880.0
868 36880.0
869 36880.0
870 36880.0
871 36880.0
872 36880.0
873 36880.0
874 36880.0
875 36880.0
876 36880.0
877 36880.0
878 36880.0
879 36880.0
880 36880.0
881 36880.0
882 36880.0
883 36880.0
884 36880.0
885 36880.0
886 36880.0
887 36880.0
888 36880.0
889 36880.0
890 36880.0
891 36880.0
892 36880.0
893 36880.0
894 36880.0
895 36880.0
896 36880.0
897 36880.0
898 36880.0
899 36880.0
900 36880.0
901 36880.0
902 36880.0
903 36880.0
904 36880.0
905 36880.0
906 36880.0
907 36880.0
908 36880.0
909 36880.0
910 36880.0
911 36880.0
912 36880.0
913 36880.0
914 36880.0
915 36880.0
916 36880.0
917 36880.0
918 36880.0
919 36880.0
920 36880.0
921 36880.0
922 36880.0
923 36880.0
924 36880.0
925 36880.0
926 36880.0
927 36880.0
928 36880.0
929 36880.0
930 36880.0
931 36880.0
932 36880.0
933 36880.0
934 36880.0
935 36880.0
936 36880.0
937 36880.0
938 36880.0
939 36880.0
940 36880.0
941 36880.0
942 36880.0
943 36880.0
944 36880.0
945 36880.0
946 36880.0
947 36880.0
948 36880.0
949 36880.0
950 36880.0
951 36880.0
952 36880.0
953 36880.0
954 36880.0
955 36880.0
956 36880.0
957 36880.0
958 36880.0
959 36880.0
960 36880.0
961 36880.0
962 36880.0
963 36880.0
964 36880.0
965 36880.0
966 36880.0
967 36880.0
968 36880.0
969 36880.0
970 36880.0
971 36880.0
972 36880.0
973 36880.0
974 36880.0
975 36880.0
976 36880.0
977 36880.0
978 36880.0
979 36880.0
980 36880.0
981 36880.0
982 36880.0
983 36880.0
984 36880.0
985 36880.0
986 36880.0
987 36880.0
988 36880.0
989 36880.0
990 36880.0
991 36880.0
992 36880.0
993 36880.0
994 36880.0
995 36880.0
996 36880.0
997 36880.0
998 36880.0
999 36880.0
1000 36880.0
1001 36880.0
1002 36880.0
1003 36880.0
1004 36880.0
1005 36880.0
1006 36880.0
1007 36880.0
1008 36880.0
1009 36880.0
1010 36880.0
1011 36880.0
1012 36880.0
1013 36880.0
1014 36880.0
1015 36880.0
1016 36880.0
1017 36880.0
1018 36880.0
1019 36880.0
1020 36880.0
1021 36880.0
1022 36880.0
1023 36880.0
1024 36880.0
1025 36880.0
1026 36880.0
1027 36880.0
1028 36880.0
1029 36880.0
1030 36880.0
1031 36880.0
1032 36880.0
1033 36880.0
1034 36880.0
1035 36880.0
1036 36880.0
1037 36880.0
1038 36880.0
1039 36880.0
1040 36880.0
1041 36880.0
1042 36880.0
1043 36880.0
1044 36880.0
1045 36880.0
1046 36880.0
1047 36880.0
1048 36880.0
1049 36880.0
1050 36880.0
1051 36880.0
1052 36880.0
1053 36880.0
1054 36880.0
1055 36880.0
1056 36880.0
1057 36880.0
1058 36880.0
1059 36880.0
1060 36880.0
1061 36880.0
1062 36880.0
1063 36880.0
1064 36880.0
1065 36880.0
1066 36880.0
1067 36880.0
1068 36880.0
1069 36880.0
1070 36880.0
1071 36880.0
1072 36880.0
1073 36880.0
1074 36880.0
1075 36880.0
1076 36880.0
1077 36880.0
1078 36880.0
1079 36880.0
1080 36880.0
1081 36880.0
1082 36880.0
1083 36880.0
1084 36880.0
1085 36880.0
1086 36880.0
1087 36880.0
1088 36880.0
1089 36880.0
1090 36880.0
1091 36880.0
1092 36880.0
1093 36880.0
1094 36880.0
1095 36880.0
1096 36880.0
1097 36880.0
1098 36880.0
1099 36880.0
1100 36880.0
1101 36880.0
1102 36880.0
1103 36880.0
1104 36880.0
1105 36880.0
1106 36880.0
1107 36880.0
1108 36880.0
1109 36880.0
1110 36880.0
1111 36880.0
1112 36880.0
1113 36880.0
1114 36880.0
1115 36880.0
1116 36880.0
1117 36880.0
1118 36880.0
1119 36880.0
1120 36880.0
1121 36880.0
1122 36880.0
1123 36880.0
1124 36880.0
1125 36880.0
1126 36880.0
1127 36880.0
1128 36880.0
1129 36880.0
1130 36880.0
1131 36880.0
1132 36880.0
1133 36880.0
1134 36880.0
1135 36880.0
1136 36880.0
1137 36880.0
1138 36880.0
1139 36880.0
1140 36880.0
1141 36880.0
1142 36880.0
1143 36880.0
1144 36880.0
1145 36880.0
1146 36880.0
1147 36880.0
1148 36880.0
1149 36880.0
1150 36880.0
1151 36880.0
1152 36880.0
1153 36880.0
1154 36880.0
1155 36880.0
1156 36880.0
1157 36880.0
1158 36880.0
1159 36880.0
1160 36880.0
1161 36880.0
1162 36880.0
1163 36880.0
1164 36880.0
1165 36880.0
1166 36880.0
1167 36880.0
1168 36880.0
1169 36880.0
1170 36880.0
1171 36880.0
1172 36880.0
1173 36880.0
1174 36880.0
1175 36880.0
1176 36880.0
1177 36880.0
1178 36880.0
1179 36880.0
1180 36880.0
1181 36880.0
1182 36880.0
1183 36880.0
1184 36880.0
1185 36880.0
1186 36880.0
1187 36880.0
1188 36880.0
1189 36880.0
1190 36880.0
1191 36880.0
1192 36880.0
1193 36880.0
1194 36880.0
1195 36880.0
1196 36880.0
1197 36880.0
1198 36880.0
1199 36880.0
1200 36880.0
1201 36880.0
1202 36880.0
1203 36880.0
1204 36880.0
1205 36880.0
1206 36880.0
1207 36880.0
1208 36880.0
1209 36880.0
1210 36880.0
1211 36880.0
1212 36880.0
1213 36880.0
1214 36880.0
1215 36880.0
1216 36880.0
1217 36880.0
1218 36880.0
1219 36880.0
1220 36880.0
1221 36880.0
1222 36880.0
1223 36880.0
1224 36880.0
1225 36880.0
1226 36880.0
1227 36880.0
1228 36880.0
1229 36880.0
1230 36880.0
1231 36880.0
1232 36880.0
1233 36880.0
1234 36880.0
1235 36880.0
1236 36880.0
1237 36880.0
1238 36880.0
1239 36880.0
1240 36880.0
1241 36880.0
1242 36880.0
1243 36880.0
1244 36880.0
1245 36880.0
1246 36880.0
1247 36880.0
1248 36880.0
1249 36880.0
1250 36880.0
1251 36880.0
1252 36880.0
1253 36880.0
1254 36880.0
1255 36880.0
1256 36880.0
1257 36880.0
1258 36880.0
1259 36880.0
1260 36880.0
1261 36880.0
1262 36880.0
1263 36880.0
1264 36880.0
1265 36880.0
1266 36880.0
1267 36880.0
1268 36880.0
1269 36880.0
1270 36880.0
1271 36880.0
1272 36880.0
1273 36880.0
1274 36880.0
1275 36880.0
1276 36880.0
1277 36880.0
1278 36880.0
1279 36880.0
1280 36880.0
1281 36880.0
1282 36880.0
1283 36880.0
1284 36880.0
1285 36880.0
1286 36880.0
1287 36880.0
1288 36880.0
1289 36880.0
1290 36880.0
1291 36880.0
1292 36880.0
1293 36880.0
1294 36880.0
1295 36880.0
1296 36880.0
1297 36880.0
1298 36880.0
1299 36880.0
1300 36880.0
1301 36880.0
1302 36880.0
1303 36880.0
1304 36880.0
1305 36880.0
1306 36880.0
1307 36880.0
1308 36880.0
1309 36880.0
1310 36880.0
1311 36880.0
1312 36880.0
1313 36880.0
1314 36880.0
1315 36880.0
1316 36880.0
1317 36880.0
1318 36880.0
1319 36880.0
1320 36880.0
1321 36880.0
1322 36880.0
1323 36880.0
1324 36880.0
1325 36880.0
1326 36880.0
1327 36880.0
1328 36880.0
1329 36880.0
1330 36880.0
1331 36880.0
1332 36880.0
1333 36880.0
1334 36880.0
1335 36880.0
1336 36880.0
1337 36880.0
1338 36880.0
1339 36880.0
1340 36880.0
1341 36880.0
1342 36880.0
1343 36880.0
1344 36880.0
1345 36880.0
1346 36880.0
1347 36880.0
1348 36880.0
1349 36880.0
1350 36880.0
1351 36880.0
1352 36880.0
1353 36880.0
1354 36880.0
1355 36880.0
1356 36880.0
1357 36880.0
1358 36880.0
1359 36880.0
1360 36880.0
1361 36880.0
1362 36880.0
1363 36880.0
1364 36880.0
1365 36880.0
1366 36880.0
1367 36880.0
1368 36880.0
1369 36880.0
1370 36880.0
1371 36880.0
1372 36880.0
1373 36880.0
1374 36880.0
1375 36880.0
1376 36880.0
1377 36880.0
1378 36880.0
1379 36880.0
1380 36880.0
1381 36880.0
1382 36880.0
1383 36880.0
1384 36880.0
1385 36880.0
1386 36880.0
1387 36880.0
1388 36880.0
1389 36880.0
1390 36880.0
1391 36880.0
1392 36880.0
1393 36880.0
1394 36880.0
1395 36880.0
1396 36880.0
1397 36880.0
1398 36880.0
1399 36880.0
1400 36880.0
1401 36880.0
1402 36880.0
1403 36880.0
1404 36880.0
1405 36880.0
1406 36880.0
1407 36880.0
1408 36880.0
1409 36880.0
1410 36880.0
1411 36880.0
1412 36880.0
1413 36880.0
1414 36880.0
1415 36880.0
1416 36880.0
1417 36880.0
1418 36880.0
1419 36880.0
1420 36880.0
1421 36880.0
1422 36880.0
1423 36880.0
1424 36880.0
1425 36880.0
1426 36880.0
1427 36880.0
1428 36880.0
1429 36880.0
1430 36880.0
1431 36880.0
1432 36880.0
1433 36880.0
1434 36880.0
1435 36880.0
1436 36880.0
1437 36880.0
1438 36880.0
1439 36880.0
1440 36880.0
1441 36880.0
1442 36880.0
1443 36880.0
1444 36880.0
1445 36880.0
1446 36880.0
1447 36880.0
1448 36880.0
1449 36880.0
1450 36880.0
1451 36880.0
1452 36880.0
1453 36880.0
1454 36880.0
1455 36880.0
1456 36880.0
1457 36880.0
1458 36880.0
1459 36880.0
1460 36880.0
1461 36880.0
1462 36880.0
1463 36880.0
1464 36880.0
1465 36880.0
1466 36880.0
1467 36880.0
1468 36880.0
1469 36880.0
1470 36880.0
1471 36880.0
1472 36880.0
1473 36880.0
1474 36880.0
1475 36880.0
1476 36880.0
1477 36880.0
1478 36880.0
1479 36880.0
1480 36880.0
1481 36880.0
1482 36880.0
1483 36880.0
1484 36880.0
1485 36880.0
1486 36880.0
1487 36880.0
1488 36880.0
1489 36880.0
1490 36880.0
1491 36880.0
1492 36880.0
1493 36880.0
1494 36880.0
1495 36880.0
1496 36880.0
1497 36880.0
1498 36880.0
1499 36880.0
1500 36880.0
1501 36880.0
1502 36880.0
1503 36880.0
1504 36880.0
1505 36880.0
1506 36880.0
1507 36880.0
1508 36880.0
1509 36880.0
1510 36880.0
1511 36880.0
1512 36880.0
1513 36880.0
1514 36880.0
1515 36880.0
1516 36880.0
1517 36880.0
1518 36880.0
1519 36880.0
1520 36880.0
1521 36880.0
1522 36880.0
1523 36880.0
1524 36880.0
1525 36880.0
1526 36880.0
1527 36880.0
1528 36880.0
1529 36880.0
1530 36880.0
1531 36880.0
1532 36880.0
1533 36880.0
1534 36880.0
1535 36880.0
1536 36880.0
1537 36880.0
1538 36880.0
1539 36880.0
1540 36880.0
1541 36880.0
1542 36880.0
1543 36880.0
1544 36880.0
1545 36880.0
1546 36880.0
1547 36880.0
1548 36880.0
1549 36880.0
1550 36880.0
1551 36880.0
1552 36880.0
1553 36880.0
1554 36880.0
1555 36880.0
1556 36880.0
1557 36880.0
1558 36880.0
1559 36880.0
1560 36880.0
1561 36880.0
1562 36880.0
1563 36880.0
1564 36880.0
1565 36880.0
1566 36880.0
1567 36880.0
1568 36880.0
1569 36880.0
1570 36880.0
1571 36880.0
1572 36880.0
1573 36880.0
1574 36880.0
1575 36880.0
1576 36880.0
1577 36880.0
1578 36880.0
1579 36880.0
1580 36880.0
1581 36880.0
1582 36880.0
1583 36880.0
1584 36880.0
1585 36880.0
1586 36880.0
1587 36880.0
1588 36880.0
1589 36880.0
1590 36880.0
1591 36880.0
1592 36880.0
1593 36880.0
1594 36880.0
1595 36880.0
1596 36880.0
1597 36880.0
1598 36880.0
1599 36880.0
1600 36880.0
1601 36880.0
1602 36880.0
1603 36880.0
1604 36880.0
1605 36880.0
1606 36880.0
1607 36880.0
1608 36880.0
1609 36880.0
1610 36880.0
1611 36880.0
1612 36880.0
1613 36880.0
1614 36880.0
1615 36880.0
1616 36880.0
1617 36880.0
1618 36880.0
1619 36880.0
1620 36880.0
1621 36880.0
1622 36880.0
1623 36880.0
1624 36880.0
1625 36880.0
1626 36880.0
1627 36880.0
1628 36880.0
1629 36880.0
1630 36880.0
1631 36880.0
1632 36880.0
1633 36880.0
1634 36880.0
1635 36880.0
1636 36880.0
1637 36880.0
1638 36880.0
1639 36880.0
1640 36880.0
1641 36880.0
1642 36880.0
1643 36880.0
1644 36880.0
1645 36880.0
1646 36880.0
1647 36880.0
1648 36880.0
1649 36880.0
1650 36880.0
1651 36880.0
1652 36880.0
1653 36880.0
1654 36880.0
1655 36880.0
1656 36880.0
1657 36880.0
1658 36880.0
1659 36880.0
1660 36880.0
1661 36880.0
1662 36880.0
1663 36880.0
1664 36880.0
1665 36880.0
1666 36880.0
1667 36880.0
1668 36880.0
1669 36880.0
1670 36880.0
1671 36880.0
1672 36880.0
1673 36880.0
1674 36880.0
1675 36880.0
1676 36880.0
1677 36880.0
1678 36880.0
1679 36880.0
1680 36880.0
1681 36880.0
1682 36880.0
1683 36880.0
1684 36880.0
1685 36880.0
1686 36880.0
1687 36880.0
1688 36880.0
1689 36880.0
1690 36880.0
1691 36880.0
1692 36880.0
1693 36880.0
1694 36880.0
1695 36880.0
1696 36880.0
1697 36880.0
1698 36880.0
1699 36880.0
1700 36880.0
1701 36880.0
1702 36880.0
1703 36880.0
1704 36880.0
1705 36880.0
1706 36880.0
1707 36880.0
1708 36880.0
1709 36880.0
1710 36880.0
1711 36880.0
1712 36880.0
1713 36880.0
1714 36880.0
1715 36880.0
1716 36880.0
1717 36880.0
1718 36880.0
1719 36880.0
1720 36880.0
1721 36880.0
1722 36880.0
1723 36880.0
1724 36880.0
1725 36880.0
1726 36880.0
1727 36880.0
1728 36880.0
1729 36880.0
1730 36880.0
1731 36880.0
1732 36880.0
1733 36880.0
1734 36880.0
1735 36880.0
1736 36880.0
1737 36880.0
1738 36880.0
1739 36880.0
1740 36880.0
1741 36880.0
1742 36880.0
1743 36880.0
1744 36880.0
1745 36880.0
1746 36880.0
1747 36880.0
1748 36880.0
1749 36880.0
1750 36880.0
1751 36880.0
1752 36880.0
1753 36880.0
1754 36880.0
1755 36880.0
1756 36880.0
1757 36880.0
1758 36880.0
1759 36880.0
1760 36880.0
1761 36880.0
1762 36880.0
1763 36880.0
1764 36880.0
1765 36880.0
1766 36880.0
1767 36880.0
1768 36880.0
1769 36880.0
1770 36880.0
1771 36880.0
1772 36880.0
1773 36880.0
1774 36880.0
1775 36880.0
1776 36880.0
1777 36880.0
1778 36880.0
1779 36880.0
1780 36880.0
1781 36880.0
1782 36880.0
1783 36880.0
1784 36880.0
1785 36880.0
1786 36880.0
1787 36880.0
1788 36880.0
1789 36880.0
1790 36880.0
1791 36880.0
1792 36880.0
1793 36880.0
1794 36880.0
1795 36880.0
1796 36880.0
1797 36880.0
1798 36880.0
1799 36880.0
1800 36880.0
1801 36880.0
1802 36880.0
1803 36880.0
1804 36880.0
1805 36880.0
1806 36880.0
1807 36880.0
1808 36880.0
1809 36880.0
1810 36880.0
1811 36880.0
1812 36880.0
1813 36880.0
1814 36880.0
1815 36880.0
1816 36880.0
1817 36880.0
1818 36880.0
1819 36880.0
1820 36880.0
1821 36880.0
1822 36880.0
1823 36880.0
1824 36880.0
1825 36880.0
1826 36880.0
1827 36880.0
1828 36880.0
1829 36880.0
1830 36880.0
1831 36880.0
1832 36880.0
1833 36880.0
1834 36880.0
1835 36880.0
1836 36880.0
1837 36880.0
1838 36880.0
1839 36880.0
1840 36880.0
1841 36880.0
1842 36880.0
1843 36880.0
1844 36880.0
1845 36880.0
1846 36880.0
1847 36880.0
1848 36880.0
1849 36880.0
1850 36880.0
1851 36880.0
1852 36880.0
1853 36880.0
1854 36880.0
1855 36880.0
1856 36880.0
1857 36880.0
1858 36880.0
1859 36880.0
1860 36880.0
1861 36880.0
1862 36880.0
1863 36880.0
1864 36880.0
1865 36880.0
1866 36880.0
1867 36880.0
1868 36880.0
1869 36880.0
1870 36880.0
1871 36880.0
1872 36880.0
1873 36880.0
1874 36880.0
1875 36880.0
1876 36880.0
1877 36880.0
1878 36880.0
1879 36880.0
1880 36880.0
1881 36880.0
1882 36880.0
1883 36880.0
1884 36880.0
1885 36880.0
1886 36880.0
1887 36880.0
1888 36880.0
1889 36880.0
1890 36880.0
1891 36880.0
1892 36880.0
1893 36880.0
1894 36880.0
1895 36880.0
1896 36880.0
1897 36880.0
1898 36880.0
1899 36880.0
1900 36880.0
1901 36880.0
1902 36880.0
1903 36880.0
1904 36880.0
1905 36880.0
1906 36880.0
1907 36880.0
1908 36880.0
1909 36880.0
1910 36880.0
1911 36880.0
1912 36880.0
1913 36880.0
1914 36880.0
1915 36880.0
1916 36880.0
1917 36880.0
1918 36880.0
1919 36880.0
1920 36880.0
1921 36880.0
1922 36880.0
1923 36880.0
1924 36880.0
1925 36880.0
1926 36880.0
1927 36880.0
1928 36880.0
1929 36880.0
1930 36880.0
1931 36880.0
1932 36880.0
1933 36880.0
1934 36880.0
1935 36880.0
1936 36880.0
1937 36880.0
1938 36880.0
1939 36880.0
1940 36880.0
1941 36880.0
1942 36880.0
1943 36880.0
1944 36880.0
1945 36880.0
1946 36880.0
1947 36880.0
1948 36880.0
1949 36880.0
1950 36880.0
1951 36880.0
1952 36880.0
1953 36880.0
1954 36880.0
1955 36880.0
1956 36880.0
1957 36880.0
1958 36880.0
1959 36880.0
1960 36880.0
1961 36880.0
1962 36880.0
1963 36880.0
1964 36880.0
1965 36880.0
1966 36880.0
1967 36880.0
1968 36880.0
1969 36880.0
1970 36880.0
1971 36880.0
1972 36880.0
1973 36880.0
1974 36880.0
1975 36880.0
1976 36880.0
1977 36880.0
1978 36880.0
1979 36880.0
1980 36880.0
1981 36880.0
1982 36880.0
1983 36880.0
1984 36880.0
1985 36880.0
1986 36880.0
1987 36880.0
1988 36880.0
1989 36880.0
1990 36880.0
1991 36880.0
1992 36880.0
1993 36880.0
1994 36880.0
1995 36880.0
1996 36880.0
1997 36880.0
1998 36880.0
1999 36880.0
2000 36880.0
2001 36880.0
2002 36880.0
2003 36880.0
2004 36880.0
2005 36880.0
2006 36880.0
2007 36880.0
2008 36880.0
2009 36880.0
2010 36880.0
2011 36880.0
2012 36880.0
2013 36880.0
2014 36880.0
2015 36880.0
2016 36880.0
2017 36880.0
2018 36880.0
2019 36880.0
2020 36880.0
2021 36880.0
2022 36880.0
2023 36880.0
2024 36880.0
2025 36880.0
2026 36880.0
2027 36880.0
2028 36880.0
2029 36880.0
2030 36880.0
2031 36880.0
2032 36880.0
2033 36880.0
2034 36880.0
2035 36880.0
2036 36880.0
2037 36880.0
2038 36880.0
2039 36880.0
2040 36880.0
2041 36880.0
2042 36880.0
2043 36880.0
2044 36880.0
2045 36880.0
2046 36880.0
2047 36880.0
2048 36880.0
2049 36880.0
2050 36880.0
2051 36880.0
2052 36880.0
2053 36880.0
2054 36880.0
2055 36880.0
2056 36880.0
2057 36880.0
2058 36880.0
2059 36880.0
2060 36880.0
2061 36880.0
2062 36880.0
2063 36880.0
2064 36880.0
2065 36880.0
2066 36880.0
2067 36880.0
2068 36335.0
2069 36335.0
2070 36335.0
2071 36335.0
2072 36335.0
2073 36335.0
2074 36335.0
2075 36335.0
2076 36335.0
2077 36335.0
2078 36335.0
2079 36335.0
2080 36335.0
2081 36335.0
2082 36335.0
2083 36335.0
2084 36335.0
2085 36335.0
2086 36335.0
2087 36335.0
2088 36335.0
2089 36335.0
2090 36335.0
2091 36335.0
2092 36335.0
2093 36335.0
2094 36335.0
2095 36335.0
2096 36335.0
2097 36335.0
2098 36335.0
2099 36335.0
2100 36335.0
2101 36335.0
2102 36335.0
2103 36335.0
2104 36335.0
2105 36335.0
2106 36335.0
2107 36335.0
2108 36335.0
2109 36335.0
2110 36335.0
2111 36335.0
2112 36335.0
2113 36335.0
2114 36335.0
2115 36335.0
2116 36335.0
2117 36335.0
2118 36335.0
2119 36335.0
2120 36335.0
2121 36335.0
2122 36335.0
2123 36335.0
2124 36335.0
2125 36335.0
2126 36335.0
2127 36335.0
2128 36335.0
2129 36335.0
2130 36335.0
2131 36335.0
2132 36335.0
2133 36335.0
2134 36335.0
2135 36335.0
2136 36335.0
2137 36335.0
2138 36335.0
2139 36335.0
2140 36335.0
2141 36335.0
2142 36335.0
2143 36335.0
2144 36335.0
2145 36335.0
2146 36335.0
2147 36335.0
2148 36335.0
2149 36335.0
2150 36335.0
2151 36335.0
2152 36335.0
2153 36335.0
2154 36335.0
2155 36335.0
2156 36335.0
2157 36335.0
2158 36335.0
2159 36335.0
2160 36335.0
2161 36335.0
2162 36335.0
2163 36335.0
2164 36335.0
2165 36335.0
2166 36335.0
2167 36335.0
2168 36335.0
2169 36335.0
2170 36335.0
2171 36335.0
2172 36335.0
2173 36335.0
2174 36335.0
2175 36335.0
2176 36335.0
2177 36335.0
2178 36335.0
2179 36335.0
2180 36335.0
2181 36335.0
2182 36335.0
2183 36335.0
2184 36335.0
2185 36335.0
2186 36335.0
2187 36335.0
2188 36335.0
2189 36335.0
2190 36335.0
2191 36335.0
2192 36335.0
2193 36335.0
2194 36335.0
2195 36335.0
2196 36335.0
2197 36335.0
2198 36335.0
2199 36335.0
2200 36335.0
2201 36335.0
2202 36335.0
2203 36335.0
2204 36335.0
2205 36335.0
2206 36335.0
2207 36335.0
2208 36335.0
2209 36335.0
2210 36335.0
2211 36335.0
2212 36335.0
2213 36335.0
2214 36335.0
2215 36335.0
2216 36335.0
2217 36335.0
2218 36335.0
2219 36335.0
2220 36335.0
2221 36335.0
2222 36335.0
2223 36335.0
2224 36335.0
2225 36335.0
2226 36335.0
2227 36335.0
2228 36335.0
2229 36335.0
2230 36335.0
2231 36335.0
2232 36335.0
2233 36335.0
2234 36335.0
2235 36335.0
2236 36335.0
2237 36335.0
2238 36335.0
2239 36335.0
2240 36335.0
2241 36335.0
2242 36335.0
2243 36335.0
2244 36335.0
2245 36335.0
2246 36335.0
2247 36335.0
2248 36335.0
2249 36335.0
2250 36335.0
2251 36335.0
2252 36335.0
2253 36335.0
2254 36335.0
2255 36335.0
2256 36335.0
2257 36335.0
2258 36335.0
2259 36335.0
2260 36335.0
2261 36335.0
2262 36335.0
2263 36335.0
2264 36335.0
2265 36335.0
2266 36335.0
2267 36335.0
2268 36335.0
2269 36335.0
2270 36335.0
2271 36335.0
2272 36335.0
2273 36335.0
2274 36335.0
2275 36335.0
2276 36335.0
2277 36335.0
2278 36335.0
2279 36335.0
2280 36335.0
2281 36335.0
2282 36335.0
2283 36335.0
2284 36335.0
2285 36335.0
2286 36335.0
2287 36335.0
2288 36335.0
2289 36335.0
2290 36335.0
2291 36335.0
2292 36335.0
2293 36335.0
2294 36335.0
2295 36335.0
2296 36335.0
2297 36335.0
2298 36335.0
2299 36335.0
2300 36335.0
2301 36335.0
2302 36335.0
2303 36335.0
2304 36335.0
2305 36335.0
2306 36335.0
2307 36335.0
2308 36335.0
2309 36335.0
2310 36335.0
2311 36335.0
2312 36335.0
2313 36335.0
2314 36335.0
2315 36335.0
2316 36335.0
2317 36335.0
2318 36335.0
2319 36335.0
2320 36335.0
2321 36335.0
2322 36335.0
2323 36335.0
2324 36335.0
2325 36335.0
2326 36335.0
2327 36335.0
2328 36335.0
2329 36335.0
2330 36335.0
2331 36335.0
2332 36335.0
2333 36335.0
2334 36335.0
2335 36335.0
2336 36335.0
2337 36335.0
2338 36335.0
2339 36335.0
2340 36335.0
2341 36335.0
2342 36335.0
2343 36335.0
2344 36335.0
2345 36335.0
2346 36335.0
2347 36335.0
2348 36335.0
2349 36335.0
2350 36335.0
2351 36335.0
2352 36335.0
2353 36335.0
2354 36335.0
2355 36335.0
2356 36335.0
2357 36335.0
2358 36335.0
2359 36335.0
2360 36335.0
2361 36335.0
2362 36335.0
2363 36335.0
2364 36335.0
2365 36335.0
2366 36335.0
2367 36335.0
2368 36335.0
2369 36335.0
2370 36335.0
2371 36335.0
2372 36335.0
2373 36335.0
2374 36335.0
2375 36335.0
2376 36335.0
2377 36335.0
2378 36335.0
2379 36335.0
2380 36335.0
2381 36335.0
2382 36335.0
2383 36335.0
2384 36335.0
2385 36335.0
2386 36335.0
2387 36335.0
2388 36335.0
2389 36335.0
2390 36335.0
2391 36335.0
2392 36335.0
2393 36335.0
2394 36335.0
2395 36335.0
2396 36335.0
2397 36335.0
2398 36335.0
2399 36335.0
2400 36335.0
2401 36335.0
2402 36335.0
2403 36335.0
2404 36335.0
2405 36335.0
2406 36335.0
2407 36335.0
2408 36335.0
2409 36335.0
2410 36335.0
2411 36335.0
2412 36335.0
2413 36335.0
2414 36335.0
2415 36335.0
2416 36335.0
2417 36335.0
2418 36335.0
2419 36335.0
2420 36335.0
2421 36335.0
2422 36335.0
2423 36335.0
2424 36335.0
2425 36335.0
2426 36335.0
2427 36335.0
2428 36335.0
2429 36335.0
2430 36335.0
2431 36335.0
2432 36335.0
2433 36335.0
2434 36335.0
2435 36335.0
2436 36335.0
2437 36335.0
2438 36335.0
2439 36335.0
2440 36335.0
2441 36335.0
2442 36335.0
2443 36335.0
2444 36335.0
2445 36335.0
2446 36335.0
2447 36335.0
2448 36335.0
2449 36335.0
2450 36335.0
2451 36335.0
2452 36335.0
2453 36335.0
2454 36335.0
2455 36335.0
2456 36335.0
2457 36335.0
2458 36335.0
2459 36335.0
2460 36335.0
2461 36335.0
2462 36335.0
2463 36335.0
2464 36335.0
2465 36335.0
2466 36335.0
2467 36335.0
2468 36335.0
2469 36335.0
2470 36335.0
2471 36335.0
2472 36335.0
2473 36335.0
2474 36335.0
2475 36335.0
2476 36335.0
2477 36335.0
2478 36335.0
2479 36335.0
2480 36335.0
2481 36335.0
2482 36335.0
2483 36335.0
2484 36335.0
2485 36335.0
2486 36335.0
2487 36335.0
2488 36335.0
2489 36335.0
2490 36335.0
2491 36335.0
2492 36335.0
2493 36335.0
2494 36335.0
2495 36335.0
2496 36335.0
2497 36335.0
2498 36335.0
2499 36335.0
2500 36335.0
2501 36335.0
2502 36335.0
2503 36335.0
2504 36335.0
2505 36335.0
2506 36335.0
2507 36335.0
2508 36335.0
2509 36335.0
2510 36335.0
2511 36335.0
2512 36335.0
2513 36335.0
2514 36335.0
2515 36335.0
2516 36335.0
2517 36335.0
2518 36335.0
2519 36335.0
2520 36335.0
2521 36335.0
2522 36335.0
2523 36335.0
2524 36335.0
2525 36335.0
2526 36335.0
2527 36335.0
2528 36335.0
2529 36335.0
2530 36335.0
2531 36335.0
2532 36335.0
2533 36335.0
2534 36335.0
2535 36335.0
2536 36335.0
2537 36335.0
2538 36335.0
2539 36335.0
2540 36335.0
2541 36335.0
2542 36335.0
2543 36335.0
2544 36335.0
2545 36335.0
2546 36335.0
2547 36335.0
2548 36335.0
2549 36335.0
2550 36335.0
2551 36335.0
2552 36335.0
2553 36335.0
2554 36335.0
2555 36335.0
2556 36335.0
2557 36335.0
2558 36335.0
2559 36335.0
2560 36335.0
2561 36335.0
2562 36335.0
2563 36335.0
2564 36335.0
2565 36335.0
2566 36335.0
2567 36335.0
2568 36335.0
2569 36335.0
2570 36335.0
2571 36335.0
2572 36335.0
2573 36335.0
2574 36335.0
2575 36335.0
2576 36335.0
2577 36335.0
2578 36335.0
2579 36335.0
2580 36335.0
2581 36335.0
2582 36335.0
2583 36335.0
2584 36335.0
2585 36335.0
2586 36335.0
2587 36335.0
2588 36335.0
2589 36335.0
2590 36335.0
2591 36335.0
2592 36335.0
2593 36335.0
2594 36335.0
2595 36335.0
2596 36335.0
2597 36335.0
2598 36335.0
2599 36335.0
2600 36335.0
2601 36335.0
2602 36335.0
2603 36335.0
2604 36335.0
2605 36335.0
2606 36335.0
2607 36335.0
2608 36335.0
2609 36335.0
2610 36335.0
2611 36335.0
2612 36335.0
2613 36335.0
2614 36335.0
2615 36335.0
2616 36335.0
2617 36335.0
2618 36335.0
2619 36335.0
2620 36335.0
2621 36335.0
2622 36335.0
2623 36335.0
2624 36335.0
2625 36335.0
2626 36335.0
2627 36335.0
2628 36335.0
2629 36335.0
2630 36335.0
2631 36335.0
2632 36335.0
2633 36335.0
2634 36335.0
2635 36335.0
2636 36335.0
2637 36335.0
2638 36335.0
2639 36335.0
2640 36335.0
2641 36335.0
2642 36335.0
2643 36335.0
2644 36335.0
2645 36335.0
2646 36335.0
2647 36335.0
2648 36335.0
2649 36335.0
2650 36335.0
2651 36335.0
2652 36335.0
2653 36335.0
2654 36335.0
2655 36335.0
2656 36335.0
2657 36335.0
2658 36335.0
2659 36335.0
2660 36335.0
2661 36335.0
2662 36335.0
2663 36335.0
2664 36335.0
2665 36335.0
2666 36335.0
2667 36335.0
2668 36335.0
2669 36335.0
2670 36335.0
2671 36335.0
2672 36335.0
2673 36335.0
2674 36335.0
2675 36335.0
2676 36335.0
2677 36335.0
2678 36335.0
2679 36335.0
2680 36335.0
2681 36335.0
2682 36335.0
2683 36335.0
2684 36335.0
2685 36335.0
2686 36335.0
2687 36335.0
2688 36335.0
2689 36335.0
2690 36335.0
2691 36335.0
2692 36335.0
2693 36335.0
2694 36335.0
2695 36335.0
2696 36335.0
2697 36335.0
2698 36335.0
2699 36335.0
2700 36335.0
2701 36335.0
2702 36335.0
2703 36335.0
2704 36335.0
2705 36335.0
2706 36335.0
2707 36335.0
2708 36335.0
2709 36335.0
2710 36335.0
2711 36335.0
2712 36335.0
2713 36335.0
2714 36335.0
2715 36335.0
2716 36335.0
2717 36335.0
2718 36335.0
2719 36335.0
2720 36335.0
2721 36335.0
2722 36335.0
2723 36335.0
2724 36335.0
2725 36335.0
2726 36335.0
2727 36335.0
2728 36335.0
2729 36335.0
2730 36335.0
2731 36335.0
2732 36335.0
2733 36335.0
2734 36335.0
2735 36335.0
2736 36335.0
2737 36335.0
2738 36335.0
2739 36335.0
2740 36335.0
2741 36335.0
2742 36335.0
2743 36335.0
2744 36335.0
2745 36335.0
2746 36335.0
2747 36335.0
2748 36335.0
2749 36335.0
2750 36335.0
2751 36335.0
2752 36335.0
2753 36335.0
2754 36335.0
2755 36335.0
2756 36335.0
2757 36335.0
2758 36335.0
2759 36335.0
2760 36335.0
2761 36335.0
2762 36335.0
2763 36335.0
2764 36335.0
2765 36335.0
2766 36335.0
2767 36335.0
2768 36335.0
2769 36335.0
2770 36335.0
2771 36335.0
2772 36335.0
2773 36335.0
2774 36335.0
2775 36335.0
2776 36335.0
2777 36335.0
2778 36335.0
2779 36335.0
2780 36335.0
2781 36335.0
2782 36335.0
2783 36335.0
2784 36335.0
2785 36335.0
2786 36335.0
2787 36335.0
2788 36335.0
2789 36335.0
2790 36335.0
2791 36335.0
2792 36335.0
2793 36335.0
2794 36335.0
2795 36335.0
2796 36335.0
2797 36335.0
2798 36335.0
2799 36335.0
2800 36335.0
2801 36335.0
2802 36335.0
2803 36335.0
2804 36335.0
2805 36335.0
2806 36335.0
2807 36335.0
2808 36335.0
2809 36335.0
2810 36335.0
2811 36335.0
2812 36335.0
2813 36335.0
2814 36335.0
2815 36335.0
2816 36335.0
2817 36335.0
2818 36335.0
2819 36335.0
2820 36335.0
2821 36335.0
2822 36335.0
2823 36335.0
2824 36335.0
2825 36335.0
2826 36335.0
2827 36335.0
2828 36335.0
2829 36335.0
2830 36335.0
2831 36335.0
2832 36335.0
2833 36335.0
2834 36335.0
2835 36335.0
2836 36335.0
2837 36335.0
2838 36335.0
2839 36335.0
2840 36335.0
2841 36335.0
2842 36335.0
2843 36335.0
2844 36335.0
2845 36335.0
2846 36335.0
2847 36335.0
2848 36335.0
2849 36335.0
2850 36335.0
2851 36335.0
2852 36335.0
2853 36335.0
2854 36335.0
2855 36335.0
2856 36335.0
2857 36335.0
2858 36335.0
2859 36335.0
2860 36335.0
2861 36335.0
2862 36335.0
2863 36335.0
2864 36335.0
2865 36335.0
2866 36335.0
2867 36335.0
2868 36335.0
2869 36335.0
2870 36335.0
2871 36335.0
2872 36335.0
2873 36335.0
2874 36335.0
2875 36335.0
2876 36335.0
2877 36335.0
2878 36335.0
2879 36335.0
2880 36335.0
2881 36335.0
2882 36335.0
2883 36335.0
2884 36335.0
2885 36335.0
2886 36335.0
2887 36335.0
2888 36335.0
2889 36335.0
2890 36335.0
2891 36335.0
2892 36335.0
2893 36335.0
2894 36335.0
2895 36335.0
2896 36335.0
2897 36335.0
2898 36335.0
2899 36335.0
2900 36335.0
2901 36335.0
2902 36335.0
2903 36335.0
2904 36335.0
2905 36335.0
2906 36335.0
2907 36335.0
2908 36335.0
2909 36335.0
2910 36335.0
2911 36335.0
2912 36335.0
2913 36335.0
2914 36335.0
2915 36335.0
2916 36335.0
2917 36335.0
2918 36335.0
2919 36335.0
2920 36335.0
2921 36335.0
2922 36335.0
2923 36335.0
2924 36335.0
2925 36335.0
2926 36335.0
2927 36335.0
2928 36335.0
2929 36335.0
2930 36335.0
2931 36335.0
2932 36335.0
2933 36335.0
2934 36335.0
2935 36335.0
2936 36335.0
2937 36335.0
2938 36335.0
2939 36335.0
2940 36335.0
2941 36335.0
2942 36335.0
2943 36335.0
2944 36335.0
2945 36335.0
2946 36335.0
2947 36335.0
2948 36335.0
2949 36335.0
2950 36335.0
2951 36335.0
2952 36335.0
2953 36335.0
2954 36335.0
2955 36335.0
2956 36335.0
2957 36335.0
2958 36335.0
2959 36335.0
2960 36335.0
2961 36335.0
2962 36335.0
2963 36335.0
2964 36335.0
2965 36335.0
2966 36335.0
2967 36335.0
2968 36335.0
2969 36335.0
2970 36335.0
2971 36335.0
2972 36335.0
2973 36335.0
2974 36335.0
2975 36335.0
2976 36335.0
2977 36335.0
2978 36335.0
2979 36335.0
2980 36335.0
2981 36335.0
2982 36335.0
2983 36335.0
2984 36335.0
2985 36335.0
2986 36335.0
2987 36335.0
2988 36335.0
2989 36335.0
2990 36335.0
2991 36335.0
2992 36335.0
2993 36335.0
2994 36335.0
2995 36335.0
2996 36335.0
2997 36335.0
2998 36335.0
2999 36335.0
3000 36335.0
3001 36335.0
3002 36335.0
3003 36335.0
3004 36335.0
3005 36335.0
3006 36335.0
3007 36335.0
3008 36335.0
3009 36335.0
3010 36335.0
3011 36335.0
3012 36335.0
3013 36335.0
3014 36335.0
3015 36335.0
3016 36335.0
3017 36335.0
3018 36335.0
3019 36335.0
3020 36335.0
3021 36335.0
3022 36335.0
3023 36335.0
3024 36335.0
3025 36335.0
3026 36335.0
3027 36335.0
3028 36335.0
3029 36335.0
3030 36335.0
3031 36335.0
3032 36335.0
3033 36335.0
3034 36335.0
3035 36335.0
3036 36335.0
3037 36335.0
3038 36335.0
3039 36335.0
3040 36335.0
3041 36335.0
3042 36335.0
3043 36335.0
3044 36335.0
3045 36335.0
3046 36335.0
3047 36335.0
3048 36335.0
3049 36335.0
3050 36335.0
3051 36335.0
3052 36335.0
3053 36335.0
3054 36335.0
3055 36335.0
3056 36335.0
3057 36335.0
3058 36335.0
3059 36335.0
3060 36335.0
3061 36335.0
3062 36335.0
3063 36335.0
3064 36335.0
3065 36335.0
3066 36335.0
3067 36335.0
3068 36335.0
3069 36335.0
3070 36335.0
3071 36335.0
3072 36335.0
3073 36335.0
3074 36335.0
3075 36335.0
3076 36335.0
3077 36335.0
3078 36335.0
3079 36335.0
3080 36335.0
3081 36335.0
3082 36335.0
3083 36335.0
3084 36335.0
3085 36335.0
3086 36335.0
3087 36335.0
3088 36335.0
3089 36335.0
3090 36335.0
3091 36335.0
3092 36335.0
3093 36335.0
3094 36335.0
3095 36335.0
3096 36335.0
3097 36335.0
3098 36335.0
3099 36335.0
3100 36335.0
3101 36335.0
3102 36335.0
3103 36335.0
3104 36335.0
3105 36335.0
3106 36335.0
3107 36335.0
3108 36335.0
3109 36335.0
3110 36335.0
3111 36335.0
3112 36335.0
3113 36335.0
3114 36335.0
3115 36335.0
3116 36335.0
3117 36335.0
3118 36335.0
3119 36335.0
3120 36335.0
3121 36335.0
3122 36335.0
3123 36335.0
3124 36335.0
3125 36335.0
3126 36335.0
3127 36335.0
3128 36335.0
3129 36335.0
3130 36335.0
3131 36335.0
3132 36335.0
3133 36335.0
3134 36335.0
3135 36335.0
3136 36335.0
3137 36335.0
3138 36335.0
3139 36335.0
3140 36335.0
3141 36335.0
3142 36335.0
3143 36335.0
3144 36335.0
3145 36335.0
3146 36335.0
3147 36335.0
3148 36335.0
3149 36335.0
3150 36335.0
3151 36335.0
3152 36335.0
3153 36335.0
3154 36335.0
3155 36335.0
3156 36335.0
3157 36335.0
3158 36335.0
3159 36335.0
3160 36335.0
3161 36335.0
3162 36335.0
3163 36335.0
3164 36335.0
3165 36335.0
3166 36335.0
3167 36335.0
3168 36335.0
3169 36335.0
3170 36335.0
3171 36335.0
3172 36335.0
3173 36335.0
3174 36335.0
3175 36335.0
3176 36335.0
3177 36335.0
3178 36335.0
3179 36335.0
3180 36335.0
3181 36335.0
3182 36335.0
3183 36335.0
3184 36335.0
3185 36335.0
3186 36335.0
3187 36335.0
3188 36335.0
3189 36335.0
3190 36335.0
3191 36335.0
3192 36335.0
3193 36335.0
3194 36335.0
3195 36335.0
3196 36335.0
3197 36335.0
3198 36335.0
3199 36335.0
3200 36335.0
3201 36335.0
3202 36335.0
3203 36335.0
3204 36335.0
3205 36335.0
3206 36335.0
3207 36335.0
3208 36335.0
3209 36335.0
3210 36335.0
3211 36335.0
3212 36335.0
3213 36335.0
3214 36335.0
3215 36335.0
3216 36335.0
3217 36335.0
3218 36335.0
3219 36335.0
3220 36335.0
3221 36335.0
3222 36335.0
3223 36335.0
3224 36335.0
3225 36335.0
3226 36335.0
3227 36335.0
3228 36335.0
3229 36335.0
3230 36335.0
3231 36335.0
3232 36335.0
3233 36335.0
3234 36335.0
3235 36335.0
3236 36335.0
3237 36335.0
3238 36335.0
3239 36335.0
3240 36335.0
3241 36335.0
3242 36335.0
3243 36335.0
3244 36335.0
3245 36335.0
3246 36335.0
3247 36335.0
3248 36335.0
3249 36335.0
3250 36335.0
3251 36335.0
3252 36335.0
3253 36335.0
3254 36335.0
3255 36335.0
3256 36335.0
3257 36335.0
3258 36335.0
3259 36335.0
3260 36335.0
3261 36335.0
3262 36335.0
3263 36335.0
3264 36335.0
3265 36335.0
3266 36335.0
3267 36335.0
3268 36335.0
3269 36335.0
3270 36335.0
3271 36335.0
3272 36335.0
3273 36335.0
3274 36335.0
3275 36335.0
3276 36335.0
3277 36335.0
3278 36335.0
3279 36335.0
3280 36335.0
3281 36335.0
3282 36335.0
3283 36335.0
3284 36335.0
3285 36335.0
3286 36335.0
3287 36335.0
3288 36335.0
3289 36335.0
3290 36335.0
3291 36335.0
3292 36335.0
3293 36335.0
3294 36335.0
3295 36335.0
3296 36335.0
3297 36335.0
3298 36335.0
3299 36335.0
3300 36335.0
3301 36335.0
3302 36335.0
3303 36335.0
3304 36335.0
3305 36075.0
3306 36075.0
3307 36075.0
3308 36075.0
3309 36075.0
3310 36075.0
3311 36075.0
3312 36075.0
3313 36075.0
3314 36075.0
3315 36075.0
3316 36075.0
3317 36075.0
3318 36075.0
3319 36075.0
3320 36075.0
3321 36075.0
3322 36075.0
3323 36075.0
3324 36075.0
3325 36075.0
3326 36075.0
3327 36075.0
3328 36075.0
3329 36075.0
3330 36075.0
3331 36075.0
3332 36075.0
3333 36075.0
3334 36075.0
3335 36075.0
3336 36075.0
3337 36075.0
3338 36075.0
3339 36075.0
3340 36075.0
3341 36075.0
3342 36075.0
3343 36075.0
3344 36075.0
3345 36075.0
3346 36075.0
3347 36075.0
3348 36075.0
3349 36075.0
3350 36075.0
3351 36075.0
3352 36075.0
3353 36075.0
3354 36075.0
3355 36075.0
3356 36075.0
3357 36075.0
3358 36075.0
3359 36075.0
3360 36075.0
3361 36075.0
3362 36075.0
3363 36075.0
3364 36075.0
3365 36075.0
3366 36075.0
3367 36075.0
3368 36075.0
3369 36075.0
3370 36075.0
3371 36075.0
3372 36075.0
3373 36075.0
3374 36075.0
3375 36075.0
3376 36075.0
3377 36075.0
3378 36075.0
3379 36075.0
3380 36075.0
3381 36075.0
3382 36075.0
3383 36075.0
3384 36075.0
3385 36075.0
3386 36075.0
3387 36075.0
3388 36075.0
3389 36075.0
3390 36075.0
3391 36071.0
3392 36071.0
3393 36071.0
3394 36071.0
3395 36071.0
3396 36071.0
3397 36071.0
3398 36071.0
3399 36071.0
3400 36071.0
3401 36071.0
3402 36071.0
3403 36071.0
3404 36071.0
3405 36071.0
3406 36071.0
3407 36071.0
3408 36071.0
3409 36071.0
3410 36071.0
3411 36071.0
3412 36071.0
3413 36071.0
3414 36071.0
3415 36071.0
3416 36071.0
3417 36071.0
3418 36071.0
3419 36071.0
3420 36071.0
3421 36071.0
3422 36071.0
3423 36071.0
3424 36071.0
3425 36071.0
3426 36071.0
3427 36071.0
3428 36071.0
3429 36071.0
3430 36071.0
3431 36071.0
3432 36071.0
3433 36071.0
3434 36071.0
3435 36071.0
3436 36071.0
3437 36071.0
3438 36071.0
3439 36071.0
3440 36071.0
3441 36071.0
3442 36071.0
3443 36071.0
3444 36071.0
3445 36071.0
3446 36071.0
3447 36071.0
3448 36071.0
3449 36071.0
3450 36071.0
3451 36071.0
3452 36071.0
3453 36071.0
3454 36071.0
3455 36071.0
3456 36071.0
3457 36071.0
3458 36071.0
3459 36071.0
3460 36071.0
3461 36071.0
3462 36071.0
3463 36071.0
3464 36071.0
3465 36071.0
3466 36071.0
3467 36071.0
3468 36071.0
3469 36071.0
3470 36071.0
3471 36071.0
3472 36071.0
3473 36071.0
3474 36071.0
3475 36071.0
3476 36071.0
3477 36071.0
3478 36071.0
3479 36071.0
3480 36071.0
3481 36071.0
3482 36071.0
3483 36071.0
3484 36071.0
3485 36071.0
3486 36071.0
3487 36071.0
3488 36071.0
3489 36071.0
3490 36071.0
3491 36071.0
3492 36071.0
3493 36071.0
3494 36071.0
3495 36071.0
3496 36071.0
3497 36071.0
3498 36071.0
3499 36071.0
3500 36071.0
3501 36071.0
3502 36071.0
3503 36071.0
3504 36071.0
3505 36071.0
3506 36071.0
3507 36071.0
3508 36071.0
3509 36071.0
3510 36071.0
3511 36071.0
3512 36071.0
3513 36071.0
3514 36071.0
3515 36071.0
3516 36071.0
3517 36071.0
3518 36071.0
3519 36071.0
3520 36071.0
3521 36071.0
3522 36071.0
3523 36071.0
3524 36071.0
3525 36071.0
3526 36071.0
3527 36071.0
3528 36071.0
3529 36071.0
3530 36071.0
3531 36071.0
3532 36071.0
3533 36071.0
3534 36071.0
3535 36071.0
3536 36071.0
3537 36071.0
3538 36071.0
3539 36071.0
3540 36071.0
3541 36071.0
3542 36071.0
3543 36071.0
3544 36071.0
3545 36071.0
3546 36071.0
3547 36071.0
3548 36071.0
3549 36071.0
3550 36071.0
3551 36071.0
3552 36071.0
3553 36071.0
3554 36071.0
3555 36071.0
3556 36071.0
3557 36071.0
3558 36071.0
3559 36071.0
3560 36071.0
3561 36071.0
3562 36071.0
3563 36071.0
3564 36071.0
3565 36071.0
3566 36071.0
3567 36071.0
3568 36071.0
3569 36071.0
3570 36071.0
3571 36071.0
3572 36071.0
3573 36071.0
3574 36071.0
3575 31982.0
3576 31982.0
3577 31982.0
3578 31982.0
3579 31982.0
3580 31982.0
3581 31982.0
3582 31982.0
3583 31982.0
3584 31982.0
3585 31982.0
3586 31982.0
3587 31982.0
3588 31982.0
3589 31982.0
3590 31982.0
3591 31982.0
3592 31982.0
3593 31982.0
3594 31982.0
3595 31982.0
3596 31982.0
3597 31982.0
3598 31982.0
3599 31982.0
3600 31982.0
3601 31982.0
3602 31982.0
3603 31982.0
3604 31982.0
3605 31982.0
3606 31982.0
3607 31982.0
3608 31982.0
3609 31982.0
3610 31982.0
3611 31982.0
3612 31982.0
3613 31982.0
3614 31982.0
3615 31982.0
3616 31982.0
3617 31982.0
3618 31982.0
3619 31982.0
3620 31982.0
3621 31982.0
3622 31982.0
3623 31982.0
3624 31982.0
3625 31982.0
3626 31982.0
3627 31982.0
3628 31982.0
3629 31982.0
3630 31982.0
3631 31982.0
3632 31982.0
3633 31982.0
3634 31982.0
3635 31982.0
3636 31982.0
3637 31982.0
3638 31982.0
3639 31982.0
3640 31982.0
3641 31982.0
3642 31982.0
3643 31982.0
3644 31982.0
3645 31982.0
3646 31982.0
3647 31982.0
3648 31982.0
3649 31982.0
3650 31982.0
3651 31982.0
3652 31982.0
3653 31982.0
3654 31982.0
3655 31982.0
3656 31982.0
3657 31982.0
3658 31982.0
3659 31982.0
3660 31982.0
3661 31982.0
3662 31982.0
3663 31982.0
3664 31982.0
3665 31982.0
3666 31982.0
3667 31982.0
3668 31982.0
3669 31982.0
3670 31982.0
3671 31982.0
3672 31982.0
3673 31982.0
3674 31982.0
3675 31982.0
3676 31982.0
3677 31982.0
3678 31982.0
3679 31982.0
3680 31982.0
3681 31982.0
3682 31982.0
3683 31982.0
3684 31982.0
3685 31982.0
3686 31982.0
3687 31982.0
3688 31982.0
3689 31982.0
3690 31982.0
3691 31982.0
3692 31982.0
3693 31982.0
3694 31982.0
3695 31982.0
3696 31982.0
3697 31982.0
3698 31982.0
3699 31982.0
3700 31982.0
3701 31982.0
3702 31982.0
3703 31982.0
3704 31982.0
3705 31982.0
3706 31982.0
3707 31982.0
3708 31982.0
3709 31982.0
3710 31982.0
3711 31982.0
3712 31982.0
3713 31982.0
3714 31982.0
3715 31982.0
3716 31982.0
3717 31982.0
3718 31982.0
3719 31982.0
3720 31982.0
3721 31982.0
3722 31982.0
3723 31982.0
3724 31982.0
3725 31982.0
3726 31982.0
3727 31982.0
3728 31982.0
3729 31982.0
3730 31982.0
3731 31982.0
3732 31982.0
3733 31982.0
3734 31982.0
3735 31982.0
3736 31982.0
3737 31982.0
3738 31982.0
3739 31982.0
3740 31982.0
3741 31982.0
3742 31982.0
3743 31982.0
3744 31982.0
3745 31982.0
3746 31982.0
3747 31982.0
3748 31982.0
3749 31982.0
3750 31982.0
3751 31982.0
3752 31982.0
3753 31982.0
3754 31982.0
3755 31982.0
3756 31982.0
3757 31982.0
3758 31982.0
3759 31982.0
3760 31982.0
3761 31982.0
3762 31982.0
3763 31982.0
3764 31982.0
3765 31982.0
3766 31982.0
3767 31982.0
3768 31982.0
3769 31982.0
3770 31982.0
3771 31982.0
3772 31982.0
3773 31982.0
3774 31982.0
3775 31982.0
3776 31982.0
3777 31982.0
3778 31982.0
3779 31982.0
3780 31982.0
3781 31982.0
3782 31982.0
3783 31982.0
3784 31982.0
3785 31982.0
3786 31982.0
3787 31982.0
3788 31982.0
3789 31982.0
3790 31982.0
3791 31982.0
3792 31982.0
3793 31982.0
3794 31982.0
3795 31982.0
3796 31982.0
3797 31982.0
3798 31982.0
3799 31982.0
3800 31982.0
3801 31982.0
3802 31982.0
3803 31982.0
3804 31982.0
3805 31982.0
3806 31982.0
3807 31982.0
3808 31982.0
3809 31982.0
3810 31982.0
3811 31982.0
3812 31982.0
3813 31982.0
3814 31982.0
3815 31982.0
3816 31982.0
3817 31982.0
3818 31982.0
3819 31982.0
3820 31982.0
3821 31982.0
3822 31982.0
3823 31982.0
3824 31982.0
3825 31982.0
3826 31982.0
3827 31982.0
3828 31982.0
3829 31982.0
3830 31982.0
3831 31982.0
3832 31982.0
3833 31982.0
3834 31982.0
3835 31982.0
3836 31982.0
3837 31982.0
3838 31982.0
3839 31982.0
3840 31982.0
3841 31982.0
3842 31982.0
3843 31982.0
3844 31982.0
3845 31982.0
3846 31982.0
3847 31982.0
3848 31982.0
3849 31982.0
3850 31982.0
3851 31982.0
3852 31982.0
3853 31982.0
3854 31982.0
3855 31982.0
3856 31982.0
3857 31982.0
3858 31982.0
3859 31982.0
3860 31982.0
3861 31982.0
3862 31982.0
3863 31982.0
3864 31982.0
3865 31982.0
3866 31982.0
3867 31982.0
3868 31982.0
3869 31982.0
3870 31982.0
3871 31982.0
3872 31982.0
3873 31982.0
3874 31982.0
3875 31982.0
3876 31982.0
3877 31982.0
3878 31982.0
3879 31982.0
3880 31982.0
3881 31982.0
3882 31982.0
3883 31982.0
3884 31982.0
3885 31982.0
3886 31982.0
3887 31982.0
3888 31982.0
3889 31982.0
3890 31982.0
3891 31982.0
3892 31982.0
3893 31982.0
3894 31982.0
3895 31982.0
3896 31982.0
3897 31982.0
3898 31982.0
3899 31982.0
3900 31982.0
3901 31982.0
3902 31982.0
3903 31982.0
3904 31982.0
3905 31982.0
3906 31982.0
3907 31982.0
3908 31982.0
3909 31982.0
3910 31982.0
3911 31982.0
3912 31982.0
3913 31982.0
3914 31982.0
3915 31982.0
3916 31982.0
3917 31982.0
3918 31982.0
3919 31982.0
3920 31982.0
3921 31982.0
3922 31982.0
3923 31982.0
3924 31982.0
3925 31982.0
3926 31982.0
3927 31982.0
3928 31982.0
3929 31982.0
3930 31982.0
3931 31982.0
3932 31982.0
3933 31982.0
3934 31982.0
3935 31982.0
3936 31982.0
3937 31982.0
3938 31982.0
3939 31982.0
3940 31982.0
3941 31982.0
3942 31982.0
3943 31982.0
3944 31982.0
3945 31982.0
3946 31982.0
3947 31982.0
3948 31982.0
3949 31982.0
3950 31982.0
3951 31982.0
3952 31982.0
3953 31982.0
3954 31982.0
3955 31982.0
3956 31982.0
3957 31982.0
3958 31982.0
3959 31982.0
3960 31982.0
3961 31982.0
3962 31982.0
3963 31982.0
3964 31982.0
3965 31982.0
3966 31982.0
3967 31982.0
3968 31982.0
3969 31982.0
3970 31982.0
3971 31982.0
3972 31982.0
3973 31982.0
3974 31982.0
3975 31982.0
3976 31982.0
3977 31982.0
3978 31982.0
3979 31982.0
3980 31982.0
3981 31982.0
3982 31982.0
3983 31982.0
3984 31982.0
3985 31982.0
3986 31982.0
3987 31982.0
3988 31982.0
3989 31982.0
3990 31982.0
3991 31982.0
3992 31982.0
3993 31982.0
3994 31982.0
3995 31982.0
3996 31982.0
3997 31982.0
3998 31982.0
3999 31982.0
4000 31982.0
4001 31982.0
4002 31982.0
4003 31982.0
4004 31982.0
4005 31982.0
4006 31982.0
4007 31982.0
4008 31982.0
4009 31982.0
4010 31982.0
4011 31982.0
4012 31982.0
4013 31982.0
4014 31982.0
4015 31982.0
4016 31982.0
4017 31982.0
4018 31982.0
4019 31982.0
4020 31982.0
4021 31982.0
4022 31982.0
4023 31982.0
4024 31982.0
4025 31982.0
4026 31982.0
4027 31982.0
4028 31982.0
4029 31982.0
4030 31982.0
4031 31982.0
4032 31982.0
4033 31982.0
4034 31982.0
4035 31982.0
4036 31982.0
4037 31982.0
4038 31982.0
4039 31982.0
4040 31982.0
4041 31982.0
4042 31982.0
4043 31982.0
4044 31982.0
4045 31982.0
4046 31982.0
4047 31982.0
4048 31982.0
4049 31982.0
4050 31982.0
4051 31982.0
4052 31982.0
4053 31982.0
4054 31982.0
4055 31982.0
4056 31982.0
4057 31982.0
4058 31982.0
4059 31982.0
4060 31982.0
4061 31982.0
4062 31982.0
4063 31982.0
4064 31982.0
4065 31982.0
4066 31982.0
4067 31982.0
4068 31982.0
4069 31982.0
4070 31982.0
4071 31982.0
4072 31982.0
4073 31982.0
4074 31982.0
4075 31982.0
4076 31982.0
4077 31982.0
4078 31982.0
4079 31982.0
4080 31982.0
4081 31982.0
4082 31982.0
4083 31982.0
4084 31982.0
4085 31982.0
4086 31982.0
4087 31982.0
4088 31982.0
4089 31982.0
4090 31982.0
4091 31982.0
4092 31982.0
4093 31982.0
4094 31982.0
4095 31982.0
4096 31982.0
4097 31982.0
4098 31982.0
4099 31982.0
4100 31982.0
4101 31982.0
4102 31982.0
4103 31982.0
4104 31982.0
4105 31982.0
4106 31982.0
4107 31982.0
4108 31982.0
4109 31982.0
4110 31982.0
4111 31982.0
4112 31982.0
4113 31982.0
4114 31982.0
4115 31982.0
4116 31982.0
4117 31982.0
4118 31982.0
4119 31982.0
4120 31982.0
4121 31982.0
4122 31982.0
4123 31982.0
4124 31982.0
4125 31982.0
4126 31982.0
4127 31982.0
4128 31982.0
4129 31982.0
4130 31982.0
4131 31982.0
4132 31982.0
4133 31982.0
4134 31982.0
4135 31982.0
4136 31982.0
4137 31982.0
4138 31982.0
4139 31982.0
4140 31982.0
4141 31982.0
4142 31982.0
4143 31982.0
4144 31982.0
4145 31982.0
4146 31982.0
4147 31982.0
4148 31982.0
4149 31982.0
4150 31982.0
4151 31982.0
4152 31982.0
4153 31982.0
4154 31982.0
4155 31982.0
4156 31982.0
4157 31982.0
4158 31982.0
4159 31982.0
4160 31982.0
4161 31982.0
4162 31982.0
4163 31982.0
4164 31982.0
4165 31982.0
4166 31982.0
4167 31982.0
4168 31982.0
4169 31982.0
4170 31982.0
4171 31982.0
4172 31982.0
4173 31982.0
4174 31982.0
4175 31982.0
4176 31982.0
4177 31982.0
4178 31982.0
4179 31982.0
4180 31982.0
4181 31982.0
4182 31982.0
4183 31982.0
4184 31982.0
4185 31982.0
4186 31982.0
4187 31982.0
4188 31982.0
4189 31982.0
4190 31982.0
4191 31982.0
4192 31982.0
4193 31982.0
4194 31982.0
4195 31982.0
4196 31982.0
4197 31982.0
4198 31982.0
4199 31982.0
4200 31982.0
4201 31982.0
4202 31982.0
4203 31982.0
4204 31982.0
4205 31982.0
4206 31982.0
4207 31982.0
4208 31982.0
4209 31982.0
4210 31982.0
4211 31982.0
4212 31982.0
4213 31982.0
4214 31982.0
4215 31982.0
4216 31982.0
4217 31982.0
4218 31982.0
4219 31982.0
4220 31982.0
4221 31982.0
4222 31982.0
4223 31982.0
4224 31982.0
4225 31982.0
4226 31982.0
4227 31982.0
4228 31982.0
4229 31982.0
4230 31982.0
4231 31982.0
4232 31982.0
4233 31982.0
4234 31982.0
4235 31982.0
4236 31982.0
4237 31982.0
4238 31982.0
4239 31982.0
4240 31982.0
4241 31982.0
4242 31982.0
4243 31982.0
4244 31982.0
4245 31982.0
4246 31982.0
4247 31982.0
4248 31982.0
4249 31982.0
4250 31982.0
4251 31982.0
4252 31982.0
4253 31982.0
4254 31982.0
4255 31982.0
4256 31982.0
4257 31982.0
4258 31982.0
4259 31982.0
4260 31982.0
4261 31982.0
4262 31982.0
4263 31982.0
4264 31982.0
4265 31982.0
4266 31982.0
4267 31982.0
4268 31982.0
4269 31982.0
4270 31982.0
4271 31982.0
4272 31982.0
4273 31982.0
4274 31982.0
4275 31982.0
4276 31982.0
4277 31982.0
4278 31982.0
4279 31982.0
4280 31982.0
4281 31982.0
4282 31982.0
4283 31982.0
4284 31982.0
4285 31982.0
4286 31982.0
4287 31982.0
4288 31982.0
4289 31982.0
4290 31982.0
4291 31982.0
4292 31982.0
4293 31982.0
4294 31982.0
4295 31982.0
4296 31982.0
4297 31982.0
4298 31982.0
4299 31982.0
4300 31982.0
4301 31982.0
4302 31982.0
4303 31982.0
4304 31982.0
4305 31982.0
4306 31982.0
4307 31982.0
4308 31982.0
4309 31982.0
4310 31982.0
4311 31982.0
4312 31982.0
4313 31982.0
4314 31982.0
4315 31982.0
4316 31982.0
4317 31982.0
4318 31982.0
4319 31982.0
4320 31982.0
4321 31982.0
4322 31982.0
4323 31982.0
4324 31982.0
4325 31982.0
4326 31982.0
4327 31982.0
4328 31982.0
4329 31982.0
4330 31982.0
4331 31982.0
4332 31982.0
4333 31982.0
4334 31982.0
4335 31982.0
4336 31982.0
4337 31982.0
4338 31982.0
4339 31982.0
4340 31982.0
4341 31982.0
4342 31982.0
4343 31982.0
4344 31982.0
4345 31982.0
4346 31982.0
4347 31982.0
4348 31982.0
4349 31982.0
4350 31982.0
4351 31982.0
4352 31982.0
4353 31982.0
4354 31982.0
4355 31982.0
4356 31982.0
4357 31982.0
4358 31982.0
4359 31982.0
4360 31982.0
4361 31982.0
4362 31982.0
4363 31982.0
4364 31982.0
4365 31982.0
4366 31982.0
4367 31982.0
4368 31982.0
4369 31982.0
4370 31982.0
4371 31982.0
4372 31982.0
4373 31982.0
4374 31982.0
4375 31982.0
4376 31982.0
4377 31982.0
4378 31982.0
4379 31982.0
4380 31982.0
4381 31982.0
4382 31982.0
4383 31982.0
4384 31982.0
4385 31982.0
4386 31982.0
4387 31982.0
4388 31982.0
4389 31982.0
4390 31982.0
4391 31982.0
4392 31982.0
4393 31982.0
4394 31982.0
4395 31982.0
4396 31982.0
4397 31982.0
4398 31982.0
4399 31982.0
4400 31982.0
4401 31982.0
4402 31982.0
4403 31982.0
4404 31982.0
4405 31982.0
4406 31982.0
4407 31982.0
4408 31982.0
4409 31982.0
4410 31982.0
4411 31982.0
4412 31982.0
4413 31982.0
4414 31982.0
4415 31982.0
4416 31982.0
4417 31982.0
4418 31982.0
4419 31982.0
4420 31982.0
4421 31982.0
4422 31982.0
4423 31982.0
4424 31982.0
4425 31982.0
4426 31982.0
4427 31982.0
4428 31982.0
4429 31982.0
4430 31982.0
4431 31982.0
4432 31982.0
4433 31982.0
4434 31982.0
4435 31982.0
4436 31982.0
4437 31982.0
4438 31982.0
4439 31982.0
4440 31982.0
4441 31982.0
4442 31982.0
4443 31982.0
4444 31982.0
4445 31982.0
4446 31982.0
4447 31982.0
4448 31982.0
4449 31982.0
4450 31982.0
4451 31982.0
4452 31982.0
4453 31982.0
4454 31982.0
4455 31982.0
4456 31982.0
4457 31982.0
4458 31982.0
4459 31982.0
4460 31982.0
4461 31982.0
4462 31982.0
4463 31982.0
4464 31982.0
4465 31982.0
4466 31982.0
4467 31982.0
4468 31982.0
4469 31982.0
4470 31982.0
4471 31982.0
4472 31982.0
4473 31982.0
4474 31982.0
4475 31982.0
4476 31982.0
4477 31982.0
4478 31982.0
4479 31982.0
4480 31982.0
4481 31982.0
4482 31982.0
4483 31982.0
4484 31982.0
4485 31982.0
4486 31982.0
4487 31982.0
4488 31982.0
4489 31982.0
4490 31982.0
4491 31982.0
4492 31982.0
4493 31982.0
4494 31982.0
4495 31982.0
4496 31982.0
4497 31982.0
4498 31982.0
4499 31982.0
4500 31982.0
4501 31982.0
4502 31982.0
4503 31982.0
4504 31982.0
4505 31982.0
4506 31982.0
4507 31982.0
4508 31982.0
4509 31982.0
4510 31982.0
4511 31982.0
4512 31982.0
4513 31982.0
4514 31982.0
4515 31982.0
4516 31982.0
4517 31982.0
4518 31982.0
4519 31982.0
4520 31982.0
4521 31982.0
4522 31982.0
4523 31982.0
4524 31982.0
4525 31982.0
4526 31982.0
4527 31982.0
4528 31982.0
4529 31982.0
4530 31982.0
4531 31982.0
4532 31982.0
4533 31982.0
4534 31982.0
4535 31982.0
4536 31982.0
4537 31982.0
4538 31982.0
4539 31982.0
4540 31982.0
4541 31982.0
4542 31982.0
4543 31982.0
4544 31982.0
4545 31982.0
4546 31982.0
4547 31982.0
4548 31982.0
4549 31982.0
4550 31982.0
4551 31982.0
4552 31982.0
4553 31982.0
4554 31982.0
4555 31982.0
4556 31982.0
4557 31982.0
4558 31982.0
4559 31982.0
4560 31982.0
4561 31982.0
4562 31982.0
4563 31982.0
4564 31982.0
4565 31982.0
4566 31982.0
4567 31982.0
4568 31982.0
4569 31982.0
4570 31982.0
4571 31982.0
4572 31982.0
4573 31982.0
4574 31982.0
4575 31982.0
4576 31982.0
4577 31982.0
4578 31982.0
4579 31982.0
4580 31982.0
4581 31982.0
4582 31982.0
4583 31982.0
4584 31982.0
4585 31982.0
4586 31982.0
4587 31982.0
4588 31982.0
4589 31982.0
4590 31982.0
4591 31982.0
4592 31982.0
4593 31982.0
4594 31982.0
4595 31982.0
4596 31982.0
4597 31982.0
4598 31982.0
4599 31982.0
4600 31982.0
4601 31982.0
4602 31982.0
4603 31982.0
4604 31982.0
4605 31982.0
4606 31982.0
4607 31982.0
4608 31982.0
4609 31982.0
4610 31982.0
4611 31982.0
4612 31982.0
4613 31982.0
4614 31982.0
4615 31982.0
4616 31982.0
4617 31982.0
4618 31982.0
4619 31982.0
4620 31982.0
4621 31982.0
4622 31982.0
4623 31982.0
4624 31982.0
4625 31982.0
4626 31982.0
4627 31982.0
4628 31982.0
4629 31982.0
4630 31982.0
4631 31982.0
4632 31982.0
4633 31982.0
4634 31982.0
4635 31982.0
4636 31982.0
4637 31982.0
4638 31982.0
4639 31982.0
4640 31982.0
4641 31982.0
4642 31982.0
4643 31982.0
4644 31982.0
4645 31982.0
4646 31982.0
4647 31982.0
4648 31982.0
4649 31982.0
4650 31982.0
4651 31982.0
4652 31982.0
4653 31982.0
4654 31982.0
4655 31982.0
4656 31982.0
4657 31982.0
4658 31982.0
4659 31982.0
4660 31982.0
4661 31982.0
4662 31982.0
4663 31982.0
4664 31982.0
4665 31982.0
4666 31982.0
4667 31982.0
4668 31982.0
4669 31982.0
4670 31982.0
4671 31982.0
4672 31982.0
4673 31982.0
4674 31982.0
4675 31982.0
4676 31982.0
4677 31982.0
4678 31982.0
4679 31982.0
4680 31982.0
4681 31982.0
4682 31982.0
4683 31982.0
4684 31982.0
4685 31982.0
4686 31982.0
4687 31982.0
4688 31982.0
4689 31982.0
4690 31982.0
4691 31982.0
4692 31982.0
4693 31982.0
4694 31982.0
4695 31982.0
4696 31982.0
4697 31982.0
4698 31982.0
4699 31982.0
4700 31982.0
4701 31982.0
4702 31982.0
4703 31982.0
4704 31982.0
4705 31982.0
4706 31982.0
4707 31982.0
4708 31982.0
4709 31982.0
4710 31982.0
4711 31982.0
4712 31982.0
4713 31982.0
4714 31982.0
4715 31982.0
4716 31982.0
4717 31982.0
4718 31982.0
4719 31982.0
4720 31982.0
4721 31982.0
4722 31982.0
4723 31982.0
4724 31982.0
4725 31982.0
4726 31982.0
4727 31982.0
4728 31982.0
4729 31982.0
4730 31982.0
4731 31982.0
4732 31982.0
4733 31982.0
4734 31982.0
4735 31982.0
4736 31982.0
4737 31982.0
4738 31982.0
4739 31982.0
4740 31982.0
4741 31982.0
4742 31982.0
4743 31982.0
4744 31982.0
4745 31982.0
4746 31982.0
4747 31982.0
4748 31982.0
4749 31982.0
4750 31982.0
4751 31982.0
4752 31982.0
4753 31982.0
4754 31982.0
4755 31982.0
4756 31982.0
4757 31982.0
4758 31982.0
4759 31982.0
4760 31982.0
4761 31982.0
4762 31982.0
4763 31982.0
4764 31982.0
4765 31982.0
4766 31982.0
4767 31982.0
4768 31982.0
4769 31982.0
4770 31982.0
4771 31982.0
4772 31982.0
4773 31982.0
4774 31982.0
4775 31982.0
4776 31982.0
4777 31982.0
4778 31982.0
4779 31982.0
4780 31982.0
4781 31982.0
4782 31982.0
4783 31982.0
4784 31982.0
4785 31982.0
4786 31982.0
4787 31982.0
4788 31982.0
4789 31982.0
4790 31982.0
4791 31982.0
4792 31982.0
4793 31982.0
4794 31982.0
4795 31982.0
4796 31982.0
4797 31982.0
4798 31982.0
4799 31982.0
4800 31982.0
4801 31982.0
4802 31982.0
4803 31982.0
4804 31982.0
4805 31982.0
4806 31982.0
4807 31982.0
4808 31982.0
4809 31982.0
4810 31982.0
4811 31982.0
4812 31982.0
4813 31982.0
4814 31982.0
4815 31982.0
4816 31982.0
4817 31982.0
4818 31982.0
4819 31982.0
4820 31982.0
4821 31982.0
4822 31982.0
4823 31982.0
4824 31982.0
4825 31982.0
4826 31982.0
4827 31982.0
4828 31982.0
4829 31982.0
4830 31982.0
4831 31982.0
4832 31982.0
4833 31982.0
4834 31982.0
4835 31982.0
4836 31982.0
4837 31982.0
4838 31982.0
4839 31982.0
4840 31982.0
4841 31982.0
4842 31982.0
4843 31982.0
4844 31982.0
4845 31982.0
4846 31982.0
4847 31982.0
4848 31982.0
4849 31982.0
4850 31982.0
4851 31982.0
4852 31982.0
4853 31982.0
4854 31982.0
4855 31982.0
4856 31982.0
4857 31982.0
4858 31982.0
4859 31982.0
4860 31982.0
4861 31982.0
4862 31982.0
4863 31982.0
4864 31982.0
4865 31982.0
4866 31982.0
4867 31982.0
4868 31982.0
4869 31982.0
4870 31982.0
4871 31982.0
4872 31982.0
4873 31982.0
4874 31982.0
4875 31982.0
4876 31982.0
4877 31982.0
4878 31982.0
4879 31982.0
4880 31982.0
4881 31982.0
4882 31982.0
4883 31982.0
4884 31982.0
4885 31982.0
4886 31982.0
4887 31982.0
4888 31982.0
4889 31982.0
4890 31982.0
4891 31982.0
4892 31982.0
4893 31982.0
4894 31982.0
4895 31982.0
4896 31982.0
4897 31982.0
4898 31982.0
4899 31982.0
4900 31982.0
4901 31982.0
4902 31982.0
4903 31982.0
4904 31982.0
4905 31982.0
4906 31982.0
4907 31982.0
4908 31982.0
4909 31982.0
4910 31982.0
4911 31982.0
4912 31982.0
4913 31982.0
4914 31982.0
4915 31982.0
4916 31982.0
4917 31982.0
4918 31982.0
4919 31982.0
4920 31982.0
4921 31982.0
4922 31982.0
4923 31982.0
4924 31982.0
4925 31982.0
4926 31982.0
4927 31982.0
4928 31982.0
4929 31982.0
4930 31982.0
4931 31982.0
4932 31982.0
4933 31982.0
4934 31982.0
4935 31982.0
4936 31982.0
4937 31982.0
4938 31982.0
4939 31982.0
4940 31982.0
4941 31982.0
4942 31982.0
4943 31982.0
4944 31982.0
4945 31982.0
4946 31982.0
4947 31982.0
4948 31982.0
4949 31982.0
4950 31982.0
4951 31982.0
4952 31982.0
4953 31982.0
4954 31982.0
4955 31982.0
4956 31982.0
4957 31982.0
4958 31982.0
4959 31982.0
4960 31982.0
4961 31982.0
4962 31982.0
4963 31982.0
4964 31982.0
4965 31982.0
4966 31982.0
4967 31982.0
4968 31982.0
4969 31982.0
4970 31982.0
4971 31982.0
4972 31982.0
4973 31982.0
4974 31982.0
4975 31982.0
4976 31982.0
4977 31982.0
4978 31982.0
4979 31982.0
4980 31982.0
4981 31982.0
4982 31982.0
4983 31982.0
4984 31982.0
4985 31982.0
4986 31982.0
4987 31982.0
4988 31982.0
4989 31982.0
4990 31982.0
4991 31982.0
4992 31982.0
4993 31982.0
4994 31982.0
4995 31982.0
4996 31982.0
4997 31982.0
4998 31982.0
4999 31982.0
