0 268300.0
1 266837.0
2 266107.0
3 264650.0
4 263924.0
5 262474.0
6 261751.0
7 260307.0
8 260307.0
9 259587.0
10 258872.0
11 258153.0
12 258153.0
13 258153.0
14 258153.0
15 256003.0
16 256003.0
17 256003.0
18 256003.0
19 256003.0
20 253864.0
21 252441.0
22 251731.0
23 251022.0
24 250314.0
25 248199.0
26 248199.0
27 246793.0
28 246793.0
29 246091.0
30 246091.0
31 245390.0
32 245390.0
33 245390.0
34 243992.0
35 243992.0
36 243992.0
37 243294.0
38 243294.0
39 242597.0
40 241901.0
41 241901.0
42 241901.0
43 241901.0
44 241901.0
45 241206.0
46 238439.0
47 237060.0
48 237060.0
49 236372.0
50 235000.0
51 235000.0
52 235000.0
53 235000.0
54 235000.0
55 235000.0
56 235000.0
57 235000.0
58 235000.0
59 235000.0
60 234315.0
61 234315.0
62 234315.0
63 234315.0
64 234315.0
65 234315.0
66 233631.0
67 233631.0
68 233631.0
69 233631.0
70 233631.0
71 233631.0
72 233631.0
73 233631.0
74 233631.0
75 233631.0
76 233631.0
77 233631.0
78 233631.0
79 232948.0
80 232948.0
81 232948.0
82 232948.0
83 232948.0
84 232266.0
85 232266.0
86 232266.0
87 232266.0
88 231585.0
89 230905.0
90 230905.0
91 230226.0
92 227526.0
93 227526.0
94 227526.0
95 227526.0
96 227526.0
97 227526.0
98 227526.0
99 227526.0
100 227526.0
101 227526.0
102 226179.0
103 225507.0
104 225507.0
105 225507.0
106 224836.0
107 224836.0
108 224836.0
109 224836.0
110 223497.0
111 223497.0
112 222830.0
113 222830.0
114 222830.0
115 222830.0
116 222830.0
117 222830.0
118 222163.0
119 222163.0
120 222163.0
121 222163.0
122 222163.0
123 222163.0
124 221497.0
125 221497.0
126 221497.0
127 221497.0
128 221497.0
129 221497.0
130 221497.0
131 218848.0
132 218848.0
133 217528.0
134 216212.0
135 216212.0
136 215555.0
137 215555.0
138 215555.0
139 215555.0
140 215555.0
141 215555.0
142 215555.0
143 215555.0
144 214899.0
145 214899.0
146 214899.0
147 214899.0
148 214899.0
149 214899.0
150 214899.0
151 214899.0
152 214899.0
153 214899.0
154 214899.0
155 214244.0
156 214244.0
157 214244.0
158 214244.0
159 214244.0
160 214244.0
161 212937.0
162 212937.0
163 212285.0
164 212285.0
165 212285.0
166 211634.0
167 211634.0
168 211634.0
169 211634.0
170 211634.0
171 211634.0
172 209690.0
173 209690.0
174 209690.0
175 209690.0
176 207755.0
177 206471.0
178 205844.0
179 205844.0
180 205844.0
181 205844.0
182 205844.0
183 205844.0
184 205844.0
185 205844.0
186 205844.0
187 205844.0
188 205844.0
189 203924.0
190 203287.0
191 203287.0
192 203287.0
193 203287.0
194 202650.0
195 202650.0
196 202650.0
197 202014.0
198 202014.0
199 202014.0
200 202014.0
201 201379.0
202 201379.0
203 201379.0
204 201379.0
205 201379.0
206 201379.0
207 201379.0
208 201379.0
209 200745.0
210 200112.0
211 199480.0
212 199480.0
213 198861.0
214 198861.0
215 198861.0
216 198861.0
217 198231.0
218 198231.0
219 198231.0
220 198231.0
221 197602.0
222 197602.0
223 197602.0
224 197602.0
225 197602.0
226 197602.0
227 197602.0
228 197602.0
229 197602.0
230 197602.0
231 197602.0
232 197602.0
233 196974.0
234 196347.0
235 196347.0
236 196347.0
237 196347.0
238 196347.0
239 195096.0
240 195096.0
241 194475.0
242 194475.0
243 194475.0
244 193230.0
245 193230.0
246 193230.0
247 192609.0
248 192609.0
249 192609.0
250 192012.0
251 191394.0
252 191394.0
253 191394.0
254 191394.0
255 191394.0
256 191394.0
257 191394.0
258 191394.0
259 191394.0
260 191394.0
261 191394.0
262 191394.0
263 191394.0
264 190160.0
265 190160.0
266 190160.0
267 188929.0
268 188318.0
269 188318.0
270 188318.0
271 187706.0
272 187706.0
273 187706.0
274 187706.0
275 187706.0
276 187706.0
277 187706.0
278 187706.0
279 187706.0
280 187706.0
281 187706.0
282 187706.0
283 187094.0
284 187094.0
285 187094.0
286 187094.0
287 187094.0
288 187094.0
289 187094.0
290 187094.0
291 187094.0
292 185873.0
293 184657.0
294 184657.0
295 184657.0
296 184657.0
297 184657.0
298 184657.0
299 184657.0
300 184050.0
301 184050.0
302 183444.0
303 183444.0
304 183444.0
305 183444.0
306 183444.0
307 183444.0
308 183444.0
309 182842.0
310 182842.0
311 182238.0
312 182238.0
313 182238.0
314 182238.0
315 182238.0
316 182238.0
317 182238.0
318 182238.0
319 182238.0
320 182238.0
321 182238.0
322 182238.0
323 182238.0
324 182238.0
325 182238.0
326 182238.0
327 182238.0
328 182238.0
329 182238.0
330 182238.0
331 182238.0
332 182238.0
333 182238.0
334 182238.0
335 182238.0
336 182238.0
337 182238.0
338 182238.0
339 181635.0
340 181635.0
341 181635.0
342 181635.0
343 181635.0
344 181635.0
345 181635.0
346 181635.0
347 181635.0
348 181635.0
349 181033.0
350 181033.0
351 181033.0
352 181033.0
353 180432.0
354 179832.0
355 179832.0
356 179832.0
357 179832.0
358 179832.0
359 179832.0
360 179832.0
361 179832.0
362 179832.0
363 179832.0
364 179832.0
365 179832.0
366 179832.0
367 179832.0
368 179832.0
369 179832.0
370 179832.0
371 179832.0
372 179832.0
373 179832.0
374 179832.0
375 179832.0
376 179832.0
377 179832.0
378 179832.0
379 179832.0
380 179832.0
381 179832.0
382 179832.0
383 179832.0
384 179832.0
385 179832.0
386 179233.0
387 179233.0
388 179233.0
389 178635.0
390 178635.0
391 178635.0
392 176270.0
393 176270.0
394 176270.0
395 176270.0
396 175679.0
397 175679.0
398 175679.0
399 175679.0
400 175679.0
401 175679.0
402 175679.0
403 175088.0
404 173908.0
405 173908.0
406 173908.0
407 173908.0
408 173908.0
409 173908.0
410 173908.0
411 173908.0
412 173320.0
413 173320.0
414 173320.0
415 173320.0
416 173320.0
417 173320.0
418 173320.0
419 173320.0
420 173320.0
421 173320.0
422 173320.0
423 173320.0
424 173320.0
425 173320.0
426 173320.0
427 173320.0
428 172732.0
429 172732.0
430 172732.0
431 172732.0
432 172732.0
433 172732.0
434 172732.0
435 172732.0
436 172732.0
437 172146.0
438 172146.0
439 172146.0
440 172146.0
441 172146.0
442 172146.0
443 172146.0
444 172146.0
445 172146.0
446 170977.0
447 170394.0
448 170394.0
449 170394.0
450 170394.0
451 170394.0
452 170394.0
453 170394.0
454 169229.0
455 168657.0
456 168657.0
457 168657.0
458 168657.0
459 166921.0
460 166921.0
461 166921.0
462 166921.0
463 166921.0
464 166921.0
465 166921.0
466 166345.0
467 166345.0
468 166345.0
469 166345.0
470 165769.0
471 165769.0
472 165769.0
473 165195.0
474 164621.0
475 164621.0
476 164621.0
477 164621.0
478 164621.0
479 164621.0
480 164621.0
481 164621.0
482 164621.0
483 164621.0
484 164621.0
485 164621.0
486 164621.0
487 164621.0
488 164621.0
489 164621.0
490 164621.0
491 164621.0
492 164621.0
493 164621.0
494 164621.0
495 164621.0
496 164621.0
497 164621.0
498 164621.0
499 164050.0
500 164050.0
501 164050.0
502 164050.0
503 164050.0
504 164050.0
505 164050.0
506 164050.0
507 164050.0
508 164050.0
509 163481.0
510 163481.0
511 163481.0
512 163481.0
513 163481.0
514 163481.0
515 163481.0
516 163481.0
517 163481.0
518 163481.0
519 162910.0
520 162910.0
521 162910.0
522 162910.0
523 162910.0
524 162910.0
525 162910.0
526 162910.0
527 162910.0
528 162910.0
529 162910.0
530 162910.0
531 162910.0
532 162910.0
533 162910.0
534 162910.0
535 162910.0
536 162910.0
537 162910.0
538 162910.0
539 161772.0
540 161772.0
541 161772.0
542 161772.0
543 161772.0
544 161772.0
545 161772.0
546 161772.0
547 161772.0
548 161772.0
549 161772.0
550 161772.0
551 161772.0
552 161772.0
553 161772.0
554 161772.0
555 161772.0
556 161772.0
557 161772.0
558 161772.0
559 161772.0
560 161772.0
561 161772.0
562 161772.0
563 161772.0
564 161772.0
565 161772.0
566 161772.0
567 161772.0
568 161772.0
569 161772.0
570 161772.0
571 156733.0
572 156193.0
573 156193.0
574 156193.0
575 156193.0
576 155637.0
577 154526.0
578 154526.0
579 153971.0
580 153971.0
581 153971.0
582 153971.0
583 153971.0
584 153971.0
585 153971.0
586 153971.0
587 153971.0
588 153971.0
589 153971.0
590 153971.0
591 153971.0
592 153971.0
593 153420.0
594 153420.0
595 153420.0
596 153420.0
597 153420.0
598 153420.0
599 153420.0
600 153420.0
601 153420.0
602 153420.0
603 152867.0
604 152867.0
605 152867.0
606 152867.0
607 152867.0
608 152858.0
609 152325.0
610 152325.0
611 152325.0
612 152325.0
613 152325.0
614 152325.0
615 152325.0
616 152325.0
617 152325.0
618 152325.0
619 152325.0
620 152325.0
621 152325.0
622 152325.0
623 151225.0
624 151225.0
625 151225.0
626 151225.0
627 150691.0
628 150143.0
629 150143.0
630 150143.0
631 150143.0
632 150143.0
633 150143.0
634 150143.0
635 150143.0
636 150143.0
637 150143.0
638 150143.0
639 150143.0
640 150143.0
641 150143.0
642 149599.0
643 149053.0
644 149053.0
645 149053.0
646 149053.0
647 149053.0
648 149053.0
649 149053.0
650 149053.0
651 149053.0
652 149053.0
653 149053.0
654 149053.0
655 148517.0
656 148517.0
657 148517.0
658 148517.0
659 147973.0
660 147440.0
661 147440.0
662 147440.0
663 147440.0
664 147440.0
665 147440.0
666 147440.0
667 147440.0
668 147440.0
669 146358.0
670 146358.0
671 146358.0
672 146358.0
673 146358.0
674 146358.0
675 146358.0
676 146358.0
677 146358.0
678 146358.0
679 146358.0
680 146358.0
681 146358.0
682 145819.0
683 145819.0
684 145819.0
685 145819.0
686 145281.0
687 145281.0
688 144750.0
689 144750.0
690 144750.0
691 144750.0
692 144750.0
693 144750.0
694 144750.0
695 144750.0
696 144750.0
697 144750.0
698 144750.0
699 144750.0
700 144750.0
701 144750.0
702 144750.0
703 144748.0
704 144713.0
705 144214.0
706 144214.0
707 144214.0
708 144214.0
709 144214.0
710 144214.0
711 144214.0
712 144214.0
713 144214.0
714 144214.0
715 144214.0
716 144214.0
717 144214.0
718 144214.0
719 144214.0
720 143678.0
721 142612.0
722 142612.0
723 142612.0
724 142612.0
725 142079.0
726 142079.0
727 142079.0
728 142079.0
729 142079.0
730 142079.0
731 142079.0
732 142079.0
733 142079.0
734 142079.0
735 142079.0
736 142079.0
737 139959.0
738 139959.0
739 139959.0
740 139434.0
741 139434.0
742 139434.0
743 139434.0
744 139434.0
745 139434.0
746 139434.0
747 139434.0
748 139434.0
749 139434.0
750 139434.0
751 139434.0
752 139434.0
753 139434.0
754 139434.0
755 139434.0
756 139434.0
757 139434.0
758 139434.0
759 139434.0
760 139434.0
761 139434.0
762 139434.0
763 139434.0
764 139434.0
765 139434.0
766 138907.0
767 138907.0
768 138907.0
769 138907.0
770 138907.0
771 138907.0
772 138907.0
773 138381.0
774 138381.0
775 138381.0
776 138381.0
777 138381.0
778 138381.0
779 138381.0
780 138381.0
781 138381.0
782 138381.0
783 138381.0
784 138381.0
785 138381.0
786 138381.0
787 138381.0
788 138381.0
789 138381.0
790 138381.0
791 138381.0
792 138381.0
793 138381.0
794 138381.0
795 138381.0
796 138381.0
797 138381.0
798 138381.0
799 138381.0
800 137857.0
801 137857.0
802 137857.0
803 137857.0
804 137857.0
805 137857.0
806 137857.0
807 137857.0
808 137857.0
809 137333.0
810 137333.0
811 137333.0
812 137333.0
813 137333.0
814 137333.0
815 137333.0
816 137333.0
817 137333.0
818 137333.0
819 137333.0
820 137333.0
821 137333.0
822 136289.0
823 136289.0
824 136289.0
825 136289.0
826 136289.0
827 136289.0
828 136289.0
829 136289.0
830 136289.0
831 136289.0
832 136289.0
833 136289.0
834 136289.0
835 136289.0
836 136289.0
837 136289.0
838 135771.0
839 135251.0
840 135251.0
841 135251.0
842 135251.0
843 135251.0
844 135251.0
845 135251.0
846 135251.0
847 135251.0
848 135251.0
849 135251.0
850 135251.0
851 135251.0
852 134732.0
853 134732.0
854 134732.0
855 134732.0
856 134732.0
857 134732.0
858 134732.0
859 134732.0
860 134732.0
861 134732.0
862 134732.0
863 134732.0
864 134732.0
865 134732.0
866 134732.0
867 134732.0
868 134732.0
869 134732.0
870 134732.0
871 134732.0
872 134732.0
873 134732.0
874 134732.0
875 134732.0
876 134732.0
877 134732.0
878 134732.0
879 134732.0
880 134732.0
881 134732.0
882 134732.0
883 134732.0
884 134732.0
885 134732.0
886 134732.0
887 134732.0
888 134732.0
889 134732.0
890 134732.0
891 134732.0
892 134732.0
893 134732.0
894 133184.0
895 133184.0
896 133184.0
897 133184.0
898 133184.0
899 133184.0
900 133184.0
901 133184.0
902 133184.0
903 133184.0
904 133184.0
905 133184.0
906 133184.0
907 133184.0
908 132235.0
909 132235.0
910 132235.0
911 132235.0
912 132235.0
913 132235.0
914 132235.0
915 132235.0
916 132235.0
917 132235.0
918 132235.0
919 132235.0
920 131214.0
921 131214.0
922 131214.0
923 131214.0
924 131214.0
925 131214.0
926 131214.0
927 131214.0
928 131214.0
929 131214.0
930 131214.0
931 131214.0
932 131214.0
933 131214.0
934 131214.0
935 131214.0
936 131214.0
937 131214.0
938 131214.0
939 131214.0
940 131214.0
941 131214.0
942 131214.0
943 131214.0
944 131214.0
945 131214.0
946 131214.0
947 131214.0
948 131214.0
949 131214.0
950 131214.0
951 131214.0
952 131214.0
953 130733.0
954 130733.0
955 130733.0
956 130733.0
957 130733.0
958 130733.0
959 130733.0
960 130733.0
961 130733.0
962 130733.0
963 130223.0
964 130223.0
965 130223.0
966 130223.0
967 130223.0
968 130223.0
969 130223.0
970 130223.0
971 130223.0
972 129736.0
973 129736.0
974 129736.0
975 129736.0
976 129736.0
977 129228.0
978 129228.0
979 129228.0
980 129228.0
981 129228.0
982 128736.0
983 128736.0
984 128736.0
985 128736.0
986 128736.0
987 128736.0
988 128736.0
989 128736.0
990 128736.0
991 128736.0
992 128736.0
993 128736.0
994 128736.0
995 128736.0
996 128736.0
997 128266.0
998 127769.0
999 127769.0
1000 127270.0
1001 127270.0
1002 127270.0
1003 127270.0
1004 127270.0
1005 127270.0
1006 127270.0
1007 127270.0
1008 126266.0
1009 126266.0
1010 126266.0
1011 126266.0
1012 126266.0
1013 125765.0
1014 125736.0
1015 125736.0
1016 125255.0
1017 124759.0
1018 124752.0
1019 123272.0
1020 122808.0
1021 122808.0
1022 122808.0
1023 122808.0
1024 122808.0
1025 122808.0
1026 122808.0
1027 122808.0
1028 122808.0
1029 122808.0
1030 122808.0
1031 122808.0
1032 122808.0
1033 122808.0
1034 122808.0
1035 122808.0
1036 122808.0
1037 122314.0
1038 121824.0
1039 121824.0
1040 121824.0
1041 121752.0
1042 120876.0
1043 120876.0
1044 120876.0
1045 120386.0
1046 120386.0
1047 120386.0
1048 120386.0
1049 120386.0
1050 120386.0
1051 120386.0
1052 120386.0
1053 120386.0
1054 120386.0
1055 120386.0
1056 120386.0
1057 120386.0
1058 120386.0
1059 120386.0
1060 120386.0
1061 120386.0
1062 120386.0
1063 120386.0
1064 119898.0
1065 119898.0
1066 119898.0
1067 119898.0
1068 119898.0
1069 119898.0
1070 119898.0
1071 119423.0
1072 119423.0
1073 119423.0
1074 118941.0
1075 118941.0
1076 118941.0
1077 118941.0
1078 118941.0
1079 118941.0
1080 118941.0
1081 118455.0
1082 117976.0
1083 117976.0
1084 117976.0
1085 117976.0
1086 117492.0
1087 117492.0
1088 117492.0
1089 117492.0
1090 117492.0
1091 117492.0
1092 117492.0
1093 117492.0
1094 117492.0
1095 117018.0
1096 117018.0
1097 117018.0
1098 117018.0
1099 116536.0
1100 116536.0
1101 116536.0
1102 116536.0
1103 116536.0
1104 116536.0
1105 116536.0
1106 116536.0
1107 116536.0
1108 116536.0
1109 116536.0
1110 116536.0
1111 116536.0
1112 115097.0
1113 115097.0
1114 115097.0
1115 115097.0
1116 115097.0
1117 115097.0
1118 115097.0
1119 115097.0
1120 115097.0
1121 115097.0
1122 115097.0
1123 115097.0
1124 115097.0
1125 115097.0
1126 115097.0
1127 115097.0
1128 114648.0
1129 114648.0
1130 114648.0
1131 114648.0
1132 114648.0
1133 114648.0
1134 112288.0
1135 112288.0
1136 112288.0
1137 112288.0
1138 112288.0
1139 112288.0
1140 112288.0
1141 112288.0
1142 112288.0
1143 112288.0
1144 111841.0
1145 111841.0
1146 111841.0
1147 111841.0
1148 111841.0
1149 111370.0
1150 111370.0
1151 111370.0
1152 109037.0
1153 109037.0
1154 109037.0
1155 109037.0
1156 109037.0
1157 109037.0
1158 109037.0
1159 109037.0
1160 109037.0
1161 109037.0
1162 108613.0
1163 108613.0
1164 108613.0
1165 108613.0
1166 108613.0
1167 108149.0
1168 108149.0
1169 108149.0
1170 108149.0
1171 108149.0
1172 108149.0
1173 108149.0
1174 108149.0
1175 108149.0
1176 108149.0
1177 107785.0
1178 106863.0
1179 106863.0
1180 106863.0
1181 106863.0
1182 106863.0
1183 106863.0
1184 106403.0
1185 105043.0
1186 103680.0
1187 103680.0
1188 103680.0
1189 103680.0
1190 103680.0
1191 103680.0
1192 103680.0
1193 103680.0
1194 103680.0
1195 103680.0
1196 103680.0
1197 103680.0
1198 103680.0
1199 103680.0
1200 103680.0
1201 103680.0
1202 103680.0
1203 103680.0
1204 103680.0
1205 103680.0
1206 102815.0
1207 102815.0
1208 102815.0
1209 102815.0
1210 102815.0
1211 102815.0
1212 102815.0
1213 102815.0
1214 102815.0
1215 102815.0
1216 102815.0
1217 102815.0
1218 102815.0
1219 102815.0
1220 102815.0
1221 102365.0
1222 101917.0
1223 101917.0
1224 101473.0
1225 101473.0
1226 101029.0
1227 100601.0
1228 100155.0
1229 100155.0
1230 100155.0
1231 100155.0
1232 100155.0
1233 100155.0
1234 100155.0
1235 99346.0
1236 99346.0
1237 99346.0
1238 99346.0
1239 99346.0
1240 99118.0
1241 99118.0
1242 99118.0
1243 99118.0
1244 98676.0
1245 98676.0
1246 98676.0
1247 98676.0
1248 98676.0
1249 98676.0
1250 98676.0
1251 98676.0
1252 98676.0
1253 98676.0
1254 98676.0
1255 98676.0
1256 98676.0
1257 98676.0
1258 98676.0
1259 98676.0
1260 98676.0
1261 98676.0
1262 98676.0
1263 98676.0
1264 98676.0
1265 98676.0
1266 98676.0
1267 98248.0
1268 98248.0
1269 98248.0
1270 97808.0
1271 97808.0
1272 97808.0
1273 97808.0
1274 97808.0
1275 97808.0
1276 97808.0
1277 97808.0
1278 97808.0
1279 97808.0
1280 97808.0
1281 97808.0
1282 97808.0
1283 97808.0
1284 97808.0
1285 97808.0
1286 97808.0
1287 97808.0
1288 97808.0
1289 97808.0
1290 97808.0
1291 97534.0
1292 97102.0
1293 97102.0
1294 95884.0
1295 95884.0
1296 95884.0
1297 95884.0
1298 91644.0
1299 91644.0
1300 91644.0
1301 91644.0
1302 91644.0
1303 91644.0
1304 91644.0
1305 91644.0
1306 91644.0
1307 91644.0
1308 91380.0
1309 91380.0
1310 90958.0
1311 90249.0
1312 90249.0
1313 90249.0
1314 90249.0
1315 90249.0
1316 90024.0
1317 90024.0
1318 90024.0
1319 90024.0
1320 90024.0
1321 89646.0
1322 89646.0
1323 89646.0
1324 89646.0
1325 89646.0
1326 89646.0
1327 89646.0
1328 89646.0
1329 89646.0
1330 89646.0
1331 88393.0
1332 87984.0
1333 87846.0
1334 87846.0
1335 87846.0
1336 87846.0
1337 87846.0
1338 87846.0
1339 87432.0
1340 87432.0
1341 87432.0
1342 87432.0
1343 86608.0
1344 86608.0
1345 86608.0
1346 86608.0
1347 86538.0
1348 86128.0
1349 84504.0
1350 84118.0
1351 84118.0
1352 83714.0
1353 83714.0
1354 83714.0
1355 83714.0
1356 83714.0
1357 83714.0
1358 83714.0
1359 83714.0
1360 83714.0
1361 83714.0
1362 83714.0
1363 83714.0
1364 83714.0
1365 83714.0
1366 83714.0
1367 83714.0
1368 83582.0
1369 83582.0
1370 83582.0
1371 83559.0
1372 83559.0
1373 83559.0
1374 83559.0
1375 83471.0
1376 82789.0
1377 82391.0
1378 82391.0
1379 82391.0
1380 82391.0
1381 82391.0
1382 82391.0
1383 82391.0
1384 82391.0
1385 82391.0
1386 82391.0
1387 82391.0
1388 82391.0
1389 82391.0
1390 82391.0
1391 82391.0
1392 82391.0
1393 82391.0
1394 82391.0
1395 82391.0
1396 82391.0
1397 82032.0
1398 81066.0
1399 81066.0
1400 81066.0
1401 81066.0
1402 81066.0
1403 81066.0
1404 81066.0
1405 81066.0
1406 81066.0
1407 80275.0
1408 80275.0
1409 80275.0
1410 80275.0
1411 80275.0
1412 80275.0
1413 80275.0
1414 80275.0
1415 80275.0
1416 80275.0
1417 80275.0
1418 80275.0
1419 80275.0
1420 80275.0
1421 80275.0
1422 80012.0
1423 79991.0
1424 79991.0
1425 79991.0
1426 79991.0
1427 79991.0
1428 79991.0
1429 79991.0
1430 79991.0
1431 79991.0
1432 79991.0
1433 79991.0
1434 79991.0
1435 79991.0
1436 79991.0
1437 79991.0
1438 79991.0
1439 79991.0
1440 79991.0
1441 79991.0
1442 79991.0
1443 79991.0
1444 79991.0
1445 79991.0
1446 79991.0
1447 79991.0
1448 79991.0
1449 79991.0
1450 79991.0
1451 79991.0
1452 78437.0
1453 78437.0
1454 78437.0
1455 78437.0
1456 78437.0
1457 78437.0
1458 78050.0
1459 78050.0
1460 78050.0
1461 78050.0
1462 78050.0
1463 78050.0
1464 77665.0
1465 77665.0
1466 77664.0
1467 77282.0
1468 77282.0
1469 77282.0
1470 76898.0
1471 76898.0
1472 76898.0
1473 76898.0
1474 76898.0
1475 76898.0
1476 76898.0
1477 76898.0
1478 76898.0
1479 76898.0
1480 76898.0
1481 76898.0
1482 76898.0
1483 76898.0
1484 76898.0
1485 76898.0
1486 76898.0
1487 76898.0
1488 76898.0
1489 76898.0
1490 76898.0
1491 76898.0
1492 76898.0
1493 76898.0
1494 76898.0
1495 76898.0
1496 76898.0
1497 76898.0
1498 76898.0
1499 76898.0
1500 76898.0
1501 76898.0
1502 76898.0
1503 76898.0
1504 76898.0
1505 76898.0
1506 76134.0
1507 76134.0
1508 76134.0
1509 76134.0
1510 76134.0
1511 76134.0
1512 76134.0
1513 76134.0
1514 76134.0
1515 76134.0
1516 76134.0
1517 76134.0
1518 76134.0
1519 76134.0
1520 76134.0
1521 76134.0
1522 76134.0
1523 76134.0
1524 76134.0
1525 76134.0
1526 76134.0
1527 76134.0
1528 76134.0
1529 76134.0
1530 76134.0
1531 76134.0
1532 76134.0
1533 76134.0
1534 76134.0
1535 76134.0
1536 76134.0
1537 76134.0
1538 76134.0
1539 76134.0
1540 76134.0
1541 76134.0
1542 76134.0
1543 76134.0
1544 76134.0
1545 76134.0
1546 76134.0
1547 76134.0
1548 76134.0
1549 76134.0
1550 76134.0
1551 76134.0
1552 76134.0
1553 76134.0
1554 76134.0
1555 76134.0
1556 76134.0
1557 76134.0
1558 75753.0
1559 75753.0
1560 75559.0
1561 75559.0
1562 75180.0
1563 75180.0
1564 75180.0
1565 75180.0
1566 75180.0
1567 75180.0
1568 75180.0
1569 75180.0
1570 75180.0
1571 75180.0
1572 75180.0
1573 75180.0
1574 75180.0
1575 75180.0
1576 75180.0
1577 75180.0
1578 75066.0
1579 75066.0
1580 75066.0
1581 75066.0
1582 75066.0
1583 75066.0
1584 75066.0
1585 75066.0
1586 75066.0
1587 75066.0
1588 75066.0
1589 75066.0
1590 75066.0
1591 75066.0
1592 75066.0
1593 75066.0
1594 75066.0
1595 75066.0
1596 75066.0
1597 75066.0
1598 75066.0
1599 75066.0
1600 75066.0
1601 75066.0
1602 75010.0
1603 74624.0
1604 74624.0
1605 74624.0
1606 74624.0
1607 74624.0
1608 74624.0
1609 74624.0
1610 74624.0
1611 74624.0
1612 74624.0
1613 74623.0
1614 74623.0
1615 74623.0
1616 74623.0
1617 74623.0
1618 74609.0
1619 74280.0
1620 74280.0
1621 74280.0
1622 74280.0
1623 74280.0
1624 74280.0
1625 73907.0
1626 73907.0
1627 73907.0
1628 73907.0
1629 73907.0
1630 73907.0
1631 73907.0
1632 73907.0
1633 73907.0
1634 73907.0
1635 73907.0
1636 73907.0
1637 73819.0
1638 73819.0
1639 73819.0
1640 73819.0
1641 73819.0
1642 73819.0
1643 73819.0
1644 73819.0
1645 73819.0
1646 73819.0
1647 73819.0
1648 73819.0
1649 73819.0
1650 73373.0
1651 73373.0
1652 73373.0
1653 73373.0
1654 73373.0
1655 73373.0
1656 73373.0
1657 73373.0
1658 73373.0
1659 73373.0
1660 73373.0
1661 73373.0
1662 73373.0
1663 73373.0
1664 72632.0
1665 72632.0
1666 72615.0
1667 72316.0
1668 72316.0
1669 72316.0
1670 72316.0
1671 72209.0
1672 72209.0
1673 72209.0
1674 72209.0
1675 71721.0
1676 71721.0
1677 71721.0
1678 71721.0
1679 71721.0
1680 71721.0
1681 71721.0
1682 71721.0
1683 71721.0
1684 71721.0
1685 71721.0
1686 71721.0
1687 71721.0
1688 71721.0
1689 71721.0
1690 71612.0
1691 71612.0
1692 71612.0
1693 71612.0
1694 71612.0
1695 71612.0
1696 71612.0
1697 71612.0
1698 71612.0
1699 71612.0
1700 71612.0
1701 71612.0
1702 71612.0
1703 71612.0
1704 71612.0
1705 71612.0
1706 71612.0
1707 71612.0
1708 71612.0
1709 71612.0
1710 71612.0
1711 71612.0
1712 71612.0
1713 71612.0
1714 71612.0
1715 71612.0
1716 71612.0
1717 71612.0
1718 71612.0
1719 71612.0
1720 71612.0
1721 71612.0
1722 71612.0
1723 71612.0
1724 71612.0
1725 71612.0
1726 71612.0
1727 71612.0
1728 71612.0
1729 71130.0
1730 71130.0
1731 71130.0
1732 70943.0
1733 70578.0
1734 70578.0
1735 70578.0
1736 70578.0
1737 70578.0
1738 70578.0
1739 70578.0
1740 70578.0
1741 70578.0
1742 70578.0
1743 70578.0
1744 70578.0
1745 70578.0
1746 70578.0
1747 70578.0
1748 70578.0
1749 70578.0
1750 70578.0
1751 70578.0
1752 70578.0
1753 70578.0
1754 70578.0
1755 70578.0
1756 70578.0
1757 70578.0
1758 70578.0
1759 70578.0
1760 70578.0
1761 70214.0
1762 70214.0
1763 70214.0
1764 70214.0
1765 70214.0
1766 70214.0
1767 70214.0
1768 70214.0
1769 70214.0
1770 70214.0
1771 70214.0
1772 70214.0
1773 70214.0
1774 70214.0
1775 69853.0
1776 69853.0
1777 69853.0
1778 69853.0
1779 69853.0
1780 69853.0
1781 69853.0
1782 69853.0
1783 69853.0
1784 69853.0
1785 69853.0
1786 69853.0
1787 67726.0
1788 66317.0
1789 66317.0
1790 66317.0
1791 66080.0
1792 66080.0
1793 66080.0
1794 66080.0
1795 66080.0
1796 66080.0
1797 66080.0
1798 66080.0
1799 66080.0
1800 66080.0
1801 66080.0
1802 66080.0
1803 65732.0
1804 65732.0
1805 64414.0
1806 64414.0
1807 64276.0
1808 64276.0
1809 64276.0
1810 63248.0
1811 63248.0
1812 63248.0
1813 63248.0
1814 63052.0
1815 63052.0
1816 63052.0
1817 63052.0
1818 63052.0
1819 63052.0
1820 63052.0
1821 63052.0
1822 63052.0
1823 63052.0
1824 63052.0
1825 63052.0
1826 63052.0
1827 63052.0
1828 63052.0
1829 63052.0
1830 63052.0
1831 63052.0
1832 63052.0
1833 63052.0
1834 63052.0
1835 63052.0
1836 63052.0
1837 63052.0
1838 63052.0
1839 63052.0
1840 63052.0
1841 63052.0
1842 63052.0
1843 63052.0
1844 63052.0
1845 63052.0
1846 63052.0
1847 63052.0
1848 63052.0
1849 62979.0
1850 62979.0
1851 62979.0
1852 62979.0
1853 62979.0
1854 62979.0
1855 62979.0
1856 62979.0
1857 62979.0
1858 62979.0
1859 62979.0
1860 62979.0
1861 62979.0
1862 62907.0
1863 62907.0
1864 62907.0
1865 62567.0
1866 62567.0
1867 62567.0
1868 62567.0
1869 62567.0
1870 62567.0
1871 62567.0
1872 62567.0
1873 62567.0
1874 62567.0
1875 62567.0
1876 62567.0
1877 62567.0
1878 62567.0
1879 62567.0
1880 62567.0
1881 62567.0
1882 62567.0
1883 62567.0
1884 62567.0
1885 62567.0
1886 62567.0
1887 62567.0
1888 62567.0
1889 62475.0
1890 62136.0
1891 62136.0
1892 62136.0
1893 62136.0
1894 62074.0
1895 62074.0
1896 62074.0
1897 62074.0
1898 62074.0
1899 61844.0
1900 61675.0
1901 61675.0
1902 61461.0
1903 61461.0
1904 61461.0
1905 61342.0
1906 61261.0
1907 61013.0
1908 60808.0
1909 60478.0
1910 60478.0
1911 60144.0
1912 60144.0
1913 60144.0
1914 60144.0
1915 60144.0
1916 60144.0
1917 59951.0
1918 59951.0
1919 59951.0
1920 59951.0
1921 59617.0
1922 59479.0
1923 59479.0
1924 59479.0
1925 59479.0
1926 59479.0
1927 59479.0
1928 59479.0
1929 59479.0
1930 59479.0
1931 59479.0
1932 59479.0
1933 59479.0
1934 59479.0
1935 59479.0
1936 59479.0
1937 59479.0
1938 59479.0
1939 59479.0
1940 59149.0
1941 59149.0
1942 59149.0
1943 59149.0
1944 59149.0
1945 59149.0
1946 59149.0
1947 59149.0
1948 59149.0
1949 59149.0
1950 59149.0
1951 59149.0
1952 59149.0
1953 59149.0
1954 59149.0
1955 59149.0
1956 59149.0
1957 58988.0
1958 58988.0
1959 58988.0
1960 58186.0
1961 58186.0
1962 58186.0
1963 58186.0
1964 58186.0
1965 58186.0
1966 57534.0
1967 57534.0
1968 57534.0
1969 57534.0
1970 57206.0
1971 55316.0
1972 54783.0
1973 54526.0
1974 54526.0
1975 54526.0
1976 54417.0
1977 54130.0
1978 54130.0
1979 54130.0
1980 54130.0
1981 53511.0
1982 53511.0
1983 53493.0
1984 53230.0
1985 53230.0
1986 53230.0
1987 53230.0
1988 53230.0
1989 53230.0
1990 53230.0
1991 53230.0
1992 52315.0
1993 52050.0
1994 51147.0
1995 51147.0
1996 51147.0
1997 51147.0
1998 51101.0
1999 51101.0
2000 51101.0
2001 51101.0
2002 51101.0
2003 51101.0
2004 51101.0
2005 51101.0
2006 51101.0
2007 51101.0
2008 51101.0
2009 51101.0
2010 51101.0
2011 51101.0
2012 51101.0
2013 51101.0
2014 51101.0
2015 51101.0
2016 51101.0
2017 51101.0
2018 51101.0
2019 51101.0
2020 51101.0
2021 51101.0
2022 51101.0
2023 51101.0
2024 51101.0
2025 51101.0
2026 51101.0
2027 51101.0
2028 51101.0
2029 51101.0
2030 51101.0
2031 51101.0
2032 51101.0
2033 51101.0
2034 50869.0
2035 50869.0
2036 50869.0
2037 50869.0
2038 50869.0
2039 50869.0
2040 50869.0
2041 50848.0
2042 49978.0
2043 49978.0
2044 49978.0
2045 49978.0
2046 49978.0
2047 49978.0
2048 49978.0
2049 49978.0
2050 49978.0
2051 49978.0
2052 49978.0
2053 49978.0
2054 49978.0
2055 49978.0
2056 49978.0
2057 49978.0
2058 49978.0
2059 49978.0
2060 49978.0
2061 49978.0
2062 49978.0
2063 49978.0
2064 49978.0
2065 49978.0
2066 49978.0
2067 49978.0
2068 49978.0
2069 49978.0
2070 49978.0
2071 49978.0
2072 49978.0
2073 49978.0
2074 49978.0
2075 49978.0
2076 49978.0
2077 49978.0
2078 49978.0
2079 49978.0
2080 49978.0
2081 49978.0
2082 49978.0
2083 49978.0
2084 49978.0
2085 49978.0
2086 49978.0
2087 49978.0
2088 49978.0
2089 49978.0
2090 49978.0
2091 49978.0
2092 49978.0
2093 49908.0
2094 49908.0
2095 49908.0
2096 49908.0
2097 49908.0
2098 49908.0
2099 49908.0
2100 49908.0
2101 49908.0
2102 49908.0
2103 49908.0
2104 49908.0
2105 49908.0
2106 49908.0
2107 49908.0
2108 49908.0
2109 49908.0
2110 49908.0
2111 48144.0
2112 48138.0
2113 47588.0
2114 47565.0
2115 47565.0
2116 47499.0
2117 47499.0
2118 47499.0
2119 46203.0
2120 46203.0
2121 46203.0
2122 46203.0
2123 46203.0
2124 46203.0
2125 46203.0
2126 46203.0
2127 46203.0
2128 46203.0
2129 46203.0
2130 46203.0
2131 46203.0
2132 46203.0
2133 46203.0
2134 46203.0
2135 46203.0
2136 46203.0
2137 46203.0
2138 46203.0
2139 45392.0
2140 45392.0
2141 45392.0
2142 45392.0
2143 45392.0
2144 45392.0
2145 45392.0
2146 45392.0
2147 45392.0
2148 45392.0
2149 45392.0
2150 45392.0
2151 45392.0
2152 45392.0
2153 45392.0
2154 45392.0
2155 45392.0
2156 45392.0
2157 45392.0
2158 45392.0
2159 45392.0
2160 45392.0
2161 45392.0
2162 45392.0
2163 45227.0
2164 45227.0
2165 45227.0
2166 45227.0
2167 45227.0
2168 45227.0
2169 45227.0
2170 45227.0
2171 44866.0
2172 44866.0
2173 44866.0
2174 44866.0
2175 44866.0
2176 44866.0
2177 44866.0
2178 44866.0
2179 44866.0
2180 44866.0
2181 44866.0
2182 44866.0
2183 44866.0
2184 44866.0
2185 44866.0
2186 44866.0
2187 44866.0
2188 44866.0
2189 44866.0
2190 44866.0
2191 44866.0
2192 44866.0
2193 44866.0
2194 44866.0
2195 44866.0
2196 44866.0
2197 44866.0
2198 44866.0
2199 43762.0
2200 43588.0
2201 43588.0
2202 43042.0
2203 42793.0
2204 42793.0
2205 42793.0
2206 42522.0
2207 42522.0
2208 42522.0
2209 42522.0
2210 42522.0
2211 42522.0
2212 42522.0
2213 42522.0
2214 42522.0
2215 42522.0
2216 42522.0
2217 42522.0
2218 42522.0
2219 42522.0
2220 42522.0
2221 42522.0
2222 42522.0
2223 42522.0
2224 42522.0
2225 42522.0
2226 42522.0
2227 42522.0
2228 42522.0
2229 42522.0
2230 42522.0
2231 42522.0
2232 42522.0
2233 42522.0
2234 42522.0
2235 42522.0
2236 42522.0
2237 42522.0
2238 42522.0
2239 42522.0
2240 42522.0
2241 42522.0
2242 42522.0
2243 42522.0
2244 42522.0
2245 42522.0
2246 42522.0
2247 42522.0
2248 42522.0
2249 42522.0
2250 42522.0
2251 42297.0
2252 42297.0
2253 42297.0
2254 42297.0
2255 42297.0
2256 42297.0
2257 42297.0
2258 42297.0
2259 42297.0
2260 42297.0
2261 42297.0
2262 42297.0
2263 42297.0
2264 42297.0
2265 42297.0
2266 42297.0
2267 42297.0
2268 42297.0
2269 42297.0
2270 42297.0
2271 42297.0
2272 42282.0
2273 42282.0
2274 42282.0
2275 42282.0
2276 42282.0
2277 42282.0
2278 42282.0
2279 42282.0
2280 42282.0
2281 42282.0
2282 42282.0
2283 41754.0
2284 41754.0
2285 41754.0
2286 41754.0
2287 41754.0
2288 41754.0
2289 41754.0
2290 41754.0
2291 41754.0
2292 41754.0
2293 41754.0
2294 41754.0
2295 41754.0
2296 41754.0
2297 41754.0
2298 41754.0
2299 41754.0
2300 41754.0
2301 41754.0
2302 41754.0
2303 41754.0
2304 41754.0
2305 41754.0
2306 41754.0
2307 41754.0
2308 41754.0
2309 41754.0
2310 41754.0
2311 41754.0
2312 41754.0
2313 41754.0
2314 41754.0
2315 41754.0
2316 41754.0
2317 41754.0
2318 41728.0
2319 41728.0
2320 41728.0
2321 41728.0
2322 41728.0
2323 41728.0
2324 41728.0
2325 41465.0
2326 41465.0
2327 41465.0
2328 41465.0
2329 41465.0
2330 41465.0
2331 41465.0
2332 41465.0
2333 41465.0
2334 41465.0
2335 41465.0
2336 41465.0
2337 41465.0
2338 41409.0
2339 41409.0
2340 41409.0
2341 41409.0
2342 41409.0
2343 41409.0
2344 41409.0
2345 41409.0
2346 41409.0
2347 41409.0
2348 41409.0
2349 41409.0
2350 41409.0
2351 41409.0
2352 41409.0
2353 41409.0
2354 41409.0
2355 40632.0
2356 40632.0
2357 40632.0
2358 40632.0
2359 40632.0
2360 40632.0
2361 40632.0
2362 40632.0
2363 40632.0
2364 40632.0
2365 40632.0
2366 40632.0
2367 40632.0
2368 40632.0
2369 40632.0
2370 40632.0
2371 40632.0
2372 40632.0
2373 40564.0
2374 40564.0
2375 40564.0
2376 40310.0
2377 40310.0
2378 40310.0
2379 40310.0
2380 40310.0
2381 40310.0
2382 40310.0
2383 40310.0
2384 40310.0
2385 40310.0
2386 40310.0
2387 40310.0
2388 40310.0
2389 40310.0
2390 40310.0
2391 40310.0
2392 40310.0
2393 40310.0
2394 40310.0
2395 40310.0
2396 40310.0
2397 40310.0
2398 40310.0
2399 40310.0
2400 40310.0
2401 40310.0
2402 40310.0
2403 40310.0
2404 40310.0
2405 40310.0
2406 40310.0
2407 40310.0
2408 40310.0
2409 40310.0
2410 40310.0
2411 40310.0
2412 40310.0
2413 40310.0
2414 40310.0
2415 40310.0
2416 40310.0
2417 40310.0
2418 40310.0
2419 40310.0
2420 40310.0
2421 40310.0
2422 40310.0
2423 40310.0
2424 40310.0
2425 40310.0
2426 40310.0
2427 40310.0
2428 40310.0
2429 40310.0
2430 40310.0
2431 40310.0
2432 40310.0
2433 40310.0
2434 40310.0
2435 40310.0
2436 40310.0
2437 40310.0
2438 40310.0
2439 40310.0
2440 40310.0
2441 40310.0
2442 40310.0
2443 40310.0
2444 40310.0
2445 40310.0
2446 40310.0
2447 40310.0
2448 40310.0
2449 40310.0
2450 40310.0
2451 40310.0
2452 40310.0
2453 40310.0
2454 40310.0
2455 40310.0
2456 40310.0
2457 40310.0
2458 40310.0
2459 40310.0
2460 40310.0
2461 40310.0
2462 40310.0
2463 40310.0
2464 40310.0
2465 40310.0
2466 40310.0
2467 40310.0
2468 40310.0
2469 40310.0
2470 40310.0
2471 40310.0
2472 40310.0
2473 40310.0
2474 40310.0
2475 40310.0
2476 40310.0
2477 40310.0
2478 40310.0
2479 40310.0
2480 40310.0
2481 40310.0
2482 40310.0
2483 40310.0
2484 40310.0
2485 40310.0
2486 40136.0
2487 40136.0
2488 40136.0
2489 40136.0
2490 40136.0
2491 40136.0
2492 40136.0
2493 40136.0
2494 40136.0
2495 40136.0
2496 40136.0
2497 40136.0
2498 40136.0
2499 40136.0
2500 40136.0
2501 40136.0
2502 40136.0
2503 40136.0
2504 40136.0
2505 40136.0
2506 40136.0
2507 40136.0
2508 40136.0
2509 40136.0
2510 40136.0
2511 40136.0
2512 40136.0
2513 40136.0
2514 40136.0
2515 39996.0
2516 39996.0
2517 39996.0
2518 39996.0
2519 39495.0
2520 39495.0
2521 39495.0
2522 39495.0
2523 39495.0
2524 39495.0
2525 39495.0
2526 39495.0
2527 39416.0
2528 39416.0
2529 39416.0
2530 39416.0
2531 39416.0
2532 39416.0
2533 39416.0
2534 39416.0
2535 39416.0
2536 38765.0
2537 38765.0
2538 38765.0
2539 38765.0
2540 38765.0
2541 38765.0
2542 38765.0
2543 38765.0
2544 38765.0
2545 38765.0
2546 38765.0
2547 38765.0
2548 38765.0
2549 38695.0
2550 38153.0
2551 38015.0
2552 38015.0
2553 38015.0
2554 38015.0
2555 38015.0
2556 38015.0
2557 38015.0
2558 38015.0
2559 37831.0
2560 37582.0
2561 37582.0
2562 37428.0
2563 37428.0
2564 37428.0
2565 37428.0
2566 37428.0
2567 37428.0
2568 37428.0
2569 37428.0
2570 37428.0
2571 37428.0
2572 37428.0
2573 37428.0
2574 37428.0
2575 37428.0
2576 37428.0
2577 37428.0
2578 37428.0
2579 37428.0
2580 37428.0
2581 37428.0
2582 37428.0
2583 37428.0
2584 37428.0
2585 37428.0
2586 37428.0
2587 37428.0
2588 37428.0
2589 37428.0
2590 37428.0
2591 37428.0
2592 37428.0
2593 37239.0
2594 37239.0
2595 37239.0
2596 37002.0
2597 37002.0
2598 37002.0
2599 37002.0
2600 36937.0
2601 36937.0
2602 36937.0
2603 36937.0
2604 36937.0
2605 36937.0
2606 36937.0
2607 36937.0
2608 36937.0
2609 36937.0
2610 36937.0
2611 36937.0
2612 36937.0
2613 36937.0
2614 36937.0
2615 36937.0
2616 36937.0
2617 36937.0
2618 36937.0
2619 36937.0
2620 36937.0
2621 36937.0
2622 36863.0
2623 36863.0
2624 36863.0
2625 36863.0
2626 36863.0
2627 36863.0
2628 36863.0
2629 36863.0
2630 36863.0
2631 36863.0
2632 36863.0
2633 36863.0
2634 36863.0
2635 36863.0
2636 36863.0
2637 36863.0
2638 36863.0
2639 36863.0
2640 36863.0
2641 36863.0
2642 36863.0
2643 36863.0
2644 36863.0
2645 36863.0
2646 36863.0
2647 36863.0
2648 36863.0
2649 36863.0
2650 36863.0
2651 36863.0
2652 36863.0
2653 36863.0
2654 36863.0
2655 36863.0
2656 36863.0
2657 36863.0
2658 36863.0
2659 36863.0
2660 36863.0
2661 36863.0
2662 36863.0
2663 36863.0
2664 36863.0
2665 36863.0
2666 36726.0
2667 36726.0
2668 36726.0
2669 36427.0
2670 36427.0
2671 36427.0
2672 36427.0
2673 36427.0
2674 36427.0
2675 36427.0
2676 36427.0
2677 36427.0
2678 36427.0
2679 36427.0
2680 36427.0
2681 36397.0
2682 36397.0
2683 36397.0
2684 36166.0
2685 36166.0
2686 36166.0
2687 36166.0
2688 36166.0
2689 36166.0
2690 36166.0
2691 36166.0
2692 36166.0
2693 36166.0
2694 36166.0
2695 36166.0
2696 35707.0
2697 35707.0
2698 35707.0
2699 35707.0
2700 35707.0
2701 35707.0
2702 35707.0
2703 35707.0
2704 35707.0
2705 35707.0
2706 35707.0
2707 35707.0
2708 35707.0
2709 35707.0
2710 35707.0
2711 35707.0
2712 35707.0
2713 35707.0
2714 35707.0
2715 35707.0
2716 35707.0
2717 35707.0
2718 35707.0
2719 35707.0
2720 35707.0
2721 35707.0
2722 35707.0
2723 35707.0
2724 35707.0
2725 35707.0
2726 35707.0
2727 35707.0
2728 35707.0
2729 35707.0
2730 35707.0
2731 35707.0
2732 35707.0
2733 35707.0
2734 35707.0
2735 35707.0
2736 35707.0
2737 35685.0
2738 35685.0
2739 35685.0
2740 35685.0
2741 35685.0
2742 35685.0
2743 35685.0
2744 35685.0
2745 35685.0
2746 34575.0
2747 34575.0
2748 34575.0
2749 34575.0
2750 34575.0
2751 34575.0
2752 34172.0
2753 34172.0
2754 34172.0
2755 34172.0
2756 33555.0
2757 33555.0
2758 33555.0
2759 33555.0
2760 33555.0
2761 33555.0
2762 33555.0
2763 33555.0
2764 33388.0
2765 33388.0
2766 33388.0
2767 33388.0
2768 33177.0
2769 33177.0
2770 33177.0
2771 33177.0
2772 33177.0
2773 33177.0
2774 33177.0
2775 33177.0
2776 33177.0
2777 33177.0
2778 33177.0
2779 32516.0
2780 32516.0
2781 32516.0
2782 32516.0
2783 32516.0
2784 32477.0
2785 32477.0
2786 32477.0
2787 32477.0
2788 32477.0
2789 32477.0
2790 32477.0
2791 32477.0
2792 32477.0
2793 32477.0
2794 32477.0
2795 32477.0
2796 32477.0
2797 32477.0
2798 32477.0
2799 32477.0
2800 32453.0
2801 32453.0
2802 32453.0
2803 32453.0
2804 32453.0
2805 32453.0
2806 32453.0
2807 32453.0
2808 32453.0
2809 32453.0
2810 32453.0
2811 32453.0
2812 32453.0
2813 32453.0
2814 32453.0
2815 32346.0
2816 32346.0
2817 32344.0
2818 32295.0
2819 32140.0
2820 32140.0
2821 32140.0
2822 32140.0
2823 32140.0
2824 32140.0
2825 32140.0
2826 32140.0
2827 31726.0
2828 31726.0
2829 31726.0
2830 31726.0
2831 31726.0
2832 31726.0
2833 31726.0
2834 31726.0
2835 31726.0
2836 31726.0
2837 31726.0
2838 31726.0
2839 31726.0
2840 31726.0
2841 31726.0
2842 31726.0
2843 31726.0
2844 31726.0
2845 31726.0
2846 31726.0
2847 31726.0
2848 31726.0
2849 31726.0
2850 31726.0
2851 31726.0
2852 31726.0
2853 31726.0
2854 31522.0
2855 31522.0
2856 31522.0
2857 31522.0
2858 31522.0
2859 31522.0
2860 31522.0
2861 31522.0
2862 30988.0
2863 30988.0
2864 30897.0
2865 30897.0
2866 30897.0
2867 30897.0
2868 30897.0
2869 30897.0
2870 30897.0
2871 30897.0
2872 30897.0
2873 30897.0
2874 30897.0
2875 30897.0
2876 30710.0
2877 30710.0
2878 30710.0
2879 30710.0
2880 30710.0
2881 30710.0
2882 30710.0
2883 30710.0
2884 30710.0
2885 30710.0
2886 30710.0
2887 30710.0
2888 30710.0
2889 30710.0
2890 30710.0
2891 30707.0
2892 30707.0
2893 27597.0
2894 27580.0
2895 27482.0
2896 27301.0
2897 27301.0
2898 27301.0
2899 27301.0
2900 27301.0
2901 27124.0
2902 27124.0
2903 27048.0
2904 27048.0
2905 27048.0
2906 27000.0
2907 27000.0
2908 27000.0
2909 27000.0
2910 27000.0
2911 27000.0
2912 27000.0
2913 27000.0
2914 27000.0
2915 27000.0
2916 27000.0
2917 27000.0
2918 27000.0
2919 27000.0
2920 27000.0
2921 27000.0
2922 26988.0
2923 26988.0
2924 26988.0
2925 26988.0
2926 26988.0
2927 26988.0
2928 26988.0
2929 26988.0
2930 26974.0
2931 26974.0
2932 26864.0
2933 26864.0
2934 26864.0
2935 26864.0
2936 26864.0
2937 26864.0
2938 26864.0
2939 26829.0
2940 26829.0
2941 26805.0
2942 26805.0
2943 26739.0
2944 26739.0
2945 26739.0
2946 26739.0
2947 26382.0
2948 26382.0
2949 26382.0
2950 26382.0
2951 26382.0
2952 26382.0
2953 26382.0
2954 26382.0
2955 26382.0
2956 26382.0
2957 26382.0
2958 26382.0
2959 26382.0
2960 26382.0
2961 26382.0
2962 26382.0
2963 26382.0
2964 26382.0
2965 26382.0
2966 26382.0
2967 26382.0
2968 26382.0
2969 26382.0
2970 26382.0
2971 26382.0
2972 26382.0
2973 26382.0
2974 26382.0
2975 26382.0
2976 26382.0
2977 26382.0
2978 26382.0
2979 26382.0
2980 26248.0
2981 26248.0
2982 26248.0
2983 26248.0
2984 26248.0
2985 26248.0
2986 26248.0
2987 26248.0
2988 26248.0
2989 26248.0
2990 26248.0
2991 26248.0
2992 26248.0
2993 26248.0
2994 26248.0
2995 26248.0
2996 26248.0
2997 26248.0
2998 26188.0
2999 26159.0
3000 25679.0
3001 25679.0
3002 25679.0
3003 25679.0
3004 25679.0
3005 25679.0
3006 25621.0
3007 25621.0
3008 25621.0
3009 25621.0
3010 25621.0
3011 25621.0
3012 25621.0
3013 25621.0
3014 25621.0
3015 25621.0
3016 25621.0
3017 25621.0
3018 25621.0
3019 25621.0
3020 25621.0
3021 25621.0
3022 25621.0
3023 25621.0
3024 25621.0
3025 25621.0
3026 25621.0
3027 25621.0
3028 25621.0
3029 25478.0
3030 25478.0
3031 25478.0
3032 25478.0
3033 25478.0
3034 25478.0
3035 25478.0
3036 25478.0
3037 25478.0
3038 25478.0
3039 25478.0
3040 25478.0
3041 25478.0
3042 25478.0
3043 25478.0
3044 25478.0
3045 25478.0
3046 25478.0
3047 25478.0
3048 25478.0
3049 25478.0
3050 25478.0
3051 25478.0
3052 25460.0
3053 25460.0
3054 25460.0
3055 25460.0
3056 25460.0
3057 25460.0
3058 25460.0
3059 25460.0
3060 25460.0
3061 25460.0
3062 25460.0
3063 25460.0
3064 25460.0
3065 25460.0
3066 25460.0
3067 25460.0
3068 25460.0
3069 25460.0
3070 25460.0
3071 25460.0
3072 25460.0
3073 25460.0
3074 25460.0
3075 25460.0
3076 25460.0
3077 24691.0
3078 24691.0
3079 24691.0
3080 24691.0
3081 24691.0
3082 24691.0
3083 24671.0
3084 24528.0
3085 24528.0
3086 24528.0
3087 24528.0
3088 24528.0
3089 24528.0
3090 24528.0
3091 24263.0
3092 24263.0
3093 24263.0
3094 24263.0
3095 24263.0
3096 24263.0
3097 24263.0
3098 24263.0
3099 24263.0
3100 24263.0
3101 24263.0
3102 24263.0
3103 24263.0
3104 23970.0
3105 23970.0
3106 23970.0
3107 23970.0
3108 23970.0
3109 23970.0
3110 23073.0
3111 23073.0
3112 23073.0
3113 23073.0
3114 23073.0
3115 23073.0
3116 23073.0
3117 23073.0
3118 23073.0
3119 23073.0
3120 23073.0
3121 23073.0
3122 23073.0
3123 23073.0
3124 23073.0
3125 23073.0
3126 23073.0
3127 23073.0
3128 23071.0
3129 22779.0
3130 22779.0
3131 22779.0
3132 22779.0
3133 22779.0
3134 22779.0
3135 22538.0
3136 22538.0
3137 22538.0
3138 22538.0
3139 22538.0
3140 22538.0
3141 22538.0
3142 22538.0
3143 22538.0
3144 22538.0
3145 22538.0
3146 22538.0
3147 22538.0
3148 22538.0
3149 22538.0
3150 22538.0
3151 22538.0
3152 22538.0
3153 22538.0
3154 22538.0
3155 22538.0
3156 22538.0
3157 22538.0
3158 22538.0
3159 22538.0
3160 22538.0
3161 22538.0
3162 22538.0
3163 22538.0
3164 22538.0
3165 22538.0
3166 22538.0
3167 22538.0
3168 22480.0
3169 22480.0
3170 22480.0
3171 22480.0
3172 22480.0
3173 21717.0
3174 21717.0
3175 21717.0
3176 21717.0
3177 21717.0
3178 21653.0
3179 21504.0
3180 21504.0
3181 21504.0
3182 21504.0
3183 21504.0
3184 21504.0
3185 21504.0
3186 21504.0
3187 21486.0
3188 21486.0
3189 21486.0
3190 21486.0
3191 21208.0
3192 21208.0
3193 21208.0
3194 20911.0
3195 20911.0
3196 20911.0
3197 20911.0
3198 20911.0
3199 20911.0
3200 20911.0
3201 20911.0
3202 20911.0
3203 20911.0
3204 20911.0
3205 20911.0
3206 20911.0
3207 20911.0
3208 20911.0
3209 20911.0
3210 20911.0
3211 20911.0
3212 20911.0
3213 20911.0
3214 20911.0
3215 20911.0
3216 20911.0
3217 20911.0
3218 20911.0
3219 19691.0
3220 19691.0
3221 19265.0
3222 19246.0
3223 19174.0
3224 19174.0
3225 19174.0
3226 19010.0
3227 19010.0
3228 19010.0
3229 19010.0
3230 19010.0
3231 19010.0
3232 19010.0
3233 17438.0
3234 16876.0
3235 16876.0
3236 16876.0
3237 16876.0
3238 16876.0
3239 16876.0
3240 16876.0
3241 16876.0
3242 16876.0
3243 16876.0
3244 16876.0
3245 16876.0
3246 16876.0
3247 16876.0
3248 16876.0
3249 16876.0
3250 16876.0
3251 16876.0
3252 16876.0
3253 16876.0
3254 16876.0
3255 16876.0
3256 16876.0
3257 16876.0
3258 16876.0
3259 16876.0
3260 16876.0
3261 16876.0
3262 16876.0
3263 16876.0
3264 16876.0
3265 16876.0
3266 16876.0
3267 16876.0
3268 16876.0
3269 16876.0
3270 16876.0
3271 16756.0
3272 16756.0
3273 16756.0
3274 16756.0
3275 16756.0
3276 16756.0
3277 16756.0
3278 16756.0
3279 16756.0
3280 16756.0
3281 16756.0
3282 16756.0
3283 16756.0
3284 16756.0
3285 16756.0
3286 16756.0
3287 16756.0
3288 16756.0
3289 16756.0
3290 16756.0
3291 16756.0
3292 16756.0
3293 16756.0
3294 16756.0
3295 16756.0
3296 16756.0
3297 16756.0
3298 16756.0
3299 16756.0
3300 16756.0
3301 16656.0
3302 16656.0
3303 16656.0
3304 16656.0
3305 16656.0
3306 16656.0
3307 16656.0
3308 16656.0
3309 16656.0
3310 16656.0
3311 16656.0
3312 16656.0
3313 16656.0
3314 16602.0
3315 16602.0
3316 16602.0
3317 16602.0
3318 16602.0
3319 16602.0
3320 16602.0
3321 16602.0
3322 16602.0
3323 16602.0
3324 16602.0
3325 16602.0
3326 16602.0
3327 16602.0
3328 16602.0
3329 16602.0
3330 16602.0
3331 16602.0
3332 16538.0
3333 16538.0
3334 16533.0
3335 16533.0
3336 16533.0
3337 16533.0
3338 16533.0
3339 16533.0
3340 16533.0
3341 16533.0
3342 16533.0
3343 16529.0
3344 16529.0
3345 16484.0
3346 16450.0
3347 16443.0
3348 16438.0
3349 16438.0
3350 16438.0
3351 16422.0
3352 16333.0
3353 16333.0
3354 16333.0
3355 16147.0
3356 16147.0
3357 16147.0
3358 16147.0
3359 16147.0
3360 16147.0
3361 16147.0
3362 16147.0
3363 16147.0
3364 16147.0
3365 16147.0
3366 16147.0
3367 16147.0
3368 16147.0
3369 16147.0
3370 16147.0
3371 16147.0
3372 16147.0
3373 16147.0
3374 16147.0
3375 16147.0
3376 16147.0
3377 16147.0
3378 16147.0
3379 16147.0
3380 16147.0
3381 16147.0
3382 16147.0
3383 16147.0
3384 16147.0
3385 16095.0
3386 16095.0
3387 16095.0
3388 16095.0
3389 16095.0
3390 16095.0
3391 16095.0
3392 16095.0
3393 16095.0
3394 16095.0
3395 16095.0
3396 16095.0
3397 16049.0
3398 16049.0
3399 16049.0
3400 16049.0
3401 16049.0
3402 16049.0
3403 16049.0
3404 16049.0
3405 16049.0
3406 16049.0
3407 16049.0
3408 16049.0
3409 16049.0
3410 16049.0
3411 16049.0
3412 15951.0
3413 15951.0
3414 15951.0
3415 15951.0
3416 15951.0
3417 15951.0
3418 15951.0
3419 15951.0
3420 15951.0
3421 15951.0
3422 15951.0
3423 15951.0
3424 15951.0
3425 15951.0
3426 15951.0
3427 15951.0
3428 15951.0
3429 15951.0
3430 15951.0
3431 15614.0
3432 15614.0
3433 15614.0
3434 15614.0
3435 15614.0
3436 15614.0
3437 15614.0
3438 15614.0
3439 15614.0
3440 15614.0
3441 15614.0
3442 15512.0
3443 15294.0
3444 15294.0
3445 15294.0
3446 15294.0
3447 15294.0
3448 15294.0
3449 15294.0
3450 15294.0
3451 15294.0
3452 15294.0
3453 15294.0
3454 15294.0
3455 15294.0
3456 15294.0
3457 15294.0
3458 15294.0
3459 15294.0
3460 15294.0
3461 15294.0
3462 15294.0
3463 15294.0
3464 15294.0
3465 15294.0
3466 15236.0
3467 15236.0
3468 15236.0
3469 15236.0
3470 15236.0
3471 15236.0
3472 15236.0
3473 15236.0
3474 15236.0
3475 15236.0
3476 15236.0
3477 15236.0
3478 15236.0
3479 15236.0
3480 15236.0
3481 15236.0
3482 15236.0
3483 15236.0
3484 15236.0
3485 15236.0
3486 15236.0
3487 15236.0
3488 15236.0
3489 15236.0
3490 15198.0
3491 15198.0
3492 15198.0
3493 15198.0
3494 15198.0
3495 15198.0
3496 15198.0
3497 15198.0
3498 15198.0
3499 15198.0
3500 15198.0
3501 15198.0
3502 15170.0
3503 15170.0
3504 15170.0
3505 15170.0
3506 15170.0
3507 15170.0
3508 15170.0
3509 15170.0
3510 15170.0
3511 15170.0
3512 15170.0
3513 15170.0
3514 15170.0
3515 15170.0
3516 15170.0
3517 15170.0
3518 15170.0
3519 15170.0
3520 15170.0
3521 14952.0
3522 14952.0
3523 14952.0
3524 14952.0
3525 14952.0
3526 14952.0
3527 14952.0
3528 14952.0
3529 14952.0
3530 14952.0
3531 14952.0
3532 14952.0
3533 14952.0
3534 14952.0
3535 14952.0
3536 14952.0
3537 14952.0
3538 14952.0
3539 14952.0
3540 14952.0
3541 14952.0
3542 14952.0
3543 14952.0
3544 14952.0
3545 14952.0
3546 14952.0
3547 14952.0
3548 14952.0
3549 14952.0
3550 14952.0
3551 14952.0
3552 14952.0
3553 14952.0
3554 14952.0
3555 14952.0
3556 14952.0
3557 14952.0
3558 14952.0
3559 14952.0
3560 14952.0
3561 14952.0
3562 14952.0
3563 14952.0
3564 14754.0
3565 14754.0
3566 14754.0
3567 14754.0
3568 14754.0
3569 14754.0
3570 14754.0
3571 14754.0
3572 14754.0
3573 14754.0
3574 14754.0
3575 14754.0
3576 14754.0
3577 14754.0
3578 14754.0
3579 14754.0
3580 14754.0
3581 14754.0
3582 14754.0
3583 14754.0
3584 14754.0
3585 14754.0
3586 14754.0
3587 14754.0
3588 14754.0
3589 14754.0
3590 14754.0
3591 14754.0
3592 14754.0
3593 14754.0
3594 14754.0
3595 14754.0
3596 14754.0
3597 14754.0
3598 14754.0
3599 14754.0
3600 14754.0
3601 14754.0
3602 14754.0
3603 14754.0
3604 14754.0
3605 14578.0
3606 14578.0
3607 14578.0
3608 14578.0
3609 14578.0
3610 14578.0
3611 14578.0
3612 14578.0
3613 14578.0
3614 14578.0
3615 14578.0
3616 14578.0
3617 14578.0
3618 14578.0
3619 14578.0
3620 14578.0
3621 14578.0
3622 14578.0
3623 14578.0
3624 14578.0
3625 14578.0
3626 14578.0
3627 14578.0
3628 14578.0
3629 14578.0
3630 14578.0
3631 14578.0
3632 14578.0
3633 14578.0
3634 14578.0
3635 14578.0
3636 14578.0
3637 14578.0
3638 14578.0
3639 14578.0
3640 14578.0
3641 14578.0
3642 14578.0
3643 14578.0
3644 14578.0
3645 14578.0
3646 14578.0
3647 14578.0
3648 14578.0
3649 14578.0
3650 14578.0
3651 14578.0
3652 14578.0
3653 14578.0
3654 14578.0
3655 14578.0
3656 14578.0
3657 14578.0
3658 14578.0
3659 14578.0
3660 14578.0
3661 14578.0
3662 14578.0
3663 14578.0
3664 14578.0
3665 14578.0
3666 14578.0
3667 14578.0
3668 14578.0
3669 14578.0
3670 14578.0
3671 14578.0
3672 14578.0
3673 14578.0
3674 14578.0
3675 14578.0
3676 14578.0
3677 14578.0
3678 14578.0
3679 14578.0
3680 14578.0
3681 14578.0
3682 14578.0
3683 14578.0
3684 14578.0
3685 14578.0
3686 14578.0
3687 14578.0
3688 14578.0
3689 14578.0
3690 14578.0
3691 14578.0
3692 14578.0
3693 14578.0
3694 14578.0
3695 14578.0
3696 14578.0
3697 14578.0
3698 14578.0
3699 14578.0
3700 14578.0
3701 14578.0
3702 14578.0
3703 14578.0
3704 14578.0
3705 14535.0
3706 12314.0
3707 12314.0
3708 12314.0
3709 12314.0
3710 12314.0
3711 12314.0
3712 12182.0
3713 12182.0
3714 12182.0
3715 12182.0
3716 12182.0
3717 12182.0
3718 12182.0
3719 12182.0
3720 12182.0
3721 12182.0
3722 12182.0
3723 12182.0
3724 12182.0
3725 12182.0
3726 12182.0
3727 12182.0
3728 12182.0
3729 12182.0
3730 12084.0
3731 12084.0
3732 11860.0
3733 11860.0
3734 11860.0
3735 11860.0
3736 11860.0
3737 11860.0
3738 11860.0
3739 11860.0
3740 11860.0
3741 11860.0
3742 11860.0
3743 11860.0
3744 11860.0
3745 11860.0
3746 11860.0
3747 11860.0
3748 11860.0
3749 11860.0
3750 11860.0
3751 11860.0
3752 11860.0
3753 11860.0
3754 11860.0
3755 11860.0
3756 11860.0
3757 11860.0
3758 11860.0
3759 11860.0
3760 11860.0
3761 11860.0
3762 11860.0
3763 11860.0
3764 11860.0
3765 11860.0
3766 11860.0
3767 11860.0
3768 11860.0
3769 11860.0
3770 11860.0
3771 11860.0
3772 11860.0
3773 11860.0
3774 11860.0
3775 11860.0
3776 11860.0
3777 11860.0
3778 11860.0
3779 11860.0
3780 11860.0
3781 11860.0
3782 11860.0
3783 11860.0
3784 11860.0
3785 11860.0
3786 11860.0
3787 11860.0
3788 11860.0
3789 11860.0
3790 11860.0
3791 11860.0
3792 11860.0
3793 11860.0
3794 11860.0
3795 11860.0
3796 11860.0
3797 11860.0
3798 11860.0
3799 11860.0
3800 11860.0
3801 11860.0
3802 11860.0
3803 11860.0
3804 11860.0
3805 11860.0
3806 11860.0
3807 11860.0
3808 11860.0
3809 11860.0
3810 11860.0
3811 11860.0
3812 11860.0
3813 11860.0
3814 11860.0
3815 11860.0
3816 11860.0
3817 11860.0
3818 11860.0
3819 11860.0
3820 11860.0
3821 11860.0
3822 11860.0
3823 11860.0
3824 11860.0
3825 11607.0
3826 11512.0
3827 11512.0
3828 11512.0
3829 11512.0
3830 11512.0
3831 11512.0
3832 11512.0
3833 11512.0
3834 11512.0
3835 11512.0
3836 11512.0
3837 11512.0
3838 11512.0
3839 11512.0
3840 11512.0
3841 11512.0
3842 11512.0
3843 11512.0
3844 11512.0
3845 11512.0
3846 11512.0
3847 11512.0
3848 11512.0
3849 11512.0
3850 11498.0
3851 11498.0
3852 11498.0
3853 11498.0
3854 11498.0
3855 11485.0
3856 11485.0
3857 11472.0
3858 11472.0
3859 11472.0
3860 11472.0
3861 11472.0
3862 11467.0
3863 11467.0
3864 11467.0
3865 11467.0
3866 11467.0
3867 11467.0
3868 11467.0
3869 11467.0
3870 11467.0
3871 11467.0
3872 11248.0
3873 11248.0
3874 11248.0
3875 11248.0
3876 11248.0
3877 11248.0
3878 11248.0
3879 11248.0
3880 11248.0
3881 11248.0
3882 11162.0
3883 11162.0
3884 11162.0
3885 11162.0
3886 11162.0
3887 11162.0
3888 11162.0
3889 11162.0
3890 11162.0
3891 11162.0
3892 11162.0
3893 11162.0
3894 11162.0
3895 11162.0
3896 11162.0
3897 11162.0
3898 11162.0
3899 11162.0
3900 11162.0
3901 11162.0
3902 11162.0
3903 11162.0
3904 11162.0
3905 11162.0
3906 11162.0
3907 11162.0
3908 11162.0
3909 11162.0
3910 11019.0
3911 11019.0
3912 10978.0
3913 10978.0
3914 10978.0
3915 10978.0
3916 10978.0
3917 10978.0
3918 10978.0
3919 10978.0
3920 10978.0
3921 10977.0
3922 10821.0
3923 10821.0
3924 10821.0
3925 10821.0
3926 10821.0
3927 10821.0
3928 10821.0
3929 10821.0
3930 10821.0
3931 10821.0
3932 10821.0
3933 10821.0
3934 10821.0
3935 10821.0
3936 10821.0
3937 10821.0
3938 10821.0
3939 10821.0
3940 10821.0
3941 10821.0
3942 10821.0
3943 10821.0
3944 10821.0
3945 10821.0
3946 10821.0
3947 10821.0
3948 10751.0
3949 10751.0
3950 10751.0
3951 10751.0
3952 10751.0
3953 10751.0
3954 10751.0
3955 10751.0
3956 10751.0
3957 10751.0
3958 10751.0
3959 10751.0
3960 10751.0
3961 10751.0
3962 10751.0
3963 10751.0
3964 10751.0
3965 10741.0
3966 10741.0
3967 10741.0
3968 10741.0
3969 10741.0
3970 10741.0
3971 10741.0
3972 10741.0
3973 10741.0
3974 10741.0
3975 10741.0
3976 10741.0
3977 10741.0
3978 10741.0
3979 10741.0
3980 10741.0
3981 10741.0
3982 10741.0
3983 10741.0
3984 10741.0
3985 10741.0
3986 10699.0
3987 10699.0
3988 10699.0
3989 10699.0
3990 10699.0
3991 10699.0
3992 10699.0
3993 10699.0
3994 10699.0
3995 10699.0
3996 10699.0
3997 10699.0
3998 10699.0
3999 10699.0
4000 10699.0
4001 10699.0
4002 10699.0
4003 10699.0
4004 10699.0
4005 10509.0
4006 10509.0
4007 10509.0
4008 10509.0
4009 10509.0
4010 10509.0
4011 10509.0
4012 10509.0
4013 10509.0
4014 10509.0
4015 10509.0
4016 10509.0
4017 10509.0
4018 10509.0
4019 10509.0
4020 10509.0
4021 10509.0
4022 10509.0
4023 10509.0
4024 10509.0
4025 10509.0
4026 10509.0
4027 10509.0
4028 10509.0
4029 10509.0
4030 10509.0
4031 10436.0
4032 10436.0
4033 10436.0
4034 10436.0
4035 10436.0
4036 10436.0
4037 10436.0
4038 10436.0
4039 10436.0
4040 10436.0
4041 10436.0
4042 10436.0
4043 10436.0
4044 10436.0
4045 10436.0
4046 10436.0
4047 10436.0
4048 10436.0
4049 10436.0
4050 10436.0
4051 10436.0
4052 10436.0
4053 10436.0
4054 10436.0
4055 10436.0
4056 10436.0
4057 10436.0
4058 10436.0
4059 10356.0
4060 10356.0
4061 10356.0
4062 10356.0
4063 10356.0
4064 10276.0
4065 10276.0
4066 10276.0
4067 10276.0
4068 10276.0
4069 10276.0
4070 10276.0
4071 10276.0
4072 10276.0
4073 10276.0
4074 10276.0
4075 10276.0
4076 10276.0
4077 10276.0
4078 10276.0
4079 10276.0
4080 10276.0
4081 10276.0
4082 10276.0
4083 10276.0
4084 10276.0
4085 10276.0
4086 10276.0
4087 10276.0
4088 10276.0
4089 10276.0
4090 10276.0
4091 10276.0
4092 10276.0
4093 10276.0
4094 10276.0
4095 10276.0
4096 10276.0
4097 10276.0
4098 10276.0
4099 10276.0
4100 10259.0
4101 10259.0
4102 10259.0
4103 10259.0
4104 10259.0
4105 10259.0
4106 10259.0
4107 10259.0
4108 10259.0
4109 10259.0
4110 10259.0
4111 10259.0
4112 10259.0
4113 10259.0
4114 10259.0
4115 10259.0
4116 10259.0
4117 10259.0
4118 10259.0
4119 10259.0
4120 10259.0
4121 10259.0
4122 10259.0
4123 10259.0
4124 10259.0
4125 10259.0
4126 10259.0
4127 10259.0
4128 8919.0
4129 8919.0
4130 8919.0
4131 8919.0
4132 8919.0
4133 8919.0
4134 8919.0
4135 8919.0
4136 8919.0
4137 8919.0
4138 8919.0
4139 8919.0
4140 8919.0
4141 8919.0
4142 8919.0
4143 8919.0
4144 8919.0
4145 8919.0
4146 8919.0
4147 8919.0
4148 8919.0
4149 8919.0
4150 8919.0
4151 8919.0
4152 8919.0
4153 8683.0
4154 8683.0
4155 8683.0
4156 8683.0
4157 8683.0
4158 8683.0
4159 8683.0
4160 8683.0
4161 8683.0
4162 8683.0
4163 8683.0
4164 8683.0
4165 8683.0
4166 8683.0
4167 8683.0
4168 8683.0
4169 8683.0
4170 8683.0
4171 8683.0
4172 8683.0
4173 8683.0
4174 8683.0
4175 8683.0
4176 8683.0
4177 8683.0
4178 8683.0
4179 8683.0
4180 8683.0
4181 8683.0
4182 8683.0
4183 8683.0
4184 8683.0
4185 8683.0
4186 8683.0
4187 8683.0
4188 8683.0
4189 8683.0
4190 8683.0
4191 8591.0
4192 8591.0
4193 8591.0
4194 8591.0
4195 8591.0
4196 8591.0
4197 8591.0
4198 8591.0
4199 8591.0
4200 8591.0
4201 8591.0
4202 8591.0
4203 8591.0
4204 8591.0
4205 8591.0
4206 8591.0
4207 8591.0
4208 8591.0
4209 8591.0
4210 8591.0
4211 8591.0
4212 8591.0
4213 8591.0
4214 8591.0
4215 8591.0
4216 8591.0
4217 8591.0
4218 8591.0
4219 8591.0
4220 8591.0
4221 8591.0
4222 8591.0
4223 8591.0
4224 8591.0
4225 8591.0
4226 8591.0
4227 8591.0
4228 8591.0
4229 8591.0
4230 8591.0
4231 8591.0
4232 8591.0
4233 8577.0
4234 8577.0
4235 8577.0
4236 8577.0
4237 8577.0
4238 8577.0
4239 8577.0
4240 8577.0
4241 8577.0
4242 8577.0
4243 8577.0
4244 8577.0
4245 8577.0
4246 8577.0
4247 8577.0
4248 8577.0
4249 8577.0
4250 8577.0
4251 8577.0
4252 8577.0
4253 8577.0
4254 8577.0
4255 8577.0
4256 8577.0
4257 8577.0
4258 8577.0
4259 8577.0
4260 8577.0
4261 8577.0
4262 8577.0
4263 8577.0
4264 8577.0
4265 8577.0
4266 8577.0
4267 8577.0
4268 8577.0
4269 8577.0
4270 8530.0
4271 8530.0
4272 8530.0
4273 8530.0
4274 8530.0
4275 8530.0
4276 8530.0
4277 8530.0
4278 8530.0
4279 8530.0
4280 8530.0
4281 8530.0
4282 8530.0
4283 8530.0
4284 8530.0
4285 8530.0
4286 8530.0
4287 8530.0
4288 8530.0
4289 8530.0
4290 8530.0
4291 8530.0
4292 8530.0
4293 8530.0
4294 8530.0
4295 8530.0
4296 8530.0
4297 8530.0
4298 8530.0
4299 8530.0
4300 8530.0
4301 8530.0
4302 8530.0
4303 8530.0
4304 8530.0
4305 8530.0
4306 8530.0
4307 8428.0
4308 8428.0
4309 8428.0
4310 8428.0
4311 8428.0
4312 8428.0
4313 8428.0
4314 8428.0
4315 8428.0
4316 8428.0
4317 8428.0
4318 8428.0
4319 8428.0
4320 8428.0
4321 8428.0
4322 8428.0
4323 8428.0
4324 8428.0
4325 8428.0
4326 8428.0
4327 8428.0
4328 8428.0
4329 8428.0
4330 8428.0
4331 8428.0
4332 8428.0
4333 8428.0
4334 8428.0
4335 8428.0
4336 8428.0
4337 8428.0
4338 8428.0
4339 8428.0
4340 8428.0
4341 8428.0
4342 8428.0
4343 8428.0
4344 8428.0
4345 8428.0
4346 8428.0
4347 8428.0
4348 8428.0
4349 8428.0
4350 8428.0
4351 8428.0
4352 8428.0
4353 8428.0
4354 8428.0
4355 8428.0
4356 8428.0
4357 8428.0
4358 8428.0
4359 8428.0
4360 8428.0
4361 8428.0
4362 8428.0
4363 8428.0
4364 8428.0
4365 8428.0
4366 8428.0
4367 8299.0
4368 8299.0
4369 8299.0
4370 8299.0
4371 8299.0
4372 8299.0
4373 8299.0
4374 8299.0
4375 8299.0
4376 8299.0
4377 8299.0
4378 8299.0
4379 8299.0
4380 8299.0
4381 8299.0
4382 8299.0
4383 8299.0
4384 8299.0
4385 8299.0
4386 8299.0
4387 8299.0
4388 8299.0
4389 8299.0
4390 8299.0
4391 8299.0
4392 8299.0
4393 8299.0
4394 8299.0
4395 8299.0
4396 8299.0
4397 8299.0
4398 8299.0
4399 8299.0
4400 8299.0
4401 8299.0
4402 8299.0
4403 8299.0
4404 8299.0
4405 8299.0
4406 8299.0
4407 8299.0
4408 8299.0
4409 8299.0
4410 8299.0
4411 8299.0
4412 8299.0
4413 8299.0
4414 8299.0
4415 8299.0
4416 8299.0
4417 8299.0
4418 8299.0
4419 8299.0
4420 8299.0
4421 8299.0
4422 8299.0
4423 8299.0
4424 8299.0
4425 8299.0
4426 8299.0
4427 8299.0
4428 8299.0
4429 8299.0
4430 8299.0
4431 8299.0
4432 8281.0
4433 8281.0
4434 8281.0
4435 8281.0
4436 8281.0
4437 8281.0
4438 8281.0
4439 8281.0
4440 8281.0
4441 8281.0
4442 8281.0
4443 8281.0
4444 8281.0
4445 8281.0
4446 8281.0
4447 8281.0
4448 8281.0
4449 8281.0
4450 8281.0
4451 8281.0
4452 8281.0
4453 8281.0
4454 8281.0
4455 8281.0
4456 8281.0
4457 8281.0
4458 8281.0
4459 8281.0
4460 8281.0
4461 8281.0
4462 8281.0
4463 8281.0
4464 8281.0
4465 8281.0
4466 8281.0
4467 8281.0
4468 8281.0
4469 8281.0
4470 8281.0
4471 8281.0
4472 8281.0
4473 8281.0
4474 8281.0
4475 8281.0
4476 8281.0
4477 8281.0
4478 8281.0
4479 8281.0
4480 8281.0
4481 8281.0
4482 8281.0
4483 8281.0
4484 8281.0
4485 8281.0
4486 8281.0
4487 8281.0
4488 8281.0
4489 8281.0
4490 8281.0
4491 8281.0
4492 8281.0
4493 8281.0
4494 8281.0
4495 8281.0
4496 8281.0
4497 8281.0
4498 8281.0
4499 8281.0
4500 8281.0
4501 8281.0
4502 8281.0
4503 8281.0
4504 8281.0
4505 8281.0
4506 8281.0
4507 8281.0
4508 8281.0
4509 8281.0
4510 8281.0
4511 8281.0
4512 8281.0
4513 8281.0
4514 8281.0
4515 8281.0
4516 8281.0
4517 8281.0
4518 8281.0
4519 8281.0
4520 8281.0
4521 8281.0
4522 8281.0
4523 8281.0
4524 8281.0
4525 8281.0
4526 8281.0
4527 8281.0
4528 8281.0
4529 8281.0
4530 8281.0
4531 8281.0
4532 8281.0
4533 8281.0
4534 8281.0
4535 8281.0
4536 8281.0
4537 8281.0
4538 8281.0
4539 8281.0
4540 8281.0
4541 8281.0
4542 8281.0
4543 8281.0
4544 8281.0
4545 8281.0
4546 8281.0
4547 8281.0
4548 8281.0
4549 8281.0
4550 8281.0
4551 8281.0
4552 8281.0
4553 8281.0
4554 8281.0
4555 8281.0
4556 8281.0
4557 8281.0
4558 8281.0
4559 8281.0
4560 8281.0
4561 8281.0
4562 8281.0
4563 8281.0
4564 8281.0
4565 8281.0
4566 8281.0
4567 8281.0
4568 8281.0
4569 8281.0
4570 8281.0
4571 8281.0
4572 8281.0
4573 8281.0
4574 8281.0
4575 8281.0
4576 8281.0
4577 8281.0
4578 8281.0
4579 8281.0
4580 8281.0
4581 8281.0
4582 8281.0
4583 8281.0
4584 8281.0
4585 8281.0
4586 8281.0
4587 8281.0
4588 8281.0
4589 8281.0
4590 8281.0
4591 8281.0
4592 8281.0
4593 8281.0
4594 8281.0
4595 8281.0
4596 8281.0
4597 8281.0
4598 8281.0
4599 8281.0
4600 8281.0
4601 8281.0
4602 8281.0
4603 8281.0
4604 8281.0
4605 8281.0
4606 8281.0
4607 8281.0
4608 8281.0
4609 8281.0
4610 8281.0
4611 8281.0
4612 8281.0
4613 8281.0
4614 8281.0
4615 8281.0
4616 8281.0
4617 8281.0
4618 8281.0
4619 8281.0
4620 8281.0
4621 8281.0
4622 8281.0
4623 8281.0
4624 8281.0
4625 8281.0
4626 8281.0
4627 8281.0
4628 8281.0
4629 8281.0
4630 8281.0
4631 8281.0
4632 8281.0
4633 8281.0
4634 8281.0
4635 8281.0
4636 8281.0
4637 8281.0
4638 8281.0
4639 8281.0
4640 8281.0
4641 8281.0
4642 8281.0
4643 8281.0
4644 8281.0
4645 8281.0
4646 8281.0
4647 8281.0
4648 8281.0
4649 8281.0
4650 8281.0
4651 8281.0
4652 8281.0
4653 8281.0
4654 8281.0
4655 8281.0
4656 8281.0
4657 8281.0
4658 8281.0
4659 8281.0
4660 8281.0
4661 8281.0
4662 8281.0
4663 8281.0
4664 8281.0
4665 8281.0
4666 8281.0
4667 8281.0
4668 8281.0
4669 8281.0
4670 8281.0
4671 8281.0
4672 8281.0
4673 8281.0
4674 8281.0
4675 8281.0
4676 8281.0
4677 8281.0
4678 8281.0
4679 8281.0
4680 8281.0
4681 8281.0
4682 8281.0
4683 8281.0
4684 8281.0
4685 8281.0
4686 8281.0
4687 8281.0
4688 8281.0
4689 8281.0
4690 8281.0
4691 8281.0
4692 8281.0
4693 8281.0
4694 8281.0
4695 8281.0
4696 8281.0
4697 8281.0
4698 8281.0
4699 8281.0
4700 8281.0
4701 8281.0
4702 8281.0
4703 8281.0
4704 8281.0
4705 8281.0
4706 8281.0
4707 8281.0
4708 8281.0
4709 8281.0
4710 8281.0
4711 8281.0
4712 8281.0
4713 8281.0
4714 8281.0
4715 8281.0
4716 8281.0
4717 8281.0
4718 8281.0
4719 8281.0
4720 8281.0
4721 8281.0
4722 8281.0
4723 8281.0
4724 8281.0
4725 8281.0
4726 8281.0
4727 8281.0
4728 8281.0
4729 8281.0
4730 8281.0
4731 8281.0
4732 8281.0
4733 8281.0
4734 8281.0
4735 8281.0
4736 8281.0
4737 8281.0
4738 8281.0
4739 8281.0
4740 8281.0
4741 8281.0
4742 8281.0
4743 8281.0
4744 8281.0
4745 8281.0
4746 8281.0
4747 8281.0
4748 8281.0
4749 8281.0
4750 8281.0
4751 8281.0
4752 8281.0
4753 8281.0
4754 8281.0
4755 8281.0
4756 8281.0
4757 8281.0
4758 8281.0
4759 8281.0
4760 8281.0
4761 8281.0
4762 8281.0
4763 8281.0
4764 8281.0
4765 8281.0
4766 8281.0
4767 8281.0
4768 8281.0
4769 8281.0
4770 8281.0
4771 8281.0
4772 8281.0
4773 8281.0
4774 8281.0
4775 8281.0
4776 8281.0
4777 8281.0
4778 8246.0
4779 8246.0
4780 8246.0
4781 8246.0
4782 8246.0
4783 8246.0
4784 8246.0
4785 8246.0
4786 8246.0
4787 8246.0
4788 8246.0
4789 8246.0
4790 8246.0
4791 8246.0
4792 8246.0
4793 8246.0
4794 8246.0
4795 8246.0
4796 8246.0
4797 8246.0
4798 8246.0
4799 8246.0
4800 8246.0
4801 8246.0
4802 8246.0
4803 8246.0
4804 8246.0
4805 8246.0
4806 8246.0
4807 8246.0
4808 8246.0
4809 8246.0
4810 8246.0
4811 8246.0
4812 8246.0
4813 8246.0
4814 8246.0
4815 8246.0
4816 8246.0
4817 8246.0
4818 8246.0
4819 8246.0
4820 8246.0
4821 8246.0
4822 8246.0
4823 8246.0
4824 8246.0
4825 8246.0
4826 8246.0
4827 8246.0
4828 8246.0
4829 8246.0
4830 8246.0
4831 8246.0
4832 8246.0
4833 8246.0
4834 8246.0
4835 8246.0
4836 8246.0
4837 8246.0
4838 8246.0
4839 8246.0
4840 8246.0
4841 8246.0
4842 8246.0
4843 8246.0
4844 8246.0
4845 8246.0
4846 8246.0
4847 8246.0
4848 8246.0
4849 8246.0
4850 8246.0
4851 8246.0
4852 8246.0
4853 8246.0
4854 8246.0
4855 8246.0
4856 8246.0
4857 8246.0
4858 8246.0
4859 8246.0
4860 8246.0
4861 8246.0
4862 8246.0
4863 8246.0
4864 8246.0
4865 8246.0
4866 8246.0
4867 8246.0
4868 8246.0
4869 8246.0
4870 8246.0
4871 8246.0
4872 8246.0
4873 8246.0
4874 8246.0
4875 8246.0
4876 8246.0
4877 8246.0
4878 8246.0
4879 8246.0
4880 8246.0
4881 8246.0
4882 8246.0
4883 8246.0
4884 8246.0
4885 8246.0
4886 8246.0
4887 8246.0
4888 8246.0
4889 8246.0
4890 8246.0
4891 8246.0
4892 8246.0
4893 8246.0
4894 8246.0
4895 8246.0
4896 8246.0
4897 8246.0
4898 8246.0
4899 8246.0
4900 8246.0
4901 8135.0
4902 8135.0
4903 8135.0
4904 8135.0
4905 8135.0
4906 8135.0
4907 8135.0
4908 8135.0
4909 8135.0
4910 8135.0
4911 8135.0
4912 8135.0
4913 8135.0
4914 8135.0
4915 8135.0
4916 8135.0
4917 8135.0
4918 8135.0
4919 8135.0
4920 8135.0
4921 8135.0
4922 8135.0
4923 8135.0
4924 8135.0
4925 8135.0
4926 8135.0
4927 8135.0
4928 8135.0
4929 8135.0
4930 8135.0
4931 8135.0
4932 8135.0
4933 8135.0
4934 8135.0
4935 8135.0
4936 8135.0
4937 8135.0
4938 8135.0
4939 8135.0
4940 8135.0
4941 8135.0
4942 8135.0
4943 8135.0
4944 8135.0
4945 8135.0
4946 8135.0
4947 8135.0
4948 8135.0
4949 8135.0
4950 8135.0
4951 8135.0
4952 8135.0
4953 8135.0
4954 8135.0
4955 8135.0
4956 8135.0
4957 8135.0
4958 8135.0
4959 8135.0
4960 8135.0
4961 8135.0
4962 8135.0
4963 8135.0
4964 8135.0
4965 8135.0
4966 8135.0
4967 8135.0
4968 8135.0
4969 8135.0
4970 8135.0
4971 8135.0
4972 8135.0
4973 8135.0
4974 8135.0
4975 8135.0
4976 8135.0
4977 8135.0
4978 8135.0
4979 8135.0
4980 8135.0
4981 8135.0
4982 8135.0
4983 8135.0
4984 8135.0
4985 8135.0
4986 8135.0
4987 8135.0
4988 8135.0
4989 8135.0
4990 8135.0
4991 8135.0
4992 8135.0
4993 8135.0
4994 8135.0
4995 8135.0
4996 8135.0
4997 8135.0
4998 8135.0
4999 8135.0
