0 269060.0
1 268327.0
2 266864.0
3 266134.0
4 264678.0
5 263226.0
6 262502.0
7 260335.0
8 259616.0
9 259616.0
10 258899.0
11 258183.0
12 256751.0
13 256751.0
14 256751.0
15 255321.0
16 254609.0
17 254609.0
18 254609.0
19 254609.0
20 254609.0
21 253896.0
22 253184.0
23 250349.0
24 249642.0
25 249642.0
26 249642.0
27 247528.0
28 247528.0
29 247528.0
30 247528.0
31 247528.0
32 246825.0
33 246825.0
34 246825.0
35 244723.0
36 244723.0
37 244024.0
38 244024.0
39 244024.0
40 243326.0
41 243326.0
42 243326.0
43 243326.0
44 243326.0
45 243326.0
46 243326.0
47 242629.0
48 242629.0
49 239852.0
50 237781.0
51 237781.0
52 237781.0
53 237781.0
54 237781.0
55 237093.0
56 236405.0
57 235719.0
58 235719.0
59 233668.0
60 232986.0
61 232986.0
62 232304.0
63 232304.0
64 232304.0
65 232304.0
66 230943.0
67 229595.0
68 229595.0
69 228918.0
70 227568.0
71 227568.0
72 227568.0
73 227568.0
74 227568.0
75 227568.0
76 226221.0
77 226221.0
78 226221.0
79 226221.0
80 226221.0
81 226221.0
82 226221.0
83 226221.0
84 226221.0
85 226221.0
86 225549.0
87 225549.0
88 225549.0
89 225549.0
90 225549.0
91 225549.0
92 224878.0
93 224878.0
94 224878.0
95 224878.0
96 224878.0
97 224878.0
98 224878.0
99 224878.0
100 224878.0
101 224878.0
102 223539.0
103 223539.0
104 223538.0
105 222204.0
106 222204.0
107 222204.0
108 222204.0
109 221538.0
110 220873.0
111 220209.0
112 220209.0
113 220209.0
114 220209.0
115 218885.0
116 218885.0
117 218885.0
118 218885.0
119 218885.0
120 218885.0
121 218885.0
122 218885.0
123 218229.0
124 218229.0
125 218229.0
126 217569.0
127 216910.0
128 216910.0
129 216910.0
130 216910.0
131 216252.0
132 216252.0
133 216252.0
134 216251.0
135 215596.0
136 214285.0
137 214285.0
138 214285.0
139 213631.0
140 213631.0
141 212978.0
142 212978.0
143 212978.0
144 212978.0
145 212978.0
146 212978.0
147 212978.0
148 212326.0
149 212326.0
150 212326.0
151 212326.0
152 212326.0
153 207799.0
154 207799.0
155 207799.0
156 207799.0
157 207799.0
158 207799.0
159 207799.0
160 207156.0
161 206513.0
162 206513.0
163 206513.0
164 206513.0
165 206513.0
166 206513.0
167 206513.0
168 205231.0
169 205231.0
170 203315.0
171 203315.0
172 203315.0
173 202682.0
174 202046.0
175 202046.0
176 202046.0
177 201411.0
178 201411.0
179 201411.0
180 201411.0
181 201411.0
182 201411.0
183 201411.0
184 201411.0
185 201411.0
186 201411.0
187 201411.0
188 201411.0
189 201411.0
190 201411.0
191 201411.0
192 201411.0
193 201411.0
194 201411.0
195 200145.0
196 200145.0
197 200145.0
198 200145.0
199 200145.0
200 200145.0
201 200145.0
202 200145.0
203 200145.0
204 200145.0
205 200145.0
206 200145.0
207 199514.0
208 199514.0
209 199514.0
210 199514.0
211 199514.0
212 199514.0
213 198883.0
214 198883.0
215 198883.0
216 198883.0
217 198883.0
218 198253.0
219 198253.0
220 198253.0
221 197625.0
222 197625.0
223 197625.0
224 197625.0
225 197625.0
226 197625.0
227 196997.0
228 196997.0
229 196997.0
230 196997.0
231 196997.0
232 196997.0
233 196997.0
234 196997.0
235 196997.0
236 196997.0
237 196997.0
238 196997.0
239 196370.0
240 195744.0
241 195744.0
242 195744.0
243 195744.0
244 195744.0
245 195744.0
246 195744.0
247 195744.0
248 195744.0
249 195744.0
250 194496.0
251 194496.0
252 194496.0
253 194496.0
254 193873.0
255 193873.0
256 193873.0
257 193873.0
258 193873.0
259 193873.0
260 193873.0
261 193873.0
262 193873.0
263 193873.0
264 193873.0
265 193873.0
266 193873.0
267 193873.0
268 193873.0
269 193873.0
270 193873.0
271 193873.0
272 193873.0
273 193873.0
274 193873.0
275 193873.0
276 193873.0
277 193873.0
278 193873.0
279 193873.0
280 193873.0
281 193873.0
282 192631.0
283 192631.0
284 191392.0
285 190779.0
286 189560.0
287 188945.0
288 188945.0
289 188945.0
290 188945.0
291 188945.0
292 188945.0
293 188945.0
294 188945.0
295 188331.0
296 188331.0
297 188331.0
298 188331.0
299 188331.0
300 187721.0
301 187721.0
302 187721.0
303 187721.0
304 187721.0
305 187109.0
306 187109.0
307 187109.0
308 186499.0
309 185889.0
310 185889.0
311 184673.0
312 184673.0
313 184673.0
314 184673.0
315 184673.0
316 183461.0
317 183461.0
318 183461.0
319 183461.0
320 183461.0
321 182856.0
322 182856.0
323 182856.0
324 182856.0
325 182856.0
326 182856.0
327 182856.0
328 182856.0
329 182252.0
330 182252.0
331 182252.0
332 182252.0
333 182252.0
334 182252.0
335 182252.0
336 182252.0
337 182252.0
338 182252.0
339 182252.0
340 182252.0
341 182252.0
342 182252.0
343 182252.0
344 182252.0
345 182252.0
346 182252.0
347 182252.0
348 182252.0
349 182252.0
350 182252.0
351 182252.0
352 181649.0
353 181649.0
354 181649.0
355 181649.0
356 181649.0
357 181649.0
358 181047.0
359 181047.0
360 181047.0
361 181047.0
362 181047.0
363 181047.0
364 181047.0
365 181047.0
366 181047.0
367 181047.0
368 181047.0
369 181047.0
370 179247.0
371 179247.0
372 179247.0
373 179247.0
374 179247.0
375 178649.0
376 178649.0
377 178649.0
378 178649.0
379 178052.0
380 177457.0
381 176283.0
382 176283.0
383 176283.0
384 176283.0
385 175098.0
386 175098.0
387 175098.0
388 173918.0
389 173329.0
390 173329.0
391 173329.0
392 173329.0
393 173329.0
394 173329.0
395 172741.0
396 172741.0
397 172741.0
398 172741.0
399 172741.0
400 172741.0
401 172741.0
402 172741.0
403 172741.0
404 172154.0
405 171568.0
406 171568.0
407 171568.0
408 171568.0
409 171568.0
410 170983.0
411 170983.0
412 170399.0
413 170399.0
414 170399.0
415 169825.0
416 169825.0
417 169825.0
418 169823.0
419 169823.0
420 169823.0
421 169823.0
422 169823.0
423 169823.0
424 169244.0
425 169244.0
426 169244.0
427 167507.0
428 167507.0
429 167507.0
430 167507.0
431 166353.0
432 166353.0
433 166353.0
434 166353.0
435 166353.0
436 165777.0
437 165777.0
438 165777.0
439 165202.0
440 165202.0
441 165202.0
442 165202.0
443 164628.0
444 164056.0
445 164056.0
446 164056.0
447 164056.0
448 164056.0
449 164056.0
450 164056.0
451 164056.0
452 162915.0
453 162915.0
454 162915.0
455 162915.0
456 162915.0
457 162915.0
458 162915.0
459 162345.0
460 162345.0
461 162345.0
462 162345.0
463 162345.0
464 162345.0
465 162345.0
466 162345.0
467 162345.0
468 162345.0
469 162345.0
470 162345.0
471 162345.0
472 162345.0
473 161777.0
474 161777.0
475 161777.0
476 161777.0
477 161777.0
478 161777.0
479 161777.0
480 161777.0
481 161777.0
482 161777.0
483 161777.0
484 161777.0
485 161777.0
486 161777.0
487 161777.0
488 161777.0
489 161777.0
490 161777.0
491 161777.0
492 161777.0
493 161777.0
494 161777.0
495 161777.0
496 161777.0
497 161777.0
498 161777.0
499 161777.0
500 161777.0
501 161777.0
502 161777.0
503 161777.0
504 160648.0
505 160648.0
506 160648.0
507 160648.0
508 159518.0
509 159518.0
510 159518.0
511 159518.0
512 159518.0
513 159518.0
514 159518.0
515 159518.0
516 159518.0
517 158954.0
518 158954.0
519 158392.0
520 156152.0
521 155040.0
522 155040.0
523 155040.0
524 155040.0
525 155040.0
526 155040.0
527 155040.0
528 155040.0
529 155040.0
530 155040.0
531 155040.0
532 155040.0
533 155040.0
534 155040.0
535 155040.0
536 155040.0
537 155040.0
538 155040.0
539 155040.0
540 154485.0
541 153955.0
542 153955.0
543 153955.0
544 153955.0
545 153955.0
546 153955.0
547 153401.0
548 153401.0
549 153401.0
550 153401.0
551 153401.0
552 153401.0
553 153401.0
554 153401.0
555 153401.0
556 153401.0
557 153401.0
558 153401.0
559 153401.0
560 153401.0
561 153401.0
562 153401.0
563 153401.0
564 153401.0
565 153401.0
566 153401.0
567 153401.0
568 153401.0
569 153401.0
570 153401.0
571 153401.0
572 153401.0
573 153401.0
574 153401.0
575 153401.0
576 153401.0
577 153401.0
578 153401.0
579 153401.0
580 153401.0
581 152853.0
582 152853.0
583 152853.0
584 152853.0
585 152853.0
586 152853.0
587 152853.0
588 152853.0
589 152853.0
590 152853.0
591 152853.0
592 152853.0
593 152853.0
594 152853.0
595 152853.0
596 152853.0
597 152853.0
598 152853.0
599 152853.0
600 152853.0
601 152853.0
602 152853.0
603 152853.0
604 152853.0
605 152853.0
606 152853.0
607 151753.0
608 151753.0
609 151753.0
610 151753.0
611 151753.0
612 151753.0
613 151203.0
614 151203.0
615 151203.0
616 151203.0
617 151203.0
618 151203.0
619 151203.0
620 151203.0
621 151203.0
622 151203.0
623 151203.0
624 151203.0
625 151203.0
626 151203.0
627 151203.0
628 151203.0
629 151203.0
630 151203.0
631 151203.0
632 151203.0
633 151203.0
634 151203.0
635 151203.0
636 151203.0
637 151203.0
638 151203.0
639 151203.0
640 151203.0
641 151203.0
642 151203.0
643 151203.0
644 151203.0
645 151203.0
646 151203.0
647 151203.0
648 151203.0
649 151203.0
650 151203.0
651 151203.0
652 151203.0
653 151203.0
654 151203.0
655 151203.0
656 151203.0
657 151203.0
658 151203.0
659 151203.0
660 151203.0
661 151203.0
662 151203.0
663 151203.0
664 151203.0
665 150657.0
666 150657.0
667 150657.0
668 150657.0
669 150657.0
670 150657.0
671 150657.0
672 150657.0
673 150657.0
674 150657.0
675 150109.0
676 150109.0
677 150109.0
678 150109.0
679 150109.0
680 150109.0
681 150109.0
682 150109.0
683 150109.0
684 150109.0
685 150109.0
686 150109.0
687 150109.0
688 150109.0
689 150109.0
690 150109.0
691 150109.0
692 150109.0
693 150109.0
694 150109.0
695 150109.0
696 150109.0
697 150109.0
698 150109.0
699 150109.0
700 150109.0
701 150109.0
702 150109.0
703 150109.0
704 150109.0
705 150109.0
706 150109.0
707 150109.0
708 150109.0
709 150109.0
710 150109.0
711 150109.0
712 150109.0
713 149019.0
714 149019.0
715 148479.0
716 148479.0
717 148479.0
718 148479.0
719 148479.0
720 148479.0
721 148479.0
722 148479.0
723 148479.0
724 147935.0
725 147935.0
726 147935.0
727 146310.0
728 146304.0
729 145239.0
730 145239.0
731 145239.0
732 145239.0
733 145239.0
734 145239.0
735 145239.0
736 144702.0
737 144702.0
738 144702.0
739 144702.0
740 144702.0
741 144702.0
742 144702.0
743 144702.0
744 144702.0
745 144702.0
746 144702.0
747 144702.0
748 144702.0
749 144702.0
750 144702.0
751 144702.0
752 144702.0
753 144702.0
754 144702.0
755 144702.0
756 144702.0
757 144702.0
758 144702.0
759 144702.0
760 144165.0
761 144165.0
762 144165.0
763 144165.0
764 144165.0
765 144165.0
766 144165.0
767 144165.0
768 144165.0
769 144165.0
770 144165.0
771 140462.0
772 140462.0
773 140462.0
774 140462.0
775 140462.0
776 140462.0
777 140462.0
778 140462.0
779 140462.0
780 140462.0
781 140462.0
782 140462.0
783 140462.0
784 140462.0
785 140462.0
786 139934.0
787 139934.0
788 139407.0
789 138881.0
790 138881.0
791 138881.0
792 138881.0
793 138881.0
794 138881.0
795 138881.0
796 138381.0
797 138381.0
798 138381.0
799 138381.0
800 138381.0
801 138381.0
802 138381.0
803 138381.0
804 138381.0
805 138381.0
806 138381.0
807 138381.0
808 138381.0
809 138381.0
810 138381.0
811 138381.0
812 138381.0
813 138381.0
814 138381.0
815 137333.0
816 137333.0
817 137333.0
818 137333.0
819 137333.0
820 137333.0
821 137333.0
822 137333.0
823 137333.0
824 137333.0
825 137333.0
826 137333.0
827 137333.0
828 137333.0
829 137333.0
830 136819.0
831 136819.0
832 136819.0
833 136819.0
834 136819.0
835 136819.0
836 136819.0
837 136819.0
838 136819.0
839 136819.0
840 136298.0
841 136298.0
842 136298.0
843 136298.0
844 136298.0
845 136298.0
846 136298.0
847 136298.0
848 136298.0
849 136298.0
850 136298.0
851 136298.0
852 136298.0
853 135260.0
854 135260.0
855 135260.0
856 135260.0
857 135260.0
858 135260.0
859 135260.0
860 135260.0
861 135260.0
862 135260.0
863 135260.0
864 135260.0
865 135260.0
866 135260.0
867 135260.0
868 135260.0
869 135260.0
870 135260.0
871 134763.0
872 134763.0
873 134763.0
874 134763.0
875 134763.0
876 134763.0
877 134763.0
878 134763.0
879 134763.0
880 134245.0
881 134245.0
882 134245.0
883 134245.0
884 134245.0
885 134245.0
886 134245.0
887 134245.0
888 134245.0
889 134245.0
890 134245.0
891 134245.0
892 134245.0
893 134245.0
894 134245.0
895 134245.0
896 134245.0
897 134245.0
898 134245.0
899 134245.0
900 134245.0
901 134245.0
902 134245.0
903 134245.0
904 134245.0
905 134245.0
906 134245.0
907 134245.0
908 134245.0
909 134245.0
910 134245.0
911 134245.0
912 134245.0
913 134245.0
914 134245.0
915 134245.0
916 134245.0
917 134245.0
918 134245.0
919 134245.0
920 134245.0
921 134245.0
922 134245.0
923 134245.0
924 134245.0
925 133731.0
926 133731.0
927 133216.0
928 133216.0
929 133216.0
930 133216.0
931 133216.0
932 133216.0
933 133216.0
934 133216.0
935 133216.0
936 133216.0
937 133216.0
938 133216.0
939 133216.0
940 133216.0
941 133216.0
942 133216.0
943 132702.0
944 132702.0
945 132702.0
946 132702.0
947 132702.0
948 132702.0
949 132702.0
950 132702.0
951 132702.0
952 132702.0
953 132702.0
954 132702.0
955 132211.0
956 132211.0
957 132211.0
958 132211.0
959 132211.0
960 132211.0
961 132211.0
962 132211.0
963 132211.0
964 132211.0
965 132211.0
966 132211.0
967 132211.0
968 132211.0
969 132211.0
970 132211.0
971 132211.0
972 132211.0
973 131698.0
974 131195.0
975 130684.0
976 130684.0
977 130684.0
978 130684.0
979 130175.0
980 130175.0
981 130175.0
982 129667.0
983 129667.0
984 129667.0
985 129667.0
986 129667.0
987 129667.0
988 129667.0
989 129667.0
990 129667.0
991 129667.0
992 129667.0
993 129177.0
994 129177.0
995 129177.0
996 129177.0
997 129177.0
998 128670.0
999 128670.0
1000 128670.0
1001 128670.0
1002 128670.0
1003 128670.0
1004 128670.0
1005 128670.0
1006 128670.0
1007 128670.0
1008 128670.0
1009 128670.0
1010 128670.0
1011 128670.0
1012 128670.0
1013 128670.0
1014 128670.0
1015 128670.0
1016 128670.0
1017 128670.0
1018 128171.0
1019 128171.0
1020 128171.0
1021 128171.0
1022 128171.0
1023 128171.0
1024 128171.0
1025 128171.0
1026 128171.0
1027 128171.0
1028 127667.0
1029 127176.0
1030 127176.0
1031 127176.0
1032 127176.0
1033 126673.0
1034 126673.0
1035 126673.0
1036 126673.0
1037 126673.0
1038 126673.0
1039 126673.0
1040 126673.0
1041 126176.0
1042 126176.0
1043 126176.0
1044 126176.0
1045 126176.0
1046 126176.0
1047 125179.0
1048 125179.0
1049 125179.0
1050 124719.0
1051 124719.0
1052 124719.0
1053 124719.0
1054 124719.0
1055 124719.0
1056 124719.0
1057 124222.0
1058 124222.0
1059 124222.0
1060 124222.0
1061 124222.0
1062 124222.0
1063 124222.0
1064 124222.0
1065 124222.0
1066 124222.0
1067 124222.0
1068 124222.0
1069 124222.0
1070 124222.0
1071 124222.0
1072 124222.0
1073 124222.0
1074 124222.0
1075 124222.0
1076 123730.0
1077 122739.0
1078 122739.0
1079 122739.0
1080 122739.0
1081 122739.0
1082 122739.0
1083 122739.0
1084 122739.0
1085 122739.0
1086 122739.0
1087 122739.0
1088 122739.0
1089 122739.0
1090 122256.0
1091 122256.0
1092 122256.0
1093 122256.0
1094 122256.0
1095 122256.0
1096 122256.0
1097 122256.0
1098 122256.0
1099 122256.0
1100 121272.0
1101 121272.0
1102 121272.0
1103 121272.0
1104 121272.0
1105 121272.0
1106 121272.0
1107 121272.0
1108 121272.0
1109 121272.0
1110 121272.0
1111 121272.0
1112 121272.0
1113 121272.0
1114 121272.0
1115 121272.0
1116 121272.0
1117 121272.0
1118 121272.0
1119 121272.0
1120 121272.0
1121 121272.0
1122 121272.0
1123 121272.0
1124 121272.0
1125 121272.0
1126 121272.0
1127 121272.0
1128 121272.0
1129 121272.0
1130 121272.0
1131 121272.0
1132 121272.0
1133 121272.0
1134 121272.0
1135 121272.0
1136 121272.0
1137 121272.0
1138 121272.0
1139 121272.0
1140 121272.0
1141 121272.0
1142 121272.0
1143 121272.0
1144 121272.0
1145 121272.0
1146 120821.0
1147 120821.0
1148 120821.0
1149 120821.0
1150 120821.0
1151 120821.0
1152 120821.0
1153 120331.0
1154 120331.0
1155 120331.0
1156 120331.0
1157 120331.0
1158 120331.0
1159 120331.0
1160 120331.0
1161 120331.0
1162 120331.0
1163 120331.0
1164 120331.0
1165 120331.0
1166 120331.0
1167 120331.0
1168 120331.0
1169 120331.0
1170 119355.0
1171 119355.0
1172 119355.0
1173 119355.0
1174 119355.0
1175 119355.0
1176 119355.0
1177 119355.0
1178 119355.0
1179 119355.0
1180 119355.0
1181 119355.0
1182 119355.0
1183 119355.0
1184 119355.0
1185 119355.0
1186 119355.0
1187 119355.0
1188 119355.0
1189 119355.0
1190 118868.0
1191 118868.0
1192 118868.0
1193 118868.0
1194 118868.0
1195 118868.0
1196 118868.0
1197 118868.0
1198 118868.0
1199 118868.0
1200 118868.0
1201 118868.0
1202 118868.0
1203 118868.0
1204 118868.0
1205 117915.0
1206 117468.0
1207 117468.0
1208 116985.0
1209 116985.0
1210 116985.0
1211 116985.0
1212 116985.0
1213 116985.0
1214 116985.0
1215 116985.0
1216 116985.0
1217 116985.0
1218 116985.0
1219 116504.0
1220 116504.0
1221 116504.0
1222 116504.0
1223 116504.0
1224 116504.0
1225 116504.0
1226 116504.0
1227 116504.0
1228 116504.0
1229 116504.0
1230 116504.0
1231 116504.0
1232 116504.0
1233 116504.0
1234 116504.0
1235 116504.0
1236 116504.0
1237 116504.0
1238 116504.0
1239 116504.0
1240 116504.0
1241 116504.0
1242 116504.0
1243 116504.0
1244 116504.0
1245 116504.0
1246 116504.0
1247 116504.0
1248 116504.0
1249 116504.0
1250 116504.0
1251 116504.0
1252 116504.0
1253 116504.0
1254 116504.0
1255 116504.0
1256 116504.0
1257 115546.0
1258 115546.0
1259 115110.0
1260 115110.0
1261 115110.0
1262 115110.0
1263 114632.0
1264 114632.0
1265 114632.0
1266 114632.0
1267 114632.0
1268 114632.0
1269 114632.0
1270 114632.0
1271 114632.0
1272 114632.0
1273 114632.0
1274 114632.0
1275 114632.0
1276 114632.0
1277 114632.0
1278 114617.0
1279 114617.0
1280 114617.0
1281 114617.0
1282 114195.0
1283 114195.0
1284 114195.0
1285 114195.0
1286 114195.0
1287 114195.0
1288 113719.0
1289 113719.0
1290 113719.0
1291 113719.0
1292 113719.0
1293 113719.0
1294 113719.0
1295 113719.0
1296 113719.0
1297 113719.0
1298 113719.0
1299 113719.0
1300 113719.0
1301 113719.0
1302 113719.0
1303 113719.0
1304 113719.0
1305 113719.0
1306 113719.0
1307 113719.0
1308 113719.0
1309 113719.0
1310 113270.0
1311 113270.0
1312 113270.0
1313 113270.0
1314 113270.0
1315 113270.0
1316 113270.0
1317 113270.0
1318 113270.0
1319 113270.0
1320 112798.0
1321 112798.0
1322 112332.0
1323 111869.0
1324 111869.0
1325 111869.0
1326 111869.0
1327 111869.0
1328 111869.0
1329 111869.0
1330 111869.0
1331 111869.0
1332 111869.0
1333 111869.0
1334 111869.0
1335 111869.0
1336 111869.0
1337 111398.0
1338 111398.0
1339 111398.0
1340 111398.0
1341 111398.0
1342 111398.0
1343 111398.0
1344 111398.0
1345 110460.0
1346 110460.0
1347 110460.0
1348 110460.0
1349 110460.0
1350 110035.0
1351 110035.0
1352 108638.0
1353 107768.0
1354 107768.0
1355 107768.0
1356 107768.0
1357 107768.0
1358 107768.0
1359 107768.0
1360 107768.0
1361 107768.0
1362 107768.0
1363 107768.0
1364 107768.0
1365 107768.0
1366 107768.0
1367 107768.0
1368 107768.0
1369 107768.0
1370 107768.0
1371 107768.0
1372 107768.0
1373 107768.0
1374 107768.0
1375 107768.0
1376 107768.0
1377 107768.0
1378 107768.0
1379 107768.0
1380 107768.0
1381 107768.0
1382 107768.0
1383 107768.0
1384 107768.0
1385 107487.0
1386 107487.0
1387 107487.0
1388 107487.0
1389 107487.0
1390 107026.0
1391 107026.0
1392 106635.0
1393 106635.0
1394 106635.0
1395 106635.0
1396 106635.0
1397 106176.0
1398 106176.0
1399 106176.0
1400 106176.0
1401 106176.0
1402 106176.0
1403 106176.0
1404 106176.0
1405 105262.0
1406 104909.0
1407 104909.0
1408 104909.0
1409 104909.0
1410 104909.0
1411 104909.0
1412 104909.0
1413 104909.0
1414 104909.0
1415 104909.0
1416 104909.0
1417 104909.0
1418 104909.0
1419 104909.0
1420 104044.0
1421 103592.0
1422 103592.0
1423 103592.0
1424 103313.0
1425 102862.0
1426 102862.0
1427 101074.0
1428 101065.0
1429 100898.0
1430 100034.0
1431 99769.0
1432 99769.0
1433 99769.0
1434 99769.0
1435 99769.0
1436 99769.0
1437 99769.0
1438 99769.0
1439 99769.0
1440 98885.0
1441 98885.0
1442 98885.0
1443 98885.0
1444 98885.0
1445 98885.0
1446 98885.0
1447 98885.0
1448 98885.0
1449 98885.0
1450 98885.0
1451 98885.0
1452 98885.0
1453 98885.0
1454 98885.0
1455 98885.0
1456 98885.0
1457 98885.0
1458 98885.0
1459 98885.0
1460 98885.0
1461 98885.0
1462 98885.0
1463 98885.0
1464 98885.0
1465 98885.0
1466 98885.0
1467 98885.0
1468 98885.0
1469 98885.0
1470 98885.0
1471 98885.0
1472 98885.0
1473 98885.0
1474 98444.0
1475 98444.0
1476 98444.0
1477 98444.0
1478 96258.0
1479 96258.0
1480 96258.0
1481 96258.0
1482 96258.0
1483 96258.0
1484 96258.0
1485 96258.0
1486 96258.0
1487 96258.0
1488 96258.0
1489 96258.0
1490 96258.0
1491 96258.0
1492 96258.0
1493 96258.0
1494 96258.0
1495 96258.0
1496 96258.0
1497 96258.0
1498 96258.0
1499 96258.0
1500 95847.0
1501 95847.0
1502 95847.0
1503 95847.0
1504 95847.0
1505 95847.0
1506 95847.0
1507 95847.0
1508 95847.0
1509 95847.0
1510 95847.0
1511 95847.0
1512 95847.0
1513 95847.0
1514 95847.0
1515 95847.0
1516 95847.0
1517 95847.0
1518 95413.0
1519 95413.0
1520 95413.0
1521 95413.0
1522 95413.0
1523 95413.0
1524 95413.0
1525 95413.0
1526 95413.0
1527 95413.0
1528 95413.0
1529 94981.0
1530 94981.0
1531 94981.0
1532 94981.0
1533 94568.0
1534 94568.0
1535 94568.0
1536 94568.0
1537 94568.0
1538 94568.0
1539 94568.0
1540 94568.0
1541 94568.0
1542 94568.0
1543 94568.0
1544 94568.0
1545 94568.0
1546 94568.0
1547 94568.0
1548 94568.0
1549 94568.0
1550 94568.0
1551 94568.0
1552 93711.0
1553 93711.0
1554 93711.0
1555 93711.0
1556 93711.0
1557 93711.0
1558 93711.0
1559 93711.0
1560 93711.0
1561 93711.0
1562 93711.0
1563 93711.0
1564 93711.0
1565 93339.0
1566 92914.0
1567 92914.0
1568 92914.0
1569 92914.0
1570 92914.0
1571 92914.0
1572 92914.0
1573 92619.0
1574 92193.0
1575 92193.0
1576 92193.0
1577 92193.0
1578 92193.0
1579 92193.0
1580 92193.0
1581 92193.0
1582 92193.0
1583 92193.0
1584 92193.0
1585 92193.0
1586 92193.0
1587 92193.0
1588 92193.0
1589 92193.0
1590 91769.0
1591 91769.0
1592 91769.0
1593 91769.0
1594 91769.0
1595 91769.0
1596 91769.0
1597 91769.0
1598 91769.0
1599 91769.0
1600 91769.0
1601 91769.0
1602 91769.0
1603 91769.0
1604 91769.0
1605 91769.0
1606 91769.0
1607 90935.0
1608 90599.0
1609 90599.0
1610 90599.0
1611 90599.0
1612 90599.0
1613 88514.0
1614 88132.0
1615 88132.0
1616 88132.0
1617 88132.0
1618 88132.0
1619 88132.0
1620 88132.0
1621 88132.0
1622 87717.0
1623 87717.0
1624 87717.0
1625 87717.0
1626 87717.0
1627 87717.0
1628 87717.0
1629 87717.0
1630 87304.0
1631 87304.0
1632 87304.0
1633 87303.0
1634 87303.0
1635 87303.0
1636 87303.0
1637 87303.0
1638 87303.0
1639 87303.0
1640 87303.0
1641 87303.0
1642 87303.0
1643 87303.0
1644 87303.0
1645 87303.0
1646 87303.0
1647 87303.0
1648 87303.0
1649 87303.0
1650 87303.0
1651 87303.0
1652 87303.0
1653 87303.0
1654 87303.0
1655 87303.0
1656 87303.0
1657 87303.0
1658 87303.0
1659 87303.0
1660 87303.0
1661 87303.0
1662 87303.0
1663 87303.0
1664 83648.0
1665 83648.0
1666 83648.0
1667 83648.0
1668 83648.0
1669 83648.0
1670 83648.0
1671 83648.0
1672 83648.0
1673 83648.0
1674 83648.0
1675 83648.0
1676 83648.0
1677 83648.0
1678 83648.0
1679 83648.0
1680 82609.0
1681 82609.0
1682 82556.0
1683 82328.0
1684 82328.0
1685 82328.0
1686 82328.0
1687 82328.0
1688 82328.0
1689 82328.0
1690 82328.0
1691 82328.0
1692 82328.0
1693 82328.0
1694 81928.0
1695 81531.0
1696 81531.0
1697 81531.0
1698 81133.0
1699 80897.0
1700 80897.0
1701 80897.0
1702 80897.0
1703 80897.0
1704 80897.0
1705 80897.0
1706 80897.0
1707 80897.0
1708 80897.0
1709 80897.0
1710 80897.0
1711 80501.0
1712 80501.0
1713 80107.0
1714 80107.0
1715 80107.0
1716 80107.0
1717 80107.0
1718 80107.0
1719 78953.0
1720 78953.0
1721 78610.0
1722 78159.0
1723 78159.0
1724 77838.0
1725 77838.0
1726 77838.0
1727 77838.0
1728 77838.0
1729 77838.0
1730 77838.0
1731 77838.0
1732 77838.0
1733 77838.0
1734 77838.0
1735 77838.0
1736 77838.0
1737 77838.0
1738 77838.0
1739 77838.0
1740 77838.0
1741 77838.0
1742 77838.0
1743 77838.0
1744 77838.0
1745 77838.0
1746 77838.0
1747 77838.0
1748 77838.0
1749 77838.0
1750 77838.0
1751 77838.0
1752 77838.0
1753 77838.0
1754 77838.0
1755 77838.0
1756 77838.0
1757 77838.0
1758 77838.0
1759 77838.0
1760 77838.0
1761 77838.0
1762 77838.0
1763 77467.0
1764 77467.0
1765 77467.0
1766 77467.0
1767 77467.0
1768 77467.0
1769 77467.0
1770 77467.0
1771 77467.0
1772 77467.0
1773 77467.0
1774 77467.0
1775 77467.0
1776 77467.0
1777 77467.0
1778 77467.0
1779 77467.0
1780 77467.0
1781 77467.0
1782 77467.0
1783 77467.0
1784 77467.0
1785 77467.0
1786 77467.0
1787 77467.0
1788 77467.0
1789 77467.0
1790 77467.0
1791 77467.0
1792 77467.0
1793 77467.0
1794 77467.0
1795 77467.0
1796 77467.0
1797 76703.0
1798 76703.0
1799 76627.0
1800 76627.0
1801 76454.0
1802 76090.0
1803 75710.0
1804 75710.0
1805 75710.0
1806 75710.0
1807 75710.0
1808 75710.0
1809 75710.0
1810 74579.0
1811 74570.0
1812 74218.0
1813 74218.0
1814 74218.0
1815 74218.0
1816 74218.0
1817 73303.0
1818 73303.0
1819 72571.0
1820 72571.0
1821 72571.0
1822 72571.0
1823 72402.0
1824 72402.0
1825 72402.0
1826 72402.0
1827 72402.0
1828 71833.0
1829 71833.0
1830 71833.0
1831 71833.0
1832 71833.0
1833 71833.0
1834 71098.0
1835 70809.0
1836 70444.0
1837 70444.0
1838 70444.0
1839 70444.0
1840 70444.0
1841 70444.0
1842 70444.0
1843 70444.0
1844 70444.0
1845 70444.0
1846 70444.0
1847 70444.0
1848 70444.0
1849 70444.0
1850 70444.0
1851 70444.0
1852 70444.0
1853 70444.0
1854 70444.0
1855 70444.0
1856 70444.0
1857 70444.0
1858 70088.0
1859 69725.0
1860 69406.0
1861 69406.0
1862 69045.0
1863 69045.0
1864 69045.0
1865 69045.0
1866 69045.0
1867 69045.0
1868 69045.0
1869 69045.0
1870 69045.0
1871 69045.0
1872 69045.0
1873 69045.0
1874 69045.0
1875 69045.0
1876 69045.0
1877 69045.0
1878 69045.0
1879 69045.0
1880 69045.0
1881 69045.0
1882 69045.0
1883 68705.0
1884 68705.0
1885 68705.0
1886 68705.0
1887 68705.0
1888 68701.0
1889 68357.0
1890 68357.0
1891 67999.0
1892 67999.0
1893 67999.0
1894 67999.0
1895 67999.0
1896 67999.0
1897 67999.0
1898 67999.0
1899 67999.0
1900 67999.0
1901 67999.0
1902 67999.0
1903 67999.0
1904 67999.0
1905 67999.0
1906 67999.0
1907 67999.0
1908 67999.0
1909 67999.0
1910 67999.0
1911 67983.0
1912 67983.0
1913 67983.0
1914 67983.0
1915 67685.0
1916 67685.0
1917 67685.0
1918 67685.0
1919 67685.0
1920 67685.0
1921 67685.0
1922 67685.0
1923 67685.0
1924 67685.0
1925 67685.0
1926 67685.0
1927 67338.0
1928 67338.0
1929 67338.0
1930 67338.0
1931 67338.0
1932 67338.0
1933 67338.0
1934 67338.0
1935 67338.0
1936 66983.0
1937 66983.0
1938 66983.0
1939 66983.0
1940 66983.0
1941 66983.0
1942 66983.0
1943 66983.0
1944 66983.0
1945 66983.0
1946 66983.0
1947 66983.0
1948 66983.0
1949 66983.0
1950 66983.0
1951 66983.0
1952 66983.0
1953 66983.0
1954 66983.0
1955 66983.0
1956 66983.0
1957 66983.0
1958 66983.0
1959 66983.0
1960 66983.0
1961 66983.0
1962 66983.0
1963 66762.0
1964 66762.0
1965 65707.0
1966 65707.0
1967 65357.0
1968 65357.0
1969 65357.0
1970 65357.0
1971 65357.0
1972 65357.0
1973 65357.0
1974 65357.0
1975 65357.0
1976 65357.0
1977 65357.0
1978 65357.0
1979 65357.0
1980 65357.0
1981 65357.0
1982 65357.0
1983 65357.0
1984 65357.0
1985 65357.0
1986 65357.0
1987 65357.0
1988 65357.0
1989 65357.0
1990 65357.0
1991 65357.0
1992 65357.0
1993 64871.0
1994 64871.0
1995 64871.0
1996 64871.0
1997 64529.0
1998 64529.0
1999 64529.0
2000 64529.0
2001 64529.0
2002 64529.0
2003 64529.0
2004 64529.0
2005 64529.0
2006 64529.0
2007 64529.0
2008 64529.0
2009 64529.0
2010 64529.0
2011 64529.0
2012 64529.0
2013 64229.0
2014 64229.0
2015 63881.0
2016 63881.0
2017 63881.0
2018 63881.0
2019 63881.0
2020 63881.0
2021 63881.0
2022 63536.0
2023 63520.0
2024 63520.0
2025 62863.0
2026 62863.0
2027 62863.0
2028 62863.0
2029 62863.0
2030 62863.0
2031 62863.0
2032 62863.0
2033 62863.0
2034 62863.0
2035 62863.0
2036 62863.0
2037 62863.0
2038 62863.0
2039 62863.0
2040 62863.0
2041 62863.0
2042 62863.0
2043 62863.0
2044 62863.0
2045 62863.0
2046 62863.0
2047 62863.0
2048 62863.0
2049 62863.0
2050 62863.0
2051 62863.0
2052 62863.0
2053 62863.0
2054 62863.0
2055 62863.0
2056 62863.0
2057 62863.0
2058 62863.0
2059 62863.0
2060 62863.0
2061 62863.0
2062 62863.0
2063 62863.0
2064 62863.0
2065 62863.0
2066 62863.0
2067 62863.0
2068 62863.0
2069 62863.0
2070 62575.0
2071 62575.0
2072 62575.0
2073 62575.0
2074 62575.0
2075 62575.0
2076 62575.0
2077 62575.0
2078 62575.0
2079 62575.0
2080 62575.0
2081 62575.0
2082 62575.0
2083 62575.0
2084 62575.0
2085 62575.0
2086 62575.0
2087 62575.0
2088 62575.0
2089 62575.0
2090 62575.0
2091 62575.0
2092 62575.0
2093 62575.0
2094 62575.0
2095 62575.0
2096 62575.0
2097 62575.0
2098 62575.0
2099 62575.0
2100 62575.0
2101 62575.0
2102 62575.0
2103 62575.0
2104 62575.0
2105 62575.0
2106 62575.0
2107 62575.0
2108 62575.0
2109 62575.0
2110 62561.0
2111 62561.0
2112 62561.0
2113 62561.0
2114 62561.0
2115 62561.0
2116 62561.0
2117 62561.0
2118 62561.0
2119 62561.0
2120 61629.0
2121 61550.0
2122 61550.0
2123 61225.0
2124 61223.0
2125 61223.0
2126 61223.0
2127 61223.0
2128 61223.0
2129 61223.0
2130 61223.0
2131 61223.0
2132 61223.0
2133 61223.0
2134 61223.0
2135 61223.0
2136 61223.0
2137 61157.0
2138 60827.0
2139 60827.0
2140 60827.0
2141 60827.0
2142 60827.0
2143 60827.0
2144 60827.0
2145 60827.0
2146 60827.0
2147 60827.0
2148 60827.0
2149 60827.0
2150 60827.0
2151 60827.0
2152 60827.0
2153 60827.0
2154 60827.0
2155 60827.0
2156 60827.0
2157 60827.0
2158 60827.0
2159 60827.0
2160 60827.0
2161 60827.0
2162 60827.0
2163 60827.0
2164 60827.0
2165 60827.0
2166 60827.0
2167 60827.0
2168 60827.0
2169 60827.0
2170 60827.0
2171 60827.0
2172 60827.0
2173 60827.0
2174 60827.0
2175 60827.0
2176 60827.0
2177 60827.0
2178 60827.0
2179 60827.0
2180 60827.0
2181 60827.0
2182 60827.0
2183 60827.0
2184 60827.0
2185 60827.0
2186 60682.0
2187 60682.0
2188 60682.0
2189 60682.0
2190 60682.0
2191 60682.0
2192 60682.0
2193 60682.0
2194 60353.0
2195 60353.0
2196 60353.0
2197 60353.0
2198 60353.0
2199 60353.0
2200 60353.0
2201 60353.0
2202 60353.0
2203 60353.0
2204 60353.0
2205 60353.0
2206 60353.0
2207 60353.0
2208 60353.0
2209 60353.0
2210 60119.0
2211 60119.0
2212 60039.0
2213 60039.0
2214 60039.0
2215 60039.0
2216 60039.0
2217 60039.0
2218 59713.0
2219 59713.0
2220 59713.0
2221 59713.0
2222 59713.0
2223 59713.0
2224 59713.0
2225 59713.0
2226 59713.0
2227 59713.0
2228 59713.0
2229 59713.0
2230 59713.0
2231 59713.0
2232 59713.0
2233 59713.0
2234 59713.0
2235 59713.0
2236 59713.0
2237 59500.0
2238 59500.0
2239 59500.0
2240 57786.0
2241 57786.0
2242 57785.0
2243 57785.0
2244 57785.0
2245 57785.0
2246 57785.0
2247 57785.0
2248 57785.0
2249 57785.0
2250 57785.0
2251 57785.0
2252 57785.0
2253 57785.0
2254 57785.0
2255 57785.0
2256 57785.0
2257 57785.0
2258 57785.0
2259 57785.0
2260 57785.0
2261 57785.0
2262 57785.0
2263 57785.0
2264 57785.0
2265 57785.0
2266 57785.0
2267 57631.0
2268 57631.0
2269 57631.0
2270 57631.0
2271 57631.0
2272 57631.0
2273 57631.0
2274 57631.0
2275 57631.0
2276 57631.0
2277 57593.0
2278 57593.0
2279 57593.0
2280 57593.0
2281 57403.0
2282 57403.0
2283 57403.0
2284 57403.0
2285 57403.0
2286 57403.0
2287 57403.0
2288 57282.0
2289 57282.0
2290 57188.0
2291 56874.0
2292 56562.0
2293 56562.0
2294 56562.0
2295 56562.0
2296 56562.0
2297 56562.0
2298 56562.0
2299 56562.0
2300 56562.0
2301 56562.0
2302 56562.0
2303 56562.0
2304 56562.0
2305 56562.0
2306 55965.0
2307 55965.0
2308 55965.0
2309 55965.0
2310 55965.0
2311 55965.0
2312 55965.0
2313 55965.0
2314 55965.0
2315 55965.0
2316 55965.0
2317 55716.0
2318 55716.0
2319 55716.0
2320 55716.0
2321 55407.0
2322 55407.0
2323 55407.0
2324 55407.0
2325 55407.0
2326 55407.0
2327 55407.0
2328 55407.0
2329 55407.0
2330 55407.0
2331 55407.0
2332 54178.0
2333 54178.0
2334 54178.0
2335 54178.0
2336 53504.0
2337 53504.0
2338 53504.0
2339 53504.0
2340 53504.0
2341 53504.0
2342 53349.0
2343 53349.0
2344 53349.0
2345 53349.0
2346 53349.0
2347 53349.0
2348 52749.0
2349 52749.0
2350 52749.0
2351 52749.0
2352 52749.0
2353 52749.0
2354 52025.0
2355 52025.0
2356 52025.0
2357 52025.0
2358 52025.0
2359 52025.0
2360 52025.0
2361 52025.0
2362 52025.0
2363 52025.0
2364 52025.0
2365 52025.0
2366 52025.0
2367 52025.0
2368 52025.0
2369 52025.0
2370 52025.0
2371 52025.0
2372 52025.0
2373 52025.0
2374 52025.0
2375 52025.0
2376 52025.0
2377 52025.0
2378 52025.0
2379 52025.0
2380 52025.0
2381 52025.0
2382 52025.0
2383 52025.0
2384 52025.0
2385 52025.0
2386 52025.0
2387 52025.0
2388 52025.0
2389 52025.0
2390 52025.0
2391 52025.0
2392 52025.0
2393 52025.0
2394 52025.0
2395 51824.0
2396 51824.0
2397 51419.0
2398 51419.0
2399 51419.0
2400 51419.0
2401 51419.0
2402 51419.0
2403 51419.0
2404 51419.0
2405 51419.0
2406 51419.0
2407 51419.0
2408 51419.0
2409 51419.0
2410 51419.0
2411 51419.0
2412 51419.0
2413 51419.0
2414 51419.0
2415 51419.0
2416 51262.0
2417 51262.0
2418 51262.0
2419 51262.0
2420 51262.0
2421 50388.0
2422 50388.0
2423 50388.0
2424 50388.0
2425 50388.0
2426 50388.0
2427 50388.0
2428 50388.0
2429 50388.0
2430 50388.0
2431 50388.0
2432 50388.0
2433 50388.0
2434 50388.0
2435 50388.0
2436 50388.0
2437 50366.0
2438 50366.0
2439 50366.0
2440 50366.0
2441 50366.0
2442 50366.0
2443 50366.0
2444 50366.0
2445 50366.0
2446 50366.0
2447 50366.0
2448 50366.0
2449 50366.0
2450 50366.0
2451 50366.0
2452 50366.0
2453 50366.0
2454 50366.0
2455 50366.0
2456 50366.0
2457 50366.0
2458 50366.0
2459 50366.0
2460 50366.0
2461 50366.0
2462 50366.0
2463 50366.0
2464 50366.0
2465 50366.0
2466 50366.0
2467 50366.0
2468 50366.0
2469 50366.0
2470 50366.0
2471 50366.0
2472 50366.0
2473 50366.0
2474 50366.0
2475 50366.0
2476 50366.0
2477 50366.0
2478 50366.0
2479 50366.0
2480 49866.0
2481 49821.0
2482 49646.0
2483 49646.0
2484 49381.0
2485 49381.0
2486 49381.0
2487 49381.0
2488 49381.0
2489 49381.0
2490 49217.0
2491 49217.0
2492 49217.0
2493 49217.0
2494 49217.0
2495 49217.0
2496 49217.0
2497 49217.0
2498 49217.0
2499 49217.0
2500 49217.0
2501 49217.0
2502 49217.0
2503 48773.0
2504 48773.0
2505 48773.0
2506 48773.0
2507 48773.0
2508 48773.0
2509 48773.0
2510 48773.0
2511 48773.0
2512 48773.0
2513 48773.0
2514 48773.0
2515 48773.0
2516 48773.0
2517 48773.0
2518 48773.0
2519 48773.0
2520 48773.0
2521 48773.0
2522 48773.0
2523 48773.0
2524 48773.0
2525 48773.0
2526 48773.0
2527 48773.0
2528 48773.0
2529 48773.0
2530 48773.0
2531 48773.0
2532 48773.0
2533 48773.0
2534 48773.0
2535 48773.0
2536 48773.0
2537 48486.0
2538 48486.0
2539 48211.0
2540 47372.0
2541 47234.0
2542 47234.0
2543 47234.0
2544 46950.0
2545 46950.0
2546 46950.0
2547 46950.0
2548 46950.0
2549 46950.0
2550 46950.0
2551 46950.0
2552 46950.0
2553 46950.0
2554 46950.0
2555 46950.0
2556 46950.0
2557 46950.0
2558 46950.0
2559 46950.0
2560 46950.0
2561 46950.0
2562 46950.0
2563 46950.0
2564 46950.0
2565 46950.0
2566 46950.0
2567 46950.0
2568 46950.0
2569 46950.0
2570 46668.0
2571 46668.0
2572 46668.0
2573 46668.0
2574 46668.0
2575 46668.0
2576 46668.0
2577 45830.0
2578 45830.0
2579 45830.0
2580 45830.0
2581 45830.0
2582 45830.0
2583 45830.0
2584 45651.0
2585 45255.0
2586 45255.0
2587 45255.0
2588 45255.0
2589 45255.0
2590 45255.0
2591 45255.0
2592 45255.0
2593 45237.0
2594 45237.0
2595 45237.0
2596 45237.0
2597 45237.0
2598 45237.0
2599 45237.0
2600 45237.0
2601 45237.0
2602 45237.0
2603 45237.0
2604 45237.0
2605 45237.0
2606 45237.0
2607 45237.0
2608 45237.0
2609 45237.0
2610 45237.0
2611 45237.0
2612 45237.0
2613 45237.0
2614 45237.0
2615 45237.0
2616 45237.0
2617 45237.0
2618 45237.0
2619 45237.0
2620 45237.0
2621 45237.0
2622 45237.0
2623 45237.0
2624 45237.0
2625 45237.0
2626 45237.0
2627 45237.0
2628 45237.0
2629 45237.0
2630 45237.0
2631 45237.0
2632 45237.0
2633 45237.0
2634 45237.0
2635 45237.0
2636 45183.0
2637 45183.0
2638 45183.0
2639 45183.0
2640 45130.0
2641 45130.0
2642 45130.0
2643 45130.0
2644 45130.0
2645 45130.0
2646 45130.0
2647 45019.0
2648 45019.0
2649 45019.0
2650 44203.0
2651 44203.0
2652 44203.0
2653 44203.0
2654 44203.0
2655 44203.0
2656 44203.0
2657 44203.0
2658 44203.0
2659 44203.0
2660 44203.0
2661 44203.0
2662 44203.0
2663 44203.0
2664 44203.0
2665 44203.0
2666 44203.0
2667 44203.0
2668 44203.0
2669 44203.0
2670 44203.0
2671 44203.0
2672 44203.0
2673 44203.0
2674 44203.0
2675 43992.0
2676 43992.0
2677 43992.0
2678 43992.0
2679 43992.0
2680 43992.0
2681 43992.0
2682 43992.0
2683 43992.0
2684 43992.0
2685 43992.0
2686 43992.0
2687 43992.0
2688 43992.0
2689 43992.0
2690 43992.0
2691 43992.0
2692 43828.0
2693 43826.0
2694 43826.0
2695 43692.0
2696 43692.0
2697 43692.0
2698 43692.0
2699 43563.0
2700 43304.0
2701 43304.0
2702 43304.0
2703 43219.0
2704 43219.0
2705 43219.0
2706 43219.0
2707 43207.0
2708 43207.0
2709 43207.0
2710 43207.0
2711 43207.0
2712 43207.0
2713 43207.0
2714 43207.0
2715 43207.0
2716 42863.0
2717 42863.0
2718 42863.0
2719 42863.0
2720 42863.0
2721 42623.0
2722 42623.0
2723 42623.0
2724 42623.0
2725 38258.0
2726 38258.0
2727 38258.0
2728 38258.0
2729 38258.0
2730 37925.0
2731 37738.0
2732 37738.0
2733 37738.0
2734 37738.0
2735 37738.0
2736 37738.0
2737 37738.0
2738 37738.0
2739 37582.0
2740 37582.0
2741 37582.0
2742 37582.0
2743 37582.0
2744 37582.0
2745 37582.0
2746 37582.0
2747 37582.0
2748 37582.0
2749 37582.0
2750 37582.0
2751 37582.0
2752 37582.0
2753 37582.0
2754 37582.0
2755 37582.0
2756 37582.0
2757 37582.0
2758 37582.0
2759 37582.0
2760 37582.0
2761 37582.0
2762 37582.0
2763 37582.0
2764 37582.0
2765 37582.0
2766 37339.0
2767 37339.0
2768 37339.0
2769 37339.0
2770 37339.0
2771 37339.0
2772 37339.0
2773 37339.0
2774 37339.0
2775 37339.0
2776 37339.0
2777 37339.0
2778 37339.0
2779 37185.0
2780 37185.0
2781 37185.0
2782 37185.0
2783 37185.0
2784 37140.0
2785 37140.0
2786 36945.0
2787 36945.0
2788 36657.0
2789 36657.0
2790 36657.0
2791 36657.0
2792 36657.0
2793 36657.0
2794 36657.0
2795 36657.0
2796 36657.0
2797 36657.0
2798 36657.0
2799 36657.0
2800 36657.0
2801 36657.0
2802 36657.0
2803 36657.0
2804 36657.0
2805 36657.0
2806 36657.0
2807 36657.0
2808 36657.0
2809 36657.0
2810 36657.0
2811 36657.0
2812 36657.0
2813 36657.0
2814 36657.0
2815 36603.0
2816 36384.0
2817 36384.0
2818 36260.0
2819 36260.0
2820 35794.0
2821 35087.0
2822 35087.0
2823 35087.0
2824 35087.0
2825 35087.0
2826 35087.0
2827 35087.0
2828 35087.0
2829 35087.0
2830 35087.0
2831 35087.0
2832 34631.0
2833 34595.0
2834 34595.0
2835 34595.0
2836 34185.0
2837 34185.0
2838 34185.0
2839 34185.0
2840 34185.0
2841 34185.0
2842 34185.0
2843 34185.0
2844 34185.0
2845 34185.0
2846 34185.0
2847 34185.0
2848 34185.0
2849 34185.0
2850 34185.0
2851 34185.0
2852 33883.0
2853 33883.0
2854 33883.0
2855 33883.0
2856 33883.0
2857 33883.0
2858 33463.0
2859 33463.0
2860 33463.0
2861 33463.0
2862 33463.0
2863 33463.0
2864 33463.0
2865 33463.0
2866 33463.0
2867 33463.0
2868 33463.0
2869 33463.0
2870 33463.0
2871 33463.0
2872 33463.0
2873 33463.0
2874 33463.0
2875 33463.0
2876 33463.0
2877 32944.0
2878 32944.0
2879 32944.0
2880 32944.0
2881 32944.0
2882 32944.0
2883 32944.0
2884 32944.0
2885 32944.0
2886 32944.0
2887 32944.0
2888 32944.0
2889 32944.0
2890 32926.0
2891 32926.0
2892 32925.0
2893 32925.0
2894 32925.0
2895 32925.0
2896 32925.0
2897 32925.0
2898 32925.0
2899 32925.0
2900 32925.0
2901 32925.0
2902 32925.0
2903 32925.0
2904 32925.0
2905 32925.0
2906 32925.0
2907 32925.0
2908 32925.0
2909 30605.0
2910 30605.0
2911 30605.0
2912 30069.0
2913 30069.0
2914 30069.0
2915 30069.0
2916 30069.0
2917 30069.0
2918 30069.0
2919 30069.0
2920 30069.0
2921 30069.0
2922 30069.0
2923 30069.0
2924 30069.0
2925 30069.0
2926 30069.0
2927 30069.0
2928 30069.0
2929 30069.0
2930 30069.0
2931 30069.0
2932 30069.0
2933 30069.0
2934 30069.0
2935 30069.0
2936 30069.0
2937 30069.0
2938 30069.0
2939 30069.0
2940 30069.0
2941 30069.0
2942 30069.0
2943 29951.0
2944 29951.0
2945 29951.0
2946 29951.0
2947 29951.0
2948 29951.0
2949 29951.0
2950 29951.0
2951 29951.0
2952 29951.0
2953 29951.0
2954 29939.0
2955 29939.0
2956 29939.0
2957 29939.0
2958 29939.0
2959 29939.0
2960 29939.0
2961 29939.0
2962 29939.0
2963 29939.0
2964 29939.0
2965 29939.0
2966 29939.0
2967 29939.0
2968 29939.0
2969 29939.0
2970 29939.0
2971 29939.0
2972 29939.0
2973 29939.0
2974 29939.0
2975 29939.0
2976 29939.0
2977 29939.0
2978 29939.0
2979 29939.0
2980 29939.0
2981 29939.0
2982 29939.0
2983 29939.0
2984 29939.0
2985 29939.0
2986 29939.0
2987 29928.0
2988 29928.0
2989 29928.0
2990 29928.0
2991 29928.0
2992 29928.0
2993 29543.0
2994 29543.0
2995 29543.0
2996 29543.0
2997 29543.0
2998 29543.0
2999 29543.0
3000 29543.0
3001 29543.0
3002 29543.0
3003 29543.0
3004 29543.0
3005 29543.0
3006 29543.0
3007 29543.0
3008 29536.0
3009 29536.0
3010 29536.0
3011 29536.0
3012 29536.0
3013 29536.0
3014 29506.0
3015 29330.0
3016 29330.0
3017 29330.0
3018 29330.0
3019 29330.0
3020 29330.0
3021 29330.0
3022 29330.0
3023 29330.0
3024 29330.0
3025 28880.0
3026 28880.0
3027 28880.0
3028 28880.0
3029 28880.0
3030 28880.0
3031 28880.0
3032 28880.0
3033 28880.0
3034 28880.0
3035 28880.0
3036 28880.0
3037 28880.0
3038 28880.0
3039 28880.0
3040 28880.0
3041 28880.0
3042 28880.0
3043 28880.0
3044 28880.0
3045 28880.0
3046 28880.0
3047 28880.0
3048 28880.0
3049 28880.0
3050 28880.0
3051 28880.0
3052 28880.0
3053 28880.0
3054 28880.0
3055 28880.0
3056 28880.0
3057 28880.0
3058 28880.0
3059 28880.0
3060 28880.0
3061 28880.0
3062 28880.0
3063 28880.0
3064 28880.0
3065 28880.0
3066 28880.0
3067 28880.0
3068 28880.0
3069 28880.0
3070 28880.0
3071 28880.0
3072 28880.0
3073 28880.0
3074 28880.0
3075 28880.0
3076 28880.0
3077 28880.0
3078 28880.0
3079 28880.0
3080 28880.0
3081 28880.0
3082 28880.0
3083 28880.0
3084 28880.0
3085 28880.0
3086 28880.0
3087 28880.0
3088 28880.0
3089 28880.0
3090 28880.0
3091 28880.0
3092 28880.0
3093 28880.0
3094 28880.0
3095 28880.0
3096 28880.0
3097 28880.0
3098 28880.0
3099 28880.0
3100 28880.0
3101 28880.0
3102 28880.0
3103 28880.0
3104 28880.0
3105 28880.0
3106 28880.0
3107 28880.0
3108 28880.0
3109 28880.0
3110 28880.0
3111 28732.0
3112 28732.0
3113 28732.0
3114 28732.0
3115 28732.0
3116 28732.0
3117 28732.0
3118 28583.0
3119 28583.0
3120 28583.0
3121 28583.0
3122 28583.0
3123 28583.0
3124 28583.0
3125 28583.0
3126 28583.0
3127 28583.0
3128 28583.0
3129 28583.0
3130 28583.0
3131 28583.0
3132 28583.0
3133 28583.0
3134 28583.0
3135 28583.0
3136 28583.0
3137 28583.0
3138 28583.0
3139 28583.0
3140 28583.0
3141 28583.0
3142 28583.0
3143 28583.0
3144 28583.0
3145 28583.0
3146 28583.0
3147 28583.0
3148 28583.0
3149 28583.0
3150 28583.0
3151 27983.0
3152 27983.0
3153 27983.0
3154 27983.0
3155 27983.0
3156 27983.0
3157 27983.0
3158 27983.0
3159 27983.0
3160 27983.0
3161 27983.0
3162 27983.0
3163 27983.0
3164 27983.0
3165 27983.0
3166 27983.0
3167 27983.0
3168 27983.0
3169 27983.0
3170 27983.0
3171 27983.0
3172 27983.0
3173 27983.0
3174 27983.0
3175 27983.0
3176 27983.0
3177 27983.0
3178 27983.0
3179 27983.0
3180 27983.0
3181 27983.0
3182 27983.0
3183 27983.0
3184 27983.0
3185 27983.0
3186 27983.0
3187 27983.0
3188 27983.0
3189 27983.0
3190 27983.0
3191 27983.0
3192 27983.0
3193 27983.0
3194 27983.0
3195 27983.0
3196 27983.0
3197 27983.0
3198 27983.0
3199 27983.0
3200 27983.0
3201 27983.0
3202 27983.0
3203 27983.0
3204 27983.0
3205 27983.0
3206 27983.0
3207 27983.0
3208 27983.0
3209 27983.0
3210 27983.0
3211 27983.0
3212 27983.0
3213 27983.0
3214 27983.0
3215 27983.0
3216 27983.0
3217 27983.0
3218 27983.0
3219 27983.0
3220 27983.0
3221 27983.0
3222 27983.0
3223 27983.0
3224 27983.0
3225 27983.0
3226 27983.0
3227 27983.0
3228 27983.0
3229 27983.0
3230 27983.0
3231 27983.0
3232 27983.0
3233 27983.0
3234 27983.0
3235 27983.0
3236 27983.0
3237 27983.0
3238 27983.0
3239 27983.0
3240 27983.0
3241 27983.0
3242 27983.0
3243 27983.0
3244 27983.0
3245 27983.0
3246 27983.0
3247 27983.0
3248 27983.0
3249 27983.0
3250 27983.0
3251 27983.0
3252 27983.0
3253 26954.0
3254 26954.0
3255 26954.0
3256 26954.0
3257 26954.0
3258 26954.0
3259 26954.0
3260 26954.0
3261 26954.0
3262 26954.0
3263 26954.0
3264 26954.0
3265 26954.0
3266 26954.0
3267 26954.0
3268 26954.0
3269 26954.0
3270 26954.0
3271 26954.0
3272 26954.0
3273 26954.0
3274 26954.0
3275 26954.0
3276 26954.0
3277 26954.0
3278 26954.0
3279 26954.0
3280 26954.0
3281 26954.0
3282 26954.0
3283 26954.0
3284 26954.0
3285 26954.0
3286 26954.0
3287 26954.0
3288 26954.0
3289 26954.0
3290 26954.0
3291 26954.0
3292 26954.0
3293 26954.0
3294 26954.0
3295 26954.0
3296 26954.0
3297 26954.0
3298 26954.0
3299 26954.0
3300 26714.0
3301 26714.0
3302 26714.0
3303 26714.0
3304 26714.0
3305 26714.0
3306 26714.0
3307 26714.0
3308 26714.0
3309 26714.0
3310 26714.0
3311 26714.0
3312 26714.0
3313 26317.0
3314 26317.0
3315 26317.0
3316 26317.0
3317 26317.0
3318 26317.0
3319 26317.0
3320 26317.0
3321 26317.0
3322 26317.0
3323 26317.0
3324 26317.0
3325 26317.0
3326 26317.0
3327 26317.0
3328 26317.0
3329 26317.0
3330 26317.0
3331 26317.0
3332 26317.0
3333 26317.0
3334 26317.0
3335 26317.0
3336 26317.0
3337 26317.0
3338 26317.0
3339 26262.0
3340 26262.0
3341 26262.0
3342 26262.0
3343 26262.0
3344 26262.0
3345 26262.0
3346 26262.0
3347 26262.0
3348 26262.0
3349 26262.0
3350 26262.0
3351 26262.0
3352 26262.0
3353 26262.0
3354 26262.0
3355 26262.0
3356 26262.0
3357 26262.0
3358 26262.0
3359 26262.0
3360 26262.0
3361 26262.0
3362 26262.0
3363 26262.0
3364 26262.0
3365 26262.0
3366 26262.0
3367 26262.0
3368 26262.0
3369 26262.0
3370 26262.0
3371 26262.0
3372 26262.0
3373 26262.0
3374 26262.0
3375 26262.0
3376 26262.0
3377 26262.0
3378 26262.0
3379 26262.0
3380 26262.0
3381 26262.0
3382 26179.0
3383 26179.0
3384 26179.0
3385 26179.0
3386 25997.0
3387 25812.0
3388 25682.0
3389 25682.0
3390 25682.0
3391 25682.0
3392 25682.0
3393 25682.0
3394 25499.0
3395 25499.0
3396 25499.0
3397 25499.0
3398 25499.0
3399 25499.0
3400 25499.0
3401 25499.0
3402 25499.0
3403 25499.0
3404 25499.0
3405 25499.0
3406 25499.0
3407 24628.0
3408 24628.0
3409 24628.0
3410 24628.0
3411 24628.0
3412 24628.0
3413 24623.0
3414 24623.0
3415 24494.0
3416 24494.0
3417 24494.0
3418 24494.0
3419 24494.0
3420 24494.0
3421 23065.0
3422 23065.0
3423 22798.0
3424 22798.0
3425 22798.0
3426 22697.0
3427 22697.0
3428 22697.0
3429 22697.0
3430 22697.0
3431 22697.0
3432 22697.0
3433 22697.0
3434 22697.0
3435 22697.0
3436 22697.0
3437 22678.0
3438 22678.0
3439 22678.0
3440 22517.0
3441 22517.0
3442 22517.0
3443 22517.0
3444 22517.0
3445 22517.0
3446 22406.0
3447 22406.0
3448 22406.0
3449 22406.0
3450 22406.0
3451 22406.0
3452 22406.0
3453 22406.0
3454 22406.0
3455 22406.0
3456 22138.0
3457 21568.0
3458 21568.0
3459 21568.0
3460 21568.0
3461 21416.0
3462 21416.0
3463 21416.0
3464 21416.0
3465 21416.0
3466 21416.0
3467 21416.0
3468 21416.0
3469 21416.0
3470 21416.0
3471 21416.0
3472 21416.0
3473 21416.0
3474 21416.0
3475 21416.0
3476 21416.0
3477 21416.0
3478 21416.0
3479 21379.0
3480 21379.0
3481 21379.0
3482 21379.0
3483 21379.0
3484 21379.0
3485 21379.0
3486 21379.0
3487 21379.0
3488 21379.0
3489 21379.0
3490 21379.0
3491 21379.0
3492 21379.0
3493 21379.0
3494 21379.0
3495 21379.0
3496 21379.0
3497 21379.0
3498 21379.0
3499 21379.0
3500 21379.0
3501 21379.0
3502 21379.0
3503 21379.0
3504 21379.0
3505 21379.0
3506 21379.0
3507 21166.0
3508 21166.0
3509 21166.0
3510 21166.0
3511 21166.0
3512 21166.0
3513 21166.0
3514 21166.0
3515 21166.0
3516 21166.0
3517 21166.0
3518 21166.0
3519 21166.0
3520 21166.0
3521 21166.0
3522 21166.0
3523 21166.0
3524 21166.0
3525 21166.0
3526 21166.0
3527 21166.0
3528 21166.0
3529 21166.0
3530 21166.0
3531 21166.0
3532 21166.0
3533 21166.0
3534 21166.0
3535 21166.0
3536 21166.0
3537 21166.0
3538 21166.0
3539 21166.0
3540 21166.0
3541 21166.0
3542 21166.0
3543 21166.0
3544 21166.0
3545 21166.0
3546 21166.0
3547 21166.0
3548 21166.0
3549 21166.0
3550 21166.0
3551 21166.0
3552 21166.0
3553 21166.0
3554 21166.0
3555 21166.0
3556 21166.0
3557 21166.0
3558 21166.0
3559 21166.0
3560 21166.0
3561 21166.0
3562 21166.0
3563 21166.0
3564 21166.0
3565 21166.0
3566 21166.0
3567 21166.0
3568 21166.0
3569 21166.0
3570 21166.0
3571 21166.0
3572 21166.0
3573 21166.0
3574 21166.0
3575 20794.0
3576 20794.0
3577 20754.0
3578 20674.0
3579 20674.0
3580 20674.0
3581 20390.0
3582 19875.0
3583 19821.0
3584 19710.0
3585 19710.0
3586 19710.0
3587 19710.0
3588 19710.0
3589 19710.0
3590 19710.0
3591 19710.0
3592 19710.0
3593 19710.0
3594 19710.0
3595 19679.0
3596 19679.0
3597 19679.0
3598 19679.0
3599 19679.0
3600 19679.0
3601 19679.0
3602 19209.0
3603 19209.0
3604 19209.0
3605 19209.0
3606 19209.0
3607 19209.0
3608 19209.0
3609 19209.0
3610 19209.0
3611 19209.0
3612 19209.0
3613 19209.0
3614 19209.0
3615 19209.0
3616 19209.0
3617 19209.0
3618 19209.0
3619 19209.0
3620 19209.0
3621 19209.0
3622 19209.0
3623 19209.0
3624 19209.0
3625 19209.0
3626 19209.0
3627 19209.0
3628 19209.0
3629 19209.0
3630 19209.0
3631 19209.0
3632 19209.0
3633 19209.0
3634 19209.0
3635 19209.0
3636 19209.0
3637 19209.0
3638 19209.0
3639 19209.0
3640 19209.0
3641 19209.0
3642 19209.0
3643 19209.0
3644 19209.0
3645 19209.0
3646 19209.0
3647 19209.0
3648 19209.0
3649 19209.0
3650 19209.0
3651 19209.0
3652 19209.0
3653 19209.0
3654 19209.0
3655 19209.0
3656 19209.0
3657 19209.0
3658 19023.0
3659 19023.0
3660 19023.0
3661 18989.0
3662 18989.0
3663 18989.0
3664 18989.0
3665 18989.0
3666 18989.0
3667 18989.0
3668 18989.0
3669 18989.0
3670 18989.0
3671 18989.0
3672 18989.0
3673 18989.0
3674 18989.0
3675 18989.0
3676 18989.0
3677 18989.0
3678 18873.0
3679 18873.0
3680 18873.0
3681 18873.0
3682 18873.0
3683 18873.0
3684 18873.0
3685 17492.0
3686 17481.0
3687 17446.0
3688 17446.0
3689 17446.0
3690 17446.0
3691 17446.0
3692 17418.0
3693 17248.0
3694 17248.0
3695 17248.0
3696 17248.0
3697 17248.0
3698 17248.0
3699 17248.0
3700 17114.0
3701 17114.0
3702 17114.0
3703 17114.0
3704 17114.0
3705 17114.0
3706 17114.0
3707 17114.0
3708 17114.0
3709 17114.0
3710 16660.0
3711 16660.0
3712 16660.0
3713 16660.0
3714 16660.0
3715 16660.0
3716 16660.0
3717 16445.0
3718 16445.0
3719 16445.0
3720 16445.0
3721 16445.0
3722 16445.0
3723 16445.0
3724 16445.0
3725 16445.0
3726 16445.0
3727 16445.0
3728 16445.0
3729 16445.0
3730 16445.0
3731 16445.0
3732 16445.0
3733 16445.0
3734 16445.0
3735 16445.0
3736 16445.0
3737 16445.0
3738 16445.0
3739 16445.0
3740 16445.0
3741 16445.0
3742 16445.0
3743 16445.0
3744 16445.0
3745 16445.0
3746 16445.0
3747 16445.0
3748 16445.0
3749 16445.0
3750 16445.0
3751 16445.0
3752 16445.0
3753 16445.0
3754 16251.0
3755 16251.0
3756 16251.0
3757 16251.0
3758 16251.0
3759 16251.0
3760 16251.0
3761 16169.0
3762 16169.0
3763 16169.0
3764 16169.0
3765 16169.0
3766 15709.0
3767 15709.0
3768 15709.0
3769 15709.0
3770 15709.0
3771 15709.0
3772 15709.0
3773 15709.0
3774 15709.0
3775 15709.0
3776 15683.0
3777 15683.0
3778 15683.0
3779 15683.0
3780 15557.0
3781 15557.0
3782 15557.0
3783 15557.0
3784 15557.0
3785 15557.0
3786 15557.0
3787 15557.0
3788 15557.0
3789 15557.0
3790 15557.0
3791 15557.0
3792 15557.0
3793 15557.0
3794 15557.0
3795 15557.0
3796 15557.0
3797 15557.0
3798 15557.0
3799 15557.0
3800 15557.0
3801 15557.0
3802 15557.0
3803 15557.0
3804 15557.0
3805 15557.0
3806 15557.0
3807 15557.0
3808 15557.0
3809 15557.0
3810 15557.0
3811 15557.0
3812 15557.0
3813 15557.0
3814 15557.0
3815 15557.0
3816 15557.0
3817 15557.0
3818 15557.0
3819 15557.0
3820 15557.0
3821 15557.0
3822 15557.0
3823 15557.0
3824 15557.0
3825 15557.0
3826 15557.0
3827 15557.0
3828 15557.0
3829 15557.0
3830 15557.0
3831 15557.0
3832 15557.0
3833 15557.0
3834 15557.0
3835 15557.0
3836 15557.0
3837 15557.0
3838 15557.0
3839 15557.0
3840 15557.0
3841 15557.0
3842 15557.0
3843 15557.0
3844 15557.0
3845 15557.0
3846 15557.0
3847 15557.0
3848 15557.0
3849 15557.0
3850 15557.0
3851 15557.0
3852 15557.0
3853 15557.0
3854 15557.0
3855 15557.0
3856 15557.0
3857 15557.0
3858 15557.0
3859 15557.0
3860 15557.0
3861 15557.0
3862 15557.0
3863 15557.0
3864 15557.0
3865 15557.0
3866 15557.0
3867 15557.0
3868 15557.0
3869 15557.0
3870 15557.0
3871 15557.0
3872 15557.0
3873 15557.0
3874 15557.0
3875 15557.0
3876 15424.0
3877 15424.0
3878 15424.0
3879 15424.0
3880 15424.0
3881 15424.0
3882 15424.0
3883 15424.0
3884 15424.0
3885 15424.0
3886 15424.0
3887 15424.0
3888 15424.0
3889 15424.0
3890 15424.0
3891 15424.0
3892 15424.0
3893 15424.0
3894 15424.0
3895 15424.0
3896 15424.0
3897 15424.0
3898 15424.0
3899 15424.0
3900 15424.0
3901 15424.0
3902 15424.0
3903 15424.0
3904 15424.0
3905 15424.0
3906 15424.0
3907 15424.0
3908 15424.0
3909 15424.0
3910 15424.0
3911 15424.0
3912 15424.0
3913 15424.0
3914 15424.0
3915 15424.0
3916 15424.0
3917 15424.0
3918 15424.0
3919 15424.0
3920 15424.0
3921 15424.0
3922 15424.0
3923 15424.0
3924 15424.0
3925 15424.0
3926 15424.0
3927 15424.0
3928 15424.0
3929 15424.0
3930 15424.0
3931 15424.0
3932 15424.0
3933 15424.0
3934 15424.0
3935 15424.0
3936 15424.0
3937 15424.0
3938 15424.0
3939 15424.0
3940 15424.0
3941 15424.0
3942 15424.0
3943 15424.0
3944 15424.0
3945 15424.0
3946 15424.0
3947 15424.0
3948 15424.0
3949 15424.0
3950 15424.0
3951 15424.0
3952 15424.0
3953 15424.0
3954 15424.0
3955 15424.0
3956 15424.0
3957 15424.0
3958 15424.0
3959 15424.0
3960 15424.0
3961 15424.0
3962 15424.0
3963 15424.0
3964 15424.0
3965 15424.0
3966 15424.0
3967 15424.0
3968 15424.0
3969 15424.0
3970 15424.0
3971 15424.0
3972 15424.0
3973 15424.0
3974 15424.0
3975 15424.0
3976 15424.0
3977 15424.0
3978 15424.0
3979 15424.0
3980 15424.0
3981 15424.0
3982 15424.0
3983 15424.0
3984 15424.0
3985 15424.0
3986 15424.0
3987 15424.0
3988 15424.0
3989 15424.0
3990 15424.0
3991 15424.0
3992 15424.0
3993 15424.0
3994 15424.0
3995 15424.0
3996 15424.0
3997 15424.0
3998 15424.0
3999 15424.0
4000 15424.0
4001 15075.0
4002 15075.0
4003 15075.0
4004 15075.0
4005 15075.0
4006 15075.0
4007 15075.0
4008 15075.0
4009 15075.0
4010 15075.0
4011 15075.0
4012 15075.0
4013 15075.0
4014 15075.0
4015 15075.0
4016 15075.0
4017 15075.0
4018 15075.0
4019 15075.0
4020 15075.0
4021 15075.0
4022 15075.0
4023 15075.0
4024 15075.0
4025 15075.0
4026 15075.0
4027 15075.0
4028 15075.0
4029 15075.0
4030 14379.0
4031 14379.0
4032 14379.0
4033 14349.0
4034 14349.0
4035 14349.0
4036 14349.0
4037 14349.0
4038 14349.0
4039 14349.0
4040 14349.0
4041 14349.0
4042 14349.0
4043 14349.0
4044 14349.0
4045 14349.0
4046 14349.0
4047 14349.0
4048 14349.0
4049 14349.0
4050 14349.0
4051 14349.0
4052 14349.0
4053 14349.0
4054 14349.0
4055 14349.0
4056 14349.0
4057 14349.0
4058 14349.0
4059 14349.0
4060 14349.0
4061 14349.0
4062 14349.0
4063 14349.0
4064 14349.0
4065 14349.0
4066 14349.0
4067 14349.0
4068 14349.0
4069 14349.0
4070 14349.0
4071 14349.0
4072 14349.0
4073 14349.0
4074 14349.0
4075 14349.0
4076 14236.0
4077 14236.0
4078 14236.0
4079 14236.0
4080 14236.0
4081 14236.0
4082 14236.0
4083 14236.0
4084 14236.0
4085 14236.0
4086 14236.0
4087 14236.0
4088 14236.0
4089 14236.0
4090 14236.0
4091 14236.0
4092 14236.0
4093 14236.0
4094 14236.0
4095 14236.0
4096 14236.0
4097 14236.0
4098 14236.0
4099 14236.0
4100 14236.0
4101 14236.0
4102 14236.0
4103 14236.0
4104 14236.0
4105 14236.0
4106 14236.0
4107 14236.0
4108 14236.0
4109 14236.0
4110 14236.0
4111 14236.0
4112 14236.0
4113 14236.0
4114 14236.0
4115 14236.0
4116 14236.0
4117 14236.0
4118 14236.0
4119 14236.0
4120 14236.0
4121 14236.0
4122 14236.0
4123 14236.0
4124 14236.0
4125 14236.0
4126 14236.0
4127 14236.0
4128 14236.0
4129 14236.0
4130 14236.0
4131 14236.0
4132 14236.0
4133 14236.0
4134 14236.0
4135 14236.0
4136 14236.0
4137 14236.0
4138 14236.0
4139 12025.0
4140 12025.0
4141 12025.0
4142 12025.0
4143 11927.0
4144 11927.0
4145 11927.0
4146 11927.0
4147 11927.0
4148 11927.0
4149 11927.0
4150 11927.0
4151 11927.0
4152 11927.0
4153 11927.0
4154 11927.0
4155 11927.0
4156 11927.0
4157 11927.0
4158 11927.0
4159 11927.0
4160 11927.0
4161 11927.0
4162 11927.0
4163 11927.0
4164 11927.0
4165 11927.0
4166 11927.0
4167 11927.0
4168 11927.0
4169 11927.0
4170 11927.0
4171 11927.0
4172 11927.0
4173 11927.0
4174 11927.0
4175 11927.0
4176 11927.0
4177 11927.0
4178 11927.0
4179 11927.0
4180 11927.0
4181 11927.0
4182 11927.0
4183 11927.0
4184 11927.0
4185 11927.0
4186 11927.0
4187 11927.0
4188 11927.0
4189 11927.0
4190 11927.0
4191 11927.0
4192 11927.0
4193 11927.0
4194 11801.0
4195 11801.0
4196 11801.0
4197 11801.0
4198 11801.0
4199 11271.0
4200 11271.0
4201 11271.0
4202 11271.0
4203 11271.0
4204 11271.0
4205 11260.0
4206 11260.0
4207 11260.0
4208 11260.0
4209 11260.0
4210 11260.0
4211 11260.0
4212 11260.0
4213 11260.0
4214 11260.0
4215 11260.0
4216 11260.0
4217 11260.0
4218 11260.0
4219 10917.0
4220 10917.0
4221 10917.0
4222 10917.0
4223 10917.0
4224 10917.0
4225 10917.0
4226 10917.0
4227 10917.0
4228 10917.0
4229 10917.0
4230 10917.0
4231 10917.0
4232 10917.0
4233 10917.0
4234 10917.0
4235 10917.0
4236 10917.0
4237 10917.0
4238 10917.0
4239 10917.0
4240 10917.0
4241 10917.0
4242 10917.0
4243 10917.0
4244 10917.0
4245 10917.0
4246 10917.0
4247 10917.0
4248 10917.0
4249 10917.0
4250 10917.0
4251 10917.0
4252 10917.0
4253 10917.0
4254 10917.0
4255 10917.0
4256 10917.0
4257 10917.0
4258 10917.0
4259 10917.0
4260 10917.0
4261 10915.0
4262 10915.0
4263 10915.0
4264 10915.0
4265 10915.0
4266 10915.0
4267 10915.0
4268 10915.0
4269 10915.0
4270 10915.0
4271 10915.0
4272 10915.0
4273 10915.0
4274 10915.0
4275 10915.0
4276 10915.0
4277 10915.0
4278 10915.0
4279 10915.0
4280 10915.0
4281 10915.0
4282 10915.0
4283 10915.0
4284 10915.0
4285 10915.0
4286 10915.0
4287 10915.0
4288 10915.0
4289 10915.0
4290 10915.0
4291 10915.0
4292 10915.0
4293 10915.0
4294 10915.0
4295 10915.0
4296 10915.0
4297 10915.0
4298 10915.0
4299 10915.0
4300 10915.0
4301 10915.0
4302 10915.0
4303 10915.0
4304 10909.0
4305 10909.0
4306 10909.0
4307 10909.0
4308 10909.0
4309 10909.0
4310 10909.0
4311 10909.0
4312 10877.0
4313 10877.0
4314 10877.0
4315 10877.0
4316 10877.0
4317 10809.0
4318 10809.0
4319 10809.0
4320 10809.0
4321 10809.0
4322 10809.0
4323 10809.0
4324 10809.0
4325 10809.0
4326 10809.0
4327 10809.0
4328 10809.0
4329 10809.0
4330 10809.0
4331 10809.0
4332 10809.0
4333 10809.0
4334 10809.0
4335 10809.0
4336 10809.0
4337 10809.0
4338 10809.0
4339 10809.0
4340 10809.0
4341 10809.0
4342 10809.0
4343 10809.0
4344 10809.0
4345 10809.0
4346 10809.0
4347 10809.0
4348 10809.0
4349 10809.0
4350 10809.0
4351 10809.0
4352 10809.0
4353 10809.0
4354 10809.0
4355 10809.0
4356 10809.0
4357 10809.0
4358 10809.0
4359 10809.0
4360 10809.0
4361 10809.0
4362 10809.0
4363 10809.0
4364 10809.0
4365 10809.0
4366 10809.0
4367 10809.0
4368 10809.0
4369 10809.0
4370 10809.0
4371 10809.0
4372 10809.0
4373 10809.0
4374 10809.0
4375 10809.0
4376 10809.0
4377 10809.0
4378 10809.0
4379 10809.0
4380 10809.0
4381 10809.0
4382 10809.0
4383 10809.0
4384 10809.0
4385 10809.0
4386 10809.0
4387 10809.0
4388 10809.0
4389 10809.0
4390 10809.0
4391 10809.0
4392 10797.0
4393 10797.0
4394 10797.0
4395 10797.0
4396 10797.0
4397 10797.0
4398 10797.0
4399 10797.0
4400 10797.0
4401 10797.0
4402 10797.0
4403 10797.0
4404 10797.0
4405 10797.0
4406 10797.0
4407 10797.0
4408 10784.0
4409 10784.0
4410 10784.0
4411 10784.0
4412 10784.0
4413 10784.0
4414 10784.0
4415 10784.0
4416 10784.0
4417 10784.0
4418 10784.0
4419 10784.0
4420 10784.0
4421 10784.0
4422 10784.0
4423 10784.0
4424 10784.0
4425 10729.0
4426 10729.0
4427 10729.0
4428 10729.0
4429 10729.0
4430 10729.0
4431 10729.0
4432 10729.0
4433 10729.0
4434 10729.0
4435 10729.0
4436 10729.0
4437 10729.0
4438 10729.0
4439 10729.0
4440 10729.0
4441 10729.0
4442 10729.0
4443 10729.0
4444 10729.0
4445 10729.0
4446 10729.0
4447 10729.0
4448 10729.0
4449 10729.0
4450 10729.0
4451 10729.0
4452 10729.0
4453 10729.0
4454 10729.0
4455 10729.0
4456 10688.0
4457 10688.0
4458 10688.0
4459 10688.0
4460 10688.0
4461 10688.0
4462 10688.0
4463 10688.0
4464 10688.0
4465 10669.0
4466 10569.0
4467 10569.0
4468 10407.0
4469 10407.0
4470 10407.0
4471 10407.0
4472 10407.0
4473 10407.0
4474 10407.0
4475 10364.0
4476 10364.0
4477 10364.0
4478 10364.0
4479 10364.0
4480 10364.0
4481 10364.0
4482 10364.0
4483 10364.0
4484 10364.0
4485 10364.0
4486 10364.0
4487 10364.0
4488 10351.0
4489 10351.0
4490 10351.0
4491 10351.0
4492 10351.0
4493 10351.0
4494 10351.0
4495 10351.0
4496 10351.0
4497 10351.0
4498 10351.0
4499 10351.0
4500 10351.0
4501 10351.0
4502 10351.0
4503 10351.0
4504 10351.0
4505 10351.0
4506 10351.0
4507 10351.0
4508 10351.0
4509 10351.0
4510 10351.0
4511 10351.0
4512 10351.0
4513 10351.0
4514 10351.0
4515 10351.0
4516 10351.0
4517 10351.0
4518 10351.0
4519 10351.0
4520 10351.0
4521 10351.0
4522 10351.0
4523 10351.0
4524 10351.0
4525 10351.0
4526 10351.0
4527 10351.0
4528 10351.0
4529 10351.0
4530 10351.0
4531 10351.0
4532 10351.0
4533 10351.0
4534 10351.0
4535 10351.0
4536 10351.0
4537 10351.0
4538 10351.0
4539 10351.0
4540 10351.0
4541 10351.0
4542 10351.0
4543 10351.0
4544 10351.0
4545 10351.0
4546 10351.0
4547 10351.0
4548 10351.0
4549 10351.0
4550 10351.0
4551 10351.0
4552 10351.0
4553 10351.0
4554 10351.0
4555 10351.0
4556 10351.0
4557 10351.0
4558 10351.0
4559 10351.0
4560 10351.0
4561 10351.0
4562 10351.0
4563 10351.0
4564 10351.0
4565 10351.0
4566 10351.0
4567 10351.0
4568 10351.0
4569 10351.0
4570 10341.0
4571 10341.0
4572 10341.0
4573 10341.0
4574 10341.0
4575 10341.0
4576 10341.0
4577 10341.0
4578 10341.0
4579 10341.0
4580 10341.0
4581 10341.0
4582 10341.0
4583 10341.0
4584 10291.0
4585 10291.0
4586 10291.0
4587 10291.0
4588 10291.0
4589 10291.0
4590 10291.0
4591 10291.0
4592 10291.0
4593 10291.0
4594 10291.0
4595 10291.0
4596 10291.0
4597 10291.0
4598 10291.0
4599 10291.0
4600 10291.0
4601 10291.0
4602 10291.0
4603 10291.0
4604 10291.0
4605 10291.0
4606 10291.0
4607 10291.0
4608 10291.0
4609 10291.0
4610 10291.0
4611 10291.0
4612 10291.0
4613 10291.0
4614 10291.0
4615 10291.0
4616 10291.0
4617 10291.0
4618 10052.0
4619 10052.0
4620 10052.0
4621 10052.0
4622 10052.0
4623 10052.0
4624 10052.0
4625 10052.0
4626 10052.0
4627 10052.0
4628 10052.0
4629 10012.0
4630 10012.0
4631 10012.0
4632 10012.0
4633 10012.0
4634 10012.0
4635 10012.0
4636 10012.0
4637 10012.0
4638 9954.0
4639 9954.0
4640 9954.0
4641 9954.0
4642 9954.0
4643 9954.0
4644 9954.0
4645 9954.0
4646 9954.0
4647 9954.0
4648 9954.0
4649 9954.0
4650 9954.0
4651 9954.0
4652 9954.0
4653 9954.0
4654 9954.0
4655 9954.0
4656 9954.0
4657 9954.0
4658 9954.0
4659 9954.0
4660 9954.0
4661 9954.0
4662 9954.0
4663 9954.0
4664 9954.0
4665 9954.0
4666 9954.0
4667 9954.0
4668 9954.0
4669 9954.0
4670 9954.0
4671 9954.0
4672 9954.0
4673 9954.0
4674 9954.0
4675 9954.0
4676 9954.0
4677 9954.0
4678 9954.0
4679 9954.0
4680 9954.0
4681 9954.0
4682 9954.0
4683 9954.0
4684 9954.0
4685 9954.0
4686 9954.0
4687 9954.0
4688 9954.0
4689 9724.0
4690 9724.0
4691 9724.0
4692 9724.0
4693 9724.0
4694 9724.0
4695 9724.0
4696 9724.0
4697 9724.0
4698 9724.0
4699 9717.0
4700 9717.0
4701 9717.0
4702 9717.0
4703 9717.0
4704 9717.0
4705 9717.0
4706 9717.0
4707 9717.0
4708 9717.0
4709 9717.0
4710 9717.0
4711 9717.0
4712 9717.0
4713 9717.0
4714 9717.0
4715 9717.0
4716 9717.0
4717 9717.0
4718 9717.0
4719 9717.0
4720 9717.0
4721 9717.0
4722 9717.0
4723 9717.0
4724 9717.0
4725 9717.0
4726 9717.0
4727 9717.0
4728 9558.0
4729 9558.0
4730 9558.0
4731 9558.0
4732 9558.0
4733 9558.0
4734 9558.0
4735 9558.0
4736 9558.0
4737 9558.0
4738 9558.0
4739 9558.0
4740 9558.0
4741 9558.0
4742 9558.0
4743 9558.0
4744 9558.0
4745 9558.0
4746 9558.0
4747 9558.0
4748 9558.0
4749 9558.0
4750 9500.0
4751 9500.0
4752 9500.0
4753 9500.0
4754 9500.0
4755 9500.0
4756 9500.0
4757 9500.0
4758 9500.0
4759 9500.0
4760 9500.0
4761 9500.0
4762 9500.0
4763 9499.0
4764 9499.0
4765 9499.0
4766 9499.0
4767 9499.0
4768 9499.0
4769 9499.0
4770 9499.0
4771 9499.0
4772 9499.0
4773 9499.0
4774 9499.0
4775 9499.0
4776 9499.0
4777 9456.0
4778 9456.0
4779 9456.0
4780 9456.0
4781 9456.0
4782 9456.0
4783 9456.0
4784 9456.0
4785 9456.0
4786 9456.0
4787 9456.0
4788 9456.0
4789 9456.0
4790 9162.0
4791 9162.0
4792 9162.0
4793 9162.0
4794 9162.0
4795 9162.0
4796 9162.0
4797 9162.0
4798 9162.0
4799 9162.0
4800 9162.0
4801 9162.0
4802 9162.0
4803 9162.0
4804 9162.0
4805 9162.0
4806 9162.0
4807 9162.0
4808 9162.0
4809 9162.0
4810 9162.0
4811 9162.0
4812 9162.0
4813 9162.0
4814 9162.0
4815 9162.0
4816 9162.0
4817 9162.0
4818 9162.0
4819 9162.0
4820 9162.0
4821 9162.0
4822 9162.0
4823 9162.0
4824 9162.0
4825 9162.0
4826 9162.0
4827 9162.0
4828 9162.0
4829 9162.0
4830 9162.0
4831 9162.0
4832 9162.0
4833 9162.0
4834 9162.0
4835 9162.0
4836 9162.0
4837 9162.0
4838 9162.0
4839 9162.0
4840 9162.0
4841 9162.0
4842 9162.0
4843 9162.0
4844 9162.0
4845 9162.0
4846 9162.0
4847 9162.0
4848 9162.0
4849 9162.0
4850 9162.0
4851 9162.0
4852 9162.0
4853 9162.0
4854 9162.0
4855 9162.0
4856 9162.0
4857 9162.0
4858 9162.0
4859 9162.0
4860 9162.0
4861 9162.0
4862 9162.0
4863 9162.0
4864 9162.0
4865 9162.0
4866 9162.0
4867 9162.0
4868 9162.0
4869 9162.0
4870 9162.0
4871 9162.0
4872 9162.0
4873 9162.0
4874 9162.0
4875 9162.0
4876 9162.0
4877 9162.0
4878 9162.0
4879 9162.0
4880 9162.0
4881 9162.0
4882 9162.0
4883 9162.0
4884 9162.0
4885 9162.0
4886 9162.0
4887 9162.0
4888 9162.0
4889 9162.0
4890 9162.0
4891 9162.0
4892 9162.0
4893 9162.0
4894 9162.0
4895 9162.0
4896 9162.0
4897 9162.0
4898 9162.0
4899 9162.0
4900 9162.0
4901 9162.0
4902 9162.0
4903 9162.0
4904 9162.0
4905 9162.0
4906 9162.0
4907 9162.0
4908 9162.0
4909 9162.0
4910 9162.0
4911 9162.0
4912 9162.0
4913 9162.0
4914 9162.0
4915 9162.0
4916 9162.0
4917 9162.0
4918 9162.0
4919 9162.0
4920 9162.0
4921 9162.0
4922 9162.0
4923 9162.0
4924 9162.0
4925 9162.0
4926 9162.0
4927 9162.0
4928 9162.0
4929 9162.0
4930 9162.0
4931 9162.0
4932 9138.0
4933 9138.0
4934 9138.0
4935 9138.0
4936 9138.0
4937 9138.0
4938 9138.0
4939 9138.0
4940 9138.0
4941 9138.0
4942 9138.0
4943 9138.0
4944 9138.0
4945 9138.0
4946 9138.0
4947 9138.0
4948 9138.0
4949 9138.0
4950 9138.0
4951 9138.0
4952 9138.0
4953 9138.0
4954 9138.0
4955 9138.0
4956 9138.0
4957 9138.0
4958 9138.0
4959 9138.0
4960 9138.0
4961 9138.0
4962 9138.0
4963 9138.0
4964 9138.0
4965 9138.0
4966 9138.0
4967 9138.0
4968 9138.0
4969 9138.0
4970 9138.0
4971 9138.0
4972 9138.0
4973 9138.0
4974 9138.0
4975 9138.0
4976 9138.0
4977 9138.0
4978 9138.0
4979 9138.0
4980 9138.0
4981 9138.0
4982 9138.0
4983 9138.0
4984 9138.0
4985 9138.0
4986 9138.0
4987 9138.0
4988 9138.0
4989 9138.0
4990 9138.0
4991 9138.0
4992 9138.0
4993 9138.0
4994 9138.0
4995 9138.0
4996 9138.0
4997 9138.0
4998 9138.0
4999 9138.0
