0 280141.0
1 279393.0
2 278646.0
3 277900.0
4 277897.0
5 277152.0
6 276408.0
7 275666.0
8 274925.0
9 274185.0
10 273446.0
11 271234.0
12 270499.0
13 269769.0
14 269769.0
15 268303.0
16 268303.0
17 267571.0
18 267571.0
19 267571.0
20 267571.0
21 267571.0
22 267571.0
23 267571.0
24 267571.0
25 267571.0
26 266840.0
27 266110.0
28 266110.0
29 266110.0
30 266110.0
31 266110.0
32 265381.0
33 265381.0
34 265381.0
35 265381.0
36 265381.0
37 265381.0
38 261034.0
39 261034.0
40 261034.0
41 261034.0
42 260313.0
43 260313.0
44 260313.0
45 260313.0
46 260313.0
47 260313.0
48 260313.0
49 260313.0
50 260313.0
51 260313.0
52 259592.0
53 258872.0
54 258872.0
55 258872.0
56 258872.0
57 258153.0
58 258153.0
59 258153.0
60 258153.0
61 257435.0
62 256718.0
63 256718.0
64 256718.0
65 256718.0
66 256718.0
67 256718.0
68 256718.0
69 256718.0
70 256718.0
71 256718.0
72 256002.0
73 256002.0
74 256002.0
75 256002.0
76 256002.0
77 256002.0
78 255287.0
79 255287.0
80 255287.0
81 255287.0
82 255287.0
83 253151.0
84 252441.0
85 251734.0
86 251734.0
87 251734.0
88 251734.0
89 251734.0
90 251734.0
91 251734.0
92 251734.0
93 251734.0
94 250317.0
95 250317.0
96 249610.0
97 249610.0
98 249610.0
99 247496.0
100 246793.0
101 246793.0
102 246793.0
103 246793.0
104 246091.0
105 246091.0
106 246091.0
107 246091.0
108 245390.0
109 244690.0
110 244690.0
111 244690.0
112 243992.0
113 243294.0
114 243294.0
115 243294.0
116 243294.0
117 242597.0
118 241901.0
119 241220.0
120 241220.0
121 241220.0
122 241220.0
123 241220.0
124 241220.0
125 241220.0
126 241220.0
127 241220.0
128 239834.0
129 239834.0
130 239142.0
131 238452.0
132 238452.0
133 238452.0
134 237762.0
135 237762.0
136 237762.0
137 237762.0
138 237762.0
139 237762.0
140 237762.0
141 237762.0
142 237073.0
143 235699.0
144 235018.0
145 235018.0
146 235018.0
147 235018.0
148 235018.0
149 232967.0
150 230925.0
151 230246.0
152 226869.0
153 226869.0
154 226196.0
155 226196.0
156 226196.0
157 224184.0
158 224184.0
159 222186.0
160 222186.0
161 222186.0
162 222186.0
163 222186.0
164 220860.0
165 220211.0
166 220211.0
167 220211.0
168 220211.0
169 220211.0
170 220211.0
171 220211.0
172 219548.0
173 219548.0
174 219548.0
175 218886.0
176 217566.0
177 216250.0
178 215595.0
179 215595.0
180 215595.0
181 215595.0
182 215595.0
183 215595.0
184 215595.0
185 214285.0
186 214285.0
187 214285.0
188 214285.0
189 214285.0
190 213631.0
191 213631.0
192 213631.0
193 213631.0
194 213631.0
195 213631.0
196 213631.0
197 212978.0
198 212978.0
199 212978.0
200 212978.0
201 212978.0
202 212978.0
203 212978.0
204 212978.0
205 212326.0
206 212326.0
207 211675.0
208 211675.0
209 211675.0
210 211675.0
211 211675.0
212 211675.0
213 211025.0
214 211025.0
215 211025.0
216 211025.0
217 211025.0
218 211025.0
219 211025.0
220 211025.0
221 211025.0
222 210376.0
223 210376.0
224 210376.0
225 210376.0
226 209730.0
227 209730.0
228 209730.0
229 209730.0
230 209730.0
231 209730.0
232 209083.0
233 209083.0
234 209083.0
235 209083.0
236 209083.0
237 209083.0
238 207793.0
239 207793.0
240 207793.0
241 207793.0
242 206506.0
243 206506.0
244 206506.0
245 206506.0
246 205864.0
247 205233.0
248 205233.0
249 205233.0
250 205233.0
251 205233.0
252 205233.0
253 205233.0
254 205233.0
255 205233.0
256 205233.0
257 205233.0
258 205233.0
259 205233.0
260 204593.0
261 202682.0
262 202682.0
263 202682.0
264 202682.0
265 202682.0
266 202682.0
267 201412.0
268 201412.0
269 201412.0
270 201412.0
271 201412.0
272 201412.0
273 199515.0
274 199515.0
275 199515.0
276 199515.0
277 199515.0
278 199515.0
279 199515.0
280 198255.0
281 198255.0
282 198255.0
283 198255.0
284 198255.0
285 198255.0
286 198255.0
287 198255.0
288 198255.0
289 198255.0
290 197626.0
291 196998.0
292 196998.0
293 196998.0
294 196998.0
295 196998.0
296 196998.0
297 196998.0
298 195746.0
299 195121.0
300 194497.0
301 194497.0
302 194497.0
303 194497.0
304 194497.0
305 194497.0
306 193874.0
307 193874.0
308 193252.0
309 193252.0
310 193252.0
311 193252.0
312 193252.0
313 193252.0
314 193252.0
315 193252.0
316 193252.0
317 193252.0
318 193252.0
319 193252.0
320 193252.0
321 192012.0
322 192012.0
323 191394.0
324 191394.0
325 191394.0
326 191394.0
327 190785.0
328 188938.0
329 188938.0
330 188938.0
331 187712.0
332 187712.0
333 187712.0
334 187712.0
335 187712.0
336 186490.0
337 186490.0
338 185885.0
339 185885.0
340 184669.0
341 184669.0
342 184075.0
343 184075.0
344 184075.0
345 184075.0
346 183469.0
347 183469.0
348 183469.0
349 183469.0
350 183469.0
351 183469.0
352 183469.0
353 183469.0
354 183469.0
355 183469.0
356 183469.0
357 183469.0
358 183469.0
359 183469.0
360 181657.0
361 181657.0
362 181657.0
363 181657.0
364 181657.0
365 181657.0
366 181657.0
367 181055.0
368 181055.0
369 181055.0
370 180460.0
371 180460.0
372 180460.0
373 180460.0
374 180460.0
375 179860.0
376 179860.0
377 179860.0
378 179860.0
379 179860.0
380 179860.0
381 179860.0
382 179860.0
383 179262.0
384 179262.0
385 179262.0
386 179262.0
387 179262.0
388 179262.0
389 177474.0
390 176292.0
391 176292.0
392 176292.0
393 176292.0
394 176292.0
395 176292.0
396 176292.0
397 176292.0
398 176292.0
399 176292.0
400 176292.0
401 176292.0
402 176292.0
403 175699.0
404 175109.0
405 175109.0
406 175109.0
407 175109.0
408 175109.0
409 175109.0
410 175109.0
411 175109.0
412 175109.0
413 175109.0
414 174524.0
415 173934.0
416 173934.0
417 173934.0
418 173934.0
419 173929.0
420 173929.0
421 173354.0
422 173354.0
423 173354.0
424 173354.0
425 172181.0
426 172181.0
427 172181.0
428 172181.0
429 172181.0
430 172181.0
431 172181.0
432 172181.0
433 172181.0
434 172181.0
435 172181.0
436 172181.0
437 172181.0
438 172181.0
439 172181.0
440 172181.0
441 171061.0
442 171061.0
443 171061.0
444 171061.0
445 171061.0
446 171061.0
447 170544.0
448 170544.0
449 170544.0
450 169961.0
451 169961.0
452 169961.0
453 169961.0
454 169961.0
455 169961.0
456 169961.0
457 169961.0
458 169961.0
459 169961.0
460 168799.0
461 168799.0
462 168799.0
463 168799.0
464 168219.0
465 168219.0
466 168219.0
467 168219.0
468 168219.0
469 168219.0
470 168219.0
471 168219.0
472 167645.0
473 167645.0
474 167645.0
475 167068.0
476 167068.0
477 167068.0
478 167068.0
479 167068.0
480 167068.0
481 167068.0
482 166491.0
483 166491.0
484 165915.0
485 165915.0
486 165915.0
487 165360.0
488 165360.0
489 165360.0
490 163644.0
491 163644.0
492 163644.0
493 163644.0
494 163644.0
495 163644.0
496 163644.0
497 163640.0
498 163074.0
499 163074.0
500 163074.0
501 163074.0
502 163074.0
503 163074.0
504 159126.0
505 159126.0
506 159126.0
507 159126.0
508 159126.0
509 159126.0
510 159126.0
511 158564.0
512 158564.0
513 158564.0
514 158003.0
515 158003.0
516 156883.0
517 156883.0
518 156883.0
519 156324.0
520 156324.0
521 156324.0
522 156324.0
523 156324.0
524 156324.0
525 156324.0
526 156324.0
527 156324.0
528 156324.0
529 156324.0
530 155209.0
531 155209.0
532 155209.0
533 155209.0
534 155209.0
535 154654.0
536 154654.0
537 152998.0
538 152998.0
539 152998.0
540 152998.0
541 152998.0
542 152998.0
543 152998.0
544 152998.0
545 152998.0
546 152987.0
547 152447.0
548 152447.0
549 151346.0
550 151346.0
551 151346.0
552 151346.0
553 151346.0
554 151346.0
555 151346.0
556 151346.0
557 151346.0
558 151346.0
559 151346.0
560 151346.0
561 151346.0
562 151346.0
563 151346.0
564 151346.0
565 151346.0
566 151346.0
567 149704.0
568 149179.0
569 148091.0
570 148091.0
571 148091.0
572 148091.0
573 147549.0
574 147028.0
575 147028.0
576 147028.0
577 147028.0
578 147028.0
579 147028.0
580 147028.0
581 146487.0
582 146487.0
583 146487.0
584 146487.0
585 146487.0
586 146487.0
587 146487.0
588 146487.0
589 145413.0
590 145413.0
591 145413.0
592 145413.0
593 145413.0
594 145413.0
595 145413.0
596 145413.0
597 145413.0
598 145413.0
599 145413.0
600 145413.0
601 145413.0
602 144881.0
603 144881.0
604 144881.0
605 144881.0
606 144881.0
607 144881.0
608 143808.0
609 142747.0
610 142747.0
611 142747.0
612 142747.0
613 142747.0
614 142747.0
615 142747.0
616 142747.0
617 142747.0
618 142747.0
619 142747.0
620 142747.0
621 142747.0
622 142747.0
623 142747.0
624 142747.0
625 141682.0
626 141682.0
627 141156.0
628 140653.0
629 140653.0
630 140653.0
631 140653.0
632 140653.0
633 140653.0
634 139657.0
635 139369.0
636 139369.0
637 139369.0
638 139369.0
639 139369.0
640 139369.0
641 139369.0
642 138318.0
643 138318.0
644 137276.0
645 135727.0
646 135727.0
647 135727.0
648 135727.0
649 135727.0
650 135727.0
651 135722.0
652 135209.0
653 135209.0
654 135209.0
655 134698.0
656 134698.0
657 134684.0
658 134188.0
659 134188.0
660 134188.0
661 134188.0
662 133761.0
663 133761.0
664 133761.0
665 133761.0
666 133761.0
667 133761.0
668 133761.0
669 133761.0
670 133246.0
671 133246.0
672 132943.0
673 132943.0
674 132943.0
675 132943.0
676 132943.0
677 132943.0
678 132185.0
679 127189.0
680 127189.0
681 126205.0
682 125708.0
683 125260.0
684 124802.0
685 124802.0
686 124802.0
687 124802.0
688 124802.0
689 124802.0
690 124307.0
691 124307.0
692 124307.0
693 124307.0
694 124307.0
695 124307.0
696 123816.0
697 123816.0
698 123816.0
699 123816.0
700 123816.0
701 123816.0
702 122832.0
703 122832.0
704 122832.0
705 122634.0
706 122634.0
707 122634.0
708 122634.0
709 122634.0
710 122634.0
711 122634.0
712 122634.0
713 122634.0
714 122634.0
715 122634.0
716 122634.0
717 122634.0
718 122634.0
719 122634.0
720 122634.0
721 122634.0
722 122146.0
723 121672.0
724 121672.0
725 121672.0
726 121672.0
727 121672.0
728 121672.0
729 121672.0
730 121672.0
731 121672.0
732 121672.0
733 121672.0
734 121672.0
735 121672.0
736 121672.0
737 121672.0
738 121672.0
739 121184.0
740 120211.0
741 119733.0
742 118373.0
743 117412.0
744 117412.0
745 117412.0
746 117412.0
747 117412.0
748 117412.0
749 117412.0
750 117412.0
751 117412.0
752 117412.0
753 117412.0
754 117412.0
755 117412.0
756 117412.0
757 116934.0
758 116517.0
759 116517.0
760 116517.0
761 116517.0
762 114152.0
763 113698.0
764 113698.0
765 113698.0
766 113698.0
767 113227.0
768 113227.0
769 113227.0
770 113227.0
771 113227.0
772 113227.0
773 113227.0
774 113227.0
775 113227.0
776 113227.0
777 113227.0
778 113227.0
779 111826.0
780 111467.0
781 111467.0
782 111467.0
783 111467.0
784 111467.0
785 111467.0
786 110537.0
787 110537.0
788 110537.0
789 110537.0
790 110537.0
791 110537.0
792 110537.0
793 110537.0
794 110537.0
795 110075.0
796 109167.0
797 108249.0
798 108249.0
799 108249.0
800 108249.0
801 108249.0
802 108249.0
803 108249.0
804 108249.0
805 108249.0
806 108249.0
807 108249.0
808 108249.0
809 107792.0
810 107792.0
811 107792.0
812 107792.0
813 107792.0
814 107792.0
815 107792.0
816 107792.0
817 107792.0
818 107792.0
819 107792.0
820 107792.0
821 107792.0
822 107792.0
823 107792.0
824 107792.0
825 107792.0
826 107792.0
827 107792.0
828 106896.0
829 106896.0
830 106896.0
831 106896.0
832 106896.0
833 106896.0
834 106896.0
835 106896.0
836 106896.0
837 106896.0
838 106896.0
839 106502.0
840 106502.0
841 106304.0
842 106304.0
843 106304.0
844 106304.0
845 106304.0
846 105850.0
847 105850.0
848 105850.0
849 105850.0
850 105850.0
851 105850.0
852 105850.0
853 105850.0
854 105850.0
855 105850.0
856 104946.0
857 104946.0
858 104946.0
859 104946.0
860 104946.0
861 104946.0
862 104946.0
863 104946.0
864 104946.0
865 104497.0
866 104497.0
867 104497.0
868 104497.0
869 104497.0
870 104497.0
871 104048.0
872 104048.0
873 104048.0
874 104048.0
875 104048.0
876 104048.0
877 104048.0
878 104048.0
879 101817.0
880 101646.0
881 101646.0
882 100762.0
883 100762.0
884 100762.0
885 100762.0
886 100026.0
887 100026.0
888 100026.0
889 100026.0
890 99961.0
891 99961.0
892 99592.0
893 99592.0
894 99592.0
895 99592.0
896 99592.0
897 99592.0
898 99592.0
899 99592.0
900 99592.0
901 99154.0
902 98350.0
903 98350.0
904 98350.0
905 97987.0
906 97987.0
907 97987.0
908 97987.0
909 97987.0
910 97987.0
911 97987.0
912 97987.0
913 97987.0
914 97553.0
915 97553.0
916 97553.0
917 97553.0
918 97553.0
919 97553.0
920 97553.0
921 97553.0
922 97553.0
923 97553.0
924 97553.0
925 97553.0
926 97553.0
927 97553.0
928 97553.0
929 97553.0
930 96689.0
931 96689.0
932 96689.0
933 96689.0
934 94981.0
935 94981.0
936 94981.0
937 94981.0
938 94981.0
939 94981.0
940 94918.0
941 94918.0
942 94918.0
943 94918.0
944 94918.0
945 94918.0
946 94918.0
947 94918.0
948 94918.0
949 94918.0
950 94918.0
951 94918.0
952 94918.0
953 94918.0
954 94918.0
955 94918.0
956 94492.0
957 94492.0
958 93732.0
959 93732.0
960 93732.0
961 93732.0
962 93732.0
963 93732.0
964 93732.0
965 93732.0
966 93732.0
967 93732.0
968 93732.0
969 93732.0
970 93732.0
971 93732.0
972 93732.0
973 93732.0
974 93732.0
975 93666.0
976 93312.0
977 93312.0
978 93312.0
979 93312.0
980 93312.0
981 93312.0
982 93312.0
983 93312.0
984 93312.0
985 93312.0
986 93312.0
987 93312.0
988 93312.0
989 93312.0
990 93312.0
991 93312.0
992 93312.0
993 93312.0
994 93312.0
995 93312.0
996 93312.0
997 93312.0
998 93312.0
999 93312.0
1000 92074.0
1001 92074.0
1002 92074.0
1003 92074.0
1004 92074.0
1005 92074.0
1006 92074.0
1007 92074.0
1008 91692.0
1009 91692.0
1010 91002.0
1011 90728.0
1012 90308.0
1013 90308.0
1014 90308.0
1015 90308.0
1016 90308.0
1017 90308.0
1018 90308.0
1019 90308.0
1020 90308.0
1021 90308.0
1022 90308.0
1023 90308.0
1024 90308.0
1025 90308.0
1026 90308.0
1027 90308.0
1028 89893.0
1029 89893.0
1030 89893.0
1031 89893.0
1032 89893.0
1033 89893.0
1034 89893.0
1035 89893.0
1036 89893.0
1037 89893.0
1038 89893.0
1039 89893.0
1040 89893.0
1041 89893.0
1042 89893.0
1043 89893.0
1044 89893.0
1045 89893.0
1046 89477.0
1047 89477.0
1048 89477.0
1049 89477.0
1050 89477.0
1051 89477.0
1052 89477.0
1053 89477.0
1054 89477.0
1055 89477.0
1056 89477.0
1057 89477.0
1058 89061.0
1059 88662.0
1060 88662.0
1061 88662.0
1062 88662.0
1063 88662.0
1064 87835.0
1065 87835.0
1066 87835.0
1067 87835.0
1068 87011.0
1069 87011.0
1070 87011.0
1071 87011.0
1072 87011.0
1073 87011.0
1074 87011.0
1075 87011.0
1076 87011.0
1077 87011.0
1078 87011.0
1079 87011.0
1080 87011.0
1081 87011.0
1082 87011.0
1083 87011.0
1084 87011.0
1085 87011.0
1086 87011.0
1087 87011.0
1088 87011.0
1089 87011.0
1090 87011.0
1091 87011.0
1092 87011.0
1093 85383.0
1094 85383.0
1095 85383.0
1096 85383.0
1097 85383.0
1098 85383.0
1099 85383.0
1100 85383.0
1101 85383.0
1102 85383.0
1103 85383.0
1104 85383.0
1105 85383.0
1106 85383.0
1107 85383.0
1108 85383.0
1109 85383.0
1110 85383.0
1111 85383.0
1112 85383.0
1113 85383.0
1114 85383.0
1115 85383.0
1116 85383.0
1117 85383.0
1118 85383.0
1119 85383.0
1120 85383.0
1121 84571.0
1122 84564.0
1123 84450.0
1124 84188.0
1125 84188.0
1126 84188.0
1127 84188.0
1128 83784.0
1129 83784.0
1130 83784.0
1131 83784.0
1132 83784.0
1133 83784.0
1134 83784.0
1135 83784.0
1136 83784.0
1137 83784.0
1138 83784.0
1139 83784.0
1140 83784.0
1141 83784.0
1142 83784.0
1143 83784.0
1144 83784.0
1145 83784.0
1146 83784.0
1147 83784.0
1148 83784.0
1149 83784.0
1150 83784.0
1151 83784.0
1152 83784.0
1153 83784.0
1154 83382.0
1155 83382.0
1156 82980.0
1157 82980.0
1158 82980.0
1159 82980.0
1160 82180.0
1161 81786.0
1162 81786.0
1163 81786.0
1164 81786.0
1165 81786.0
1166 80596.0
1167 80062.0
1168 80062.0
1169 80062.0
1170 80062.0
1171 80062.0
1172 80062.0
1173 80062.0
1174 80062.0
1175 80062.0
1176 80062.0
1177 80062.0
1178 79696.0
1179 79696.0
1180 79696.0
1181 79696.0
1182 77516.0
1183 77516.0
1184 77516.0
1185 77516.0
1186 77516.0
1187 77516.0
1188 77516.0
1189 77516.0
1190 77516.0
1191 77516.0
1192 77516.0
1193 77516.0
1194 77516.0
1195 77515.0
1196 77515.0
1197 77515.0
1198 77515.0
1199 77515.0
1200 77515.0
1201 77515.0
1202 77515.0
1203 77515.0
1204 77515.0
1205 77515.0
1206 77515.0
1207 77515.0
1208 77515.0
1209 77515.0
1210 77515.0
1211 77206.0
1212 77206.0
1213 77206.0
1214 77206.0
1215 76825.0
1216 76825.0
1217 76825.0
1218 76457.0
1219 76457.0
1220 76457.0
1221 76457.0
1222 76077.0
1223 75321.0
1224 75321.0
1225 75321.0
1226 75321.0
1227 75321.0
1228 75321.0
1229 75321.0
1230 75321.0
1231 75321.0
1232 75321.0
1233 75321.0
1234 75321.0
1235 75321.0
1236 75321.0
1237 75321.0
1238 75321.0
1239 75321.0
1240 75321.0
1241 75321.0
1242 75321.0
1243 75321.0
1244 75321.0
1245 75321.0
1246 75321.0
1247 75321.0
1248 75321.0
1249 75321.0
1250 75321.0
1251 75321.0
1252 75321.0
1253 75321.0
1254 75321.0
1255 75321.0
1256 75321.0
1257 75321.0
1258 75321.0
1259 75321.0
1260 75321.0
1261 75321.0
1262 75321.0
1263 75321.0
1264 75321.0
1265 75321.0
1266 75321.0
1267 75321.0
1268 75321.0
1269 75321.0
1270 75321.0
1271 75321.0
1272 75321.0
1273 75321.0
1274 75290.0
1275 75290.0
1276 75290.0
1277 75290.0
1278 75290.0
1279 75290.0
1280 75290.0
1281 75290.0
1282 75290.0
1283 75290.0
1284 75290.0
1285 75290.0
1286 75290.0
1287 75290.0
1288 75290.0
1289 75290.0
1290 75290.0
1291 75290.0
1292 75290.0
1293 75290.0
1294 75289.0
1295 75289.0
1296 75289.0
1297 75289.0
1298 75289.0
1299 75288.0
1300 75288.0
1301 75288.0
1302 75288.0
1303 75288.0
1304 75288.0
1305 75288.0
1306 75288.0
1307 75288.0
1308 75288.0
1309 75288.0
1310 75288.0
1311 75288.0
1312 75288.0
1313 75288.0
1314 75288.0
1315 75288.0
1316 75288.0
1317 75288.0
1318 75288.0
1319 75288.0
1320 75288.0
1321 75288.0
1322 75288.0
1323 75288.0
1324 75288.0
1325 75288.0
1326 75288.0
1327 75288.0
1328 75288.0
1329 75288.0
1330 75288.0
1331 75288.0
1332 75288.0
1333 74544.0
1334 74538.0
1335 74499.0
1336 74207.0
1337 74207.0
1338 74207.0
1339 73763.0
1340 73763.0
1341 73763.0
1342 73763.0
1343 73763.0
1344 73763.0
1345 73763.0
1346 73763.0
1347 73763.0
1348 73468.0
1349 73468.0
1350 73468.0
1351 73468.0
1352 73468.0
1353 73468.0
1354 73468.0
1355 73468.0
1356 73468.0
1357 73468.0
1358 73468.0
1359 73468.0
1360 73468.0
1361 73468.0
1362 73468.0
1363 73468.0
1364 73468.0
1365 72016.0
1366 72016.0
1367 72011.0
1368 72011.0
1369 72011.0
1370 72011.0
1371 72011.0
1372 72011.0
1373 71648.0
1374 71551.0
1375 71551.0
1376 71551.0
1377 71551.0
1378 71551.0
1379 71551.0
1380 71551.0
1381 71551.0
1382 71551.0
1383 71551.0
1384 71551.0
1385 71551.0
1386 71551.0
1387 71551.0
1388 71551.0
1389 71551.0
1390 71551.0
1391 71551.0
1392 71551.0
1393 71551.0
1394 71312.0
1395 71312.0
1396 71139.0
1397 71139.0
1398 71139.0
1399 71139.0
1400 71139.0
1401 71139.0
1402 71139.0
1403 71139.0
1404 71139.0
1405 71139.0
1406 71139.0
1407 71139.0
1408 71139.0
1409 71139.0
1410 71139.0
1411 71139.0
1412 71139.0
1413 71139.0
1414 71139.0
1415 70852.0
1416 70852.0
1417 70852.0
1418 70852.0
1419 70852.0
1420 70852.0
1421 70852.0
1422 70492.0
1423 70492.0
1424 70492.0
1425 70492.0
1426 70492.0
1427 70492.0
1428 70492.0
1429 70492.0
1430 70492.0
1431 70492.0
1432 70492.0
1433 70492.0
1434 70492.0
1435 70492.0
1436 70492.0
1437 70492.0
1438 70492.0
1439 70492.0
1440 70492.0
1441 70492.0
1442 70492.0
1443 70492.0
1444 70492.0
1445 70492.0
1446 70492.0
1447 70492.0
1448 70492.0
1449 70492.0
1450 70146.0
1451 70044.0
1452 70044.0
1453 69956.0
1454 69956.0
1455 69956.0
1456 69956.0
1457 69956.0
1458 69956.0
1459 69956.0
1460 69956.0
1461 69956.0
1462 69956.0
1463 69956.0
1464 69956.0
1465 69956.0
1466 69956.0
1467 69956.0
1468 69882.0
1469 69882.0
1470 69882.0
1471 69752.0
1472 69752.0
1473 69752.0
1474 69396.0
1475 69396.0
1476 69396.0
1477 69396.0
1478 69396.0
1479 69396.0
1480 69396.0
1481 69396.0
1482 69396.0
1483 69396.0
1484 69396.0
1485 69396.0
1486 69396.0
1487 69396.0
1488 69396.0
1489 69396.0
1490 69396.0
1491 69396.0
1492 69396.0
1493 69396.0
1494 69396.0
1495 69396.0
1496 69396.0
1497 69396.0
1498 69396.0
1499 69396.0
1500 69396.0
1501 69396.0
1502 69396.0
1503 69396.0
1504 69273.0
1505 68817.0
1506 68817.0
1507 68817.0
1508 68817.0
1509 68817.0
1510 68817.0
1511 68817.0
1512 68817.0
1513 68817.0
1514 68817.0
1515 68817.0
1516 68723.0
1517 68723.0
1518 68723.0
1519 68723.0
1520 68723.0
1521 68723.0
1522 68723.0
1523 68723.0
1524 68723.0
1525 68723.0
1526 68723.0
1527 68712.0
1528 68712.0
1529 68712.0
1530 68712.0
1531 68712.0
1532 68712.0
1533 68712.0
1534 68712.0
1535 68712.0
1536 68712.0
1537 68712.0
1538 68712.0
1539 68712.0
1540 68712.0
1541 68712.0
1542 68712.0
1543 68712.0
1544 68712.0
1545 68712.0
1546 68712.0
1547 68712.0
1548 68712.0
1549 68712.0
1550 68712.0
1551 68712.0
1552 68712.0
1553 68712.0
1554 68712.0
1555 68055.0
1556 68055.0
1557 68055.0
1558 68055.0
1559 68055.0
1560 68055.0
1561 67995.0
1562 67995.0
1563 67995.0
1564 67995.0
1565 67995.0
1566 67995.0
1567 67995.0
1568 67995.0
1569 67995.0
1570 67995.0
1571 67995.0
1572 67995.0
1573 67995.0
1574 67995.0
1575 67994.0
1576 67994.0
1577 67994.0
1578 67994.0
1579 67994.0
1580 67994.0
1581 67994.0
1582 67994.0
1583 67994.0
1584 67994.0
1585 67994.0
1586 67994.0
1587 67994.0
1588 67994.0
1589 67994.0
1590 67994.0
1591 67994.0
1592 67994.0
1593 67994.0
1594 67994.0
1595 67994.0
1596 67994.0
1597 67994.0
1598 67994.0
1599 67994.0
1600 67994.0
1601 67994.0
1602 67994.0
1603 67994.0
1604 67994.0
1605 67994.0
1606 67994.0
1607 67994.0
1608 67994.0
1609 67994.0
1610 67994.0
1611 67994.0
1612 67994.0
1613 67994.0
1614 67994.0
1615 67994.0
1616 67994.0
1617 67994.0
1618 67994.0
1619 67994.0
1620 67994.0
1621 67994.0
1622 67994.0
1623 67994.0
1624 67994.0
1625 67994.0
1626 67994.0
1627 67994.0
1628 67292.0
1629 67292.0
1630 67292.0
1631 67292.0
1632 67292.0
1633 67292.0
1634 67292.0
1635 67292.0
1636 67292.0
1637 67292.0
1638 67292.0
1639 67292.0
1640 67292.0
1641 67292.0
1642 67292.0
1643 67292.0
1644 67292.0
1645 67292.0
1646 67292.0
1647 67292.0
1648 67292.0
1649 67151.0
1650 67151.0
1651 67151.0
1652 67151.0
1653 67151.0
1654 67151.0
1655 67151.0
1656 67151.0
1657 67151.0
1658 67151.0
1659 67151.0
1660 67151.0
1661 67151.0
1662 67151.0
1663 67151.0
1664 67151.0
1665 67151.0
1666 67151.0
1667 67151.0
1668 67151.0
1669 67151.0
1670 66935.0
1671 66935.0
1672 66935.0
1673 66935.0
1674 66935.0
1675 66935.0
1676 66935.0
1677 66935.0
1678 66935.0
1679 66935.0
1680 66935.0
1681 66935.0
1682 66935.0
1683 66935.0
1684 66935.0
1685 66935.0
1686 66235.0
1687 65333.0
1688 65333.0
1689 65333.0
1690 65333.0
1691 65333.0
1692 65333.0
1693 65333.0
1694 64986.0
1695 64673.0
1696 64369.0
1697 64369.0
1698 64369.0
1699 64369.0
1700 64369.0
1701 64369.0
1702 64369.0
1703 64369.0
1704 64369.0
1705 63851.0
1706 63851.0
1707 63851.0
1708 63851.0
1709 63851.0
1710 63509.0
1711 63509.0
1712 63509.0
1713 63509.0
1714 63509.0
1715 63509.0
1716 63509.0
1717 63406.0
1718 63065.0
1719 63065.0
1720 63065.0
1721 63065.0
1722 63065.0
1723 63065.0
1724 63065.0
1725 63065.0
1726 63065.0
1727 63065.0
1728 63065.0
1729 63065.0
1730 63065.0
1731 63065.0
1732 63065.0
1733 63065.0
1734 63065.0
1735 63065.0
1736 63065.0
1737 63065.0
1738 63065.0
1739 63065.0
1740 63065.0
1741 63065.0
1742 63065.0
1743 63065.0
1744 63065.0
1745 63065.0
1746 63065.0
1747 63065.0
1748 63017.0
1749 63017.0
1750 62398.0
1751 62398.0
1752 62398.0
1753 62398.0
1754 62398.0
1755 62398.0
1756 62398.0
1757 62398.0
1758 62398.0
1759 62398.0
1760 62398.0
1761 62398.0
1762 62398.0
1763 62398.0
1764 62398.0
1765 62398.0
1766 62398.0
1767 62398.0
1768 62398.0
1769 62398.0
1770 62398.0
1771 62398.0
1772 62398.0
1773 62398.0
1774 62398.0
1775 62398.0
1776 62398.0
1777 62060.0
1778 62060.0
1779 62060.0
1780 62060.0
1781 62060.0
1782 62060.0
1783 62060.0
1784 62060.0
1785 61899.0
1786 61899.0
1787 61899.0
1788 61899.0
1789 61899.0
1790 61899.0
1791 61899.0
1792 61899.0
1793 61899.0
1794 61899.0
1795 61899.0
1796 61899.0
1797 61899.0
1798 61899.0
1799 61899.0
1800 61899.0
1801 61899.0
1802 61899.0
1803 61899.0
1804 61718.0
1805 61718.0
1806 61718.0
1807 61718.0
1808 61718.0
1809 61718.0
1810 61718.0
1811 61718.0
1812 61718.0
1813 61718.0
1814 61718.0
1815 61718.0
1816 61718.0
1817 60722.0
1818 60722.0
1819 60722.0
1820 60722.0
1821 60722.0
1822 60722.0
1823 60722.0
1824 60722.0
1825 60722.0
1826 60722.0
1827 60722.0
1828 60722.0
1829 60722.0
1830 60722.0
1831 60722.0
1832 60722.0
1833 60722.0
1834 60250.0
1835 60250.0
1836 60250.0
1837 60250.0
1838 60250.0
1839 60250.0
1840 60250.0
1841 60250.0
1842 60250.0
1843 60250.0
1844 60250.0
1845 60250.0
1846 60250.0
1847 60250.0
1848 60250.0
1849 60250.0
1850 60250.0
1851 60250.0
1852 60250.0
1853 60250.0
1854 60250.0
1855 60250.0
1856 60250.0
1857 60250.0
1858 60250.0
1859 60250.0
1860 60250.0
1861 60250.0
1862 60250.0
1863 60250.0
1864 60250.0
1865 60250.0
1866 60250.0
1867 60250.0
1868 60250.0
1869 60250.0
1870 60250.0
1871 60250.0
1872 60250.0
1873 60237.0
1874 60237.0
1875 60237.0
1876 59955.0
1877 59955.0
1878 59955.0
1879 59955.0
1880 59918.0
1881 59918.0
1882 59918.0
1883 59918.0
1884 59918.0
1885 59918.0
1886 59918.0
1887 59330.0
1888 59330.0
1889 59330.0
1890 59330.0
1891 59330.0
1892 59330.0
1893 59330.0
1894 59330.0
1895 59330.0
1896 59330.0
1897 59330.0
1898 59330.0
1899 59301.0
1900 59301.0
1901 59301.0
1902 59301.0
1903 59301.0
1904 59301.0
1905 59301.0
1906 59301.0
1907 59301.0
1908 59301.0
1909 59301.0
1910 58974.0
1911 58974.0
1912 58974.0
1913 58974.0
1914 58974.0
1915 58974.0
1916 58974.0
1917 58974.0
1918 58974.0
1919 58974.0
1920 58974.0
1921 58974.0
1922 58974.0
1923 58974.0
1924 58974.0
1925 58974.0
1926 58974.0
1927 58974.0
1928 58974.0
1929 58974.0
1930 58974.0
1931 58974.0
1932 58974.0
1933 58974.0
1934 58974.0
1935 58974.0
1936 58974.0
1937 58974.0
1938 58974.0
1939 58974.0
1940 58974.0
1941 58974.0
1942 58974.0
1943 58974.0
1944 58974.0
1945 58974.0
1946 58974.0
1947 58974.0
1948 58974.0
1949 58974.0
1950 58974.0
1951 58974.0
1952 58974.0
1953 58974.0
1954 58372.0
1955 58372.0
1956 58372.0
1957 58372.0
1958 58372.0
1959 58372.0
1960 58372.0
1961 58372.0
1962 58372.0
1963 58372.0
1964 58372.0
1965 58372.0
1966 58372.0
1967 58372.0
1968 58372.0
1969 58372.0
1970 58372.0
1971 58372.0
1972 58372.0
1973 58372.0
1974 58372.0
1975 58372.0
1976 58372.0
1977 58372.0
1978 58372.0
1979 58372.0
1980 58372.0
1981 58372.0
1982 58372.0
1983 58372.0
1984 58372.0
1985 58372.0
1986 58372.0
1987 58372.0
1988 58372.0
1989 58288.0
1990 58288.0
1991 58288.0
1992 58288.0
1993 58288.0
1994 58288.0
1995 57502.0
1996 57502.0
1997 57502.0
1998 57502.0
1999 57502.0
2000 57502.0
2001 57502.0
2002 57502.0
2003 57502.0
2004 57502.0
2005 57502.0
2006 57502.0
2007 57502.0
2008 57502.0
2009 57502.0
2010 57502.0
2011 57502.0
2012 57502.0
2013 57502.0
2014 57502.0
2015 57502.0
2016 57502.0
2017 57502.0
2018 57502.0
2019 57502.0
2020 57502.0
2021 57502.0
2022 57502.0
2023 57502.0
2024 57502.0
2025 57502.0
2026 57502.0
2027 57502.0
2028 57502.0
2029 57502.0
2030 57502.0
2031 57502.0
2032 57502.0
2033 57502.0
2034 57502.0
2035 57502.0
2036 57502.0
2037 57502.0
2038 57502.0
2039 57502.0
2040 57502.0
2041 57502.0
2042 57502.0
2043 57502.0
2044 57502.0
2045 57502.0
2046 57502.0
2047 57502.0
2048 57502.0
2049 57502.0
2050 57502.0
2051 57502.0
2052 57502.0
2053 57502.0
2054 57502.0
2055 57502.0
2056 57502.0
2057 57502.0
2058 57502.0
2059 57502.0
2060 57502.0
2061 56622.0
2062 56543.0
2063 56310.0
2064 56310.0
2065 56310.0
2066 56310.0
2067 56310.0
2068 56310.0
2069 56310.0
2070 56310.0
2071 56310.0
2072 56310.0
2073 56310.0
2074 56310.0
2075 56310.0
2076 56310.0
2077 56310.0
2078 56310.0
2079 56310.0
2080 56310.0
2081 55350.0
2082 55350.0
2083 55350.0
2084 55350.0
2085 55350.0
2086 55350.0
2087 55349.0
2088 55349.0
2089 55349.0
2090 55349.0
2091 54475.0
2092 54475.0
2093 54475.0
2094 54475.0
2095 54475.0
2096 54475.0
2097 54475.0
2098 54475.0
2099 54475.0
2100 54475.0
2101 54475.0
2102 54162.0
2103 54162.0
2104 54162.0
2105 54162.0
2106 54162.0
2107 54162.0
2108 54162.0
2109 54162.0
2110 54162.0
2111 54162.0
2112 54162.0
2113 54162.0
2114 54162.0
2115 54162.0
2116 54162.0
2117 54162.0
2118 54162.0
2119 54162.0
2120 54162.0
2121 54162.0
2122 53848.0
2123 53848.0
2124 53848.0
2125 53848.0
2126 53848.0
2127 53848.0
2128 53848.0
2129 53848.0
2130 53848.0
2131 53848.0
2132 53848.0
2133 53848.0
2134 53848.0
2135 53226.0
2136 53183.0
2137 53183.0
2138 52933.0
2139 52933.0
2140 52933.0
2141 52933.0
2142 52933.0
2143 52933.0
2144 52933.0
2145 52933.0
2146 52933.0
2147 52933.0
2148 52933.0
2149 52933.0
2150 52933.0
2151 51698.0
2152 51698.0
2153 51698.0
2154 51698.0
2155 51698.0
2156 51698.0
2157 51698.0
2158 51698.0
2159 51698.0
2160 51698.0
2161 51698.0
2162 51698.0
2163 51698.0
2164 51698.0
2165 51698.0
2166 51698.0
2167 51698.0
2168 51698.0
2169 51698.0
2170 51698.0
2171 51698.0
2172 51698.0
2173 51698.0
2174 51698.0
2175 51698.0
2176 51698.0
2177 51698.0
2178 51698.0
2179 51698.0
2180 51698.0
2181 51698.0
2182 51698.0
2183 51698.0
2184 51698.0
2185 51698.0
2186 51698.0
2187 51698.0
2188 51698.0
2189 51698.0
2190 51698.0
2191 51646.0
2192 51646.0
2193 51646.0
2194 51646.0
2195 51646.0
2196 51646.0
2197 51646.0
2198 51646.0
2199 51646.0
2200 51646.0
2201 50731.0
2202 50731.0
2203 50731.0
2204 50731.0
2205 50731.0
2206 50731.0
2207 50731.0
2208 50731.0
2209 50731.0
2210 50731.0
2211 50731.0
2212 50731.0
2213 50731.0
2214 50731.0
2215 50731.0
2216 50731.0
2217 50731.0
2218 50731.0
2219 50731.0
2220 50731.0
2221 50731.0
2222 50731.0
2223 50731.0
2224 50731.0
2225 50731.0
2226 50731.0
2227 50731.0
2228 50731.0
2229 50731.0
2230 50731.0
2231 50731.0
2232 50731.0
2233 50731.0
2234 50731.0
2235 50426.0
2236 50423.0
2237 50208.0
2238 50208.0
2239 50208.0
2240 50208.0
2241 50208.0
2242 50208.0
2243 50102.0
2244 50102.0
2245 50102.0
2246 50102.0
2247 50102.0
2248 50102.0
2249 50102.0
2250 50102.0
2251 49800.0
2252 49800.0
2253 49800.0
2254 49800.0
2255 49800.0
2256 49800.0
2257 49800.0
2258 49800.0
2259 49800.0
2260 49800.0
2261 49800.0
2262 49800.0
2263 49800.0
2264 49800.0
2265 49800.0
2266 49800.0
2267 49800.0
2268 49800.0
2269 49800.0
2270 49800.0
2271 49800.0
2272 49800.0
2273 49800.0
2274 49800.0
2275 49800.0
2276 49800.0
2277 49800.0
2278 49800.0
2279 49800.0
2280 49800.0
2281 49800.0
2282 49800.0
2283 49800.0
2284 49800.0
2285 49800.0
2286 49800.0
2287 49800.0
2288 49800.0
2289 49800.0
2290 49800.0
2291 49800.0
2292 49800.0
2293 49800.0
2294 49800.0
2295 49800.0
2296 49800.0
2297 49800.0
2298 49800.0
2299 49800.0
2300 49275.0
2301 49275.0
2302 49275.0
2303 49275.0
2304 49275.0
2305 49275.0
2306 49275.0
2307 49275.0
2308 49275.0
2309 49275.0
2310 49275.0
2311 49275.0
2312 49275.0
2313 49275.0
2314 49275.0
2315 49275.0
2316 49275.0
2317 49275.0
2318 49275.0
2319 49275.0
2320 49275.0
2321 49275.0
2322 49275.0
2323 49275.0
2324 49275.0
2325 49275.0
2326 49275.0
2327 49275.0
2328 49275.0
2329 49275.0
2330 49275.0
2331 49275.0
2332 49275.0
2333 49275.0
2334 49275.0
2335 49053.0
2336 49053.0
2337 49053.0
2338 49053.0
2339 49053.0
2340 49053.0
2341 49053.0
2342 49053.0
2343 49053.0
2344 49053.0
2345 49053.0
2346 49053.0
2347 49053.0
2348 49053.0
2349 49053.0
2350 49053.0
2351 49053.0
2352 49053.0
2353 49053.0
2354 49053.0
2355 49053.0
2356 49053.0
2357 49053.0
2358 49053.0
2359 49053.0
2360 49053.0
2361 49053.0
2362 49053.0
2363 49053.0
2364 49053.0
2365 49053.0
2366 49053.0
2367 49053.0
2368 49053.0
2369 49053.0
2370 49053.0
2371 49053.0
2372 49053.0
2373 47876.0
2374 47836.0
2375 47836.0
2376 47815.0
2377 47027.0
2378 47027.0
2379 47027.0
2380 47027.0
2381 47027.0
2382 47027.0
2383 47027.0
2384 47027.0
2385 47027.0
2386 47027.0
2387 47027.0
2388 47027.0
2389 47027.0
2390 47027.0
2391 47027.0
2392 47027.0
2393 47027.0
2394 47027.0
2395 47027.0
2396 47027.0
2397 47027.0
2398 47027.0
2399 47027.0
2400 47027.0
2401 47027.0
2402 47027.0
2403 47027.0
2404 47027.0
2405 47027.0
2406 47027.0
2407 47027.0
2408 47027.0
2409 47027.0
2410 47027.0
2411 47027.0
2412 47027.0
2413 47027.0
2414 47027.0
2415 47027.0
2416 47027.0
2417 46844.0
2418 46844.0
2419 46844.0
2420 46844.0
2421 46844.0
2422 46844.0
2423 46844.0
2424 46844.0
2425 46844.0
2426 46844.0
2427 46844.0
2428 46844.0
2429 46844.0
2430 46844.0
2431 46844.0
2432 46844.0
2433 46844.0
2434 46844.0
2435 46844.0
2436 46844.0
2437 46844.0
2438 46844.0
2439 46844.0
2440 46844.0
2441 46844.0
2442 46844.0
2443 46844.0
2444 46844.0
2445 46844.0
2446 46844.0
2447 46844.0
2448 46844.0
2449 46844.0
2450 46844.0
2451 46844.0
2452 46554.0
2453 46554.0
2454 46554.0
2455 46554.0
2456 46554.0
2457 46554.0
2458 46554.0
2459 46554.0
2460 46554.0
2461 46554.0
2462 46554.0
2463 46554.0
2464 46554.0
2465 46554.0
2466 46554.0
2467 46554.0
2468 46554.0
2469 46554.0
2470 46554.0
2471 46554.0
2472 46554.0
2473 46554.0
2474 46554.0
2475 46554.0
2476 46554.0
2477 46554.0
2478 46554.0
2479 46554.0
2480 46554.0
2481 46426.0
2482 46426.0
2483 46426.0
2484 46426.0
2485 46426.0
2486 46426.0
2487 46426.0
2488 46426.0
2489 46426.0
2490 46426.0
2491 46426.0
2492 46426.0
2493 46426.0
2494 46426.0
2495 46426.0
2496 46426.0
2497 46426.0
2498 46426.0
2499 46426.0
2500 46426.0
2501 46426.0
2502 46426.0
2503 46426.0
2504 46426.0
2505 46426.0
2506 46426.0
2507 46426.0
2508 46426.0
2509 46426.0
2510 46426.0
2511 46426.0
2512 46139.0
2513 46139.0
2514 46139.0
2515 46139.0
2516 46139.0
2517 46139.0
2518 46139.0
2519 46139.0
2520 46139.0
2521 46139.0
2522 46139.0
2523 46139.0
2524 46139.0
2525 46139.0
2526 46139.0
2527 46139.0
2528 46139.0
2529 46139.0
2530 46139.0
2531 46139.0
2532 46139.0
2533 46139.0
2534 46139.0
2535 46139.0
2536 46139.0
2537 46139.0
2538 46139.0
2539 46111.0
2540 46111.0
2541 45995.0
2542 45995.0
2543 45290.0
2544 45290.0
2545 45290.0
2546 45290.0
2547 45290.0
2548 45290.0
2549 45290.0
2550 45290.0
2551 45290.0
2552 45290.0
2553 45290.0
2554 45290.0
2555 45290.0
2556 45290.0
2557 45290.0
2558 45289.0
2559 45195.0
2560 45195.0
2561 45195.0
2562 44961.0
2563 44961.0
2564 44961.0
2565 44961.0
2566 44961.0
2567 44961.0
2568 44961.0
2569 44898.0
2570 44898.0
2571 44618.0
2572 44396.0
2573 44396.0
2574 44183.0
2575 44183.0
2576 43631.0
2577 43631.0
2578 43631.0
2579 43631.0
2580 43631.0
2581 43631.0
2582 43356.0
2583 43163.0
2584 43163.0
2585 43163.0
2586 43163.0
2587 43163.0
2588 43163.0
2589 43163.0
2590 43163.0
2591 43163.0
2592 43163.0
2593 43163.0
2594 43163.0
2595 43163.0
2596 43163.0
2597 43163.0
2598 42619.0
2599 42395.0
2600 42395.0
2601 42395.0
2602 42395.0
2603 42395.0
2604 42395.0
2605 42125.0
2606 42125.0
2607 42125.0
2608 41327.0
2609 41327.0
2610 41327.0
2611 41327.0
2612 41327.0
2613 41327.0
2614 41327.0
2615 41327.0
2616 41327.0
2617 41327.0
2618 41327.0
2619 41327.0
2620 41327.0
2621 41327.0
2622 41327.0
2623 41327.0
2624 40055.0
2625 40055.0
2626 40055.0
2627 40055.0
2628 40055.0
2629 40055.0
2630 40055.0
2631 40055.0
2632 40055.0
2633 40055.0
2634 40055.0
2635 40055.0
2636 40055.0
2637 40055.0
2638 40055.0
2639 39541.0
2640 39541.0
2641 39541.0
2642 39541.0
2643 38103.0
2644 38023.0
2645 38023.0
2646 37577.0
2647 37577.0
2648 37577.0
2649 37557.0
2650 37366.0
2651 36623.0
2652 36623.0
2653 36623.0
2654 36623.0
2655 36623.0
2656 36623.0
2657 36623.0
2658 36623.0
2659 36623.0
2660 36623.0
2661 36623.0
2662 36623.0
2663 36623.0
2664 36623.0
2665 36623.0
2666 36623.0
2667 36623.0
2668 36623.0
2669 36623.0
2670 36623.0
2671 36623.0
2672 36623.0
2673 36623.0
2674 36623.0
2675 36623.0
2676 36623.0
2677 36623.0
2678 36623.0
2679 36623.0
2680 36623.0
2681 36623.0
2682 36623.0
2683 36623.0
2684 36623.0
2685 36623.0
2686 36623.0
2687 36623.0
2688 36623.0
2689 36623.0
2690 36623.0
2691 36623.0
2692 36623.0
2693 36623.0
2694 36623.0
2695 36623.0
2696 36623.0
2697 36623.0
2698 36623.0
2699 36623.0
2700 36623.0
2701 36623.0
2702 36623.0
2703 36623.0
2704 36623.0
2705 36623.0
2706 36623.0
2707 36623.0
2708 36623.0
2709 36623.0
2710 36623.0
2711 36623.0
2712 36623.0
2713 36623.0
2714 36623.0
2715 36623.0
2716 36623.0
2717 36623.0
2718 36379.0
2719 36141.0
2720 36141.0
2721 35897.0
2722 35897.0
2723 35897.0
2724 35857.0
2725 35857.0
2726 35857.0
2727 35857.0
2728 35739.0
2729 35739.0
2730 35739.0
2731 35739.0
2732 35679.0
2733 35679.0
2734 35679.0
2735 35679.0
2736 35679.0
2737 35679.0
2738 35679.0
2739 35679.0
2740 35679.0
2741 35600.0
2742 35600.0
2743 35358.0
2744 35358.0
2745 35358.0
2746 35358.0
2747 35358.0
2748 35358.0
2749 35118.0
2750 35118.0
2751 35118.0
2752 35118.0
2753 35118.0
2754 35118.0
2755 35118.0
2756 35118.0
2757 35118.0
2758 35118.0
2759 35118.0
2760 35118.0
2761 35118.0
2762 35118.0
2763 35118.0
2764 35118.0
2765 35118.0
2766 35118.0
2767 35118.0
2768 35118.0
2769 35118.0
2770 35118.0
2771 35118.0
2772 35118.0
2773 35118.0
2774 35118.0
2775 35118.0
2776 34882.0
2777 34882.0
2778 34882.0
2779 34882.0
2780 34882.0
2781 34882.0
2782 34882.0
2783 34882.0
2784 34882.0
2785 34882.0
2786 34882.0
2787 34882.0
2788 34882.0
2789 34882.0
2790 34882.0
2791 34882.0
2792 34882.0
2793 34882.0
2794 34882.0
2795 34882.0
2796 34882.0
2797 34882.0
2798 34882.0
2799 34882.0
2800 34882.0
2801 34882.0
2802 34882.0
2803 34882.0
2804 34882.0
2805 34882.0
2806 34882.0
2807 34882.0
2808 34882.0
2809 34882.0
2810 34882.0
2811 34882.0
2812 34882.0
2813 34882.0
2814 34882.0
2815 34882.0
2816 34832.0
2817 34832.0
2818 34832.0
2819 34832.0
2820 34832.0
2821 34832.0
2822 34832.0
2823 34832.0
2824 34832.0
2825 34832.0
2826 34832.0
2827 34832.0
2828 34832.0
2829 34832.0
2830 34832.0
2831 34832.0
2832 34832.0
2833 34832.0
2834 34832.0
2835 34832.0
2836 34832.0
2837 34832.0
2838 34832.0
2839 34832.0
2840 34832.0
2841 34832.0
2842 34832.0
2843 34832.0
2844 34832.0
2845 34832.0
2846 34832.0
2847 34832.0
2848 34692.0
2849 34692.0
2850 34692.0
2851 34692.0
2852 34692.0
2853 34692.0
2854 34692.0
2855 34692.0
2856 34692.0
2857 34692.0
2858 34531.0
2859 34531.0
2860 34531.0
2861 34531.0
2862 34531.0
2863 34531.0
2864 34531.0
2865 34531.0
2866 34531.0
2867 34402.0
2868 34402.0
2869 34366.0
2870 34366.0
2871 34366.0
2872 34366.0
2873 34366.0
2874 34366.0
2875 34366.0
2876 34366.0
2877 34366.0
2878 34366.0
2879 34366.0
2880 34366.0
2881 34366.0
2882 34366.0
2883 34366.0
2884 34366.0
2885 34366.0
2886 34366.0
2887 34366.0
2888 34366.0
2889 34366.0
2890 34366.0
2891 34283.0
2892 34283.0
2893 33952.0
2894 33952.0
2895 33935.0
2896 33935.0
2897 33721.0
2898 33721.0
2899 33692.0
2900 32993.0
2901 32993.0
2902 32993.0
2903 32993.0
2904 32993.0
2905 32979.0
2906 32979.0
2907 32979.0
2908 32979.0
2909 32979.0
2910 32979.0
2911 32382.0
2912 32382.0
2913 32382.0
2914 32382.0
2915 32382.0
2916 32382.0
2917 32382.0
2918 32382.0
2919 32382.0
2920 32382.0
2921 32382.0
2922 32382.0
2923 32382.0
2924 32382.0
2925 32382.0
2926 32382.0
2927 32382.0
2928 32335.0
2929 32335.0
2930 32308.0
2931 32308.0
2932 32308.0
2933 32308.0
2934 32308.0
2935 32308.0
2936 32308.0
2937 32137.0
2938 32137.0
2939 32137.0
2940 31689.0
2941 31689.0
2942 31689.0
2943 31689.0
2944 31689.0
2945 31689.0
2946 31689.0
2947 31689.0
2948 31689.0
2949 31689.0
2950 31689.0
2951 31689.0
2952 31689.0
2953 31241.0
2954 31241.0
2955 31241.0
2956 30705.0
2957 30705.0
2958 30705.0
2959 30705.0
2960 30705.0
2961 30705.0
2962 30705.0
2963 30705.0
2964 30705.0
2965 30705.0
2966 30705.0
2967 30705.0
2968 30705.0
2969 30705.0
2970 30705.0
2971 30705.0
2972 30705.0
2973 30705.0
2974 30705.0
2975 30705.0
2976 30705.0
2977 30705.0
2978 30705.0
2979 30705.0
2980 30705.0
2981 30705.0
2982 30705.0
2983 30705.0
2984 30705.0
2985 30705.0
2986 30705.0
2987 30705.0
2988 30705.0
2989 30705.0
2990 30705.0
2991 30705.0
2992 30705.0
2993 30649.0
2994 30649.0
2995 30649.0
2996 30479.0
2997 30479.0
2998 30479.0
2999 30479.0
3000 30479.0
3001 30479.0
3002 30479.0
3003 30479.0
3004 30479.0
3005 30479.0
3006 30314.0
3007 30314.0
3008 29263.0
3009 29263.0
3010 29263.0
3011 29263.0
3012 29263.0
3013 29263.0
3014 29263.0
3015 29263.0
3016 29263.0
3017 29263.0
3018 29263.0
3019 29263.0
3020 29263.0
3021 29263.0
3022 29263.0
3023 29263.0
3024 29263.0
3025 29263.0
3026 29263.0
3027 29263.0
3028 29263.0
3029 29263.0
3030 29263.0
3031 29263.0
3032 29263.0
3033 29263.0
3034 29263.0
3035 29263.0
3036 29263.0
3037 29263.0
3038 29263.0
3039 29263.0
3040 29263.0
3041 29263.0
3042 29263.0
3043 29263.0
3044 29263.0
3045 29263.0
3046 29263.0
3047 29263.0
3048 29263.0
3049 29263.0
3050 29263.0
3051 29263.0
3052 29263.0
3053 29263.0
3054 29263.0
3055 29263.0
3056 29263.0
3057 29263.0
3058 29263.0
3059 29263.0
3060 29263.0
3061 29263.0
3062 29263.0
3063 29263.0
3064 29263.0
3065 29263.0
3066 29263.0
3067 29263.0
3068 29263.0
3069 29263.0
3070 29263.0
3071 29263.0
3072 29263.0
3073 29263.0
3074 29263.0
3075 29263.0
3076 29263.0
3077 29263.0
3078 29263.0
3079 29263.0
3080 29263.0
3081 29263.0
3082 29263.0
3083 29263.0
3084 29263.0
3085 29263.0
3086 29263.0
3087 29263.0
3088 29263.0
3089 29263.0
3090 29263.0
3091 29263.0
3092 29263.0
3093 29263.0
3094 29263.0
3095 29263.0
3096 29263.0
3097 29263.0
3098 29263.0
3099 29263.0
3100 29263.0
3101 29263.0
3102 29263.0
3103 29263.0
3104 29263.0
3105 29263.0
3106 29263.0
3107 29263.0
3108 29263.0
3109 29263.0
3110 29263.0
3111 29263.0
3112 29263.0
3113 29263.0
3114 29263.0
3115 29263.0
3116 29263.0
3117 29263.0
3118 29263.0
3119 29263.0
3120 29263.0
3121 29263.0
3122 29263.0
3123 29263.0
3124 29263.0
3125 29263.0
3126 29263.0
3127 29263.0
3128 29263.0
3129 29263.0
3130 29263.0
3131 29263.0
3132 29263.0
3133 29263.0
3134 29263.0
3135 29263.0
3136 29263.0
3137 29263.0
3138 29263.0
3139 29263.0
3140 29263.0
3141 29263.0
3142 29263.0
3143 29263.0
3144 29263.0
3145 29263.0
3146 29263.0
3147 29263.0
3148 29263.0
3149 29263.0
3150 29263.0
3151 29263.0
3152 29263.0
3153 27527.0
3154 27527.0
3155 27527.0
3156 27196.0
3157 27196.0
3158 27196.0
3159 27196.0
3160 26891.0
3161 26891.0
3162 25910.0
3163 25910.0
3164 25910.0
3165 25910.0
3166 25640.0
3167 25640.0
3168 25640.0
3169 25640.0
3170 25640.0
3171 25640.0
3172 25640.0
3173 25640.0
3174 25640.0
3175 25640.0
3176 25640.0
3177 25640.0
3178 25640.0
3179 25640.0
3180 25640.0
3181 25640.0
3182 25640.0
3183 25640.0
3184 25390.0
3185 25390.0
3186 25390.0
3187 25390.0
3188 25390.0
3189 25390.0
3190 25390.0
3191 25390.0
3192 25390.0
3193 25390.0
3194 25390.0
3195 25390.0
3196 25390.0
3197 25390.0
3198 25390.0
3199 25390.0
3200 25390.0
3201 25390.0
3202 25390.0
3203 25390.0
3204 25390.0
3205 25390.0
3206 25390.0
3207 25390.0
3208 25390.0
3209 25390.0
3210 25390.0
3211 25390.0
3212 25390.0
3213 25390.0
3214 25390.0
3215 25390.0
3216 25390.0
3217 25390.0
3218 25390.0
3219 25390.0
3220 25390.0
3221 25390.0
3222 25390.0
3223 25390.0
3224 25390.0
3225 25390.0
3226 25390.0
3227 25390.0
3228 25390.0
3229 25390.0
3230 25390.0
3231 25390.0
3232 25390.0
3233 25390.0
3234 25390.0
3235 25390.0
3236 25390.0
3237 25390.0
3238 25390.0
3239 25390.0
3240 25390.0
3241 25390.0
3242 25390.0
3243 25390.0
3244 25390.0
3245 25390.0
3246 25390.0
3247 25390.0
3248 25390.0
3249 25390.0
3250 25390.0
3251 25390.0
3252 25390.0
3253 25390.0
3254 25390.0
3255 25390.0
3256 25390.0
3257 25390.0
3258 25390.0
3259 25390.0
3260 25390.0
3261 25390.0
3262 25390.0
3263 25390.0
3264 25390.0
3265 25390.0
3266 25390.0
3267 25390.0
3268 25390.0
3269 25390.0
3270 25390.0
3271 25390.0
3272 25390.0
3273 25390.0
3274 25390.0
3275 25390.0
3276 25390.0
3277 25390.0
3278 25390.0
3279 25390.0
3280 25390.0
3281 25390.0
3282 25390.0
3283 25390.0
3284 25390.0
3285 25390.0
3286 25390.0
3287 25390.0
3288 25390.0
3289 25390.0
3290 25390.0
3291 25390.0
3292 25390.0
3293 25390.0
3294 25390.0
3295 25390.0
3296 25390.0
3297 25390.0
3298 25390.0
3299 25390.0
3300 25390.0
3301 25390.0
3302 25390.0
3303 25390.0
3304 25390.0
3305 25390.0
3306 25390.0
3307 25390.0
3308 25390.0
3309 25390.0
3310 25390.0
3311 25390.0
3312 25390.0
3313 25390.0
3314 25390.0
3315 25390.0
3316 25390.0
3317 25390.0
3318 25390.0
3319 25390.0
3320 25390.0
3321 25390.0
3322 25390.0
3323 25390.0
3324 25390.0
3325 25390.0
3326 25390.0
3327 25390.0
3328 25390.0
3329 25390.0
3330 25390.0
3331 25390.0
3332 25390.0
3333 25183.0
3334 25183.0
3335 24489.0
3336 24489.0
3337 24489.0
3338 24489.0
3339 24489.0
3340 24489.0
3341 24489.0
3342 24489.0
3343 24489.0
3344 24489.0
3345 24489.0
3346 24489.0
3347 24489.0
3348 24489.0
3349 24489.0
3350 24489.0
3351 24489.0
3352 24489.0
3353 24489.0
3354 24489.0
3355 24489.0
3356 24115.0
3357 24115.0
3358 24115.0
3359 24115.0
3360 24115.0
3361 24115.0
3362 24115.0
3363 24115.0
3364 24115.0
3365 24115.0
3366 24115.0
3367 24115.0
3368 24115.0
3369 24115.0
3370 24115.0
3371 24115.0
3372 24115.0
3373 24115.0
3374 24115.0
3375 24115.0
3376 24115.0
3377 24115.0
3378 24115.0
3379 24115.0
3380 24115.0
3381 24115.0
3382 24115.0
3383 24115.0
3384 24115.0
3385 24115.0
3386 24115.0
3387 24115.0
3388 24115.0
3389 24115.0
3390 24115.0
3391 24115.0
3392 24115.0
3393 24092.0
3394 24088.0
3395 24088.0
3396 24088.0
3397 24088.0
3398 24088.0
3399 24088.0
3400 24088.0
3401 24056.0
3402 24056.0
3403 23994.0
3404 23994.0
3405 23994.0
3406 23994.0
3407 23994.0
3408 23994.0
3409 23994.0
3410 23994.0
3411 23994.0
3412 23636.0
3413 23636.0
3414 23636.0
3415 23636.0
3416 23636.0
3417 23636.0
3418 23636.0
3419 23636.0
3420 23636.0
3421 23636.0
3422 23558.0
3423 23558.0
3424 23558.0
3425 23558.0
3426 23558.0
3427 23558.0
3428 23558.0
3429 23558.0
3430 23558.0
3431 23558.0
3432 23558.0
3433 23558.0
3434 23558.0
3435 23289.0
3436 22795.0
3437 22795.0
3438 22795.0
3439 22795.0
3440 22795.0
3441 22795.0
3442 22795.0
3443 22795.0
3444 22795.0
3445 22795.0
3446 22795.0
3447 22795.0
3448 22795.0
3449 22795.0
3450 22795.0
3451 22795.0
3452 22795.0
3453 22795.0
3454 22795.0
3455 22599.0
3456 22599.0
3457 22549.0
3458 22549.0
3459 22549.0
3460 22549.0
3461 22549.0
3462 22549.0
3463 22549.0
3464 22549.0
3465 22549.0
3466 22549.0
3467 22549.0
3468 22549.0
3469 22549.0
3470 22549.0
3471 22549.0
3472 22549.0
3473 22549.0
3474 22549.0
3475 22549.0
3476 22549.0
3477 22549.0
3478 22549.0
3479 22549.0
3480 22549.0
3481 22549.0
3482 22549.0
3483 22549.0
3484 22549.0
3485 22549.0
3486 22549.0
3487 22549.0
3488 22549.0
3489 22549.0
3490 22549.0
3491 22549.0
3492 22549.0
3493 22549.0
3494 22549.0
3495 22549.0
3496 22549.0
3497 22549.0
3498 22549.0
3499 22549.0
3500 22549.0
3501 22549.0
3502 22549.0
3503 22549.0
3504 22549.0
3505 22549.0
3506 22549.0
3507 22549.0
3508 22549.0
3509 22549.0
3510 22549.0
3511 22549.0
3512 22549.0
3513 22549.0
3514 22549.0
3515 22549.0
3516 22549.0
3517 22549.0
3518 22549.0
3519 22549.0
3520 22549.0
3521 22549.0
3522 22362.0
3523 22362.0
3524 22362.0
3525 22362.0
3526 22362.0
3527 22362.0
3528 22362.0
3529 22362.0
3530 22362.0
3531 22362.0
3532 22362.0
3533 22362.0
3534 22362.0
3535 22362.0
3536 22362.0
3537 22362.0
3538 22362.0
3539 22362.0
3540 22362.0
3541 22362.0
3542 22362.0
3543 22362.0
3544 22362.0
3545 22362.0
3546 22362.0
3547 22362.0
3548 22362.0
3549 22362.0
3550 22362.0
3551 22362.0
3552 22362.0
3553 22362.0
3554 22362.0
3555 22362.0
3556 22362.0
3557 22362.0
3558 22362.0
3559 22362.0
3560 22362.0
3561 22362.0
3562 22362.0
3563 22362.0
3564 22362.0
3565 22362.0
3566 22362.0
3567 22362.0
3568 22362.0
3569 22362.0
3570 22362.0
3571 22028.0
3572 22015.0
3573 21904.0
3574 21904.0
3575 21689.0
3576 21689.0
3577 21689.0
3578 21689.0
3579 21689.0
3580 21689.0
3581 21689.0
3582 21689.0
3583 21689.0
3584 21689.0
3585 21689.0
3586 21689.0
3587 20257.0
3588 20257.0
3589 20257.0
3590 20257.0
3591 20257.0
3592 20257.0
3593 20257.0
3594 20257.0
3595 20257.0
3596 20257.0
3597 20257.0
3598 20023.0
3599 20023.0
3600 20023.0
3601 20023.0
3602 20023.0
3603 20023.0
3604 20023.0
3605 20023.0
3606 20023.0
3607 20023.0
3608 20023.0
3609 20023.0
3610 20023.0
3611 20023.0
3612 20023.0
3613 20023.0
3614 20023.0
3615 20023.0
3616 20023.0
3617 20023.0
3618 20023.0
3619 20023.0
3620 20023.0
3621 20023.0
3622 20023.0
3623 20023.0
3624 20023.0
3625 20023.0
3626 20023.0
3627 20023.0
3628 20023.0
3629 20023.0
3630 20023.0
3631 20023.0
3632 20023.0
3633 20023.0
3634 20023.0
3635 20023.0
3636 20023.0
3637 20023.0
3638 20023.0
3639 20023.0
3640 20023.0
3641 20023.0
3642 20023.0
3643 20023.0
3644 20023.0
3645 20023.0
3646 20023.0
3647 20023.0
3648 20023.0
3649 20023.0
3650 20023.0
3651 20023.0
3652 20023.0
3653 20023.0
3654 20023.0
3655 20023.0
3656 20023.0
3657 20023.0
3658 20023.0
3659 20023.0
3660 20023.0
3661 20023.0
3662 20023.0
3663 20023.0
3664 20023.0
3665 20023.0
3666 20023.0
3667 20023.0
3668 20023.0
3669 20023.0
3670 20023.0
3671 20023.0
3672 20023.0
3673 20023.0
3674 20023.0
3675 20023.0
3676 20023.0
3677 20023.0
3678 20023.0
3679 20023.0
3680 20023.0
3681 18989.0
3682 18989.0
3683 18989.0
3684 18989.0
3685 18989.0
3686 18989.0
3687 18989.0
3688 18989.0
3689 18989.0
3690 18989.0
3691 18989.0
3692 18701.0
3693 18701.0
3694 18701.0
3695 18701.0
3696 18701.0
3697 18701.0
3698 18701.0
3699 18701.0
3700 18701.0
3701 18701.0
3702 18701.0
3703 18701.0
3704 18701.0
3705 18701.0
3706 18701.0
3707 18701.0
3708 18498.0
3709 18498.0
3710 18498.0
3711 18498.0
3712 18498.0
3713 18498.0
3714 18498.0
3715 18498.0
3716 18498.0
3717 18498.0
3718 18498.0
3719 18498.0
3720 18498.0
3721 18498.0
3722 18498.0
3723 18498.0
3724 18498.0
3725 18498.0
3726 18498.0
3727 18498.0
3728 18498.0
3729 18498.0
3730 18498.0
3731 18498.0
3732 18498.0
3733 17871.0
3734 17747.0
3735 17747.0
3736 17747.0
3737 17747.0
3738 17710.0
3739 17710.0
3740 17710.0
3741 17710.0
3742 17710.0
3743 17710.0
3744 17710.0
3745 17710.0
3746 17710.0
3747 17710.0
3748 17710.0
3749 17710.0
3750 17710.0
3751 17710.0
3752 17453.0
3753 17453.0
3754 17453.0
3755 17453.0
3756 17453.0
3757 17453.0
3758 17453.0
3759 17453.0
3760 17453.0
3761 17443.0
3762 17443.0
3763 17443.0
3764 17443.0
3765 17143.0
3766 17143.0
3767 17143.0
3768 17143.0
3769 17143.0
3770 17143.0
3771 17143.0
3772 17143.0
3773 17143.0
3774 17143.0
3775 17143.0
3776 17143.0
3777 17143.0
3778 17143.0
3779 17143.0
3780 14912.0
3781 14912.0
3782 14912.0
3783 14912.0
3784 14912.0
3785 14912.0
3786 14912.0
3787 14912.0
3788 14912.0
3789 14912.0
3790 14828.0
3791 14828.0
3792 14828.0
3793 14828.0
3794 14828.0
3795 14828.0
3796 14828.0
3797 14828.0
3798 14828.0
3799 14828.0
3800 14828.0
3801 14828.0
3802 14828.0
3803 14828.0
3804 14828.0
3805 14828.0
3806 14828.0
3807 14828.0
3808 14828.0
3809 14828.0
3810 14828.0
3811 14828.0
3812 14828.0
3813 14828.0
3814 14828.0
3815 14828.0
3816 14828.0
3817 14828.0
3818 14828.0
3819 14828.0
3820 14828.0
3821 14828.0
3822 14828.0
3823 14828.0
3824 14828.0
3825 14828.0
3826 14828.0
3827 14828.0
3828 14828.0
3829 14828.0
3830 14828.0
3831 14828.0
3832 14828.0
3833 14828.0
3834 14828.0
3835 14828.0
3836 14828.0
3837 14828.0
3838 14828.0
3839 14828.0
3840 14828.0
3841 14828.0
3842 14828.0
3843 14828.0
3844 14828.0
3845 14828.0
3846 14828.0
3847 14828.0
3848 14828.0
3849 14828.0
3850 14828.0
3851 14828.0
3852 14828.0
3853 14665.0
3854 14665.0
3855 14665.0
3856 14665.0
3857 14665.0
3858 14665.0
3859 14665.0
3860 14665.0
3861 14665.0
3862 14665.0
3863 14665.0
3864 14665.0
3865 14665.0
3866 14665.0
3867 14665.0
3868 14665.0
3869 14665.0
3870 14665.0
3871 14665.0
3872 14665.0
3873 14665.0
3874 14665.0
3875 14665.0
3876 14665.0
3877 14665.0
3878 14665.0
3879 14665.0
3880 14665.0
3881 14665.0
3882 14665.0
3883 14665.0
3884 14665.0
3885 14665.0
3886 14665.0
3887 14665.0
3888 14665.0
3889 14665.0
3890 14665.0
3891 14665.0
3892 14665.0
3893 14554.0
3894 14554.0
3895 14554.0
3896 14554.0
3897 14554.0
3898 14554.0
3899 14554.0
3900 14554.0
3901 14554.0
3902 14554.0
3903 14554.0
3904 14554.0
3905 14554.0
3906 14554.0
3907 14554.0
3908 14554.0
3909 14554.0
3910 14554.0
3911 14554.0
3912 14554.0
3913 14554.0
3914 14554.0
3915 14554.0
3916 14554.0
3917 14554.0
3918 14554.0
3919 14457.0
3920 14315.0
3921 14315.0
3922 14315.0
3923 14315.0
3924 14315.0
3925 14315.0
3926 14315.0
3927 14315.0
3928 14315.0
3929 14315.0
3930 14315.0
3931 14315.0
3932 14315.0
3933 14315.0
3934 14315.0
3935 14315.0
3936 14259.0
3937 14259.0
3938 14259.0
3939 14259.0
3940 14259.0
3941 14259.0
3942 14259.0
3943 14259.0
3944 14259.0
3945 14209.0
3946 14209.0
3947 13743.0
3948 13743.0
3949 13743.0
3950 13743.0
3951 13743.0
3952 13743.0
3953 13743.0
3954 13743.0
3955 13743.0
3956 13743.0
3957 13743.0
3958 13743.0
3959 13577.0
3960 13570.0
3961 13570.0
3962 13570.0
3963 13570.0
3964 13570.0
3965 13570.0
3966 13570.0
3967 13570.0
3968 13570.0
3969 13570.0
3970 13570.0
3971 13570.0
3972 13570.0
3973 13570.0
3974 13570.0
3975 13570.0
3976 13570.0
3977 13570.0
3978 13570.0
3979 13457.0
3980 13457.0
3981 13457.0
3982 13457.0
3983 13457.0
3984 13457.0
3985 13457.0
3986 13457.0
3987 13457.0
3988 13457.0
3989 13457.0
3990 13457.0
3991 13457.0
3992 13457.0
3993 13457.0
3994 13457.0
3995 13457.0
3996 13457.0
3997 13457.0
3998 13457.0
3999 13457.0
4000 13457.0
4001 13457.0
4002 13457.0
4003 13457.0
4004 13457.0
4005 13457.0
4006 13457.0
4007 13457.0
4008 13457.0
4009 13457.0
4010 13133.0
4011 13133.0
4012 13133.0
4013 13133.0
4014 13133.0
4015 13133.0
4016 13133.0
4017 13133.0
4018 13133.0
4019 13133.0
4020 13133.0
4021 13133.0
4022 13133.0
4023 13133.0
4024 13133.0
4025 13133.0
4026 13133.0
4027 13133.0
4028 13133.0
4029 13133.0
4030 13133.0
4031 13133.0
4032 13133.0
4033 13133.0
4034 13133.0
4035 13133.0
4036 13133.0
4037 13133.0
4038 13133.0
4039 13133.0
4040 13133.0
4041 13133.0
4042 13133.0
4043 13133.0
4044 13133.0
4045 13133.0
4046 13133.0
4047 13133.0
4048 13133.0
4049 13133.0
4050 13133.0
4051 13133.0
4052 13133.0
4053 13133.0
4054 13133.0
4055 13133.0
4056 13133.0
4057 13133.0
4058 13133.0
4059 13133.0
4060 13133.0
4061 13133.0
4062 13133.0
4063 13133.0
4064 13133.0
4065 13133.0
4066 13133.0
4067 13133.0
4068 13133.0
4069 13133.0
4070 12985.0
4071 12985.0
4072 12985.0
4073 12985.0
4074 12985.0
4075 12985.0
4076 12985.0
4077 12985.0
4078 12985.0
4079 12985.0
4080 12985.0
4081 12985.0
4082 12985.0
4083 12985.0
4084 12985.0
4085 12985.0
4086 12985.0
4087 12985.0
4088 12985.0
4089 12985.0
4090 12985.0
4091 12985.0
4092 12985.0
4093 12985.0
4094 12844.0
4095 12717.0
4096 12717.0
4097 12717.0
4098 12717.0
4099 12717.0
4100 12717.0
4101 12717.0
4102 12717.0
4103 12692.0
4104 12606.0
4105 12606.0
4106 12606.0
4107 12606.0
4108 12606.0
4109 12606.0
4110 12606.0
4111 12606.0
4112 12606.0
4113 12606.0
4114 12606.0
4115 12606.0
4116 12606.0
4117 12606.0
4118 12606.0
4119 12606.0
4120 12563.0
4121 12563.0
4122 12563.0
4123 12563.0
4124 12563.0
4125 12563.0
4126 12563.0
4127 12563.0
4128 12563.0
4129 12563.0
4130 12563.0
4131 12563.0
4132 12563.0
4133 12563.0
4134 12563.0
4135 12563.0
4136 12563.0
4137 12563.0
4138 12563.0
4139 12563.0
4140 12563.0
4141 12563.0
4142 12563.0
4143 12563.0
4144 12489.0
4145 12489.0
4146 12489.0
4147 12489.0
4148 12489.0
4149 12489.0
4150 12489.0
4151 12489.0
4152 12489.0
4153 12489.0
4154 12489.0
4155 12489.0
4156 12489.0
4157 12489.0
4158 12489.0
4159 12373.0
4160 12373.0
4161 12373.0
4162 12373.0
4163 12373.0
4164 12373.0
4165 12373.0
4166 12373.0
4167 12373.0
4168 12373.0
4169 12373.0
4170 12373.0
4171 12373.0
4172 12373.0
4173 12373.0
4174 12373.0
4175 12373.0
4176 12373.0
4177 12373.0
4178 12332.0
4179 12320.0
4180 12320.0
4181 12320.0
4182 12266.0
4183 12146.0
4184 12146.0
4185 12146.0
4186 12146.0
4187 12146.0
4188 12076.0
4189 12076.0
4190 12076.0
4191 12076.0
4192 12076.0
4193 12076.0
4194 12076.0
4195 12076.0
4196 12076.0
4197 12076.0
4198 12007.0
4199 12007.0
4200 12007.0
4201 12007.0
4202 12007.0
4203 12007.0
4204 12007.0
4205 12007.0
4206 12007.0
4207 12007.0
4208 12007.0
4209 12007.0
4210 12007.0
4211 12007.0
4212 12007.0
4213 12007.0
4214 12007.0
4215 12007.0
4216 12007.0
4217 12007.0
4218 12007.0
4219 12007.0
4220 12007.0
4221 12007.0
4222 12007.0
4223 12007.0
4224 12007.0
4225 12007.0
4226 12007.0
4227 12007.0
4228 12007.0
4229 12007.0
4230 12007.0
4231 12007.0
4232 11747.0
4233 11747.0
4234 11747.0
4235 11747.0
4236 11747.0
4237 11747.0
4238 11747.0
4239 11747.0
4240 11747.0
4241 11747.0
4242 11747.0
4243 11747.0
4244 11747.0
4245 11747.0
4246 11747.0
4247 11747.0
4248 11747.0
4249 11747.0
4250 11747.0
4251 11747.0
4252 11747.0
4253 11747.0
4254 11747.0
4255 11747.0
4256 11747.0
4257 11747.0
4258 11493.0
4259 11493.0
4260 11493.0
4261 11493.0
4262 11493.0
4263 11493.0
4264 11493.0
4265 11493.0
4266 11493.0
4267 11493.0
4268 11493.0
4269 11493.0
4270 11493.0
4271 11493.0
4272 11493.0
4273 11493.0
4274 11493.0
4275 11493.0
4276 11493.0
4277 11493.0
4278 11493.0
4279 11493.0
4280 11493.0
4281 11493.0
4282 11493.0
4283 11493.0
4284 11493.0
4285 11493.0
4286 11493.0
4287 11493.0
4288 11493.0
4289 11493.0
4290 11493.0
4291 11493.0
4292 11493.0
4293 11493.0
4294 11493.0
4295 11493.0
4296 11493.0
4297 11493.0
4298 11493.0
4299 11493.0
4300 11493.0
4301 11493.0
4302 11493.0
4303 11493.0
4304 11493.0
4305 11493.0
4306 11493.0
4307 11493.0
4308 11493.0
4309 11493.0
4310 11493.0
4311 11493.0
4312 11493.0
4313 11493.0
4314 11493.0
4315 11493.0
4316 11493.0
4317 11493.0
4318 11493.0
4319 11493.0
4320 11493.0
4321 11493.0
4322 11493.0
4323 11493.0
4324 11493.0
4325 11493.0
4326 11493.0
4327 11493.0
4328 11493.0
4329 11493.0
4330 11493.0
4331 11493.0
4332 11493.0
4333 11493.0
4334 11493.0
4335 11493.0
4336 11493.0
4337 11493.0
4338 11493.0
4339 11493.0
4340 11493.0
4341 11493.0
4342 11493.0
4343 11493.0
4344 11493.0
4345 11156.0
4346 11156.0
4347 11156.0
4348 11156.0
4349 11156.0
4350 11156.0
4351 11156.0
4352 11156.0
4353 11156.0
4354 11156.0
4355 11156.0
4356 11156.0
4357 11156.0
4358 11156.0
4359 11156.0
4360 11156.0
4361 11156.0
4362 11156.0
4363 11156.0
4364 11156.0
4365 11156.0
4366 11156.0
4367 11156.0
4368 11156.0
4369 11156.0
4370 11156.0
4371 11156.0
4372 11156.0
4373 11156.0
4374 11156.0
4375 11156.0
4376 11156.0
4377 11156.0
4378 11156.0
4379 11156.0
4380 11156.0
4381 11156.0
4382 11156.0
4383 11156.0
4384 11156.0
4385 11156.0
4386 11156.0
4387 11156.0
4388 11156.0
4389 11156.0
4390 11156.0
4391 11156.0
4392 11156.0
4393 11156.0
4394 11156.0
4395 11156.0
4396 11156.0
4397 11156.0
4398 11156.0
4399 11156.0
4400 11156.0
4401 11156.0
4402 11156.0
4403 11156.0
4404 11156.0
4405 11156.0
4406 11156.0
4407 11156.0
4408 11156.0
4409 11156.0
4410 11156.0
4411 11156.0
4412 11156.0
4413 11156.0
4414 11156.0
4415 11052.0
4416 11052.0
4417 11052.0
4418 11052.0
4419 11052.0
4420 11052.0
4421 10897.0
4422 10897.0
4423 10897.0
4424 10897.0
4425 10897.0
4426 10897.0
4427 10897.0
4428 10897.0
4429 10897.0
4430 10897.0
4431 10897.0
4432 10897.0
4433 10897.0
4434 10897.0
4435 10897.0
4436 10897.0
4437 10897.0
4438 10897.0
4439 10897.0
4440 10726.0
4441 10726.0
4442 10726.0
4443 10726.0
4444 10726.0
4445 10726.0
4446 10412.0
4447 10412.0
4448 10412.0
4449 10412.0
4450 10412.0
4451 10412.0
4452 10412.0
4453 10412.0
4454 10412.0
4455 10412.0
4456 10412.0
4457 10412.0
4458 10412.0
4459 10412.0
4460 10412.0
4461 10412.0
4462 10412.0
4463 10412.0
4464 10412.0
4465 10412.0
4466 10412.0
4467 10412.0
4468 10412.0
4469 10412.0
4470 10412.0
4471 10412.0
4472 10412.0
4473 10412.0
4474 10412.0
4475 10412.0
4476 10412.0
4477 10412.0
4478 10412.0
4479 10412.0
4480 10412.0
4481 10412.0
4482 10412.0
4483 10412.0
4484 10412.0
4485 10412.0
4486 10412.0
4487 10412.0
4488 10412.0
4489 10412.0
4490 10412.0
4491 10412.0
4492 10412.0
4493 10412.0
4494 10412.0
4495 10412.0
4496 10412.0
4497 10412.0
4498 10412.0
4499 10407.0
4500 10407.0
4501 10407.0
4502 10407.0
4503 10407.0
4504 10407.0
4505 10407.0
4506 10407.0
4507 10407.0
4508 10407.0
4509 10407.0
4510 10407.0
4511 10407.0
4512 10407.0
4513 10407.0
4514 10407.0
4515 10407.0
4516 10310.0
4517 10222.0
4518 10222.0
4519 10222.0
4520 10222.0
4521 10222.0
4522 10222.0
4523 10222.0
4524 10222.0
4525 10222.0
4526 10222.0
4527 10222.0
4528 10222.0
4529 10222.0
4530 10222.0
4531 10222.0
4532 10222.0
4533 10222.0
4534 10222.0
4535 10222.0
4536 10222.0
4537 10222.0
4538 10222.0
4539 10222.0
4540 10222.0
4541 10222.0
4542 10222.0
4543 10222.0
4544 10222.0
4545 10222.0
4546 10222.0
4547 10222.0
4548 10222.0
4549 10222.0
4550 10222.0
4551 10222.0
4552 10222.0
4553 10222.0
4554 10222.0
4555 10222.0
4556 10222.0
4557 10222.0
4558 10222.0
4559 10222.0
4560 10222.0
4561 10222.0
4562 10222.0
4563 10222.0
4564 10222.0
4565 10222.0
4566 10222.0
4567 10222.0
4568 10222.0
4569 10222.0
4570 10222.0
4571 10222.0
4572 10222.0
4573 10222.0
4574 10222.0
4575 10222.0
4576 10222.0
4577 10222.0
4578 10222.0
4579 10222.0
4580 10222.0
4581 10222.0
4582 10222.0
4583 10222.0
4584 10222.0
4585 10222.0
4586 10222.0
4587 10222.0
4588 10222.0
4589 10222.0
4590 10222.0
4591 10222.0
4592 10222.0
4593 10222.0
4594 10222.0
4595 10222.0
4596 10222.0
4597 10222.0
4598 10222.0
4599 10222.0
4600 10222.0
4601 10222.0
4602 10222.0
4603 10222.0
4604 10222.0
4605 10222.0
4606 10222.0
4607 10222.0
4608 10222.0
4609 10222.0
4610 10222.0
4611 10222.0
4612 10222.0
4613 10222.0
4614 10222.0
4615 10222.0
4616 10222.0
4617 10222.0
4618 10222.0
4619 10222.0
4620 10222.0
4621 10222.0
4622 10222.0
4623 10222.0
4624 10222.0
4625 10222.0
4626 10222.0
4627 10222.0
4628 10222.0
4629 10222.0
4630 10222.0
4631 10222.0
4632 10222.0
4633 10222.0
4634 10174.0
4635 10174.0
4636 10174.0
4637 10174.0
4638 10174.0
4639 10174.0
4640 10174.0
4641 10174.0
4642 10174.0
4643 10174.0
4644 10174.0
4645 10174.0
4646 10174.0
4647 10174.0
4648 10174.0
4649 10174.0
4650 10174.0
4651 10174.0
4652 10174.0
4653 10174.0
4654 9936.0
4655 9936.0
4656 9936.0
4657 9936.0
4658 9936.0
4659 9936.0
4660 9936.0
4661 9936.0
4662 9936.0
4663 9936.0
4664 9936.0
4665 9936.0
4666 9936.0
4667 9936.0
4668 9936.0
4669 9936.0
4670 9936.0
4671 9936.0
4672 9936.0
4673 9936.0
4674 9936.0
4675 9936.0
4676 9936.0
4677 9936.0
4678 9936.0
4679 9936.0
4680 9936.0
4681 9936.0
4682 9936.0
4683 9936.0
4684 9936.0
4685 9936.0
4686 9936.0
4687 9936.0
4688 9936.0
4689 9936.0
4690 9936.0
4691 9936.0
4692 9936.0
4693 9936.0
4694 9936.0
4695 9936.0
4696 9936.0
4697 9936.0
4698 9936.0
4699 9936.0
4700 9936.0
4701 9936.0
4702 9936.0
4703 9936.0
4704 9936.0
4705 9936.0
4706 9936.0
4707 9936.0
4708 9936.0
4709 9936.0
4710 9936.0
4711 9936.0
4712 9936.0
4713 9936.0
4714 9936.0
4715 9936.0
4716 9936.0
4717 9936.0
4718 9936.0
4719 9936.0
4720 9936.0
4721 9936.0
4722 9936.0
4723 9936.0
4724 9936.0
4725 9936.0
4726 9936.0
4727 9936.0
4728 9936.0
4729 9936.0
4730 9936.0
4731 9936.0
4732 9936.0
4733 9936.0
4734 9936.0
4735 9936.0
4736 9936.0
4737 9936.0
4738 9936.0
4739 9936.0
4740 9936.0
4741 9936.0
4742 9936.0
4743 9936.0
4744 9936.0
4745 9936.0
4746 9936.0
4747 9936.0
4748 9936.0
4749 9936.0
4750 9936.0
4751 9936.0
4752 9936.0
4753 9936.0
4754 9936.0
4755 9936.0
4756 9936.0
4757 9936.0
4758 9936.0
4759 9936.0
4760 9936.0
4761 9936.0
4762 9936.0
4763 9936.0
4764 9936.0
4765 9936.0
4766 9936.0
4767 9936.0
4768 9936.0
4769 9936.0
4770 9936.0
4771 9936.0
4772 9936.0
4773 9936.0
4774 9936.0
4775 9936.0
4776 9936.0
4777 9936.0
4778 9936.0
4779 9936.0
4780 9936.0
4781 9936.0
4782 9936.0
4783 9936.0
4784 9936.0
4785 9936.0
4786 9936.0
4787 9936.0
4788 9936.0
4789 9936.0
4790 9936.0
4791 9936.0
4792 9936.0
4793 9936.0
4794 9936.0
4795 9936.0
4796 9936.0
4797 9936.0
4798 9936.0
4799 9936.0
4800 9936.0
4801 9936.0
4802 9936.0
4803 9936.0
4804 9936.0
4805 9936.0
4806 9936.0
4807 9936.0
4808 9936.0
4809 9936.0
4810 9936.0
4811 9936.0
4812 9936.0
4813 9936.0
4814 9936.0
4815 9936.0
4816 9936.0
4817 9876.0
4818 9852.0
4819 9834.0
4820 9471.0
4821 9471.0
4822 9471.0
4823 9471.0
4824 9471.0
4825 9471.0
4826 9471.0
4827 9471.0
4828 9471.0
4829 9471.0
4830 9471.0
4831 9471.0
4832 9471.0
4833 9471.0
4834 9471.0
4835 9471.0
4836 9471.0
4837 9471.0
4838 9471.0
4839 9471.0
4840 9471.0
4841 9471.0
4842 9471.0
4843 9471.0
4844 9471.0
4845 9471.0
4846 9367.0
4847 9367.0
4848 9367.0
4849 9367.0
4850 9367.0
4851 9367.0
4852 9367.0
4853 9367.0
4854 9367.0
4855 9367.0
4856 9367.0
4857 9367.0
4858 9367.0
4859 9367.0
4860 9367.0
4861 9367.0
4862 9367.0
4863 9367.0
4864 9367.0
4865 9367.0
4866 9367.0
4867 9367.0
4868 9367.0
4869 9367.0
4870 9367.0
4871 9367.0
4872 9367.0
4873 9367.0
4874 9311.0
4875 9311.0
4876 9311.0
4877 9309.0
4878 9309.0
4879 9309.0
4880 9309.0
4881 9309.0
4882 9309.0
4883 9309.0
4884 9309.0
4885 9309.0
4886 9309.0
4887 9309.0
4888 9309.0
4889 9309.0
4890 9309.0
4891 9309.0
4892 9309.0
4893 9309.0
4894 9309.0
4895 9298.0
4896 9298.0
4897 9298.0
4898 9298.0
4899 9298.0
4900 9298.0
4901 9298.0
4902 9298.0
4903 9298.0
4904 9298.0
4905 9298.0
4906 9298.0
4907 9298.0
4908 9298.0
4909 9298.0
4910 9298.0
4911 9298.0
4912 9298.0
4913 9298.0
4914 9256.0
4915 9256.0
4916 9256.0
4917 9256.0
4918 9256.0
4919 9256.0
4920 9256.0
4921 9256.0
4922 9256.0
4923 9256.0
4924 9256.0
4925 9256.0
4926 9256.0
4927 9256.0
4928 9256.0
4929 9256.0
4930 9256.0
4931 9256.0
4932 9256.0
4933 9256.0
4934 9256.0
4935 9256.0
4936 9256.0
4937 9256.0
4938 9256.0
4939 9256.0
4940 9256.0
4941 9256.0
4942 9256.0
4943 9256.0
4944 9256.0
4945 9256.0
4946 9256.0
4947 9256.0
4948 9256.0
4949 9256.0
4950 9256.0
4951 9256.0
4952 9256.0
4953 9256.0
4954 9256.0
4955 9256.0
4956 9256.0
4957 9256.0
4958 9256.0
4959 9256.0
4960 9256.0
4961 9256.0
4962 9256.0
4963 9256.0
4964 9256.0
4965 9256.0
4966 9256.0
4967 9256.0
4968 9256.0
4969 9256.0
4970 9256.0
4971 9256.0
4972 9256.0
4973 9256.0
4974 8890.0
4975 8890.0
4976 8890.0
4977 8890.0
4978 8890.0
4979 8890.0
4980 8890.0
4981 8890.0
4982 8890.0
4983 8890.0
4984 8890.0
4985 8890.0
4986 8723.0
4987 8723.0
4988 8723.0
4989 8723.0
4990 8723.0
4991 8723.0
4992 8723.0
4993 8723.0
4994 8723.0
4995 8723.0
4996 8723.0
4997 8723.0
4998 8723.0
4999 8723.0
