0 27431.0
1 26968.0
2 26944.0
3 26717.0
4 26708.0
5 26487.0
6 26487.0
7 26487.0
8 26267.0
9 26051.0
10 25837.0
11 25837.0
12 24520.0
13 24520.0
14 24317.0
15 23045.0
16 23045.0
17 23045.0
18 23045.0
19 23045.0
20 23045.0
21 22832.0
22 22832.0
23 22832.0
24 11420.0
25 11420.0
26 11420.0
27 7938.0
28 7838.0
29 5884.0
30 5884.0
31 5884.0
32 5878.0
33 5842.0
34 5743.0
35 5709.0
36 5422.0
37 5332.0
38 5332.0
39 5332.0
40 5332.0
41 5304.0
42 5244.0
43 5186.0
44 5186.0
45 5186.0
46 5186.0
47 5186.0
48 5186.0
49 5186.0
50 5130.0
51 5076.0
52 4340.0
53 4340.0
54 4340.0
55 4259.0
56 3686.0
57 3686.0
58 3686.0
59 3647.0
60 3647.0
61 3614.0
62 3376.0
63 3373.0
64 3359.0
65 3359.0
66 3293.0
67 2576.0
68 2569.0
69 2569.0
70 2569.0
71 2569.0
72 2542.0
73 2542.0
74 2542.0
75 2542.0
76 2483.0
77 2483.0
78 2483.0
79 2483.0
80 2483.0
81 2483.0
82 2429.0
83 2429.0
84 2429.0
85 2429.0
86 2429.0
87 2429.0
88 2429.0
89 2429.0
90 2429.0
91 2429.0
92 2429.0
103 2296.0
104 2296.0
105 2296.0
106 2296.0
107 2296.0
108 2296.0
109 2175.0
110 2175.0
111 2175.0
112 2175.0
113 2175.0
114 2175.0
115 2175.0
116 2175.0
117 2175.0
118 2175.0
119 2175.0
130 2175.0
131 2175.0
132 2175.0
133 2175.0
134 2175.0
135 2175.0
136 2175.0
137 2175.0
138 2175.0
139 2175.0
150 2053.0
151 2048.0
152 1992.0
153 1936.0
154 1936.0
155 1930.0
156 1927.0
157 1927.0
158 1927.0
159 1927.0
160 1927.0
161 1922.0
162 1922.0
163 1873.0
164 1826.0
165 1826.0
166 1826.0
167 1826.0
168 1826.0
169 1783.0
170 1783.0
171 1783.0
172 1630.0
173 1630.0
174 1621.0
175 1621.0
176 1621.0
177 1581.0
178 1581.0
179 1581.0
180 1581.0
181 1581.0
182 1581.0
183 1581.0
184 1581.0
185 1581.0
186 1581.0
187 1581.0
198 1581.0
199 1581.0
200 1581.0
201 1581.0
202 1581.0
203 1581.0
204 1581.0
205 1581.0
206 1581.0
207 1581.0
218 1581.0
219 1581.0
220 1581.0
221 1581.0
222 1581.0
223 1581.0
224 1581.0
225 1581.0
226 1581.0
227 1581.0
238 1581.0
239 1581.0
240 1266.0
241 1225.0
242 1225.0
243 1225.0
244 1225.0
245 1225.0
246 1225.0
247 1225.0
248 1225.0
249 1225.0
250 1225.0
251 1180.0
252 1180.0
253 1180.0
254 1180.0
255 1180.0
256 1180.0
257 1180.0
258 1180.0
259 1180.0
260 1180.0
261 1180.0
272 1194.0
273 1180.0
274 1180.0
275 1180.0
276 1180.0
277 1180.0
278 1180.0
279 1180.0
280 1180.0
281 1180.0
282 1180.0
283 1180.0
294 1180.0
295 1180.0
296 1180.0
297 1180.0
298 1180.0
299 1178.0
300 1178.0
301 1178.0
302 1178.0
303 1178.0
304 1178.0
305 1178.0
306 1178.0
307 1178.0
308 1178.0
309 1178.0
320 1136.0
321 1123.0
322 1123.0
323 1081.0
324 1040.0
325 1040.0
326 1040.0
327 1040.0
328 1040.0
329 1040.0
330 1040.0
331 1040.0
332 1040.0
333 1040.0
334 1040.0
345 1074.0
346 887.0
347 887.0
348 884.0
349 546.0
350 544.0
351 544.0
352 541.0
353 541.0
354 528.0
355 528.0
356 527.0
357 526.0
358 501.0
359 501.0
360 501.0
361 496.0
362 496.0
363 496.0
364 496.0
365 494.0
366 494.0
367 494.0
368 494.0
369 494.0
370 494.0
371 494.0
372 494.0
373 484.0
374 484.0
375 484.0
376 484.0
377 482.0
378 477.0
379 474.0
380 474.0
381 474.0
382 474.0
383 472.0
384 451.0
385 451.0
386 451.0
387 450.0
388 450.0
389 450.0
390 450.0
391 450.0
392 448.0
393 448.0
394 448.0
395 448.0
396 448.0
397 448.0
398 448.0
399 448.0
400 448.0
401 448.0
402 448.0
413 408.0
414 408.0
415 408.0
416 408.0
417 408.0
418 408.0
419 408.0
420 408.0
421 408.0
422 408.0
423 407.0
424 407.0
425 407.0
426 393.0
427 393.0
428 393.0
429 393.0
430 393.0
431 393.0
432 393.0
433 393.0
434 393.0
435 393.0
436 393.0
447 361.0
448 357.0
449 357.0
450 357.0
451 357.0
452 357.0
453 357.0
454 357.0
455 357.0
456 357.0
457 357.0
458 357.0
469 357.0
470 357.0
471 357.0
472 357.0
473 357.0
474 357.0
475 357.0
476 357.0
477 357.0
478 357.0
489 357.0
490 357.0
491 357.0
492 357.0
493 357.0
494 357.0
495 357.0
496 357.0
497 357.0
498 357.0
509 213.0
510 212.0
511 207.0
512 207.0
513 206.0
514 206.0
515 206.0
516 206.0
517 206.0
518 199.0
519 199.0
520 199.0
521 199.0
522 199.0
523 199.0
524 194.0
525 194.0
526 194.0
527 194.0
528 194.0
529 193.0
530 192.0
531 192.0
532 192.0
533 177.0
534 177.0
535 176.0
536 176.0
537 173.0
538 172.0
539 172.0
540 172.0
541 172.0
542 172.0
543 172.0
544 167.0
545 167.0
546 164.0
547 164.0
548 164.0
549 164.0
550 164.0
551 159.0
552 159.0
553 159.0
554 159.0
555 155.0
556 155.0
557 155.0
558 155.0
559 155.0
560 155.0
561 150.0
562 150.0
563 150.0
564 150.0
565 144.0
566 142.0
567 142.0
568 142.0
569 142.0
570 142.0
571 139.0
572 139.0
573 139.0
574 139.0
575 139.0
576 139.0
577 139.0
578 139.0
579 138.0
580 138.0
581 138.0
582 137.0
583 137.0
584 136.0
585 136.0
586 136.0
587 136.0
588 136.0
589 136.0
590 136.0
591 136.0
592 136.0
593 136.0
594 133.0
595 133.0
596 133.0
597 133.0
598 133.0
599 133.0
600 133.0
601 133.0
602 133.0
603 133.0
604 133.0
615 135.0
616 135.0
617 135.0
618 135.0
619 135.0
620 135.0
621 135.0
622 135.0
623 135.0
624 135.0
635 135.0
636 135.0
637 135.0
638 133.0
639 133.0
640 133.0
641 133.0
642 133.0
643 133.0
644 133.0
645 133.0
646 133.0
647 133.0
648 121.0
649 121.0
650 121.0
651 120.0
652 120.0
653 120.0
654 120.0
655 119.0
656 119.0
657 119.0
658 119.0
659 119.0
660 119.0
661 119.0
662 119.0
663 119.0
664 119.0
665 119.0
676 105.0
677 105.0
678 105.0
679 105.0
680 104.0
681 97.0
682 97.0
683 96.0
684 96.0
685 96.0
686 96.0
687 96.0
688 96.0
689 94.0
690 93.0
691 93.0
692 93.0
693 93.0
694 93.0
695 93.0
696 93.0
697 93.0
698 93.0
699 88.0
700 88.0
701 88.0
702 88.0
703 88.0
704 88.0
705 88.0
706 88.0
707 88.0
708 88.0
709 88.0
720 90.0
721 90.0
722 89.0
723 89.0
724 89.0
725 89.0
726 89.0
727 89.0
728 89.0
729 89.0
730 89.0
731 89.0
732 89.0
743 88.0
744 88.0
745 88.0
746 88.0
747 88.0
748 88.0
749 88.0
750 88.0
751 88.0
752 88.0
763 87.0
764 87.0
765 87.0
766 87.0
767 87.0
768 87.0
769 87.0
770 87.0
771 87.0
772 87.0
783 89.0
784 89.0
785 89.0
786 89.0
787 89.0
788 89.0
789 89.0
790 89.0
791 89.0
792 89.0
803 88.0
804 88.0
805 88.0
806 88.0
807 88.0
808 88.0
809 88.0
810 88.0
811 88.0
812 88.0
823 87.0
824 87.0
825 87.0
826 87.0
827 85.0
828 85.0
829 85.0
830 85.0
831 85.0
832 84.0
833 84.0
834 84.0
835 84.0
836 84.0
837 84.0
838 83.0
839 82.0
840 82.0
841 82.0
842 82.0
843 82.0
844 82.0
845 82.0
846 81.0
847 81.0
848 81.0
849 81.0
850 81.0
851 80.0
852 79.0
853 79.0
854 79.0
855 79.0
856 79.0
857 79.0
858 79.0
859 79.0
860 79.0
861 79.0
862 79.0
873 81.0
874 81.0
875 81.0
876 81.0
877 81.0
878 81.0
879 81.0
880 81.0
881 81.0
882 81.0
893 79.0
894 79.0
895 79.0
896 78.0
897 78.0
898 78.0
899 78.0
900 77.0
901 77.0
902 77.0
903 77.0
904 77.0
905 77.0
906 77.0
907 77.0
908 77.0
909 77.0
910 73.0
911 73.0
912 73.0
913 73.0
914 71.0
915 71.0
916 66.0
917 66.0
918 65.0
919 65.0
920 65.0
921 65.0
922 65.0
923 65.0
924 65.0
925 65.0
926 65.0
927 65.0
928 65.0
939 63.0
940 63.0
941 63.0
942 63.0
943 63.0
944 63.0
945 63.0
946 63.0
947 63.0
948 63.0
959 59.0
960 59.0
961 59.0
962 59.0
963 59.0
964 59.0
965 59.0
966 59.0
967 59.0
968 59.0
979 54.0
980 54.0
981 54.0
982 54.0
983 54.0
984 53.0
985 53.0
986 53.0
987 53.0
988 53.0
989 53.0
990 53.0
991 53.0
992 53.0
993 53.0
994 53.0
1005 55.0
1006 55.0
1007 55.0
1008 55.0
1009 55.0
1010 55.0
1011 55.0
1012 55.0
1013 55.0
1014 55.0
1025 55.0
1026 55.0
1027 55.0
1028 55.0
1029 55.0
1030 55.0
1031 55.0
1032 55.0
1033 55.0
1034 55.0
1045 55.0
1046 55.0
1047 55.0
1048 55.0
1049 53.0
1050 53.0
1051 53.0
1052 53.0
1053 53.0
1054 53.0
1055 53.0
1056 53.0
1057 53.0
1058 53.0
1059 53.0
1070 53.0
1071 53.0
1072 53.0
1073 53.0
1074 53.0
1075 53.0
1076 53.0
1077 53.0
1078 53.0
1079 53.0
1090 55.0
1091 55.0
1092 55.0
1093 55.0
1094 55.0
1095 54.0
1096 54.0
1097 54.0
1098 54.0
1099 54.0
1100 54.0
1101 54.0
1102 54.0
1103 54.0
1104 54.0
1105 54.0
1116 53.0
1117 53.0
1118 53.0
1119 53.0
1120 53.0
1121 53.0
1122 53.0
1123 53.0
1124 53.0
1125 53.0
1136 54.0
1137 54.0
1138 54.0
1139 54.0
1140 54.0
1141 54.0
1142 54.0
1143 54.0
1144 54.0
1145 54.0
1156 53.0
1157 53.0
1158 50.0
1159 49.0
1160 49.0
1161 49.0
1162 49.0
1163 49.0
1164 49.0
1165 49.0
1166 49.0
1167 49.0
1168 49.0
1169 49.0
1180 50.0
1181 50.0
1182 50.0
1183 50.0
1184 50.0
1185 50.0
1186 50.0
1187 50.0
1188 50.0
1189 50.0
1200 50.0
1201 50.0
1202 50.0
1203 50.0
1204 50.0
1205 50.0
1206 50.0
1207 50.0
1208 50.0
1209 50.0
1220 50.0
1221 50.0
1222 50.0
1223 50.0
1224 50.0
1225 50.0
1226 50.0
1227 50.0
1228 50.0
1229 48.0
1230 48.0
1231 48.0
1232 48.0
1233 48.0
1234 48.0
1235 48.0
1236 48.0
1237 48.0
1238 48.0
1239 48.0
1250 48.0
1251 48.0
1252 48.0
1253 48.0
1254 48.0
1255 48.0
1256 48.0
1257 48.0
1258 48.0
1259 48.0
1270 50.0
1271 50.0
1272 50.0
1273 50.0
1274 50.0
1275 50.0
1276 50.0
1277 50.0
1278 50.0
1279 50.0
1290 50.0
1291 50.0
1292 50.0
1293 50.0
1294 50.0
1295 50.0
1296 50.0
1297 50.0
1298 50.0
1299 48.0
1300 48.0
1301 48.0
1302 48.0
1303 48.0
1304 48.0
1305 48.0
1306 48.0
1307 48.0
1308 48.0
1309 48.0
1320 50.0
1321 50.0
1322 50.0
1323 50.0
1324 50.0
1325 50.0
1326 50.0
1327 48.0
1328 48.0
1329 48.0
1330 48.0
1331 48.0
1332 48.0
1333 48.0
1334 48.0
1335 48.0
1336 48.0
1337 48.0
1348 50.0
1349 50.0
1350 50.0
1351 50.0
1352 50.0
1353 50.0
1354 50.0
1355 50.0
1356 50.0
1357 50.0
1368 49.0
1369 49.0
1370 49.0
1371 49.0
1372 49.0
1373 49.0
1374 49.0
1375 49.0
1376 49.0
1377 49.0
1388 51.0
1389 51.0
1390 51.0
1391 51.0
1392 51.0
1393 51.0
1394 51.0
1395 51.0
1396 51.0
1397 51.0
1408 51.0
1409 51.0
1410 51.0
1411 51.0
1412 51.0
1413 51.0
1414 51.0
1415 51.0
1416 51.0
1417 51.0
1428 53.0
1429 53.0
1430 53.0
1431 53.0
1432 53.0
1433 53.0
1434 53.0
1435 53.0
1436 53.0
1437 53.0
1448 52.0
1449 52.0
1450 52.0
1451 52.0
1452 52.0
1453 52.0
1454 52.0
1455 52.0
1456 52.0
1457 52.0
1468 52.0
1469 52.0
1470 52.0
1471 52.0
1472 50.0
1473 49.0
1474 49.0
1475 49.0
1476 49.0
1477 49.0
1478 49.0
1479 49.0
1480 49.0
1481 49.0
1482 49.0
1483 49.0
1494 50.0
1495 50.0
1496 50.0
1497 50.0
1498 50.0
1499 50.0
1500 50.0
1501 50.0
1502 50.0
1503 48.0
1504 48.0
1505 48.0
1506 48.0
1507 48.0
1508 48.0
1509 48.0
1510 48.0
1511 48.0
1512 48.0
1513 48.0
1524 48.0
1525 48.0
1526 48.0
1527 48.0
1528 48.0
1529 48.0
1530 48.0
1531 48.0
1532 48.0
1533 48.0
1544 50.0
1545 50.0
1546 50.0
1547 50.0
1548 48.0
1549 48.0
1550 48.0
1551 48.0
1552 48.0
1553 48.0
1554 48.0
1555 48.0
1556 48.0
1557 48.0
1558 48.0
1569 49.0
1570 49.0
1571 49.0
1572 49.0
1573 49.0
1574 49.0
1575 49.0
1576 49.0
1577 49.0
1578 49.0
1589 50.0
1590 50.0
1591 50.0
1592 50.0
1593 50.0
1594 50.0
1595 49.0
1596 49.0
1597 49.0
1598 49.0
1599 49.0
1600 49.0
1601 49.0
1602 49.0
1603 49.0
1604 49.0
1605 49.0
1616 50.0
1617 50.0
1618 50.0
1619 50.0
1620 50.0
1621 50.0
1622 50.0
1623 50.0
1624 50.0
1625 50.0
1636 51.0
1637 51.0
1638 51.0
1639 51.0
1640 51.0
1641 51.0
1642 51.0
1643 51.0
1644 51.0
1645 51.0
1656 50.0
1657 50.0
1658 50.0
1659 50.0
1660 50.0
1661 50.0
1662 50.0
1663 50.0
1664 50.0
1665 50.0
1676 50.0
1677 50.0
1678 50.0
1679 50.0
1680 50.0
1681 50.0
1682 50.0
1683 50.0
1684 50.0
1685 50.0
1696 51.0
1697 51.0
1698 51.0
1699 51.0
1700 51.0
1701 51.0
1702 51.0
1703 51.0
1704 51.0
1705 51.0
1716 50.0
1717 50.0
1718 50.0
1719 50.0
1720 50.0
1721 50.0
1722 50.0
1723 50.0
1724 50.0
1725 50.0
1736 51.0
1737 51.0
1738 51.0
1739 51.0
1740 51.0
1741 51.0
1742 51.0
1743 51.0
1744 51.0
1745 51.0
1756 49.0
1757 49.0
1758 49.0
1759 49.0
1760 49.0
1761 49.0
1762 49.0
1763 49.0
1764 49.0
1765 49.0
1776 48.0
1777 48.0
1778 48.0
1779 48.0
1780 48.0
1781 48.0
1782 48.0
1783 48.0
1784 48.0
1785 48.0
1796 46.0
1797 46.0
1798 46.0
1799 46.0
1800 46.0
1801 46.0
1802 46.0
1803 46.0
1804 46.0
1805 46.0
1816 46.0
1817 46.0
1818 46.0
1819 46.0
1820 46.0
1821 46.0
1822 46.0
1823 46.0
1824 46.0
1825 46.0
1836 45.0
1837 45.0
1838 45.0
1839 45.0
1840 45.0
1841 45.0
1842 45.0
1843 45.0
1844 45.0
1845 45.0
1856 45.0
1857 45.0
1858 45.0
1859 45.0
1860 45.0
1861 45.0
1862 45.0
1863 45.0
1864 45.0
1865 45.0
1876 47.0
1877 46.0
1878 46.0
1879 46.0
1880 46.0
1881 46.0
1882 46.0
1883 46.0
1884 46.0
1885 46.0
1886 46.0
1887 46.0
1898 47.0
1899 47.0
1900 47.0
1901 47.0
1902 47.0
1903 47.0
1904 47.0
1905 47.0
1906 47.0
1907 47.0
1918 47.0
1919 45.0
1920 45.0
1921 45.0
1922 45.0
1923 45.0
1924 45.0
1925 45.0
1926 45.0
1927 45.0
1928 45.0
1929 45.0
1940 45.0
1941 45.0
1942 45.0
1943 45.0
1944 45.0
1945 45.0
1946 45.0
1947 45.0
1948 45.0
1949 45.0
1960 46.0
1961 46.0
1962 46.0
1963 46.0
1964 46.0
1965 46.0
1966 46.0
1967 46.0
1968 46.0
1969 46.0
1980 47.0
1981 47.0
1982 47.0
1983 47.0
1984 47.0
1985 47.0
1986 47.0
1987 47.0
1988 47.0
1989 47.0
2000 47.0
2001 47.0
2002 47.0
2003 47.0
2004 47.0
2005 47.0
2006 47.0
2007 47.0
2008 47.0
2009 47.0
2020 47.0
2021 47.0
2022 47.0
2023 47.0
2024 47.0
2025 47.0
2026 47.0
2027 47.0
2028 47.0
2029 47.0
2040 47.0
2041 47.0
2042 47.0
2043 47.0
2044 47.0
2045 47.0
2046 47.0
2047 47.0
2048 45.0
2049 45.0
2050 45.0
2051 45.0
2052 45.0
2053 45.0
2054 45.0
2055 45.0
2056 45.0
2057 45.0
2058 45.0
2069 47.0
2070 47.0
2071 47.0
2072 47.0
2073 47.0
2074 47.0
2075 45.0
2076 45.0
2077 45.0
2078 45.0
2079 45.0
2080 45.0
2081 45.0
2082 45.0
2083 45.0
2084 45.0
2085 45.0
2096 46.0
2097 46.0
2098 46.0
2099 46.0
2100 46.0
2101 46.0
2102 46.0
2103 46.0
2104 46.0
2105 46.0
2116 47.0
2117 47.0
2118 47.0
2119 47.0
2120 47.0
2121 47.0
2122 47.0
2123 47.0
2124 47.0
2125 47.0
2136 47.0
2137 47.0
2138 47.0
2139 47.0
2140 47.0
2141 47.0
2142 47.0
2143 47.0
2144 47.0
2145 47.0
2156 47.0
2157 47.0
2158 47.0
2159 47.0
2160 47.0
2161 47.0
2162 47.0
2163 47.0
2164 47.0
2165 47.0
2176 47.0
2177 47.0
2178 47.0
2179 47.0
2180 47.0
2181 47.0
2182 47.0
2183 47.0
2184 47.0
2185 47.0
2196 48.0
2197 48.0
2198 47.0
2199 47.0
2200 47.0
2201 47.0
2202 47.0
2203 47.0
2204 47.0
2205 47.0
2206 47.0
2207 47.0
2208 47.0
2219 47.0
2220 47.0
2221 47.0
2222 47.0
2223 47.0
2224 47.0
2225 47.0
2226 47.0
2227 47.0
2228 47.0
2239 47.0
2240 47.0
2241 47.0
2242 47.0
2243 47.0
2244 47.0
2245 47.0
2246 47.0
2247 47.0
2248 47.0
2259 46.0
2260 46.0
2261 46.0
2262 46.0
2263 46.0
2264 46.0
2265 46.0
2266 46.0
2267 46.0
2268 46.0
2279 47.0
2280 47.0
2281 47.0
2282 47.0
2283 47.0
2284 47.0
2285 47.0
2286 47.0
2287 47.0
2288 47.0
2299 47.0
2300 47.0
2301 47.0
2302 47.0
2303 47.0
2304 47.0
2305 47.0
2306 47.0
2307 47.0
2308 47.0
2319 47.0
2320 47.0
2321 47.0
2322 47.0
2323 47.0
2324 47.0
2325 47.0
2326 47.0
2327 47.0
2328 47.0
2339 47.0
2340 47.0
2341 47.0
2342 46.0
2343 46.0
2344 46.0
2345 46.0
2346 46.0
2347 46.0
2348 46.0
2349 46.0
2350 46.0
2351 46.0
2352 46.0
2363 47.0
2364 45.0
2365 45.0
2366 45.0
2367 45.0
2368 45.0
2369 45.0
2370 45.0
2371 45.0
2372 45.0
2373 45.0
2374 45.0
2385 48.0
2386 48.0
2387 48.0
2388 48.0
2389 48.0
2390 48.0
2391 48.0
2392 48.0
2393 48.0
2394 48.0
2405 48.0
2406 48.0
2407 48.0
2408 48.0
2409 48.0
2410 48.0
2411 48.0
2412 48.0
2413 48.0
2414 47.0
2415 47.0
2416 47.0
2417 47.0
2418 47.0
2419 47.0
2420 47.0
2421 47.0
2422 47.0
2423 47.0
2424 47.0
2435 48.0
2436 48.0
2437 48.0
2438 48.0
2439 48.0
2440 48.0
2441 48.0
2442 48.0
2443 48.0
2444 48.0
2455 47.0
2456 47.0
2457 47.0
2458 47.0
2459 47.0
2460 47.0
2461 47.0
2462 47.0
2463 47.0
2464 47.0
2475 48.0
2476 47.0
2477 47.0
2478 47.0
2479 47.0
2480 47.0
2481 47.0
2482 47.0
2483 47.0
2484 47.0
2485 47.0
2486 47.0
2497 48.0
2498 48.0
2499 48.0
2500 46.0
2501 46.0
2502 46.0
2503 46.0
2504 46.0
2505 46.0
2506 46.0
2507 46.0
2508 46.0
2509 46.0
2510 46.0
2521 47.0
2522 47.0
2523 47.0
2524 47.0
2525 47.0
2526 47.0
2527 47.0
2528 47.0
2529 47.0
2530 47.0
2541 46.0
2542 46.0
2543 46.0
2544 46.0
2545 46.0
2546 46.0
2547 46.0
2548 46.0
2549 46.0
2550 46.0
2561 46.0
2562 46.0
2563 46.0
2564 45.0
2565 45.0
2566 45.0
2567 45.0
2568 45.0
2569 45.0
2570 45.0
2571 45.0
2572 45.0
2573 45.0
2574 45.0
2585 46.0
2586 46.0
2587 46.0
2588 46.0
2589 46.0
2590 46.0
2591 46.0
2592 46.0
2593 46.0
2594 46.0
2605 47.0
2606 47.0
2607 47.0
2608 47.0
2609 47.0
2610 47.0
2611 47.0
2612 47.0
2613 47.0
2614 47.0
2625 45.0
2626 45.0
2627 45.0
2628 45.0
2629 45.0
2630 45.0
2631 45.0
2632 45.0
2633 45.0
2634 45.0
2645 47.0
2646 47.0
2647 47.0
2648 47.0
2649 47.0
2650 47.0
2651 47.0
2652 47.0
2653 45.0
2654 45.0
2655 45.0
2656 45.0
2657 45.0
2658 45.0
2659 45.0
2660 45.0
2661 45.0
2662 45.0
2663 45.0
2674 48.0
2675 48.0
2676 48.0
2677 48.0
2678 48.0
2679 48.0
2680 48.0
2681 48.0
2682 48.0
2683 48.0
2694 47.0
2695 47.0
2696 47.0
2697 47.0
2698 47.0
2699 47.0
2700 47.0
2701 47.0
2702 47.0
2703 47.0
2714 48.0
2715 48.0
2716 48.0
2717 48.0
2718 48.0
2719 46.0
2720 46.0
2721 46.0
2722 46.0
2723 46.0
2724 46.0
2725 46.0
2726 46.0
2727 46.0
2728 46.0
2729 46.0
2740 47.0
2741 45.0
2742 45.0
2743 45.0
2744 45.0
2745 45.0
2746 45.0
2747 45.0
2748 45.0
2749 45.0
2750 45.0
2751 45.0
2762 47.0
2763 47.0
2764 47.0
2765 47.0
2766 47.0
2767 46.0
2768 46.0
2769 46.0
2770 46.0
2771 46.0
2772 46.0
2773 46.0
2774 46.0
2775 46.0
2776 46.0
2777 46.0
2788 47.0
2789 47.0
2790 47.0
2791 47.0
2792 47.0
2793 47.0
2794 47.0
2795 47.0
2796 47.0
2797 47.0
2808 48.0
2809 47.0
2810 47.0
2811 47.0
2812 47.0
2813 47.0
2814 47.0
2815 47.0
2816 47.0
2817 47.0
2818 47.0
2819 47.0
2830 46.0
2831 46.0
2832 46.0
2833 46.0
2834 46.0
2835 46.0
2836 46.0
2837 46.0
2838 46.0
2839 46.0
2850 47.0
2851 47.0
2852 47.0
2853 47.0
2854 47.0
2855 47.0
2856 47.0
2857 47.0
2858 47.0
2859 47.0
2870 47.0
2871 45.0
2872 45.0
2873 45.0
2874 45.0
2875 45.0
2876 45.0
2877 45.0
2878 45.0
2879 45.0
2880 45.0
2881 45.0
2892 47.0
2893 47.0
2894 47.0
2895 47.0
2896 46.0
2897 46.0
2898 46.0
2899 46.0
2900 46.0
2901 46.0
2902 46.0
2903 46.0
2904 46.0
2905 46.0
2906 46.0
2917 47.0
2918 46.0
2919 46.0
2920 46.0
2921 46.0
2922 46.0
2923 46.0
2924 45.0
2925 45.0
2926 45.0
2927 45.0
2928 45.0
2929 45.0
2930 45.0
2931 45.0
2932 45.0
2933 45.0
2934 45.0
2945 47.0
2946 47.0
2947 47.0
2948 47.0
2949 47.0
2950 47.0
2951 47.0
2952 47.0
2953 46.0
2954 46.0
2955 46.0
2956 46.0
2957 46.0
2958 46.0
2959 46.0
2960 46.0
2961 46.0
2962 46.0
2963 46.0
2974 47.0
2975 47.0
2976 47.0
2977 47.0
2978 47.0
2979 47.0
2980 47.0
2981 47.0
2982 47.0
2983 47.0
2994 46.0
2995 46.0
2996 46.0
2997 46.0
2998 46.0
2999 46.0
3000 46.0
3001 46.0
3002 46.0
3003 46.0
3014 46.0
3015 46.0
3016 46.0
3017 46.0
3018 46.0
3019 46.0
3020 46.0
3021 46.0
3022 46.0
3023 46.0
3034 47.0
3035 47.0
3036 47.0
3037 47.0
3038 47.0
3039 47.0
3040 47.0
3041 47.0
3042 47.0
3043 47.0
3054 47.0
3055 47.0
3056 47.0
3057 47.0
3058 47.0
3059 47.0
3060 47.0
3061 47.0
3062 47.0
3063 46.0
3064 46.0
3065 46.0
3066 46.0
3067 46.0
3068 46.0
3069 46.0
3070 46.0
3071 46.0
3072 46.0
3073 46.0
3084 46.0
3085 46.0
3086 46.0
3087 46.0
3088 46.0
3089 46.0
3090 46.0
3091 46.0
3092 46.0
3093 46.0
3104 47.0
3105 47.0
3106 47.0
3107 47.0
3108 47.0
3109 47.0
3110 47.0
3111 47.0
3112 47.0
3113 47.0
3124 51.0
3125 51.0
3126 51.0
3127 51.0
3128 51.0
3129 51.0
3130 51.0
3131 51.0
3132 51.0
3133 51.0
3144 51.0
3145 51.0
3146 51.0
3147 51.0
3148 51.0
3149 51.0
3150 51.0
3151 51.0
3152 51.0
3153 51.0
3164 51.0
3165 51.0
3166 51.0
3167 51.0
3168 51.0
3169 51.0
3170 51.0
3171 51.0
3172 51.0
3173 51.0
3184 50.0
3185 50.0
3186 50.0
3187 50.0
3188 50.0
3189 50.0
3190 50.0
3191 50.0
3192 50.0
3193 50.0
3204 51.0
3205 51.0
3206 51.0
3207 51.0
3208 51.0
3209 51.0
3210 51.0
3211 51.0
3212 51.0
3213 51.0
3224 51.0
3225 51.0
3226 51.0
3227 51.0
3228 51.0
3229 51.0
3230 51.0
3231 50.0
3232 50.0
3233 50.0
3234 50.0
3235 50.0
3236 50.0
3237 50.0
3238 50.0
3239 50.0
3240 50.0
3241 50.0
3252 51.0
3253 51.0
3254 51.0
3255 51.0
3256 51.0
3257 51.0
3258 51.0
3259 51.0
3260 51.0
3261 51.0
3272 49.0
3273 49.0
3274 49.0
3275 49.0
3276 49.0
3277 49.0
3278 49.0
3279 49.0
3280 49.0
3281 49.0
3292 49.0
3293 49.0
3294 49.0
3295 49.0
3296 49.0
3297 49.0
3298 49.0
3299 49.0
3300 49.0
3301 49.0
3312 51.0
3313 51.0
3314 51.0
3315 51.0
3316 51.0
3317 51.0
3318 51.0
3319 51.0
3320 51.0
3321 51.0
3332 51.0
3333 51.0
3334 51.0
3335 51.0
3336 51.0
3337 51.0
3338 51.0
3339 51.0
3340 51.0
3341 51.0
3352 51.0
3353 51.0
3354 51.0
3355 51.0
3356 51.0
3357 51.0
3358 51.0
3359 51.0
3360 51.0
3361 51.0
3372 48.0
3373 48.0
3374 48.0
3375 48.0
3376 48.0
3377 48.0
3378 48.0
3379 48.0
3380 47.0
3381 47.0
3382 47.0
3383 47.0
3384 47.0
3385 47.0
3386 47.0
3387 47.0
3388 47.0
3389 47.0
3390 47.0
3401 49.0
3402 49.0
3403 49.0
3404 49.0
3405 49.0
3406 48.0
3407 48.0
3408 48.0
3409 48.0
3410 48.0
3411 48.0
3412 48.0
3413 48.0
3414 48.0
3415 48.0
3416 48.0
3427 47.0
3428 47.0
3429 47.0
3430 47.0
3431 47.0
3432 47.0
3433 47.0
3434 47.0
3435 47.0
3436 47.0
3447 51.0
3448 51.0
3449 51.0
3450 51.0
3451 51.0
3452 51.0
3453 50.0
3454 50.0
3455 50.0
3456 50.0
3457 50.0
3458 50.0
3459 50.0
3460 50.0
3461 50.0
3462 50.0
3463 50.0
3474 51.0
3475 51.0
3476 51.0
3477 51.0
3478 50.0
3479 50.0
3480 50.0
3481 50.0
3482 50.0
3483 50.0
3484 50.0
3485 50.0
3486 50.0
3487 50.0
3488 50.0
3499 51.0
3500 51.0
3501 51.0
3502 51.0
3503 51.0
3504 51.0
3505 51.0
3506 51.0
3507 51.0
3508 51.0
3519 52.0
3520 52.0
3521 52.0
3522 52.0
3523 52.0
3524 52.0
3525 52.0
3526 52.0
3527 52.0
3528 52.0
3539 51.0
3540 51.0
3541 51.0
3542 51.0
3543 51.0
3544 51.0
3545 51.0
3546 51.0
3547 51.0
3548 51.0
3559 52.0
3560 51.0
3561 51.0
3562 51.0
3563 51.0
3564 51.0
3565 51.0
3566 51.0
3567 51.0
3568 51.0
3569 51.0
3570 51.0
3581 52.0
3582 52.0
3583 51.0
3584 50.0
3585 50.0
3586 50.0
3587 50.0
3588 50.0
3589 50.0
3590 50.0
3591 50.0
3592 50.0
3593 50.0
3594 50.0
3605 52.0
3606 52.0
3607 52.0
3608 52.0
3609 52.0
3610 52.0
3611 52.0
3612 52.0
3613 52.0
3614 52.0
3625 52.0
3626 52.0
3627 52.0
3628 52.0
3629 52.0
3630 52.0
3631 52.0
3632 52.0
3633 52.0
3634 52.0
3645 50.0
3646 50.0
3647 50.0
3648 50.0
3649 50.0
3650 50.0
3651 50.0
3652 50.0
3653 50.0
3654 50.0
3665 47.0
3666 47.0
3667 47.0
3668 47.0
3669 47.0
3670 47.0
3671 47.0
3672 47.0
3673 47.0
3674 47.0
3675 47.0
3686 49.0
3687 49.0
3688 49.0
3689 49.0
3690 49.0
3691 48.0
3692 48.0
3693 48.0
3694 48.0
3695 48.0
3696 48.0
3697 48.0
3698 48.0
3699 48.0
3700 48.0
3701 48.0
3712 49.0
3713 49.0
3714 49.0
3715 49.0
3716 49.0
3717 49.0
3718 49.0
3719 49.0
3720 49.0
3721 49.0
3732 49.0
3733 49.0
3734 49.0
3735 49.0
3736 49.0
3737 49.0
3738 49.0
3739 49.0
3740 49.0
3741 49.0
3752 48.0
3753 48.0
3754 48.0
3755 48.0
3756 48.0
3757 48.0
3758 48.0
3759 48.0
3760 48.0
3761 48.0
3772 48.0
3773 48.0
3774 48.0
3775 48.0
3776 48.0
3777 48.0
3778 48.0
3779 48.0
3780 48.0
3781 48.0
3792 49.0
3793 49.0
3794 49.0
3795 49.0
3796 49.0
3797 49.0
3798 49.0
3799 49.0
3800 49.0
3801 49.0
3812 49.0
3813 49.0
3814 49.0
3815 49.0
3816 49.0
3817 49.0
3818 49.0
3819 49.0
3820 48.0
3821 48.0
3822 48.0
3823 48.0
3824 48.0
3825 48.0
3826 48.0
3827 48.0
3828 48.0
3829 48.0
3830 48.0
3841 49.0
3842 49.0
3843 49.0
3844 49.0
3845 49.0
3846 49.0
3847 49.0
3848 49.0
3849 49.0
3850 49.0
3861 47.0
3862 47.0
3863 47.0
3864 47.0
3865 47.0
3866 47.0
3867 47.0
3868 47.0
3869 47.0
3870 47.0
3881 50.0
3882 50.0
3883 50.0
3884 50.0
3885 50.0
3886 50.0
3887 50.0
3888 50.0
3889 50.0
3890 50.0
3901 50.0
3902 50.0
3903 50.0
3904 50.0
3905 50.0
3906 50.0
3907 50.0
3908 50.0
3909 50.0
3910 50.0
3921 49.0
3922 49.0
3923 49.0
3924 49.0
3925 49.0
3926 49.0
3927 49.0
3928 49.0
3929 49.0
3930 49.0
3941 49.0
3942 49.0
3943 49.0
3944 49.0
3945 49.0
3946 49.0
3947 49.0
3948 49.0
3949 49.0
3950 47.0
3951 47.0
3952 47.0
3953 47.0
3954 47.0
3955 47.0
3956 47.0
3957 47.0
3958 47.0
3959 47.0
3960 47.0
3971 49.0
3972 49.0
3973 49.0
3974 49.0
3975 47.0
3976 47.0
3977 47.0
3978 47.0
3979 47.0
3980 47.0
3981 47.0
3982 47.0
3983 47.0
3984 47.0
3985 47.0
3996 47.0
3997 47.0
3998 47.0
3999 47.0
4000 47.0
4001 47.0
4002 47.0
4003 47.0
4004 47.0
4005 47.0
4016 52.0
4017 52.0
4018 52.0
4019 52.0
4020 52.0
4021 52.0
4022 52.0
4023 52.0
4024 52.0
4025 52.0
4036 52.0
4037 52.0
4038 52.0
4039 52.0
4040 52.0
4041 52.0
4042 52.0
4043 52.0
4044 52.0
4045 52.0
4056 52.0
4057 52.0
4058 52.0
4059 52.0
4060 52.0
4061 52.0
4062 52.0
4063 52.0
4064 52.0
4065 52.0
4076 52.0
4077 52.0
4078 52.0
4079 52.0
4080 52.0
4081 52.0
4082 52.0
4083 52.0
4084 52.0
4085 52.0
4096 53.0
4097 53.0
4098 53.0
4099 53.0
4100 53.0
4101 53.0
4102 53.0
4103 53.0
4104 53.0
4105 53.0
4116 52.0
4117 52.0
4118 52.0
4119 52.0
4120 52.0
4121 52.0
4122 52.0
4123 52.0
4124 52.0
4125 52.0
4136 51.0
4137 51.0
4138 51.0
4139 51.0
4140 51.0
4141 51.0
4142 51.0
4143 51.0
4144 51.0
4145 51.0
4156 52.0
4157 52.0
4158 52.0
4159 52.0
4160 52.0
4161 52.0
4162 52.0
4163 52.0
4164 52.0
4165 52.0
4176 52.0
4177 52.0
4178 52.0
4179 52.0
4180 52.0
4181 52.0
4182 52.0
4183 52.0
4184 52.0
4185 52.0
4196 50.0
4197 50.0
4198 50.0
4199 50.0
4200 50.0
4201 49.0
4202 49.0
4203 49.0
4204 49.0
4205 49.0
4206 49.0
4207 49.0
4208 49.0
4209 48.0
4210 48.0
4211 48.0
4212 48.0
4213 48.0
4214 48.0
4215 48.0
4216 48.0
4217 48.0
4218 48.0
4219 48.0
4230 51.0
4231 51.0
4232 51.0
4233 51.0
4234 51.0
4235 51.0
4236 51.0
4237 50.0
4238 50.0
4239 50.0
4240 50.0
4241 49.0
4242 49.0
4243 49.0
4244 49.0
4245 49.0
4246 49.0
4247 49.0
4248 49.0
4249 49.0
4250 49.0
4251 49.0
4262 50.0
4263 50.0
4264 50.0
4265 50.0
4266 48.0
4267 48.0
4268 48.0
4269 48.0
4270 48.0
4271 48.0
4272 48.0
4273 48.0
4274 48.0
4275 48.0
4276 48.0
4287 49.0
4288 49.0
4289 49.0
4290 49.0
4291 49.0
4292 49.0
4293 49.0
4294 49.0
4295 49.0
4296 49.0
4307 49.0
4308 49.0
4309 49.0
4310 49.0
4311 49.0
4312 49.0
4313 49.0
4314 49.0
4315 49.0
4316 49.0
4327 50.0
4328 50.0
4329 50.0
4330 49.0
4331 49.0
4332 49.0
4333 49.0
4334 49.0
4335 49.0
4336 49.0
4337 49.0
4338 49.0
4339 49.0
4340 49.0
4351 50.0
4352 50.0
4353 50.0
4354 50.0
4355 50.0
4356 50.0
4357 50.0
4358 50.0
4359 50.0
4360 50.0
4371 51.0
4372 51.0
4373 51.0
4374 51.0
4375 51.0
4376 51.0
4377 51.0
4378 51.0
4379 51.0
4380 51.0
4391 50.0
4392 50.0
4393 50.0
4394 50.0
4395 50.0
4396 50.0
4397 50.0
4398 50.0
4399 50.0
4400 49.0
4401 49.0
4402 49.0
4403 49.0
4404 49.0
4405 49.0
4406 49.0
4407 49.0
4408 49.0
4409 49.0
4410 49.0
4421 50.0
4422 50.0
4423 50.0
4424 50.0
4425 50.0
4426 50.0
4427 50.0
4428 50.0
4429 50.0
4430 50.0
4441 49.0
4442 49.0
4443 49.0
4444 49.0
4445 49.0
4446 49.0
4447 49.0
4448 49.0
4449 49.0
4450 49.0
4461 50.0
4462 50.0
4463 50.0
4464 50.0
4465 50.0
4466 50.0
4467 50.0
4468 50.0
4469 50.0
4470 50.0
4481 50.0
4482 50.0
4483 50.0
4484 50.0
4485 50.0
4486 50.0
4487 50.0
4488 50.0
4489 50.0
4490 50.0
4501 50.0
4502 50.0
4503 50.0
4504 50.0
4505 50.0
4506 50.0
4507 50.0
4508 50.0
4509 50.0
4510 50.0
4521 50.0
4522 50.0
4523 50.0
4524 50.0
4525 50.0
4526 50.0
4527 50.0
4528 50.0
4529 50.0
4530 50.0
4541 51.0
4542 51.0
4543 51.0
4544 51.0
4545 51.0
4546 51.0
4547 51.0
4548 51.0
4549 51.0
4550 51.0
4561 50.0
4562 50.0
4563 50.0
4564 50.0
4565 50.0
4566 50.0
4567 50.0
4568 50.0
4569 50.0
4570 50.0
4581 50.0
4582 50.0
4583 50.0
4584 50.0
4585 50.0
4586 50.0
4587 50.0
4588 50.0
4589 50.0
4590 50.0
4601 48.0
4602 48.0
4603 48.0
4604 48.0
4605 48.0
4606 48.0
4607 48.0
4608 48.0
4609 48.0
4610 48.0
4611 48.0
4622 49.0
4623 49.0
4624 49.0
4625 49.0
4626 49.0
4627 49.0
4628 49.0
4629 49.0
4630 49.0
4631 49.0
4642 50.0
4643 50.0
4644 48.0
4645 48.0
4646 48.0
4647 48.0
4648 48.0
4649 48.0
4650 48.0
4651 48.0
4652 48.0
4653 48.0
4654 48.0
4665 47.0
4666 47.0
4667 47.0
4668 47.0
4669 47.0
4670 47.0
4671 47.0
4672 47.0
4673 47.0
4674 47.0
4685 48.0
4686 48.0
4687 48.0
4688 48.0
4689 48.0
4690 48.0
4691 48.0
4692 48.0
4693 48.0
4694 48.0
4705 46.0
4706 46.0
4707 46.0
4708 46.0
4709 46.0
4710 46.0
4711 46.0
4712 46.0
4713 46.0
4714 46.0
4725 46.0
4726 46.0
4727 46.0
4728 46.0
4729 46.0
4730 46.0
4731 46.0
4732 46.0
4733 46.0
4734 46.0
4745 48.0
4746 48.0
4747 48.0
4748 48.0
4749 48.0
4750 48.0
4751 48.0
4752 48.0
4753 48.0
4754 48.0
4765 47.0
4766 47.0
4767 47.0
4768 47.0
4769 47.0
4770 47.0
4771 47.0
4772 47.0
4773 47.0
4774 47.0
4785 48.0
4786 48.0
4787 48.0
4788 48.0
4789 47.0
4790 47.0
4791 47.0
4792 47.0
4793 47.0
4794 47.0
4795 47.0
4796 47.0
4797 47.0
4798 47.0
4799 47.0
4810 48.0
4811 48.0
4812 48.0
4813 48.0
4814 48.0
4815 48.0
4816 48.0
4817 48.0
4818 48.0
4819 48.0
4830 48.0
4831 48.0
4832 47.0
4833 47.0
4834 47.0
4835 47.0
4836 47.0
4837 47.0
4838 47.0
4839 47.0
4840 47.0
4841 47.0
4842 47.0
4853 47.0
4854 47.0
4855 47.0
4856 46.0
4857 46.0
4858 46.0
4859 46.0
4860 46.0
4861 46.0
4862 46.0
4863 46.0
4864 46.0
4865 46.0
4866 46.0
4877 46.0
4878 46.0
4879 46.0
4880 46.0
4881 46.0
4882 46.0
4883 46.0
4884 46.0
4885 46.0
4886 46.0
4897 48.0
4898 48.0
4899 48.0
4900 48.0
4901 48.0
4902 48.0
4903 48.0
4904 48.0
4905 48.0
4906 48.0
4917 47.0
4918 47.0
4919 47.0
4920 47.0
4921 47.0
4922 47.0
4923 47.0
4924 47.0
4925 47.0
4926 47.0
4937 48.0
4938 48.0
4939 48.0
4940 46.0
4941 46.0
4942 46.0
4943 46.0
4944 46.0
4945 46.0
4946 46.0
4947 46.0
4948 46.0
4949 46.0
4950 46.0
4961 47.0
4962 47.0
4963 47.0
4964 47.0
4965 47.0
4966 47.0
4967 46.0
4968 46.0
4969 46.0
4970 46.0
4971 46.0
4972 46.0
4973 46.0
4974 46.0
4975 46.0
4976 46.0
4977 46.0
4988 47.0
4989 47.0
4990 47.0
4991 47.0
4992 47.0
4993 47.0
4994 47.0
4995 47.0
4996 47.0
4997 47.0
