0 23186.0
1 22973.0
2 22970.0
3 22970.0
4 22554.0
5 22554.0
6 22554.0
7 22357.0
8 22191.0
9 22191.0
10 21774.0
11 21567.0
12 21361.0
13 21354.0
14 21156.0
15 21156.0
16 21156.0
17 21156.0
18 21156.0
19 21156.0
20 21156.0
21 21156.0
22 21156.0
23 21156.0
24 21156.0
25 21156.0
26 20952.0
27 20952.0
28 20952.0
29 20952.0
30 20952.0
31 20952.0
32 20952.0
33 19356.0
34 19356.0
35 16356.0
36 15999.0
37 15988.0
38 15822.0
39 15822.0
40 15822.0
41 15822.0
42 15822.0
43 15822.0
44 15822.0
45 15822.0
46 15822.0
47 15646.0
48 15646.0
49 15646.0
50 15646.0
51 15646.0
52 15646.0
53 15646.0
54 8517.0
55 8517.0
56 7809.0
57 7809.0
58 7765.0
59 7765.0
60 7765.0
61 7765.0
62 7765.0
63 7723.0
64 7683.0
65 7683.0
66 7543.0
67 7543.0
68 7508.0
69 7475.0
70 7475.0
71 7475.0
72 7475.0
73 7444.0
74 7415.0
75 4344.0
76 4274.0
77 4274.0
78 4248.0
79 4248.0
80 4180.0
81 4180.0
82 4127.0
83 4064.0
84 4064.0
85 4024.0
86 4024.0
87 4024.0
88 4024.0
89 4014.0
90 4006.0
91 4006.0
92 4006.0
93 4000.0
94 4000.0
95 4000.0
96 4000.0
97 4000.0
98 3973.0
99 3970.0
100 3970.0
101 3970.0
102 3970.0
103 3970.0
104 3970.0
105 3970.0
106 3908.0
107 3908.0
108 3908.0
109 3907.0
110 3905.0
111 3905.0
112 3905.0
113 3848.0
114 3848.0
115 3848.0
116 3847.0
117 3847.0
118 3847.0
119 3847.0
120 3847.0
121 3847.0
122 2614.0
123 2614.0
124 2609.0
125 2609.0
126 2433.0
127 2433.0
128 2433.0
129 2433.0
130 2376.0
131 2376.0
132 2375.0
133 2319.0
134 2265.0
135 2212.0
136 2210.0
137 2210.0
138 2177.0
139 2125.0
140 2125.0
141 2093.0
142 2093.0
143 2087.0
144 2087.0
145 2040.0
146 2040.0
147 2040.0
148 2040.0
149 2040.0
150 2017.0
151 2017.0
152 2017.0
153 2017.0
154 2017.0
155 2017.0
156 2017.0
157 2017.0
158 2017.0
159 2017.0
160 2017.0
161 2017.0
162 2017.0
163 2017.0
164 2017.0
165 2017.0
166 2017.0
167 2017.0
168 1998.0
169 1998.0
170 1547.0
171 1547.0
172 1497.0
173 1497.0
174 1497.0
175 1497.0
176 1497.0
177 1497.0
178 1493.0
179 1451.0
180 1451.0
181 1451.0
182 1451.0
183 1451.0
184 1451.0
185 1451.0
186 1451.0
187 1451.0
188 1451.0
189 1451.0
190 1413.0
191 1413.0
192 1413.0
193 1413.0
194 1381.0
195 1381.0
196 1381.0
197 1355.0
198 1355.0
199 1355.0
200 1355.0
201 1355.0
202 1355.0
203 1355.0
204 1355.0
205 1355.0
206 1355.0
207 1355.0
208 1355.0
209 1355.0
210 1355.0
211 1355.0
212 1355.0
213 1355.0
214 1355.0
215 1355.0
216 1355.0
217 1355.0
218 1355.0
219 1355.0
220 1355.0
221 1355.0
222 1355.0
223 1355.0
224 1355.0
225 1355.0
226 1355.0
227 1355.0
228 1355.0
229 1355.0
230 1355.0
231 1310.0
232 1310.0
233 1310.0
234 1310.0
235 1140.0
236 1135.0
237 1135.0
238 1135.0
239 1095.0
240 1095.0
241 1095.0
242 1056.0
243 1056.0
244 1056.0
245 1056.0
246 1042.0
247 1042.0
248 1042.0
249 1042.0
250 1009.0
251 1009.0
252 1009.0
253 1009.0
254 1009.0
255 1009.0
256 1009.0
257 1009.0
258 1009.0
259 1009.0
260 1009.0
261 986.0
262 986.0
263 986.0
264 986.0
265 986.0
266 986.0
267 986.0
268 979.0
269 979.0
270 979.0
271 979.0
272 979.0
273 979.0
274 979.0
275 979.0
276 979.0
277 979.0
278 979.0
279 979.0
280 979.0
281 979.0
282 979.0
283 979.0
284 979.0
285 979.0
286 979.0
287 979.0
288 979.0
289 979.0
290 979.0
291 979.0
292 979.0
293 979.0
294 979.0
295 979.0
296 979.0
297 979.0
298 979.0
299 979.0
300 979.0
301 979.0
302 979.0
303 979.0
304 979.0
305 979.0
306 979.0
307 979.0
308 979.0
309 979.0
310 979.0
311 979.0
312 979.0
313 979.0
314 979.0
315 979.0
316 979.0
317 979.0
318 979.0
319 979.0
320 979.0
321 979.0
322 979.0
323 979.0
324 979.0
325 979.0
326 979.0
327 979.0
328 979.0
329 979.0
330 979.0
331 979.0
332 979.0
333 979.0
334 979.0
335 979.0
336 979.0
337 979.0
338 979.0
339 979.0
340 979.0
341 979.0
342 979.0
343 979.0
344 979.0
345 979.0
346 979.0
347 979.0
348 979.0
349 979.0
350 979.0
351 943.0
352 943.0
353 943.0
354 943.0
355 943.0
356 943.0
357 921.0
358 921.0
359 921.0
360 921.0
361 921.0
362 921.0
363 921.0
364 921.0
365 921.0
366 921.0
367 921.0
368 921.0
369 921.0
370 921.0
371 921.0
372 921.0
373 921.0
374 921.0
375 921.0
376 921.0
377 921.0
378 921.0
379 921.0
380 921.0
381 921.0
382 921.0
383 921.0
384 921.0
385 921.0
386 921.0
387 921.0
388 921.0
389 921.0
390 921.0
391 921.0
392 921.0
393 921.0
394 921.0
395 921.0
396 921.0
397 921.0
398 921.0
399 921.0
400 921.0
401 921.0
402 921.0
403 921.0
404 921.0
405 921.0
406 921.0
407 921.0
408 921.0
409 921.0
410 921.0
411 921.0
412 921.0
413 921.0
414 921.0
415 921.0
416 921.0
417 921.0
418 921.0
419 921.0
420 921.0
421 921.0
422 921.0
423 921.0
424 921.0
425 921.0
426 921.0
427 921.0
428 921.0
429 921.0
430 921.0
431 921.0
432 921.0
433 921.0
434 921.0
435 921.0
436 921.0
437 921.0
438 921.0
439 921.0
440 921.0
441 921.0
442 921.0
443 921.0
444 921.0
445 921.0
446 921.0
447 921.0
448 921.0
449 921.0
450 921.0
451 921.0
452 921.0
453 921.0
454 921.0
455 921.0
456 921.0
457 921.0
458 921.0
459 921.0
460 921.0
461 921.0
462 921.0
463 921.0
464 921.0
465 921.0
466 921.0
467 921.0
468 921.0
469 921.0
470 921.0
471 921.0
472 921.0
473 921.0
474 921.0
475 921.0
476 921.0
477 921.0
478 921.0
479 921.0
480 921.0
481 921.0
482 921.0
483 921.0
484 921.0
485 852.0
486 726.0
487 697.0
488 697.0
489 697.0
490 697.0
491 697.0
492 697.0
493 697.0
494 697.0
495 697.0
496 697.0
497 697.0
498 697.0
499 697.0
500 697.0
501 697.0
502 697.0
503 697.0
504 697.0
505 697.0
506 697.0
507 697.0
508 697.0
509 697.0
510 697.0
511 697.0
512 697.0
513 697.0
514 697.0
515 697.0
516 697.0
517 697.0
518 697.0
519 697.0
520 697.0
521 697.0
522 697.0
523 697.0
524 697.0
525 697.0
526 697.0
527 697.0
528 697.0
529 697.0
530 697.0
531 697.0
532 697.0
533 697.0
534 697.0
535 697.0
536 697.0
537 697.0
538 697.0
539 697.0
540 697.0
541 697.0
542 697.0
543 697.0
544 697.0
545 697.0
546 697.0
547 697.0
548 642.0
549 642.0
550 642.0
551 642.0
552 642.0
553 642.0
554 642.0
555 642.0
556 642.0
557 642.0
558 642.0
559 642.0
560 642.0
561 642.0
562 642.0
563 642.0
564 642.0
565 642.0
566 642.0
567 642.0
568 642.0
569 642.0
570 642.0
571 642.0
572 642.0
573 642.0
574 642.0
575 642.0
576 642.0
577 642.0
578 642.0
579 642.0
580 642.0
581 642.0
582 642.0
583 642.0
584 642.0
585 642.0
586 642.0
587 642.0
588 642.0
589 642.0
590 642.0
591 642.0
592 642.0
593 642.0
594 642.0
595 642.0
596 642.0
597 642.0
598 642.0
599 642.0
600 642.0
601 642.0
602 642.0
603 642.0
604 642.0
605 642.0
606 642.0
607 642.0
608 642.0
609 642.0
610 642.0
611 642.0
612 642.0
613 642.0
614 642.0
615 642.0
616 642.0
617 501.0
618 500.0
619 500.0
620 500.0
621 499.0
622 498.0
623 498.0
624 489.0
625 489.0
626 489.0
627 489.0
628 485.0
629 478.0
630 478.0
631 463.0
632 463.0
633 463.0
634 463.0
635 463.0
636 462.0
637 462.0
638 462.0
639 452.0
640 452.0
641 452.0
642 452.0
643 452.0
644 452.0
645 452.0
646 452.0
647 444.0
648 444.0
649 444.0
650 444.0
651 444.0
652 444.0
653 444.0
654 444.0
655 444.0
656 444.0
657 444.0
658 297.0
659 297.0
660 297.0
661 297.0
662 297.0
663 295.0
664 293.0
665 279.0
666 279.0
667 278.0
668 278.0
669 277.0
670 222.0
671 209.0
672 209.0
673 209.0
674 209.0
675 208.0
676 208.0
677 208.0
678 208.0
679 207.0
680 207.0
681 206.0
682 205.0
683 205.0
684 205.0
685 205.0
686 192.0
687 192.0
688 192.0
689 192.0
690 186.0
691 186.0
692 182.0
693 182.0
694 176.0
695 176.0
696 176.0
697 176.0
698 176.0
699 172.0
700 170.0
701 170.0
702 170.0
703 168.0
704 168.0
705 168.0
706 167.0
707 167.0
708 163.0
709 162.0
710 161.0
711 146.0
712 145.0
713 145.0
714 145.0
715 141.0
716 141.0
717 141.0
718 141.0
719 140.0
720 137.0
721 137.0
722 137.0
723 137.0
724 137.0
725 137.0
726 137.0
727 137.0
728 137.0
729 137.0
730 137.0
731 137.0
732 137.0
733 137.0
734 135.0
735 135.0
736 135.0
737 135.0
738 135.0
739 135.0
740 135.0
741 135.0
742 135.0
743 135.0
744 134.0
745 134.0
746 134.0
747 134.0
748 134.0
749 134.0
750 134.0
751 134.0
752 132.0
753 132.0
754 132.0
755 132.0
756 132.0
757 132.0
758 129.0
759 129.0
760 129.0
761 129.0
762 129.0
763 129.0
764 127.0
765 127.0
766 126.0
767 126.0
768 126.0
769 126.0
770 126.0
771 123.0
772 123.0
773 123.0
774 123.0
775 123.0
776 123.0
777 123.0
778 123.0
779 123.0
780 123.0
781 123.0
782 123.0
783 123.0
784 123.0
785 123.0
786 123.0
787 120.0
788 120.0
789 120.0
790 120.0
791 120.0
792 120.0
793 120.0
794 120.0
795 120.0
796 120.0
797 120.0
798 120.0
799 120.0
800 120.0
801 120.0
802 120.0
803 120.0
804 120.0
805 120.0
806 120.0
807 120.0
808 120.0
809 120.0
810 120.0
811 120.0
812 120.0
813 120.0
814 120.0
815 120.0
816 120.0
817 120.0
818 120.0
819 120.0
820 120.0
821 120.0
822 120.0
823 120.0
824 120.0
825 120.0
826 120.0
827 118.0
828 118.0
829 118.0
830 118.0
831 118.0
832 118.0
833 118.0
834 118.0
835 118.0
836 118.0
837 118.0
838 118.0
839 118.0
840 118.0
841 118.0
842 118.0
843 114.0
844 114.0
845 114.0
846 114.0
847 114.0
848 114.0
849 114.0
850 114.0
851 114.0
852 114.0
853 113.0
854 113.0
855 113.0
856 113.0
857 113.0
858 113.0
859 113.0
860 113.0
861 113.0
862 113.0
863 113.0
864 113.0
865 113.0
866 102.0
867 96.0
868 96.0
869 94.0
870 94.0
871 94.0
872 92.0
873 92.0
874 92.0
875 92.0
876 92.0
877 92.0
878 92.0
879 92.0
880 92.0
881 92.0
882 92.0
883 92.0
884 92.0
885 92.0
886 92.0
887 92.0
888 92.0
889 92.0
890 92.0
891 92.0
892 92.0
893 92.0
894 92.0
895 92.0
896 92.0
897 92.0
898 92.0
899 92.0
900 92.0
901 92.0
902 86.0
903 86.0
904 85.0
905 85.0
906 85.0
907 84.0
908 84.0
909 84.0
910 84.0
911 84.0
912 84.0
913 84.0
914 84.0
915 84.0
916 84.0
917 84.0
918 83.0
919 83.0
920 83.0
921 83.0
922 83.0
923 83.0
924 83.0
925 83.0
926 83.0
927 83.0
928 82.0
929 82.0
930 82.0
931 82.0
932 76.0
933 76.0
934 76.0
935 76.0
936 76.0
937 75.0
938 75.0
939 75.0
940 75.0
941 75.0
942 75.0
943 75.0
944 75.0
945 75.0
946 75.0
947 75.0
948 75.0
949 75.0
950 73.0
951 73.0
952 71.0
953 71.0
954 71.0
955 71.0
956 71.0
957 71.0
958 71.0
959 71.0
960 71.0
961 71.0
962 71.0
963 71.0
964 71.0
965 71.0
966 71.0
967 71.0
968 71.0
969 71.0
970 71.0
971 71.0
972 71.0
973 71.0
974 71.0
975 71.0
976 71.0
977 71.0
978 69.0
979 66.0
980 66.0
981 66.0
982 66.0
983 66.0
984 66.0
985 66.0
986 66.0
987 66.0
988 65.0
989 65.0
990 65.0
991 65.0
992 65.0
993 65.0
994 65.0
995 65.0
996 61.0
997 61.0
998 61.0
999 60.0
1000 60.0
1001 60.0
1002 59.0
1003 59.0
1004 59.0
1005 59.0
1006 59.0
1007 59.0
1008 59.0
1009 59.0
1010 59.0
1011 59.0
1012 59.0
1013 59.0
1014 59.0
1015 59.0
1016 59.0
1017 59.0
1018 59.0
1019 59.0
1020 59.0
1021 59.0
1022 59.0
1023 59.0
1024 59.0
1025 59.0
1026 59.0
1027 59.0
1028 59.0
1029 59.0
1030 59.0
1031 59.0
1032 59.0
1033 59.0
1034 59.0
1035 59.0
1036 59.0
1037 59.0
1038 59.0
1039 59.0
1040 59.0
1041 59.0
1042 59.0
1043 59.0
1044 59.0
1045 59.0
1046 59.0
1047 59.0
1048 59.0
1049 59.0
1050 59.0
1051 59.0
1052 59.0
1053 59.0
1054 59.0
1055 58.0
1056 58.0
1057 58.0
1058 58.0
1059 58.0
1060 58.0
1061 58.0
1062 58.0
1063 58.0
1064 58.0
1065 58.0
1066 58.0
1067 58.0
1068 58.0
1069 58.0
1070 58.0
1071 58.0
1072 58.0
1073 58.0
1074 58.0
1075 58.0
1076 58.0
1077 58.0
1078 58.0
1079 58.0
1080 58.0
1081 58.0
1082 58.0
1083 58.0
1084 58.0
1085 58.0
1086 58.0
1087 58.0
1088 58.0
1089 58.0
1090 58.0
1091 58.0
1092 58.0
1093 58.0
1094 58.0
1095 58.0
1096 58.0
1097 58.0
1098 58.0
1099 58.0
1100 58.0
1101 58.0
1102 58.0
1103 58.0
1104 58.0
1105 58.0
1106 58.0
1107 58.0
1108 58.0
1109 58.0
1110 58.0
1111 58.0
1112 58.0
1113 58.0
1114 58.0
1115 58.0
1116 58.0
1117 58.0
1118 58.0
1119 58.0
1120 58.0
1121 58.0
1122 58.0
1123 58.0
1124 58.0
1125 58.0
1126 58.0
1127 58.0
1128 58.0
1129 58.0
1130 58.0
1131 58.0
1132 58.0
1133 58.0
1134 58.0
1135 58.0
1136 58.0
1137 58.0
1138 58.0
1139 58.0
1140 58.0
1141 58.0
1142 58.0
1143 58.0
1144 58.0
1145 58.0
1146 58.0
1147 58.0
1148 58.0
1149 58.0
1150 58.0
1151 58.0
1152 58.0
1153 58.0
1154 58.0
1155 58.0
1156 58.0
1157 58.0
1158 58.0
1159 58.0
1160 58.0
1161 58.0
1162 58.0
1163 58.0
1164 58.0
1165 58.0
1166 58.0
1167 58.0
1168 58.0
1169 58.0
1170 58.0
1171 58.0
1172 58.0
1173 58.0
1174 58.0
1175 58.0
1176 58.0
1177 58.0
1178 58.0
1179 58.0
1180 58.0
1181 58.0
1182 58.0
1183 58.0
1184 58.0
1185 58.0
1186 58.0
1187 58.0
1188 58.0
1189 58.0
1190 58.0
1191 58.0
1192 58.0
1193 58.0
1194 58.0
1195 58.0
1196 58.0
1197 58.0
1198 58.0
1199 58.0
1200 58.0
1201 58.0
1202 58.0
1203 58.0
1204 58.0
1205 58.0
1206 58.0
1207 58.0
1208 58.0
1209 58.0
1210 58.0
1211 58.0
1212 58.0
1213 58.0
1214 58.0
1215 58.0
1216 58.0
1217 58.0
1218 58.0
1219 58.0
1220 58.0
1221 58.0
1222 58.0
1223 58.0
1224 58.0
1225 58.0
1226 58.0
1227 58.0
1228 58.0
1229 58.0
1230 58.0
1231 58.0
1232 58.0
1233 58.0
1234 58.0
1235 58.0
1236 58.0
1237 58.0
1238 58.0
1239 58.0
1240 58.0
1241 58.0
1242 58.0
1243 58.0
1244 58.0
1245 58.0
1246 58.0
1247 58.0
1248 58.0
1249 58.0
1250 58.0
1251 58.0
1252 58.0
1253 58.0
1254 58.0
1255 58.0
1256 58.0
1257 58.0
1258 58.0
1259 58.0
1260 58.0
1261 58.0
1262 58.0
1263 58.0
1264 58.0
1265 58.0
1266 58.0
1267 58.0
1268 58.0
1269 58.0
1270 58.0
1271 58.0
1272 58.0
1273 58.0
1274 58.0
1275 58.0
1276 58.0
1277 58.0
1278 58.0
1279 58.0
1280 58.0
1281 58.0
1282 58.0
1283 58.0
1284 58.0
1285 58.0
1286 58.0
1287 58.0
1288 58.0
1289 58.0
1290 58.0
1291 58.0
1292 58.0
1293 58.0
1294 58.0
1295 58.0
1296 58.0
1297 58.0
1298 58.0
1299 58.0
1300 58.0
1301 58.0
1302 58.0
1303 58.0
1304 58.0
1305 58.0
1306 58.0
1307 58.0
1308 58.0
1309 58.0
1310 58.0
1311 58.0
1312 58.0
1313 58.0
1314 58.0
1315 58.0
1316 58.0
1317 58.0
1318 58.0
1319 58.0
1320 58.0
1321 58.0
1322 58.0
1323 58.0
1324 58.0
1325 58.0
1326 58.0
1327 58.0
1328 58.0
1329 58.0
1330 58.0
1331 58.0
1332 58.0
1333 58.0
1334 58.0
1335 58.0
1336 57.0
1337 57.0
1338 57.0
1339 57.0
1340 57.0
1341 57.0
1342 57.0
1343 57.0
1344 57.0
1345 57.0
1346 57.0
1347 57.0
1348 57.0
1349 57.0
1350 57.0
1351 57.0
1352 57.0
1353 57.0
1354 57.0
1355 57.0
1356 57.0
1357 57.0
1358 57.0
1359 57.0
1360 57.0
1361 57.0
1362 57.0
1363 57.0
1364 57.0
1365 57.0
1366 57.0
1367 57.0
1368 57.0
1369 57.0
1370 57.0
1371 57.0
1372 57.0
1373 57.0
1374 57.0
1375 57.0
1376 57.0
1377 57.0
1378 57.0
1379 57.0
1380 57.0
1381 57.0
1382 57.0
1383 57.0
1384 57.0
1385 57.0
1386 57.0
1387 57.0
1388 57.0
1389 57.0
1390 57.0
1391 57.0
1392 57.0
1393 57.0
1394 57.0
1395 57.0
1396 57.0
1397 57.0
1398 57.0
1399 57.0
1400 57.0
1401 57.0
1402 57.0
1403 57.0
1404 57.0
1405 57.0
1406 57.0
1407 57.0
1408 57.0
1409 57.0
1410 57.0
1411 57.0
1412 57.0
1413 57.0
1414 57.0
1415 57.0
1416 57.0
1417 57.0
1418 57.0
1419 57.0
1420 57.0
1421 57.0
1422 57.0
1423 57.0
1424 57.0
1425 57.0
1426 57.0
1427 57.0
1428 57.0
1429 57.0
1430 57.0
1431 57.0
1432 57.0
1433 57.0
1434 57.0
1435 57.0
1436 57.0
1437 57.0
1438 57.0
1439 57.0
1440 57.0
1441 57.0
1442 57.0
1443 57.0
1444 57.0
1445 57.0
1446 57.0
1447 57.0
1448 57.0
1449 57.0
1450 57.0
1451 57.0
1452 57.0
1453 57.0
1454 57.0
1455 57.0
1456 57.0
1457 57.0
1458 57.0
1459 57.0
1460 57.0
1461 57.0
1462 57.0
1463 57.0
1464 57.0
1465 54.0
1466 54.0
1467 54.0
1468 54.0
1469 54.0
1470 54.0
1471 54.0
1472 54.0
1473 54.0
1474 54.0
1475 54.0
1476 54.0
1477 54.0
1478 54.0
1479 54.0
1480 54.0
1481 54.0
1482 54.0
1483 54.0
1484 54.0
1485 54.0
1486 54.0
1487 54.0
1488 54.0
1489 54.0
1490 54.0
1491 54.0
1492 54.0
1493 54.0
1494 54.0
1495 54.0
1496 54.0
1497 54.0
1498 54.0
1499 54.0
1500 54.0
1501 54.0
1502 54.0
1503 54.0
1504 54.0
1505 54.0
1506 54.0
1507 54.0
1508 54.0
1509 54.0
1510 54.0
1511 54.0
1512 54.0
1513 54.0
1514 54.0
1515 54.0
1516 54.0
1517 54.0
1518 54.0
1519 54.0
1520 54.0
1521 54.0
1522 54.0
1523 53.0
1524 53.0
1525 53.0
1526 53.0
1527 53.0
1528 53.0
1529 53.0
1530 53.0
1531 53.0
1532 53.0
1533 53.0
1534 53.0
1535 53.0
1536 53.0
1537 53.0
1538 53.0
1539 53.0
1540 53.0
1541 53.0
1542 53.0
1543 53.0
1544 53.0
1545 53.0
1546 53.0
1547 53.0
1548 53.0
1549 53.0
1550 53.0
1551 53.0
1552 53.0
1553 53.0
1554 53.0
1555 53.0
1556 53.0
1557 53.0
1558 53.0
1559 53.0
1560 53.0
1561 53.0
1562 53.0
1563 53.0
1564 53.0
1565 53.0
1566 53.0
1567 53.0
1568 53.0
1569 53.0
1570 53.0
1571 53.0
1572 53.0
1573 53.0
1574 53.0
1575 53.0
1576 53.0
1577 53.0
1578 53.0
1579 53.0
1580 53.0
1581 53.0
1582 53.0
1583 53.0
1584 53.0
1585 53.0
1586 53.0
1587 53.0
1588 53.0
1589 53.0
1590 53.0
1591 53.0
1592 53.0
1593 53.0
1594 53.0
1595 53.0
1596 53.0
1597 53.0
1598 53.0
1599 53.0
1600 53.0
1601 53.0
1602 53.0
1603 53.0
1604 53.0
1605 53.0
1606 53.0
1607 53.0
1608 53.0
1609 53.0
1610 53.0
1611 53.0
1612 53.0
1613 53.0
1614 53.0
1615 53.0
1616 53.0
1617 53.0
1618 53.0
1619 53.0
1620 53.0
1621 53.0
1622 53.0
1623 53.0
1624 53.0
1625 53.0
1626 53.0
1627 53.0
1628 53.0
1629 53.0
1630 53.0
1631 53.0
1632 53.0
1633 53.0
1634 53.0
1635 53.0
1636 53.0
1637 53.0
1638 53.0
1639 53.0
1640 53.0
1641 53.0
1642 53.0
1643 53.0
1644 53.0
1645 53.0
1646 53.0
1647 53.0
1648 53.0
1649 53.0
1650 53.0
1651 53.0
1652 53.0
1653 53.0
1654 53.0
1655 53.0
1656 53.0
1657 53.0
1658 53.0
1659 53.0
1660 53.0
1661 53.0
1662 53.0
1663 53.0
1664 53.0
1665 53.0
1666 53.0
1667 53.0
1668 53.0
1669 53.0
1670 53.0
1671 53.0
1672 53.0
1673 53.0
1674 53.0
1675 53.0
1676 53.0
1677 53.0
1678 53.0
1679 53.0
1680 53.0
1681 53.0
1682 53.0
1683 53.0
1684 53.0
1685 53.0
1686 53.0
1687 53.0
1688 53.0
1689 53.0
1690 53.0
1691 53.0
1692 53.0
1693 53.0
1694 53.0
1695 53.0
1696 53.0
1697 53.0
1698 53.0
1699 53.0
1700 53.0
1701 53.0
1702 53.0
1703 53.0
1704 53.0
1705 53.0
1706 53.0
1707 53.0
1708 53.0
1709 53.0
1710 53.0
1711 53.0
1712 53.0
1713 53.0
1714 53.0
1715 53.0
1716 53.0
1717 53.0
1718 53.0
1719 53.0
1720 53.0
1721 53.0
1722 53.0
1723 53.0
1724 53.0
1725 53.0
1726 53.0
1727 53.0
1728 53.0
1729 53.0
1730 53.0
1731 53.0
1732 53.0
1733 53.0
1734 53.0
1735 53.0
1736 53.0
1737 53.0
1738 53.0
1739 53.0
1740 53.0
1741 53.0
1742 53.0
1743 53.0
1744 53.0
1745 53.0
1746 53.0
1747 53.0
1748 53.0
1749 53.0
1750 53.0
1751 53.0
1752 53.0
1753 53.0
1754 53.0
1755 53.0
1756 53.0
1757 53.0
1758 53.0
1759 53.0
1760 53.0
1761 53.0
1762 53.0
1763 53.0
1764 53.0
1765 53.0
1766 53.0
1767 53.0
1768 53.0
1769 53.0
1770 53.0
1771 53.0
1772 53.0
1773 53.0
1774 53.0
1775 53.0
1776 53.0
1777 53.0
1778 53.0
1779 53.0
1780 53.0
1781 53.0
1782 53.0
1783 53.0
1784 53.0
1785 53.0
1786 53.0
1787 53.0
1788 53.0
1789 53.0
1790 53.0
1791 53.0
1792 53.0
1793 53.0
1794 53.0
1795 53.0
1796 53.0
1797 53.0
1798 53.0
1799 53.0
1800 53.0
1801 53.0
1802 53.0
1803 53.0
1804 53.0
1805 53.0
1806 53.0
1807 53.0
1808 53.0
1809 53.0
1810 53.0
1811 53.0
1812 53.0
1813 53.0
1814 53.0
1815 53.0
1816 53.0
1817 53.0
1818 53.0
1819 53.0
1820 53.0
1821 53.0
1822 53.0
1823 53.0
1824 53.0
1825 53.0
1826 53.0
1827 53.0
1828 53.0
1829 53.0
1830 53.0
1831 53.0
1832 53.0
1833 53.0
1834 53.0
1835 53.0
1836 53.0
1837 53.0
1838 53.0
1839 53.0
1840 53.0
1841 53.0
1842 53.0
1843 53.0
1844 53.0
1845 53.0
1846 53.0
1847 53.0
1848 53.0
1849 53.0
1850 53.0
1851 53.0
1852 53.0
1853 53.0
1854 53.0
1855 53.0
1856 53.0
1857 53.0
1858 53.0
1859 53.0
1860 53.0
1861 50.0
1862 50.0
1863 48.0
1864 48.0
1865 48.0
1866 48.0
1867 48.0
1868 48.0
1869 48.0
1870 48.0
1871 48.0
1872 47.0
1873 47.0
1874 47.0
1875 47.0
1876 47.0
1877 47.0
1878 47.0
1879 47.0
1880 46.0
1881 46.0
1882 46.0
1883 45.0
1884 45.0
1885 45.0
1886 45.0
1887 45.0
1888 45.0
1889 45.0
1890 45.0
1891 45.0
1892 45.0
1893 45.0
1894 45.0
1895 45.0
1896 45.0
1897 45.0
1898 45.0
1899 45.0
1900 45.0
1901 45.0
1902 45.0
1903 45.0
1904 45.0
1905 45.0
1906 45.0
1907 45.0
1908 45.0
1909 45.0
1910 45.0
1911 45.0
1912 45.0
1913 45.0
1914 45.0
1915 45.0
1916 45.0
1917 45.0
1918 45.0
1919 45.0
1920 45.0
1921 45.0
1922 45.0
1923 45.0
1924 45.0
1925 45.0
1926 45.0
1927 45.0
1928 45.0
1929 45.0
1930 45.0
1931 45.0
1932 45.0
1933 45.0
1934 45.0
1935 45.0
1936 45.0
1937 45.0
1938 45.0
1939 45.0
1940 45.0
1941 45.0
1942 45.0
1943 45.0
1944 45.0
1945 45.0
1946 45.0
1947 45.0
1948 45.0
1949 45.0
1950 45.0
1951 45.0
1952 45.0
1953 45.0
1954 45.0
1955 45.0
1956 45.0
1957 45.0
1958 45.0
1959 45.0
1960 45.0
1961 45.0
1962 45.0
1963 45.0
1964 45.0
1965 45.0
1966 45.0
1967 45.0
1968 45.0
1969 45.0
1970 45.0
1971 45.0
1972 45.0
1973 45.0
1974 45.0
1975 45.0
1976 45.0
1977 45.0
1978 45.0
1979 45.0
1980 45.0
1981 45.0
1982 45.0
1983 45.0
1984 45.0
1985 45.0
1986 45.0
1987 45.0
1988 45.0
1989 45.0
1990 45.0
1991 45.0
1992 45.0
1993 45.0
1994 45.0
1995 45.0
1996 45.0
1997 45.0
1998 45.0
1999 45.0
2000 45.0
2001 45.0
2002 45.0
2003 45.0
2004 45.0
2005 45.0
2006 45.0
2007 45.0
2008 45.0
2009 45.0
2010 45.0
2011 45.0
2012 45.0
2013 45.0
2014 45.0
2015 45.0
2016 45.0
2017 45.0
2018 45.0
2019 45.0
2020 45.0
2021 45.0
2022 45.0
2023 45.0
2024 45.0
2025 45.0
2026 45.0
2027 45.0
2028 45.0
2029 45.0
2030 45.0
2031 45.0
2032 45.0
2033 45.0
2034 45.0
2035 45.0
2036 45.0
2037 45.0
2038 45.0
2039 45.0
2040 45.0
2041 45.0
2042 45.0
2043 45.0
2044 45.0
2045 45.0
2046 45.0
2047 45.0
2048 45.0
2049 45.0
2050 45.0
2051 45.0
2052 45.0
2053 45.0
2054 45.0
2055 45.0
2056 45.0
2057 45.0
2058 45.0
2059 45.0
2060 45.0
2061 45.0
2062 45.0
2063 45.0
2064 45.0
2065 45.0
2066 45.0
2067 45.0
2068 45.0
2069 45.0
2070 45.0
2071 45.0
2072 45.0
2073 45.0
2074 45.0
2075 45.0
2076 45.0
2077 45.0
2078 45.0
2079 45.0
2080 45.0
2081 45.0
2082 45.0
2083 45.0
2084 45.0
2085 45.0
2086 45.0
2087 45.0
2088 45.0
2089 45.0
2090 45.0
2091 45.0
2092 45.0
2093 45.0
2094 45.0
2095 45.0
2096 45.0
2097 45.0
2098 45.0
2099 45.0
2100 45.0
2101 45.0
2102 45.0
2103 45.0
2104 45.0
2105 45.0
2106 45.0
2107 45.0
2108 45.0
2109 45.0
2110 45.0
2111 45.0
2112 45.0
2113 45.0
2114 45.0
2115 45.0
2116 45.0
2117 45.0
2118 45.0
2119 45.0
2120 45.0
2121 45.0
2122 45.0
2123 45.0
2124 45.0
2125 45.0
2126 45.0
2127 45.0
2128 45.0
2129 45.0
2130 45.0
2131 45.0
2132 45.0
2133 45.0
2134 45.0
2135 45.0
2136 45.0
2137 45.0
2138 45.0
2139 45.0
2140 45.0
2141 45.0
2142 45.0
2143 45.0
2144 45.0
2145 45.0
2146 45.0
2147 45.0
2148 45.0
2149 45.0
2150 45.0
2151 45.0
2152 45.0
2153 45.0
2154 45.0
2155 45.0
2156 45.0
2157 45.0
2158 45.0
2159 45.0
2160 45.0
2161 45.0
2162 45.0
2163 45.0
2164 45.0
2165 45.0
2166 45.0
2167 45.0
2168 45.0
2169 45.0
2170 45.0
2171 45.0
2172 45.0
2173 45.0
2174 45.0
2175 45.0
2176 45.0
2177 45.0
2178 45.0
2179 45.0
2180 45.0
2181 45.0
2182 45.0
2183 45.0
2184 45.0
2185 45.0
2186 45.0
2187 45.0
2188 45.0
2189 45.0
2190 45.0
2191 45.0
2192 45.0
2193 45.0
2194 45.0
2195 45.0
2196 45.0
2197 45.0
2198 45.0
2199 45.0
2200 45.0
2201 45.0
2202 45.0
2203 45.0
2204 45.0
2205 45.0
2206 45.0
2207 45.0
2208 45.0
2209 45.0
2210 45.0
2211 45.0
2212 45.0
2213 45.0
2214 45.0
2215 45.0
2216 45.0
2217 45.0
2218 45.0
2219 45.0
2220 45.0
2221 45.0
2222 45.0
2223 45.0
2224 45.0
2225 45.0
2226 45.0
2227 45.0
2228 45.0
2229 45.0
2230 45.0
2231 45.0
2232 45.0
2233 45.0
2234 45.0
2235 45.0
2236 45.0
2237 45.0
2238 45.0
2239 45.0
2240 45.0
2241 45.0
2242 45.0
2243 45.0
2244 45.0
2245 45.0
2246 45.0
2247 45.0
2248 45.0
2249 45.0
2250 45.0
2251 45.0
2252 45.0
2253 45.0
2254 45.0
2255 45.0
2256 45.0
2257 45.0
2258 45.0
2259 45.0
2260 45.0
2261 45.0
2262 45.0
2263 45.0
2264 45.0
2265 45.0
2266 45.0
2267 45.0
2268 45.0
2269 45.0
2270 45.0
2271 45.0
2272 45.0
2273 45.0
2274 45.0
2275 45.0
2276 45.0
2277 45.0
2278 45.0
2279 45.0
2280 45.0
2281 45.0
2282 45.0
2283 45.0
2284 45.0
2285 45.0
2286 45.0
2287 45.0
2288 45.0
2289 45.0
2290 45.0
2291 45.0
2292 45.0
2293 45.0
2294 45.0
2295 45.0
2296 45.0
2297 45.0
2298 45.0
2299 45.0
2300 45.0
2301 45.0
2302 45.0
2303 45.0
2304 45.0
2305 45.0
2306 45.0
2307 45.0
2308 45.0
2309 45.0
2310 45.0
2311 45.0
2312 45.0
2313 45.0
2314 45.0
2315 45.0
2316 45.0
2317 45.0
2318 45.0
2319 45.0
2320 45.0
2321 45.0
2322 45.0
2323 45.0
2324 45.0
2325 45.0
2326 45.0
2327 45.0
2328 45.0
2329 45.0
2330 45.0
2331 45.0
2332 45.0
2333 45.0
2334 45.0
2335 45.0
2336 45.0
2337 45.0
2338 45.0
2339 45.0
2340 45.0
2341 45.0
2342 45.0
2343 45.0
2344 45.0
2345 45.0
2346 45.0
2347 45.0
2348 45.0
2349 45.0
2350 45.0
2351 45.0
2352 45.0
2353 45.0
2354 45.0
2355 45.0
2356 45.0
2357 45.0
2358 45.0
2359 45.0
2360 45.0
2361 45.0
2362 45.0
2363 45.0
2364 45.0
2365 45.0
2366 45.0
2367 45.0
2368 45.0
2369 45.0
2370 45.0
2371 45.0
2372 45.0
2373 45.0
2374 45.0
2375 45.0
2376 45.0
2377 45.0
2378 45.0
2379 45.0
2380 45.0
2381 45.0
2382 45.0
2383 45.0
2384 45.0
2385 45.0
2386 45.0
2387 45.0
2388 45.0
2389 45.0
2390 45.0
2391 45.0
2392 45.0
2393 45.0
2394 45.0
2395 45.0
2396 45.0
2397 45.0
2398 45.0
2399 45.0
2400 45.0
2401 45.0
2402 45.0
2403 45.0
2404 45.0
2405 45.0
2406 45.0
2407 45.0
2408 45.0
2409 45.0
2410 45.0
2411 45.0
2412 45.0
2413 45.0
2414 45.0
2415 45.0
2416 45.0
2417 45.0
2418 45.0
2419 45.0
2420 45.0
2421 45.0
2422 45.0
2423 45.0
2424 45.0
2425 45.0
2426 45.0
2427 45.0
2428 45.0
2429 45.0
2430 45.0
2431 45.0
2432 45.0
2433 45.0
2434 45.0
2435 45.0
2436 45.0
2437 45.0
2438 45.0
2439 45.0
2440 45.0
2441 45.0
2442 45.0
2443 45.0
2444 45.0
2445 45.0
2446 45.0
2447 45.0
2448 45.0
2449 45.0
2450 45.0
2451 45.0
2452 45.0
2453 45.0
2454 45.0
2455 45.0
2456 45.0
2457 45.0
2458 45.0
2459 45.0
2460 45.0
2461 45.0
2462 45.0
2463 45.0
2464 45.0
2465 45.0
2466 45.0
2467 45.0
2468 45.0
2469 45.0
2470 45.0
2471 45.0
2472 45.0
2473 45.0
2474 45.0
2475 45.0
2476 45.0
2477 45.0
2478 45.0
2479 45.0
2480 45.0
2481 45.0
2482 45.0
2483 45.0
2484 45.0
2485 45.0
2486 45.0
2487 45.0
2488 45.0
2489 45.0
2490 45.0
2491 45.0
2492 45.0
2493 45.0
2494 45.0
2495 45.0
2496 45.0
2497 45.0
2498 45.0
2499 45.0
2500 45.0
2501 45.0
2502 45.0
2503 45.0
2504 45.0
2505 45.0
2506 45.0
2507 45.0
2508 45.0
2509 45.0
2510 45.0
2511 45.0
2512 45.0
2513 45.0
2514 45.0
2515 45.0
2516 45.0
2517 45.0
2518 45.0
2519 45.0
2520 45.0
2521 45.0
2522 45.0
2523 45.0
2524 45.0
2525 45.0
2526 45.0
2527 45.0
2528 45.0
2529 45.0
2530 45.0
2531 45.0
2532 45.0
2533 45.0
2534 45.0
2535 45.0
2536 45.0
2537 45.0
2538 45.0
2539 45.0
2540 45.0
2541 45.0
2542 45.0
2543 45.0
2544 45.0
2545 45.0
2546 45.0
2547 45.0
2548 45.0
2549 45.0
2550 45.0
2551 45.0
2552 45.0
2553 45.0
2554 45.0
2555 45.0
2556 45.0
2557 45.0
2558 45.0
2559 45.0
2560 45.0
2561 45.0
2562 45.0
2563 45.0
2564 45.0
2565 45.0
2566 45.0
2567 45.0
2568 45.0
2569 45.0
2570 45.0
2571 45.0
2572 45.0
2573 45.0
2574 45.0
2575 45.0
2576 45.0
2577 45.0
2578 45.0
2579 45.0
2580 45.0
2581 45.0
2582 45.0
2583 45.0
2584 45.0
2585 45.0
2586 45.0
2587 45.0
2588 45.0
2589 45.0
2590 45.0
2591 45.0
2592 45.0
2593 45.0
2594 45.0
2595 45.0
2596 45.0
2597 45.0
2598 45.0
2599 45.0
2600 45.0
2601 45.0
2602 45.0
2603 45.0
2604 45.0
2605 45.0
2606 45.0
2607 45.0
2608 45.0
2609 45.0
2610 45.0
2611 45.0
2612 45.0
2613 45.0
2614 45.0
2615 45.0
2616 45.0
2617 45.0
2618 45.0
2619 45.0
2620 45.0
2621 45.0
2622 45.0
2623 45.0
2624 45.0
2625 45.0
2626 45.0
2627 45.0
2628 45.0
2629 45.0
2630 45.0
2631 45.0
2632 45.0
2633 45.0
2634 45.0
2635 45.0
2636 45.0
2637 45.0
2638 45.0
2639 45.0
2640 45.0
2641 45.0
2642 45.0
2643 45.0
2644 45.0
2645 45.0
2646 45.0
2647 45.0
2648 45.0
2649 45.0
2650 45.0
2651 45.0
2652 45.0
2653 45.0
2654 45.0
2655 45.0
2656 45.0
2657 45.0
2658 45.0
2659 45.0
2660 45.0
2661 45.0
2662 45.0
2663 45.0
2664 45.0
2665 45.0
2666 45.0
2667 45.0
2668 45.0
2669 45.0
2670 45.0
2671 45.0
2672 45.0
2673 45.0
2674 45.0
2675 45.0
2676 45.0
2677 45.0
2678 45.0
2679 45.0
2680 45.0
2681 45.0
2682 45.0
2683 45.0
2684 45.0
2685 45.0
2686 45.0
2687 45.0
2688 45.0
2689 45.0
2690 45.0
2691 45.0
2692 45.0
2693 45.0
2694 45.0
2695 45.0
2696 45.0
2697 45.0
2698 45.0
2699 45.0
2700 45.0
2701 45.0
2702 45.0
2703 45.0
2704 45.0
2705 45.0
2706 45.0
2707 45.0
2708 45.0
2709 45.0
2710 45.0
2711 45.0
2712 45.0
2713 45.0
2714 45.0
2715 45.0
2716 45.0
2717 45.0
2718 45.0
2719 45.0
2720 45.0
2721 45.0
2722 45.0
2723 45.0
2724 45.0
2725 45.0
2726 45.0
2727 45.0
2728 45.0
2729 45.0
2730 45.0
2731 45.0
2732 45.0
2733 45.0
2734 45.0
2735 45.0
2736 45.0
2737 45.0
2738 45.0
2739 45.0
2740 45.0
2741 45.0
2742 45.0
2743 45.0
2744 45.0
2745 45.0
2746 45.0
2747 45.0
2748 45.0
2749 45.0
2750 45.0
2751 45.0
2752 45.0
2753 45.0
2754 45.0
2755 45.0
2756 45.0
2757 45.0
2758 45.0
2759 45.0
2760 45.0
2761 45.0
2762 45.0
2763 45.0
2764 45.0
2765 45.0
2766 45.0
2767 45.0
2768 45.0
2769 45.0
2770 45.0
2771 45.0
2772 45.0
2773 45.0
2774 45.0
2775 45.0
2776 45.0
2777 45.0
2778 45.0
2779 45.0
2780 45.0
2781 45.0
2782 45.0
2783 45.0
2784 45.0
2785 45.0
2786 45.0
2787 45.0
2788 45.0
2789 45.0
2790 45.0
2791 45.0
2792 45.0
2793 45.0
2794 45.0
2795 45.0
2796 45.0
2797 45.0
2798 45.0
2799 45.0
2800 45.0
2801 45.0
2802 45.0
2803 45.0
2804 45.0
2805 45.0
2806 45.0
2807 45.0
2808 45.0
2809 45.0
2810 45.0
2811 45.0
2812 45.0
2813 45.0
2814 45.0
2815 45.0
2816 45.0
2817 45.0
2818 45.0
2819 45.0
2820 45.0
2821 45.0
2822 45.0
2823 45.0
2824 45.0
2825 45.0
2826 45.0
2827 45.0
2828 45.0
2829 45.0
2830 45.0
2831 45.0
2832 45.0
2833 45.0
2834 45.0
2835 45.0
2836 45.0
2837 45.0
2838 45.0
2839 45.0
2840 45.0
2841 45.0
2842 45.0
2843 45.0
2844 45.0
2845 45.0
2846 45.0
2847 45.0
2848 45.0
2849 45.0
2850 45.0
2851 45.0
2852 45.0
2853 45.0
2854 45.0
2855 45.0
2856 45.0
2857 45.0
2858 45.0
2859 45.0
2860 45.0
2861 45.0
2862 45.0
2863 45.0
2864 45.0
2865 45.0
2866 45.0
2867 45.0
2868 45.0
2869 45.0
2870 45.0
2871 45.0
2872 45.0
2873 45.0
2874 45.0
2875 45.0
2876 45.0
2877 45.0
2878 45.0
2879 45.0
2880 45.0
2881 45.0
2882 45.0
2883 45.0
2884 45.0
2885 45.0
2886 45.0
2887 45.0
2888 45.0
2889 45.0
2890 45.0
2891 45.0
2892 45.0
2893 45.0
2894 45.0
2895 45.0
2896 45.0
2897 45.0
2898 45.0
2899 45.0
2900 45.0
2901 45.0
2902 45.0
2903 45.0
2904 45.0
2905 45.0
2906 45.0
2907 45.0
2908 45.0
2909 45.0
2910 45.0
2911 45.0
2912 45.0
2913 45.0
2914 45.0
2915 45.0
2916 45.0
2917 45.0
2918 45.0
2919 45.0
2920 45.0
2921 45.0
2922 45.0
2923 45.0
2924 45.0
2925 45.0
2926 45.0
2927 45.0
2928 45.0
2929 45.0
2930 45.0
2931 45.0
2932 45.0
2933 45.0
2934 45.0
2935 45.0
2936 45.0
2937 45.0
2938 45.0
2939 45.0
2940 45.0
2941 45.0
2942 45.0
2943 45.0
2944 45.0
2945 45.0
2946 45.0
2947 45.0
2948 45.0
2949 45.0
2950 45.0
2951 45.0
2952 45.0
2953 45.0
2954 45.0
2955 45.0
2956 45.0
2957 45.0
2958 45.0
2959 45.0
2960 45.0
2961 45.0
2962 45.0
2963 45.0
2964 45.0
2965 45.0
2966 45.0
2967 45.0
2968 45.0
2969 45.0
2970 45.0
2971 45.0
2972 45.0
2973 45.0
2974 45.0
2975 45.0
2976 45.0
2977 45.0
2978 45.0
2979 45.0
2980 45.0
2981 45.0
2982 45.0
2983 45.0
2984 45.0
2985 45.0
2986 45.0
2987 45.0
2988 45.0
2989 45.0
2990 45.0
2991 45.0
2992 45.0
2993 45.0
2994 45.0
2995 45.0
2996 45.0
2997 45.0
2998 45.0
2999 45.0
3000 45.0
3001 45.0
3002 45.0
3003 45.0
3004 45.0
3005 45.0
3006 45.0
3007 45.0
3008 45.0
3009 45.0
3010 45.0
3011 45.0
3012 45.0
3013 45.0
3014 45.0
3015 45.0
3016 45.0
3017 45.0
3018 45.0
3019 45.0
3020 45.0
3021 45.0
3022 45.0
3023 45.0
3024 45.0
3025 45.0
3026 45.0
3027 45.0
3028 45.0
3029 45.0
3030 45.0
3031 45.0
3032 45.0
3033 45.0
3034 45.0
3035 45.0
3036 45.0
3037 45.0
3038 45.0
3039 45.0
3040 45.0
3041 45.0
3042 45.0
3043 45.0
3044 45.0
3045 45.0
3046 45.0
3047 45.0
3048 45.0
3049 45.0
3050 45.0
3051 45.0
3052 45.0
3053 45.0
3054 45.0
3055 45.0
3056 45.0
3057 45.0
3058 45.0
3059 45.0
3060 45.0
3061 45.0
3062 45.0
3063 45.0
3064 45.0
3065 45.0
3066 45.0
3067 45.0
3068 45.0
3069 45.0
3070 45.0
3071 45.0
3072 45.0
3073 45.0
3074 45.0
3075 45.0
3076 45.0
3077 45.0
3078 45.0
3079 45.0
3080 45.0
3081 45.0
3082 45.0
3083 45.0
3084 45.0
3085 45.0
3086 45.0
3087 45.0
3088 45.0
3089 45.0
3090 45.0
3091 45.0
3092 45.0
3093 45.0
3094 45.0
3095 45.0
3096 45.0
3097 45.0
3098 45.0
3099 45.0
3100 45.0
3101 45.0
3102 45.0
3103 45.0
3104 45.0
3105 45.0
3106 45.0
3107 45.0
3108 45.0
3109 45.0
3110 45.0
3111 45.0
3112 45.0
3113 45.0
3114 45.0
3115 45.0
3116 45.0
3117 45.0
3118 45.0
3119 45.0
3120 45.0
3121 45.0
3122 45.0
3123 45.0
3124 45.0
3125 45.0
3126 45.0
3127 45.0
3128 45.0
3129 45.0
3130 45.0
3131 45.0
3132 45.0
3133 45.0
3134 45.0
3135 45.0
3136 45.0
3137 45.0
3138 45.0
3139 45.0
3140 45.0
3141 45.0
3142 45.0
3143 45.0
3144 45.0
3145 45.0
3146 45.0
3147 45.0
3148 45.0
3149 45.0
3150 45.0
3151 45.0
3152 45.0
3153 45.0
3154 45.0
3155 45.0
3156 45.0
3157 45.0
3158 45.0
3159 45.0
3160 45.0
3161 45.0
3162 45.0
3163 45.0
3164 45.0
3165 45.0
3166 45.0
3167 45.0
3168 45.0
3169 45.0
3170 45.0
3171 45.0
3172 45.0
3173 45.0
3174 45.0
3175 45.0
3176 45.0
3177 45.0
3178 45.0
3179 45.0
3180 45.0
3181 45.0
3182 45.0
3183 45.0
3184 45.0
3185 45.0
3186 45.0
3187 45.0
3188 45.0
3189 45.0
3190 45.0
3191 45.0
3192 45.0
3193 45.0
3194 45.0
3195 45.0
3196 45.0
3197 45.0
3198 45.0
3199 45.0
3200 45.0
3201 45.0
3202 45.0
3203 45.0
3204 45.0
3205 45.0
3206 45.0
3207 45.0
3208 45.0
3209 45.0
3210 45.0
3211 45.0
3212 45.0
3213 45.0
3214 45.0
3215 45.0
3216 45.0
3217 45.0
3218 45.0
3219 45.0
3220 45.0
3221 45.0
3222 45.0
3223 45.0
3224 45.0
3225 45.0
3226 45.0
3227 45.0
3228 45.0
3229 45.0
3230 45.0
3231 45.0
3232 45.0
3233 45.0
3234 45.0
3235 45.0
3236 45.0
3237 45.0
3238 45.0
3239 45.0
3240 45.0
3241 45.0
3242 45.0
3243 45.0
3244 45.0
3245 45.0
3246 45.0
3247 45.0
3248 45.0
3249 45.0
3250 45.0
3251 45.0
3252 45.0
3253 45.0
3254 45.0
3255 45.0
3256 45.0
3257 45.0
3258 45.0
3259 45.0
3260 45.0
3261 45.0
3262 45.0
3263 45.0
3264 45.0
3265 45.0
3266 45.0
3267 45.0
3268 45.0
3269 45.0
3270 45.0
3271 45.0
3272 45.0
3273 45.0
3274 45.0
3275 45.0
3276 45.0
3277 45.0
3278 45.0
3279 45.0
3280 45.0
3281 45.0
3282 45.0
3283 45.0
3284 45.0
3285 45.0
3286 45.0
3287 45.0
3288 45.0
3289 45.0
3290 45.0
3291 45.0
3292 45.0
3293 45.0
3294 45.0
3295 45.0
3296 45.0
3297 45.0
3298 45.0
3299 45.0
3300 45.0
3301 45.0
3302 45.0
3303 45.0
3304 45.0
3305 45.0
3306 45.0
3307 45.0
3308 45.0
3309 45.0
3310 45.0
3311 45.0
3312 45.0
3313 45.0
3314 45.0
3315 45.0
3316 45.0
3317 45.0
3318 45.0
3319 45.0
3320 45.0
3321 45.0
3322 45.0
3323 45.0
3324 45.0
3325 45.0
3326 45.0
3327 45.0
3328 45.0
3329 45.0
3330 45.0
3331 45.0
3332 45.0
3333 45.0
3334 45.0
3335 45.0
3336 45.0
3337 45.0
3338 45.0
3339 45.0
3340 45.0
3341 45.0
3342 45.0
3343 45.0
3344 45.0
3345 45.0
3346 45.0
3347 45.0
3348 45.0
3349 45.0
3350 45.0
3351 45.0
3352 45.0
3353 45.0
3354 45.0
3355 45.0
3356 45.0
3357 45.0
3358 45.0
3359 45.0
3360 45.0
3361 45.0
3362 45.0
3363 45.0
3364 45.0
3365 45.0
3366 45.0
3367 45.0
3368 45.0
3369 45.0
3370 45.0
3371 45.0
3372 45.0
3373 45.0
3374 45.0
3375 45.0
3376 45.0
3377 45.0
3378 45.0
3379 45.0
3380 45.0
3381 45.0
3382 45.0
3383 45.0
3384 45.0
3385 45.0
3386 45.0
3387 45.0
3388 45.0
3389 45.0
3390 45.0
3391 45.0
3392 45.0
3393 45.0
3394 45.0
3395 45.0
3396 45.0
3397 45.0
3398 45.0
3399 45.0
3400 45.0
3401 45.0
3402 45.0
3403 45.0
3404 45.0
3405 45.0
3406 45.0
3407 45.0
3408 45.0
3409 45.0
3410 45.0
3411 45.0
3412 45.0
3413 45.0
3414 45.0
3415 45.0
3416 45.0
3417 45.0
3418 45.0
3419 45.0
3420 45.0
3421 45.0
3422 45.0
3423 45.0
3424 45.0
3425 45.0
3426 45.0
3427 45.0
3428 45.0
3429 45.0
3430 45.0
3431 45.0
3432 45.0
3433 45.0
3434 45.0
3435 45.0
3436 45.0
3437 45.0
3438 45.0
3439 45.0
3440 45.0
3441 45.0
3442 45.0
3443 45.0
3444 45.0
3445 45.0
3446 45.0
3447 45.0
3448 45.0
3449 45.0
3450 45.0
3451 45.0
3452 45.0
3453 45.0
3454 45.0
3455 45.0
3456 45.0
3457 45.0
3458 45.0
3459 45.0
3460 45.0
3461 45.0
3462 45.0
3463 45.0
3464 45.0
3465 45.0
3466 45.0
3467 45.0
3468 45.0
3469 45.0
3470 45.0
3471 45.0
3472 45.0
3473 45.0
3474 45.0
3475 45.0
3476 45.0
3477 45.0
3478 45.0
3479 45.0
3480 45.0
3481 45.0
3482 45.0
3483 45.0
3484 45.0
3485 45.0
3486 45.0
3487 45.0
3488 45.0
3489 45.0
3490 45.0
3491 45.0
3492 45.0
3493 45.0
3494 45.0
3495 45.0
3496 45.0
3497 45.0
3498 45.0
3499 45.0
3500 45.0
3501 45.0
3502 45.0
3503 45.0
3504 45.0
3505 45.0
3506 45.0
3507 45.0
3508 45.0
3509 45.0
3510 45.0
3511 45.0
3512 45.0
3513 45.0
3514 45.0
3515 45.0
3516 45.0
3517 45.0
3518 45.0
3519 45.0
3520 45.0
3521 45.0
3522 45.0
3523 45.0
3524 45.0
3525 45.0
3526 45.0
3527 45.0
3528 45.0
3529 45.0
3530 45.0
3531 45.0
3532 45.0
3533 45.0
3534 45.0
3535 45.0
3536 45.0
3537 45.0
3538 45.0
3539 45.0
3540 45.0
3541 45.0
3542 45.0
3543 45.0
3544 45.0
3545 45.0
3546 45.0
3547 45.0
3548 45.0
3549 45.0
3550 45.0
3551 45.0
3552 45.0
3553 45.0
3554 45.0
3555 45.0
3556 45.0
3557 45.0
3558 45.0
3559 45.0
3560 45.0
3561 45.0
3562 45.0
3563 45.0
3564 45.0
3565 45.0
3566 45.0
3567 45.0
3568 45.0
3569 45.0
3570 45.0
3571 45.0
3572 45.0
3573 45.0
3574 45.0
3575 45.0
3576 45.0
3577 45.0
3578 45.0
3579 45.0
3580 45.0
3581 45.0
3582 45.0
3583 45.0
3584 45.0
3585 45.0
3586 45.0
3587 45.0
3588 45.0
3589 45.0
3590 45.0
3591 45.0
3592 45.0
3593 45.0
3594 45.0
3595 45.0
3596 45.0
3597 45.0
3598 45.0
3599 45.0
3600 45.0
3601 45.0
3602 45.0
3603 45.0
3604 45.0
3605 45.0
3606 45.0
3607 45.0
3608 45.0
3609 45.0
3610 45.0
3611 45.0
3612 45.0
3613 45.0
3614 45.0
3615 45.0
3616 45.0
3617 45.0
3618 45.0
3619 45.0
3620 45.0
3621 45.0
3622 45.0
3623 45.0
3624 45.0
3625 45.0
3626 45.0
3627 45.0
3628 45.0
3629 45.0
3630 45.0
3631 45.0
3632 45.0
3633 45.0
3634 45.0
3635 45.0
3636 45.0
3637 45.0
3638 45.0
3639 45.0
3640 45.0
3641 45.0
3642 45.0
3643 45.0
3644 45.0
3645 45.0
3646 45.0
3647 45.0
3648 45.0
3649 45.0
3650 45.0
3651 45.0
3652 45.0
3653 45.0
3654 45.0
3655 45.0
3656 45.0
3657 45.0
3658 45.0
3659 45.0
3660 45.0
3661 45.0
3662 45.0
3663 45.0
3664 45.0
3665 45.0
3666 45.0
3667 45.0
3668 45.0
3669 45.0
3670 45.0
3671 45.0
3672 45.0
3673 45.0
3674 45.0
3675 45.0
3676 45.0
3677 45.0
3678 45.0
3679 45.0
3680 45.0
3681 45.0
3682 45.0
3683 45.0
3684 45.0
3685 45.0
3686 45.0
3687 45.0
3688 45.0
3689 45.0
3690 45.0
3691 45.0
3692 45.0
3693 45.0
3694 45.0
3695 45.0
3696 45.0
3697 45.0
3698 45.0
3699 45.0
3700 45.0
3701 45.0
3702 45.0
3703 45.0
3704 45.0
3705 45.0
3706 45.0
3707 45.0
3708 45.0
3709 45.0
3710 45.0
3711 45.0
3712 45.0
3713 45.0
3714 45.0
3715 45.0
3716 45.0
3717 45.0
3718 45.0
3719 45.0
3720 45.0
3721 45.0
3722 45.0
3723 45.0
3724 45.0
3725 45.0
3726 45.0
3727 45.0
3728 45.0
3729 45.0
3730 45.0
3731 45.0
3732 45.0
3733 45.0
3734 45.0
3735 45.0
3736 45.0
3737 45.0
3738 45.0
3739 45.0
3740 45.0
3741 45.0
3742 45.0
3743 45.0
3744 45.0
3745 45.0
3746 45.0
3747 45.0
3748 45.0
3749 45.0
3750 45.0
3751 45.0
3752 45.0
3753 45.0
3754 45.0
3755 45.0
3756 45.0
3757 45.0
3758 45.0
3759 45.0
3760 45.0
3761 45.0
3762 45.0
3763 45.0
3764 45.0
3765 45.0
3766 45.0
3767 45.0
3768 45.0
3769 45.0
3770 45.0
3771 45.0
3772 45.0
3773 45.0
3774 45.0
3775 45.0
3776 45.0
3777 45.0
3778 45.0
3779 45.0
3780 45.0
3781 45.0
3782 45.0
3783 45.0
3784 45.0
3785 45.0
3786 45.0
3787 45.0
3788 45.0
3789 45.0
3790 45.0
3791 45.0
3792 45.0
3793 45.0
3794 45.0
3795 45.0
3796 45.0
3797 45.0
3798 45.0
3799 45.0
3800 45.0
3801 45.0
3802 45.0
3803 45.0
3804 45.0
3805 45.0
3806 45.0
3807 45.0
3808 45.0
3809 45.0
3810 45.0
3811 45.0
3812 45.0
3813 45.0
3814 45.0
3815 45.0
3816 45.0
3817 45.0
3818 45.0
3819 45.0
3820 45.0
3821 45.0
3822 45.0
3823 45.0
3824 45.0
3825 45.0
3826 45.0
3827 45.0
3828 45.0
3829 45.0
3830 45.0
3831 45.0
3832 45.0
3833 45.0
3834 45.0
3835 45.0
3836 45.0
3837 45.0
3838 45.0
3839 45.0
3840 45.0
3841 45.0
3842 45.0
3843 45.0
3844 45.0
3845 45.0
3846 45.0
3847 45.0
3848 45.0
3849 45.0
3850 45.0
3851 45.0
3852 45.0
3853 45.0
3854 45.0
3855 45.0
3856 45.0
3857 45.0
3858 45.0
3859 45.0
3860 45.0
3861 45.0
3862 45.0
3863 45.0
3864 45.0
3865 45.0
3866 45.0
3867 45.0
3868 45.0
3869 45.0
3870 45.0
3871 45.0
3872 45.0
3873 45.0
3874 45.0
3875 45.0
3876 45.0
3877 45.0
3878 45.0
3879 45.0
3880 45.0
3881 45.0
3882 45.0
3883 45.0
3884 45.0
3885 45.0
3886 45.0
3887 45.0
3888 45.0
3889 45.0
3890 45.0
3891 45.0
3892 45.0
3893 45.0
3894 45.0
3895 45.0
3896 45.0
3897 45.0
3898 45.0
3899 45.0
3900 45.0
3901 45.0
3902 45.0
3903 45.0
3904 45.0
3905 45.0
3906 45.0
3907 45.0
3908 45.0
3909 45.0
3910 45.0
3911 45.0
3912 45.0
3913 45.0
3914 45.0
3915 45.0
3916 45.0
3917 45.0
3918 45.0
3919 45.0
3920 45.0
3921 45.0
3922 45.0
3923 45.0
3924 45.0
3925 45.0
3926 45.0
3927 45.0
3928 45.0
3929 45.0
3930 45.0
3931 45.0
3932 45.0
3933 45.0
3934 45.0
3935 45.0
3936 45.0
3937 45.0
3938 45.0
3939 45.0
3940 45.0
3941 45.0
3942 45.0
3943 45.0
3944 45.0
3945 45.0
3946 45.0
3947 45.0
3948 45.0
3949 45.0
3950 45.0
3951 45.0
3952 45.0
3953 45.0
3954 45.0
3955 45.0
3956 45.0
3957 45.0
3958 45.0
3959 45.0
3960 45.0
3961 45.0
3962 45.0
3963 45.0
3964 45.0
3965 45.0
3966 45.0
3967 45.0
3968 45.0
3969 45.0
3970 45.0
3971 45.0
3972 45.0
3973 45.0
3974 45.0
3975 45.0
3976 45.0
3977 45.0
3978 45.0
3979 45.0
3980 45.0
3981 45.0
3982 45.0
3983 45.0
3984 45.0
3985 45.0
3986 45.0
3987 45.0
3988 45.0
3989 45.0
3990 45.0
3991 45.0
3992 45.0
3993 45.0
3994 45.0
3995 45.0
3996 45.0
3997 45.0
3998 45.0
3999 45.0
4000 45.0
4001 45.0
4002 45.0
4003 45.0
4004 45.0
4005 45.0
4006 45.0
4007 45.0
4008 45.0
4009 45.0
4010 45.0
4011 45.0
4012 45.0
4013 45.0
4014 45.0
4015 45.0
4016 45.0
4017 45.0
4018 45.0
4019 45.0
4020 45.0
4021 45.0
4022 45.0
4023 45.0
4024 45.0
4025 45.0
4026 45.0
4027 45.0
4028 45.0
4029 45.0
4030 45.0
4031 45.0
4032 45.0
4033 45.0
4034 45.0
4035 45.0
4036 45.0
4037 45.0
4038 45.0
4039 45.0
4040 45.0
4041 45.0
4042 45.0
4043 45.0
4044 45.0
4045 45.0
4046 45.0
4047 45.0
4048 45.0
4049 45.0
4050 45.0
4051 45.0
4052 45.0
4053 45.0
4054 45.0
4055 45.0
4056 45.0
4057 45.0
4058 45.0
4059 45.0
4060 45.0
4061 45.0
4062 45.0
4063 45.0
4064 45.0
4065 45.0
4066 45.0
4067 45.0
4068 45.0
4069 45.0
4070 45.0
4071 45.0
4072 45.0
4073 45.0
4074 45.0
4075 45.0
4076 45.0
4077 45.0
4078 45.0
4079 45.0
4080 45.0
4081 45.0
4082 45.0
4083 45.0
4084 45.0
4085 45.0
4086 45.0
4087 45.0
4088 45.0
4089 45.0
4090 45.0
4091 45.0
4092 45.0
4093 45.0
4094 45.0
4095 45.0
4096 45.0
4097 45.0
4098 45.0
4099 45.0
4100 45.0
4101 45.0
4102 45.0
4103 45.0
4104 45.0
4105 45.0
4106 45.0
4107 45.0
4108 45.0
4109 45.0
4110 45.0
4111 45.0
4112 45.0
4113 45.0
4114 45.0
4115 45.0
4116 45.0
4117 45.0
4118 45.0
4119 45.0
4120 45.0
4121 45.0
4122 45.0
4123 45.0
4124 45.0
4125 45.0
4126 45.0
4127 45.0
4128 45.0
4129 45.0
4130 45.0
4131 45.0
4132 45.0
4133 45.0
4134 45.0
4135 45.0
4136 45.0
4137 45.0
4138 45.0
4139 45.0
4140 45.0
4141 45.0
4142 45.0
4143 45.0
4144 45.0
4145 45.0
4146 45.0
4147 45.0
4148 45.0
4149 45.0
4150 45.0
4151 45.0
4152 45.0
4153 45.0
4154 45.0
4155 45.0
4156 45.0
4157 45.0
4158 45.0
4159 45.0
4160 45.0
4161 45.0
4162 45.0
4163 45.0
4164 45.0
4165 45.0
4166 45.0
4167 45.0
4168 45.0
4169 45.0
4170 45.0
4171 45.0
4172 45.0
4173 45.0
4174 45.0
4175 45.0
4176 45.0
4177 45.0
4178 45.0
4179 45.0
4180 45.0
4181 45.0
4182 45.0
4183 45.0
4184 45.0
4185 45.0
4186 45.0
4187 45.0
4188 45.0
4189 45.0
4190 45.0
4191 45.0
4192 45.0
4193 45.0
4194 45.0
4195 45.0
4196 45.0
4197 45.0
4198 45.0
4199 45.0
4200 45.0
4201 45.0
4202 45.0
4203 45.0
4204 45.0
4205 45.0
4206 45.0
4207 45.0
4208 45.0
4209 45.0
4210 45.0
4211 45.0
4212 45.0
4213 45.0
4214 45.0
4215 45.0
4216 45.0
4217 45.0
4218 45.0
4219 45.0
4220 45.0
4221 45.0
4222 45.0
4223 45.0
4224 45.0
4225 45.0
4226 45.0
4227 45.0
4228 45.0
4229 45.0
4230 45.0
4231 45.0
4232 45.0
4233 45.0
4234 45.0
4235 45.0
4236 45.0
4237 45.0
4238 45.0
4239 45.0
4240 45.0
4241 45.0
4242 45.0
4243 45.0
4244 45.0
4245 45.0
4246 45.0
4247 45.0
4248 45.0
4249 45.0
4250 45.0
4251 45.0
4252 45.0
4253 45.0
4254 45.0
4255 45.0
4256 45.0
4257 45.0
4258 45.0
4259 45.0
4260 45.0
4261 45.0
4262 45.0
4263 45.0
4264 45.0
4265 45.0
4266 45.0
4267 45.0
4268 45.0
4269 45.0
4270 45.0
4271 45.0
4272 45.0
4273 45.0
4274 45.0
4275 45.0
4276 45.0
4277 45.0
4278 45.0
4279 45.0
4280 45.0
4281 45.0
4282 45.0
4283 45.0
4284 45.0
4285 45.0
4286 45.0
4287 45.0
4288 45.0
4289 45.0
4290 45.0
4291 45.0
4292 45.0
4293 45.0
4294 45.0
4295 45.0
4296 45.0
4297 45.0
4298 45.0
4299 45.0
4300 45.0
4301 45.0
4302 45.0
4303 45.0
4304 45.0
4305 45.0
4306 45.0
4307 45.0
4308 45.0
4309 45.0
4310 45.0
4311 45.0
4312 45.0
4313 45.0
4314 45.0
4315 45.0
4316 45.0
4317 45.0
4318 45.0
4319 45.0
4320 45.0
4321 45.0
4322 45.0
4323 45.0
4324 45.0
4325 45.0
4326 45.0
4327 45.0
4328 45.0
4329 45.0
4330 45.0
4331 45.0
4332 45.0
4333 45.0
4334 45.0
4335 45.0
4336 45.0
4337 45.0
4338 45.0
4339 45.0
4340 45.0
4341 45.0
4342 45.0
4343 45.0
4344 45.0
4345 45.0
4346 45.0
4347 45.0
4348 45.0
4349 45.0
4350 45.0
4351 45.0
4352 45.0
4353 45.0
4354 45.0
4355 45.0
4356 45.0
4357 45.0
4358 45.0
4359 45.0
4360 45.0
4361 45.0
4362 45.0
4363 45.0
4364 45.0
4365 45.0
4366 45.0
4367 45.0
4368 45.0
4369 45.0
4370 45.0
4371 45.0
4372 45.0
4373 45.0
4374 45.0
4375 45.0
4376 45.0
4377 45.0
4378 45.0
4379 45.0
4380 45.0
4381 45.0
4382 45.0
4383 45.0
4384 45.0
4385 45.0
4386 45.0
4387 45.0
4388 45.0
4389 45.0
4390 45.0
4391 45.0
4392 45.0
4393 45.0
4394 45.0
4395 45.0
4396 45.0
4397 45.0
4398 45.0
4399 45.0
4400 45.0
4401 45.0
4402 45.0
4403 45.0
4404 45.0
4405 45.0
4406 45.0
4407 45.0
4408 45.0
4409 45.0
4410 45.0
4411 45.0
4412 45.0
4413 45.0
4414 45.0
4415 45.0
4416 45.0
4417 45.0
4418 45.0
4419 45.0
4420 45.0
4421 45.0
4422 45.0
4423 45.0
4424 45.0
4425 45.0
4426 45.0
4427 45.0
4428 45.0
4429 45.0
4430 45.0
4431 45.0
4432 45.0
4433 45.0
4434 45.0
4435 45.0
4436 45.0
4437 45.0
4438 45.0
4439 45.0
4440 45.0
4441 45.0
4442 45.0
4443 45.0
4444 45.0
4445 45.0
4446 45.0
4447 45.0
4448 45.0
4449 45.0
4450 45.0
4451 45.0
4452 45.0
4453 45.0
4454 45.0
4455 45.0
4456 45.0
4457 45.0
4458 45.0
4459 45.0
4460 45.0
4461 45.0
4462 45.0
4463 45.0
4464 45.0
4465 45.0
4466 45.0
4467 45.0
4468 45.0
4469 45.0
4470 45.0
4471 45.0
4472 45.0
4473 45.0
4474 45.0
4475 45.0
4476 45.0
4477 45.0
4478 45.0
4479 45.0
4480 45.0
4481 45.0
4482 45.0
4483 45.0
4484 45.0
4485 45.0
4486 45.0
4487 45.0
4488 45.0
4489 45.0
4490 45.0
4491 45.0
4492 45.0
4493 45.0
4494 45.0
4495 45.0
4496 45.0
4497 45.0
4498 45.0
4499 45.0
4500 45.0
4501 45.0
4502 45.0
4503 45.0
4504 45.0
4505 45.0
4506 45.0
4507 45.0
4508 45.0
4509 45.0
4510 45.0
4511 45.0
4512 45.0
4513 45.0
4514 45.0
4515 45.0
4516 45.0
4517 45.0
4518 45.0
4519 45.0
4520 45.0
4521 45.0
4522 45.0
4523 45.0
4524 45.0
4525 45.0
4526 45.0
4527 45.0
4528 45.0
4529 45.0
4530 45.0
4531 45.0
4532 45.0
4533 45.0
4534 45.0
4535 45.0
4536 45.0
4537 45.0
4538 45.0
4539 45.0
4540 45.0
4541 45.0
4542 45.0
4543 45.0
4544 45.0
4545 45.0
4546 45.0
4547 45.0
4548 45.0
4549 45.0
4550 45.0
4551 45.0
4552 45.0
4553 45.0
4554 45.0
4555 45.0
4556 45.0
4557 45.0
4558 45.0
4559 45.0
4560 45.0
4561 45.0
4562 45.0
4563 45.0
4564 45.0
4565 45.0
4566 45.0
4567 45.0
4568 45.0
4569 45.0
4570 45.0
4571 45.0
4572 45.0
4573 45.0
4574 45.0
4575 45.0
4576 45.0
4577 45.0
4578 45.0
4579 45.0
4580 45.0
4581 45.0
4582 45.0
4583 45.0
4584 45.0
4585 45.0
4586 45.0
4587 45.0
4588 45.0
4589 45.0
4590 45.0
4591 45.0
4592 45.0
4593 45.0
4594 45.0
4595 45.0
4596 45.0
4597 45.0
4598 45.0
4599 45.0
4600 45.0
4601 45.0
4602 45.0
4603 45.0
4604 45.0
4605 45.0
4606 45.0
4607 45.0
4608 45.0
4609 45.0
4610 45.0
4611 45.0
4612 45.0
4613 45.0
4614 45.0
4615 45.0
4616 45.0
4617 45.0
4618 45.0
4619 45.0
4620 45.0
4621 45.0
4622 45.0
4623 45.0
4624 45.0
4625 45.0
4626 45.0
4627 45.0
4628 45.0
4629 45.0
4630 45.0
4631 45.0
4632 45.0
4633 45.0
4634 45.0
4635 45.0
4636 45.0
4637 45.0
4638 45.0
4639 45.0
4640 45.0
4641 45.0
4642 45.0
4643 45.0
4644 45.0
4645 45.0
4646 45.0
4647 45.0
4648 45.0
4649 45.0
4650 45.0
4651 45.0
4652 45.0
4653 45.0
4654 45.0
4655 45.0
4656 45.0
4657 45.0
4658 45.0
4659 45.0
4660 45.0
4661 45.0
4662 45.0
4663 45.0
4664 45.0
4665 45.0
4666 45.0
4667 45.0
4668 45.0
4669 45.0
4670 45.0
4671 45.0
4672 45.0
4673 45.0
4674 45.0
4675 45.0
4676 45.0
4677 45.0
4678 45.0
4679 45.0
4680 45.0
4681 45.0
4682 45.0
4683 45.0
4684 45.0
4685 45.0
4686 45.0
4687 45.0
4688 45.0
4689 45.0
4690 45.0
4691 45.0
4692 45.0
4693 45.0
4694 45.0
4695 45.0
4696 45.0
4697 45.0
4698 45.0
4699 45.0
4700 45.0
4701 45.0
4702 45.0
4703 45.0
4704 45.0
4705 45.0
4706 45.0
4707 45.0
4708 45.0
4709 45.0
4710 45.0
4711 45.0
4712 45.0
4713 45.0
4714 45.0
4715 45.0
4716 45.0
4717 45.0
4718 45.0
4719 45.0
4720 45.0
4721 45.0
4722 45.0
4723 45.0
4724 45.0
4725 45.0
4726 45.0
4727 45.0
4728 45.0
4729 45.0
4730 45.0
4731 45.0
4732 45.0
4733 45.0
4734 45.0
4735 45.0
4736 45.0
4737 45.0
4738 45.0
4739 45.0
4740 45.0
4741 45.0
4742 45.0
4743 45.0
4744 45.0
4745 45.0
4746 45.0
4747 45.0
4748 45.0
4749 45.0
4750 45.0
4751 45.0
4752 45.0
4753 45.0
4754 45.0
4755 45.0
4756 45.0
4757 45.0
4758 45.0
4759 45.0
4760 45.0
4761 45.0
4762 45.0
4763 45.0
4764 45.0
4765 45.0
4766 45.0
4767 45.0
4768 45.0
4769 45.0
4770 45.0
4771 45.0
4772 45.0
4773 45.0
4774 45.0
4775 45.0
4776 45.0
4777 45.0
4778 45.0
4779 45.0
4780 45.0
4781 45.0
4782 45.0
4783 45.0
4784 45.0
4785 45.0
4786 45.0
4787 45.0
4788 45.0
4789 45.0
4790 45.0
4791 45.0
4792 45.0
4793 45.0
4794 45.0
4795 45.0
4796 45.0
4797 45.0
4798 45.0
4799 45.0
4800 45.0
4801 45.0
4802 45.0
4803 45.0
4804 45.0
4805 45.0
4806 45.0
4807 45.0
4808 45.0
4809 45.0
4810 45.0
4811 45.0
4812 45.0
4813 45.0
4814 45.0
4815 45.0
4816 45.0
4817 45.0
4818 45.0
4819 45.0
4820 45.0
4821 45.0
4822 45.0
4823 45.0
4824 45.0
4825 45.0
4826 45.0
4827 45.0
4828 45.0
4829 45.0
4830 45.0
4831 45.0
4832 45.0
4833 45.0
4834 45.0
4835 45.0
4836 45.0
4837 45.0
4838 45.0
4839 45.0
4840 45.0
4841 45.0
4842 45.0
4843 45.0
4844 45.0
4845 45.0
4846 45.0
4847 45.0
4848 45.0
4849 45.0
4850 45.0
4851 45.0
4852 45.0
4853 45.0
4854 45.0
4855 45.0
4856 45.0
4857 45.0
4858 45.0
4859 45.0
4860 45.0
4861 45.0
4862 45.0
4863 45.0
4864 45.0
4865 45.0
4866 45.0
4867 45.0
4868 45.0
4869 45.0
4870 45.0
4871 45.0
4872 45.0
4873 45.0
4874 45.0
4875 45.0
4876 45.0
4877 45.0
4878 45.0
4879 45.0
4880 45.0
4881 45.0
4882 45.0
4883 45.0
4884 45.0
4885 45.0
4886 45.0
4887 45.0
4888 45.0
4889 45.0
4890 45.0
4891 45.0
4892 45.0
4893 45.0
4894 45.0
4895 45.0
4896 45.0
4897 45.0
4898 45.0
4899 45.0
4900 45.0
4901 45.0
4902 45.0
4903 45.0
4904 45.0
4905 45.0
4906 45.0
4907 45.0
4908 45.0
4909 45.0
4910 45.0
4911 45.0
4912 45.0
4913 45.0
4914 45.0
4915 45.0
4916 45.0
4917 45.0
4918 45.0
4919 45.0
4920 45.0
4921 45.0
4922 45.0
4923 45.0
4924 45.0
4925 45.0
4926 45.0
4927 45.0
4928 45.0
4929 45.0
4930 45.0
4931 45.0
4932 45.0
4933 45.0
4934 45.0
4935 45.0
4936 45.0
4937 45.0
4938 45.0
4939 45.0
4940 45.0
4941 45.0
4942 45.0
4943 45.0
4944 45.0
4945 45.0
4946 45.0
4947 45.0
4948 45.0
4949 45.0
4950 45.0
4951 45.0
4952 45.0
4953 45.0
4954 45.0
4955 45.0
4956 45.0
4957 45.0
4958 45.0
4959 45.0
4960 45.0
4961 45.0
4962 45.0
4963 45.0
4964 45.0
4965 45.0
4966 45.0
4967 45.0
4968 45.0
4969 45.0
4970 45.0
4971 45.0
4972 45.0
4973 45.0
4974 45.0
4975 45.0
4976 45.0
4977 45.0
4978 45.0
4979 45.0
4980 45.0
4981 45.0
4982 45.0
4983 45.0
4984 45.0
4985 45.0
4986 45.0
4987 45.0
4988 45.0
4989 45.0
4990 45.0
4991 45.0
4992 45.0
4993 45.0
4994 45.0
4995 45.0
4996 45.0
4997 45.0
4998 45.0
4999 45.0
