0 109
1 109
2 111
3 114
4 114
5 114
6 114
7 114
8 115
9 115
10 115
11 116
12 116
13 116
14 117
15 117
16 117
17 118
18 119
19 119
20 123
21 124
22 124
23 125
24 129
25 131
26 131
27 131
28 132
29 132
30 134
31 135
32 157
33 158
34 158
35 158
36 158
37 158
38 158
39 158
40 158
41 158
42 158
43 158
54 161
55 162
56 162
57 162
58 162
59 162
60 162
61 162
62 164
63 164
64 170
65 170
66 170
67 175
68 175
69 175
70 175
71 175
72 175
73 175
74 175
75 175
76 175
77 179
78 179
79 179
80 179
81 187
82 187
83 187
84 187
85 187
86 187
87 200
88 200
89 201
90 201
91 201
92 201
93 201
94 201
95 201
96 201
97 201
98 201
99 202
100 202
101 202
102 202
103 202
104 202
105 202
106 202
107 202
108 202
109 202
120 213
121 214
122 215
123 215
124 215
125 217
126 217
127 217
128 217
129 217
130 217
131 217
132 217
133 218
134 218
135 222
136 222
137 222
138 222
139 223
140 223
141 223
142 223
143 223
144 223
145 223
146 226
147 226
148 227
149 227
150 229
151 230
152 230
153 230
154 230
155 232
156 232
157 233
158 238
159 238
160 239
161 239
162 239
163 239
164 239
165 239
166 239
167 239
168 245
169 245
170 249
171 249
172 249
173 249
174 249
175 249
176 250
177 250
178 250
179 250
180 252
181 252
182 252
183 252
184 252
185 252
186 252
187 252
188 252
189 252
190 268
191 282
192 285
193 285
194 285
195 285
196 286
197 286
198 286
199 286
200 289
201 289
202 289
203 289
204 289
205 289
206 289
207 289
208 290
209 290
210 290
211 291
212 291
213 291
214 291
215 291
216 291
217 291
218 291
219 292
220 296
221 296
222 296
223 296
224 298
225 298
226 298
227 298
228 298
229 300
230 300
231 300
232 300
233 300
234 301
235 301
236 301
237 302
238 302
239 302
240 302
241 302
242 302
243 302
244 302
245 302
246 302
247 302
258 302
259 302
260 302
261 306
262 306
263 306
264 306
265 306
266 306
267 306
268 306
269 306
270 306
271 306
282 307
283 307
284 307
285 307
286 307
287 307
288 307
289 307
290 307
291 307
302 308
303 308
304 310
305 310
306 310
307 310
308 310
309 310
310 310
311 311
312 312
313 312
314 312
315 312
316 312
317 312
318 312
319 313
320 313
321 313
322 330
323 330
324 330
325 330
326 330
327 330
328 330
329 330
330 330
331 330
332 330
343 333
344 333
345 333
346 333
347 333
348 333
349 333
350 333
351 333
352 333
353 453
354 453
355 453
356 453
357 455
358 455
359 456
360 456
361 456
362 456
363 456
364 456
365 456
366 457
367 457
368 457
369 457
370 457
371 458
372 458
373 458
374 458
375 458
376 458
377 458
378 458
379 458
380 458
381 458
392 463
393 463
394 463
395 463
396 463
397 465
398 468
399 468
400 468
401 468
402 468
403 468
404 468
405 468
406 468
407 468
408 469
409 469
410 469
411 469
412 469
413 469
414 474
415 474
416 474
417 474
418 474
419 474
420 476
421 476
422 476
423 476
424 476
425 478
426 478
427 478
428 478
429 478
430 481
431 481
432 481
433 481
434 481
435 481
436 481
437 481
438 481
439 481
440 481
451 493
452 493
453 493
454 493
455 493
456 495
457 495
458 496
459 496
460 496
461 496
462 496
463 496
464 496
465 496
466 496
467 496
468 496
479 501
480 501
481 501
482 501
483 504
484 504
485 506
486 507
487 507
488 507
489 507
490 540
491 540
492 540
493 540
494 540
495 540
496 541
497 541
498 541
499 541
500 541
501 541
502 541
503 541
504 541
505 541
506 541
517 545
518 545
519 545
520 545
521 545
522 554
523 554
524 554
525 554
526 554
527 554
528 554
529 554
530 554
531 554
532 554
543 558
544 558
545 558
546 558
547 558
548 558
549 559
550 559
551 559
552 567
553 567
554 567
555 567
556 569
557 583
558 583
559 583
560 583
561 583
562 583
563 583
564 583
565 583
566 583
567 583
578 589
579 589
580 589
581 589
582 590
583 590
584 590
585 591
586 591
587 591
588 593
589 593
590 593
591 593
592 593
593 593
594 593
595 593
596 593
597 593
598 593
609 594
610 594
611 596
612 604
613 605
614 605
615 605
616 605
617 605
618 605
619 605
620 605
621 605
622 605
623 605
634 605
635 605
636 605
637 605
638 605
639 605
640 605
641 605
642 605
643 605
654 606
655 610
656 610
657 610
658 617
659 617
660 617
661 617
662 617
663 617
664 617
665 617
666 617
667 617
668 618
669 618
670 618
671 618
672 618
673 619
674 619
675 619
676 619
677 619
678 619
679 619
680 619
681 619
682 619
683 619
694 620
695 620
696 620
697 620
698 620
699 620
700 620
701 620
702 620
703 620
714 620
715 620
716 620
717 620
718 625
719 625
720 642
721 642
722 642
723 642
724 642
725 642
726 642
727 642
728 642
729 642
730 642
741 642
742 642
743 642
744 642
745 642
746 644
747 644
748 648
749 648
750 648
751 648
752 648
753 650
754 650
755 650
756 656
757 656
758 656
759 656
760 656
761 657
762 657
763 657
764 657
765 657
766 664
767 664
768 664
769 664
770 664
771 664
772 664
773 664
774 664
775 664
776 664
787 663
788 663
789 663
790 663
791 663
792 663
793 663
794 663
795 663
796 663
807 663
808 663
809 663
810 663
811 663
812 663
813 663
814 664
815 664
816 664
817 664
818 664
819 664
820 664
821 664
822 664
823 664
824 664
835 667
836 667
837 667
838 667
839 667
840 667
841 667
842 667
843 667
844 667
855 666
856 666
857 667
858 667
859 667
860 667
861 667
862 667
863 667
864 667
865 667
866 667
867 667
878 666
879 666
880 666
881 666
882 666
883 666
884 666
885 666
886 666
887 666
898 665
899 665
900 668
901 668
902 668
903 668
904 668
905 668
906 668
907 668
908 668
909 668
910 668
921 669
922 669
923 669
924 669
925 669
926 669
927 669
928 672
929 672
930 672
931 672
932 672
933 672
934 672
935 672
936 672
937 672
938 672
949 676
950 676
951 676
952 676
953 676
954 676
955 676
956 676
957 676
958 676
969 675
970 675
971 675
972 675
973 675
974 675
975 675
976 675
977 675
978 675
989 676
990 676
991 676
992 676
993 677
994 677
995 677
996 677
997 677
998 677
999 677
1000 677
1001 677
1002 677
1003 680
1004 680
1005 680
1006 680
1007 680
1008 680
1009 680
1010 680
1011 680
1012 681
1013 681
1014 681
1015 681
1016 681
1017 681
1018 681
1019 681
1020 681
1021 681
1022 681
1033 690
1034 690
1035 690
1036 690
1037 690
1038 690
1039 690
1040 690
1041 690
1042 690
1053 690
1054 690
1055 690
1056 690
1057 690
1058 690
1059 690
1060 690
1061 690
1062 690
1073 690
1074 690
1075 690
1076 690
1077 690
1078 690
1079 690
1080 690
1081 690
1082 690
1093 692
1094 692
1095 692
1096 695
1097 695
1098 695
1099 695
1100 695
1101 695
1102 695
1103 695
1104 695
1105 695
1106 695
1117 694
1118 694
1119 694
1120 694
1121 700
1122 700
1123 700
1124 700
1125 700
1126 700
1127 700
1128 700
1129 700
1130 700
1131 700
1142 699
1143 700
1144 700
1145 700
1146 709
1147 709
1148 709
1149 709
1150 709
1151 709
1152 709
1153 709
1154 709
1155 709
1156 709
1167 709
1168 709
1169 709
1170 709
1171 709
1172 709
1173 709
1174 709
1175 709
1176 709
1187 713
1188 713
1189 713
1190 713
1191 713
1192 713
1193 713
1194 713
1195 713
1196 713
1207 723
1208 723
1209 723
1210 723
1211 723
1212 723
1213 723
1214 723
1215 723
1216 723
1227 722
1228 722
1229 722
1230 722
1231 722
1232 722
1233 722
1234 722
1235 722
1236 722
1237 722
1248 729
1249 735
1250 735
1251 735
1252 735
1253 735
1254 735
1255 735
1256 735
1257 735
1258 735
1259 735
1270 735
1271 735
1272 735
1273 735
1274 735
1275 735
1276 735
1277 735
1278 735
1279 736
1280 736
1281 738
1282 738
1283 738
1284 738
1285 738
1286 738
1287 738
1288 738
1289 740
1290 740
1291 740
1292 740
1293 740
1294 740
1295 740
1296 740
1297 740
1298 740
1299 740
1310 739
1311 739
1312 739
1313 739
1314 739
1315 739
1316 739
1317 739
1318 739
1319 739
1330 741
1331 741
1332 741
1333 741
1334 741
1335 741
1336 741
1337 741
1338 741
1339 741
1350 743
1351 743
1352 743
1353 743
1354 743
1355 743
1356 743
1357 743
1358 743
1359 743
1370 742
1371 742
1372 742
1373 742
1374 742
1375 742
1376 742
1377 742
1378 742
1379 742
1390 746
1391 746
1392 746
1393 746
1394 746
1395 746
1396 746
1397 746
1398 746
1399 746
1410 745
1411 745
1412 745
1413 745
1414 745
1415 745
1416 747
1417 747
1418 747
1419 747
1420 747
1421 747
1422 747
1423 747
1424 747
1425 747
1426 747
1437 747
1438 747
1439 747
1440 747
1441 747
1442 747
1443 747
1444 747
1445 747
1446 747
1447 747
1458 752
1459 755
1460 755
1461 755
1462 755
1463 755
1464 755
1465 755
1466 755
1467 755
1468 755
1469 755
1480 772
1481 772
1482 773
1483 773
1484 773
1485 773
1486 773
1487 773
1488 773
1489 773
1490 773
1491 773
1492 773
1503 774
1504 774
1505 774
1506 774
1507 774
1508 774
1509 774
1510 774
1511 778
1512 778
1513 781
1514 781
1515 781
1516 781
1517 781
1518 781
1519 781
1520 781
1521 781
1522 781
1523 781
1534 794
1535 794
1536 802
1537 802
1538 802
1539 802
1540 802
1541 802
1542 802
1543 802
1544 803
1545 803
1546 803
1547 803
1548 803
1549 803
1550 803
1551 803
1552 803
1553 803
1554 803
1565 801
1566 801
1567 801
1568 801
1569 801
1570 801
1571 801
1572 801
1573 801
1574 801
1585 802
1586 802
1587 802
1588 802
1589 813
1590 813
1591 813
1592 813
1593 813
1594 813
1595 813
1596 813
1597 813
1598 813
1599 813
1610 811
1611 813
1612 813
1613 813
1614 813
1615 813
1616 813
1617 813
1618 813
1619 813
1620 813
1621 813
1632 812
1633 812
1634 812
1635 812
1636 812
1637 812
1638 812
1639 812
1640 812
1641 812
1652 813
1653 813
1654 813
1655 813
1656 813
1657 813
1658 813
1659 813
1660 814
1661 814
1662 814
1663 814
1664 814
1665 814
1666 814
1667 814
1668 814
1669 814
1670 814
1681 814
1682 814
1683 814
1684 814
1685 814
1686 814
1687 814
1688 816
1689 816
1690 816
1691 816
1692 816
1693 816
1694 816
1695 816
1696 816
1697 816
1698 816
1709 815
1710 817
1711 817
1712 817
1713 817
1714 817
1715 817
1716 820
1717 820
1718 820
1719 820
1720 820
1721 820
1722 820
1723 820
1724 820
1725 820
1726 820
1737 819
1738 819
1739 819
1740 819
1741 819
1742 819
1743 819
1744 819
1745 819
1746 819
1757 818
1758 818
1759 819
1760 819
1761 819
1762 819
1763 819
1764 819
1765 819
1766 833
1767 833
1768 833
1769 833
1770 833
1771 833
1772 833
1773 833
1774 833
1775 833
1776 833
1787 833
1788 833
1789 833
1790 833
1791 833
1792 833
1793 833
1794 833
1795 833
1796 833
1807 832
1808 832
1809 832
1810 832
1811 832
1812 832
1813 832
1814 832
1815 840
1816 840
1817 840
1818 840
1819 840
1820 840
1821 840
1822 840
1823 840
1824 840
1825 840
1836 843
1837 843
1838 843
1839 843
1840 843
1841 843
1842 843
1843 843
1844 843
1845 843
1856 843
1857 843
1858 843
1859 843
1860 843
1861 843
1862 843
1863 843
1864 843
1865 843
1876 842
1877 842
1878 844
1879 844
1880 844
1881 844
1882 844
1883 844
1884 844
1885 850
1886 850
1887 850
1888 850
1889 850
1890 850
1891 850
1892 850
1893 850
1894 850
1895 850
1906 848
1907 848
1908 852
1909 852
1910 852
1911 852
1912 852
1913 852
1914 852
1915 852
1916 852
1917 852
1918 852
1929 851
1930 851
1931 851
1932 851
1933 851
1934 851
1935 851
1936 851
1937 851
1938 851
1949 850
1950 850
1951 850
1952 850
1953 850
1954 850
1955 850
1956 850
1957 850
1958 850
1969 849
1970 849
1971 849
1972 849
1973 849
1974 849
1975 849
1976 849
1977 849
1978 849
1989 852
1990 852
1991 852
1992 852
1993 852
1994 852
1995 852
1996 852
1997 852
1998 852
2009 852
2010 852
2011 852
2012 852
2013 852
2014 853
2015 853
2016 853
2017 853
2018 853
2019 853
2020 853
2021 853
2022 853
2023 853
2024 853
2035 851
2036 851
2037 851
2038 851
2039 851
2040 851
2041 851
2042 851
2043 851
2044 852
2045 852
2046 852
2047 852
2048 852
2049 852
2050 852
2051 852
2052 852
2053 852
2054 852
2065 852
2066 852
2067 852
2068 852
2069 852
2070 852
2071 852
2072 852
2073 852
2074 852
2085 853
2086 853
2087 853
2088 853
2089 853
2090 853
2091 853
2092 853
2093 853
2094 853
2105 852
2106 852
2107 852
2108 852
2109 852
2110 852
2111 852
2112 852
2113 852
2114 852
2125 852
2126 852
2127 852
2128 852
2129 852
2130 852
2131 852
2132 852
2133 852
2134 852
2145 850
2146 850
2147 850
2148 850
2149 850
2150 850
2151 851
2152 851
2153 851
2154 851
2155 851
2156 851
2157 851
2158 851
2159 851
2160 851
2161 851
2172 853
2173 853
2174 853
2175 853
2176 853
2177 853
2178 853
2179 853
2180 853
2181 853
2192 857
2193 857
2194 857
2195 857
2196 857
2197 857
2198 857
2199 857
2200 857
2201 857
2202 857
2213 854
2214 855
2215 855
2216 855
2217 855
2218 855
2219 855
2220 855
2221 855
2222 855
2223 855
2224 855
2235 856
2236 856
2237 856
2238 856
2239 856
2240 856
2241 856
2242 856
2243 856
2244 856
2255 857
2256 857
2257 857
2258 857
2259 857
2260 857
2261 857
2262 857
2263 857
2264 857
2275 857
2276 857
2277 857
2278 857
2279 857
2280 857
2281 857
2282 857
2283 857
2284 857
2295 855
2296 855
2297 855
2298 855
2299 855
2300 855
2301 855
2302 855
2303 856
2304 856
2305 856
2306 856
2307 856
2308 856
2309 856
2310 856
2311 856
2312 856
2313 856
2324 856
2325 856
2326 856
2327 856
2328 856
2329 856
2330 856
2331 856
2332 856
2333 856
2344 856
2345 856
2346 856
2347 856
2348 856
2349 856
2350 856
2351 856
2352 856
2353 856
2364 855
2365 855
2366 855
2367 855
2368 855
2369 855
2370 855
2371 855
2372 861
2373 861
2374 861
2375 863
2376 863
2377 863
2378 866
2379 866
2380 866
2381 866
2382 866
2383 866
2384 866
2385 866
2386 866
2387 866
2388 866
2399 867
2400 867
2401 867
2402 867
2403 867
2404 867
2405 867
2406 867
2407 867
2408 867
2419 865
2420 865
2421 865
2422 865
2423 865
2424 865
2425 865
2426 865
2427 865
2428 865
2439 866
2440 866
2441 866
2442 866
2443 866
2444 866
2445 866
2446 866
2447 866
2448 866
2459 866
2460 866
2461 866
2462 866
2463 866
2464 866
2465 866
2466 866
2467 866
2468 866
2479 865
2480 865
2481 865
2482 865
2483 865
2484 865
2485 865
2486 865
2487 865
2488 865
2499 868
2500 868
2501 868
2502 868
2503 868
2504 868
2505 868
2506 868
2507 868
2508 868
2519 873
2520 873
2521 873
2522 873
2523 873
2524 873
2525 873
2526 953
2527 953
2528 953
2529 953
2530 953
2531 953
2532 953
2533 953
2534 953
2535 953
2536 953
2547 955
2548 955
2549 955
2550 955
2551 955
2552 955
2553 955
2554 955
2555 955
2556 971
2557 971
2558 971
2559 971
2560 971
2561 971
2562 971
2563 971
2564 971
2565 971
2566 971
2577 971
2578 971
2579 971
2580 971
2581 971
2582 971
2583 971
2584 971
2585 971
2586 971
2597 971
2598 971
2599 971
2600 971
2601 971
2602 971
2603 971
2604 972
2605 972
2606 972
2607 972
2608 972
2609 972
2610 972
2611 972
2612 972
2613 972
2614 972
2625 971
2626 971
2627 971
2628 971
2629 971
2630 971
2631 971
2632 971
2633 971
2634 971
2645 972
2646 972
2647 972
2648 972
2649 972
2650 972
2651 972
2652 972
2653 972
2654 972
2665 972
2666 972
2667 972
2668 972
2669 972
2670 972
2671 972
2672 972
2673 972
2674 973
2675 973
2676 973
2677 973
2678 973
2679 973
2680 973
2681 973
2682 973
2683 973
2684 973
2695 972
2696 972
2697 972
2698 972
2699 972
2700 972
2701 972
2702 972
2703 972
2704 972
2715 975
2716 975
2717 975
2718 975
2719 975
2720 975
2721 975
2722 975
2723 975
2724 975
2735 976
2736 976
2737 976
2738 976
2739 976
2740 976
2741 976
2742 976
2743 976
2744 976
2755 974
2756 974
2757 974
2758 974
2759 974
2760 974
2761 974
2762 974
2763 974
2764 974
2775 975
2776 975
2777 975
2778 975
2779 975
2780 975
2781 975
2782 975
2783 975
2784 975
2795 975
2796 975
2797 975
2798 975
2799 975
2800 975
2801 975
2802 975
2803 975
2804 975
2815 974
2816 974
2817 974
2818 974
2819 974
2820 974
2821 974
2822 974
2823 974
2824 974
2835 974
2836 974
2837 974
2838 974
2839 974
2840 974
2841 974
2842 974
2843 977
2844 977
2845 977
2846 977
2847 977
2848 977
2849 977
2850 977
2851 977
2852 977
2853 977
2864 976
2865 976
2866 976
2867 976
2868 976
2869 976
2870 976
2871 976
2872 976
2873 976
2884 978
2885 978
2886 978
2887 978
2888 978
2889 978
2890 978
2891 978
2892 978
2893 978
2904 976
2905 976
2906 976
2907 976
2908 980
2909 980
2910 980
2911 980
2912 980
2913 980
2914 980
2915 980
2916 980
2917 980
2918 980
2929 978
2930 978
2931 978
2932 978
2933 978
2934 978
2935 978
2936 978
2937 978
2938 978
2949 980
2950 980
2951 980
2952 980
2953 980
2954 980
2955 980
2956 980
2957 980
2958 980
2969 979
2970 979
2971 979
2972 980
2973 980
2974 980
2975 980
2976 980
2977 980
2978 980
2979 980
2980 980
2981 980
2982 980
2993 979
2994 979
2995 979
2996 979
2997 979
2998 979
2999 979
3000 979
3001 979
3002 979
3013 979
3014 979
3015 979
3016 979
3017 979
3018 979
3019 979
3020 979
3021 979
3022 979
3023 979
3034 978
3035 981
3036 981
3037 981
3038 981
3039 981
3040 981
3041 981
3042 981
3043 981
3044 981
3045 981
3056 979
3057 979
3058 979
3059 979
3060 979
3061 979
3062 979
3063 979
3064 979
3065 979
3076 982
3077 982
3078 982
3079 982
3080 982
3081 982
3082 982
3083 982
3084 982
3085 982
3096 981
3097 981
3098 981
3099 981
3100 981
3101 981
3102 981
3103 981
3104 981
3105 981
3116 982
3117 982
3118 982
3119 982
3120 982
3121 982
3122 982
3123 982
3124 982
3125 982
3136 979
3137 979
3138 979
3139 979
3140 979
3141 979
3142 979
3143 982
3144 982
3145 982
3146 982
3147 982
3148 982
3149 982
3150 982
3151 982
3152 982
3153 982
3164 982
3165 982
3166 982
3167 982
3168 982
3169 982
3170 982
3171 982
3172 982
3173 982
3184 979
3185 979
3186 979
3187 979
3188 979
3189 979
3190 979
3191 979
3192 979
3193 979
3204 981
3205 981
3206 981
3207 981
3208 981
3209 981
3210 981
3211 981
3212 981
3213 981
3224 980
3225 980
3226 980
3227 980
3228 980
3229 980
3230 980
3231 980
3232 980
3233 980
3244 979
3245 979
3246 979
3247 979
3248 979
3249 979
3250 979
3251 979
3252 980
3253 980
3254 980
3255 980
3256 980
3257 980
3258 980
3259 980
3260 980
3261 980
3262 982
3263 982
3264 982
3265 982
3266 982
3267 982
3268 982
3269 982
3270 982
3271 982
3272 982
3283 981
3284 981
3285 981
3286 981
3287 981
3288 981
3289 981
3290 981
3291 981
3292 981
3303 980
3304 980
3305 980
3306 980
3307 980
3308 980
3309 980
3310 980
3311 986
3312 986
3313 986
3314 986
3315 986
3316 986
3317 986
3318 986
3319 986
3320 986
3321 986
3332 983
3333 983
3334 983
3335 983
3336 983
3337 983
3338 983
3339 983
3340 983
3341 983
3352 984
3353 984
3354 986
3355 986
3356 986
3357 986
3358 986
3359 986
3360 986
3361 986
3362 986
3363 986
3364 986
3375 982
3376 982
3377 982
3378 984
3379 984
3380 984
3381 984
3382 984
3383 984
3384 984
3385 984
3386 984
3387 984
3388 986
3389 986
3390 986
3391 986
3392 986
3393 986
3394 986
3395 986
3396 986
3397 986
3398 986
3409 983
3410 983
3411 983
3412 983
3413 983
3414 983
3415 983
3416 983
3417 983
3418 983
3429 985
3430 985
3431 985
3432 985
3433 985
3434 985
3435 985
3436 985
3437 985
3438 985
3449 982
3450 982
3451 982
3452 982
3453 982
3454 984
3455 984
3456 984
3457 984
3458 984
3459 984
3460 984
3461 984
3462 984
3463 984
3464 984
3475 983
3476 983
3477 983
3478 983
3479 983
3480 983
3481 983
3482 983
3483 983
3484 983
3495 983
3496 983
3497 983
3498 983
3499 983
3500 983
3501 983
3502 983
3503 983
3504 983
3515 982
3516 982
3517 982
3518 982
3519 982
3520 982
3521 982
3522 982
3523 982
3524 982
3535 982
3536 982
3537 982
3538 982
3539 982
3540 982
3541 982
3542 982
3543 982
3544 982
3555 984
3556 984
3557 984
3558 984
3559 984
3560 984
3561 984
3562 984
3563 984
3564 984
3575 983
3576 983
3577 983
3578 983
3579 983
3580 983
3581 983
3582 983
3583 983
3584 983
3595 981
3596 982
3597 982
3598 982
3599 982
3600 982
3601 982
3602 982
3603 983
3604 984
3605 984
3606 984
3607 984
3608 984
3609 984
3610 984
3611 984
3612 984
3613 984
3614 984
3625 981
3626 983
3627 983
3628 983
3629 983
3630 984
3631 984
3632 984
3633 984
3634 984
3635 984
3636 984
3637 984
3638 984
3639 984
3640 984
3651 983
3652 983
3653 983
3654 983
3655 983
3656 983
3657 983
3658 983
3659 983
3660 983
3671 1004
3672 1004
3673 1004
3674 1004
3675 1004
3676 1004
3677 1004
3678 1004
3679 1004
3680 1004
3691 1005
3692 1005
3693 1005
3694 1005
3695 1005
3696 1005
3697 1005
3698 1005
3699 1005
3700 1005
3711 1004
3712 1004
3713 1004
3714 1004
3715 1004
3716 1004
3717 1004
3718 1004
3719 1004
3720 1004
3731 1003
3732 1003
3733 1003
3734 1003
3735 1003
3736 1003
3737 1004
3738 1004
3739 1004
3740 1004
3741 1004
3742 1004
3743 1004
3744 1004
3745 1004
3746 1004
3747 1004
3758 1004
3759 1004
3760 1004
3761 1004
3762 1004
3763 1004
3764 1004
3765 1004
3766 1004
3767 1004
3778 1004
3779 1004
3780 1004
3781 1004
3782 1004
3783 1004
3784 1004
3785 1004
3786 1004
3787 1004
3798 1004
3799 1004
3800 1004
3801 1004
3802 1004
3803 1004
3804 1004
3805 1004
3806 1004
3807 1004
3808 1004
3819 1003
3820 1003
3821 1003
3822 1005
3823 1005
3824 1005
3825 1005
3826 1005
3827 1005
3828 1005
3829 1005
3830 1005
3831 1005
3832 1005
3843 1005
3844 1005
3845 1005
3846 1005
3847 1005
3848 1005
3849 1005
3850 1005
3851 1005
3852 1005
3863 1004
3864 1004
3865 1004
3866 1004
3867 1004
3868 1004
3869 1004
3870 1004
3871 1004
3872 1004
3883 1003
3884 1003
3885 1003
3886 1003
3887 1003
3888 1003
3889 1003
3890 1016
3891 1016
3892 1016
3893 1016
3894 1016
3895 1016
3896 1016
3897 1016
3898 1016
3899 1016
3900 1016
3911 1016
3912 1016
3913 1016
3914 1017
3915 1017
3916 1017
3917 1018
3918 1018
3919 1018
3920 1018
3921 1018
3922 1019
3923 1019
3924 1019
3925 1019
3926 1019
3927 1019
3928 1019
3929 1019
3930 1019
3931 1019
3932 1019
3943 1017
3944 1017
3945 1017
3946 1017
3947 1017
3948 1018
3949 1018
3950 1018
3951 1018
3952 1018
3953 1018
3954 1018
3955 1022
3956 1022
3957 1022
3958 1022
3959 1022
3960 1022
3961 1022
3962 1022
3963 1022
3964 1022
3965 1022
3976 1019
3977 1019
3978 1019
3979 1019
3980 1019
3981 1019
3982 1019
3983 1019
3984 1019
3985 1019
3996 1021
3997 1021
3998 1021
3999 1021
4000 1021
4001 1021
4002 1021
4003 1021
4004 1021
4005 1021
4016 1030
4017 1030
4018 1030
4019 1030
4020 1030
4021 1030
4022 1030
4023 1030
4024 1030
4025 1031
4026 1031
4027 1031
4028 1031
4029 1031
4030 1031
4031 1031
4032 1031
4033 1031
4034 1031
4035 1031
4046 1031
4047 1031
4048 1031
4049 1031
4050 1031
4051 1031
4052 1031
4053 1031
4054 1031
4055 1031
4066 1030
4067 1030
4068 1030
4069 1030
4070 1030
4071 1030
4072 1030
4073 1030
4074 1030
4075 1030
4086 1028
4087 1028
4088 1028
4089 1028
4090 1028
4091 1029
4092 1029
4093 1029
4094 1029
4095 1029
4096 1029
4097 1030
4098 1030
4099 1030
4100 1030
4101 1030
4102 1030
4103 1030
4104 1030
4105 1030
4106 1030
4107 1030
4118 1028
4119 1028
4120 1028
4121 1028
4122 1028
4123 1028
4124 1028
4125 1028
4126 1028
4127 1028
4138 1029
4139 1029
4140 1029
4141 1029
4142 1029
4143 1029
4144 1030
4145 1030
4146 1030
4147 1030
4148 1030
4149 1030
4150 1030
4151 1030
4152 1030
4153 1030
4154 1030
4165 1030
4166 1030
4167 1030
4168 1030
4169 1030
4170 1030
4171 1030
4172 1030
4173 1030
4174 1030
4185 1027
4186 1027
4187 1027
4188 1027
4189 1027
4190 1027
4191 1027
4192 1027
4193 1027
4194 1027
4205 1027
4206 1027
4207 1027
4208 1027
4209 1027
4210 1027
4211 1031
4212 1031
4213 1031
4214 1031
4215 1031
4216 1031
4217 1031
4218 1031
4219 1031
4220 1031
4221 1031
4232 1031
4233 1031
4234 1031
4235 1031
4236 1031
4237 1031
4238 1031
4239 1031
4240 1031
4241 1031
4252 1034
4253 1034
4254 1034
4255 1034
4256 1034
4257 1034
4258 1034
4259 1034
4260 1034
4261 1034
4272 1035
4273 1035
4274 1035
4275 1035
4276 1035
4277 1035
4278 1035
4279 1035
4280 1035
4281 1035
4292 1033
4293 1033
4294 1033
4295 1033
4296 1033
4297 1033
4298 1033
4299 1033
4300 1033
4301 1033
4312 1031
4313 1031
4314 1031
4315 1032
4316 1032
4317 1032
4318 1032
4319 1032
4320 1032
4321 1032
4322 1032
4323 1032
4324 1032
4325 1032
4336 1032
4337 1032
4338 1032
4339 1032
4340 1032
4341 1032
4342 1032
4343 1032
4344 1032
4345 1032
4356 1029
4357 1029
4358 1029
4359 1029
4360 1029
4361 1029
4362 1029
4363 1029
4364 1029
4365 1029
4376 1030
4377 1030
4378 1030
4379 1030
4380 1030
4381 1030
4382 1030
4383 1030
4384 1030
4385 1030
4396 1030
4397 1030
4398 1030
4399 1030
4400 1030
4401 1030
4402 1030
4403 1030
4404 1030
4405 1030
4416 1030
4417 1030
4418 1030
4419 1030
4420 1030
4421 1030
4422 1030
4423 1030
4424 1030
4425 1030
4436 1031
4437 1031
4438 1031
4439 1031
4440 1031
4441 1031
4442 1031
4443 1031
4444 1031
4445 1031
4456 1028
4457 1028
4458 1028
4459 1029
4460 1029
4461 1029
4462 1029
4463 1029
4464 1029
4465 1029
4466 1029
4467 1029
4468 1029
4469 1029
4480 1029
4481 1029
4482 1029
4483 1029
4484 1029
4485 1029
4486 1029
4487 1029
4488 1029
4489 1029
4500 1028
4501 1028
4502 1028
4503 1029
4504 1029
4505 1029
4506 1029
4507 1029
4508 1029
4509 1029
4510 1029
4511 1029
4512 1029
4513 1029
4524 1028
4525 1028
4526 1028
4527 1028
4528 1028
4529 1028
4530 1033
4531 1033
4532 1033
4533 1033
4534 1033
4535 1033
4536 1033
4537 1033
4538 1033
4539 1033
4540 1033
4551 1030
4552 1030
4553 1030
4554 1030
4555 1031
4556 1031
4557 1031
4558 1031
4559 1031
4560 1031
4561 1031
4562 1031
4563 1033
4564 1033
4565 1033
4566 1033
4567 1033
4568 1033
4569 1033
4570 1033
4571 1033
4572 1033
4573 1033
4584 1033
4585 1033
4586 1033
4587 1033
4588 1033
4589 1034
4590 1034
4591 1034
4592 1034
4593 1034
4594 1034
4595 1034
4596 1034
4597 1034
4598 1034
4599 1034
4610 1040
4611 1040
4612 1040
4613 1040
4614 1040
4615 1040
4616 1040
4617 1040
4618 1040
4619 1040
4620 1040
4631 1040
4632 1040
4633 1040
4634 1040
4635 1040
4636 1040
4637 1040
4638 1040
4639 1040
4640 1040
4651 1041
4652 1041
4653 1041
4654 1041
4655 1041
4656 1041
4657 1041
4658 1041
4659 1041
4660 1041
4671 1039
4672 1039
4673 1039
4674 1039
4675 1039
4676 1056
4677 1056
4678 1056
4679 1056
4680 1056
4681 1056
4682 1056
4683 1056
4684 1056
4685 1056
4686 1056
4697 1054
4698 1054
4699 1054
4700 1054
4701 1054
4702 1054
4703 1054
4704 1054
4705 1054
4706 1054
4717 1054
4718 1054
4719 1054
4720 1054
4721 1054
4722 1054
4723 1054
4724 1054
4725 1054
4726 1054
4737 1054
4738 1054
4739 1054
4740 1054
4741 1054
4742 1054
4743 1054
4744 1054
4745 1054
4746 1054
4757 1056
4758 1056
4759 1056
4760 1056
4761 1056
4762 1056
4763 1056
4764 1056
4765 1056
4766 1056
4777 1055
4778 1055
4779 1055
4780 1055
4781 1055
4782 1056
4783 1056
4784 1056
4785 1056
4786 1056
4787 1056
4788 1056
4789 1056
4790 1056
4791 1056
4792 1056
4803 1063
4804 1063
4805 1063
4806 1063
4807 1063
4808 1063
4809 1063
4810 1063
4811 1063
4812 1063
4823 1060
4824 1062
4825 1062
4826 1062
4827 1062
4828 1062
4829 1062
4830 1062
4831 1062
4832 1062
4833 1062
4834 1062
4845 1062
4846 1063
4847 1063
4848 1063
4849 1063
4850 1063
4851 1063
4852 1063
4853 1063
4854 1063
4855 1063
4856 1063
4867 1062
4868 1062
4869 1062
4870 1062
4871 1062
4872 1062
4873 1062
4874 1062
4875 1062
4876 1062
4887 1063
4888 1063
4889 1063
4890 1063
4891 1063
4892 1063
4893 1063
4894 1063
4895 1063
4896 1063
4907 1060
4908 1060
4909 1060
4910 1060
4911 1060
4912 1060
4913 1060
4914 1062
4915 1062
4916 1062
4917 1062
4918 1062
4919 1062
4920 1062
4921 1062
4922 1062
4923 1062
4924 1062
4935 1060
4936 1060
4937 1060
4938 1060
4939 1060
4940 1060
4941 1060
4942 1060
4943 1060
4944 1060
4955 1061
4956 1061
4957 1061
4958 1061
4959 1061
4960 1061
4961 1061
4962 1061
4963 1061
4964 1061
4975 1061
4976 1061
4977 1061
4978 1061
4979 1061
4980 1061
4981 1061
4982 1061
4983 1061
4984 1061
4995 1061
4996 1061
4997 1061
4998 1061
4999 1061
