0 12904.0
1 12744.0
2 12744.0
3 12739.0
4 12267.0
5 11958.0
6 11806.0
7 11806.0
8 11504.0
9 11504.0
10 11360.0
11 11360.0
12 11360.0
13 11068.0
14 10798.0
15 10226.0
16 10087.0
17 10087.0
18 10087.0
19 9965.0
20 9965.0
21 9825.0
22 9825.0
23 9825.0
24 9825.0
25 9686.0
26 9684.0
27 9277.0
28 9276.0
29 9142.0
30 9142.0
31 8246.0
32 8246.0
33 8246.0
34 8246.0
35 8246.0
36 8134.0
37 8134.0
38 8134.0
39 8134.0
40 7884.0
41 7884.0
42 7760.0
43 7639.0
44 7639.0
45 6933.0
46 6933.0
47 6933.0
48 6817.0
49 6817.0
50 6817.0
51 6817.0
52 6817.0
53 6817.0
54 6817.0
55 6704.0
56 6704.0
57 6704.0
58 6704.0
59 6704.0
60 6704.0
61 6704.0
62 6704.0
63 6704.0
64 6477.0
65 6477.0
66 6477.0
67 6477.0
68 6477.0
69 6477.0
70 6477.0
71 6477.0
72 6477.0
73 6477.0
74 6477.0
85 5824.0
86 5753.0
87 5753.0
88 5753.0
89 5753.0
90 5753.0
91 5753.0
92 5753.0
93 5444.0
94 5352.0
95 5352.0
96 5352.0
97 5352.0
98 5352.0
99 5352.0
100 5262.0
101 5262.0
102 5262.0
103 5262.0
104 5262.0
105 5262.0
106 5262.0
107 5262.0
108 5162.0
109 4868.0
110 4868.0
111 4586.0
112 4586.0
113 4586.0
114 4586.0
115 4586.0
116 4586.0
117 4586.0
118 4586.0
119 4586.0
120 4586.0
121 4586.0
132 3746.0
133 3730.0
134 3653.0
135 3653.0
136 3653.0
137 3590.0
138 3590.0
139 3590.0
140 3590.0
141 3590.0
142 3387.0
143 3387.0
144 3387.0
145 3352.0
146 3352.0
147 3352.0
148 3352.0
149 3352.0
150 2915.0
151 2907.0
152 2898.0
153 2898.0
154 2898.0
155 2896.0
156 2840.0
157 2840.0
158 2334.0
159 2330.0
160 2327.0
161 2273.0
162 2267.0
163 2267.0
164 2267.0
165 2267.0
166 2221.0
167 2221.0
168 2221.0
169 2221.0
170 2221.0
171 2221.0
172 2221.0
173 2221.0
174 2221.0
175 2221.0
176 2206.0
177 2206.0
178 2206.0
179 2206.0
180 2206.0
181 2205.0
182 2205.0
183 2205.0
184 2170.0
185 2111.0
186 2111.0
187 2089.0
188 2089.0
189 2089.0
190 2049.0
191 2049.0
192 2049.0
193 2014.0
194 2014.0
195 2014.0
196 2014.0
197 2014.0
198 2014.0
199 1982.0
200 1982.0
201 1982.0
202 1853.0
203 1843.0
204 1591.0
205 1588.0
206 1588.0
207 1498.0
208 1491.0
209 1471.0
210 1444.0
211 1444.0
212 1444.0
213 1444.0
214 1444.0
215 1444.0
216 1444.0
217 1444.0
218 1444.0
219 1444.0
220 1444.0
231 1391.0
232 1391.0
233 1391.0
234 1391.0
235 1391.0
236 1356.0
237 1323.0
238 1323.0
239 1323.0
240 1323.0
241 1297.0
242 1285.0
243 1285.0
244 1285.0
245 1285.0
246 1285.0
247 1279.0
248 1279.0
249 1279.0
250 1279.0
251 1279.0
252 1279.0
253 1279.0
254 1279.0
255 1279.0
256 1279.0
257 1279.0
268 1233.0
269 1225.0
270 955.0
271 955.0
272 955.0
273 955.0
274 952.0
275 935.0
276 872.0
277 872.0
278 872.0
279 872.0
280 872.0
281 872.0
282 853.0
283 853.0
284 853.0
285 853.0
286 853.0
287 853.0
288 839.0
289 775.0
290 773.0
291 773.0
292 773.0
293 771.0
294 770.0
295 746.0
296 724.0
297 724.0
298 724.0
299 724.0
300 724.0
301 724.0
302 724.0
303 724.0
304 724.0
305 724.0
306 724.0
317 703.0
318 703.0
319 703.0
320 703.0
321 703.0
322 703.0
323 703.0
324 703.0
325 703.0
326 703.0
337 703.0
338 703.0
339 703.0
340 703.0
341 703.0
342 703.0
343 703.0
344 703.0
345 703.0
346 703.0
357 700.0
358 700.0
359 700.0
360 700.0
361 693.0
362 693.0
363 693.0
364 693.0
365 693.0
366 684.0
367 684.0
368 684.0
369 684.0
370 684.0
371 684.0
372 684.0
373 680.0
374 680.0
375 676.0
376 672.0
377 672.0
378 672.0
379 672.0
380 672.0
381 672.0
382 672.0
383 666.0
384 666.0
385 666.0
386 666.0
387 666.0
388 666.0
389 666.0
390 666.0
391 666.0
392 666.0
393 468.0
394 463.0
395 455.0
396 452.0
397 447.0
398 446.0
399 446.0
400 439.0
401 429.0
402 426.0
403 420.0
404 406.0
405 406.0
406 406.0
407 405.0
408 405.0
409 405.0
410 405.0
411 405.0
412 405.0
413 390.0
414 390.0
415 390.0
416 390.0
417 390.0
418 390.0
419 390.0
420 390.0
421 379.0
422 379.0
423 375.0
424 375.0
425 375.0
426 372.0
427 370.0
428 370.0
429 369.0
430 369.0
431 359.0
432 359.0
433 359.0
434 359.0
435 359.0
436 359.0
437 359.0
438 359.0
439 359.0
440 359.0
441 359.0
452 347.0
453 347.0
454 347.0
455 347.0
456 347.0
457 347.0
458 347.0
459 347.0
460 347.0
461 347.0
472 345.0
473 345.0
474 331.0
475 331.0
476 331.0
477 331.0
478 329.0
479 329.0
480 329.0
481 329.0
482 329.0
483 312.0
484 312.0
485 312.0
486 312.0
487 312.0
488 312.0
489 312.0
490 312.0
491 312.0
492 312.0
493 312.0
504 300.0
505 300.0
506 300.0
507 300.0
508 300.0
509 300.0
510 300.0
511 300.0
512 300.0
513 300.0
524 310.0
525 310.0
526 310.0
527 308.0
528 307.0
529 307.0
530 303.0
531 303.0
532 303.0
533 303.0
534 303.0
535 303.0
536 303.0
537 303.0
538 303.0
539 301.0
540 301.0
541 301.0
542 301.0
543 301.0
544 301.0
545 301.0
546 301.0
547 301.0
548 301.0
549 301.0
560 296.0
561 289.0
562 289.0
563 289.0
564 289.0
565 285.0
566 285.0
567 285.0
568 285.0
569 285.0
570 285.0
571 277.0
572 277.0
573 277.0
574 277.0
575 277.0
576 277.0
577 277.0
578 277.0
579 277.0
580 277.0
581 277.0
592 271.0
593 271.0
594 264.0
595 264.0
596 262.0
597 262.0
598 262.0
599 262.0
600 260.0
601 260.0
602 260.0
603 260.0
604 260.0
605 258.0
606 258.0
607 255.0
608 255.0
609 255.0
610 255.0
611 255.0
612 255.0
613 255.0
614 255.0
615 253.0
616 253.0
617 253.0
618 253.0
619 253.0
620 253.0
621 253.0
622 253.0
623 253.0
624 253.0
625 253.0
636 252.0
637 252.0
638 252.0
639 252.0
640 252.0
641 252.0
642 252.0
643 252.0
644 252.0
645 252.0
656 255.0
657 255.0
658 255.0
659 255.0
660 255.0
661 255.0
662 255.0
663 255.0
664 255.0
665 255.0
676 242.0
677 242.0
678 242.0
679 242.0
680 242.0
681 242.0
682 242.0
683 242.0
684 242.0
685 242.0
686 242.0
697 238.0
698 238.0
699 238.0
700 238.0
701 238.0
702 238.0
703 238.0
704 238.0
705 238.0
706 235.0
707 235.0
708 235.0
709 235.0
710 235.0
711 235.0
712 235.0
713 235.0
714 235.0
715 235.0
716 235.0
727 236.0
728 236.0
729 236.0
730 236.0
731 236.0
732 236.0
733 236.0
734 236.0
735 236.0
736 236.0
747 239.0
748 239.0
749 239.0
750 239.0
751 239.0
752 239.0
753 239.0
754 239.0
755 239.0
756 239.0
767 241.0
768 241.0
769 241.0
770 241.0
771 241.0
772 241.0
773 241.0
774 241.0
775 241.0
776 241.0
787 241.0
788 241.0
789 241.0
790 241.0
791 241.0
792 241.0
793 241.0
794 241.0
795 241.0
796 241.0
807 248.0
808 248.0
809 247.0
810 247.0
811 247.0
812 245.0
813 245.0
814 245.0
815 245.0
816 245.0
817 245.0
818 245.0
819 245.0
820 245.0
821 245.0
822 245.0
833 245.0
834 245.0
835 245.0
836 245.0
837 245.0
838 245.0
839 245.0
840 245.0
841 245.0
842 245.0
853 243.0
854 243.0
855 243.0
856 243.0
857 243.0
858 243.0
859 243.0
860 243.0
861 243.0
862 243.0
873 246.0
874 246.0
875 246.0
876 246.0
877 246.0
878 246.0
879 246.0
880 246.0
881 246.0
882 246.0
883 246.0
894 242.0
895 242.0
896 242.0
897 242.0
898 242.0
899 242.0
900 242.0
901 242.0
902 242.0
903 242.0
914 239.0
915 239.0
916 239.0
917 239.0
918 239.0
919 239.0
920 239.0
921 239.0
922 239.0
923 239.0
934 242.0
935 242.0
936 242.0
937 242.0
938 242.0
939 242.0
940 237.0
941 237.0
942 237.0
943 237.0
944 237.0
945 237.0
946 237.0
947 237.0
948 237.0
949 235.0
950 235.0
951 235.0
952 235.0
953 235.0
954 235.0
955 235.0
956 235.0
957 235.0
958 235.0
959 235.0
970 239.0
971 239.0
972 239.0
973 239.0
974 239.0
975 239.0
976 239.0
977 239.0
978 239.0
979 239.0
980 239.0
991 238.0
992 238.0
993 238.0
994 238.0
995 238.0
996 238.0
997 238.0
998 238.0
999 238.0
1000 238.0
1011 241.0
1012 241.0
1013 241.0
1014 241.0
1015 240.0
1016 238.0
1017 238.0
1018 238.0
1019 238.0
1020 238.0
1021 238.0
1022 234.0
1023 234.0
1024 234.0
1025 234.0
1026 234.0
1027 234.0
1028 234.0
1029 234.0
1030 234.0
1031 234.0
1032 234.0
1043 234.0
1044 234.0
1045 234.0
1046 234.0
1047 234.0
1048 234.0
1049 234.0
1050 234.0
1051 228.0
1052 228.0
1053 228.0
1054 228.0
1055 228.0
1056 228.0
1057 228.0
1058 228.0
1059 228.0
1060 228.0
1061 228.0
1072 228.0
1073 228.0
1074 228.0
1075 228.0
1076 228.0
1077 228.0
1078 228.0
1079 228.0
1080 228.0
1081 228.0
1092 230.0
1093 230.0
1094 230.0
1095 230.0
1096 230.0
1097 230.0
1098 230.0
1099 230.0
1100 230.0
1101 230.0
1112 230.0
1113 230.0
1114 230.0
1115 230.0
1116 230.0
1117 230.0
1118 230.0
1119 230.0
1120 230.0
1121 230.0
1132 238.0
1133 238.0
1134 238.0
1135 238.0
1136 238.0
1137 238.0
1138 238.0
1139 238.0
1140 228.0
1141 228.0
1142 228.0
1143 228.0
1144 228.0
1145 228.0
1146 228.0
1147 228.0
1148 228.0
1149 228.0
1150 228.0
1161 234.0
1162 234.0
1163 233.0
1164 233.0
1165 233.0
1166 233.0
1167 233.0
1168 233.0
1169 233.0
1170 233.0
1171 233.0
1172 233.0
1173 233.0
1184 233.0
1185 233.0
1186 233.0
1187 230.0
1188 227.0
1189 227.0
1190 227.0
1191 227.0
1192 227.0
1193 227.0
1194 227.0
1195 227.0
1196 227.0
1197 227.0
1198 227.0
1209 230.0
1210 230.0
1211 230.0
1212 230.0
1213 230.0
1214 230.0
1215 219.0
1216 219.0
1217 219.0
1218 216.0
1219 216.0
1220 216.0
1221 216.0
1222 216.0
1223 216.0
1224 216.0
1225 216.0
1226 216.0
1227 215.0
1228 215.0
1229 215.0
1230 215.0
1231 215.0
1232 215.0
1233 215.0
1234 215.0
1235 215.0
1236 215.0
1237 215.0
1248 213.0
1249 213.0
1250 213.0
1251 213.0
1252 213.0
1253 213.0
1254 213.0
1255 213.0
1256 213.0
1257 213.0
1268 213.0
1269 213.0
1270 213.0
1271 213.0
1272 211.0
1273 211.0
1274 211.0
1275 211.0
1276 211.0
1277 211.0
1278 211.0
1279 211.0
1280 211.0
1281 211.0
1282 211.0
1293 216.0
1294 216.0
1295 216.0
1296 216.0
1297 216.0
1298 216.0
1299 216.0
1300 216.0
1301 215.0
1302 215.0
1303 215.0
1304 215.0
1305 215.0
1306 215.0
1307 215.0
1308 215.0
1309 215.0
1310 215.0
1311 215.0
1322 214.0
1323 214.0
1324 214.0
1325 214.0
1326 214.0
1327 214.0
1328 214.0
1329 214.0
1330 214.0
1331 214.0
1342 216.0
1343 211.0
1344 211.0
1345 211.0
1346 211.0
1347 211.0
1348 211.0
1349 211.0
1350 211.0
1351 211.0
1352 211.0
1353 211.0
1364 214.0
1365 214.0
1366 214.0
1367 214.0
1368 214.0
1369 214.0
1370 214.0
1371 212.0
1372 212.0
1373 212.0
1374 212.0
1375 212.0
1376 212.0
1377 212.0
1378 212.0
1379 212.0
1380 207.0
1381 207.0
1382 207.0
1383 207.0
1384 207.0
1385 207.0
1386 207.0
1387 207.0
1388 207.0
1389 207.0
1390 207.0
1401 223.0
1402 223.0
1403 223.0
1404 223.0
1405 223.0
1406 223.0
1407 223.0
1408 223.0
1409 223.0
1410 223.0
1421 240.0
1422 240.0
1423 229.0
1424 229.0
1425 229.0
1426 229.0
1427 229.0
1428 229.0
1429 229.0
1430 229.0
1431 229.0
1432 229.0
1433 229.0
1444 229.0
1445 227.0
1446 227.0
1447 227.0
1448 227.0
1449 227.0
1450 227.0
1451 227.0
1452 227.0
1453 227.0
1454 227.0
1455 227.0
1466 242.0
1467 242.0
1468 242.0
1469 242.0
1470 242.0
1471 242.0
1472 242.0
1473 242.0
1474 242.0
1475 242.0
1486 238.0
1487 238.0
1488 238.0
1489 238.0
1490 238.0
1491 238.0
1492 238.0
1493 238.0
1494 238.0
1495 238.0
1506 240.0
1507 236.0
1508 236.0
1509 236.0
1510 236.0
1511 236.0
1512 236.0
1513 235.0
1514 235.0
1515 235.0
1516 235.0
1517 235.0
1518 235.0
1519 235.0
1520 230.0
1521 229.0
1522 228.0
1523 228.0
1524 228.0
1525 228.0
1526 228.0
1527 228.0
1528 228.0
1529 226.0
1530 226.0
1531 226.0
1532 226.0
1533 226.0
1534 226.0
1535 226.0
1536 226.0
1537 226.0
1538 226.0
1539 225.0
1540 225.0
1541 225.0
1542 225.0
1543 225.0
1544 225.0
1545 225.0
1546 225.0
1547 223.0
1548 223.0
1549 223.0
1550 223.0
1551 223.0
1552 223.0
1553 223.0
1554 223.0
1555 223.0
1556 223.0
1557 223.0
1568 223.0
1569 223.0
1570 223.0
1571 223.0
1572 223.0
1573 223.0
1574 223.0
1575 223.0
1576 223.0
1577 221.0
1578 221.0
1579 221.0
1580 221.0
1581 221.0
1582 221.0
1583 221.0
1584 209.0
1585 209.0
1586 209.0
1587 209.0
1588 209.0
1589 209.0
1590 209.0
1591 209.0
1592 209.0
1593 209.0
1594 209.0
1605 207.0
1606 207.0
1607 207.0
1608 207.0
1609 207.0
1610 207.0
1611 207.0
1612 207.0
1613 207.0
1614 207.0
1625 217.0
1626 217.0
1627 217.0
1628 217.0
1629 217.0
1630 217.0
1631 217.0
1632 217.0
1633 217.0
1634 209.0
1635 209.0
1636 209.0
1637 209.0
1638 209.0
1639 209.0
1640 209.0
1641 209.0
1642 209.0
1643 208.0
1644 204.0
1645 204.0
1646 204.0
1647 204.0
1648 204.0
1649 204.0
1650 204.0
1651 204.0
1652 204.0
1653 204.0
1654 204.0
1665 206.0
1666 206.0
1667 206.0
1668 206.0
1669 206.0
1670 206.0
1671 206.0
1672 206.0
1673 206.0
1674 206.0
1675 206.0
1686 206.0
1687 206.0
1688 206.0
1689 206.0
1690 206.0
1691 206.0
1692 206.0
1693 206.0
1694 206.0
1695 206.0
1706 208.0
1707 204.0
1708 204.0
1709 204.0
1710 204.0
1711 204.0
1712 204.0
1713 204.0
1714 204.0
1715 204.0
1716 204.0
1717 204.0
1728 206.0
1729 206.0
1730 206.0
1731 206.0
1732 206.0
1733 206.0
1734 206.0
1735 206.0
1736 206.0
1737 206.0
1738 206.0
1749 208.0
1750 206.0
1751 206.0
1752 206.0
1753 206.0
1754 206.0
1755 206.0
1756 206.0
1757 206.0
1758 206.0
1759 206.0
1760 206.0
1771 200.0
1772 200.0
1773 200.0
1774 200.0
1775 200.0
1776 200.0
1777 200.0
1778 200.0
1779 200.0
1780 200.0
1781 200.0
1792 204.0
1793 204.0
1794 204.0
1795 202.0
1796 202.0
1797 202.0
1798 202.0
1799 202.0
1800 202.0
1801 202.0
1802 202.0
1803 202.0
1804 202.0
1805 202.0
1816 209.0
1817 209.0
1818 209.0
1819 209.0
1820 209.0
1821 209.0
1822 209.0
1823 207.0
1824 207.0
1825 207.0
1826 207.0
1827 207.0
1828 207.0
1829 207.0
1830 207.0
1831 207.0
1832 207.0
1833 207.0
1844 210.0
1845 210.0
1846 210.0
1847 210.0
1848 210.0
1849 210.0
1850 210.0
1851 210.0
1852 210.0
1853 210.0
1864 209.0
1865 209.0
1866 209.0
1867 209.0
1868 209.0
1869 209.0
1870 207.0
1871 207.0
1872 207.0
1873 207.0
1874 207.0
1875 207.0
1876 207.0
1877 207.0
1878 207.0
1879 207.0
1880 207.0
1891 209.0
1892 209.0
1893 209.0
1894 209.0
1895 207.0
1896 207.0
1897 207.0
1898 207.0
1899 207.0
1900 207.0
1901 207.0
1902 207.0
1903 207.0
1904 207.0
1905 207.0
1916 199.0
1917 199.0
1918 199.0
1919 199.0
1920 199.0
1921 199.0
1922 199.0
1923 199.0
1924 199.0
1925 199.0
1936 201.0
1937 201.0
1938 201.0
1939 201.0
1940 201.0
1941 201.0
1942 201.0
1943 201.0
1944 201.0
1945 201.0
1956 203.0
1957 203.0
1958 203.0
1959 203.0
1960 203.0
1961 203.0
1962 203.0
1963 203.0
1964 203.0
1965 203.0
1976 201.0
1977 201.0
1978 201.0
1979 201.0
1980 201.0
1981 201.0
1982 201.0
1983 201.0
1984 201.0
1985 201.0
1986 201.0
1997 201.0
1998 201.0
1999 201.0
2000 201.0
2001 201.0
2002 201.0
2003 201.0
2004 201.0
2005 201.0
2006 201.0
2017 201.0
2018 201.0
2019 201.0
2020 201.0
2021 201.0
2022 201.0
2023 201.0
2024 201.0
2025 201.0
2026 201.0
2027 201.0
2038 203.0
2039 203.0
2040 203.0
2041 203.0
2042 203.0
2043 203.0
2044 203.0
2045 203.0
2046 203.0
2047 203.0
2058 201.0
2059 201.0
2060 199.0
2061 199.0
2062 199.0
2063 199.0
2064 199.0
2065 199.0
2066 199.0
2067 199.0
2068 199.0
2069 199.0
2070 199.0
2081 201.0
2082 201.0
2083 201.0
2084 201.0
2085 201.0
2086 197.0
2087 197.0
2088 197.0
2089 197.0
2090 197.0
2091 197.0
2092 197.0
2093 197.0
2094 197.0
2095 197.0
2096 197.0
2107 201.0
2108 201.0
2109 201.0
2110 201.0
2111 201.0
2112 201.0
2113 201.0
2114 201.0
2115 201.0
2116 195.0
2117 195.0
2118 195.0
2119 195.0
2120 195.0
2121 195.0
2122 195.0
2123 195.0
2124 195.0
2125 195.0
2126 195.0
2137 200.0
2138 200.0
2139 200.0
2140 200.0
2141 200.0
2142 200.0
2143 200.0
2144 200.0
2145 200.0
2146 200.0
2157 197.0
2158 197.0
2159 197.0
2160 197.0
2161 197.0
2162 197.0
2163 197.0
2164 197.0
2165 197.0
2166 197.0
2177 199.0
2178 199.0
2179 199.0
2180 199.0
2181 199.0
2182 199.0
2183 199.0
2184 199.0
2185 199.0
2186 199.0
2197 199.0
2198 199.0
2199 199.0
2200 199.0
2201 199.0
2202 199.0
2203 199.0
2204 195.0
2205 195.0
2206 195.0
2207 195.0
2208 195.0
2209 195.0
2210 195.0
2211 195.0
2212 195.0
2213 195.0
2214 195.0
2225 198.0
2226 198.0
2227 198.0
2228 198.0
2229 198.0
2230 198.0
2231 198.0
2232 198.0
2233 198.0
2234 198.0
2245 201.0
2246 201.0
2247 201.0
2248 201.0
2249 201.0
2250 201.0
2251 201.0
2252 201.0
2253 201.0
2254 201.0
2265 200.0
2266 200.0
2267 200.0
2268 200.0
2269 200.0
2270 200.0
2271 200.0
2272 200.0
2273 200.0
2274 200.0
2285 199.0
2286 199.0
2287 199.0
2288 199.0
2289 199.0
2290 199.0
2291 199.0
2292 199.0
2293 199.0
2294 199.0
2305 220.0
2306 220.0
2307 220.0
2308 220.0
2309 220.0
2310 220.0
2311 220.0
2312 220.0
2313 220.0
2314 219.0
2315 219.0
2316 219.0
2317 219.0
2318 219.0
2319 219.0
2320 219.0
2321 219.0
2322 219.0
2323 219.0
2324 219.0
2335 215.0
2336 215.0
2337 215.0
2338 215.0
2339 215.0
2340 215.0
2341 215.0
2342 215.0
2343 215.0
2344 215.0
2355 212.0
2356 212.0
2357 212.0
2358 212.0
2359 212.0
2360 212.0
2361 212.0
2362 212.0
2363 212.0
2364 212.0
2375 216.0
2376 216.0
2377 215.0
2378 215.0
2379 215.0
2380 215.0
2381 215.0
2382 215.0
2383 215.0
2384 215.0
2385 215.0
2386 215.0
2387 215.0
2398 215.0
2399 215.0
2400 215.0
2401 215.0
2402 215.0
2403 215.0
2404 215.0
2405 215.0
2406 215.0
2407 215.0
2418 215.0
2419 213.0
2420 213.0
2421 213.0
2422 212.0
2423 212.0
2424 212.0
2425 212.0
2426 212.0
2427 205.0
2428 205.0
2429 205.0
2430 205.0
2431 205.0
2432 205.0
2433 205.0
2434 205.0
2435 205.0
2436 205.0
2437 205.0
2448 209.0
2449 209.0
2450 209.0
2451 209.0
2452 209.0
2453 209.0
2454 209.0
2455 209.0
2456 209.0
2457 209.0
2468 209.0
2469 209.0
2470 209.0
2471 209.0
2472 209.0
2473 209.0
2474 209.0
2475 209.0
2476 209.0
2477 209.0
2488 208.0
2489 208.0
2490 208.0
2491 208.0
2492 208.0
2493 208.0
2494 208.0
2495 208.0
2496 208.0
2497 208.0
2508 209.0
2509 209.0
2510 209.0
2511 209.0
2512 209.0
2513 209.0
2514 209.0
2515 209.0
2516 209.0
2517 209.0
2528 209.0
2529 209.0
2530 209.0
2531 209.0
2532 209.0
2533 209.0
2534 209.0
2535 209.0
2536 209.0
2537 209.0
2548 208.0
2549 208.0
2550 208.0
2551 208.0
2552 208.0
2553 208.0
2554 208.0
2555 208.0
2556 200.0
2557 200.0
2558 200.0
2559 200.0
2560 200.0
2561 200.0
2562 200.0
2563 200.0
2564 200.0
2565 200.0
2566 200.0
2577 202.0
2578 202.0
2579 198.0
2580 198.0
2581 198.0
2582 198.0
2583 198.0
2584 198.0
2585 198.0
2586 198.0
2587 198.0
2588 198.0
2589 198.0
2600 201.0
2601 201.0
2602 201.0
2603 201.0
2604 201.0
2605 201.0
2606 200.0
2607 200.0
2608 200.0
2609 200.0
2610 200.0
2611 200.0
2612 200.0
2613 200.0
2614 200.0
2615 200.0
2616 200.0
2627 202.0
2628 200.0
2629 200.0
2630 200.0
2631 200.0
2632 200.0
2633 200.0
2634 200.0
2635 200.0
2636 200.0
2637 200.0
2638 200.0
2649 217.0
2650 217.0
2651 217.0
2652 217.0
2653 217.0
2654 217.0
2655 217.0
2656 217.0
2657 217.0
2658 217.0
2669 198.0
2670 198.0
2671 198.0
2672 198.0
2673 198.0
2674 198.0
2675 198.0
2676 198.0
2677 198.0
2678 198.0
2689 200.0
2690 200.0
2691 200.0
2692 200.0
2693 200.0
2694 200.0
2695 200.0
2696 200.0
2697 199.0
2698 199.0
2699 199.0
2700 199.0
2701 199.0
2702 199.0
2703 199.0
2704 199.0
2705 199.0
2706 199.0
2707 199.0
2718 197.0
2719 197.0
2720 197.0
2721 197.0
2722 197.0
2723 197.0
2724 197.0
2725 197.0
2726 197.0
2727 197.0
2738 199.0
2739 199.0
2740 199.0
2741 195.0
2742 195.0
2743 195.0
2744 195.0
2745 195.0
2746 195.0
2747 195.0
2748 195.0
2749 195.0
2750 195.0
2751 195.0
2762 199.0
2763 199.0
2764 198.0
2765 198.0
2766 198.0
2767 198.0
2768 198.0
2769 198.0
2770 198.0
2771 198.0
2772 198.0
2773 198.0
2774 198.0
2785 199.0
2786 199.0
2787 199.0
2788 199.0
2789 199.0
2790 199.0
2791 199.0
2792 198.0
2793 198.0
2794 198.0
2795 198.0
2796 198.0
2797 198.0
2798 198.0
2799 198.0
2800 198.0
2801 198.0
2802 198.0
2813 195.0
2814 195.0
2815 195.0
2816 195.0
2817 195.0
2818 195.0
2819 195.0
2820 195.0
2821 195.0
2822 195.0
2833 197.0
2834 197.0
2835 197.0
2836 195.0
2837 195.0
2838 195.0
2839 195.0
2840 195.0
2841 195.0
2842 195.0
2843 195.0
2844 195.0
2845 195.0
2846 195.0
2857 195.0
2858 195.0
2859 195.0
2860 195.0
2861 195.0
2862 195.0
2863 195.0
2864 195.0
2865 195.0
2866 195.0
2877 199.0
2878 199.0
2879 199.0
2880 199.0
2881 199.0
2882 199.0
2883 195.0
2884 195.0
2885 195.0
2886 195.0
2887 195.0
2888 195.0
2889 195.0
2890 195.0
2891 195.0
2892 195.0
2893 195.0
2904 199.0
2905 199.0
2906 199.0
2907 199.0
2908 199.0
2909 199.0
2910 199.0
2911 199.0
2912 199.0
2913 199.0
2924 199.0
2925 199.0
2926 199.0
2927 199.0
2928 199.0
2929 199.0
2930 199.0
2931 199.0
2932 199.0
2933 199.0
2944 199.0
2945 199.0
2946 199.0
2947 199.0
2948 199.0
2949 199.0
2950 199.0
2951 199.0
2952 199.0
2953 199.0
2964 201.0
2965 201.0
2966 201.0
2967 201.0
2968 201.0
2969 201.0
2970 201.0
2971 201.0
2972 201.0
2973 201.0
2984 209.0
2985 209.0
2986 209.0
2987 209.0
2988 209.0
2989 209.0
2990 209.0
2991 209.0
2992 209.0
2993 209.0
3004 205.0
3005 205.0
3006 205.0
3007 197.0
3008 197.0
3009 197.0
3010 197.0
3011 197.0
3012 197.0
3013 197.0
3014 197.0
3015 197.0
3016 197.0
3017 197.0
3028 200.0
3029 200.0
3030 200.0
3031 200.0
3032 200.0
3033 200.0
3034 200.0
3035 200.0
3036 200.0
3037 200.0
3048 199.0
3049 199.0
3050 199.0
3051 199.0
3052 199.0
3053 199.0
3054 199.0
3055 199.0
3056 199.0
3057 199.0
3058 199.0
3069 199.0
3070 199.0
3071 199.0
3072 199.0
3073 199.0
3074 199.0
3075 199.0
3076 199.0
3077 199.0
3078 199.0
3089 197.0
3090 197.0
3091 197.0
3092 197.0
3093 197.0
3094 197.0
3095 197.0
3096 197.0
3097 197.0
3098 197.0
3099 197.0
3110 200.0
3111 200.0
3112 200.0
3113 200.0
3114 200.0
3115 200.0
3116 200.0
3117 200.0
3118 200.0
3119 200.0
3130 201.0
3131 201.0
3132 201.0
3133 201.0
3134 201.0
3135 201.0
3136 201.0
3137 201.0
3138 201.0
3139 199.0
3140 199.0
3141 199.0
3142 199.0
3143 199.0
3144 199.0
3145 199.0
3146 199.0
3147 199.0
3148 199.0
3149 199.0
3160 197.0
3161 197.0
3162 197.0
3163 197.0
3164 197.0
3165 197.0
3166 197.0
3167 197.0
3168 197.0
3169 197.0
3180 195.0
3181 195.0
3182 195.0
3183 195.0
3184 195.0
3185 195.0
3186 195.0
3187 195.0
3188 195.0
3189 195.0
3200 198.0
3201 198.0
3202 198.0
3203 198.0
3204 198.0
3205 198.0
3206 198.0
3207 198.0
3208 198.0
3209 198.0
3220 199.0
3221 199.0
3222 199.0
3223 199.0
3224 199.0
3225 199.0
3226 199.0
3227 199.0
3228 199.0
3229 199.0
3240 197.0
3241 197.0
3242 197.0
3243 197.0
3244 197.0
3245 197.0
3246 197.0
3247 197.0
3248 197.0
3249 197.0
3260 200.0
3261 200.0
3262 200.0
3263 199.0
3264 199.0
3265 199.0
3266 199.0
3267 198.0
3268 198.0
3269 195.0
3270 195.0
3271 195.0
3272 195.0
3273 195.0
3274 195.0
3275 195.0
3276 195.0
3277 195.0
3278 195.0
3279 195.0
3290 195.0
3291 195.0
3292 195.0
3293 195.0
3294 195.0
3295 195.0
3296 195.0
3297 195.0
3298 195.0
3299 195.0
3310 197.0
3311 197.0
3312 197.0
3313 197.0
3314 197.0
3315 197.0
3316 197.0
3317 197.0
3318 197.0
3319 197.0
3330 199.0
3331 199.0
3332 199.0
3333 199.0
3334 199.0
3335 199.0
3336 199.0
3337 199.0
3338 199.0
3339 199.0
3350 200.0
3351 200.0
3352 200.0
3353 200.0
3354 200.0
3355 200.0
3356 200.0
3357 200.0
3358 200.0
3359 200.0
3370 199.0
3371 199.0
3372 195.0
3373 195.0
3374 195.0
3375 195.0
3376 195.0
3377 195.0
3378 195.0
3379 195.0
3380 195.0
3381 195.0
3382 195.0
3393 199.0
3394 199.0
3395 199.0
3396 199.0
3397 199.0
3398 199.0
3399 199.0
3400 199.0
3401 199.0
3402 199.0
3413 213.0
3414 213.0
3415 213.0
3416 213.0
3417 213.0
3418 213.0
3419 213.0
3420 213.0
3421 213.0
3422 213.0
3433 203.0
3434 203.0
3435 203.0
3436 203.0
3437 203.0
3438 203.0
3439 203.0
3440 203.0
3441 203.0
3442 203.0
3453 207.0
3454 207.0
3455 207.0
3456 207.0
3457 207.0
3458 207.0
3459 207.0
3460 207.0
3461 207.0
3462 207.0
3473 209.0
3474 209.0
3475 209.0
3476 209.0
3477 209.0
3478 209.0
3479 209.0
3480 205.0
3481 205.0
3482 205.0
3483 205.0
3484 205.0
3485 205.0
3486 205.0
3487 205.0
3488 205.0
3489 205.0
3490 205.0
3501 208.0
3502 207.0
3503 207.0
3504 207.0
3505 203.0
3506 203.0
3507 203.0
3508 203.0
3509 202.0
3510 202.0
3511 202.0
3512 202.0
3513 202.0
3514 202.0
3515 201.0
3516 201.0
3517 201.0
3518 201.0
3519 201.0
3520 201.0
3521 201.0
3522 201.0
3523 201.0
3524 201.0
3525 201.0
3536 199.0
3537 199.0
3538 199.0
3539 199.0
3540 199.0
3541 199.0
3542 199.0
3543 199.0
3544 199.0
3545 199.0
3556 201.0
3557 201.0
3558 201.0
3559 201.0
3560 201.0
3561 201.0
3562 201.0
3563 201.0
3564 201.0
3565 201.0
3566 201.0
3577 202.0
3578 202.0
3579 202.0
3580 202.0
3581 202.0
3582 202.0
3583 202.0
3584 202.0
3585 202.0
3586 202.0
3597 201.0
3598 201.0
3599 201.0
3600 201.0
3601 201.0
3602 201.0
3603 201.0
3604 201.0
3605 201.0
3606 201.0
3617 201.0
3618 201.0
3619 201.0
3620 201.0
3621 201.0
3622 201.0
3623 201.0
3624 201.0
3625 201.0
3626 201.0
3627 201.0
3638 202.0
3639 202.0
3640 202.0
3641 202.0
3642 202.0
3643 196.0
3644 196.0
3645 196.0
3646 196.0
3647 196.0
3648 196.0
3649 196.0
3650 196.0
3651 196.0
3652 196.0
3653 196.0
3664 200.0
3665 200.0
3666 200.0
3667 200.0
3668 198.0
3669 198.0
3670 198.0
3671 198.0
3672 198.0
3673 198.0
3674 198.0
3675 198.0
3676 198.0
3677 198.0
3678 198.0
3689 198.0
3690 198.0
3691 198.0
3692 198.0
3693 196.0
3694 196.0
3695 196.0
3696 196.0
3697 196.0
3698 196.0
3699 196.0
3700 196.0
3701 196.0
3702 196.0
3703 196.0
3714 198.0
3715 198.0
3716 198.0
3717 198.0
3718 198.0
3719 198.0
3720 198.0
3721 198.0
3722 198.0
3723 198.0
3734 196.0
3735 196.0
3736 196.0
3737 196.0
3738 196.0
3739 196.0
3740 196.0
3741 196.0
3742 196.0
3743 196.0
3744 196.0
3755 198.0
3756 198.0
3757 198.0
3758 198.0
3759 198.0
3760 198.0
3761 198.0
3762 198.0
3763 198.0
3764 198.0
3775 202.0
3776 202.0
3777 202.0
3778 200.0
3779 200.0
3780 200.0
3781 200.0
3782 200.0
3783 200.0
3784 200.0
3785 200.0
3786 200.0
3787 200.0
3788 200.0
3799 200.0
3800 200.0
3801 200.0
3802 200.0
3803 200.0
3804 200.0
3805 200.0
3806 200.0
3807 200.0
3808 200.0
3809 200.0
3820 194.0
3821 194.0
3822 194.0
3823 194.0
3824 194.0
3825 194.0
3826 194.0
3827 194.0
3828 194.0
3829 194.0
3840 199.0
3841 199.0
3842 199.0
3843 199.0
3844 199.0
3845 199.0
3846 199.0
3847 199.0
3848 199.0
3849 199.0
3860 200.0
3861 200.0
3862 200.0
3863 200.0
3864 200.0
3865 194.0
3866 194.0
3867 194.0
3868 194.0
3869 194.0
3870 194.0
3871 194.0
3872 194.0
3873 194.0
3874 194.0
3875 194.0
3886 198.0
3887 198.0
3888 198.0
3889 198.0
3890 198.0
3891 198.0
3892 198.0
3893 198.0
3894 198.0
3895 198.0
3906 198.0
3907 198.0
3908 198.0
3909 198.0
3910 198.0
3911 198.0
3912 198.0
3913 198.0
3914 198.0
3915 198.0
3926 199.0
3927 199.0
3928 199.0
3929 199.0
3930 199.0
3931 199.0
3932 199.0
3933 199.0
3934 199.0
3935 199.0
3946 200.0
3947 200.0
3948 200.0
3949 200.0
3950 200.0
3951 200.0
3952 200.0
3953 200.0
3954 199.0
3955 199.0
3956 199.0
3957 199.0
3958 199.0
3959 199.0
3960 198.0
3961 198.0
3962 198.0
3963 198.0
3964 198.0
3965 198.0
3966 198.0
3967 198.0
3968 198.0
3969 198.0
3970 198.0
3981 198.0
3982 198.0
3983 198.0
3984 198.0
3985 198.0
3986 198.0
3987 198.0
3988 198.0
3989 198.0
3990 198.0
4001 196.0
4002 196.0
4003 196.0
4004 196.0
4005 196.0
4006 196.0
4007 196.0
4008 196.0
4009 196.0
4010 196.0
4011 196.0
4022 205.0
4023 205.0
4024 205.0
4025 205.0
4026 205.0
4027 205.0
4028 205.0
4029 205.0
4030 205.0
4031 205.0
4042 198.0
4043 198.0
4044 198.0
4045 198.0
4046 198.0
4047 198.0
4048 198.0
4049 198.0
4050 198.0
4051 198.0
4062 199.0
4063 199.0
4064 199.0
4065 199.0
4066 199.0
4067 199.0
4068 199.0
4069 199.0
4070 199.0
4071 199.0
4082 200.0
4083 199.0
4084 199.0
4085 199.0
4086 199.0
4087 199.0
4088 199.0
4089 197.0
4090 197.0
4091 197.0
4092 197.0
4093 197.0
4094 197.0
4095 197.0
4096 197.0
4097 197.0
4098 197.0
4099 197.0
4110 194.0
4111 194.0
4112 194.0
4113 194.0
4114 194.0
4115 194.0
4116 194.0
4117 194.0
4118 194.0
4119 194.0
4130 198.0
4131 198.0
4132 198.0
4133 198.0
4134 198.0
4135 198.0
4136 198.0
4137 198.0
4138 198.0
4139 198.0
4140 196.0
4141 196.0
4142 196.0
4143 196.0
4144 196.0
4145 196.0
4146 196.0
4147 196.0
4148 196.0
4149 196.0
4150 196.0
4161 200.0
4162 197.0
4163 197.0
4164 197.0
4165 197.0
4166 197.0
4167 197.0
4168 197.0
4169 197.0
4170 197.0
4171 197.0
4172 197.0
4183 199.0
4184 199.0
4185 199.0
4186 199.0
4187 199.0
4188 199.0
4189 199.0
4190 199.0
4191 199.0
4192 199.0
4203 200.0
4204 196.0
4205 196.0
4206 196.0
4207 196.0
4208 196.0
4209 196.0
4210 196.0
4211 196.0
4212 196.0
4213 196.0
4214 196.0
4225 198.0
4226 198.0
4227 198.0
4228 198.0
4229 198.0
4230 198.0
4231 198.0
4232 198.0
4233 198.0
4234 198.0
4245 197.0
4246 197.0
4247 197.0
4248 197.0
4249 194.0
4250 194.0
4251 194.0
4252 194.0
4253 194.0
4254 194.0
4255 194.0
4256 194.0
4257 194.0
4258 194.0
4259 194.0
4270 200.0
4271 200.0
4272 200.0
4273 200.0
4274 200.0
4275 200.0
4276 200.0
4277 200.0
4278 200.0
4279 197.0
4280 197.0
4281 197.0
4282 197.0
4283 197.0
4284 197.0
4285 197.0
4286 197.0
4287 197.0
4288 197.0
4289 197.0
4300 199.0
4301 199.0
4302 199.0
4303 199.0
4304 199.0
4305 199.0
4306 197.0
4307 197.0
4308 197.0
4309 197.0
4310 197.0
4311 197.0
4312 197.0
4313 197.0
4314 197.0
4315 197.0
4316 197.0
4327 200.0
4328 200.0
4329 200.0
4330 200.0
4331 200.0
4332 200.0
4333 200.0
4334 200.0
4335 200.0
4336 200.0
4347 197.0
4348 197.0
4349 197.0
4350 197.0
4351 197.0
4352 197.0
4353 197.0
4354 197.0
4355 197.0
4356 197.0
4367 197.0
4368 197.0
4369 197.0
4370 197.0
4371 197.0
4372 197.0
4373 197.0
4374 197.0
4375 197.0
4376 197.0
4387 210.0
4388 210.0
4389 210.0
4390 210.0
4391 210.0
4392 210.0
4393 210.0
4394 210.0
4395 210.0
4396 210.0
4407 213.0
4408 211.0
4409 211.0
4410 211.0
4411 211.0
4412 210.0
4413 210.0
4414 210.0
4415 210.0
4416 210.0
4417 210.0
4418 210.0
4419 210.0
4420 210.0
4421 210.0
4422 210.0
4433 212.0
4434 212.0
4435 212.0
4436 212.0
4437 212.0
4438 212.0
4439 212.0
4440 212.0
4441 209.0
4442 207.0
4443 207.0
4444 207.0
4445 207.0
4446 207.0
4447 207.0
4448 207.0
4449 207.0
4450 207.0
4451 207.0
4452 207.0
4463 207.0
4464 207.0
4465 207.0
4466 207.0
4467 207.0
4468 207.0
4469 207.0
4470 207.0
4471 207.0
4472 207.0
4483 199.0
4484 199.0
4485 199.0
4486 199.0
4487 199.0
4488 199.0
4489 199.0
4490 199.0
4491 199.0
4492 199.0
4503 201.0
4504 201.0
4505 201.0
4506 201.0
4507 201.0
4508 201.0
4509 201.0
4510 201.0
4511 201.0
4512 201.0
4523 201.0
4524 201.0
4525 201.0
4526 201.0
4527 201.0
4528 201.0
4529 201.0
4530 201.0
4531 201.0
4532 201.0
4543 202.0
4544 202.0
4545 202.0
4546 202.0
4547 202.0
4548 202.0
4549 202.0
4550 202.0
4551 202.0
4552 202.0
4563 202.0
4564 202.0
4565 202.0
4566 202.0
4567 202.0
4568 202.0
4569 202.0
4570 202.0
4571 202.0
4572 202.0
4583 201.0
4584 201.0
4585 201.0
4586 201.0
4587 201.0
4588 200.0
4589 200.0
4590 200.0
4591 200.0
4592 200.0
4593 200.0
4594 200.0
4595 200.0
4596 200.0
4597 200.0
4598 200.0
4609 230.0
4610 230.0
4611 230.0
4612 230.0
4613 230.0
4614 230.0
4615 230.0
4616 229.0
4617 229.0
4618 229.0
4619 229.0
4620 229.0
4621 229.0
4622 229.0
4623 229.0
4624 229.0
4625 229.0
4626 217.0
4627 217.0
4628 217.0
4629 217.0
4630 217.0
4631 217.0
4632 217.0
4633 217.0
4634 217.0
4635 217.0
4636 217.0
4647 204.0
4648 204.0
4649 204.0
4650 204.0
4651 204.0
4652 204.0
4653 204.0
4654 204.0
4655 204.0
4656 204.0
4667 204.0
4668 204.0
4669 204.0
4670 204.0
4671 204.0
4672 204.0
4673 204.0
4674 204.0
4675 204.0
4676 204.0
4687 204.0
4688 204.0
4689 204.0
4690 204.0
4691 204.0
4692 204.0
4693 204.0
4694 204.0
4695 204.0
4696 204.0
4707 206.0
4708 206.0
4709 206.0
4710 204.0
4711 204.0
4712 204.0
4713 204.0
4714 204.0
4715 204.0
4716 204.0
4717 204.0
4718 204.0
4719 202.0
4720 202.0
4721 202.0
4722 202.0
4723 202.0
4724 202.0
4725 202.0
4726 202.0
4727 202.0
4728 202.0
4729 202.0
4740 203.0
4741 203.0
4742 203.0
4743 203.0
4744 203.0
4745 203.0
4746 203.0
4747 203.0
4748 203.0
4749 203.0
4760 211.0
4761 211.0
4762 211.0
4763 211.0
4764 210.0
4765 210.0
4766 210.0
4767 210.0
4768 210.0
4769 210.0
4770 210.0
4771 210.0
4772 210.0
4773 208.0
4774 208.0
4775 208.0
4776 208.0
4777 207.0
4778 207.0
4779 207.0
4780 206.0
4781 206.0
4782 206.0
4783 206.0
4784 206.0
4785 206.0
4786 206.0
4787 206.0
4788 206.0
4789 206.0
4790 206.0
4801 200.0
4802 200.0
4803 200.0
4804 200.0
4805 200.0
4806 200.0
4807 200.0
4808 198.0
4809 198.0
4810 198.0
4811 198.0
4812 198.0
4813 198.0
4814 194.0
4815 194.0
4816 194.0
4817 194.0
4818 194.0
4819 194.0
4820 194.0
4821 194.0
4822 194.0
4823 194.0
4824 194.0
4835 198.0
4836 198.0
4837 198.0
4838 198.0
4839 198.0
4840 198.0
4841 198.0
4842 198.0
4843 198.0
4844 198.0
4855 196.0
4856 196.0
4857 196.0
4858 196.0
4859 196.0
4860 196.0
4861 196.0
4862 196.0
4863 196.0
4864 196.0
4875 197.0
4876 197.0
4877 197.0
4878 197.0
4879 197.0
4880 197.0
4881 197.0
4882 197.0
4883 197.0
4884 197.0
4895 197.0
4896 197.0
4897 197.0
4898 197.0
4899 197.0
4900 197.0
4901 197.0
4902 197.0
4903 197.0
4904 197.0
4905 197.0
4916 199.0
4917 198.0
4918 198.0
4919 198.0
4920 198.0
4921 198.0
4922 198.0
4923 198.0
4924 198.0
4925 198.0
4926 198.0
4927 198.0
4938 198.0
4939 198.0
4940 198.0
4941 198.0
4942 198.0
4943 198.0
4944 198.0
4945 198.0
4946 198.0
4947 198.0
4958 198.0
4959 198.0
4960 196.0
4961 196.0
4962 196.0
4963 196.0
4964 196.0
4965 196.0
4966 196.0
4967 196.0
4968 196.0
4969 196.0
4970 196.0
4981 202.0
4982 201.0
4983 201.0
4984 201.0
4985 201.0
4986 201.0
4987 201.0
4988 201.0
4989 201.0
4990 201.0
4991 201.0
4992 201.0
