0 13566.0
1 13402.0
2 13239.0
3 12756.0
4 12598.0
5 12441.0
6 12286.0
7 11977.0
8 11824.0
9 11674.0
10 11522.0
11 11522.0
12 10638.0
13 10495.0
14 10495.0
15 10360.0
16 10217.0
17 10217.0
18 10217.0
19 10217.0
20 10217.0
21 10217.0
22 10217.0
23 10217.0
24 9255.0
25 9122.0
26 8993.0
27 8993.0
28 8887.0
29 8800.0
30 8800.0
31 8800.0
32 8540.0
33 8531.0
34 8531.0
35 8525.0
36 8525.0
37 8525.0
38 8525.0
39 8159.0
40 7812.0
41 7812.0
42 7812.0
43 7779.0
44 7779.0
45 7779.0
46 7449.0
47 7331.0
48 7331.0
49 7331.0
50 7212.0
51 7094.0
52 7094.0
53 7094.0
54 6862.0
55 6854.0
56 6627.0
57 6523.0
58 6523.0
59 6523.0
60 6193.0
61 6189.0
62 5978.0
63 5978.0
64 5978.0
65 5978.0
66 5978.0
67 5871.0
68 5871.0
69 5871.0
70 5871.0
71 5871.0
72 5871.0
73 5871.0
74 5871.0
75 5661.0
76 5661.0
77 5661.0
78 5661.0
79 5661.0
80 5661.0
81 5454.0
82 4782.0
83 4687.0
84 4681.0
85 4681.0
86 4600.0
87 4600.0
88 4507.0
89 4507.0
90 4507.0
91 4507.0
92 4507.0
93 4507.0
94 4507.0
95 4507.0
96 4507.0
97 4507.0
98 4415.0
99 4415.0
100 4415.0
101 4415.0
102 4415.0
103 4415.0
104 4415.0
105 4415.0
106 4415.0
107 4415.0
108 4415.0
109 4415.0
110 3980.0
111 3894.0
112 3894.0
113 3894.0
114 3894.0
115 3892.0
116 3890.0
117 3809.0
118 3809.0
119 3809.0
120 3809.0
121 3809.0
122 3809.0
123 3644.0
124 3644.0
125 3644.0
126 3644.0
127 3644.0
128 3644.0
129 3562.0
130 3492.0
131 3492.0
132 3492.0
133 3492.0
134 3492.0
135 3492.0
136 3492.0
137 3439.0
138 3439.0
139 3439.0
140 3439.0
141 3439.0
142 3439.0
143 3439.0
144 3439.0
145 3439.0
146 3439.0
147 3439.0
148 3439.0
149 3439.0
150 3360.0
151 3360.0
152 3360.0
153 3285.0
154 3213.0
155 3213.0
156 3063.0
157 3062.0
158 3062.0
159 3061.0
160 3059.0
161 2990.0
162 2990.0
163 2990.0
164 2990.0
165 2990.0
166 2990.0
167 2990.0
168 2990.0
169 2990.0
170 2990.0
171 2990.0
172 2990.0
173 2990.0
174 2990.0
175 2990.0
176 2990.0
177 2845.0
178 2845.0
179 2845.0
180 2845.0
181 2845.0
182 2845.0
183 2845.0
184 2845.0
185 2845.0
186 2845.0
187 2845.0
188 2705.0
189 2705.0
190 2705.0
191 2705.0
192 2700.0
193 2654.0
194 2654.0
195 2654.0
196 2654.0
197 2597.0
198 2562.0
199 2562.0
200 2540.0
201 2540.0
202 2540.0
203 2540.0
204 2540.0
205 2540.0
206 1892.0
207 1786.0
208 1786.0
209 1786.0
210 1786.0
211 1786.0
212 1786.0
213 1786.0
214 1786.0
215 1748.0
216 1748.0
217 1748.0
218 1645.0
219 1645.0
220 1645.0
221 1645.0
222 1645.0
223 1645.0
224 1645.0
225 1645.0
226 1645.0
227 1645.0
228 1645.0
229 1546.0
230 1499.0
231 905.0
232 883.0
233 873.0
234 870.0
235 870.0
236 870.0
237 870.0
238 870.0
239 870.0
240 733.0
241 733.0
242 715.0
243 715.0
244 685.0
245 685.0
246 685.0
247 685.0
248 685.0
249 685.0
250 685.0
251 679.0
252 668.0
253 667.0
254 667.0
255 667.0
256 667.0
257 667.0
258 667.0
259 667.0
260 667.0
261 667.0
262 667.0
263 667.0
264 667.0
265 667.0
266 658.0
267 658.0
268 658.0
269 658.0
270 658.0
271 658.0
272 658.0
273 657.0
274 601.0
275 579.0
276 579.0
277 579.0
278 579.0
279 579.0
280 579.0
281 579.0
282 579.0
283 579.0
284 579.0
285 579.0
286 579.0
287 535.0
288 535.0
289 525.0
290 524.0
291 519.0
292 517.0
293 513.0
294 513.0
295 513.0
296 511.0
297 507.0
298 507.0
299 505.0
300 502.0
301 501.0
302 501.0
303 496.0
304 480.0
305 480.0
306 480.0
307 474.0
308 468.0
309 468.0
310 468.0
311 468.0
312 468.0
313 468.0
314 468.0
315 461.0
316 461.0
317 461.0
318 461.0
319 461.0
320 461.0
321 461.0
322 461.0
323 461.0
324 461.0
325 458.0
326 458.0
327 458.0
328 458.0
329 458.0
330 458.0
331 458.0
332 458.0
333 456.0
334 447.0
335 447.0
336 443.0
337 432.0
338 432.0
339 432.0
340 422.0
341 374.0
342 372.0
343 372.0
344 372.0
345 372.0
346 369.0
347 369.0
348 368.0
349 368.0
350 365.0
351 365.0
352 365.0
353 365.0
354 365.0
355 359.0
356 359.0
357 359.0
358 359.0
359 359.0
360 359.0
361 357.0
362 352.0
363 352.0
364 352.0
365 352.0
366 352.0
367 352.0
368 313.0
369 313.0
370 311.0
371 306.0
372 298.0
373 298.0
374 298.0
375 298.0
376 298.0
377 298.0
378 297.0
379 297.0
380 291.0
381 285.0
382 281.0
383 281.0
384 281.0
385 281.0
386 281.0
387 279.0
388 275.0
389 275.0
390 275.0
391 275.0
392 275.0
393 275.0
394 275.0
395 275.0
396 275.0
397 275.0
398 268.0
399 268.0
400 268.0
401 268.0
402 268.0
403 268.0
404 268.0
405 268.0
406 268.0
407 268.0
408 268.0
409 268.0
410 268.0
411 268.0
412 268.0
413 256.0
414 256.0
415 256.0
416 256.0
417 256.0
418 256.0
419 256.0
420 256.0
421 256.0
422 256.0
423 256.0
424 256.0
425 256.0
426 256.0
427 256.0
428 256.0
429 256.0
430 256.0
431 256.0
432 256.0
433 256.0
434 256.0
435 256.0
436 256.0
437 256.0
438 255.0
439 255.0
440 254.0
441 254.0
442 254.0
443 254.0
444 254.0
445 254.0
446 254.0
447 254.0
448 253.0
449 253.0
450 252.0
451 252.0
452 251.0
453 251.0
454 251.0
455 251.0
456 251.0
457 249.0
458 249.0
459 249.0
460 249.0
461 249.0
462 249.0
463 249.0
464 249.0
465 249.0
466 249.0
467 249.0
468 249.0
469 249.0
470 249.0
471 249.0
472 249.0
473 242.0
474 242.0
475 242.0
476 242.0
477 242.0
478 242.0
479 242.0
480 242.0
481 242.0
482 242.0
483 242.0
484 242.0
485 242.0
486 242.0
487 242.0
488 242.0
489 242.0
490 242.0
491 242.0
492 242.0
493 242.0
494 242.0
495 242.0
496 242.0
497 242.0
498 242.0
499 242.0
500 242.0
501 242.0
502 241.0
503 237.0
504 237.0
505 236.0
506 236.0
507 236.0
508 236.0
509 236.0
510 236.0
511 233.0
512 229.0
513 229.0
514 229.0
515 229.0
516 229.0
517 229.0
518 229.0
519 229.0
520 229.0
521 229.0
522 229.0
523 229.0
524 228.0
525 228.0
526 228.0
527 228.0
528 227.0
529 227.0
530 227.0
531 227.0
532 227.0
533 227.0
534 227.0
535 227.0
536 227.0
537 227.0
538 227.0
539 227.0
540 227.0
541 227.0
542 224.0
543 224.0
544 224.0
545 224.0
546 224.0
547 224.0
548 224.0
549 224.0
550 224.0
551 224.0
552 224.0
553 224.0
554 224.0
555 224.0
556 224.0
557 224.0
558 224.0
559 224.0
560 224.0
561 224.0
562 224.0
563 224.0
564 224.0
565 224.0
566 224.0
567 224.0
568 224.0
569 224.0
570 224.0
571 224.0
572 224.0
573 224.0
574 224.0
575 224.0
576 224.0
577 224.0
578 224.0
579 224.0
580 224.0
581 224.0
582 224.0
583 224.0
584 224.0
585 224.0
586 224.0
587 224.0
588 224.0
589 224.0
590 224.0
591 224.0
592 224.0
593 224.0
594 224.0
595 224.0
596 224.0
597 224.0
598 224.0
599 224.0
600 224.0
601 224.0
602 224.0
603 224.0
604 224.0
605 224.0
606 224.0
607 224.0
608 224.0
609 224.0
610 224.0
611 224.0
612 224.0
613 224.0
614 224.0
615 224.0
616 224.0
617 224.0
618 224.0
619 224.0
620 224.0
621 224.0
622 224.0
623 224.0
624 224.0
625 224.0
626 224.0
627 224.0
628 224.0
629 224.0
630 224.0
631 224.0
632 224.0
633 223.0
634 223.0
635 223.0
636 223.0
637 223.0
638 223.0
639 223.0
640 223.0
641 223.0
642 223.0
643 223.0
644 223.0
645 223.0
646 223.0
647 223.0
648 223.0
649 223.0
650 223.0
651 223.0
652 223.0
653 223.0
654 223.0
655 223.0
656 223.0
657 223.0
658 223.0
659 223.0
660 223.0
661 223.0
662 223.0
663 223.0
664 223.0
665 223.0
666 223.0
667 223.0
668 223.0
669 223.0
670 223.0
671 223.0
672 223.0
673 223.0
674 223.0
675 223.0
676 223.0
677 223.0
678 223.0
679 223.0
680 223.0
681 223.0
682 223.0
683 223.0
684 223.0
685 223.0
686 223.0
687 223.0
688 223.0
689 223.0
690 223.0
691 223.0
692 223.0
693 223.0
694 223.0
695 223.0
696 223.0
697 223.0
698 223.0
699 223.0
700 223.0
701 223.0
702 223.0
703 223.0
704 223.0
705 223.0
706 223.0
707 223.0
708 223.0
709 223.0
710 223.0
711 223.0
712 223.0
713 223.0
714 223.0
715 223.0
716 223.0
717 223.0
718 223.0
719 223.0
720 223.0
721 223.0
722 223.0
723 223.0
724 223.0
725 223.0
726 223.0
727 223.0
728 223.0
729 223.0
730 223.0
731 223.0
732 223.0
733 223.0
734 223.0
735 223.0
736 223.0
737 223.0
738 223.0
739 223.0
740 223.0
741 223.0
742 223.0
743 223.0
744 223.0
745 223.0
746 223.0
747 223.0
748 223.0
749 223.0
750 223.0
751 223.0
752 215.0
753 215.0
754 215.0
755 215.0
756 215.0
757 215.0
758 215.0
759 215.0
760 215.0
761 215.0
762 215.0
763 215.0
764 215.0
765 215.0
766 215.0
767 215.0
768 215.0
769 215.0
770 215.0
771 215.0
772 215.0
773 215.0
774 215.0
775 215.0
776 215.0
777 215.0
778 215.0
779 215.0
780 215.0
781 215.0
782 215.0
783 215.0
784 215.0
785 215.0
786 215.0
787 215.0
788 215.0
789 215.0
790 215.0
791 215.0
792 215.0
793 215.0
794 215.0
795 215.0
796 215.0
797 215.0
798 215.0
799 215.0
800 215.0
801 215.0
802 215.0
803 215.0
804 215.0
805 215.0
806 215.0
807 215.0
808 215.0
809 215.0
810 215.0
811 215.0
812 215.0
813 215.0
814 215.0
815 215.0
816 215.0
817 215.0
818 215.0
819 215.0
820 215.0
821 215.0
822 215.0
823 215.0
824 215.0
825 215.0
826 215.0
827 215.0
828 215.0
829 215.0
830 215.0
831 215.0
832 215.0
833 215.0
834 215.0
835 215.0
836 215.0
837 215.0
838 215.0
839 215.0
840 215.0
841 215.0
842 215.0
843 215.0
844 215.0
845 215.0
846 215.0
847 215.0
848 215.0
849 215.0
850 215.0
851 215.0
852 215.0
853 215.0
854 215.0
855 215.0
856 215.0
857 215.0
858 215.0
859 215.0
860 215.0
861 215.0
862 215.0
863 215.0
864 215.0
865 215.0
866 215.0
867 215.0
868 215.0
869 213.0
870 213.0
871 213.0
872 213.0
873 213.0
874 213.0
875 213.0
876 213.0
877 213.0
878 213.0
879 206.0
880 206.0
881 206.0
882 206.0
883 206.0
884 206.0
885 206.0
886 206.0
887 206.0
888 206.0
889 206.0
890 206.0
891 206.0
892 206.0
893 206.0
894 206.0
895 206.0
896 206.0
897 206.0
898 206.0
899 206.0
900 206.0
901 206.0
902 206.0
903 206.0
904 206.0
905 206.0
906 206.0
907 206.0
908 206.0
909 206.0
910 206.0
911 206.0
912 206.0
913 206.0
914 206.0
915 206.0
916 206.0
917 206.0
918 206.0
919 206.0
920 206.0
921 206.0
922 206.0
923 206.0
924 206.0
925 206.0
926 206.0
927 206.0
928 206.0
929 206.0
930 206.0
931 206.0
932 206.0
933 206.0
934 206.0
935 206.0
936 206.0
937 206.0
938 206.0
939 206.0
940 206.0
941 206.0
942 206.0
943 206.0
944 206.0
945 206.0
946 206.0
947 206.0
948 206.0
949 206.0
950 206.0
951 206.0
952 206.0
953 206.0
954 206.0
955 206.0
956 206.0
957 206.0
958 206.0
959 206.0
960 206.0
961 206.0
962 206.0
963 206.0
964 206.0
965 206.0
966 206.0
967 206.0
968 206.0
969 206.0
970 206.0
971 206.0
972 206.0
973 206.0
974 206.0
975 206.0
976 206.0
977 206.0
978 206.0
979 206.0
980 206.0
981 206.0
982 206.0
983 206.0
984 206.0
985 206.0
986 198.0
987 198.0
988 198.0
989 198.0
990 198.0
991 198.0
992 198.0
993 198.0
994 198.0
995 198.0
996 198.0
997 198.0
998 198.0
999 198.0
1000 198.0
1001 198.0
1002 198.0
1003 198.0
1004 198.0
1005 198.0
1006 198.0
1007 198.0
1008 198.0
1009 198.0
1010 198.0
1011 198.0
1012 198.0
1013 198.0
1014 198.0
1015 198.0
1016 198.0
1017 198.0
1018 198.0
1019 198.0
1020 198.0
1021 198.0
1022 198.0
1023 198.0
1024 198.0
1025 198.0
1026 198.0
1027 198.0
1028 198.0
1029 198.0
1030 198.0
1031 198.0
1032 198.0
1033 198.0
1034 198.0
1035 198.0
1036 198.0
1037 198.0
1038 198.0
1039 198.0
1040 198.0
1041 198.0
1042 198.0
1043 198.0
1044 198.0
1045 198.0
1046 198.0
1047 198.0
1048 198.0
1049 198.0
1050 198.0
1051 198.0
1052 198.0
1053 198.0
1054 198.0
1055 198.0
1056 198.0
1057 198.0
1058 198.0
1059 198.0
1060 198.0
1061 198.0
1062 198.0
1063 198.0
1064 198.0
1065 198.0
1066 198.0
1067 198.0
1068 198.0
1069 198.0
1070 198.0
1071 198.0
1072 198.0
1073 198.0
1074 198.0
1075 198.0
1076 198.0
1077 198.0
1078 198.0
1079 198.0
1080 198.0
1081 198.0
1082 198.0
1083 198.0
1084 198.0
1085 198.0
1086 198.0
1087 198.0
1088 198.0
1089 198.0
1090 198.0
1091 198.0
1092 198.0
1093 198.0
1094 198.0
1095 198.0
1096 198.0
1097 198.0
1098 198.0
1099 198.0
1100 198.0
1101 198.0
1102 198.0
1103 198.0
1104 198.0
1105 198.0
1106 198.0
1107 198.0
1108 198.0
1109 198.0
1110 198.0
1111 198.0
1112 198.0
1113 198.0
1114 198.0
1115 198.0
1116 198.0
1117 198.0
1118 198.0
1119 198.0
1120 198.0
1121 198.0
1122 198.0
1123 198.0
1124 198.0
1125 198.0
1126 198.0
1127 198.0
1128 198.0
1129 198.0
1130 198.0
1131 198.0
1132 198.0
1133 198.0
1134 198.0
1135 198.0
1136 198.0
1137 198.0
1138 198.0
1139 198.0
1140 198.0
1141 198.0
1142 198.0
1143 198.0
1144 198.0
1145 198.0
1146 198.0
1147 198.0
1148 198.0
1149 198.0
1150 198.0
1151 198.0
1152 198.0
1153 198.0
1154 198.0
1155 198.0
1156 198.0
1157 198.0
1158 198.0
1159 198.0
1160 198.0
1161 198.0
1162 198.0
1163 198.0
1164 198.0
1165 198.0
1166 198.0
1167 198.0
1168 198.0
1169 198.0
1170 198.0
1171 198.0
1172 198.0
1173 198.0
1174 198.0
1175 198.0
1176 198.0
1177 198.0
1178 198.0
1179 198.0
1180 198.0
1181 198.0
1182 198.0
1183 198.0
1184 198.0
1185 198.0
1186 198.0
1187 198.0
1188 198.0
1189 198.0
1190 198.0
1191 198.0
1192 198.0
1193 198.0
1194 198.0
1195 198.0
1196 198.0
1197 198.0
1198 198.0
1199 198.0
1200 198.0
1201 198.0
1202 198.0
1203 198.0
1204 198.0
1205 198.0
1206 198.0
1207 198.0
1208 198.0
1209 198.0
1210 198.0
1211 198.0
1212 198.0
1213 198.0
1214 198.0
1215 198.0
1216 198.0
1217 198.0
1218 198.0
1219 198.0
1220 198.0
1221 198.0
1222 198.0
1223 198.0
1224 198.0
1225 198.0
1226 198.0
1227 198.0
1228 198.0
1229 198.0
1230 198.0
1231 198.0
1232 198.0
1233 198.0
1234 198.0
1235 198.0
1236 198.0
1237 198.0
1238 198.0
1239 198.0
1240 198.0
1241 198.0
1242 198.0
1243 198.0
1244 198.0
1245 198.0
1246 198.0
1247 198.0
1248 198.0
1249 198.0
1250 198.0
1251 198.0
1252 198.0
1253 198.0
1254 198.0
1255 198.0
1256 198.0
1257 198.0
1258 198.0
1259 198.0
1260 198.0
1261 198.0
1262 198.0
1263 198.0
1264 198.0
1265 198.0
1266 198.0
1267 198.0
1268 198.0
1269 198.0
1270 198.0
1271 198.0
1272 198.0
1273 198.0
1274 198.0
1275 198.0
1276 198.0
1277 198.0
1278 198.0
1279 198.0
1280 198.0
1281 198.0
1282 198.0
1283 198.0
1284 198.0
1285 198.0
1286 198.0
1287 198.0
1288 198.0
1289 198.0
1290 198.0
1291 198.0
1292 198.0
1293 198.0
1294 198.0
1295 198.0
1296 198.0
1297 198.0
1298 198.0
1299 198.0
1300 198.0
1301 198.0
1302 198.0
1303 198.0
1304 198.0
1305 198.0
1306 198.0
1307 198.0
1308 198.0
1309 198.0
1310 198.0
1311 198.0
1312 198.0
1313 198.0
1314 198.0
1315 198.0
1316 198.0
1317 198.0
1318 198.0
1319 198.0
1320 198.0
1321 198.0
1322 198.0
1323 198.0
1324 198.0
1325 198.0
1326 198.0
1327 198.0
1328 198.0
1329 198.0
1330 198.0
1331 198.0
1332 198.0
1333 198.0
1334 198.0
1335 198.0
1336 198.0
1337 198.0
1338 198.0
1339 198.0
1340 198.0
1341 198.0
1342 198.0
1343 198.0
1344 198.0
1345 198.0
1346 198.0
1347 198.0
1348 198.0
1349 198.0
1350 198.0
1351 198.0
1352 198.0
1353 198.0
1354 198.0
1355 198.0
1356 198.0
1357 198.0
1358 198.0
1359 198.0
1360 198.0
1361 198.0
1362 198.0
1363 198.0
1364 198.0
1365 198.0
1366 198.0
1367 198.0
1368 198.0
1369 198.0
1370 198.0
1371 198.0
1372 198.0
1373 198.0
1374 198.0
1375 198.0
1376 198.0
1377 198.0
1378 198.0
1379 198.0
1380 198.0
1381 198.0
1382 198.0
1383 198.0
1384 198.0
1385 198.0
1386 198.0
1387 198.0
1388 198.0
1389 198.0
1390 198.0
1391 198.0
1392 198.0
1393 198.0
1394 198.0
1395 198.0
1396 198.0
1397 198.0
1398 198.0
1399 198.0
1400 198.0
1401 198.0
1402 198.0
1403 198.0
1404 198.0
1405 198.0
1406 198.0
1407 198.0
1408 198.0
1409 198.0
1410 198.0
1411 198.0
1412 198.0
1413 198.0
1414 198.0
1415 198.0
1416 198.0
1417 198.0
1418 198.0
1419 198.0
1420 198.0
1421 198.0
1422 198.0
1423 198.0
1424 198.0
1425 198.0
1426 198.0
1427 198.0
1428 198.0
1429 198.0
1430 198.0
1431 198.0
1432 198.0
1433 198.0
1434 198.0
1435 198.0
1436 198.0
1437 198.0
1438 198.0
1439 198.0
1440 198.0
1441 198.0
1442 198.0
1443 198.0
1444 198.0
1445 198.0
1446 198.0
1447 198.0
1448 198.0
1449 198.0
1450 198.0
1451 198.0
1452 198.0
1453 198.0
1454 198.0
1455 198.0
1456 198.0
1457 198.0
1458 198.0
1459 198.0
1460 198.0
1461 198.0
1462 198.0
1463 198.0
1464 198.0
1465 198.0
1466 198.0
1467 198.0
1468 198.0
1469 198.0
1470 198.0
1471 198.0
1472 198.0
1473 198.0
1474 198.0
1475 198.0
1476 198.0
1477 198.0
1478 198.0
1479 198.0
1480 198.0
1481 198.0
1482 198.0
1483 198.0
1484 198.0
1485 198.0
1486 198.0
1487 198.0
1488 198.0
1489 198.0
1490 198.0
1491 198.0
1492 198.0
1493 198.0
1494 198.0
1495 198.0
1496 198.0
1497 198.0
1498 198.0
1499 198.0
1500 198.0
1501 198.0
1502 198.0
1503 198.0
1504 198.0
1505 198.0
1506 198.0
1507 198.0
1508 198.0
1509 198.0
1510 198.0
1511 198.0
1512 198.0
1513 198.0
1514 198.0
1515 198.0
1516 198.0
1517 198.0
1518 198.0
1519 198.0
1520 198.0
1521 198.0
1522 198.0
1523 198.0
1524 198.0
1525 198.0
1526 198.0
1527 198.0
1528 198.0
1529 198.0
1530 198.0
1531 198.0
1532 198.0
1533 198.0
1534 198.0
1535 198.0
1536 198.0
1537 198.0
1538 198.0
1539 198.0
1540 198.0
1541 198.0
1542 198.0
1543 198.0
1544 198.0
1545 198.0
1546 198.0
1547 198.0
1548 198.0
1549 198.0
1550 198.0
1551 198.0
1552 198.0
1553 198.0
1554 198.0
1555 198.0
1556 198.0
1557 198.0
1558 198.0
1559 198.0
1560 198.0
1561 198.0
1562 198.0
1563 198.0
1564 198.0
1565 198.0
1566 198.0
1567 198.0
1568 198.0
1569 198.0
1570 198.0
1571 198.0
1572 198.0
1573 198.0
1574 198.0
1575 198.0
1576 198.0
1577 198.0
1578 198.0
1579 198.0
1580 198.0
1581 198.0
1582 198.0
1583 198.0
1584 198.0
1585 198.0
1586 198.0
1587 198.0
1588 198.0
1589 198.0
1590 198.0
1591 198.0
1592 198.0
1593 198.0
1594 198.0
1595 198.0
1596 198.0
1597 198.0
1598 198.0
1599 198.0
1600 198.0
1601 198.0
1602 198.0
1603 198.0
1604 198.0
1605 198.0
1606 198.0
1607 198.0
1608 198.0
1609 198.0
1610 198.0
1611 198.0
1612 198.0
1613 198.0
1614 198.0
1615 198.0
1616 198.0
1617 198.0
1618 198.0
1619 198.0
1620 198.0
1621 198.0
1622 198.0
1623 198.0
1624 198.0
1625 198.0
1626 198.0
1627 198.0
1628 198.0
1629 198.0
1630 198.0
1631 198.0
1632 198.0
1633 198.0
1634 198.0
1635 198.0
1636 198.0
1637 198.0
1638 198.0
1639 198.0
1640 198.0
1641 198.0
1642 198.0
1643 198.0
1644 198.0
1645 198.0
1646 198.0
1647 198.0
1648 198.0
1649 198.0
1650 198.0
1651 198.0
1652 198.0
1653 198.0
1654 198.0
1655 198.0
1656 198.0
1657 198.0
1658 198.0
1659 198.0
1660 198.0
1661 198.0
1662 198.0
1663 198.0
1664 198.0
1665 198.0
1666 198.0
1667 198.0
1668 198.0
1669 198.0
1670 198.0
1671 198.0
1672 198.0
1673 198.0
1674 198.0
1675 198.0
1676 198.0
1677 198.0
1678 198.0
1679 198.0
1680 198.0
1681 198.0
1682 198.0
1683 198.0
1684 198.0
1685 198.0
1686 198.0
1687 198.0
1688 198.0
1689 198.0
1690 198.0
1691 198.0
1692 198.0
1693 198.0
1694 198.0
1695 198.0
1696 198.0
1697 198.0
1698 198.0
1699 198.0
1700 198.0
1701 198.0
1702 198.0
1703 198.0
1704 198.0
1705 198.0
1706 198.0
1707 198.0
1708 198.0
1709 198.0
1710 198.0
1711 198.0
1712 198.0
1713 198.0
1714 198.0
1715 198.0
1716 198.0
1717 198.0
1718 198.0
1719 198.0
1720 198.0
1721 198.0
1722 198.0
1723 198.0
1724 198.0
1725 198.0
1726 198.0
1727 198.0
1728 198.0
1729 198.0
1730 198.0
1731 198.0
1732 198.0
1733 198.0
1734 198.0
1735 198.0
1736 198.0
1737 198.0
1738 198.0
1739 198.0
1740 198.0
1741 198.0
1742 198.0
1743 198.0
1744 198.0
1745 198.0
1746 198.0
1747 198.0
1748 198.0
1749 198.0
1750 198.0
1751 198.0
1752 198.0
1753 198.0
1754 198.0
1755 198.0
1756 198.0
1757 198.0
1758 198.0
1759 198.0
1760 198.0
1761 198.0
1762 198.0
1763 198.0
1764 198.0
1765 198.0
1766 198.0
1767 198.0
1768 198.0
1769 198.0
1770 198.0
1771 198.0
1772 198.0
1773 198.0
1774 198.0
1775 198.0
1776 198.0
1777 198.0
1778 198.0
1779 198.0
1780 198.0
1781 198.0
1782 198.0
1783 198.0
1784 198.0
1785 198.0
1786 198.0
1787 198.0
1788 198.0
1789 198.0
1790 198.0
1791 198.0
1792 198.0
1793 198.0
1794 198.0
1795 198.0
1796 198.0
1797 198.0
1798 198.0
1799 198.0
1800 198.0
1801 198.0
1802 198.0
1803 198.0
1804 198.0
1805 198.0
1806 198.0
1807 198.0
1808 198.0
1809 198.0
1810 198.0
1811 198.0
1812 198.0
1813 198.0
1814 198.0
1815 198.0
1816 198.0
1817 198.0
1818 198.0
1819 198.0
1820 198.0
1821 198.0
1822 198.0
1823 198.0
1824 198.0
1825 198.0
1826 198.0
1827 198.0
1828 198.0
1829 198.0
1830 198.0
1831 198.0
1832 198.0
1833 198.0
1834 198.0
1835 198.0
1836 198.0
1837 198.0
1838 198.0
1839 198.0
1840 198.0
1841 198.0
1842 198.0
1843 198.0
1844 198.0
1845 198.0
1846 198.0
1847 198.0
1848 198.0
1849 198.0
1850 198.0
1851 198.0
1852 198.0
1853 198.0
1854 198.0
1855 198.0
1856 198.0
1857 198.0
1858 198.0
1859 198.0
1860 198.0
1861 198.0
1862 198.0
1863 198.0
1864 198.0
1865 198.0
1866 198.0
1867 198.0
1868 198.0
1869 198.0
1870 198.0
1871 198.0
1872 198.0
1873 198.0
1874 198.0
1875 198.0
1876 198.0
1877 198.0
1878 198.0
1879 198.0
1880 198.0
1881 198.0
1882 198.0
1883 198.0
1884 198.0
1885 198.0
1886 198.0
1887 198.0
1888 198.0
1889 198.0
1890 198.0
1891 198.0
1892 198.0
1893 198.0
1894 198.0
1895 198.0
1896 198.0
1897 198.0
1898 198.0
1899 198.0
1900 198.0
1901 198.0
1902 198.0
1903 198.0
1904 198.0
1905 198.0
1906 198.0
1907 198.0
1908 198.0
1909 198.0
1910 198.0
1911 198.0
1912 198.0
1913 198.0
1914 198.0
1915 198.0
1916 198.0
1917 198.0
1918 198.0
1919 198.0
1920 198.0
1921 198.0
1922 198.0
1923 198.0
1924 198.0
1925 198.0
1926 198.0
1927 198.0
1928 198.0
1929 198.0
1930 198.0
1931 198.0
1932 198.0
1933 198.0
1934 198.0
1935 198.0
1936 198.0
1937 198.0
1938 198.0
1939 198.0
1940 198.0
1941 198.0
1942 198.0
1943 198.0
1944 198.0
1945 198.0
1946 198.0
1947 198.0
1948 198.0
1949 198.0
1950 198.0
1951 198.0
1952 198.0
1953 198.0
1954 198.0
1955 198.0
1956 198.0
1957 198.0
1958 198.0
1959 198.0
1960 198.0
1961 198.0
1962 198.0
1963 198.0
1964 198.0
1965 198.0
1966 198.0
1967 198.0
1968 198.0
1969 198.0
1970 198.0
1971 198.0
1972 198.0
1973 198.0
1974 198.0
1975 198.0
1976 198.0
1977 198.0
1978 198.0
1979 198.0
1980 198.0
1981 198.0
1982 198.0
1983 198.0
1984 198.0
1985 198.0
1986 198.0
1987 198.0
1988 198.0
1989 198.0
1990 198.0
1991 198.0
1992 198.0
1993 198.0
1994 198.0
1995 198.0
1996 198.0
1997 198.0
1998 198.0
1999 198.0
2000 198.0
2001 198.0
2002 198.0
2003 198.0
2004 198.0
2005 198.0
2006 198.0
2007 198.0
2008 198.0
2009 198.0
2010 198.0
2011 198.0
2012 198.0
2013 198.0
2014 198.0
2015 198.0
2016 198.0
2017 198.0
2018 198.0
2019 198.0
2020 198.0
2021 198.0
2022 198.0
2023 198.0
2024 198.0
2025 198.0
2026 198.0
2027 198.0
2028 198.0
2029 198.0
2030 198.0
2031 198.0
2032 198.0
2033 198.0
2034 198.0
2035 198.0
2036 198.0
2037 198.0
2038 198.0
2039 198.0
2040 198.0
2041 198.0
2042 198.0
2043 198.0
2044 198.0
2045 198.0
2046 198.0
2047 198.0
2048 198.0
2049 198.0
2050 198.0
2051 198.0
2052 198.0
2053 198.0
2054 198.0
2055 198.0
2056 198.0
2057 198.0
2058 198.0
2059 198.0
2060 198.0
2061 198.0
2062 198.0
2063 198.0
2064 198.0
2065 198.0
2066 198.0
2067 198.0
2068 198.0
2069 198.0
2070 198.0
2071 198.0
2072 198.0
2073 198.0
2074 198.0
2075 198.0
2076 198.0
2077 198.0
2078 198.0
2079 198.0
2080 198.0
2081 198.0
2082 198.0
2083 198.0
2084 198.0
2085 198.0
2086 198.0
2087 198.0
2088 198.0
2089 198.0
2090 198.0
2091 198.0
2092 198.0
2093 198.0
2094 198.0
2095 198.0
2096 198.0
2097 198.0
2098 198.0
2099 198.0
2100 198.0
2101 198.0
2102 198.0
2103 198.0
2104 198.0
2105 198.0
2106 198.0
2107 198.0
2108 198.0
2109 198.0
2110 198.0
2111 198.0
2112 198.0
2113 198.0
2114 198.0
2115 198.0
2116 198.0
2117 198.0
2118 198.0
2119 198.0
2120 198.0
2121 198.0
2122 198.0
2123 198.0
2124 198.0
2125 198.0
2126 198.0
2127 198.0
2128 198.0
2129 198.0
2130 198.0
2131 198.0
2132 198.0
2133 198.0
2134 198.0
2135 198.0
2136 198.0
2137 198.0
2138 198.0
2139 198.0
2140 198.0
2141 198.0
2142 198.0
2143 198.0
2144 198.0
2145 198.0
2146 198.0
2147 198.0
2148 198.0
2149 198.0
2150 198.0
2151 198.0
2152 198.0
2153 198.0
2154 198.0
2155 198.0
2156 198.0
2157 198.0
2158 198.0
2159 198.0
2160 198.0
2161 198.0
2162 198.0
2163 198.0
2164 198.0
2165 198.0
2166 198.0
2167 198.0
2168 198.0
2169 198.0
2170 198.0
2171 198.0
2172 198.0
2173 198.0
2174 198.0
2175 198.0
2176 198.0
2177 198.0
2178 198.0
2179 198.0
2180 198.0
2181 198.0
2182 198.0
2183 198.0
2184 198.0
2185 198.0
2186 198.0
2187 198.0
2188 198.0
2189 198.0
2190 198.0
2191 198.0
2192 198.0
2193 198.0
2194 198.0
2195 198.0
2196 198.0
2197 198.0
2198 198.0
2199 198.0
2200 198.0
2201 198.0
2202 198.0
2203 198.0
2204 198.0
2205 198.0
2206 198.0
2207 198.0
2208 198.0
2209 198.0
2210 198.0
2211 198.0
2212 198.0
2213 198.0
2214 198.0
2215 198.0
2216 198.0
2217 198.0
2218 198.0
2219 198.0
2220 198.0
2221 198.0
2222 198.0
2223 198.0
2224 198.0
2225 198.0
2226 198.0
2227 198.0
2228 198.0
2229 198.0
2230 198.0
2231 198.0
2232 198.0
2233 198.0
2234 198.0
2235 198.0
2236 198.0
2237 198.0
2238 198.0
2239 198.0
2240 198.0
2241 198.0
2242 198.0
2243 198.0
2244 198.0
2245 198.0
2246 198.0
2247 198.0
2248 198.0
2249 198.0
2250 198.0
2251 198.0
2252 198.0
2253 198.0
2254 198.0
2255 198.0
2256 198.0
2257 198.0
2258 198.0
2259 198.0
2260 198.0
2261 198.0
2262 198.0
2263 198.0
2264 198.0
2265 198.0
2266 198.0
2267 198.0
2268 198.0
2269 198.0
2270 198.0
2271 198.0
2272 198.0
2273 198.0
2274 198.0
2275 198.0
2276 198.0
2277 198.0
2278 198.0
2279 198.0
2280 198.0
2281 198.0
2282 198.0
2283 198.0
2284 198.0
2285 198.0
2286 198.0
2287 198.0
2288 198.0
2289 198.0
2290 198.0
2291 198.0
2292 198.0
2293 198.0
2294 198.0
2295 198.0
2296 198.0
2297 198.0
2298 198.0
2299 198.0
2300 198.0
2301 198.0
2302 198.0
2303 198.0
2304 198.0
2305 198.0
2306 198.0
2307 198.0
2308 198.0
2309 198.0
2310 198.0
2311 198.0
2312 198.0
2313 198.0
2314 198.0
2315 198.0
2316 198.0
2317 198.0
2318 198.0
2319 198.0
2320 198.0
2321 198.0
2322 198.0
2323 198.0
2324 198.0
2325 198.0
2326 198.0
2327 198.0
2328 198.0
2329 198.0
2330 198.0
2331 198.0
2332 198.0
2333 198.0
2334 198.0
2335 198.0
2336 198.0
2337 198.0
2338 198.0
2339 198.0
2340 198.0
2341 198.0
2342 198.0
2343 198.0
2344 198.0
2345 198.0
2346 198.0
2347 198.0
2348 198.0
2349 198.0
2350 198.0
2351 198.0
2352 198.0
2353 198.0
2354 198.0
2355 198.0
2356 198.0
2357 198.0
2358 198.0
2359 198.0
2360 198.0
2361 198.0
2362 198.0
2363 198.0
2364 198.0
2365 198.0
2366 198.0
2367 198.0
2368 198.0
2369 198.0
2370 198.0
2371 198.0
2372 198.0
2373 198.0
2374 198.0
2375 198.0
2376 198.0
2377 198.0
2378 198.0
2379 198.0
2380 198.0
2381 198.0
2382 198.0
2383 198.0
2384 198.0
2385 198.0
2386 198.0
2387 198.0
2388 198.0
2389 198.0
2390 198.0
2391 198.0
2392 198.0
2393 198.0
2394 198.0
2395 198.0
2396 198.0
2397 198.0
2398 198.0
2399 198.0
2400 198.0
2401 198.0
2402 198.0
2403 198.0
2404 198.0
2405 198.0
2406 198.0
2407 198.0
2408 198.0
2409 198.0
2410 198.0
2411 198.0
2412 198.0
2413 198.0
2414 198.0
2415 198.0
2416 198.0
2417 198.0
2418 198.0
2419 198.0
2420 198.0
2421 198.0
2422 198.0
2423 198.0
2424 198.0
2425 198.0
2426 198.0
2427 198.0
2428 198.0
2429 198.0
2430 198.0
2431 198.0
2432 198.0
2433 198.0
2434 198.0
2435 198.0
2436 198.0
2437 198.0
2438 198.0
2439 198.0
2440 198.0
2441 198.0
2442 198.0
2443 198.0
2444 198.0
2445 198.0
2446 198.0
2447 198.0
2448 198.0
2449 198.0
2450 198.0
2451 198.0
2452 198.0
2453 198.0
2454 198.0
2455 198.0
2456 198.0
2457 198.0
2458 198.0
2459 198.0
2460 198.0
2461 198.0
2462 198.0
2463 198.0
2464 198.0
2465 198.0
2466 198.0
2467 198.0
2468 198.0
2469 198.0
2470 198.0
2471 198.0
2472 198.0
2473 198.0
2474 198.0
2475 198.0
2476 198.0
2477 198.0
2478 198.0
2479 198.0
2480 198.0
2481 198.0
2482 198.0
2483 198.0
2484 198.0
2485 198.0
2486 198.0
2487 198.0
2488 198.0
2489 198.0
2490 198.0
2491 198.0
2492 198.0
2493 198.0
2494 198.0
2495 198.0
2496 198.0
2497 198.0
2498 198.0
2499 198.0
2500 198.0
2501 198.0
2502 198.0
2503 198.0
2504 198.0
2505 198.0
2506 198.0
2507 198.0
2508 198.0
2509 198.0
2510 198.0
2511 198.0
2512 198.0
2513 198.0
2514 198.0
2515 198.0
2516 198.0
2517 198.0
2518 198.0
2519 198.0
2520 198.0
2521 198.0
2522 198.0
2523 198.0
2524 198.0
2525 198.0
2526 198.0
2527 198.0
2528 198.0
2529 198.0
2530 198.0
2531 198.0
2532 198.0
2533 198.0
2534 198.0
2535 198.0
2536 198.0
2537 198.0
2538 198.0
2539 198.0
2540 198.0
2541 198.0
2542 198.0
2543 198.0
2544 198.0
2545 198.0
2546 198.0
2547 198.0
2548 198.0
2549 198.0
2550 198.0
2551 198.0
2552 198.0
2553 198.0
2554 198.0
2555 198.0
2556 198.0
2557 198.0
2558 198.0
2559 198.0
2560 198.0
2561 198.0
2562 198.0
2563 198.0
2564 198.0
2565 198.0
2566 198.0
2567 198.0
2568 198.0
2569 198.0
2570 198.0
2571 198.0
2572 198.0
2573 198.0
2574 198.0
2575 198.0
2576 198.0
2577 198.0
2578 198.0
2579 198.0
2580 198.0
2581 198.0
2582 198.0
2583 198.0
2584 198.0
2585 198.0
2586 198.0
2587 198.0
2588 198.0
2589 198.0
2590 198.0
2591 198.0
2592 198.0
2593 198.0
2594 198.0
2595 198.0
2596 198.0
2597 198.0
2598 198.0
2599 198.0
2600 198.0
2601 198.0
2602 198.0
2603 198.0
2604 198.0
2605 198.0
2606 198.0
2607 198.0
2608 198.0
2609 198.0
2610 198.0
2611 198.0
2612 198.0
2613 198.0
2614 198.0
2615 198.0
2616 198.0
2617 198.0
2618 198.0
2619 198.0
2620 198.0
2621 198.0
2622 198.0
2623 198.0
2624 198.0
2625 198.0
2626 198.0
2627 198.0
2628 198.0
2629 198.0
2630 198.0
2631 198.0
2632 198.0
2633 198.0
2634 198.0
2635 198.0
2636 198.0
2637 198.0
2638 198.0
2639 198.0
2640 198.0
2641 198.0
2642 198.0
2643 198.0
2644 198.0
2645 198.0
2646 198.0
2647 198.0
2648 198.0
2649 198.0
2650 198.0
2651 198.0
2652 198.0
2653 198.0
2654 198.0
2655 198.0
2656 198.0
2657 198.0
2658 198.0
2659 198.0
2660 198.0
2661 198.0
2662 198.0
2663 198.0
2664 198.0
2665 198.0
2666 198.0
2667 198.0
2668 198.0
2669 198.0
2670 198.0
2671 198.0
2672 198.0
2673 198.0
2674 198.0
2675 198.0
2676 198.0
2677 198.0
2678 198.0
2679 198.0
2680 198.0
2681 198.0
2682 198.0
2683 198.0
2684 198.0
2685 198.0
2686 198.0
2687 198.0
2688 198.0
2689 198.0
2690 198.0
2691 198.0
2692 198.0
2693 198.0
2694 198.0
2695 198.0
2696 198.0
2697 198.0
2698 198.0
2699 198.0
2700 198.0
2701 198.0
2702 198.0
2703 198.0
2704 198.0
2705 198.0
2706 198.0
2707 198.0
2708 198.0
2709 198.0
2710 198.0
2711 198.0
2712 198.0
2713 198.0
2714 198.0
2715 198.0
2716 198.0
2717 198.0
2718 198.0
2719 198.0
2720 198.0
2721 198.0
2722 198.0
2723 198.0
2724 198.0
2725 198.0
2726 198.0
2727 198.0
2728 198.0
2729 198.0
2730 198.0
2731 198.0
2732 198.0
2733 198.0
2734 198.0
2735 198.0
2736 198.0
2737 198.0
2738 198.0
2739 198.0
2740 198.0
2741 198.0
2742 198.0
2743 198.0
2744 198.0
2745 198.0
2746 198.0
2747 198.0
2748 198.0
2749 198.0
2750 198.0
2751 198.0
2752 198.0
2753 198.0
2754 198.0
2755 198.0
2756 198.0
2757 198.0
2758 198.0
2759 198.0
2760 198.0
2761 198.0
2762 198.0
2763 198.0
2764 198.0
2765 198.0
2766 198.0
2767 198.0
2768 198.0
2769 198.0
2770 198.0
2771 198.0
2772 198.0
2773 198.0
2774 198.0
2775 198.0
2776 198.0
2777 198.0
2778 198.0
2779 198.0
2780 198.0
2781 198.0
2782 198.0
2783 198.0
2784 198.0
2785 198.0
2786 198.0
2787 198.0
2788 198.0
2789 198.0
2790 198.0
2791 198.0
2792 198.0
2793 198.0
2794 198.0
2795 198.0
2796 198.0
2797 198.0
2798 198.0
2799 198.0
2800 198.0
2801 198.0
2802 198.0
2803 198.0
2804 198.0
2805 198.0
2806 198.0
2807 198.0
2808 198.0
2809 198.0
2810 198.0
2811 198.0
2812 198.0
2813 198.0
2814 198.0
2815 198.0
2816 198.0
2817 198.0
2818 198.0
2819 198.0
2820 198.0
2821 198.0
2822 198.0
2823 198.0
2824 198.0
2825 198.0
2826 198.0
2827 198.0
2828 198.0
2829 198.0
2830 198.0
2831 198.0
2832 198.0
2833 198.0
2834 198.0
2835 198.0
2836 198.0
2837 198.0
2838 198.0
2839 198.0
2840 198.0
2841 198.0
2842 198.0
2843 198.0
2844 198.0
2845 198.0
2846 198.0
2847 198.0
2848 198.0
2849 198.0
2850 198.0
2851 198.0
2852 198.0
2853 198.0
2854 198.0
2855 198.0
2856 198.0
2857 198.0
2858 198.0
2859 198.0
2860 198.0
2861 198.0
2862 198.0
2863 198.0
2864 198.0
2865 198.0
2866 198.0
2867 198.0
2868 198.0
2869 198.0
2870 198.0
2871 198.0
2872 198.0
2873 198.0
2874 198.0
2875 198.0
2876 198.0
2877 198.0
2878 198.0
2879 198.0
2880 198.0
2881 198.0
2882 198.0
2883 198.0
2884 198.0
2885 198.0
2886 198.0
2887 198.0
2888 198.0
2889 198.0
2890 198.0
2891 198.0
2892 198.0
2893 198.0
2894 198.0
2895 198.0
2896 198.0
2897 198.0
2898 198.0
2899 198.0
2900 198.0
2901 198.0
2902 198.0
2903 198.0
2904 198.0
2905 198.0
2906 198.0
2907 198.0
2908 198.0
2909 198.0
2910 198.0
2911 198.0
2912 198.0
2913 198.0
2914 198.0
2915 198.0
2916 198.0
2917 198.0
2918 198.0
2919 198.0
2920 198.0
2921 198.0
2922 198.0
2923 198.0
2924 198.0
2925 198.0
2926 198.0
2927 198.0
2928 198.0
2929 198.0
2930 198.0
2931 198.0
2932 198.0
2933 198.0
2934 198.0
2935 198.0
2936 198.0
2937 198.0
2938 198.0
2939 198.0
2940 198.0
2941 198.0
2942 198.0
2943 198.0
2944 198.0
2945 198.0
2946 198.0
2947 198.0
2948 198.0
2949 198.0
2950 198.0
2951 198.0
2952 198.0
2953 198.0
2954 198.0
2955 198.0
2956 198.0
2957 198.0
2958 198.0
2959 198.0
2960 198.0
2961 198.0
2962 198.0
2963 198.0
2964 198.0
2965 198.0
2966 198.0
2967 198.0
2968 198.0
2969 198.0
2970 198.0
2971 198.0
2972 198.0
2973 198.0
2974 198.0
2975 198.0
2976 198.0
2977 198.0
2978 198.0
2979 198.0
2980 198.0
2981 198.0
2982 198.0
2983 198.0
2984 198.0
2985 198.0
2986 198.0
2987 198.0
2988 198.0
2989 198.0
2990 198.0
2991 198.0
2992 198.0
2993 198.0
2994 198.0
2995 198.0
2996 198.0
2997 198.0
2998 198.0
2999 198.0
3000 198.0
3001 198.0
3002 198.0
3003 198.0
3004 198.0
3005 198.0
3006 198.0
3007 198.0
3008 198.0
3009 198.0
3010 198.0
3011 198.0
3012 198.0
3013 198.0
3014 198.0
3015 198.0
3016 198.0
3017 198.0
3018 198.0
3019 198.0
3020 198.0
3021 198.0
3022 198.0
3023 198.0
3024 198.0
3025 198.0
3026 198.0
3027 198.0
3028 198.0
3029 198.0
3030 198.0
3031 198.0
3032 198.0
3033 198.0
3034 198.0
3035 198.0
3036 198.0
3037 198.0
3038 198.0
3039 198.0
3040 198.0
3041 198.0
3042 198.0
3043 198.0
3044 198.0
3045 198.0
3046 198.0
3047 198.0
3048 198.0
3049 198.0
3050 198.0
3051 198.0
3052 198.0
3053 198.0
3054 198.0
3055 198.0
3056 198.0
3057 198.0
3058 198.0
3059 198.0
3060 198.0
3061 198.0
3062 198.0
3063 198.0
3064 198.0
3065 198.0
3066 198.0
3067 198.0
3068 198.0
3069 198.0
3070 198.0
3071 198.0
3072 198.0
3073 198.0
3074 198.0
3075 198.0
3076 198.0
3077 198.0
3078 198.0
3079 198.0
3080 198.0
3081 198.0
3082 198.0
3083 198.0
3084 198.0
3085 198.0
3086 198.0
3087 198.0
3088 198.0
3089 198.0
3090 198.0
3091 198.0
3092 198.0
3093 198.0
3094 198.0
3095 198.0
3096 198.0
3097 198.0
3098 198.0
3099 198.0
3100 198.0
3101 198.0
3102 198.0
3103 198.0
3104 198.0
3105 198.0
3106 198.0
3107 198.0
3108 198.0
3109 198.0
3110 198.0
3111 198.0
3112 198.0
3113 198.0
3114 198.0
3115 198.0
3116 198.0
3117 198.0
3118 198.0
3119 198.0
3120 198.0
3121 198.0
3122 198.0
3123 198.0
3124 198.0
3125 198.0
3126 198.0
3127 198.0
3128 198.0
3129 198.0
3130 198.0
3131 198.0
3132 198.0
3133 198.0
3134 198.0
3135 198.0
3136 198.0
3137 198.0
3138 198.0
3139 198.0
3140 198.0
3141 198.0
3142 198.0
3143 198.0
3144 198.0
3145 198.0
3146 198.0
3147 198.0
3148 198.0
3149 198.0
3150 198.0
3151 198.0
3152 198.0
3153 198.0
3154 198.0
3155 198.0
3156 198.0
3157 198.0
3158 198.0
3159 198.0
3160 198.0
3161 198.0
3162 198.0
3163 198.0
3164 198.0
3165 198.0
3166 198.0
3167 198.0
3168 198.0
3169 198.0
3170 198.0
3171 198.0
3172 198.0
3173 198.0
3174 198.0
3175 198.0
3176 198.0
3177 198.0
3178 198.0
3179 198.0
3180 198.0
3181 198.0
3182 198.0
3183 198.0
3184 198.0
3185 198.0
3186 198.0
3187 198.0
3188 198.0
3189 198.0
3190 198.0
3191 198.0
3192 198.0
3193 198.0
3194 196.0
3195 196.0
3196 196.0
3197 196.0
3198 196.0
3199 196.0
3200 196.0
3201 196.0
3202 196.0
3203 196.0
3204 196.0
3205 196.0
3206 196.0
3207 196.0
3208 196.0
3209 196.0
3210 196.0
3211 196.0
3212 196.0
3213 196.0
3214 196.0
3215 196.0
3216 196.0
3217 196.0
3218 196.0
3219 196.0
3220 196.0
3221 196.0
3222 196.0
3223 196.0
3224 196.0
3225 196.0
3226 196.0
3227 196.0
3228 196.0
3229 196.0
3230 196.0
3231 196.0
3232 196.0
3233 196.0
3234 196.0
3235 196.0
3236 196.0
3237 196.0
3238 196.0
3239 196.0
3240 196.0
3241 196.0
3242 196.0
3243 196.0
3244 196.0
3245 196.0
3246 196.0
3247 196.0
3248 196.0
3249 196.0
3250 196.0
3251 196.0
3252 196.0
3253 196.0
3254 196.0
3255 196.0
3256 196.0
3257 196.0
3258 196.0
3259 196.0
3260 196.0
3261 196.0
3262 196.0
3263 196.0
3264 196.0
3265 196.0
3266 196.0
3267 196.0
3268 196.0
3269 196.0
3270 196.0
3271 196.0
3272 196.0
3273 196.0
3274 196.0
3275 196.0
3276 196.0
3277 196.0
3278 194.0
3279 194.0
3280 194.0
3281 194.0
3282 194.0
3283 194.0
3284 194.0
3285 194.0
3286 194.0
3287 194.0
3288 194.0
3289 194.0
3290 194.0
3291 194.0
3292 194.0
3293 194.0
3294 194.0
3295 194.0
3296 194.0
3297 194.0
3298 194.0
3299 194.0
3300 194.0
3301 194.0
3302 194.0
3303 194.0
3304 194.0
3305 194.0
3306 194.0
3307 194.0
3308 194.0
3309 194.0
3310 194.0
3311 194.0
3312 194.0
3313 194.0
3314 194.0
3315 194.0
3316 194.0
3317 194.0
3318 194.0
3319 194.0
3320 194.0
3321 194.0
3322 194.0
3323 194.0
3324 194.0
3325 194.0
3326 194.0
3327 194.0
3328 194.0
3329 194.0
3330 194.0
3331 194.0
3332 194.0
3333 194.0
3334 194.0
3335 194.0
3336 194.0
3337 194.0
3338 194.0
3339 194.0
3340 194.0
3341 194.0
3342 194.0
3343 194.0
3344 194.0
3345 194.0
3346 194.0
3347 194.0
3348 194.0
3349 194.0
3350 194.0
3351 194.0
3352 194.0
3353 194.0
3354 194.0
3355 194.0
3356 194.0
3357 194.0
3358 194.0
3359 194.0
3360 194.0
3361 194.0
3362 194.0
3363 194.0
3364 194.0
3365 194.0
3366 194.0
3367 194.0
3368 194.0
3369 194.0
3370 194.0
3371 194.0
3372 194.0
3373 194.0
3374 194.0
3375 194.0
3376 194.0
3377 194.0
3378 194.0
3379 194.0
3380 194.0
3381 194.0
3382 194.0
3383 194.0
3384 194.0
3385 194.0
3386 194.0
3387 194.0
3388 194.0
3389 194.0
3390 194.0
3391 194.0
3392 194.0
3393 194.0
3394 194.0
3395 194.0
3396 194.0
3397 194.0
3398 194.0
3399 194.0
3400 194.0
3401 194.0
3402 194.0
3403 194.0
3404 194.0
3405 194.0
3406 194.0
3407 194.0
3408 194.0
3409 194.0
3410 194.0
3411 194.0
3412 194.0
3413 194.0
3414 194.0
3415 194.0
3416 194.0
3417 194.0
3418 194.0
3419 194.0
3420 194.0
3421 194.0
3422 194.0
3423 194.0
3424 194.0
3425 194.0
3426 194.0
3427 194.0
3428 194.0
3429 194.0
3430 194.0
3431 194.0
3432 194.0
3433 194.0
3434 194.0
3435 194.0
3436 194.0
3437 194.0
3438 194.0
3439 194.0
3440 194.0
3441 194.0
3442 194.0
3443 194.0
3444 194.0
3445 194.0
3446 194.0
3447 194.0
3448 194.0
3449 194.0
3450 194.0
3451 194.0
3452 194.0
3453 194.0
3454 194.0
3455 194.0
3456 194.0
3457 194.0
3458 194.0
3459 194.0
3460 194.0
3461 194.0
3462 194.0
3463 194.0
3464 194.0
3465 194.0
3466 194.0
3467 194.0
3468 194.0
3469 194.0
3470 194.0
3471 194.0
3472 194.0
3473 194.0
3474 194.0
3475 194.0
3476 194.0
3477 194.0
3478 194.0
3479 194.0
3480 194.0
3481 194.0
3482 194.0
3483 194.0
3484 194.0
3485 194.0
3486 194.0
3487 194.0
3488 194.0
3489 194.0
3490 194.0
3491 194.0
3492 194.0
3493 194.0
3494 194.0
3495 194.0
3496 194.0
3497 194.0
3498 194.0
3499 194.0
3500 194.0
3501 194.0
3502 194.0
3503 194.0
3504 194.0
3505 194.0
3506 194.0
3507 194.0
3508 194.0
3509 194.0
3510 194.0
3511 194.0
3512 194.0
3513 194.0
3514 194.0
3515 194.0
3516 194.0
3517 194.0
3518 194.0
3519 194.0
3520 194.0
3521 194.0
3522 194.0
3523 194.0
3524 194.0
3525 194.0
3526 194.0
3527 194.0
3528 194.0
3529 194.0
3530 194.0
3531 194.0
3532 194.0
3533 194.0
3534 194.0
3535 194.0
3536 194.0
3537 194.0
3538 194.0
3539 194.0
3540 194.0
3541 194.0
3542 194.0
3543 194.0
3544 194.0
3545 194.0
3546 194.0
3547 194.0
3548 194.0
3549 194.0
3550 194.0
3551 194.0
3552 194.0
3553 194.0
3554 194.0
3555 194.0
3556 194.0
3557 194.0
3558 194.0
3559 194.0
3560 194.0
3561 194.0
3562 194.0
3563 194.0
3564 194.0
3565 194.0
3566 194.0
3567 194.0
3568 194.0
3569 194.0
3570 194.0
3571 194.0
3572 194.0
3573 194.0
3574 194.0
3575 194.0
3576 194.0
3577 194.0
3578 194.0
3579 194.0
3580 194.0
3581 194.0
3582 194.0
3583 194.0
3584 194.0
3585 194.0
3586 194.0
3587 194.0
3588 194.0
3589 194.0
3590 194.0
3591 194.0
3592 194.0
3593 194.0
3594 194.0
3595 194.0
3596 194.0
3597 194.0
3598 194.0
3599 194.0
3600 194.0
3601 194.0
3602 194.0
3603 194.0
3604 194.0
3605 194.0
3606 194.0
3607 194.0
3608 194.0
3609 194.0
3610 194.0
3611 194.0
3612 194.0
3613 194.0
3614 194.0
3615 194.0
3616 194.0
3617 194.0
3618 194.0
3619 194.0
3620 194.0
3621 194.0
3622 194.0
3623 194.0
3624 194.0
3625 194.0
3626 194.0
3627 194.0
3628 194.0
3629 194.0
3630 194.0
3631 194.0
3632 194.0
3633 194.0
3634 194.0
3635 194.0
3636 194.0
3637 194.0
3638 194.0
3639 194.0
3640 194.0
3641 194.0
3642 194.0
3643 194.0
3644 194.0
3645 194.0
3646 194.0
3647 194.0
3648 194.0
3649 194.0
3650 194.0
3651 194.0
3652 194.0
3653 194.0
3654 194.0
3655 194.0
3656 194.0
3657 194.0
3658 194.0
3659 194.0
3660 194.0
3661 194.0
3662 194.0
3663 194.0
3664 194.0
3665 194.0
3666 194.0
3667 194.0
3668 194.0
3669 194.0
3670 194.0
3671 194.0
3672 194.0
3673 194.0
3674 194.0
3675 194.0
3676 194.0
3677 194.0
3678 194.0
3679 194.0
3680 194.0
3681 194.0
3682 194.0
3683 194.0
3684 194.0
3685 194.0
3686 194.0
3687 194.0
3688 194.0
3689 194.0
3690 194.0
3691 194.0
3692 194.0
3693 194.0
3694 194.0
3695 194.0
3696 194.0
3697 194.0
3698 194.0
3699 194.0
3700 194.0
3701 194.0
3702 194.0
3703 194.0
3704 194.0
3705 194.0
3706 194.0
3707 194.0
3708 194.0
3709 194.0
3710 194.0
3711 194.0
3712 194.0
3713 194.0
3714 194.0
3715 194.0
3716 194.0
3717 194.0
3718 194.0
3719 194.0
3720 194.0
3721 194.0
3722 194.0
3723 194.0
3724 194.0
3725 194.0
3726 194.0
3727 194.0
3728 194.0
3729 194.0
3730 194.0
3731 194.0
3732 194.0
3733 194.0
3734 194.0
3735 194.0
3736 194.0
3737 194.0
3738 194.0
3739 194.0
3740 194.0
3741 194.0
3742 194.0
3743 194.0
3744 194.0
3745 194.0
3746 194.0
3747 194.0
3748 194.0
3749 194.0
3750 194.0
3751 194.0
3752 194.0
3753 194.0
3754 194.0
3755 194.0
3756 194.0
3757 194.0
3758 194.0
3759 194.0
3760 194.0
3761 194.0
3762 194.0
3763 194.0
3764 194.0
3765 194.0
3766 194.0
3767 194.0
3768 194.0
3769 194.0
3770 194.0
3771 194.0
3772 194.0
3773 194.0
3774 194.0
3775 194.0
3776 194.0
3777 194.0
3778 194.0
3779 194.0
3780 194.0
3781 194.0
3782 194.0
3783 194.0
3784 194.0
3785 194.0
3786 194.0
3787 194.0
3788 194.0
3789 194.0
3790 194.0
3791 194.0
3792 194.0
3793 194.0
3794 194.0
3795 194.0
3796 194.0
3797 194.0
3798 194.0
3799 194.0
3800 194.0
3801 194.0
3802 194.0
3803 194.0
3804 194.0
3805 194.0
3806 194.0
3807 194.0
3808 194.0
3809 194.0
3810 194.0
3811 194.0
3812 194.0
3813 194.0
3814 194.0
3815 194.0
3816 194.0
3817 194.0
3818 194.0
3819 194.0
3820 194.0
3821 194.0
3822 194.0
3823 194.0
3824 194.0
3825 194.0
3826 194.0
3827 194.0
3828 194.0
3829 194.0
3830 194.0
3831 194.0
3832 194.0
3833 194.0
3834 194.0
3835 194.0
3836 194.0
3837 194.0
3838 194.0
3839 194.0
3840 194.0
3841 194.0
3842 194.0
3843 194.0
3844 194.0
3845 194.0
3846 194.0
3847 194.0
3848 194.0
3849 194.0
3850 194.0
3851 194.0
3852 194.0
3853 194.0
3854 194.0
3855 194.0
3856 194.0
3857 194.0
3858 194.0
3859 194.0
3860 194.0
3861 194.0
3862 194.0
3863 194.0
3864 194.0
3865 194.0
3866 194.0
3867 194.0
3868 194.0
3869 194.0
3870 194.0
3871 194.0
3872 194.0
3873 194.0
3874 194.0
3875 194.0
3876 194.0
3877 194.0
3878 194.0
3879 194.0
3880 194.0
3881 194.0
3882 194.0
3883 194.0
3884 194.0
3885 194.0
3886 194.0
3887 194.0
3888 194.0
3889 194.0
3890 194.0
3891 194.0
3892 194.0
3893 194.0
3894 194.0
3895 194.0
3896 194.0
3897 194.0
3898 194.0
3899 194.0
3900 194.0
3901 194.0
3902 194.0
3903 194.0
3904 194.0
3905 194.0
3906 194.0
3907 194.0
3908 194.0
3909 194.0
3910 194.0
3911 194.0
3912 194.0
3913 194.0
3914 194.0
3915 194.0
3916 194.0
3917 194.0
3918 194.0
3919 194.0
3920 194.0
3921 194.0
3922 194.0
3923 194.0
3924 194.0
3925 194.0
3926 194.0
3927 194.0
3928 194.0
3929 194.0
3930 194.0
3931 194.0
3932 194.0
3933 194.0
3934 194.0
3935 194.0
3936 194.0
3937 194.0
3938 194.0
3939 194.0
3940 194.0
3941 194.0
3942 194.0
3943 194.0
3944 194.0
3945 194.0
3946 194.0
3947 194.0
3948 194.0
3949 194.0
3950 194.0
3951 194.0
3952 194.0
3953 194.0
3954 194.0
3955 194.0
3956 194.0
3957 194.0
3958 194.0
3959 194.0
3960 194.0
3961 194.0
3962 194.0
3963 194.0
3964 194.0
3965 194.0
3966 194.0
3967 194.0
3968 194.0
3969 194.0
3970 194.0
3971 194.0
3972 194.0
3973 194.0
3974 194.0
3975 194.0
3976 194.0
3977 194.0
3978 194.0
3979 194.0
3980 194.0
3981 194.0
3982 194.0
3983 194.0
3984 194.0
3985 194.0
3986 194.0
3987 194.0
3988 194.0
3989 194.0
3990 194.0
3991 194.0
3992 194.0
3993 194.0
3994 194.0
3995 194.0
3996 194.0
3997 194.0
3998 194.0
3999 194.0
4000 194.0
4001 194.0
4002 194.0
4003 194.0
4004 194.0
4005 194.0
4006 194.0
4007 194.0
4008 194.0
4009 194.0
4010 194.0
4011 194.0
4012 194.0
4013 194.0
4014 194.0
4015 194.0
4016 194.0
4017 194.0
4018 194.0
4019 194.0
4020 194.0
4021 194.0
4022 194.0
4023 194.0
4024 194.0
4025 194.0
4026 194.0
4027 194.0
4028 194.0
4029 194.0
4030 194.0
4031 194.0
4032 194.0
4033 194.0
4034 194.0
4035 194.0
4036 194.0
4037 194.0
4038 194.0
4039 194.0
4040 194.0
4041 194.0
4042 194.0
4043 194.0
4044 194.0
4045 194.0
4046 194.0
4047 194.0
4048 194.0
4049 194.0
4050 194.0
4051 194.0
4052 194.0
4053 194.0
4054 194.0
4055 194.0
4056 194.0
4057 194.0
4058 194.0
4059 194.0
4060 194.0
4061 194.0
4062 194.0
4063 194.0
4064 194.0
4065 194.0
4066 194.0
4067 194.0
4068 194.0
4069 194.0
4070 194.0
4071 194.0
4072 194.0
4073 194.0
4074 194.0
4075 194.0
4076 194.0
4077 194.0
4078 194.0
4079 194.0
4080 194.0
4081 194.0
4082 194.0
4083 194.0
4084 194.0
4085 194.0
4086 194.0
4087 194.0
4088 194.0
4089 194.0
4090 194.0
4091 194.0
4092 194.0
4093 194.0
4094 194.0
4095 194.0
4096 194.0
4097 194.0
4098 194.0
4099 194.0
4100 194.0
4101 194.0
4102 194.0
4103 194.0
4104 194.0
4105 194.0
4106 194.0
4107 194.0
4108 194.0
4109 194.0
4110 194.0
4111 194.0
4112 194.0
4113 194.0
4114 194.0
4115 194.0
4116 194.0
4117 194.0
4118 194.0
4119 194.0
4120 194.0
4121 194.0
4122 194.0
4123 194.0
4124 194.0
4125 194.0
4126 194.0
4127 194.0
4128 194.0
4129 194.0
4130 194.0
4131 194.0
4132 194.0
4133 194.0
4134 194.0
4135 194.0
4136 194.0
4137 194.0
4138 194.0
4139 194.0
4140 194.0
4141 194.0
4142 194.0
4143 194.0
4144 194.0
4145 194.0
4146 194.0
4147 194.0
4148 194.0
4149 194.0
4150 194.0
4151 194.0
4152 194.0
4153 194.0
4154 194.0
4155 194.0
4156 194.0
4157 194.0
4158 194.0
4159 194.0
4160 194.0
4161 194.0
4162 194.0
4163 194.0
4164 194.0
4165 194.0
4166 194.0
4167 194.0
4168 194.0
4169 194.0
4170 194.0
4171 194.0
4172 194.0
4173 194.0
4174 194.0
4175 194.0
4176 194.0
4177 194.0
4178 194.0
4179 194.0
4180 194.0
4181 194.0
4182 194.0
4183 194.0
4184 194.0
4185 194.0
4186 194.0
4187 194.0
4188 194.0
4189 194.0
4190 194.0
4191 194.0
4192 194.0
4193 194.0
4194 194.0
4195 194.0
4196 194.0
4197 194.0
4198 194.0
4199 194.0
4200 194.0
4201 194.0
4202 194.0
4203 194.0
4204 194.0
4205 194.0
4206 194.0
4207 194.0
4208 194.0
4209 194.0
4210 194.0
4211 194.0
4212 194.0
4213 194.0
4214 194.0
4215 194.0
4216 194.0
4217 194.0
4218 194.0
4219 194.0
4220 194.0
4221 194.0
4222 194.0
4223 194.0
4224 194.0
4225 194.0
4226 194.0
4227 194.0
4228 194.0
4229 194.0
4230 194.0
4231 194.0
4232 194.0
4233 194.0
4234 194.0
4235 194.0
4236 194.0
4237 194.0
4238 194.0
4239 194.0
4240 194.0
4241 194.0
4242 194.0
4243 194.0
4244 194.0
4245 194.0
4246 194.0
4247 194.0
4248 194.0
4249 194.0
4250 194.0
4251 194.0
4252 194.0
4253 194.0
4254 194.0
4255 194.0
4256 194.0
4257 194.0
4258 194.0
4259 194.0
4260 194.0
4261 194.0
4262 194.0
4263 194.0
4264 194.0
4265 194.0
4266 194.0
4267 194.0
4268 194.0
4269 194.0
4270 194.0
4271 194.0
4272 194.0
4273 194.0
4274 194.0
4275 194.0
4276 194.0
4277 194.0
4278 194.0
4279 194.0
4280 194.0
4281 194.0
4282 194.0
4283 194.0
4284 194.0
4285 194.0
4286 194.0
4287 194.0
4288 194.0
4289 194.0
4290 194.0
4291 194.0
4292 194.0
4293 194.0
4294 194.0
4295 194.0
4296 194.0
4297 194.0
4298 194.0
4299 194.0
4300 194.0
4301 194.0
4302 194.0
4303 194.0
4304 194.0
4305 194.0
4306 194.0
4307 194.0
4308 194.0
4309 194.0
4310 194.0
4311 194.0
4312 194.0
4313 194.0
4314 194.0
4315 194.0
4316 194.0
4317 194.0
4318 194.0
4319 194.0
4320 194.0
4321 194.0
4322 194.0
4323 194.0
4324 194.0
4325 194.0
4326 194.0
4327 194.0
4328 194.0
4329 194.0
4330 194.0
4331 194.0
4332 194.0
4333 194.0
4334 194.0
4335 194.0
4336 194.0
4337 194.0
4338 194.0
4339 194.0
4340 194.0
4341 194.0
4342 194.0
4343 194.0
4344 194.0
4345 194.0
4346 194.0
4347 194.0
4348 194.0
4349 194.0
4350 194.0
4351 194.0
4352 194.0
4353 194.0
4354 194.0
4355 194.0
4356 194.0
4357 194.0
4358 194.0
4359 194.0
4360 194.0
4361 194.0
4362 194.0
4363 194.0
4364 194.0
4365 194.0
4366 194.0
4367 194.0
4368 194.0
4369 194.0
4370 194.0
4371 194.0
4372 194.0
4373 194.0
4374 194.0
4375 194.0
4376 194.0
4377 194.0
4378 194.0
4379 194.0
4380 194.0
4381 194.0
4382 194.0
4383 194.0
4384 194.0
4385 194.0
4386 194.0
4387 194.0
4388 194.0
4389 194.0
4390 194.0
4391 194.0
4392 194.0
4393 194.0
4394 194.0
4395 194.0
4396 194.0
4397 194.0
4398 194.0
4399 194.0
4400 194.0
4401 194.0
4402 194.0
4403 194.0
4404 194.0
4405 194.0
4406 194.0
4407 194.0
4408 194.0
4409 194.0
4410 194.0
4411 194.0
4412 194.0
4413 194.0
4414 194.0
4415 194.0
4416 194.0
4417 194.0
4418 194.0
4419 194.0
4420 194.0
4421 194.0
4422 194.0
4423 194.0
4424 194.0
4425 194.0
4426 194.0
4427 194.0
4428 194.0
4429 194.0
4430 194.0
4431 194.0
4432 194.0
4433 194.0
4434 194.0
4435 194.0
4436 194.0
4437 194.0
4438 194.0
4439 194.0
4440 194.0
4441 194.0
4442 194.0
4443 194.0
4444 194.0
4445 194.0
4446 194.0
4447 194.0
4448 194.0
4449 194.0
4450 194.0
4451 194.0
4452 194.0
4453 194.0
4454 194.0
4455 194.0
4456 194.0
4457 194.0
4458 194.0
4459 194.0
4460 194.0
4461 194.0
4462 194.0
4463 194.0
4464 194.0
4465 194.0
4466 194.0
4467 194.0
4468 194.0
4469 194.0
4470 194.0
4471 194.0
4472 194.0
4473 194.0
4474 194.0
4475 194.0
4476 194.0
4477 194.0
4478 194.0
4479 194.0
4480 194.0
4481 194.0
4482 194.0
4483 194.0
4484 194.0
4485 194.0
4486 194.0
4487 194.0
4488 194.0
4489 194.0
4490 194.0
4491 194.0
4492 194.0
4493 194.0
4494 194.0
4495 194.0
4496 194.0
4497 194.0
4498 194.0
4499 194.0
4500 194.0
4501 194.0
4502 194.0
4503 194.0
4504 194.0
4505 194.0
4506 194.0
4507 194.0
4508 194.0
4509 194.0
4510 194.0
4511 194.0
4512 194.0
4513 194.0
4514 194.0
4515 194.0
4516 194.0
4517 194.0
4518 194.0
4519 194.0
4520 194.0
4521 194.0
4522 194.0
4523 194.0
4524 194.0
4525 194.0
4526 194.0
4527 194.0
4528 194.0
4529 194.0
4530 194.0
4531 194.0
4532 194.0
4533 194.0
4534 194.0
4535 194.0
4536 194.0
4537 194.0
4538 194.0
4539 194.0
4540 194.0
4541 194.0
4542 194.0
4543 194.0
4544 194.0
4545 194.0
4546 194.0
4547 194.0
4548 194.0
4549 194.0
4550 194.0
4551 194.0
4552 194.0
4553 194.0
4554 194.0
4555 194.0
4556 194.0
4557 194.0
4558 194.0
4559 194.0
4560 194.0
4561 194.0
4562 194.0
4563 194.0
4564 194.0
4565 194.0
4566 194.0
4567 194.0
4568 194.0
4569 194.0
4570 194.0
4571 194.0
4572 194.0
4573 194.0
4574 194.0
4575 194.0
4576 194.0
4577 194.0
4578 194.0
4579 194.0
4580 194.0
4581 194.0
4582 194.0
4583 194.0
4584 194.0
4585 194.0
4586 194.0
4587 194.0
4588 194.0
4589 194.0
4590 194.0
4591 194.0
4592 194.0
4593 194.0
4594 194.0
4595 194.0
4596 194.0
4597 194.0
4598 194.0
4599 194.0
4600 194.0
4601 194.0
4602 194.0
4603 194.0
4604 194.0
4605 194.0
4606 194.0
4607 194.0
4608 194.0
4609 194.0
4610 194.0
4611 194.0
4612 194.0
4613 194.0
4614 194.0
4615 194.0
4616 194.0
4617 194.0
4618 194.0
4619 194.0
4620 194.0
4621 194.0
4622 194.0
4623 194.0
4624 194.0
4625 194.0
4626 194.0
4627 194.0
4628 194.0
4629 194.0
4630 194.0
4631 194.0
4632 194.0
4633 194.0
4634 194.0
4635 194.0
4636 194.0
4637 194.0
4638 194.0
4639 194.0
4640 194.0
4641 194.0
4642 194.0
4643 194.0
4644 194.0
4645 194.0
4646 194.0
4647 194.0
4648 194.0
4649 194.0
4650 194.0
4651 194.0
4652 194.0
4653 194.0
4654 194.0
4655 194.0
4656 194.0
4657 194.0
4658 194.0
4659 194.0
4660 194.0
4661 194.0
4662 194.0
4663 194.0
4664 194.0
4665 194.0
4666 194.0
4667 194.0
4668 194.0
4669 194.0
4670 194.0
4671 194.0
4672 194.0
4673 194.0
4674 194.0
4675 194.0
4676 194.0
4677 194.0
4678 194.0
4679 194.0
4680 194.0
4681 194.0
4682 194.0
4683 194.0
4684 194.0
4685 194.0
4686 194.0
4687 194.0
4688 194.0
4689 194.0
4690 194.0
4691 194.0
4692 194.0
4693 194.0
4694 194.0
4695 194.0
4696 194.0
4697 194.0
4698 194.0
4699 194.0
4700 194.0
4701 194.0
4702 194.0
4703 194.0
4704 194.0
4705 194.0
4706 194.0
4707 194.0
4708 194.0
4709 194.0
4710 194.0
4711 194.0
4712 194.0
4713 194.0
4714 194.0
4715 194.0
4716 194.0
4717 194.0
4718 194.0
4719 194.0
4720 194.0
4721 194.0
4722 194.0
4723 194.0
4724 194.0
4725 194.0
4726 194.0
4727 194.0
4728 194.0
4729 194.0
4730 194.0
4731 194.0
4732 194.0
4733 194.0
4734 194.0
4735 194.0
4736 194.0
4737 194.0
4738 194.0
4739 194.0
4740 194.0
4741 194.0
4742 194.0
4743 194.0
4744 194.0
4745 194.0
4746 194.0
4747 194.0
4748 194.0
4749 194.0
4750 194.0
4751 194.0
4752 194.0
4753 194.0
4754 194.0
4755 194.0
4756 194.0
4757 194.0
4758 194.0
4759 194.0
4760 194.0
4761 194.0
4762 194.0
4763 194.0
4764 194.0
4765 194.0
4766 194.0
4767 194.0
4768 194.0
4769 194.0
4770 194.0
4771 194.0
4772 194.0
4773 194.0
4774 194.0
4775 194.0
4776 194.0
4777 194.0
4778 194.0
4779 194.0
4780 194.0
4781 194.0
4782 194.0
4783 194.0
4784 194.0
4785 194.0
4786 194.0
4787 194.0
4788 194.0
4789 194.0
4790 194.0
4791 194.0
4792 194.0
4793 194.0
4794 194.0
4795 194.0
4796 194.0
4797 194.0
4798 194.0
4799 194.0
4800 194.0
4801 194.0
4802 194.0
4803 194.0
4804 194.0
4805 194.0
4806 194.0
4807 194.0
4808 194.0
4809 194.0
4810 194.0
4811 194.0
4812 194.0
4813 194.0
4814 194.0
4815 194.0
4816 194.0
4817 194.0
4818 194.0
4819 194.0
4820 194.0
4821 194.0
4822 194.0
4823 194.0
4824 194.0
4825 194.0
4826 194.0
4827 194.0
4828 194.0
4829 194.0
4830 194.0
4831 194.0
4832 194.0
4833 194.0
4834 194.0
4835 194.0
4836 194.0
4837 194.0
4838 194.0
4839 194.0
4840 194.0
4841 194.0
4842 194.0
4843 194.0
4844 194.0
4845 194.0
4846 194.0
4847 194.0
4848 194.0
4849 194.0
4850 194.0
4851 194.0
4852 194.0
4853 194.0
4854 194.0
4855 194.0
4856 194.0
4857 194.0
4858 194.0
4859 194.0
4860 194.0
4861 194.0
4862 194.0
4863 194.0
4864 194.0
4865 194.0
4866 194.0
4867 194.0
4868 194.0
4869 194.0
4870 194.0
4871 194.0
4872 194.0
4873 194.0
4874 194.0
4875 194.0
4876 194.0
4877 194.0
4878 194.0
4879 194.0
4880 194.0
4881 194.0
4882 194.0
4883 194.0
4884 194.0
4885 194.0
4886 194.0
4887 194.0
4888 194.0
4889 194.0
4890 194.0
4891 194.0
4892 194.0
4893 194.0
4894 194.0
4895 194.0
4896 194.0
4897 194.0
4898 194.0
4899 194.0
4900 194.0
4901 194.0
4902 194.0
4903 194.0
4904 194.0
4905 194.0
4906 194.0
4907 194.0
4908 194.0
4909 194.0
4910 194.0
4911 194.0
4912 194.0
4913 194.0
4914 194.0
4915 194.0
4916 194.0
4917 194.0
4918 194.0
4919 194.0
4920 194.0
4921 194.0
4922 194.0
4923 194.0
4924 194.0
4925 194.0
4926 194.0
4927 194.0
4928 194.0
4929 194.0
4930 194.0
4931 194.0
4932 194.0
4933 194.0
4934 194.0
4935 194.0
4936 194.0
4937 194.0
4938 194.0
4939 194.0
4940 194.0
4941 194.0
4942 194.0
4943 194.0
4944 194.0
4945 194.0
4946 194.0
4947 194.0
4948 194.0
4949 194.0
4950 194.0
4951 194.0
4952 194.0
4953 194.0
4954 194.0
4955 194.0
4956 194.0
4957 194.0
4958 194.0
4959 194.0
4960 194.0
4961 194.0
4962 194.0
4963 194.0
4964 194.0
4965 194.0
4966 194.0
4967 194.0
4968 194.0
4969 194.0
4970 194.0
4971 194.0
4972 194.0
4973 194.0
4974 194.0
4975 194.0
4976 194.0
4977 194.0
4978 194.0
4979 194.0
4980 194.0
4981 194.0
4982 194.0
4983 194.0
4984 194.0
4985 194.0
4986 194.0
4987 194.0
4988 194.0
4989 194.0
4990 194.0
4991 194.0
4992 194.0
4993 194.0
4994 194.0
4995 194.0
4996 194.0
4997 194.0
4998 194.0
4999 194.0
