0 14062.0
1 13895.0
2 13729.0
3 13721.0
4 12913.0
5 12594.0
6 12437.0
7 12282.0
8 12129.0
9 12129.0
10 12129.0
11 11527.0
12 11527.0
13 11527.0
14 11527.0
15 11527.0
16 11227.0
17 11227.0
18 10930.0
19 10783.0
20 10783.0
21 10783.0
22 10783.0
23 10783.0
24 10783.0
25 10783.0
26 10783.0
27 10783.0
28 10637.0
29 10637.0
30 9797.0
31 9797.0
32 9664.0
33 9664.0
34 9664.0
35 9664.0
36 9664.0
37 9664.0
38 9664.0
39 9664.0
40 9664.0
41 9664.0
42 9664.0
43 9664.0
44 9664.0
45 9664.0
46 9664.0
47 9664.0
48 9664.0
49 9664.0
50 9664.0
51 9664.0
52 9664.0
53 9526.0
54 9526.0
55 9390.0
56 9254.0
57 9254.0
58 9254.0
59 8855.0
60 8855.0
61 8855.0
62 8855.0
63 8855.0
64 8855.0
65 8855.0
66 8723.0
67 8723.0
68 8723.0
69 8717.0
70 8206.0
71 8081.0
72 8081.0
73 8081.0
74 8081.0
75 8081.0
76 8081.0
77 8081.0
78 8080.0
79 7708.0
80 7587.0
81 7587.0
82 7587.0
83 7587.0
84 7587.0
85 7587.0
86 7587.0
87 7587.0
88 7587.0
89 7587.0
90 7587.0
91 7587.0
92 7587.0
93 7587.0
94 7587.0
95 7587.0
96 7587.0
97 7465.0
98 7465.0
99 7465.0
100 7465.0
101 7344.0
102 7344.0
103 7344.0
104 7344.0
105 7344.0
106 7224.0
107 7224.0
108 7224.0
109 7224.0
110 7224.0
111 7224.0
112 7224.0
113 7224.0
114 7107.0
115 7107.0
116 7107.0
117 7107.0
118 7107.0
119 7107.0
120 7107.0
121 7107.0
122 6109.0
123 6000.0
124 6000.0
125 6000.0
126 6000.0
127 5787.0
128 5684.0
129 5684.0
130 5684.0
131 5684.0
132 5684.0
133 5684.0
134 5684.0
135 5684.0
136 5375.0
137 5375.0
138 5375.0
139 5375.0
140 5375.0
141 5375.0
142 5375.0
143 5375.0
144 5375.0
145 5375.0
146 4879.0
147 4879.0
148 4879.0
149 4879.0
150 4879.0
151 4879.0
152 4879.0
153 4879.0
154 4879.0
155 4879.0
156 4879.0
157 4879.0
158 4879.0
159 4879.0
160 4879.0
161 4879.0
162 4879.0
163 4879.0
164 4879.0
165 4782.0
166 4500.0
167 4500.0
168 4414.0
169 4414.0
170 4414.0
171 4414.0
172 4069.0
173 3645.0
174 3645.0
175 3645.0
176 3562.0
177 3481.0
178 3481.0
179 3414.0
180 3414.0
181 3414.0
182 3414.0
183 3334.0
184 3334.0
185 3334.0
186 3334.0
187 3334.0
188 3334.0
189 3103.0
190 3034.0
191 3034.0
192 3034.0
193 3034.0
194 3034.0
195 3034.0
196 3034.0
197 3034.0
198 3034.0
199 2959.0
200 2959.0
201 2885.0
202 2885.0
203 2885.0
204 2885.0
205 2748.0
206 2274.0
207 2271.0
208 2269.0
209 2210.0
210 2210.0
211 2210.0
212 2153.0
213 2153.0
214 2153.0
215 2153.0
216 2153.0
217 2153.0
218 2153.0
219 2153.0
220 2153.0
221 2153.0
222 2153.0
223 2153.0
224 2153.0
225 2091.0
226 2089.0
227 2073.0
228 2073.0
229 2073.0
230 2073.0
231 1955.0
232 1955.0
233 1905.0
234 1905.0
235 1864.0
236 1826.0
237 1664.0
238 1562.0
239 1562.0
240 1468.0
241 1468.0
242 1468.0
243 1468.0
244 1428.0
245 1428.0
246 1428.0
247 1428.0
248 1428.0
249 1428.0
250 1419.0
251 1372.0
252 1372.0
253 1372.0
254 1372.0
255 1372.0
256 1372.0
257 1372.0
258 1372.0
259 1372.0
260 1154.0
261 1154.0
262 1113.0
263 1103.0
264 1103.0
265 1103.0
266 1103.0
267 1103.0
268 1103.0
269 1103.0
270 1103.0
271 1103.0
272 1103.0
273 1103.0
274 1036.0
275 1035.0
276 832.0
277 821.0
278 821.0
279 820.0
280 820.0
281 820.0
282 792.0
283 787.0
284 787.0
285 787.0
286 787.0
287 787.0
288 787.0
289 787.0
290 787.0
291 781.0
292 781.0
293 781.0
294 781.0
295 781.0
296 760.0
297 760.0
298 760.0
299 760.0
300 712.0
301 712.0
302 712.0
303 695.0
304 695.0
305 695.0
306 695.0
307 683.0
308 683.0
309 673.0
310 493.0
311 423.0
312 423.0
313 423.0
314 423.0
315 423.0
316 423.0
317 423.0
318 423.0
319 423.0
320 423.0
321 423.0
322 414.0
323 383.0
324 369.0
325 369.0
326 369.0
327 366.0
328 366.0
329 366.0
330 366.0
331 366.0
332 366.0
333 356.0
334 355.0
335 348.0
336 348.0
337 347.0
338 341.0
339 341.0
340 341.0
341 341.0
342 341.0
343 341.0
344 341.0
345 341.0
346 329.0
347 329.0
348 329.0
349 329.0
350 329.0
351 329.0
352 327.0
353 327.0
354 327.0
355 327.0
356 327.0
357 327.0
358 323.0
359 323.0
360 323.0
361 323.0
362 323.0
363 323.0
364 323.0
365 323.0
366 323.0
367 323.0
368 323.0
369 323.0
370 323.0
371 323.0
372 323.0
373 323.0
374 323.0
375 323.0
376 323.0
377 323.0
378 323.0
379 323.0
380 323.0
381 323.0
382 323.0
383 323.0
384 322.0
385 322.0
386 322.0
387 322.0
388 322.0
389 322.0
390 322.0
391 322.0
392 322.0
393 320.0
394 320.0
395 320.0
396 320.0
397 312.0
398 312.0
399 312.0
400 312.0
401 312.0
402 312.0
403 312.0
404 312.0
405 312.0
406 312.0
407 312.0
408 312.0
409 312.0
410 312.0
411 312.0
412 312.0
413 312.0
414 311.0
415 311.0
416 300.0
417 300.0
418 298.0
419 298.0
420 298.0
421 298.0
422 298.0
423 298.0
424 298.0
425 294.0
426 291.0
427 291.0
428 291.0
429 291.0
430 288.0
431 288.0
432 288.0
433 288.0
434 288.0
435 288.0
436 288.0
437 288.0
438 288.0
439 288.0
440 288.0
441 288.0
442 288.0
443 288.0
444 288.0
445 288.0
446 288.0
447 288.0
448 288.0
449 288.0
450 288.0
451 288.0
452 278.0
453 270.0
454 270.0
455 270.0
456 270.0
457 270.0
458 270.0
459 270.0
460 270.0
461 270.0
462 270.0
463 270.0
464 270.0
465 270.0
466 270.0
467 270.0
468 270.0
469 270.0
470 270.0
471 270.0
472 270.0
473 270.0
474 270.0
475 270.0
476 270.0
477 270.0
478 269.0
479 269.0
480 269.0
481 269.0
482 269.0
483 269.0
484 269.0
485 269.0
486 269.0
487 269.0
488 269.0
489 269.0
490 269.0
491 269.0
492 269.0
493 269.0
494 269.0
495 269.0
496 269.0
497 269.0
498 269.0
499 269.0
500 269.0
501 269.0
502 269.0
503 269.0
504 269.0
505 266.0
506 266.0
507 266.0
508 266.0
509 266.0
510 266.0
511 266.0
512 265.0
513 265.0
514 265.0
515 265.0
516 265.0
517 265.0
518 265.0
519 265.0
520 265.0
521 265.0
522 265.0
523 265.0
524 265.0
525 265.0
526 265.0
527 265.0
528 265.0
529 265.0
530 265.0
531 265.0
532 265.0
533 265.0
534 265.0
535 265.0
536 265.0
537 265.0
538 265.0
539 265.0
540 265.0
541 265.0
542 265.0
543 265.0
544 265.0
545 265.0
546 261.0
547 261.0
548 261.0
549 261.0
550 249.0
551 243.0
552 243.0
553 243.0
554 243.0
555 243.0
556 243.0
557 243.0
558 243.0
559 243.0
560 243.0
561 243.0
562 243.0
563 243.0
564 243.0
565 243.0
566 243.0
567 243.0
568 243.0
569 243.0
570 243.0
571 243.0
572 243.0
573 243.0
574 243.0
575 243.0
576 243.0
577 243.0
578 243.0
579 243.0
580 243.0
581 243.0
582 243.0
583 241.0
584 241.0
585 241.0
586 241.0
587 241.0
588 241.0
589 241.0
590 241.0
591 241.0
592 241.0
593 241.0
594 241.0
595 241.0
596 241.0
597 241.0
598 241.0
599 241.0
600 241.0
601 241.0
602 241.0
603 241.0
604 241.0
605 241.0
606 241.0
607 241.0
608 241.0
609 241.0
610 241.0
611 241.0
612 241.0
613 241.0
614 241.0
615 241.0
616 241.0
617 241.0
618 241.0
619 241.0
620 235.0
621 235.0
622 235.0
623 235.0
624 233.0
625 233.0
626 233.0
627 233.0
628 233.0
629 232.0
630 232.0
631 232.0
632 232.0
633 232.0
634 232.0
635 227.0
636 227.0
637 227.0
638 227.0
639 227.0
640 227.0
641 227.0
642 227.0
643 227.0
644 227.0
645 227.0
646 227.0
647 227.0
648 227.0
649 227.0
650 227.0
651 227.0
652 227.0
653 227.0
654 227.0
655 227.0
656 227.0
657 227.0
658 227.0
659 227.0
660 227.0
661 227.0
662 227.0
663 227.0
664 227.0
665 227.0
666 227.0
667 227.0
668 227.0
669 227.0
670 227.0
671 227.0
672 227.0
673 227.0
674 227.0
675 227.0
676 227.0
677 227.0
678 227.0
679 227.0
680 227.0
681 227.0
682 227.0
683 227.0
684 227.0
685 227.0
686 227.0
687 227.0
688 227.0
689 227.0
690 227.0
691 227.0
692 227.0
693 227.0
694 227.0
695 224.0
696 224.0
697 224.0
698 224.0
699 224.0
700 224.0
701 224.0
702 224.0
703 224.0
704 224.0
705 224.0
706 224.0
707 224.0
708 224.0
709 224.0
710 224.0
711 224.0
712 224.0
713 224.0
714 222.0
715 222.0
716 222.0
717 222.0
718 222.0
719 222.0
720 222.0
721 222.0
722 222.0
723 222.0
724 222.0
725 222.0
726 222.0
727 222.0
728 222.0
729 222.0
730 222.0
731 222.0
732 220.0
733 220.0
734 220.0
735 220.0
736 220.0
737 220.0
738 220.0
739 220.0
740 220.0
741 220.0
742 220.0
743 220.0
744 220.0
745 220.0
746 220.0
747 220.0
748 220.0
749 220.0
750 220.0
751 220.0
752 220.0
753 220.0
754 220.0
755 220.0
756 220.0
757 220.0
758 220.0
759 220.0
760 220.0
761 220.0
762 220.0
763 220.0
764 220.0
765 220.0
766 220.0
767 220.0
768 220.0
769 220.0
770 220.0
771 220.0
772 220.0
773 220.0
774 220.0
775 220.0
776 220.0
777 220.0
778 220.0
779 220.0
780 220.0
781 220.0
782 220.0
783 220.0
784 220.0
785 220.0
786 220.0
787 220.0
788 220.0
789 220.0
790 220.0
791 220.0
792 220.0
793 220.0
794 220.0
795 220.0
796 220.0
797 220.0
798 220.0
799 220.0
800 220.0
801 220.0
802 220.0
803 220.0
804 220.0
805 220.0
806 220.0
807 220.0
808 220.0
809 220.0
810 220.0
811 220.0
812 220.0
813 220.0
814 220.0
815 220.0
816 220.0
817 220.0
818 220.0
819 220.0
820 220.0
821 220.0
822 220.0
823 220.0
824 220.0
825 220.0
826 220.0
827 220.0
828 220.0
829 220.0
830 220.0
831 220.0
832 220.0
833 220.0
834 220.0
835 220.0
836 220.0
837 220.0
838 220.0
839 220.0
840 220.0
841 220.0
842 220.0
843 220.0
844 220.0
845 220.0
846 220.0
847 220.0
848 220.0
849 220.0
850 220.0
851 220.0
852 220.0
853 220.0
854 220.0
855 220.0
856 220.0
857 220.0
858 220.0
859 220.0
860 220.0
861 220.0
862 220.0
863 220.0
864 220.0
865 220.0
866 220.0
867 220.0
868 220.0
869 214.0
870 214.0
871 214.0
872 212.0
873 212.0
874 212.0
875 212.0
876 212.0
877 212.0
878 212.0
879 212.0
880 212.0
881 212.0
882 212.0
883 212.0
884 212.0
885 212.0
886 212.0
887 212.0
888 212.0
889 212.0
890 212.0
891 212.0
892 212.0
893 212.0
894 212.0
895 212.0
896 212.0
897 212.0
898 212.0
899 212.0
900 212.0
901 211.0
902 211.0
903 211.0
904 210.0
905 210.0
906 210.0
907 210.0
908 210.0
909 210.0
910 210.0
911 210.0
912 210.0
913 210.0
914 210.0
915 210.0
916 210.0
917 210.0
918 210.0
919 210.0
920 210.0
921 210.0
922 210.0
923 210.0
924 210.0
925 210.0
926 210.0
927 210.0
928 210.0
929 210.0
930 210.0
931 210.0
932 210.0
933 210.0
934 210.0
935 210.0
936 210.0
937 210.0
938 210.0
939 210.0
940 210.0
941 210.0
942 206.0
943 206.0
944 206.0
945 206.0
946 206.0
947 206.0
948 206.0
949 206.0
950 206.0
951 206.0
952 206.0
953 206.0
954 206.0
955 206.0
956 206.0
957 206.0
958 206.0
959 206.0
960 206.0
961 206.0
962 206.0
963 206.0
964 206.0
965 206.0
966 206.0
967 206.0
968 206.0
969 206.0
970 206.0
971 206.0
972 206.0
973 206.0
974 206.0
975 206.0
976 206.0
977 206.0
978 206.0
979 206.0
980 206.0
981 206.0
982 206.0
983 206.0
984 206.0
985 206.0
986 206.0
987 206.0
988 206.0
989 206.0
990 206.0
991 206.0
992 206.0
993 206.0
994 206.0
995 206.0
996 206.0
997 206.0
998 206.0
999 206.0
1000 206.0
1001 206.0
1002 206.0
1003 206.0
1004 206.0
1005 206.0
1006 206.0
1007 206.0
1008 206.0
1009 206.0
1010 206.0
1011 206.0
1012 206.0
1013 206.0
1014 206.0
1015 206.0
1016 206.0
1017 206.0
1018 206.0
1019 206.0
1020 206.0
1021 206.0
1022 206.0
1023 206.0
1024 206.0
1025 206.0
1026 206.0
1027 206.0
1028 206.0
1029 206.0
1030 206.0
1031 206.0
1032 206.0
1033 206.0
1034 206.0
1035 206.0
1036 206.0
1037 206.0
1038 206.0
1039 206.0
1040 206.0
1041 206.0
1042 206.0
1043 206.0
1044 206.0
1045 206.0
1046 206.0
1047 206.0
1048 206.0
1049 206.0
1050 206.0
1051 206.0
1052 206.0
1053 206.0
1054 206.0
1055 206.0
1056 203.0
1057 203.0
1058 203.0
1059 203.0
1060 203.0
1061 203.0
1062 203.0
1063 203.0
1064 203.0
1065 203.0
1066 203.0
1067 203.0
1068 203.0
1069 203.0
1070 203.0
1071 203.0
1072 203.0
1073 203.0
1074 203.0
1075 203.0
1076 203.0
1077 203.0
1078 203.0
1079 203.0
1080 203.0
1081 203.0
1082 203.0
1083 203.0
1084 203.0
1085 203.0
1086 203.0
1087 203.0
1088 203.0
1089 203.0
1090 203.0
1091 203.0
1092 203.0
1093 203.0
1094 203.0
1095 203.0
1096 203.0
1097 203.0
1098 203.0
1099 203.0
1100 203.0
1101 203.0
1102 203.0
1103 203.0
1104 203.0
1105 203.0
1106 203.0
1107 203.0
1108 203.0
1109 203.0
1110 203.0
1111 203.0
1112 203.0
1113 203.0
1114 203.0
1115 203.0
1116 203.0
1117 203.0
1118 203.0
1119 203.0
1120 203.0
1121 203.0
1122 203.0
1123 203.0
1124 203.0
1125 203.0
1126 203.0
1127 203.0
1128 203.0
1129 203.0
1130 203.0
1131 203.0
1132 203.0
1133 203.0
1134 203.0
1135 203.0
1136 203.0
1137 203.0
1138 203.0
1139 203.0
1140 203.0
1141 203.0
1142 203.0
1143 203.0
1144 203.0
1145 203.0
1146 203.0
1147 203.0
1148 203.0
1149 203.0
1150 203.0
1151 203.0
1152 203.0
1153 203.0
1154 203.0
1155 203.0
1156 203.0
1157 203.0
1158 203.0
1159 203.0
1160 203.0
1161 203.0
1162 203.0
1163 203.0
1164 203.0
1165 203.0
1166 203.0
1167 203.0
1168 203.0
1169 203.0
1170 203.0
1171 203.0
1172 203.0
1173 203.0
1174 203.0
1175 203.0
1176 203.0
1177 203.0
1178 203.0
1179 203.0
1180 203.0
1181 203.0
1182 203.0
1183 203.0
1184 203.0
1185 203.0
1186 203.0
1187 203.0
1188 203.0
1189 203.0
1190 203.0
1191 203.0
1192 203.0
1193 203.0
1194 203.0
1195 203.0
1196 203.0
1197 203.0
1198 203.0
1199 203.0
1200 203.0
1201 203.0
1202 203.0
1203 203.0
1204 203.0
1205 203.0
1206 203.0
1207 203.0
1208 203.0
1209 203.0
1210 203.0
1211 203.0
1212 203.0
1213 203.0
1214 203.0
1215 203.0
1216 203.0
1217 203.0
1218 203.0
1219 203.0
1220 203.0
1221 203.0
1222 203.0
1223 203.0
1224 203.0
1225 203.0
1226 203.0
1227 203.0
1228 203.0
1229 203.0
1230 203.0
1231 203.0
1232 203.0
1233 203.0
1234 203.0
1235 203.0
1236 203.0
1237 203.0
1238 203.0
1239 203.0
1240 203.0
1241 203.0
1242 203.0
1243 203.0
1244 203.0
1245 203.0
1246 203.0
1247 203.0
1248 203.0
1249 203.0
1250 203.0
1251 203.0
1252 203.0
1253 203.0
1254 203.0
1255 203.0
1256 203.0
1257 203.0
1258 203.0
1259 203.0
1260 203.0
1261 203.0
1262 203.0
1263 203.0
1264 203.0
1265 203.0
1266 203.0
1267 203.0
1268 203.0
1269 203.0
1270 203.0
1271 203.0
1272 203.0
1273 203.0
1274 203.0
1275 203.0
1276 203.0
1277 203.0
1278 203.0
1279 203.0
1280 203.0
1281 203.0
1282 203.0
1283 203.0
1284 203.0
1285 203.0
1286 203.0
1287 203.0
1288 203.0
1289 203.0
1290 203.0
1291 203.0
1292 203.0
1293 203.0
1294 203.0
1295 203.0
1296 203.0
1297 203.0
1298 203.0
1299 203.0
1300 203.0
1301 203.0
1302 203.0
1303 203.0
1304 203.0
1305 203.0
1306 203.0
1307 203.0
1308 203.0
1309 203.0
1310 203.0
1311 203.0
1312 203.0
1313 203.0
1314 203.0
1315 203.0
1316 203.0
1317 203.0
1318 203.0
1319 203.0
1320 203.0
1321 203.0
1322 203.0
1323 203.0
1324 203.0
1325 203.0
1326 203.0
1327 203.0
1328 203.0
1329 203.0
1330 203.0
1331 203.0
1332 203.0
1333 203.0
1334 203.0
1335 203.0
1336 203.0
1337 203.0
1338 203.0
1339 203.0
1340 203.0
1341 203.0
1342 203.0
1343 203.0
1344 203.0
1345 203.0
1346 203.0
1347 203.0
1348 203.0
1349 203.0
1350 203.0
1351 203.0
1352 203.0
1353 203.0
1354 203.0
1355 203.0
1356 203.0
1357 203.0
1358 203.0
1359 203.0
1360 203.0
1361 203.0
1362 203.0
1363 203.0
1364 203.0
1365 203.0
1366 203.0
1367 203.0
1368 203.0
1369 203.0
1370 203.0
1371 203.0
1372 203.0
1373 203.0
1374 203.0
1375 203.0
1376 203.0
1377 203.0
1378 203.0
1379 203.0
1380 203.0
1381 203.0
1382 203.0
1383 203.0
1384 203.0
1385 203.0
1386 203.0
1387 203.0
1388 203.0
1389 203.0
1390 203.0
1391 203.0
1392 203.0
1393 203.0
1394 203.0
1395 203.0
1396 203.0
1397 203.0
1398 203.0
1399 203.0
1400 203.0
1401 203.0
1402 203.0
1403 203.0
1404 203.0
1405 203.0
1406 203.0
1407 203.0
1408 203.0
1409 203.0
1410 203.0
1411 203.0
1412 203.0
1413 203.0
1414 203.0
1415 203.0
1416 203.0
1417 203.0
1418 203.0
1419 203.0
1420 203.0
1421 203.0
1422 203.0
1423 203.0
1424 203.0
1425 203.0
1426 203.0
1427 203.0
1428 203.0
1429 203.0
1430 203.0
1431 203.0
1432 203.0
1433 203.0
1434 203.0
1435 203.0
1436 203.0
1437 203.0
1438 203.0
1439 203.0
1440 203.0
1441 203.0
1442 203.0
1443 203.0
1444 203.0
1445 203.0
1446 203.0
1447 203.0
1448 203.0
1449 203.0
1450 203.0
1451 203.0
1452 203.0
1453 203.0
1454 203.0
1455 203.0
1456 203.0
1457 203.0
1458 203.0
1459 203.0
1460 203.0
1461 203.0
1462 203.0
1463 203.0
1464 203.0
1465 203.0
1466 203.0
1467 203.0
1468 203.0
1469 203.0
1470 203.0
1471 203.0
1472 203.0
1473 203.0
1474 203.0
1475 203.0
1476 203.0
1477 203.0
1478 203.0
1479 203.0
1480 203.0
1481 203.0
1482 203.0
1483 203.0
1484 203.0
1485 203.0
1486 203.0
1487 203.0
1488 203.0
1489 203.0
1490 203.0
1491 203.0
1492 203.0
1493 203.0
1494 203.0
1495 203.0
1496 203.0
1497 203.0
1498 203.0
1499 203.0
1500 203.0
1501 203.0
1502 203.0
1503 203.0
1504 203.0
1505 203.0
1506 203.0
1507 203.0
1508 203.0
1509 203.0
1510 203.0
1511 203.0
1512 203.0
1513 203.0
1514 203.0
1515 203.0
1516 203.0
1517 203.0
1518 203.0
1519 203.0
1520 203.0
1521 203.0
1522 203.0
1523 203.0
1524 203.0
1525 203.0
1526 203.0
1527 203.0
1528 203.0
1529 203.0
1530 203.0
1531 203.0
1532 203.0
1533 203.0
1534 203.0
1535 203.0
1536 203.0
1537 203.0
1538 203.0
1539 203.0
1540 203.0
1541 203.0
1542 203.0
1543 203.0
1544 203.0
1545 203.0
1546 203.0
1547 203.0
1548 203.0
1549 203.0
1550 203.0
1551 203.0
1552 203.0
1553 203.0
1554 203.0
1555 203.0
1556 203.0
1557 203.0
1558 203.0
1559 203.0
1560 203.0
1561 203.0
1562 203.0
1563 203.0
1564 203.0
1565 203.0
1566 203.0
1567 203.0
1568 203.0
1569 203.0
1570 203.0
1571 203.0
1572 203.0
1573 203.0
1574 203.0
1575 203.0
1576 203.0
1577 203.0
1578 203.0
1579 203.0
1580 203.0
1581 203.0
1582 203.0
1583 203.0
1584 203.0
1585 203.0
1586 203.0
1587 203.0
1588 203.0
1589 203.0
1590 203.0
1591 203.0
1592 203.0
1593 203.0
1594 203.0
1595 203.0
1596 203.0
1597 203.0
1598 203.0
1599 203.0
1600 203.0
1601 203.0
1602 203.0
1603 203.0
1604 203.0
1605 203.0
1606 203.0
1607 203.0
1608 203.0
1609 203.0
1610 203.0
1611 203.0
1612 203.0
1613 203.0
1614 203.0
1615 203.0
1616 203.0
1617 203.0
1618 203.0
1619 203.0
1620 203.0
1621 203.0
1622 203.0
1623 203.0
1624 203.0
1625 203.0
1626 203.0
1627 203.0
1628 203.0
1629 203.0
1630 203.0
1631 203.0
1632 203.0
1633 203.0
1634 203.0
1635 203.0
1636 203.0
1637 203.0
1638 203.0
1639 203.0
1640 203.0
1641 203.0
1642 203.0
1643 203.0
1644 203.0
1645 203.0
1646 203.0
1647 203.0
1648 203.0
1649 203.0
1650 203.0
1651 203.0
1652 203.0
1653 203.0
1654 203.0
1655 203.0
1656 203.0
1657 203.0
1658 203.0
1659 203.0
1660 203.0
1661 203.0
1662 203.0
1663 203.0
1664 203.0
1665 203.0
1666 203.0
1667 203.0
1668 203.0
1669 203.0
1670 203.0
1671 203.0
1672 203.0
1673 203.0
1674 203.0
1675 203.0
1676 203.0
1677 203.0
1678 203.0
1679 203.0
1680 203.0
1681 203.0
1682 203.0
1683 203.0
1684 203.0
1685 203.0
1686 203.0
1687 203.0
1688 203.0
1689 203.0
1690 203.0
1691 203.0
1692 203.0
1693 203.0
1694 203.0
1695 203.0
1696 203.0
1697 203.0
1698 203.0
1699 203.0
1700 203.0
1701 203.0
1702 203.0
1703 203.0
1704 203.0
1705 203.0
1706 203.0
1707 203.0
1708 203.0
1709 203.0
1710 203.0
1711 203.0
1712 203.0
1713 203.0
1714 203.0
1715 203.0
1716 203.0
1717 203.0
1718 203.0
1719 203.0
1720 203.0
1721 203.0
1722 203.0
1723 203.0
1724 203.0
1725 203.0
1726 203.0
1727 203.0
1728 203.0
1729 203.0
1730 203.0
1731 203.0
1732 203.0
1733 203.0
1734 203.0
1735 203.0
1736 203.0
1737 203.0
1738 203.0
1739 203.0
1740 203.0
1741 203.0
1742 203.0
1743 203.0
1744 203.0
1745 203.0
1746 203.0
1747 203.0
1748 203.0
1749 203.0
1750 203.0
1751 203.0
1752 203.0
1753 203.0
1754 203.0
1755 203.0
1756 203.0
1757 203.0
1758 203.0
1759 203.0
1760 203.0
1761 203.0
1762 203.0
1763 203.0
1764 203.0
1765 203.0
1766 203.0
1767 203.0
1768 203.0
1769 203.0
1770 203.0
1771 203.0
1772 203.0
1773 203.0
1774 203.0
1775 203.0
1776 203.0
1777 203.0
1778 203.0
1779 203.0
1780 203.0
1781 203.0
1782 203.0
1783 203.0
1784 203.0
1785 203.0
1786 203.0
1787 203.0
1788 203.0
1789 203.0
1790 203.0
1791 203.0
1792 203.0
1793 203.0
1794 203.0
1795 203.0
1796 203.0
1797 203.0
1798 203.0
1799 203.0
1800 203.0
1801 203.0
1802 203.0
1803 203.0
1804 203.0
1805 203.0
1806 203.0
1807 203.0
1808 203.0
1809 203.0
1810 203.0
1811 203.0
1812 203.0
1813 203.0
1814 203.0
1815 203.0
1816 203.0
1817 203.0
1818 203.0
1819 203.0
1820 203.0
1821 203.0
1822 203.0
1823 203.0
1824 203.0
1825 203.0
1826 203.0
1827 203.0
1828 203.0
1829 203.0
1830 203.0
1831 203.0
1832 203.0
1833 203.0
1834 203.0
1835 203.0
1836 203.0
1837 203.0
1838 203.0
1839 203.0
1840 203.0
1841 203.0
1842 203.0
1843 203.0
1844 203.0
1845 203.0
1846 203.0
1847 203.0
1848 203.0
1849 203.0
1850 203.0
1851 203.0
1852 203.0
1853 203.0
1854 203.0
1855 203.0
1856 203.0
1857 203.0
1858 203.0
1859 203.0
1860 203.0
1861 203.0
1862 203.0
1863 203.0
1864 203.0
1865 203.0
1866 203.0
1867 203.0
1868 203.0
1869 203.0
1870 203.0
1871 203.0
1872 203.0
1873 203.0
1874 203.0
1875 203.0
1876 203.0
1877 203.0
1878 203.0
1879 203.0
1880 203.0
1881 203.0
1882 203.0
1883 203.0
1884 203.0
1885 203.0
1886 203.0
1887 203.0
1888 203.0
1889 203.0
1890 203.0
1891 203.0
1892 203.0
1893 203.0
1894 203.0
1895 203.0
1896 203.0
1897 203.0
1898 203.0
1899 203.0
1900 203.0
1901 203.0
1902 203.0
1903 203.0
1904 203.0
1905 203.0
1906 203.0
1907 203.0
1908 203.0
1909 203.0
1910 203.0
1911 203.0
1912 203.0
1913 203.0
1914 203.0
1915 203.0
1916 203.0
1917 203.0
1918 203.0
1919 203.0
1920 203.0
1921 203.0
1922 203.0
1923 203.0
1924 203.0
1925 203.0
1926 203.0
1927 203.0
1928 203.0
1929 203.0
1930 203.0
1931 203.0
1932 203.0
1933 203.0
1934 203.0
1935 203.0
1936 203.0
1937 203.0
1938 203.0
1939 203.0
1940 203.0
1941 203.0
1942 203.0
1943 203.0
1944 203.0
1945 203.0
1946 203.0
1947 203.0
1948 203.0
1949 203.0
1950 203.0
1951 203.0
1952 203.0
1953 203.0
1954 203.0
1955 203.0
1956 203.0
1957 203.0
1958 203.0
1959 203.0
1960 203.0
1961 199.0
1962 199.0
1963 199.0
1964 199.0
1965 199.0
1966 199.0
1967 199.0
1968 199.0
1969 199.0
1970 199.0
1971 199.0
1972 199.0
1973 199.0
1974 199.0
1975 199.0
1976 199.0
1977 199.0
1978 199.0
1979 199.0
1980 199.0
1981 199.0
1982 199.0
1983 199.0
1984 199.0
1985 199.0
1986 199.0
1987 199.0
1988 199.0
1989 199.0
1990 199.0
1991 199.0
1992 199.0
1993 199.0
1994 199.0
1995 199.0
1996 199.0
1997 199.0
1998 199.0
1999 199.0
2000 199.0
2001 199.0
2002 199.0
2003 199.0
2004 199.0
2005 199.0
2006 199.0
2007 199.0
2008 199.0
2009 199.0
2010 199.0
2011 199.0
2012 199.0
2013 199.0
2014 199.0
2015 199.0
2016 199.0
2017 199.0
2018 199.0
2019 199.0
2020 199.0
2021 199.0
2022 199.0
2023 199.0
2024 199.0
2025 199.0
2026 199.0
2027 199.0
2028 199.0
2029 199.0
2030 199.0
2031 199.0
2032 199.0
2033 199.0
2034 199.0
2035 199.0
2036 199.0
2037 199.0
2038 199.0
2039 199.0
2040 199.0
2041 199.0
2042 199.0
2043 199.0
2044 199.0
2045 199.0
2046 199.0
2047 199.0
2048 199.0
2049 199.0
2050 199.0
2051 199.0
2052 199.0
2053 199.0
2054 199.0
2055 199.0
2056 199.0
2057 199.0
2058 199.0
2059 199.0
2060 199.0
2061 199.0
2062 199.0
2063 199.0
2064 199.0
2065 199.0
2066 199.0
2067 199.0
2068 199.0
2069 199.0
2070 199.0
2071 199.0
2072 199.0
2073 199.0
2074 199.0
2075 199.0
2076 199.0
2077 199.0
2078 199.0
2079 199.0
2080 199.0
2081 199.0
2082 199.0
2083 199.0
2084 199.0
2085 199.0
2086 199.0
2087 199.0
2088 199.0
2089 199.0
2090 199.0
2091 199.0
2092 199.0
2093 199.0
2094 199.0
2095 199.0
2096 199.0
2097 199.0
2098 199.0
2099 199.0
2100 199.0
2101 199.0
2102 199.0
2103 199.0
2104 199.0
2105 199.0
2106 199.0
2107 199.0
2108 199.0
2109 199.0
2110 199.0
2111 199.0
2112 199.0
2113 199.0
2114 199.0
2115 199.0
2116 199.0
2117 199.0
2118 199.0
2119 199.0
2120 199.0
2121 199.0
2122 199.0
2123 199.0
2124 199.0
2125 199.0
2126 199.0
2127 199.0
2128 199.0
2129 199.0
2130 199.0
2131 199.0
2132 199.0
2133 199.0
2134 199.0
2135 199.0
2136 199.0
2137 199.0
2138 199.0
2139 199.0
2140 199.0
2141 199.0
2142 199.0
2143 199.0
2144 199.0
2145 199.0
2146 199.0
2147 199.0
2148 199.0
2149 199.0
2150 199.0
2151 199.0
2152 199.0
2153 199.0
2154 199.0
2155 199.0
2156 199.0
2157 199.0
2158 199.0
2159 199.0
2160 199.0
2161 199.0
2162 199.0
2163 199.0
2164 199.0
2165 199.0
2166 199.0
2167 199.0
2168 199.0
2169 199.0
2170 199.0
2171 199.0
2172 199.0
2173 199.0
2174 199.0
2175 199.0
2176 199.0
2177 199.0
2178 199.0
2179 199.0
2180 199.0
2181 199.0
2182 199.0
2183 199.0
2184 199.0
2185 199.0
2186 199.0
2187 199.0
2188 199.0
2189 199.0
2190 199.0
2191 199.0
2192 199.0
2193 199.0
2194 199.0
2195 199.0
2196 199.0
2197 199.0
2198 199.0
2199 199.0
2200 199.0
2201 199.0
2202 199.0
2203 199.0
2204 199.0
2205 199.0
2206 199.0
2207 199.0
2208 199.0
2209 199.0
2210 199.0
2211 199.0
2212 199.0
2213 199.0
2214 199.0
2215 199.0
2216 199.0
2217 199.0
2218 199.0
2219 199.0
2220 199.0
2221 199.0
2222 199.0
2223 199.0
2224 199.0
2225 199.0
2226 199.0
2227 199.0
2228 199.0
2229 199.0
2230 199.0
2231 199.0
2232 199.0
2233 199.0
2234 199.0
2235 199.0
2236 199.0
2237 199.0
2238 199.0
2239 199.0
2240 199.0
2241 199.0
2242 199.0
2243 199.0
2244 199.0
2245 199.0
2246 199.0
2247 199.0
2248 199.0
2249 199.0
2250 199.0
2251 199.0
2252 199.0
2253 199.0
2254 199.0
2255 199.0
2256 199.0
2257 199.0
2258 199.0
2259 199.0
2260 199.0
2261 199.0
2262 199.0
2263 199.0
2264 199.0
2265 199.0
2266 199.0
2267 199.0
2268 199.0
2269 199.0
2270 199.0
2271 199.0
2272 199.0
2273 199.0
2274 199.0
2275 199.0
2276 199.0
2277 199.0
2278 199.0
2279 199.0
2280 199.0
2281 199.0
2282 199.0
2283 199.0
2284 199.0
2285 199.0
2286 199.0
2287 199.0
2288 199.0
2289 199.0
2290 199.0
2291 199.0
2292 199.0
2293 199.0
2294 199.0
2295 199.0
2296 199.0
2297 199.0
2298 199.0
2299 199.0
2300 199.0
2301 199.0
2302 199.0
2303 199.0
2304 199.0
2305 199.0
2306 199.0
2307 199.0
2308 199.0
2309 199.0
2310 199.0
2311 199.0
2312 199.0
2313 199.0
2314 199.0
2315 199.0
2316 199.0
2317 199.0
2318 199.0
2319 199.0
2320 199.0
2321 199.0
2322 199.0
2323 199.0
2324 199.0
2325 199.0
2326 199.0
2327 199.0
2328 199.0
2329 199.0
2330 199.0
2331 199.0
2332 199.0
2333 199.0
2334 199.0
2335 199.0
2336 199.0
2337 199.0
2338 199.0
2339 199.0
2340 199.0
2341 199.0
2342 199.0
2343 199.0
2344 199.0
2345 199.0
2346 199.0
2347 199.0
2348 199.0
2349 199.0
2350 199.0
2351 199.0
2352 199.0
2353 199.0
2354 199.0
2355 199.0
2356 199.0
2357 199.0
2358 199.0
2359 199.0
2360 199.0
2361 199.0
2362 199.0
2363 199.0
2364 199.0
2365 199.0
2366 199.0
2367 199.0
2368 199.0
2369 199.0
2370 199.0
2371 199.0
2372 199.0
2373 199.0
2374 199.0
2375 199.0
2376 199.0
2377 199.0
2378 199.0
2379 199.0
2380 199.0
2381 199.0
2382 199.0
2383 199.0
2384 199.0
2385 199.0
2386 199.0
2387 199.0
2388 199.0
2389 199.0
2390 199.0
2391 199.0
2392 199.0
2393 199.0
2394 199.0
2395 199.0
2396 199.0
2397 199.0
2398 199.0
2399 199.0
2400 199.0
2401 199.0
2402 199.0
2403 199.0
2404 199.0
2405 199.0
2406 199.0
2407 199.0
2408 199.0
2409 199.0
2410 199.0
2411 199.0
2412 199.0
2413 199.0
2414 199.0
2415 199.0
2416 199.0
2417 199.0
2418 199.0
2419 199.0
2420 199.0
2421 199.0
2422 199.0
2423 199.0
2424 199.0
2425 199.0
2426 199.0
2427 199.0
2428 199.0
2429 199.0
2430 199.0
2431 199.0
2432 199.0
2433 199.0
2434 199.0
2435 199.0
2436 199.0
2437 199.0
2438 199.0
2439 199.0
2440 199.0
2441 199.0
2442 199.0
2443 199.0
2444 199.0
2445 199.0
2446 199.0
2447 199.0
2448 199.0
2449 199.0
2450 199.0
2451 199.0
2452 199.0
2453 199.0
2454 199.0
2455 199.0
2456 199.0
2457 199.0
2458 199.0
2459 199.0
2460 199.0
2461 199.0
2462 199.0
2463 199.0
2464 199.0
2465 199.0
2466 199.0
2467 199.0
2468 199.0
2469 199.0
2470 199.0
2471 199.0
2472 199.0
2473 199.0
2474 199.0
2475 199.0
2476 199.0
2477 199.0
2478 199.0
2479 199.0
2480 199.0
2481 199.0
2482 199.0
2483 199.0
2484 199.0
2485 199.0
2486 199.0
2487 199.0
2488 199.0
2489 199.0
2490 199.0
2491 199.0
2492 199.0
2493 199.0
2494 199.0
2495 199.0
2496 199.0
2497 199.0
2498 199.0
2499 199.0
2500 199.0
2501 199.0
2502 199.0
2503 199.0
2504 199.0
2505 199.0
2506 199.0
2507 199.0
2508 199.0
2509 199.0
2510 199.0
2511 199.0
2512 199.0
2513 199.0
2514 199.0
2515 199.0
2516 199.0
2517 199.0
2518 199.0
2519 199.0
2520 199.0
2521 199.0
2522 199.0
2523 199.0
2524 199.0
2525 199.0
2526 199.0
2527 199.0
2528 199.0
2529 199.0
2530 199.0
2531 199.0
2532 199.0
2533 199.0
2534 199.0
2535 199.0
2536 199.0
2537 199.0
2538 199.0
2539 199.0
2540 199.0
2541 199.0
2542 199.0
2543 199.0
2544 199.0
2545 199.0
2546 199.0
2547 199.0
2548 199.0
2549 199.0
2550 199.0
2551 199.0
2552 199.0
2553 199.0
2554 199.0
2555 199.0
2556 199.0
2557 199.0
2558 199.0
2559 199.0
2560 199.0
2561 199.0
2562 199.0
2563 199.0
2564 199.0
2565 199.0
2566 199.0
2567 199.0
2568 199.0
2569 199.0
2570 199.0
2571 199.0
2572 199.0
2573 199.0
2574 199.0
2575 199.0
2576 199.0
2577 199.0
2578 199.0
2579 199.0
2580 199.0
2581 199.0
2582 199.0
2583 199.0
2584 199.0
2585 199.0
2586 199.0
2587 199.0
2588 199.0
2589 199.0
2590 199.0
2591 199.0
2592 199.0
2593 199.0
2594 199.0
2595 199.0
2596 199.0
2597 199.0
2598 199.0
2599 199.0
2600 199.0
2601 199.0
2602 199.0
2603 199.0
2604 199.0
2605 199.0
2606 199.0
2607 199.0
2608 199.0
2609 199.0
2610 199.0
2611 199.0
2612 199.0
2613 199.0
2614 199.0
2615 199.0
2616 199.0
2617 199.0
2618 199.0
2619 199.0
2620 199.0
2621 199.0
2622 199.0
2623 199.0
2624 199.0
2625 199.0
2626 199.0
2627 199.0
2628 199.0
2629 199.0
2630 199.0
2631 199.0
2632 199.0
2633 199.0
2634 199.0
2635 199.0
2636 199.0
2637 199.0
2638 199.0
2639 199.0
2640 199.0
2641 199.0
2642 199.0
2643 199.0
2644 199.0
2645 199.0
2646 199.0
2647 199.0
2648 199.0
2649 199.0
2650 199.0
2651 199.0
2652 199.0
2653 199.0
2654 199.0
2655 199.0
2656 199.0
2657 199.0
2658 199.0
2659 199.0
2660 199.0
2661 199.0
2662 199.0
2663 199.0
2664 199.0
2665 199.0
2666 199.0
2667 199.0
2668 199.0
2669 199.0
2670 199.0
2671 199.0
2672 199.0
2673 199.0
2674 199.0
2675 199.0
2676 199.0
2677 199.0
2678 199.0
2679 199.0
2680 199.0
2681 199.0
2682 199.0
2683 199.0
2684 199.0
2685 199.0
2686 199.0
2687 199.0
2688 199.0
2689 199.0
2690 199.0
2691 199.0
2692 199.0
2693 199.0
2694 199.0
2695 199.0
2696 199.0
2697 199.0
2698 199.0
2699 199.0
2700 199.0
2701 199.0
2702 199.0
2703 199.0
2704 199.0
2705 199.0
2706 199.0
2707 199.0
2708 199.0
2709 199.0
2710 199.0
2711 199.0
2712 199.0
2713 199.0
2714 199.0
2715 199.0
2716 199.0
2717 199.0
2718 199.0
2719 199.0
2720 199.0
2721 199.0
2722 199.0
2723 199.0
2724 199.0
2725 199.0
2726 199.0
2727 199.0
2728 199.0
2729 199.0
2730 199.0
2731 199.0
2732 199.0
2733 199.0
2734 199.0
2735 199.0
2736 199.0
2737 199.0
2738 199.0
2739 199.0
2740 199.0
2741 199.0
2742 199.0
2743 199.0
2744 199.0
2745 199.0
2746 199.0
2747 199.0
2748 199.0
2749 199.0
2750 199.0
2751 199.0
2752 199.0
2753 199.0
2754 199.0
2755 199.0
2756 199.0
2757 199.0
2758 199.0
2759 199.0
2760 199.0
2761 199.0
2762 199.0
2763 199.0
2764 199.0
2765 199.0
2766 199.0
2767 199.0
2768 199.0
2769 199.0
2770 199.0
2771 199.0
2772 199.0
2773 199.0
2774 199.0
2775 199.0
2776 199.0
2777 199.0
2778 199.0
2779 199.0
2780 199.0
2781 199.0
2782 199.0
2783 199.0
2784 199.0
2785 199.0
2786 199.0
2787 199.0
2788 199.0
2789 199.0
2790 199.0
2791 199.0
2792 199.0
2793 199.0
2794 199.0
2795 199.0
2796 199.0
2797 199.0
2798 199.0
2799 199.0
2800 199.0
2801 199.0
2802 199.0
2803 199.0
2804 199.0
2805 199.0
2806 199.0
2807 199.0
2808 199.0
2809 199.0
2810 199.0
2811 199.0
2812 199.0
2813 199.0
2814 199.0
2815 199.0
2816 199.0
2817 199.0
2818 199.0
2819 199.0
2820 199.0
2821 199.0
2822 199.0
2823 199.0
2824 199.0
2825 199.0
2826 199.0
2827 199.0
2828 199.0
2829 199.0
2830 199.0
2831 199.0
2832 199.0
2833 199.0
2834 199.0
2835 199.0
2836 199.0
2837 199.0
2838 199.0
2839 199.0
2840 199.0
2841 199.0
2842 199.0
2843 199.0
2844 199.0
2845 199.0
2846 199.0
2847 199.0
2848 199.0
2849 199.0
2850 199.0
2851 199.0
2852 199.0
2853 199.0
2854 199.0
2855 199.0
2856 199.0
2857 199.0
2858 199.0
2859 199.0
2860 199.0
2861 199.0
2862 199.0
2863 199.0
2864 199.0
2865 199.0
2866 199.0
2867 199.0
2868 199.0
2869 199.0
2870 199.0
2871 199.0
2872 199.0
2873 199.0
2874 199.0
2875 199.0
2876 199.0
2877 199.0
2878 199.0
2879 199.0
2880 199.0
2881 199.0
2882 199.0
2883 199.0
2884 199.0
2885 199.0
2886 199.0
2887 199.0
2888 199.0
2889 199.0
2890 199.0
2891 199.0
2892 199.0
2893 199.0
2894 199.0
2895 199.0
2896 199.0
2897 199.0
2898 199.0
2899 199.0
2900 199.0
2901 199.0
2902 199.0
2903 199.0
2904 199.0
2905 199.0
2906 199.0
2907 199.0
2908 199.0
2909 199.0
2910 199.0
2911 199.0
2912 199.0
2913 199.0
2914 199.0
2915 199.0
2916 199.0
2917 199.0
2918 199.0
2919 199.0
2920 199.0
2921 199.0
2922 199.0
2923 199.0
2924 199.0
2925 199.0
2926 199.0
2927 199.0
2928 199.0
2929 199.0
2930 199.0
2931 199.0
2932 199.0
2933 199.0
2934 199.0
2935 199.0
2936 199.0
2937 199.0
2938 199.0
2939 199.0
2940 199.0
2941 199.0
2942 199.0
2943 199.0
2944 199.0
2945 199.0
2946 199.0
2947 199.0
2948 199.0
2949 199.0
2950 199.0
2951 199.0
2952 199.0
2953 199.0
2954 199.0
2955 199.0
2956 199.0
2957 199.0
2958 199.0
2959 199.0
2960 199.0
2961 199.0
2962 199.0
2963 199.0
2964 199.0
2965 199.0
2966 199.0
2967 199.0
2968 199.0
2969 199.0
2970 199.0
2971 199.0
2972 199.0
2973 199.0
2974 199.0
2975 199.0
2976 199.0
2977 199.0
2978 199.0
2979 199.0
2980 199.0
2981 199.0
2982 199.0
2983 199.0
2984 199.0
2985 199.0
2986 199.0
2987 199.0
2988 199.0
2989 199.0
2990 199.0
2991 199.0
2992 199.0
2993 199.0
2994 199.0
2995 199.0
2996 199.0
2997 199.0
2998 199.0
2999 199.0
3000 199.0
3001 199.0
3002 199.0
3003 199.0
3004 199.0
3005 199.0
3006 199.0
3007 199.0
3008 199.0
3009 199.0
3010 199.0
3011 199.0
3012 199.0
3013 199.0
3014 199.0
3015 199.0
3016 199.0
3017 199.0
3018 199.0
3019 199.0
3020 199.0
3021 199.0
3022 199.0
3023 199.0
3024 199.0
3025 199.0
3026 199.0
3027 199.0
3028 199.0
3029 199.0
3030 199.0
3031 199.0
3032 199.0
3033 199.0
3034 199.0
3035 199.0
3036 199.0
3037 199.0
3038 199.0
3039 199.0
3040 199.0
3041 199.0
3042 199.0
3043 199.0
3044 199.0
3045 199.0
3046 199.0
3047 199.0
3048 199.0
3049 199.0
3050 199.0
3051 199.0
3052 199.0
3053 199.0
3054 199.0
3055 199.0
3056 199.0
3057 199.0
3058 199.0
3059 199.0
3060 199.0
3061 199.0
3062 199.0
3063 199.0
3064 199.0
3065 199.0
3066 199.0
3067 199.0
3068 199.0
3069 199.0
3070 199.0
3071 199.0
3072 199.0
3073 199.0
3074 199.0
3075 199.0
3076 199.0
3077 199.0
3078 199.0
3079 199.0
3080 199.0
3081 199.0
3082 199.0
3083 199.0
3084 199.0
3085 199.0
3086 199.0
3087 199.0
3088 199.0
3089 199.0
3090 199.0
3091 199.0
3092 199.0
3093 199.0
3094 199.0
3095 199.0
3096 199.0
3097 199.0
3098 199.0
3099 199.0
3100 199.0
3101 199.0
3102 199.0
3103 199.0
3104 199.0
3105 199.0
3106 199.0
3107 199.0
3108 199.0
3109 199.0
3110 199.0
3111 199.0
3112 199.0
3113 199.0
3114 199.0
3115 199.0
3116 199.0
3117 199.0
3118 199.0
3119 199.0
3120 199.0
3121 199.0
3122 199.0
3123 199.0
3124 199.0
3125 199.0
3126 199.0
3127 199.0
3128 199.0
3129 199.0
3130 199.0
3131 199.0
3132 199.0
3133 199.0
3134 199.0
3135 199.0
3136 199.0
3137 199.0
3138 199.0
3139 199.0
3140 199.0
3141 199.0
3142 199.0
3143 199.0
3144 199.0
3145 199.0
3146 199.0
3147 199.0
3148 199.0
3149 199.0
3150 199.0
3151 199.0
3152 199.0
3153 199.0
3154 199.0
3155 199.0
3156 199.0
3157 199.0
3158 199.0
3159 199.0
3160 199.0
3161 199.0
3162 199.0
3163 199.0
3164 199.0
3165 199.0
3166 199.0
3167 199.0
3168 199.0
3169 199.0
3170 199.0
3171 199.0
3172 199.0
3173 199.0
3174 199.0
3175 199.0
3176 199.0
3177 199.0
3178 199.0
3179 199.0
3180 199.0
3181 199.0
3182 199.0
3183 199.0
3184 199.0
3185 199.0
3186 199.0
3187 199.0
3188 199.0
3189 199.0
3190 199.0
3191 199.0
3192 199.0
3193 199.0
3194 199.0
3195 199.0
3196 199.0
3197 199.0
3198 199.0
3199 199.0
3200 199.0
3201 199.0
3202 199.0
3203 199.0
3204 199.0
3205 199.0
3206 199.0
3207 199.0
3208 199.0
3209 199.0
3210 199.0
3211 199.0
3212 199.0
3213 199.0
3214 199.0
3215 199.0
3216 199.0
3217 199.0
3218 199.0
3219 199.0
3220 199.0
3221 199.0
3222 199.0
3223 199.0
3224 199.0
3225 199.0
3226 199.0
3227 199.0
3228 199.0
3229 199.0
3230 199.0
3231 199.0
3232 199.0
3233 199.0
3234 199.0
3235 199.0
3236 199.0
3237 199.0
3238 199.0
3239 199.0
3240 199.0
3241 199.0
3242 199.0
3243 199.0
3244 199.0
3245 199.0
3246 199.0
3247 199.0
3248 199.0
3249 199.0
3250 199.0
3251 199.0
3252 199.0
3253 199.0
3254 199.0
3255 199.0
3256 199.0
3257 199.0
3258 199.0
3259 199.0
3260 199.0
3261 199.0
3262 199.0
3263 199.0
3264 199.0
3265 199.0
3266 199.0
3267 199.0
3268 199.0
3269 199.0
3270 199.0
3271 199.0
3272 199.0
3273 199.0
3274 199.0
3275 199.0
3276 199.0
3277 199.0
3278 199.0
3279 199.0
3280 199.0
3281 199.0
3282 199.0
3283 199.0
3284 199.0
3285 199.0
3286 199.0
3287 199.0
3288 199.0
3289 199.0
3290 199.0
3291 199.0
3292 199.0
3293 199.0
3294 199.0
3295 199.0
3296 199.0
3297 199.0
3298 199.0
3299 199.0
3300 199.0
3301 199.0
3302 199.0
3303 199.0
3304 199.0
3305 199.0
3306 199.0
3307 199.0
3308 199.0
3309 199.0
3310 199.0
3311 199.0
3312 199.0
3313 199.0
3314 199.0
3315 199.0
3316 199.0
3317 199.0
3318 199.0
3319 199.0
3320 199.0
3321 199.0
3322 199.0
3323 199.0
3324 199.0
3325 199.0
3326 199.0
3327 199.0
3328 199.0
3329 199.0
3330 199.0
3331 199.0
3332 199.0
3333 199.0
3334 199.0
3335 199.0
3336 199.0
3337 199.0
3338 199.0
3339 199.0
3340 199.0
3341 199.0
3342 199.0
3343 199.0
3344 199.0
3345 199.0
3346 199.0
3347 199.0
3348 199.0
3349 199.0
3350 199.0
3351 199.0
3352 199.0
3353 199.0
3354 199.0
3355 199.0
3356 199.0
3357 199.0
3358 199.0
3359 199.0
3360 199.0
3361 199.0
3362 199.0
3363 199.0
3364 199.0
3365 199.0
3366 199.0
3367 199.0
3368 199.0
3369 199.0
3370 199.0
3371 199.0
3372 199.0
3373 199.0
3374 199.0
3375 199.0
3376 199.0
3377 199.0
3378 199.0
3379 199.0
3380 199.0
3381 199.0
3382 199.0
3383 199.0
3384 199.0
3385 199.0
3386 199.0
3387 199.0
3388 199.0
3389 199.0
3390 199.0
3391 199.0
3392 199.0
3393 199.0
3394 199.0
3395 199.0
3396 199.0
3397 199.0
3398 199.0
3399 199.0
3400 199.0
3401 199.0
3402 199.0
3403 199.0
3404 199.0
3405 199.0
3406 199.0
3407 199.0
3408 199.0
3409 199.0
3410 199.0
3411 199.0
3412 199.0
3413 199.0
3414 199.0
3415 199.0
3416 199.0
3417 199.0
3418 199.0
3419 199.0
3420 199.0
3421 199.0
3422 199.0
3423 199.0
3424 199.0
3425 199.0
3426 199.0
3427 199.0
3428 199.0
3429 199.0
3430 199.0
3431 199.0
3432 199.0
3433 199.0
3434 199.0
3435 199.0
3436 199.0
3437 199.0
3438 199.0
3439 199.0
3440 199.0
3441 199.0
3442 199.0
3443 199.0
3444 199.0
3445 199.0
3446 199.0
3447 199.0
3448 199.0
3449 199.0
3450 199.0
3451 199.0
3452 199.0
3453 199.0
3454 199.0
3455 199.0
3456 199.0
3457 199.0
3458 199.0
3459 199.0
3460 199.0
3461 199.0
3462 199.0
3463 199.0
3464 199.0
3465 199.0
3466 199.0
3467 199.0
3468 199.0
3469 199.0
3470 199.0
3471 199.0
3472 199.0
3473 199.0
3474 199.0
3475 199.0
3476 199.0
3477 199.0
3478 199.0
3479 199.0
3480 199.0
3481 199.0
3482 199.0
3483 199.0
3484 199.0
3485 199.0
3486 199.0
3487 199.0
3488 199.0
3489 199.0
3490 199.0
3491 199.0
3492 199.0
3493 199.0
3494 199.0
3495 199.0
3496 199.0
3497 199.0
3498 199.0
3499 199.0
3500 199.0
3501 199.0
3502 199.0
3503 199.0
3504 199.0
3505 199.0
3506 199.0
3507 199.0
3508 199.0
3509 199.0
3510 199.0
3511 199.0
3512 199.0
3513 199.0
3514 199.0
3515 199.0
3516 199.0
3517 199.0
3518 199.0
3519 199.0
3520 199.0
3521 199.0
3522 199.0
3523 199.0
3524 199.0
3525 199.0
3526 199.0
3527 199.0
3528 199.0
3529 199.0
3530 199.0
3531 199.0
3532 199.0
3533 199.0
3534 199.0
3535 199.0
3536 199.0
3537 199.0
3538 199.0
3539 199.0
3540 199.0
3541 199.0
3542 199.0
3543 199.0
3544 199.0
3545 199.0
3546 199.0
3547 199.0
3548 199.0
3549 199.0
3550 199.0
3551 199.0
3552 199.0
3553 199.0
3554 199.0
3555 199.0
3556 199.0
3557 199.0
3558 199.0
3559 199.0
3560 199.0
3561 199.0
3562 199.0
3563 199.0
3564 199.0
3565 199.0
3566 199.0
3567 199.0
3568 199.0
3569 199.0
3570 199.0
3571 199.0
3572 199.0
3573 199.0
3574 199.0
3575 199.0
3576 199.0
3577 199.0
3578 199.0
3579 199.0
3580 199.0
3581 199.0
3582 199.0
3583 199.0
3584 199.0
3585 199.0
3586 199.0
3587 199.0
3588 199.0
3589 199.0
3590 199.0
3591 199.0
3592 199.0
3593 199.0
3594 199.0
3595 199.0
3596 199.0
3597 199.0
3598 199.0
3599 199.0
3600 199.0
3601 199.0
3602 199.0
3603 199.0
3604 199.0
3605 199.0
3606 199.0
3607 199.0
3608 199.0
3609 199.0
3610 199.0
3611 199.0
3612 199.0
3613 199.0
3614 199.0
3615 199.0
3616 199.0
3617 199.0
3618 199.0
3619 199.0
3620 199.0
3621 199.0
3622 199.0
3623 199.0
3624 199.0
3625 199.0
3626 199.0
3627 199.0
3628 199.0
3629 199.0
3630 199.0
3631 199.0
3632 199.0
3633 199.0
3634 199.0
3635 199.0
3636 199.0
3637 199.0
3638 199.0
3639 199.0
3640 199.0
3641 199.0
3642 199.0
3643 199.0
3644 199.0
3645 199.0
3646 199.0
3647 199.0
3648 199.0
3649 199.0
3650 199.0
3651 199.0
3652 199.0
3653 199.0
3654 199.0
3655 199.0
3656 199.0
3657 199.0
3658 199.0
3659 199.0
3660 199.0
3661 199.0
3662 199.0
3663 199.0
3664 199.0
3665 199.0
3666 199.0
3667 199.0
3668 199.0
3669 199.0
3670 199.0
3671 199.0
3672 199.0
3673 199.0
3674 199.0
3675 199.0
3676 199.0
3677 199.0
3678 199.0
3679 199.0
3680 199.0
3681 199.0
3682 199.0
3683 199.0
3684 199.0
3685 199.0
3686 199.0
3687 199.0
3688 199.0
3689 199.0
3690 199.0
3691 199.0
3692 199.0
3693 199.0
3694 199.0
3695 199.0
3696 199.0
3697 199.0
3698 199.0
3699 199.0
3700 199.0
3701 199.0
3702 199.0
3703 199.0
3704 199.0
3705 199.0
3706 199.0
3707 199.0
3708 199.0
3709 199.0
3710 199.0
3711 199.0
3712 199.0
3713 199.0
3714 199.0
3715 199.0
3716 199.0
3717 199.0
3718 199.0
3719 199.0
3720 199.0
3721 199.0
3722 199.0
3723 199.0
3724 199.0
3725 199.0
3726 199.0
3727 199.0
3728 199.0
3729 199.0
3730 199.0
3731 199.0
3732 199.0
3733 199.0
3734 199.0
3735 199.0
3736 199.0
3737 199.0
3738 199.0
3739 199.0
3740 199.0
3741 199.0
3742 199.0
3743 199.0
3744 199.0
3745 199.0
3746 199.0
3747 199.0
3748 199.0
3749 199.0
3750 199.0
3751 199.0
3752 199.0
3753 199.0
3754 199.0
3755 199.0
3756 199.0
3757 199.0
3758 199.0
3759 199.0
3760 199.0
3761 199.0
3762 199.0
3763 199.0
3764 199.0
3765 199.0
3766 199.0
3767 199.0
3768 199.0
3769 199.0
3770 199.0
3771 199.0
3772 199.0
3773 199.0
3774 199.0
3775 199.0
3776 199.0
3777 199.0
3778 199.0
3779 199.0
3780 199.0
3781 199.0
3782 199.0
3783 199.0
3784 199.0
3785 199.0
3786 199.0
3787 199.0
3788 199.0
3789 199.0
3790 199.0
3791 199.0
3792 199.0
3793 199.0
3794 199.0
3795 199.0
3796 199.0
3797 199.0
3798 199.0
3799 199.0
3800 199.0
3801 199.0
3802 199.0
3803 199.0
3804 199.0
3805 199.0
3806 199.0
3807 199.0
3808 199.0
3809 199.0
3810 199.0
3811 199.0
3812 199.0
3813 199.0
3814 199.0
3815 199.0
3816 199.0
3817 199.0
3818 199.0
3819 199.0
3820 199.0
3821 199.0
3822 199.0
3823 199.0
3824 199.0
3825 199.0
3826 199.0
3827 199.0
3828 199.0
3829 199.0
3830 199.0
3831 199.0
3832 199.0
3833 199.0
3834 199.0
3835 199.0
3836 199.0
3837 199.0
3838 199.0
3839 199.0
3840 199.0
3841 199.0
3842 199.0
3843 199.0
3844 199.0
3845 199.0
3846 199.0
3847 199.0
3848 199.0
3849 199.0
3850 199.0
3851 199.0
3852 199.0
3853 199.0
3854 199.0
3855 199.0
3856 199.0
3857 199.0
3858 199.0
3859 199.0
3860 199.0
3861 199.0
3862 199.0
3863 199.0
3864 199.0
3865 199.0
3866 199.0
3867 199.0
3868 199.0
3869 199.0
3870 199.0
3871 199.0
3872 199.0
3873 199.0
3874 199.0
3875 199.0
3876 199.0
3877 199.0
3878 199.0
3879 199.0
3880 199.0
3881 199.0
3882 199.0
3883 199.0
3884 199.0
3885 199.0
3886 199.0
3887 199.0
3888 199.0
3889 199.0
3890 199.0
3891 199.0
3892 199.0
3893 199.0
3894 199.0
3895 199.0
3896 199.0
3897 199.0
3898 199.0
3899 199.0
3900 199.0
3901 199.0
3902 199.0
3903 199.0
3904 199.0
3905 199.0
3906 199.0
3907 199.0
3908 199.0
3909 199.0
3910 199.0
3911 199.0
3912 199.0
3913 199.0
3914 199.0
3915 199.0
3916 199.0
3917 199.0
3918 199.0
3919 199.0
3920 199.0
3921 199.0
3922 199.0
3923 199.0
3924 199.0
3925 199.0
3926 199.0
3927 199.0
3928 199.0
3929 199.0
3930 199.0
3931 199.0
3932 199.0
3933 199.0
3934 199.0
3935 199.0
3936 199.0
3937 199.0
3938 199.0
3939 199.0
3940 199.0
3941 199.0
3942 199.0
3943 199.0
3944 199.0
3945 199.0
3946 199.0
3947 199.0
3948 199.0
3949 199.0
3950 199.0
3951 199.0
3952 199.0
3953 199.0
3954 199.0
3955 199.0
3956 199.0
3957 199.0
3958 199.0
3959 199.0
3960 199.0
3961 199.0
3962 199.0
3963 199.0
3964 199.0
3965 199.0
3966 199.0
3967 199.0
3968 199.0
3969 199.0
3970 199.0
3971 199.0
3972 199.0
3973 199.0
3974 199.0
3975 199.0
3976 199.0
3977 199.0
3978 199.0
3979 199.0
3980 199.0
3981 199.0
3982 199.0
3983 199.0
3984 199.0
3985 199.0
3986 199.0
3987 199.0
3988 199.0
3989 199.0
3990 199.0
3991 199.0
3992 199.0
3993 199.0
3994 199.0
3995 199.0
3996 199.0
3997 199.0
3998 199.0
3999 199.0
4000 199.0
4001 199.0
4002 199.0
4003 199.0
4004 199.0
4005 199.0
4006 199.0
4007 199.0
4008 199.0
4009 199.0
4010 199.0
4011 199.0
4012 199.0
4013 199.0
4014 199.0
4015 199.0
4016 199.0
4017 199.0
4018 199.0
4019 199.0
4020 199.0
4021 199.0
4022 199.0
4023 199.0
4024 199.0
4025 199.0
4026 199.0
4027 199.0
4028 199.0
4029 199.0
4030 199.0
4031 199.0
4032 199.0
4033 199.0
4034 199.0
4035 199.0
4036 199.0
4037 199.0
4038 199.0
4039 199.0
4040 199.0
4041 199.0
4042 199.0
4043 199.0
4044 199.0
4045 199.0
4046 199.0
4047 199.0
4048 199.0
4049 199.0
4050 199.0
4051 199.0
4052 199.0
4053 199.0
4054 199.0
4055 199.0
4056 199.0
4057 199.0
4058 199.0
4059 199.0
4060 199.0
4061 199.0
4062 199.0
4063 199.0
4064 199.0
4065 199.0
4066 199.0
4067 199.0
4068 199.0
4069 199.0
4070 199.0
4071 199.0
4072 199.0
4073 199.0
4074 199.0
4075 199.0
4076 199.0
4077 199.0
4078 199.0
4079 199.0
4080 199.0
4081 199.0
4082 199.0
4083 199.0
4084 199.0
4085 199.0
4086 199.0
4087 199.0
4088 199.0
4089 199.0
4090 199.0
4091 199.0
4092 199.0
4093 199.0
4094 199.0
4095 199.0
4096 199.0
4097 199.0
4098 199.0
4099 199.0
4100 199.0
4101 199.0
4102 199.0
4103 199.0
4104 199.0
4105 199.0
4106 199.0
4107 199.0
4108 199.0
4109 199.0
4110 199.0
4111 199.0
4112 199.0
4113 199.0
4114 199.0
4115 199.0
4116 199.0
4117 199.0
4118 199.0
4119 199.0
4120 199.0
4121 199.0
4122 199.0
4123 199.0
4124 199.0
4125 199.0
4126 199.0
4127 199.0
4128 199.0
4129 199.0
4130 199.0
4131 199.0
4132 199.0
4133 199.0
4134 199.0
4135 199.0
4136 199.0
4137 199.0
4138 199.0
4139 199.0
4140 199.0
4141 199.0
4142 199.0
4143 199.0
4144 199.0
4145 199.0
4146 199.0
4147 199.0
4148 199.0
4149 199.0
4150 199.0
4151 199.0
4152 199.0
4153 199.0
4154 199.0
4155 199.0
4156 199.0
4157 199.0
4158 199.0
4159 199.0
4160 199.0
4161 199.0
4162 199.0
4163 199.0
4164 199.0
4165 199.0
4166 199.0
4167 199.0
4168 199.0
4169 199.0
4170 199.0
4171 199.0
4172 199.0
4173 199.0
4174 199.0
4175 199.0
4176 199.0
4177 199.0
4178 199.0
4179 199.0
4180 199.0
4181 199.0
4182 199.0
4183 199.0
4184 199.0
4185 199.0
4186 199.0
4187 199.0
4188 199.0
4189 199.0
4190 199.0
4191 199.0
4192 199.0
4193 199.0
4194 199.0
4195 199.0
4196 199.0
4197 199.0
4198 199.0
4199 199.0
4200 199.0
4201 199.0
4202 199.0
4203 199.0
4204 199.0
4205 199.0
4206 199.0
4207 199.0
4208 199.0
4209 199.0
4210 199.0
4211 199.0
4212 199.0
4213 199.0
4214 199.0
4215 199.0
4216 199.0
4217 199.0
4218 199.0
4219 199.0
4220 199.0
4221 199.0
4222 199.0
4223 199.0
4224 199.0
4225 199.0
4226 199.0
4227 199.0
4228 199.0
4229 199.0
4230 199.0
4231 199.0
4232 199.0
4233 199.0
4234 199.0
4235 199.0
4236 199.0
4237 199.0
4238 199.0
4239 199.0
4240 199.0
4241 199.0
4242 199.0
4243 199.0
4244 199.0
4245 199.0
4246 199.0
4247 199.0
4248 199.0
4249 199.0
4250 199.0
4251 199.0
4252 199.0
4253 199.0
4254 199.0
4255 199.0
4256 199.0
4257 199.0
4258 199.0
4259 199.0
4260 199.0
4261 199.0
4262 199.0
4263 199.0
4264 199.0
4265 199.0
4266 199.0
4267 199.0
4268 199.0
4269 199.0
4270 199.0
4271 199.0
4272 199.0
4273 199.0
4274 199.0
4275 199.0
4276 199.0
4277 199.0
4278 199.0
4279 199.0
4280 199.0
4281 199.0
4282 199.0
4283 199.0
4284 199.0
4285 199.0
4286 199.0
4287 199.0
4288 199.0
4289 199.0
4290 199.0
4291 199.0
4292 199.0
4293 199.0
4294 199.0
4295 199.0
4296 199.0
4297 199.0
4298 199.0
4299 199.0
4300 199.0
4301 199.0
4302 199.0
4303 199.0
4304 199.0
4305 199.0
4306 199.0
4307 199.0
4308 199.0
4309 199.0
4310 199.0
4311 199.0
4312 199.0
4313 199.0
4314 199.0
4315 199.0
4316 199.0
4317 199.0
4318 199.0
4319 199.0
4320 199.0
4321 199.0
4322 199.0
4323 199.0
4324 199.0
4325 199.0
4326 199.0
4327 199.0
4328 199.0
4329 199.0
4330 199.0
4331 199.0
4332 199.0
4333 199.0
4334 199.0
4335 199.0
4336 199.0
4337 199.0
4338 199.0
4339 199.0
4340 199.0
4341 199.0
4342 199.0
4343 199.0
4344 199.0
4345 199.0
4346 199.0
4347 199.0
4348 199.0
4349 199.0
4350 199.0
4351 199.0
4352 199.0
4353 199.0
4354 199.0
4355 199.0
4356 199.0
4357 199.0
4358 199.0
4359 199.0
4360 199.0
4361 199.0
4362 199.0
4363 199.0
4364 199.0
4365 199.0
4366 199.0
4367 199.0
4368 199.0
4369 199.0
4370 199.0
4371 199.0
4372 199.0
4373 199.0
4374 199.0
4375 199.0
4376 199.0
4377 199.0
4378 199.0
4379 199.0
4380 199.0
4381 199.0
4382 199.0
4383 199.0
4384 199.0
4385 199.0
4386 199.0
4387 199.0
4388 199.0
4389 199.0
4390 199.0
4391 199.0
4392 199.0
4393 199.0
4394 199.0
4395 199.0
4396 199.0
4397 199.0
4398 199.0
4399 199.0
4400 199.0
4401 199.0
4402 199.0
4403 199.0
4404 199.0
4405 199.0
4406 199.0
4407 199.0
4408 199.0
4409 199.0
4410 199.0
4411 199.0
4412 199.0
4413 199.0
4414 199.0
4415 199.0
4416 199.0
4417 199.0
4418 199.0
4419 199.0
4420 199.0
4421 199.0
4422 199.0
4423 199.0
4424 199.0
4425 199.0
4426 199.0
4427 199.0
4428 199.0
4429 199.0
4430 199.0
4431 199.0
4432 199.0
4433 199.0
4434 199.0
4435 199.0
4436 199.0
4437 199.0
4438 199.0
4439 199.0
4440 199.0
4441 199.0
4442 199.0
4443 199.0
4444 199.0
4445 199.0
4446 199.0
4447 199.0
4448 199.0
4449 199.0
4450 199.0
4451 199.0
4452 199.0
4453 199.0
4454 199.0
4455 199.0
4456 199.0
4457 199.0
4458 199.0
4459 199.0
4460 199.0
4461 199.0
4462 199.0
4463 199.0
4464 199.0
4465 199.0
4466 199.0
4467 199.0
4468 199.0
4469 199.0
4470 199.0
4471 199.0
4472 199.0
4473 199.0
4474 199.0
4475 199.0
4476 199.0
4477 199.0
4478 199.0
4479 199.0
4480 199.0
4481 199.0
4482 199.0
4483 199.0
4484 199.0
4485 199.0
4486 199.0
4487 199.0
4488 199.0
4489 199.0
4490 199.0
4491 199.0
4492 199.0
4493 199.0
4494 199.0
4495 199.0
4496 199.0
4497 199.0
4498 199.0
4499 199.0
4500 199.0
4501 199.0
4502 199.0
4503 199.0
4504 199.0
4505 199.0
4506 199.0
4507 199.0
4508 199.0
4509 199.0
4510 199.0
4511 199.0
4512 199.0
4513 199.0
4514 199.0
4515 199.0
4516 199.0
4517 199.0
4518 199.0
4519 199.0
4520 199.0
4521 199.0
4522 199.0
4523 199.0
4524 199.0
4525 199.0
4526 199.0
4527 199.0
4528 199.0
4529 199.0
4530 199.0
4531 199.0
4532 199.0
4533 199.0
4534 199.0
4535 199.0
4536 199.0
4537 199.0
4538 199.0
4539 199.0
4540 199.0
4541 199.0
4542 199.0
4543 199.0
4544 199.0
4545 199.0
4546 199.0
4547 199.0
4548 199.0
4549 199.0
4550 199.0
4551 199.0
4552 199.0
4553 199.0
4554 199.0
4555 199.0
4556 199.0
4557 199.0
4558 199.0
4559 199.0
4560 199.0
4561 199.0
4562 199.0
4563 199.0
4564 199.0
4565 199.0
4566 199.0
4567 199.0
4568 199.0
4569 199.0
4570 199.0
4571 199.0
4572 199.0
4573 199.0
4574 199.0
4575 199.0
4576 199.0
4577 199.0
4578 199.0
4579 199.0
4580 199.0
4581 199.0
4582 199.0
4583 199.0
4584 199.0
4585 199.0
4586 199.0
4587 199.0
4588 199.0
4589 199.0
4590 199.0
4591 199.0
4592 199.0
4593 199.0
4594 199.0
4595 199.0
4596 199.0
4597 199.0
4598 199.0
4599 199.0
4600 199.0
4601 199.0
4602 199.0
4603 199.0
4604 199.0
4605 199.0
4606 199.0
4607 199.0
4608 199.0
4609 199.0
4610 199.0
4611 199.0
4612 199.0
4613 199.0
4614 199.0
4615 199.0
4616 199.0
4617 199.0
4618 199.0
4619 199.0
4620 199.0
4621 199.0
4622 199.0
4623 199.0
4624 199.0
4625 199.0
4626 199.0
4627 199.0
4628 199.0
4629 199.0
4630 199.0
4631 199.0
4632 199.0
4633 199.0
4634 199.0
4635 199.0
4636 199.0
4637 199.0
4638 199.0
4639 199.0
4640 199.0
4641 199.0
4642 199.0
4643 199.0
4644 199.0
4645 199.0
4646 199.0
4647 199.0
4648 199.0
4649 199.0
4650 199.0
4651 199.0
4652 199.0
4653 199.0
4654 199.0
4655 199.0
4656 199.0
4657 199.0
4658 199.0
4659 199.0
4660 199.0
4661 199.0
4662 199.0
4663 199.0
4664 199.0
4665 199.0
4666 199.0
4667 199.0
4668 199.0
4669 199.0
4670 199.0
4671 199.0
4672 199.0
4673 199.0
4674 199.0
4675 199.0
4676 199.0
4677 199.0
4678 199.0
4679 199.0
4680 199.0
4681 199.0
4682 199.0
4683 199.0
4684 199.0
4685 199.0
4686 199.0
4687 199.0
4688 199.0
4689 199.0
4690 199.0
4691 199.0
4692 199.0
4693 199.0
4694 199.0
4695 199.0
4696 199.0
4697 199.0
4698 199.0
4699 199.0
4700 199.0
4701 199.0
4702 199.0
4703 199.0
4704 199.0
4705 199.0
4706 199.0
4707 199.0
4708 199.0
4709 199.0
4710 199.0
4711 199.0
4712 199.0
4713 199.0
4714 199.0
4715 199.0
4716 199.0
4717 199.0
4718 199.0
4719 199.0
4720 199.0
4721 199.0
4722 199.0
4723 199.0
4724 199.0
4725 199.0
4726 199.0
4727 199.0
4728 199.0
4729 199.0
4730 199.0
4731 199.0
4732 199.0
4733 199.0
4734 199.0
4735 199.0
4736 199.0
4737 199.0
4738 199.0
4739 199.0
4740 199.0
4741 199.0
4742 199.0
4743 199.0
4744 199.0
4745 199.0
4746 199.0
4747 199.0
4748 199.0
4749 199.0
4750 199.0
4751 199.0
4752 199.0
4753 199.0
4754 199.0
4755 199.0
4756 199.0
4757 199.0
4758 199.0
4759 199.0
4760 199.0
4761 199.0
4762 199.0
4763 199.0
4764 199.0
4765 199.0
4766 199.0
4767 199.0
4768 199.0
4769 199.0
4770 199.0
4771 199.0
4772 199.0
4773 199.0
4774 199.0
4775 199.0
4776 199.0
4777 199.0
4778 199.0
4779 199.0
4780 199.0
4781 199.0
4782 199.0
4783 199.0
4784 199.0
4785 199.0
4786 199.0
4787 199.0
4788 199.0
4789 199.0
4790 199.0
4791 199.0
4792 199.0
4793 199.0
4794 199.0
4795 199.0
4796 199.0
4797 199.0
4798 199.0
4799 199.0
4800 199.0
4801 199.0
4802 199.0
4803 199.0
4804 199.0
4805 199.0
4806 199.0
4807 199.0
4808 199.0
4809 199.0
4810 199.0
4811 199.0
4812 199.0
4813 199.0
4814 199.0
4815 199.0
4816 199.0
4817 199.0
4818 199.0
4819 199.0
4820 199.0
4821 199.0
4822 199.0
4823 199.0
4824 199.0
4825 199.0
4826 199.0
4827 199.0
4828 199.0
4829 199.0
4830 199.0
4831 199.0
4832 199.0
4833 199.0
4834 199.0
4835 199.0
4836 199.0
4837 199.0
4838 199.0
4839 199.0
4840 199.0
4841 199.0
4842 199.0
4843 199.0
4844 199.0
4845 199.0
4846 199.0
4847 199.0
4848 199.0
4849 199.0
4850 199.0
4851 199.0
4852 199.0
4853 199.0
4854 199.0
4855 199.0
4856 199.0
4857 199.0
4858 199.0
4859 199.0
4860 199.0
4861 199.0
4862 199.0
4863 199.0
4864 199.0
4865 199.0
4866 199.0
4867 199.0
4868 199.0
4869 199.0
4870 199.0
4871 199.0
4872 199.0
4873 199.0
4874 199.0
4875 199.0
4876 199.0
4877 199.0
4878 199.0
4879 199.0
4880 199.0
4881 199.0
4882 199.0
4883 199.0
4884 199.0
4885 199.0
4886 199.0
4887 199.0
4888 199.0
4889 199.0
4890 199.0
4891 199.0
4892 199.0
4893 199.0
4894 199.0
4895 199.0
4896 199.0
4897 199.0
4898 199.0
4899 199.0
4900 199.0
4901 199.0
4902 199.0
4903 199.0
4904 199.0
4905 199.0
4906 199.0
4907 199.0
4908 199.0
4909 199.0
4910 199.0
4911 199.0
4912 199.0
4913 199.0
4914 199.0
4915 199.0
4916 199.0
4917 199.0
4918 199.0
4919 199.0
4920 199.0
4921 199.0
4922 199.0
4923 199.0
4924 199.0
4925 199.0
4926 199.0
4927 199.0
4928 199.0
4929 199.0
4930 199.0
4931 199.0
4932 199.0
4933 199.0
4934 199.0
4935 199.0
4936 199.0
4937 199.0
4938 199.0
4939 199.0
4940 199.0
4941 199.0
4942 199.0
4943 199.0
4944 199.0
4945 199.0
4946 199.0
4947 199.0
4948 199.0
4949 199.0
4950 199.0
4951 199.0
4952 199.0
4953 199.0
4954 199.0
4955 199.0
4956 199.0
4957 199.0
4958 199.0
4959 199.0
4960 199.0
4961 199.0
4962 199.0
4963 199.0
4964 199.0
4965 199.0
4966 199.0
4967 199.0
4968 199.0
4969 199.0
4970 199.0
4971 199.0
4972 199.0
4973 199.0
4974 199.0
4975 199.0
4976 199.0
4977 199.0
4978 199.0
4979 199.0
4980 199.0
4981 199.0
4982 199.0
4983 199.0
4984 199.0
4985 199.0
4986 199.0
4987 199.0
4988 199.0
4989 199.0
4990 199.0
4991 199.0
4992 199.0
4993 199.0
4994 199.0
4995 199.0
4996 199.0
4997 199.0
4998 199.0
4999 199.0
