0 235344.0
1 231935.0
2 231255.0
3 230576.0
4 229898.0
5 229221.0
6 229210.0
7 228534.0
8 227859.0
9 223177.0
10 221844.0
11 221790.0
12 221126.0
13 221126.0
14 221126.0
15 213902.0
16 213902.0
17 213902.0
18 213902.0
19 213902.0
20 213902.0
21 213899.0
22 213248.0
23 213225.0
24 202350.0
25 201718.0
26 201088.0
27 199827.0
28 199200.0
29 199200.0
30 198575.0
31 194825.0
32 194825.0
33 194825.0
34 194207.0
35 191733.0
36 191120.0
37 190510.0
38 190510.0
39 190504.0
40 189894.0
41 188060.0
42 186848.0
43 186238.0
44 186238.0
45 185033.0
46 184438.0
47 183845.0
48 183845.0
49 183845.0
50 181445.0
51 180852.0
52 180277.0
53 179138.0
54 178019.0
55 176831.0
56 176238.0
57 176238.0
58 176238.0
59 176238.0
60 176238.0
61 175646.0
62 175646.0
63 175646.0
64 175646.0
65 173879.0
66 173291.0
67 173291.0
68 172119.0
69 171535.0
70 171535.0
71 171535.0
72 171535.0
73 171535.0
74 171535.0
75 171535.0
76 171535.0
77 169211.0
78 169211.0
79 169211.0
80 168053.0
81 168053.0
82 166325.0
83 166325.0
84 166325.0
85 166325.0
86 165177.0
87 164606.0
88 164606.0
89 164606.0
90 164606.0
91 164606.0
92 164606.0
93 164606.0
94 164606.0
95 164606.0
96 164034.0
97 162894.0
98 162894.0
99 155110.0
100 154569.0
101 154569.0
102 154569.0
103 154569.0
104 154030.0
105 154030.0
106 154030.0
107 154030.0
108 152390.0
109 152383.0
110 152378.0
111 152378.0
112 151841.0
113 151309.0
114 151309.0
115 150779.0
116 150779.0
117 150779.0
118 148637.0
119 146489.0
120 145950.0
121 145950.0
122 145950.0
123 145950.0
124 145412.0
125 145412.0
126 145412.0
127 145412.0
128 145412.0
129 145412.0
130 145412.0
131 145412.0
132 145412.0
133 145412.0
134 145412.0
145 145954.0
146 145954.0
147 145954.0
148 145954.0
149 145954.0
150 145954.0
151 145954.0
152 142747.0
153 142745.0
154 142218.0
155 141158.0
156 140101.0
157 140101.0
158 129418.0
159 129418.0
160 129418.0
161 128931.0
162 128931.0
163 128931.0
164 128931.0
165 128007.0
166 128007.0
167 128007.0
168 127126.0
169 127126.0
170 127126.0
171 127126.0
172 127126.0
173 127126.0
174 127126.0
175 127126.0
176 125134.0
177 124914.0
178 123926.0
179 123451.0
180 123451.0
181 123451.0
182 123181.0
183 123181.0
184 123181.0
185 123181.0
186 123181.0
187 123181.0
188 123181.0
189 122196.0
190 121705.0
191 121705.0
192 121705.0
193 121705.0
194 121705.0
195 121705.0
196 121705.0
197 121705.0
198 121705.0
199 121705.0
200 121705.0
211 118781.0
212 118781.0
213 117336.0
214 116866.0
215 116866.0
216 116866.0
217 116866.0
218 116866.0
219 116866.0
220 116386.0
221 116386.0
222 116386.0
223 116386.0
224 116386.0
225 115907.0
226 115907.0
227 115907.0
228 115432.0
229 115432.0
230 115432.0
231 115432.0
232 115432.0
233 115432.0
234 115432.0
235 115432.0
236 115432.0
237 115432.0
238 115432.0
249 114482.0
250 99531.0
251 99531.0
252 99531.0
253 99520.0
254 99520.0
255 99520.0
256 99513.0
257 98649.0
258 96918.0
259 96911.0
260 96902.0
261 96899.0
262 96899.0
263 96899.0
264 96890.0
265 96890.0
266 96044.0
267 96044.0
268 96044.0
269 96044.0
270 96044.0
271 94343.0
272 94343.0
273 94343.0
274 93525.0
275 93525.0
276 92717.0
277 92717.0
278 91869.0
279 91445.0
280 91445.0
281 91445.0
282 91445.0
283 91445.0
284 91445.0
285 91445.0
286 91445.0
287 88514.0
288 88101.0
289 88101.0
290 88060.0
291 88060.0
292 88060.0
293 88060.0
294 87654.0
295 87253.0
296 86448.0
297 73030.0
298 73019.0
299 73019.0
300 72644.0
301 70421.0
302 70052.0
303 69692.0
304 68244.0
305 68244.0
306 68244.0
307 68244.0
308 68244.0
309 68244.0
310 64363.0
311 64021.0
312 64008.0
313 64008.0
314 64008.0
315 64008.0
316 64008.0
317 63670.0
318 63670.0
319 63344.0
320 63344.0
321 63329.0
322 63294.0
323 63294.0
324 63294.0
325 63294.0
326 62970.0
327 62970.0
328 62970.0
329 62648.0
330 60968.0
331 60968.0
332 60968.0
333 60639.0
334 60348.0
335 60348.0
336 60348.0
337 60348.0
338 60348.0
339 60348.0
340 60348.0
341 60348.0
342 60348.0
343 60348.0
344 59724.0
345 59441.0
346 58495.0
347 58276.0
348 58276.0
349 58276.0
350 58276.0
351 58276.0
352 58276.0
353 58171.0
354 55429.0
355 55336.0
356 55017.0
357 54921.0
358 54696.0
359 54694.0
360 54678.0
361 54678.0
362 54607.0
363 54299.0
364 54244.0
365 54207.0
366 54207.0
367 54207.0
368 53941.0
369 53941.0
370 53941.0
371 53941.0
372 53941.0
373 53941.0
374 53941.0
375 53676.0
376 53676.0
377 53676.0
378 53676.0
379 53676.0
380 53676.0
381 53676.0
382 53676.0
383 53566.0
384 53496.0
385 53491.0
386 53490.0
387 53479.0
388 52863.0
389 52863.0
390 52548.0
391 52548.0
392 52548.0
393 52548.0
394 51922.0
395 51922.0
396 51868.0
397 51868.0
398 51858.0
399 50318.0
400 50318.0
401 50310.0
402 50310.0
403 50310.0
404 50301.0
405 50301.0
406 50297.0
407 50297.0
408 49395.0
409 49111.0
410 49111.0
411 49111.0
412 48863.0
413 48863.0
414 48863.0
415 48863.0
416 48863.0
417 48863.0
418 48863.0
419 48863.0
420 47364.0
421 47207.0
422 47207.0
423 47207.0
424 47207.0
425 47207.0
426 47085.0
427 47085.0
428 47085.0
429 47085.0
430 47085.0
431 46789.0
432 46789.0
433 46789.0
434 46789.0
435 46789.0
436 46789.0
437 46789.0
438 46789.0
439 46789.0
440 46201.0
441 46201.0
442 45617.0
443 44750.0
444 44750.0
445 44750.0
446 44750.0
447 44750.0
448 44750.0
449 44750.0
450 44750.0
451 44750.0
452 44750.0
453 44750.0
464 40382.0
465 40382.0
466 40382.0
467 40382.0
468 40382.0
469 39570.0
470 39570.0
471 39324.0
472 39286.0
473 39286.0
474 39286.0
475 39286.0
476 39286.0
477 39286.0
478 39032.0
479 39032.0
480 39032.0
481 39032.0
482 38536.0
483 38536.0
484 38311.0
485 38294.0
486 38294.0
487 38294.0
488 37767.0
489 37733.0
490 37506.0
491 37506.0
492 37506.0
493 37506.0
494 37506.0
495 37506.0
496 37506.0
497 37245.0
498 37245.0
499 37245.0
500 37211.0
501 37211.0
502 37211.0
503 35462.0
504 35215.0
505 35180.0
506 35180.0
507 35169.0
508 35169.0
509 34950.0
510 34950.0
511 34950.0
512 34950.0
513 34943.0
514 34943.0
515 34943.0
516 34477.0
517 34269.0
518 34269.0
519 34269.0
520 34269.0
521 34269.0
522 34269.0
523 34269.0
524 34269.0
525 34269.0
526 34269.0
527 34269.0
538 33039.0
539 33039.0
540 33039.0
541 33039.0
542 33039.0
543 33039.0
544 33039.0
545 33039.0
546 33039.0
547 33039.0
558 31861.0
559 31658.0
560 31658.0
561 31658.0
562 31658.0
563 31658.0
564 31658.0
565 31421.0
566 31421.0
567 31421.0
568 31421.0
569 31421.0
570 31421.0
571 31421.0
572 31387.0
573 31387.0
574 31186.0
575 31186.0
576 30992.0
577 30974.0
578 30973.0
579 30758.0
580 30743.0
581 30082.0
582 30082.0
583 30082.0
584 30082.0
585 30082.0
586 30082.0
587 30082.0
588 30082.0
589 30082.0
590 30082.0
591 30082.0
602 26769.0
603 26769.0
604 26759.0
605 26759.0
606 26673.0
607 26673.0
608 26673.0
609 26673.0
610 26673.0
611 26256.0
612 26256.0
613 26256.0
614 26246.0
615 25432.0
616 25432.0
617 25432.0
618 25226.0
619 25226.0
620 25112.0
621 25112.0
622 25112.0
623 24905.0
624 24905.0
625 24091.0
626 24075.0
627 24074.0
628 23885.0
629 23703.0
630 23703.0
631 23695.0
632 23695.0
633 23683.0
634 23683.0
635 23683.0
636 23683.0
637 23683.0
638 23683.0
639 23683.0
640 23683.0
641 23683.0
642 23524.0
643 23524.0
644 23524.0
645 23524.0
646 23524.0
647 23524.0
648 23384.0
649 23384.0
650 23384.0
651 23384.0
652 23384.0
653 23384.0
654 23384.0
655 23384.0
656 23384.0
657 23384.0
658 23384.0
669 23578.0
670 23578.0
671 23578.0
672 23578.0
673 23578.0
674 23578.0
675 23521.0
676 23521.0
677 23521.0
678 23521.0
679 23363.0
680 23363.0
681 23363.0
682 23363.0
683 23363.0
684 23363.0
685 23363.0
686 23363.0
687 23363.0
688 23363.0
689 23268.0
690 22443.0
691 22443.0
692 22439.0
693 22427.0
694 22414.0
695 22360.0
696 22348.0
697 22340.0
698 22340.0
699 22172.0
700 22009.0
701 22009.0
702 21983.0
703 21097.0
704 20984.0
705 20984.0
706 20984.0
707 20984.0
708 20984.0
709 20984.0
710 20984.0
711 20984.0
712 20984.0
713 20984.0
714 20984.0
725 21350.0
726 19966.0
727 19961.0
728 19926.0
729 19751.0
730 19710.0
731 19537.0
732 19537.0
733 19504.0
734 19504.0
735 19476.0
736 19476.0
737 19476.0
738 19476.0
739 19476.0
740 19476.0
741 19476.0
742 19465.0
743 19317.0
744 19317.0
745 19175.0
746 19172.0
747 19156.0
748 19156.0
749 19145.0
750 17979.0
751 17979.0
752 17979.0
753 17970.0
754 17957.0
755 17957.0
756 17957.0
757 17957.0
758 17803.0
759 17803.0
760 17803.0
761 17803.0
762 17803.0
763 17803.0
764 17803.0
765 17319.0
766 17174.0
767 17174.0
768 17174.0
769 17174.0
770 17174.0
771 16719.0
772 16719.0
773 16719.0
774 16560.0
775 16558.0
776 16545.0
777 16499.0
778 16412.0
779 16412.0
780 16128.0
781 16128.0
782 16066.0
783 16060.0
784 16060.0
785 16055.0
786 15915.0
787 15915.0
788 15915.0
789 15915.0
790 15797.0
791 15684.0
792 15457.0
793 15457.0
794 15446.0
795 15436.0
796 15292.0
797 15292.0
798 15266.0
799 15262.0
800 14973.0
801 14973.0
802 14822.0
803 14822.0
804 14822.0
805 14822.0
806 14822.0
807 14710.0
808 14710.0
809 14619.0
810 14596.0
811 14191.0
812 14191.0
813 14191.0
814 14133.0
815 14132.0
816 14123.0
817 14123.0
818 14085.0
819 13387.0
820 13376.0
821 13376.0
822 12437.0
823 12437.0
824 12401.0
825 12401.0
826 12287.0
827 12287.0
828 12287.0
829 12287.0
830 12275.0
831 12275.0
832 12275.0
833 12275.0
834 12275.0
835 12275.0
836 12275.0
837 12275.0
838 12275.0
839 12275.0
840 11802.0
841 11802.0
842 11476.0
843 11476.0
844 11476.0
845 11355.0
846 11355.0
847 11355.0
848 11355.0
849 11254.0
850 11254.0
851 11254.0
852 11254.0
853 11254.0
854 11149.0
855 10722.0
856 10707.0
857 10669.0
858 10656.0
859 9980.0
860 9980.0
861 9980.0
862 9978.0
863 9964.0
864 9925.0
865 9925.0
866 9925.0
867 9925.0
868 9925.0
869 9925.0
870 9925.0
871 9925.0
872 9925.0
873 9925.0
874 9925.0
885 9612.0
886 9612.0
887 9612.0
888 9612.0
889 9612.0
890 9554.0
891 9546.0
892 9527.0
893 9514.0
894 9514.0
895 9514.0
896 9514.0
897 9514.0
898 9514.0
899 9504.0
900 9504.0
901 8991.0
902 8991.0
903 8991.0
904 8991.0
905 8991.0
906 8797.0
907 8797.0
908 8788.0
909 8739.0
910 8739.0
911 8739.0
912 8739.0
913 8739.0
914 8739.0
915 8739.0
916 8563.0
917 8513.0
918 8513.0
919 8487.0
920 8487.0
921 8487.0
922 8486.0
923 8486.0
924 8486.0
925 8414.0
926 8414.0
927 8405.0
928 8405.0
929 8405.0
930 7115.0
931 7031.0
932 7030.0
933 7029.0
934 7029.0
935 6867.0
936 6867.0
937 6867.0
938 6867.0
939 6867.0
940 6861.0
941 6861.0
942 6844.0
943 6838.0
944 6835.0
945 6786.0
946 6786.0
947 6783.0
948 6780.0
949 6774.0
950 6774.0
951 6774.0
952 6704.0
953 6701.0
954 6627.0
955 6627.0
956 6627.0
957 6627.0
958 6600.0
959 6600.0
960 6600.0
961 6600.0
962 6600.0
963 6600.0
964 6600.0
965 6599.0
966 6599.0
967 6599.0
968 6599.0
969 6534.0
970 6534.0
971 6515.0
972 6515.0
973 5312.0
974 5276.0
975 5276.0
976 5276.0
977 5276.0
978 5276.0
979 5259.0
980 5217.0
981 5214.0
982 5159.0
983 5152.0
984 5152.0
985 5152.0
986 5152.0
987 5145.0
988 5145.0
989 5145.0
990 5134.0
991 5134.0
992 5134.0
993 5134.0
994 5134.0
995 5118.0
996 5085.0
997 5085.0
998 5085.0
999 5083.0
1000 4990.0
1001 4989.0
1002 4962.0
1003 4962.0
1004 4962.0
1005 4962.0
1006 4944.0
1007 4944.0
1008 4944.0
1009 4944.0
1010 4944.0
1011 4944.0
1012 4944.0
1013 4944.0
1014 4944.0
1015 4800.0
1016 4799.0
1017 4799.0
1018 4792.0
1019 4792.0
1020 4792.0
1021 4792.0
1022 4792.0
1023 4792.0
1024 4792.0
1025 4047.0
1026 4032.0
1027 4017.0
1028 4017.0
1029 4017.0
1030 4017.0
1031 4017.0
1032 4017.0
1033 4017.0
1034 4008.0
1035 3951.0
1036 3951.0
1037 3933.0
1038 3933.0
1039 3933.0
1040 3933.0
1041 3933.0
1042 3933.0
1043 3933.0
1044 3921.0
1045 3921.0
1046 3921.0
1047 3862.0
1048 3862.0
1049 3862.0
1050 3853.0
1051 3851.0
1052 3851.0
1053 3851.0
1054 3851.0
1055 3851.0
1056 3851.0
1057 3851.0
1058 3851.0
1059 3851.0
1060 3851.0
1061 3851.0
1072 3771.0
1073 3771.0
1074 3736.0
1075 3716.0
1076 3716.0
1077 3716.0
1078 3716.0
1079 3716.0
1080 3716.0
1081 3716.0
1082 3708.0
1083 3708.0
1084 3708.0
1085 3696.0
1086 3696.0
1087 3696.0
1088 3696.0
1089 3696.0
1090 3696.0
1091 3696.0
1092 3696.0
1093 3696.0
1094 3660.0
1095 3660.0
1096 3660.0
1097 3660.0
1098 3660.0
1099 3660.0
1100 3660.0
1101 3660.0
1102 3660.0
1103 3657.0
1104 3657.0
1105 3657.0
1106 3657.0
1107 3657.0
1108 3657.0
1109 3657.0
1110 3657.0
1111 3657.0
1112 3657.0
1113 3657.0
1124 3298.0
1125 3293.0
1126 3285.0
1127 3277.0
1128 3276.0
1129 3276.0
1130 3276.0
1131 3268.0
1132 3268.0
1133 3268.0
1134 3262.0
1135 3235.0
1136 3207.0
1137 3135.0
1138 3135.0
1139 3135.0
1140 3135.0
1141 3135.0
1142 3133.0
1143 3133.0
1144 3133.0
1145 3133.0
1146 3130.0
1147 3130.0
1148 3130.0
1149 3130.0
1150 3130.0
1151 3125.0
1152 3125.0
1153 3124.0
1154 3124.0
1155 3124.0
1156 3124.0
1157 3124.0
1158 3073.0
1159 3073.0
1160 3073.0
1161 3055.0
1162 3041.0
1163 3040.0
1164 3040.0
1165 3040.0
1166 3040.0
1167 3027.0
1168 3027.0
1169 3027.0
1170 2993.0
1171 2993.0
1172 2989.0
1173 2989.0
1174 2989.0
1175 2989.0
1176 2974.0
1177 2974.0
1178 2974.0
1179 2974.0
1180 2974.0
1181 2974.0
1182 2974.0
1183 2974.0
1184 2874.0
1185 2874.0
1186 2874.0
1187 2874.0
1188 2874.0
1189 2874.0
1190 2874.0
1191 2874.0
1192 2874.0
1193 2874.0
1194 2868.0
1195 2862.0
1196 2862.0
1197 2862.0
1198 2862.0
1199 2862.0
1200 2851.0
1201 2851.0
1202 2851.0
1203 2851.0
1204 2851.0
1205 2851.0
1206 2851.0
1207 2846.0
1208 2846.0
1209 2832.0
1210 2814.0
1211 2814.0
1212 2814.0
1213 2814.0
1214 2814.0
1215 2814.0
1216 2814.0
1217 2814.0
1218 2814.0
1219 2807.0
1220 2807.0
1221 2807.0
1222 2807.0
1223 2795.0
1224 2794.0
1225 2794.0
1226 2794.0
1227 2794.0
1228 2794.0
1229 2775.0
1230 2775.0
1231 2775.0
1232 2766.0
1233 2766.0
1234 2766.0
1235 2766.0
1236 2766.0
1237 2766.0
1238 2756.0
1239 2756.0
1240 2756.0
1241 2743.0
1242 2743.0
1243 2743.0
1244 2733.0
1245 2733.0
1246 2733.0
1247 2733.0
1248 2733.0
1249 2733.0
1250 2733.0
1251 2733.0
1252 2729.0
1253 2725.0
1254 2725.0
1255 2711.0
1256 2711.0
1257 2711.0
1258 2593.0
1259 2593.0
1260 2581.0
1261 2553.0
1262 2537.0
1263 2537.0
1264 2533.0
1265 2531.0
1266 2531.0
1267 2531.0
1268 2531.0
1269 2531.0
1270 2526.0
1271 2526.0
1272 2523.0
1273 2523.0
1274 2523.0
1275 2523.0
1276 2523.0
1277 2518.0
1278 2518.0
1279 2515.0
1280 2515.0
1281 2515.0
1282 2515.0
1283 2515.0
1284 2503.0
1285 2503.0
1286 2503.0
1287 2503.0
1288 2503.0
1289 2503.0
1290 2496.0
1291 2496.0
1292 2496.0
1293 2496.0
1294 2496.0
1295 2495.0
1296 2495.0
1297 2495.0
1298 2495.0
1299 2495.0
1300 2495.0
1301 2495.0
1302 2495.0
1303 2495.0
1304 2495.0
1305 2495.0
1316 2496.0
1317 2496.0
1318 2496.0
1319 2496.0
1320 2496.0
1321 2494.0
1322 2494.0
1323 2494.0
1324 2494.0
1325 2494.0
1326 2494.0
1327 2462.0
1328 2462.0
1329 2462.0
1330 2462.0
1331 2462.0
1332 2462.0
1333 2462.0
1334 2426.0
1335 2426.0
1336 2426.0
1337 2426.0
1338 2426.0
1339 2426.0
1340 2423.0
1341 2423.0
1342 2423.0
1343 2423.0
1344 2423.0
1345 2410.0
1346 2410.0
1347 2410.0
1348 2410.0
1349 2410.0
1350 2410.0
1351 2410.0
1352 2410.0
1353 2410.0
1354 2410.0
1355 2410.0
1366 2395.0
1367 2395.0
1368 2395.0
1369 2395.0
1370 2395.0
1371 2395.0
1372 2395.0
1373 2395.0
1374 2395.0
1375 2395.0
1386 2442.0
1387 2442.0
1388 2442.0
1389 2429.0
1390 2429.0
1391 2429.0
1392 2429.0
1393 2429.0
1394 2429.0
1395 2429.0
1396 2429.0
1397 2425.0
1398 2425.0
1399 2425.0
1400 2425.0
1401 2425.0
1402 2425.0
1403 2425.0
1404 2409.0
1405 2409.0
1406 2409.0
1407 2409.0
1408 2409.0
1409 2409.0
1410 2409.0
1411 2409.0
1412 2409.0
1413 2409.0
1414 2409.0
1425 2438.0
1426 2438.0
1427 2438.0
1428 2438.0
1429 2438.0
1430 2438.0
1431 2438.0
1432 2438.0
1433 2438.0
1434 2438.0
1445 2437.0
1446 2437.0
1447 2437.0
1448 2437.0
1449 2437.0
1450 2437.0
1451 2437.0
1452 2437.0
1453 2437.0
1454 2427.0
1455 2427.0
1456 2427.0
1457 2427.0
1458 2427.0
1459 2427.0
1460 2427.0
1461 2427.0
1462 2427.0
1463 2419.0
1464 2419.0
1465 2419.0
1466 2419.0
1467 2419.0
1468 2419.0
1469 2419.0
1470 2419.0
1471 2401.0
1472 2401.0
1473 2401.0
1474 2401.0
1475 2394.0
1476 2394.0
1477 2394.0
1478 2394.0
1479 2394.0
1480 2394.0
1481 2394.0
1482 2384.0
1483 2384.0
1484 2384.0
1485 2379.0
1486 2379.0
1487 2379.0
1488 2379.0
1489 2379.0
1490 2379.0
1491 2379.0
1492 2379.0
1493 2379.0
1494 2379.0
1495 2374.0
1496 2370.0
1497 2370.0
1498 2370.0
1499 2370.0
1500 2369.0
1501 2369.0
1502 2369.0
1503 2369.0
1504 2369.0
1505 2344.0
1506 2344.0
1507 2344.0
1508 2339.0
1509 2339.0
1510 2338.0
1511 2338.0
1512 2338.0
1513 2338.0
1514 2338.0
1515 2338.0
1516 2338.0
1517 2338.0
1518 2338.0
1519 2338.0
1520 2338.0
1531 2369.0
1532 2369.0
1533 2369.0
1534 2369.0
1535 2369.0
1536 2369.0
1537 2369.0
1538 2369.0
1539 2363.0
1540 2363.0
1541 2346.0
1542 2343.0
1543 2343.0
1544 2343.0
1545 2343.0
1546 2343.0
1547 2343.0
1548 2343.0
1549 2343.0
1550 2328.0
1551 2328.0
1552 2328.0
1553 2328.0
1554 2328.0
1555 2328.0
1556 2328.0
1557 2328.0
1558 2328.0
1559 2328.0
1560 2328.0
1571 2293.0
1572 2293.0
1573 2293.0
1574 2293.0
1575 2293.0
1576 2265.0
1577 2265.0
1578 2265.0
1579 2265.0
1580 2265.0
1581 2265.0
1582 2265.0
1583 2265.0
1584 2265.0
1585 2263.0
1586 2263.0
1587 2263.0
1588 2263.0
1589 2263.0
1590 2263.0
1591 2263.0
1592 2263.0
1593 2263.0
1594 2263.0
1595 2217.0
1596 2217.0
1597 2217.0
1598 2217.0
1599 2217.0
1600 2217.0
1601 2159.0
1602 2155.0
1603 2155.0
1604 2155.0
1605 2155.0
1606 2155.0
1607 2155.0
1608 2155.0
1609 2155.0
1610 2148.0
1611 2148.0
1612 2125.0
1613 2125.0
1614 2125.0
1615 2125.0
1616 2125.0
1617 2125.0
1618 2125.0
1619 2125.0
1620 2125.0
1621 2125.0
1622 2125.0
1633 2128.0
1634 2128.0
1635 2128.0
1636 2128.0
1637 2128.0
1638 2128.0
1639 2120.0
1640 2120.0
1641 2120.0
1642 2120.0
1643 2120.0
1644 2120.0
1645 2120.0
1646 2120.0
1647 2120.0
1648 2120.0
1649 2120.0
1660 2039.0
1661 2039.0
1662 2039.0
1663 2039.0
1664 2039.0
1665 2039.0
1666 2039.0
1667 2039.0
1668 2039.0
1669 2039.0
1670 2039.0
1681 2018.0
1682 2008.0
1683 2008.0
1684 2008.0
1685 2004.0
1686 2004.0
1687 2004.0
1688 2004.0
1689 2004.0
1690 2004.0
1691 2004.0
1692 2004.0
1693 2004.0
1694 2004.0
1695 1998.0
1696 1998.0
1697 1998.0
1698 1998.0
1699 1998.0
1700 1998.0
1701 1998.0
1702 1998.0
1703 1996.0
1704 1996.0
1705 1996.0
1706 1996.0
1707 1996.0
1708 1996.0
1709 1996.0
1710 1996.0
1711 1996.0
1712 1996.0
1713 1996.0
1724 1996.0
1725 1996.0
1726 1996.0
1727 1996.0
1728 1996.0
1729 1996.0
1730 1996.0
1731 1996.0
1732 1996.0
1733 1996.0
1744 1990.0
1745 1990.0
1746 1989.0
1747 1989.0
1748 1989.0
1749 1989.0
1750 1989.0
1751 1989.0
1752 1989.0
1753 1989.0
1754 1989.0
1755 1989.0
1756 1989.0
1767 2051.0
1768 2051.0
1769 2051.0
1770 2051.0
1771 2051.0
1772 2050.0
1773 2050.0
1774 2050.0
1775 2050.0
1776 2050.0
1777 2050.0
1778 2050.0
1779 2050.0
1780 2050.0
1781 2050.0
1782 2050.0
1793 2043.0
1794 2043.0
1795 2039.0
1796 2039.0
1797 2039.0
1798 2039.0
1799 2039.0
1800 2039.0
1801 2039.0
1802 2039.0
1803 2039.0
1804 2039.0
1805 2039.0
1816 2039.0
1817 2039.0
1818 2039.0
1819 2039.0
1820 2039.0
1821 2039.0
1822 2039.0
1823 2039.0
1824 2039.0
1825 2039.0
1836 2046.0
1837 2046.0
1838 2046.0
1839 2046.0
1840 2046.0
1841 2046.0
1842 2046.0
1843 2042.0
1844 2042.0
1845 2042.0
1846 2042.0
1847 2042.0
1848 2042.0
1849 2042.0
1850 2042.0
1851 2042.0
1852 2042.0
1853 2042.0
1864 2070.0
1865 2068.0
1866 2068.0
1867 2068.0
1868 2068.0
1869 2068.0
1870 2068.0
1871 2067.0
1872 2067.0
1873 2067.0
1874 2067.0
1875 2067.0
1876 2067.0
1877 2067.0
1878 2067.0
1879 2067.0
1880 2067.0
1881 2067.0
1892 2047.0
1893 2047.0
1894 2044.0
1895 2044.0
1896 2044.0
1897 2044.0
1898 2044.0
1899 2044.0
1900 2022.0
1901 2022.0
1902 2022.0
1903 2022.0
1904 2022.0
1905 2022.0
1906 2022.0
1907 2022.0
1908 2022.0
1909 2022.0
1910 2022.0
1921 2063.0
1922 2063.0
1923 2063.0
1924 2063.0
1925 2063.0
1926 2063.0
1927 2063.0
1928 2011.0
1929 2011.0
1930 2011.0
1931 2011.0
1932 2011.0
1933 1980.0
1934 1980.0
1935 1980.0
1936 1978.0
1937 1978.0
1938 1978.0
1939 1978.0
1940 1978.0
1941 1978.0
1942 1973.0
1943 1973.0
1944 1973.0
1945 1973.0
1946 1973.0
1947 1973.0
1948 1967.0
1949 1967.0
1950 1967.0
1951 1967.0
1952 1967.0
1953 1967.0
1954 1967.0
1955 1967.0
1956 1967.0
1957 1927.0
1958 1927.0
1959 1927.0
1960 1927.0
1961 1927.0
1962 1927.0
1963 1927.0
1964 1927.0
1965 1927.0
1966 1927.0
1967 1927.0
1978 1928.0
1979 1928.0
1980 1928.0
1981 1928.0
1982 1928.0
1983 1928.0
1984 1928.0
1985 1928.0
1986 1928.0
1987 1928.0
1988 1928.0
1999 1918.0
2000 1911.0
2001 1911.0
2002 1911.0
2003 1911.0
2004 1911.0
2005 1911.0
2006 1911.0
2007 1911.0
2008 1911.0
2009 1911.0
2010 1911.0
2021 1930.0
2022 1930.0
2023 1930.0
2024 1930.0
2025 1920.0
2026 1920.0
2027 1907.0
2028 1907.0
2029 1907.0
2030 1907.0
2031 1907.0
2032 1907.0
2033 1907.0
2034 1907.0
2035 1907.0
2036 1907.0
2037 1906.0
2038 1906.0
2039 1906.0
2040 1906.0
2041 1906.0
2042 1906.0
2043 1906.0
2044 1906.0
2045 1906.0
2046 1906.0
2047 1906.0
2058 1892.0
2059 1892.0
2060 1892.0
2061 1892.0
2062 1892.0
2063 1892.0
2064 1892.0
2065 1873.0
2066 1873.0
2067 1873.0
2068 1873.0
2069 1873.0
2070 1873.0
2071 1873.0
2072 1873.0
2073 1873.0
2074 1873.0
2075 1873.0
2086 1874.0
2087 1874.0
2088 1874.0
2089 1874.0
2090 1871.0
2091 1871.0
2092 1870.0
2093 1870.0
2094 1870.0
2095 1870.0
2096 1870.0
2097 1870.0
2098 1870.0
2099 1870.0
2100 1870.0
2101 1870.0
2102 1870.0
2113 1887.0
2114 1887.0
2115 1883.0
2116 1883.0
2117 1883.0
2118 1883.0
2119 1869.0
2120 1869.0
2121 1869.0
2122 1869.0
2123 1841.0
2124 1839.0
2125 1834.0
2126 1830.0
2127 1830.0
2128 1830.0
2129 1830.0
2130 1830.0
2131 1830.0
2132 1830.0
2133 1830.0
2134 1830.0
2135 1830.0
2136 1830.0
2147 1830.0
2148 1830.0
2149 1826.0
2150 1826.0
2151 1826.0
2152 1826.0
2153 1826.0
2154 1826.0
2155 1826.0
2156 1826.0
2157 1825.0
2158 1825.0
2159 1825.0
2160 1825.0
2161 1825.0
2162 1825.0
2163 1825.0
2164 1825.0
2165 1825.0
2166 1825.0
2167 1825.0
2178 1821.0
2179 1821.0
2180 1821.0
2181 1821.0
2182 1821.0
2183 1821.0
2184 1821.0
2185 1821.0
2186 1821.0
2187 1821.0
2198 1835.0
2199 1835.0
2200 1832.0
2201 1832.0
2202 1832.0
2203 1827.0
2204 1827.0
2205 1827.0
2206 1827.0
2207 1827.0
2208 1827.0
2209 1827.0
2210 1827.0
2211 1827.0
2212 1827.0
2213 1827.0
2224 1836.0
2225 1836.0
2226 1836.0
2227 1836.0
2228 1836.0
2229 1836.0
2230 1836.0
2231 1836.0
2232 1836.0
2233 1826.0
2234 1826.0
2235 1826.0
2236 1826.0
2237 1826.0
2238 1826.0
2239 1826.0
2240 1826.0
2241 1826.0
2242 1826.0
2243 1826.0
2254 1811.0
2255 1811.0
2256 1811.0
2257 1811.0
2258 1811.0
2259 1811.0
2260 1811.0
2261 1811.0
2262 1811.0
2263 1811.0
2264 1811.0
2275 1831.0
2276 1831.0
2277 1831.0
2278 1815.0
2279 1805.0
2280 1805.0
2281 1805.0
2282 1805.0
2283 1805.0
2284 1805.0
2285 1805.0
2286 1792.0
2287 1792.0
2288 1792.0
2289 1792.0
2290 1792.0
2291 1792.0
2292 1792.0
2293 1792.0
2294 1792.0
2295 1792.0
2296 1792.0
2307 1792.0
2308 1792.0
2309 1792.0
2310 1792.0
2311 1792.0
2312 1792.0
2313 1792.0
2314 1792.0
2315 1767.0
2316 1767.0
2317 1767.0
2318 1767.0
2319 1767.0
2320 1767.0
2321 1767.0
2322 1767.0
2323 1767.0
2324 1767.0
2325 1767.0
2336 1808.0
2337 1808.0
2338 1808.0
2339 1803.0
2340 1803.0
2341 1803.0
2342 1803.0
2343 1803.0
2344 1803.0
2345 1803.0
2346 1803.0
2347 1803.0
2348 1803.0
2349 1803.0
2360 1783.0
2361 1783.0
2362 1783.0
2363 1783.0
2364 1783.0
2365 1783.0
2366 1783.0
2367 1783.0
2368 1783.0
2369 1783.0
2380 1771.0
2381 1759.0
2382 1759.0
2383 1759.0
2384 1759.0
2385 1759.0
2386 1759.0
2387 1759.0
2388 1759.0
2389 1759.0
2390 1759.0
2391 1757.0
2392 1757.0
2393 1757.0
2394 1757.0
2395 1757.0
2396 1757.0
2397 1757.0
2398 1756.0
2399 1756.0
2400 1756.0
2401 1756.0
2402 1756.0
2403 1754.0
2404 1754.0
2405 1754.0
2406 1754.0
2407 1754.0
2408 1754.0
2409 1744.0
2410 1742.0
2411 1742.0
2412 1742.0
2413 1742.0
2414 1742.0
2415 1742.0
2416 1742.0
2417 1742.0
2418 1742.0
2419 1742.0
2420 1742.0
2431 1744.0
2432 1744.0
2433 1744.0
2434 1744.0
2435 1744.0
2436 1744.0
2437 1744.0
2438 1744.0
2439 1744.0
2440 1744.0
2451 1793.0
2452 1793.0
2453 1777.0
2454 1777.0
2455 1777.0
2456 1777.0
2457 1777.0
2458 1777.0
2459 1777.0
2460 1777.0
2461 1777.0
2462 1776.0
2463 1744.0
2464 1744.0
2465 1744.0
2466 1742.0
2467 1742.0
2468 1742.0
2469 1742.0
2470 1742.0
2471 1742.0
2472 1742.0
2473 1742.0
2474 1742.0
2475 1742.0
2476 1742.0
2487 1731.0
2488 1731.0
2489 1731.0
2490 1731.0
2491 1731.0
2492 1730.0
2493 1730.0
2494 1730.0
2495 1730.0
2496 1730.0
2497 1730.0
2498 1730.0
2499 1730.0
2500 1730.0
2501 1730.0
2502 1726.0
2503 1726.0
2504 1726.0
2505 1726.0
2506 1710.0
2507 1710.0
2508 1710.0
2509 1710.0
2510 1710.0
2511 1710.0
2512 1710.0
2513 1710.0
2514 1710.0
2515 1710.0
2516 1710.0
2527 1750.0
2528 1750.0
2529 1750.0
2530 1750.0
2531 1750.0
2532 1750.0
2533 1750.0
2534 1750.0
2535 1745.0
2536 1735.0
2537 1735.0
2538 1735.0
2539 1735.0
2540 1735.0
2541 1735.0
2542 1735.0
2543 1735.0
2544 1735.0
2545 1735.0
2546 1735.0
2557 1762.0
2558 1762.0
2559 1762.0
2560 1762.0
2561 1762.0
2562 1762.0
2563 1762.0
2564 1762.0
2565 1762.0
2566 1762.0
2577 1849.0
2578 1848.0
2579 1848.0
2580 1848.0
2581 1848.0
2582 1844.0
2583 1838.0
2584 1838.0
2585 1836.0
2586 1836.0
2587 1836.0
2588 1836.0
2589 1836.0
2590 1832.0
2591 1832.0
2592 1832.0
2593 1832.0
2594 1832.0
2595 1832.0
2596 1832.0
2597 1821.0
2598 1821.0
2599 1821.0
2600 1821.0
2601 1821.0
2602 1809.0
2603 1809.0
2604 1809.0
2605 1809.0
2606 1809.0
2607 1809.0
2608 1809.0
2609 1809.0
2610 1809.0
2611 1809.0
2612 1809.0
2623 1714.0
2624 1714.0
2625 1714.0
2626 1714.0
2627 1714.0
2628 1714.0
2629 1714.0
2630 1714.0
2631 1714.0
2632 1714.0
2643 1703.0
2644 1703.0
2645 1703.0
2646 1703.0
2647 1703.0
2648 1703.0
2649 1703.0
2650 1703.0
2651 1703.0
2652 1703.0
2663 1630.0
2664 1630.0
2665 1630.0
2666 1630.0
2667 1630.0
2668 1630.0
2669 1625.0
2670 1625.0
2671 1625.0
2672 1625.0
2673 1625.0
2674 1625.0
2675 1625.0
2676 1625.0
2677 1625.0
2678 1625.0
2679 1625.0
2690 1658.0
2691 1658.0
2692 1658.0
2693 1657.0
2694 1657.0
2695 1653.0
2696 1653.0
2697 1649.0
2698 1649.0
2699 1649.0
2700 1649.0
2701 1649.0
2702 1649.0
2703 1625.0
2704 1625.0
2705 1625.0
2706 1625.0
2707 1625.0
2708 1625.0
2709 1625.0
2710 1625.0
2711 1625.0
2712 1623.0
2713 1623.0
2714 1623.0
2715 1617.0
2716 1617.0
2717 1617.0
2718 1617.0
2719 1617.0
2720 1617.0
2721 1617.0
2722 1617.0
2723 1604.0
2724 1604.0
2725 1604.0
2726 1598.0
2727 1598.0
2728 1598.0
2729 1598.0
2730 1598.0
2731 1598.0
2732 1598.0
2733 1598.0
2734 1598.0
2735 1598.0
2736 1598.0
2747 1601.0
2748 1601.0
2749 1601.0
2750 1598.0
2751 1598.0
2752 1598.0
2753 1598.0
2754 1598.0
2755 1598.0
2756 1598.0
2757 1598.0
2758 1598.0
2759 1598.0
2760 1598.0
2771 1606.0
2772 1606.0
2773 1606.0
2774 1606.0
2775 1606.0
2776 1606.0
2777 1606.0
2778 1606.0
2779 1606.0
2780 1606.0
2791 1617.0
2792 1617.0
2793 1617.0
2794 1617.0
2795 1617.0
2796 1617.0
2797 1617.0
2798 1617.0
2799 1617.0
2800 1606.0
2801 1606.0
2802 1606.0
2803 1606.0
2804 1606.0
2805 1605.0
2806 1605.0
2807 1599.0
2808 1599.0
2809 1599.0
2810 1599.0
2811 1599.0
2812 1599.0
2813 1599.0
2814 1599.0
2815 1599.0
2816 1599.0
2817 1584.0
2818 1584.0
2819 1584.0
2820 1584.0
2821 1584.0
2822 1584.0
2823 1584.0
2824 1584.0
2825 1584.0
2826 1584.0
2827 1584.0
2838 1591.0
2839 1591.0
2840 1591.0
2841 1591.0
2842 1591.0
2843 1591.0
2844 1591.0
2845 1591.0
2846 1591.0
2847 1591.0
2858 1598.0
2859 1598.0
2860 1588.0
2861 1585.0
2862 1585.0
2863 1581.0
2864 1581.0
2865 1581.0
2866 1575.0
2867 1575.0
2868 1575.0
2869 1575.0
2870 1575.0
2871 1575.0
2872 1575.0
2873 1575.0
2874 1575.0
2875 1575.0
2876 1575.0
2887 1554.0
2888 1554.0
2889 1554.0
2890 1554.0
2891 1554.0
2892 1554.0
2893 1554.0
2894 1554.0
2895 1554.0
2896 1554.0
2907 1555.0
2908 1555.0
2909 1555.0
2910 1555.0
2911 1555.0
2912 1554.0
2913 1553.0
2914 1553.0
2915 1553.0
2916 1553.0
2917 1553.0
2918 1553.0
2919 1553.0
2920 1553.0
2921 1553.0
2922 1552.0
2923 1546.0
2924 1546.0
2925 1546.0
2926 1546.0
2927 1546.0
2928 1544.0
2929 1544.0
2930 1544.0
2931 1544.0
2932 1544.0
2933 1544.0
2934 1544.0
2935 1544.0
2936 1544.0
2937 1544.0
2938 1544.0
2949 1545.0
2950 1541.0
2951 1541.0
2952 1541.0
2953 1541.0
2954 1541.0
2955 1541.0
2956 1541.0
2957 1541.0
2958 1541.0
2959 1541.0
2960 1541.0
2971 1542.0
2972 1542.0
2973 1542.0
2974 1542.0
2975 1542.0
2976 1542.0
2977 1542.0
2978 1542.0
2979 1542.0
2980 1542.0
2991 1546.0
2992 1546.0
2993 1542.0
2994 1541.0
2995 1538.0
2996 1538.0
2997 1538.0
2998 1538.0
2999 1538.0
3000 1538.0
3001 1538.0
3002 1538.0
3003 1538.0
3004 1538.0
3005 1538.0
3016 1546.0
3017 1546.0
3018 1546.0
3019 1546.0
3020 1546.0
3021 1546.0
3022 1546.0
3023 1546.0
3024 1546.0
3025 1546.0
3036 1540.0
3037 1540.0
3038 1540.0
3039 1540.0
3040 1540.0
3041 1540.0
3042 1540.0
3043 1540.0
3044 1540.0
3045 1540.0
3056 1537.0
3057 1537.0
3058 1537.0
3059 1537.0
3060 1537.0
3061 1537.0
3062 1537.0
3063 1537.0
3064 1537.0
3065 1537.0
3076 1539.0
3077 1539.0
3078 1539.0
3079 1539.0
3080 1539.0
3081 1539.0
3082 1539.0
3083 1539.0
3084 1539.0
3085 1539.0
3096 1521.0
3097 1521.0
3098 1515.0
3099 1515.0
3100 1515.0
3101 1515.0
3102 1515.0
3103 1515.0
3104 1515.0
3105 1515.0
3106 1515.0
3107 1515.0
3108 1515.0
3119 1498.0
3120 1498.0
3121 1498.0
3122 1495.0
3123 1495.0
3124 1495.0
3125 1495.0
3126 1495.0
3127 1495.0
3128 1495.0
3129 1495.0
3130 1495.0
3131 1495.0
3132 1495.0
3143 1489.0
3144 1489.0
3145 1489.0
3146 1489.0
3147 1481.0
3148 1481.0
3149 1481.0
3150 1481.0
3151 1481.0
3152 1481.0
3153 1481.0
3154 1481.0
3155 1481.0
3156 1481.0
3157 1481.0
3168 1490.0
3169 1490.0
3170 1485.0
3171 1485.0
3172 1485.0
3173 1485.0
3174 1485.0
3175 1485.0
3176 1485.0
3177 1485.0
3178 1485.0
3179 1485.0
3180 1485.0
3191 1513.0
3192 1513.0
3193 1513.0
3194 1512.0
3195 1512.0
3196 1512.0
3197 1512.0
3198 1512.0
3199 1512.0
3200 1512.0
3201 1512.0
3202 1502.0
3203 1502.0
3204 1502.0
3205 1502.0
3206 1498.0
3207 1498.0
3208 1498.0
3209 1498.0
3210 1498.0
3211 1498.0
3212 1498.0
3213 1498.0
3214 1498.0
3215 1498.0
3216 1498.0
3227 1503.0
3228 1503.0
3229 1503.0
3230 1502.0
3231 1502.0
3232 1502.0
3233 1502.0
3234 1502.0
3235 1502.0
3236 1502.0
3237 1502.0
3238 1502.0
3239 1494.0
3240 1494.0
3241 1494.0
3242 1494.0
3243 1494.0
3244 1494.0
3245 1494.0
3246 1494.0
3247 1494.0
3248 1494.0
3249 1494.0
3260 1495.0
3261 1495.0
3262 1495.0
3263 1495.0
3264 1495.0
3265 1495.0
3266 1494.0
3267 1494.0
3268 1494.0
3269 1494.0
3270 1494.0
3271 1494.0
3272 1494.0
3273 1494.0
3274 1494.0
3275 1494.0
3276 1494.0
3287 1498.0
3288 1498.0
3289 1498.0
3290 1498.0
3291 1498.0
3292 1498.0
3293 1498.0
3294 1498.0
3295 1464.0
3296 1464.0
3297 1440.0
3298 1440.0
3299 1438.0
3300 1433.0
3301 1431.0
3302 1431.0
3303 1431.0
3304 1431.0
3305 1431.0
3306 1431.0
3307 1431.0
3308 1425.0
3309 1425.0
3310 1425.0
3311 1425.0
3312 1425.0
3313 1423.0
3314 1423.0
3315 1423.0
3316 1423.0
3317 1423.0
3318 1423.0
3319 1419.0
3320 1419.0
3321 1419.0
3322 1419.0
3323 1419.0
3324 1419.0
3325 1419.0
3326 1419.0
3327 1419.0
3328 1419.0
3329 1419.0
3340 1420.0
3341 1420.0
3342 1420.0
3343 1420.0
3344 1420.0
3345 1420.0
3346 1420.0
3347 1420.0
3348 1420.0
3349 1420.0
3360 1416.0
3361 1416.0
3362 1416.0
3363 1416.0
3364 1410.0
3365 1410.0
3366 1410.0
3367 1410.0
3368 1410.0
3369 1410.0
3370 1410.0
3371 1410.0
3372 1410.0
3373 1410.0
3374 1410.0
3385 1409.0
3386 1409.0
3387 1409.0
3388 1409.0
3389 1409.0
3390 1409.0
3391 1409.0
3392 1409.0
3393 1409.0
3394 1409.0
3405 1425.0
3406 1425.0
3407 1425.0
3408 1425.0
3409 1425.0
3410 1425.0
3411 1425.0
3412 1425.0
3413 1425.0
3414 1425.0
3425 1427.0
3426 1427.0
3427 1427.0
3428 1427.0
3429 1427.0
3430 1427.0
3431 1427.0
3432 1427.0
3433 1427.0
3434 1427.0
3445 1434.0
3446 1434.0
3447 1434.0
3448 1434.0
3449 1434.0
3450 1434.0
3451 1434.0
3452 1429.0
3453 1429.0
3454 1429.0
3455 1429.0
3456 1429.0
3457 1429.0
3458 1429.0
3459 1429.0
3460 1429.0
3461 1429.0
3462 1427.0
3463 1427.0
3464 1427.0
3465 1427.0
3466 1427.0
3467 1427.0
3468 1427.0
3469 1424.0
3470 1424.0
3471 1424.0
3472 1424.0
3473 1424.0
3474 1424.0
3475 1424.0
3476 1424.0
3477 1424.0
3478 1424.0
3479 1424.0
3490 1422.0
3491 1422.0
3492 1422.0
3493 1422.0
3494 1422.0
3495 1411.0
3496 1408.0
3497 1408.0
3498 1408.0
3499 1408.0
3500 1408.0
3501 1408.0
3502 1408.0
3503 1408.0
3504 1408.0
3505 1408.0
3506 1408.0
3517 1423.0
3518 1423.0
3519 1423.0
3520 1423.0
3521 1423.0
3522 1423.0
3523 1423.0
3524 1423.0
3525 1423.0
3526 1423.0
3537 1435.0
3538 1435.0
3539 1435.0
3540 1435.0
3541 1435.0
3542 1434.0
3543 1434.0
3544 1431.0
3545 1431.0
3546 1431.0
3547 1431.0
3548 1431.0
3549 1431.0
3550 1431.0
3551 1431.0
3552 1431.0
3553 1431.0
3554 1431.0
3565 1431.0
3566 1431.0
3567 1431.0
3568 1431.0
3569 1431.0
3570 1431.0
3571 1431.0
3572 1431.0
3573 1428.0
3574 1428.0
3575 1428.0
3576 1428.0
3577 1428.0
3578 1428.0
3579 1428.0
3580 1428.0
3581 1428.0
3582 1424.0
3583 1424.0
3584 1424.0
3585 1424.0
3586 1424.0
3587 1424.0
3588 1424.0
3589 1424.0
3590 1424.0
3591 1424.0
3592 1424.0
3603 1421.0
3604 1421.0
3605 1421.0
3606 1421.0
3607 1421.0
3608 1421.0
3609 1421.0
3610 1421.0
3611 1421.0
3612 1421.0
3623 1383.0
3624 1383.0
3625 1383.0
3626 1383.0
3627 1383.0
3628 1383.0
3629 1383.0
3630 1383.0
3631 1383.0
3632 1383.0
3643 1391.0
3644 1391.0
3645 1391.0
3646 1391.0
3647 1391.0
3648 1391.0
3649 1391.0
3650 1391.0
3651 1391.0
3652 1391.0
3663 1405.0
3664 1405.0
3665 1405.0
3666 1405.0
3667 1405.0
3668 1405.0
3669 1405.0
3670 1405.0
3671 1405.0
3672 1405.0
3683 1397.0
3684 1397.0
3685 1397.0
3686 1397.0
3687 1397.0
3688 1397.0
3689 1397.0
3690 1397.0
3691 1397.0
3692 1397.0
3703 1398.0
3704 1397.0
3705 1397.0
3706 1397.0
3707 1397.0
3708 1397.0
3709 1397.0
3710 1397.0
3711 1397.0
3712 1397.0
3713 1397.0
3714 1397.0
3725 1401.0
3726 1401.0
3727 1401.0
3728 1391.0
3729 1391.0
3730 1391.0
3731 1391.0
3732 1391.0
3733 1391.0
3734 1391.0
3735 1391.0
3736 1391.0
3737 1391.0
3738 1391.0
3749 1394.0
3750 1394.0
3751 1394.0
3752 1394.0
3753 1394.0
3754 1394.0
3755 1394.0
3756 1394.0
3757 1394.0
3758 1394.0
3769 1408.0
3770 1408.0
3771 1406.0
3772 1406.0
3773 1406.0
3774 1406.0
3775 1406.0
3776 1406.0
3777 1406.0
3778 1406.0
3779 1406.0
3780 1406.0
3781 1406.0
3792 1390.0
3793 1390.0
3794 1390.0
3795 1389.0
3796 1389.0
3797 1389.0
3798 1389.0
3799 1389.0
3800 1389.0
3801 1389.0
3802 1389.0
3803 1389.0
3804 1389.0
3805 1389.0
3816 1390.0
3817 1390.0
3818 1390.0
3819 1390.0
3820 1390.0
3821 1390.0
3822 1390.0
3823 1390.0
3824 1390.0
3825 1390.0
3836 1392.0
3837 1392.0
3838 1392.0
3839 1392.0
3840 1392.0
3841 1392.0
3842 1392.0
3843 1392.0
3844 1392.0
3845 1392.0
3846 1392.0
3857 1384.0
3858 1384.0
3859 1383.0
3860 1383.0
3861 1383.0
3862 1379.0
3863 1379.0
3864 1379.0
3865 1379.0
3866 1379.0
3867 1379.0
3868 1379.0
3869 1379.0
3870 1379.0
3871 1379.0
3872 1379.0
3883 1377.0
3884 1377.0
3885 1377.0
3886 1377.0
3887 1377.0
3888 1377.0
3889 1377.0
3890 1377.0
3891 1377.0
3892 1373.0
3893 1373.0
3894 1373.0
3895 1373.0
3896 1373.0
3897 1373.0
3898 1373.0
3899 1373.0
3900 1372.0
3901 1372.0
3902 1372.0
3903 1372.0
3904 1372.0
3905 1372.0
3906 1372.0
3907 1372.0
3908 1372.0
3909 1372.0
3910 1370.0
3911 1370.0
3912 1370.0
3913 1370.0
3914 1370.0
3915 1370.0
3916 1370.0
3917 1370.0
3918 1370.0
3919 1370.0
3920 1370.0
3931 1377.0
3932 1371.0
3933 1371.0
3934 1371.0
3935 1371.0
3936 1371.0
3937 1371.0
3938 1371.0
3939 1371.0
3940 1371.0
3941 1371.0
3942 1371.0
3953 1407.0
3954 1407.0
3955 1407.0
3956 1407.0
3957 1407.0
3958 1407.0
3959 1407.0
3960 1407.0
3961 1407.0
3962 1407.0
3973 1413.0
3974 1413.0
3975 1413.0
3976 1413.0
3977 1409.0
3978 1409.0
3979 1409.0
3980 1409.0
3981 1409.0
3982 1409.0
3983 1409.0
3984 1409.0
3985 1409.0
3986 1409.0
3987 1409.0
3998 1413.0
3999 1413.0
4000 1413.0
4001 1413.0
4002 1413.0
4003 1413.0
4004 1404.0
4005 1404.0
4006 1404.0
4007 1404.0
4008 1404.0
4009 1404.0
4010 1404.0
4011 1404.0
4012 1404.0
4013 1404.0
4014 1404.0
4025 1418.0
4026 1418.0
4027 1418.0
4028 1418.0
4029 1418.0
4030 1418.0
4031 1418.0
4032 1418.0
4033 1418.0
4034 1418.0
4045 1424.0
4046 1424.0
4047 1424.0
4048 1424.0
4049 1422.0
4050 1422.0
4051 1422.0
4052 1422.0
4053 1422.0
4054 1422.0
4055 1422.0
4056 1422.0
4057 1422.0
4058 1422.0
4059 1422.0
4070 1429.0
4071 1429.0
4072 1419.0
4073 1419.0
4074 1414.0
4075 1409.0
4076 1409.0
4077 1409.0
4078 1409.0
4079 1409.0
4080 1409.0
4081 1409.0
4082 1409.0
4083 1409.0
4084 1409.0
4085 1409.0
4096 1405.0
4097 1405.0
4098 1405.0
4099 1405.0
4100 1405.0
4101 1405.0
4102 1405.0
4103 1405.0
4104 1405.0
4105 1405.0
4116 1408.0
4117 1408.0
4118 1408.0
4119 1408.0
4120 1408.0
4121 1408.0
4122 1408.0
4123 1408.0
4124 1408.0
4125 1408.0
4136 1406.0
4137 1406.0
4138 1406.0
4139 1406.0
4140 1406.0
4141 1406.0
4142 1406.0
4143 1406.0
4144 1406.0
4145 1406.0
4156 1416.0
4157 1416.0
4158 1416.0
4159 1416.0
4160 1416.0
4161 1416.0
4162 1416.0
4163 1416.0
4164 1416.0
4165 1416.0
4176 1420.0
4177 1418.0
4178 1418.0
4179 1418.0
4180 1418.0
4181 1418.0
4182 1418.0
4183 1418.0
4184 1418.0
4185 1418.0
4186 1418.0
4187 1418.0
4198 1420.0
4199 1416.0
4200 1416.0
4201 1416.0
4202 1416.0
4203 1416.0
4204 1416.0
4205 1416.0
4206 1416.0
4207 1416.0
4208 1416.0
4209 1416.0
4220 1413.0
4221 1413.0
4222 1413.0
4223 1413.0
4224 1413.0
4225 1413.0
4226 1413.0
4227 1413.0
4228 1413.0
4229 1413.0
4240 1417.0
4241 1417.0
4242 1417.0
4243 1417.0
4244 1417.0
4245 1417.0
4246 1417.0
4247 1417.0
4248 1417.0
4249 1417.0
4260 1414.0
4261 1414.0
4262 1414.0
4263 1414.0
4264 1414.0
4265 1414.0
4266 1414.0
4267 1414.0
4268 1414.0
4269 1414.0
4280 1425.0
4281 1425.0
4282 1425.0
4283 1425.0
4284 1425.0
4285 1425.0
4286 1425.0
4287 1425.0
4288 1425.0
4289 1425.0
4300 1423.0
4301 1423.0
4302 1423.0
4303 1412.0
4304 1412.0
4305 1412.0
4306 1412.0
4307 1412.0
4308 1412.0
4309 1412.0
4310 1412.0
4311 1412.0
4312 1412.0
4313 1412.0
4324 1435.0
4325 1435.0
4326 1435.0
4327 1435.0
4328 1435.0
4329 1435.0
4330 1434.0
4331 1434.0
4332 1434.0
4333 1434.0
4334 1427.0
4335 1427.0
4336 1425.0
4337 1421.0
4338 1421.0
4339 1421.0
4340 1421.0
4341 1421.0
4342 1421.0
4343 1418.0
4344 1418.0
4345 1418.0
4346 1418.0
4347 1418.0
4348 1418.0
4349 1418.0
4350 1418.0
4351 1418.0
4352 1418.0
4353 1418.0
4364 1400.0
4365 1400.0
4366 1400.0
4367 1400.0
4368 1400.0
4369 1400.0
4370 1400.0
4371 1400.0
4372 1400.0
4373 1400.0
4384 1420.0
4385 1419.0
4386 1419.0
4387 1419.0
4388 1417.0
4389 1417.0
4390 1417.0
4391 1417.0
4392 1417.0
4393 1417.0
4394 1417.0
4395 1416.0
4396 1416.0
4397 1416.0
4398 1416.0
4399 1416.0
4400 1416.0
4401 1416.0
4402 1416.0
4403 1415.0
4404 1415.0
4405 1415.0
4406 1415.0
4407 1415.0
4408 1415.0
4409 1415.0
4410 1415.0
4411 1415.0
4412 1415.0
4413 1415.0
4424 1407.0
4425 1407.0
4426 1407.0
4427 1407.0
4428 1407.0
4429 1407.0
4430 1407.0
4431 1407.0
4432 1407.0
4433 1407.0
4444 1389.0
4445 1389.0
4446 1389.0
4447 1389.0
4448 1389.0
4449 1389.0
4450 1389.0
4451 1389.0
4452 1389.0
4453 1389.0
4464 1377.0
4465 1377.0
4466 1377.0
4467 1377.0
4468 1377.0
4469 1372.0
4470 1372.0
4471 1372.0
4472 1372.0
4473 1372.0
4474 1372.0
4475 1372.0
4476 1372.0
4477 1372.0
4478 1372.0
4479 1372.0
4490 1375.0
4491 1375.0
4492 1375.0
4493 1375.0
4494 1375.0
4495 1375.0
4496 1375.0
4497 1375.0
4498 1375.0
4499 1375.0
4510 1371.0
4511 1371.0
4512 1371.0
4513 1371.0
4514 1371.0
4515 1371.0
4516 1371.0
4517 1371.0
4518 1371.0
4519 1371.0
4530 1376.0
4531 1376.0
4532 1371.0
4533 1371.0
4534 1371.0
4535 1371.0
4536 1371.0
4537 1371.0
4538 1371.0
4539 1371.0
4540 1371.0
4541 1371.0
4542 1371.0
4553 1351.0
4554 1351.0
4555 1351.0
4556 1351.0
4557 1351.0
4558 1351.0
4559 1351.0
4560 1351.0
4561 1351.0
4562 1351.0
4573 1356.0
4574 1356.0
4575 1355.0
4576 1353.0
4577 1353.0
4578 1335.0
4579 1335.0
4580 1335.0
4581 1335.0
4582 1335.0
4583 1335.0
4584 1335.0
4585 1335.0
4586 1335.0
4587 1335.0
4588 1335.0
4599 1337.0
4600 1337.0
4601 1337.0
4602 1325.0
4603 1325.0
4604 1325.0
4605 1325.0
4606 1325.0
4607 1325.0
4608 1325.0
4609 1325.0
4610 1325.0
4611 1325.0
4612 1325.0
4623 1331.0
4624 1331.0
4625 1331.0
4626 1331.0
4627 1331.0
4628 1331.0
4629 1328.0
4630 1328.0
4631 1328.0
4632 1328.0
4633 1328.0
4634 1328.0
4635 1328.0
4636 1328.0
4637 1328.0
4638 1328.0
4639 1328.0
4650 1328.0
4651 1328.0
4652 1328.0
4653 1328.0
4654 1324.0
4655 1324.0
4656 1324.0
4657 1324.0
4658 1324.0
4659 1324.0
4660 1324.0
4661 1324.0
4662 1324.0
4663 1324.0
4664 1324.0
4675 1366.0
4676 1366.0
4677 1363.0
4678 1363.0
4679 1363.0
4680 1363.0
4681 1363.0
4682 1363.0
4683 1363.0
4684 1363.0
4685 1363.0
4686 1363.0
4687 1363.0
4698 1369.0
4699 1367.0
4700 1367.0
4701 1367.0
4702 1367.0
4703 1367.0
4704 1367.0
4705 1367.0
4706 1367.0
4707 1367.0
4708 1363.0
4709 1363.0
4710 1363.0
4711 1363.0
4712 1363.0
4713 1363.0
4714 1363.0
4715 1363.0
4716 1363.0
4717 1363.0
4718 1363.0
4729 1386.0
4730 1386.0
4731 1386.0
4732 1386.0
4733 1386.0
4734 1386.0
4735 1386.0
4736 1386.0
4737 1386.0
4738 1386.0
4749 1386.0
4750 1386.0
4751 1386.0
4752 1386.0
4753 1386.0
4754 1386.0
4755 1386.0
4756 1386.0
4757 1386.0
4758 1386.0
4769 1399.0
4770 1399.0
4771 1399.0
4772 1399.0
4773 1399.0
4774 1399.0
4775 1399.0
4776 1399.0
4777 1399.0
4778 1399.0
4789 1400.0
4790 1400.0
4791 1400.0
4792 1392.0
4793 1392.0
4794 1392.0
4795 1392.0
4796 1389.0
4797 1389.0
4798 1389.0
4799 1389.0
4800 1389.0
4801 1349.0
4802 1349.0
4803 1349.0
4804 1349.0
4805 1349.0
4806 1349.0
4807 1349.0
4808 1349.0
4809 1349.0
4810 1349.0
4811 1349.0
4822 1350.0
4823 1350.0
4824 1350.0
4825 1350.0
4826 1350.0
4827 1348.0
4828 1348.0
4829 1348.0
4830 1348.0
4831 1348.0
4832 1348.0
4833 1348.0
4834 1348.0
4835 1348.0
4836 1348.0
4837 1348.0
4848 1343.0
4849 1343.0
4850 1343.0
4851 1343.0
4852 1343.0
4853 1343.0
4854 1343.0
4855 1343.0
4856 1343.0
4857 1343.0
4868 1348.0
4869 1348.0
4870 1348.0
4871 1348.0
4872 1348.0
4873 1348.0
4874 1348.0
4875 1348.0
4876 1348.0
4877 1348.0
4888 1350.0
4889 1350.0
4890 1350.0
4891 1350.0
4892 1350.0
4893 1350.0
4894 1350.0
4895 1350.0
4896 1350.0
4897 1350.0
4908 1401.0
4909 1401.0
4910 1401.0
4911 1401.0
4912 1401.0
4913 1401.0
4914 1401.0
4915 1401.0
4916 1401.0
4917 1401.0
4928 1403.0
4929 1403.0
4930 1403.0
4931 1401.0
4932 1401.0
4933 1401.0
4934 1397.0
4935 1397.0
4936 1397.0
4937 1397.0
4938 1397.0
4939 1397.0
4940 1397.0
4941 1397.0
4942 1397.0
4943 1397.0
4944 1397.0
4955 1395.0
4956 1395.0
4957 1395.0
4958 1395.0
4959 1395.0
4960 1395.0
4961 1395.0
4962 1395.0
4963 1395.0
4964 1395.0
4975 1392.0
4976 1392.0
4977 1392.0
4978 1392.0
4979 1392.0
4980 1392.0
4981 1392.0
4982 1392.0
4983 1392.0
4984 1392.0
4985 1392.0
4996 1395.0
4997 1395.0
4998 1395.0
4999 1395.0
