0 282449.0
1 281698.0
2 281698.0
3 279451.0
4 278704.0
5 277958.0
6 277214.0
7 276471.0
8 275729.0
9 272769.0
10 272769.0
11 272769.0
12 272033.0
13 272033.0
14 272027.0
15 270556.0
16 269824.0
17 269090.0
18 268360.0
19 266901.0
20 266175.0
21 266175.0
22 265451.0
23 265451.0
24 264724.0
25 264005.0
26 263292.0
27 263292.0
28 263292.0
29 261860.0
30 257552.0
31 256841.0
32 256841.0
33 256841.0
34 246986.0
35 246326.0
36 245692.0
37 245124.0
38 245124.0
39 245124.0
40 239568.0
41 238877.0
42 238877.0
43 238877.0
44 236126.0
45 236126.0
46 233394.0
47 233394.0
48 229324.0
49 229324.0
50 229324.0
51 229324.0
52 229324.0
53 229324.0
54 229324.0
55 229324.0
56 229324.0
57 229324.0
58 229324.0
69 218029.0
70 218029.0
71 218029.0
72 218029.0
73 218029.0
74 218029.0
75 218029.0
76 217370.0
77 214750.0
78 214096.0
79 214096.0
80 214096.0
81 214096.0
82 214096.0
83 214096.0
84 214096.0
85 213443.0
86 213443.0
87 213443.0
88 213443.0
89 213443.0
90 213443.0
91 212791.0
92 212791.0
93 212791.0
94 212791.0
95 212791.0
96 212791.0
97 212791.0
98 212791.0
99 212791.0
100 212791.0
101 212791.0
112 211490.0
113 211490.0
114 211490.0
115 211490.0
116 206339.0
117 204425.0
118 203794.0
119 203794.0
120 203794.0
121 203157.0
122 203157.0
123 203157.0
124 203157.0
125 203157.0
126 203157.0
127 203157.0
128 203157.0
129 203157.0
130 203157.0
131 203157.0
142 201886.0
143 201252.0
144 200620.0
145 198101.0
146 198101.0
147 197474.0
148 197474.0
149 197474.0
150 197474.0
151 196848.0
152 196848.0
153 196222.0
154 196222.0
155 196222.0
156 196222.0
157 196222.0
158 195597.0
159 195597.0
160 195597.0
161 194973.0
162 194973.0
163 194350.0
164 194350.0
165 194350.0
166 194350.0
167 193107.0
168 192488.0
169 190639.0
170 190023.0
171 190023.0
172 190023.0
173 190023.0
174 190023.0
175 190023.0
176 190023.0
177 189998.0
178 178662.0
179 178662.0
180 176302.0
181 176302.0
182 176302.0
183 176302.0
184 173942.0
185 173942.0
186 173942.0
187 171599.0
188 171599.0
189 171599.0
190 171598.0
191 171598.0
192 171017.0
193 171017.0
194 170434.0
195 170434.0
196 170434.0
197 170434.0
198 170434.0
199 170434.0
200 170434.0
201 170434.0
202 170434.0
203 170434.0
204 170434.0
215 163526.0
216 160696.0
217 160696.0
218 160696.0
219 160131.0
220 160131.0
221 160131.0
222 160131.0
223 159004.0
224 159004.0
225 159004.0
226 159004.0
227 159004.0
228 159004.0
229 159004.0
230 159004.0
231 158442.0
232 158442.0
233 157881.0
234 157881.0
235 157881.0
236 157881.0
237 157881.0
238 157881.0
239 157321.0
240 157321.0
241 157321.0
242 157321.0
243 150188.0
244 149651.0
245 149651.0
246 149211.0
247 149211.0
248 149211.0
249 149211.0
250 149211.0
251 149211.0
252 149211.0
253 149211.0
254 148668.0
255 148668.0
256 148668.0
257 148668.0
258 148668.0
259 147584.0
260 147584.0
261 146503.0
262 146503.0
263 146503.0
264 146503.0
265 146503.0
266 146503.0
267 146503.0
268 146503.0
269 139094.0
270 138577.0
271 138577.0
272 138567.0
273 138559.0
274 138559.0
275 138559.0
276 138053.0
277 137026.0
278 137026.0
279 136505.0
280 136020.0
281 136020.0
282 136020.0
283 136020.0
284 136020.0
285 135502.0
286 135502.0
287 135502.0
288 134467.0
289 133436.0
290 129376.0
291 127877.0
292 126389.0
293 126385.0
294 125891.0
295 125392.0
296 124426.0
297 124419.0
298 123440.0
299 123440.0
300 123440.0
301 123440.0
302 123440.0
303 123440.0
304 123440.0
305 123440.0
306 121473.0
307 120984.0
308 120984.0
309 120984.0
310 120984.0
311 120984.0
312 120984.0
313 120984.0
314 120984.0
315 120984.0
316 120984.0
317 120984.0
328 118553.0
329 118069.0
330 118069.0
331 110542.0
332 110542.0
333 110542.0
334 110542.0
335 110542.0
336 110088.0
337 110088.0
338 109269.0
339 109269.0
340 109269.0
341 109269.0
342 109269.0
343 109269.0
344 109269.0
345 107425.0
346 107425.0
347 107425.0
348 107425.0
349 107425.0
350 100666.0
351 98455.0
352 98455.0
353 98455.0
354 98455.0
355 98448.0
356 98021.0
357 97601.0
358 97601.0
359 97601.0
360 97601.0
361 97601.0
362 97601.0
363 94577.0
364 94577.0
365 94577.0
366 94577.0
367 94169.0
368 93772.0
369 93772.0
370 93772.0
371 93772.0
372 93772.0
373 93772.0
374 93772.0
375 93772.0
376 93772.0
377 93772.0
378 93772.0
389 89541.0
390 89122.0
391 89122.0
392 88707.0
393 88695.0
394 88695.0
395 88695.0
396 88695.0
397 88299.0
398 86235.0
399 85824.0
400 85824.0
401 85824.0
402 85824.0
403 85824.0
404 85824.0
405 85824.0
406 85824.0
407 85824.0
408 85824.0
409 85824.0
420 91496.0
421 91496.0
422 91496.0
423 91496.0
424 91496.0
425 91496.0
426 86496.0
427 86489.0
428 86489.0
429 86489.0
430 84046.0
431 83645.0
432 83645.0
433 80453.0
434 80453.0
435 80090.0
436 80090.0
437 76971.0
438 76583.0
439 76583.0
440 76583.0
441 76583.0
442 76583.0
443 76583.0
444 76213.0
445 76213.0
446 76213.0
447 76213.0
448 75827.0
449 75827.0
450 75812.0
451 74679.0
452 74302.0
453 74302.0
454 74302.0
455 67317.0
456 67317.0
457 66978.0
458 66978.0
459 66978.0
460 66643.0
461 66643.0
462 66643.0
463 66643.0
464 66288.0
465 66288.0
466 66288.0
467 66288.0
468 66288.0
469 66288.0
470 66288.0
471 66288.0
472 66288.0
473 66288.0
474 66288.0
485 68457.0
486 68457.0
487 68457.0
488 68457.0
489 68457.0
490 68446.0
491 68446.0
492 68446.0
493 67746.0
494 67746.0
495 67746.0
496 67746.0
497 67746.0
498 67746.0
499 67746.0
500 67746.0
501 67746.0
502 67746.0
503 67746.0
514 69163.0
515 68430.0
516 68430.0
517 68104.0
518 68104.0
519 68104.0
520 68104.0
521 68104.0
522 68104.0
523 68104.0
524 61429.0
525 61085.0
526 61084.0
527 60745.0
528 60745.0
529 60740.0
530 59725.0
531 59725.0
532 59725.0
533 59723.0
534 59395.0
535 59360.0
536 59048.0
537 59048.0
538 59048.0
539 59048.0
540 58758.0
541 58470.0
542 58470.0
543 58470.0
544 58470.0
545 58216.0
546 58069.0
547 58069.0
548 58069.0
549 58069.0
550 58069.0
551 58069.0
552 58069.0
553 58069.0
554 58069.0
555 58057.0
556 58057.0
557 58057.0
558 58057.0
559 58053.0
560 57730.0
561 57730.0
562 53547.0
563 52591.0
564 52591.0
565 52587.0
566 51977.0
567 51663.0
568 51663.0
569 51663.0
570 51061.0
571 50764.0
572 50764.0
573 50764.0
574 50764.0
575 50760.0
576 50759.0
577 50751.0
578 50453.0
579 50453.0
580 50453.0
581 50453.0
582 50453.0
583 50453.0
584 49222.0
585 49222.0
586 49222.0
587 49212.0
588 49212.0
589 49212.0
590 48924.0
591 48924.0
592 48924.0
593 48924.0
594 48924.0
595 48924.0
596 48924.0
597 48924.0
598 48924.0
599 48924.0
600 48924.0
611 53898.0
612 53898.0
613 53577.0
614 53577.0
615 53577.0
616 53577.0
617 52306.0
618 52300.0
619 51672.0
620 51364.0
621 51364.0
622 51364.0
623 51364.0
624 51364.0
625 51364.0
626 51364.0
627 51364.0
628 51364.0
629 51364.0
630 51364.0
641 51678.0
642 51678.0
643 51678.0
644 51678.0
645 51678.0
646 51678.0
647 51678.0
648 51678.0
649 51678.0
650 51678.0
661 55808.0
662 55808.0
663 55808.0
664 55808.0
665 55501.0
666 54850.0
667 54850.0
668 54850.0
669 54850.0
670 54541.0
671 54541.0
672 54541.0
673 54218.0
674 54218.0
675 53896.0
676 53887.0
677 53887.0
678 53887.0
679 53887.0
680 53868.0
681 53868.0
682 53868.0
683 53868.0
684 53868.0
685 53868.0
686 53862.0
687 53862.0
688 51996.0
689 51996.0
690 51996.0
691 51996.0
692 51681.0
693 51681.0
694 51681.0
695 51681.0
696 51681.0
697 51681.0
698 51681.0
699 51681.0
700 51681.0
701 51681.0
702 51681.0
713 49454.0
714 49454.0
715 49418.0
716 49418.0
717 49418.0
718 49418.0
719 49418.0
720 49418.0
721 48926.0
722 48926.0
723 48918.0
724 48918.0
725 48623.0
726 48623.0
727 48290.0
728 48290.0
729 48290.0
730 48269.0
731 48269.0
732 48269.0
733 48269.0
734 47987.0
735 47987.0
736 47987.0
737 47987.0
738 47987.0
739 47987.0
740 47987.0
741 47987.0
742 47385.0
743 47384.0
744 47384.0
745 47384.0
746 47086.0
747 47086.0
748 47086.0
749 47086.0
750 47086.0
751 47086.0
752 47086.0
753 47086.0
754 47086.0
755 47086.0
756 47086.0
767 47687.0
768 47687.0
769 47687.0
770 47687.0
771 47687.0
772 47687.0
773 47687.0
774 47687.0
775 47687.0
776 47687.0
787 47687.0
788 47687.0
789 47687.0
790 47687.0
791 47687.0
792 47687.0
793 47687.0
794 47687.0
795 47687.0
796 47687.0
807 48873.0
808 48596.0
809 48596.0
810 48596.0
811 48596.0
812 48596.0
813 48596.0
814 48596.0
815 48596.0
816 48596.0
817 48596.0
818 48596.0
829 44393.0
830 44393.0
831 44393.0
832 43365.0
833 43365.0
834 43365.0
835 43365.0
836 43211.0
837 43084.0
838 43084.0
839 43084.0
840 43047.0
841 43047.0
842 43047.0
843 42603.0
844 42603.0
845 42553.0
846 42553.0
847 41716.0
848 41453.0
849 41453.0
850 41453.0
851 41453.0
852 41453.0
853 41453.0
854 41453.0
855 41453.0
856 41453.0
857 41176.0
858 41176.0
859 41167.0
860 41152.0
861 40626.0
862 39001.0
863 38998.0
864 38985.0
865 37672.0
866 37672.0
867 37432.0
868 37432.0
869 37432.0
870 37432.0
871 37432.0
872 37432.0
873 37432.0
874 37432.0
875 37432.0
876 37432.0
877 37353.0
878 36664.0
879 36643.0
880 36643.0
881 36643.0
882 36612.0
883 35892.0
884 35892.0
885 35892.0
886 35892.0
887 35892.0
888 35892.0
889 35892.0
890 35892.0
891 35240.0
892 35240.0
893 35142.0
894 34891.0
895 34891.0
896 34777.0
897 34777.0
898 34777.0
899 34702.0
900 34702.0
901 34702.0
902 34702.0
903 34453.0
904 34453.0
905 34428.0
906 34428.0
907 34428.0
908 34428.0
909 34181.0
910 34181.0
911 34064.0
912 34032.0
913 34032.0
914 34032.0
915 34032.0
916 33842.0
917 33842.0
918 33842.0
919 33842.0
920 33842.0
921 33842.0
922 33842.0
923 33842.0
924 33842.0
925 33842.0
926 33842.0
937 32512.0
938 32512.0
939 31801.0
940 31801.0
941 31801.0
942 31801.0
943 31801.0
944 31328.0
945 31093.0
946 31093.0
947 31093.0
948 31093.0
949 30859.0
950 30859.0
951 30859.0
952 30859.0
953 30626.0
954 30626.0
955 30626.0
956 30626.0
957 28610.0
958 28610.0
959 28499.0
960 28499.0
961 28499.0
962 28499.0
963 28499.0
964 28499.0
965 28499.0
966 28499.0
967 28499.0
968 28499.0
969 28499.0
980 28525.0
981 27974.0
982 27974.0
983 27535.0
984 27531.0
985 27528.0
986 27300.0
987 27300.0
988 27086.0
989 26445.0
990 26440.0
991 26425.0
992 26414.0
993 26219.0
994 26219.0
995 26209.0
996 26209.0
997 26209.0
998 26209.0
999 26209.0
1000 26026.0
1001 25187.0
1002 25187.0
1003 25187.0
1004 25187.0
1005 25187.0
1006 25187.0
1007 25187.0
1008 25187.0
1009 25187.0
1010 25187.0
1011 25187.0
1022 27853.0
1023 27853.0
1024 27853.0
1025 27853.0
1026 27853.0
1027 27853.0
1028 27408.0
1029 27405.0
1030 26971.0
1031 26951.0
1032 26951.0
1033 26937.0
1034 26937.0
1035 26937.0
1036 26937.0
1037 26937.0
1038 26733.0
1039 26733.0
1040 26536.0
1041 26535.0
1042 26508.0
1043 26508.0
1044 26508.0
1045 26317.0
1046 26317.0
1047 26298.0
1048 26298.0
1049 26280.0
1050 26280.0
1051 26280.0
1052 26280.0
1053 26280.0
1054 26280.0
1055 26280.0
1056 26131.0
1057 26131.0
1058 26131.0
1059 26131.0
1060 26131.0
1061 26021.0
1062 26021.0
1063 26021.0
1064 26021.0
1065 26021.0
1066 26021.0
1067 26021.0
1068 26021.0
1069 23051.0
1070 22971.0
1071 22971.0
1072 22915.0
1073 22915.0
1074 22749.0
1075 22606.0
1076 22606.0
1077 22606.0
1078 22606.0
1079 22606.0
1080 22606.0
1081 22606.0
1082 22606.0
1083 22606.0
1084 22606.0
1085 21688.0
1086 21684.0
1087 21499.0
1088 21499.0
1089 21499.0
1090 21492.0
1091 21492.0
1092 19525.0
1093 19347.0
1094 19346.0
1095 19346.0
1096 19346.0
1097 19346.0
1098 19346.0
1099 19187.0
1100 19187.0
1101 19187.0
1102 19076.0
1103 19076.0
1104 18935.0
1105 18829.0
1106 18737.0
1107 18650.0
1108 18650.0
1109 18584.0
1110 18584.0
1111 18551.0
1112 18445.0
1113 18445.0
1114 18434.0
1115 18292.0
1116 18292.0
1117 18292.0
1118 18292.0
1119 18236.0
1120 18235.0
1121 18224.0
1122 18202.0
1123 18202.0
1124 18045.0
1125 18039.0
1126 18031.0
1127 17395.0
1128 17227.0
1129 17227.0
1130 17227.0
1131 17227.0
1132 17223.0
1133 17223.0
1134 17223.0
1135 17223.0
1136 17210.0
1137 16434.0
1138 16427.0
1139 16425.0
1140 16425.0
1141 16425.0
1142 16273.0
1143 16259.0
1144 16259.0
1145 16113.0
1146 16113.0
1147 16113.0
1148 16093.0
1149 16093.0
1150 16093.0
1151 16093.0
1152 16093.0
1153 16093.0
1154 16093.0
1155 16093.0
1156 16093.0
1157 16093.0
1158 16093.0
1169 15970.0
1170 15970.0
1171 15970.0
1172 15970.0
1173 15962.0
1174 15962.0
1175 15089.0
1176 15068.0
1177 15050.0
1178 15050.0
1179 15044.0
1180 15044.0
1181 14752.0
1182 14740.0
1183 14740.0
1184 14698.0
1185 14698.0
1186 14560.0
1187 14560.0
1188 14560.0
1189 14138.0
1190 14131.0
1191 14131.0
1192 14131.0
1193 14131.0
1194 14096.0
1195 14079.0
1196 14079.0
1197 14075.0
1198 14075.0
1199 13953.0
1200 13834.0
1201 13834.0
1202 13827.0
1203 13825.0
1204 13817.0
1205 13693.0
1206 13588.0
1207 13486.0
1208 13486.0
1209 13393.0
1210 13393.0
1211 13393.0
1212 13356.0
1213 13356.0
1214 13356.0
1215 13356.0
1216 13356.0
1217 13356.0
1218 13356.0
1219 12733.0
1220 12713.0
1221 12706.0
1222 12696.0
1223 12696.0
1224 12696.0
1225 12696.0
1226 12696.0
1227 12696.0
1228 12696.0
1229 12689.0
1230 12689.0
1231 12689.0
1232 12578.0
1233 12564.0
1234 12561.0
1235 12561.0
1236 12561.0
1237 12561.0
1238 12561.0
1239 11699.0
1240 11699.0
1241 11699.0
1242 11699.0
1243 11699.0
1244 11641.0
1245 11641.0
1246 11641.0
1247 11641.0
1248 11641.0
1249 11641.0
1250 11431.0
1251 11431.0
1252 11431.0
1253 11318.0
1254 11318.0
1255 11318.0
1256 11318.0
1257 11318.0
1258 11283.0
1259 11283.0
1260 11283.0
1261 11283.0
1262 11283.0
1263 11283.0
1264 11283.0
1265 11250.0
1266 11250.0
1267 11013.0
1268 11013.0
1269 11002.0
1270 10985.0
1271 10967.0
1272 10951.0
1273 10951.0
1274 10917.0
1275 10917.0
1276 10897.0
1277 10897.0
1278 10897.0
1279 10806.0
1280 10806.0
1281 10806.0
1282 10731.0
1283 10616.0
1284 10584.0
1285 10584.0
1286 10584.0
1287 10584.0
1288 10583.0
1289 10583.0
1290 10583.0
1291 10583.0
1292 10583.0
1293 10580.0
1294 10580.0
1295 10580.0
1296 10571.0
1297 10571.0
1298 10469.0
1299 10469.0
1300 10469.0
1301 10469.0
1302 10469.0
1303 10469.0
1304 10469.0
1305 10376.0
1306 10376.0
1307 10375.0
1308 10375.0
1309 10375.0
1310 10372.0
1311 10347.0
1312 10347.0
1313 10347.0
1314 10295.0
1315 10295.0
1316 10295.0
1317 10295.0
1318 10283.0
1319 10283.0
1320 10283.0
1321 10283.0
1322 10276.0
1323 10276.0
1324 10276.0
1325 10276.0
1326 10209.0
1327 10143.0
1328 10143.0
1329 10143.0
1330 10143.0
1331 10143.0
1332 10143.0
1333 10143.0
1334 10143.0
1335 10143.0
1336 10088.0
1337 10088.0
1338 10088.0
1339 10076.0
1340 9979.0
1341 9979.0
1342 9846.0
1343 9846.0
1344 9846.0
1345 9846.0
1346 9837.0
1347 9837.0
1348 9691.0
1349 9691.0
1350 9683.0
1351 9683.0
1352 9683.0
1353 9672.0
1354 9672.0
1355 9672.0
1356 9672.0
1357 9672.0
1358 9672.0
1359 9672.0
1360 9672.0
1361 9671.0
1362 9671.0
1363 9671.0
1364 9671.0
1365 9591.0
1366 9590.0
1367 9590.0
1368 9585.0
1369 9537.0
1370 9531.0
1371 9531.0
1372 9527.0
1373 9527.0
1374 9527.0
1375 9527.0
1376 9527.0
1377 9527.0
1378 9527.0
1379 9345.0
1380 9345.0
1381 9322.0
1382 9317.0
1383 9245.0
1384 9234.0
1385 9234.0
1386 9234.0
1387 9234.0
1388 9234.0
1389 9234.0
1390 9234.0
1391 9234.0
1392 9234.0
1393 9234.0
1394 9234.0
1405 9274.0
1406 9274.0
1407 9274.0
1408 9274.0
1409 9274.0
1410 9274.0
1411 9274.0
1412 9274.0
1413 9274.0
1414 9274.0
1425 8845.0
1426 8832.0
1427 8832.0
1428 8832.0
1429 8832.0
1430 8832.0
1431 8663.0
1432 8663.0
1433 8618.0
1434 8618.0
1435 8618.0
1436 8618.0
1437 8537.0
1438 8537.0
1439 8537.0
1440 8519.0
1441 8510.0
1442 8510.0
1443 8510.0
1444 8429.0
1445 8389.0
1446 8389.0
1447 8389.0
1448 8389.0
1449 8389.0
1450 8380.0
1451 8380.0
1452 8317.0
1453 8317.0
1454 8246.0
1455 8246.0
1456 8246.0
1457 8246.0
1458 8246.0
1459 8246.0
1460 8246.0
1461 8246.0
1462 8246.0
1463 8246.0
1464 8246.0
1475 8307.0
1476 8307.0
1477 8307.0
1478 8307.0
1479 8307.0
1480 8274.0
1481 8274.0
1482 8274.0
1483 8274.0
1484 8274.0
1485 8274.0
1486 8274.0
1487 8274.0
1488 8274.0
1489 8274.0
1490 8274.0
1501 8816.0
1502 8816.0
1503 8757.0
1504 8757.0
1505 8757.0
1506 8757.0
1507 8757.0
1508 8757.0
1509 8757.0
1510 8725.0
1511 8725.0
1512 8725.0
1513 8725.0
1514 8725.0
1515 8725.0
1516 8725.0
1517 8725.0
1518 8725.0
1519 6451.0
1520 6383.0
1521 6381.0
1522 6379.0
1523 6359.0
1524 6359.0
1525 6359.0
1526 6357.0
1527 6354.0
1528 6354.0
1529 6354.0
1530 6350.0
1531 6298.0
1532 6210.0
1533 6210.0
1534 6210.0
1535 6210.0
1536 6210.0
1537 6210.0
1538 6194.0
1539 6183.0
1540 6175.0
1541 5983.0
1542 5973.0
1543 5972.0
1544 5953.0
1545 5953.0
1546 5946.0
1547 5930.0
1548 5844.0
1549 5832.0
1550 5713.0
1551 5713.0
1552 5713.0
1553 5713.0
1554 5713.0
1555 5700.0
1556 5700.0
1557 5700.0
1558 5699.0
1559 5699.0
1560 5699.0
1561 5699.0
1562 5699.0
1563 5699.0
1564 5699.0
1565 5699.0
1566 5699.0
1567 5697.0
1568 5687.0
1569 5687.0
1570 5687.0
1571 5561.0
1572 5556.0
1573 5549.0
1574 5549.0
1575 5549.0
1576 5549.0
1577 5549.0
1578 5545.0
1579 5545.0
1580 5494.0
1581 5494.0
1582 5494.0
1583 5494.0
1584 5494.0
1585 5494.0
1586 5494.0
1587 5494.0
1588 5494.0
1589 5274.0
1590 5274.0
1591 5247.0
1592 5247.0
1593 5247.0
1594 5227.0
1595 5227.0
1596 5227.0
1597 5141.0
1598 5141.0
1599 5141.0
1600 5134.0
1601 5122.0
1602 5122.0
1603 5080.0
1604 5080.0
1605 5080.0
1606 5070.0
1607 5070.0
1608 5070.0
1609 5070.0
1610 5070.0
1611 5070.0
1612 5070.0
1613 5070.0
1614 5070.0
1615 5070.0
1616 5070.0
1627 4958.0
1628 4958.0
1629 4958.0
1630 4913.0
1631 4903.0
1632 4903.0
1633 4903.0
1634 4903.0
1635 4900.0
1636 4900.0
1637 4900.0
1638 4900.0
1639 4900.0
1640 4900.0
1641 4900.0
1642 4900.0
1643 4900.0
1644 4900.0
1645 4900.0
1656 4826.0
1657 4826.0
1658 4826.0
1659 4826.0
1660 4826.0
1661 4826.0
1662 4826.0
1663 4587.0
1664 4585.0
1665 4585.0
1666 4585.0
1667 4569.0
1668 4565.0
1669 4565.0
1670 4565.0
1671 4526.0
1672 4523.0
1673 4516.0
1674 4516.0
1675 4516.0
1676 4516.0
1677 4516.0
1678 4513.0
1679 4509.0
1680 4509.0
1681 4509.0
1682 4509.0
1683 4509.0
1684 4508.0
1685 4492.0
1686 4447.0
1687 4447.0
1688 4447.0
1689 4404.0
1690 4382.0
1691 4382.0
1692 4336.0
1693 4336.0
1694 4336.0
1695 4336.0
1696 4336.0
1697 4336.0
1698 4305.0
1699 4229.0
1700 4229.0
1701 4229.0
1702 4229.0
1703 4229.0
1704 4164.0
1705 4164.0
1706 4161.0
1707 4161.0
1708 4161.0
1709 4161.0
1710 4161.0
1711 4161.0
1712 4152.0
1713 4152.0
1714 4148.0
1715 4148.0
1716 4148.0
1717 4148.0
1718 4148.0
1719 4148.0
1720 4094.0
1721 4094.0
1722 4088.0
1723 4088.0
1724 4088.0
1725 4088.0
1726 4076.0
1727 4076.0
1728 4075.0
1729 3721.0
1730 3704.0
1731 3703.0
1732 3662.0
1733 3662.0
1734 3662.0
1735 3662.0
1736 3661.0
1737 3661.0
1738 3661.0
1739 3646.0
1740 3644.0
1741 3644.0
1742 3644.0
1743 3644.0
1744 3541.0
1745 3515.0
1746 3492.0
1747 3492.0
1748 3488.0
1749 3461.0
1750 3461.0
1751 3461.0
1752 3461.0
1753 3461.0
1754 3419.0
1755 3419.0
1756 3419.0
1757 3419.0
1758 3408.0
1759 3408.0
1760 3408.0
1761 3394.0
1762 3384.0
1763 3384.0
1764 3384.0
1765 3378.0
1766 3378.0
1767 3378.0
1768 3378.0
1769 3357.0
1770 3353.0
1771 3353.0
1772 3353.0
1773 3353.0
1774 3353.0
1775 3353.0
1776 3353.0
1777 3353.0
1778 3345.0
1779 3345.0
1780 3345.0
1781 3345.0
1782 3345.0
1783 3345.0
1784 3345.0
1785 3329.0
1786 3329.0
1787 3329.0
1788 3329.0
1789 3329.0
1790 3329.0
1791 3313.0
1792 3313.0
1793 3308.0
1794 3308.0
1795 3308.0
1796 3295.0
1797 3290.0
1798 3271.0
1799 3271.0
1800 3271.0
1801 3271.0
1802 3233.0
1803 3233.0
1804 3233.0
1805 3233.0
1806 3233.0
1807 3233.0
1808 3233.0
1809 3233.0
1810 3233.0
1811 3221.0
1812 3221.0
1813 3221.0
1814 3221.0
1815 3221.0
1816 3221.0
1817 3221.0
1818 3221.0
1819 3221.0
1820 3221.0
1821 3221.0
1832 3215.0
1833 3171.0
1834 3171.0
1835 3095.0
1836 3095.0
1837 3095.0
1838 3095.0
1839 3095.0
1840 3056.0
1841 3042.0
1842 3042.0
1843 3042.0
1844 3042.0
1845 3042.0
1846 3042.0
1847 3042.0
1848 3042.0
1849 3042.0
1850 3038.0
1851 3038.0
1852 3038.0
1853 3038.0
1854 3038.0
1855 3038.0
1856 3038.0
1857 3038.0
1858 3038.0
1859 3038.0
1860 3038.0
1871 3021.0
1872 3021.0
1873 3021.0
1874 3021.0
1875 3021.0
1876 3013.0
1877 3013.0
1878 3013.0
1879 3013.0
1880 3000.0
1881 3000.0
1882 3000.0
1883 3000.0
1884 3000.0
1885 2990.0
1886 2990.0
1887 2990.0
1888 2990.0
1889 2972.0
1890 2972.0
1891 2972.0
1892 2967.0
1893 2967.0
1894 2967.0
1895 2967.0
1896 2967.0
1897 2967.0
1898 2967.0
1899 2967.0
1900 2967.0
1901 2967.0
1902 2967.0
1913 2948.0
1914 2948.0
1915 2948.0
1916 2948.0
1917 2948.0
1918 2948.0
1919 2948.0
1920 2948.0
1921 2931.0
1922 2931.0
1923 2928.0
1924 2914.0
1925 2904.0
1926 2904.0
1927 2904.0
1928 2903.0
1929 2901.0
1930 2898.0
1931 2897.0
1932 2873.0
1933 2873.0
1934 2873.0
1935 2873.0
1936 2873.0
1937 2873.0
1938 2873.0
1939 2873.0
1940 2873.0
1941 2850.0
1942 2850.0
1943 2850.0
1944 2842.0
1945 2842.0
1946 2842.0
1947 2842.0
1948 2842.0
1949 2842.0
1950 2842.0
1951 2842.0
1952 2842.0
1953 2842.0
1954 2842.0
1965 2817.0
1966 2817.0
1967 2817.0
1968 2812.0
1969 2812.0
1970 2812.0
1971 2812.0
1972 2810.0
1973 2810.0
1974 2810.0
1975 2800.0
1976 2800.0
1977 2800.0
1978 2800.0
1979 2799.0
1980 2799.0
1981 2799.0
1982 2799.0
1983 2799.0
1984 2799.0
1985 2799.0
1986 2799.0
1987 2799.0
1988 2799.0
1989 2799.0
2000 2784.0
2001 2784.0
2002 2784.0
2003 2784.0
2004 2784.0
2005 2784.0
2006 2784.0
2007 2784.0
2008 2784.0
2009 2784.0
2020 2741.0
2021 2741.0
2022 2741.0
2023 2741.0
2024 2741.0
2025 2741.0
2026 2741.0
2027 2741.0
2028 2731.0
2029 2731.0
2030 2731.0
2031 2731.0
2032 2731.0
2033 2719.0
2034 2719.0
2035 2719.0
2036 2719.0
2037 2719.0
2038 2719.0
2039 2719.0
2040 2719.0
2041 2719.0
2042 2719.0
2043 2719.0
2054 2634.0
2055 2634.0
2056 2634.0
2057 2634.0
2058 2634.0
2059 2634.0
2060 2634.0
2061 2634.0
2062 2634.0
2063 2634.0
2074 2766.0
2075 2762.0
2076 2759.0
2077 2759.0
2078 2759.0
2079 2747.0
2080 2747.0
2081 2745.0
2082 2744.0
2083 2744.0
2084 2732.0
2085 2698.0
2086 2698.0
2087 2698.0
2088 2698.0
2089 2698.0
2090 2698.0
2091 2698.0
2092 2698.0
2093 2698.0
2094 2698.0
2095 2698.0
2106 3060.0
2107 3060.0
2108 3060.0
2109 3060.0
2110 3060.0
2111 3060.0
2112 3060.0
2113 3060.0
2114 3060.0
2115 3060.0
2126 3163.0
2127 3163.0
2128 3163.0
2129 3163.0
2130 3131.0
2131 3131.0
2132 3131.0
2133 3124.0
2134 3123.0
2135 3117.0
2136 3109.0
2137 2175.0
2138 2156.0
2139 2145.0
2140 2145.0
2141 2144.0
2142 2144.0
2143 2144.0
2144 2143.0
2145 2130.0
2146 2124.0
2147 2123.0
2148 2121.0
2149 2121.0
2150 2116.0
2151 2103.0
2152 2103.0
2153 2100.0
2154 2100.0
2155 2097.0
2156 2097.0
2157 2097.0
2158 2090.0
2159 2090.0
2160 2090.0
2161 2086.0
2162 2078.0
2163 2071.0
2164 2069.0
2165 2065.0
2166 2065.0
2167 2056.0
2168 2055.0
2169 2055.0
2170 2039.0
2171 2039.0
2172 2039.0
2173 2036.0
2174 2036.0
2175 2035.0
2176 2034.0
2177 2034.0
2178 2034.0
2179 2034.0
2180 2034.0
2181 2034.0
2182 2034.0
2183 2034.0
2184 2034.0
2185 2034.0
2186 2025.0
2187 2025.0
2188 2022.0
2189 2022.0
2190 2016.0
2191 2013.0
2192 2006.0
2193 1985.0
2194 1985.0
2195 1985.0
2196 1985.0
2197 1982.0
2198 1952.0
2199 1952.0
2200 1952.0
2201 1952.0
2202 1952.0
2203 1950.0
2204 1950.0
2205 1950.0
2206 1950.0
2207 1943.0
2208 1943.0
2209 1943.0
2210 1943.0
2211 1943.0
2212 1943.0
2213 1943.0
2214 1942.0
2215 1942.0
2216 1942.0
2217 1942.0
2218 1942.0
2219 1942.0
2220 1925.0
2221 1918.0
2222 1918.0
2223 1918.0
2224 1918.0
2225 1918.0
2226 1918.0
2227 1918.0
2228 1918.0
2229 1918.0
2230 1918.0
2231 1918.0
2242 1920.0
2243 1920.0
2244 1920.0
2245 1920.0
2246 1920.0
2247 1904.0
2248 1904.0
2249 1904.0
2250 1904.0
2251 1904.0
2252 1904.0
2253 1904.0
2254 1904.0
2255 1904.0
2256 1904.0
2257 1904.0
2268 1905.0
2269 1905.0
2270 1905.0
2271 1905.0
2272 1905.0
2273 1905.0
2274 1905.0
2275 1905.0
2276 1905.0
2277 1905.0
2288 1898.0
2289 1896.0
2290 1896.0
2291 1896.0
2292 1896.0
2293 1896.0
2294 1896.0
2295 1896.0
2296 1884.0
2297 1884.0
2298 1884.0
2299 1884.0
2300 1884.0
2301 1884.0
2302 1884.0
2303 1884.0
2304 1884.0
2305 1884.0
2306 1884.0
2317 1884.0
2318 1884.0
2319 1884.0
2320 1884.0
2321 1884.0
2322 1884.0
2323 1884.0
2324 1884.0
2325 1877.0
2326 1877.0
2327 1875.0
2328 1875.0
2329 1875.0
2330 1863.0
2331 1863.0
2332 1863.0
2333 1863.0
2334 1863.0
2335 1863.0
2336 1863.0
2337 1859.0
2338 1859.0
2339 1859.0
2340 1859.0
2341 1856.0
2342 1856.0
2343 1844.0
2344 1844.0
2345 1844.0
2346 1844.0
2347 1844.0
2348 1844.0
2349 1844.0
2350 1844.0
2351 1844.0
2352 1844.0
2353 1841.0
2354 1807.0
2355 1807.0
2356 1798.0
2357 1798.0
2358 1798.0
2359 1798.0
2360 1791.0
2361 1791.0
2362 1791.0
2363 1791.0
2364 1791.0
2365 1791.0
2366 1791.0
2367 1791.0
2368 1791.0
2369 1791.0
2370 1791.0
2381 1795.0
2382 1792.0
2383 1792.0
2384 1792.0
2385 1792.0
2386 1792.0
2387 1792.0
2388 1792.0
2389 1790.0
2390 1790.0
2391 1790.0
2392 1790.0
2393 1790.0
2394 1790.0
2395 1790.0
2396 1790.0
2397 1790.0
2398 1790.0
2399 1790.0
2410 1779.0
2411 1779.0
2412 1779.0
2413 1779.0
2414 1779.0
2415 1779.0
2416 1779.0
2417 1779.0
2418 1779.0
2419 1779.0
2420 1779.0
2431 1769.0
2432 1769.0
2433 1769.0
2434 1769.0
2435 1769.0
2436 1769.0
2437 1769.0
2438 1769.0
2439 1765.0
2440 1765.0
2441 1765.0
2442 1765.0
2443 1765.0
2444 1762.0
2445 1762.0
2446 1762.0
2447 1762.0
2448 1762.0
2449 1762.0
2450 1762.0
2451 1762.0
2452 1762.0
2453 1762.0
2454 1762.0
2465 1800.0
2466 1800.0
2467 1800.0
2468 1800.0
2469 1784.0
2470 1784.0
2471 1784.0
2472 1784.0
2473 1784.0
2474 1784.0
2475 1784.0
2476 1783.0
2477 1783.0
2478 1783.0
2479 1783.0
2480 1783.0
2481 1783.0
2482 1783.0
2483 1783.0
2484 1783.0
2485 1783.0
2486 1783.0
2497 1774.0
2498 1774.0
2499 1774.0
2500 1774.0
2501 1774.0
2502 1760.0
2503 1754.0
2504 1754.0
2505 1754.0
2506 1754.0
2507 1754.0
2508 1754.0
2509 1754.0
2510 1754.0
2511 1754.0
2512 1754.0
2513 1754.0
2524 1756.0
2525 1756.0
2526 1756.0
2527 1756.0
2528 1756.0
2529 1756.0
2530 1756.0
2531 1756.0
2532 1756.0
2533 1756.0
2544 1764.0
2545 1764.0
2546 1744.0
2547 1744.0
2548 1744.0
2549 1744.0
2550 1744.0
2551 1744.0
2552 1744.0
2553 1744.0
2554 1744.0
2555 1741.0
2556 1737.0
2557 1737.0
2558 1737.0
2559 1737.0
2560 1737.0
2561 1737.0
2562 1737.0
2563 1737.0
2564 1737.0
2565 1736.0
2566 1736.0
2567 1736.0
2568 1736.0
2569 1736.0
2570 1736.0
2571 1736.0
2572 1736.0
2573 1736.0
2574 1736.0
2575 1734.0
2576 1729.0
2577 1729.0
2578 1729.0
2579 1729.0
2580 1729.0
2581 1729.0
2582 1729.0
2583 1729.0
2584 1729.0
2585 1729.0
2586 1729.0
2597 1723.0
2598 1723.0
2599 1721.0
2600 1720.0
2601 1720.0
2602 1720.0
2603 1719.0
2604 1719.0
2605 1719.0
2606 1719.0
2607 1701.0
2608 1701.0
2609 1682.0
2610 1682.0
2611 1682.0
2612 1682.0
2613 1682.0
2614 1682.0
2615 1682.0
2616 1682.0
2617 1682.0
2618 1682.0
2619 1682.0
2630 1676.0
2631 1676.0
2632 1676.0
2633 1676.0
2634 1676.0
2635 1676.0
2636 1676.0
2637 1676.0
2638 1676.0
2639 1676.0
2650 1708.0
2651 1708.0
2652 1708.0
2653 1708.0
2654 1708.0
2655 1708.0
2656 1708.0
2657 1708.0
2658 1708.0
2659 1708.0
2670 1681.0
2671 1681.0
2672 1681.0
2673 1681.0
2674 1681.0
2675 1681.0
2676 1681.0
2677 1681.0
2678 1681.0
2679 1681.0
2680 1681.0
2691 1685.0
2692 1685.0
2693 1685.0
2694 1685.0
2695 1685.0
2696 1685.0
2697 1685.0
2698 1685.0
2699 1685.0
2700 1685.0
2711 1685.0
2712 1682.0
2713 1678.0
2714 1678.0
2715 1678.0
2716 1675.0
2717 1675.0
2718 1675.0
2719 1675.0
2720 1675.0
2721 1675.0
2722 1675.0
2723 1675.0
2724 1675.0
2725 1675.0
2726 1671.0
2727 1671.0
2728 1671.0
2729 1671.0
2730 1671.0
2731 1671.0
2732 1667.0
2733 1667.0
2734 1667.0
2735 1667.0
2736 1667.0
2737 1667.0
2738 1667.0
2739 1667.0
2740 1667.0
2741 1667.0
2742 1667.0
2753 1676.0
2754 1674.0
2755 1674.0
2756 1674.0
2757 1674.0
2758 1674.0
2759 1674.0
2760 1674.0
2761 1674.0
2762 1674.0
2763 1674.0
2764 1674.0
2775 1668.0
2776 1668.0
2777 1668.0
2778 1668.0
2779 1668.0
2780 1668.0
2781 1668.0
2782 1648.0
2783 1648.0
2784 1648.0
2785 1648.0
2786 1648.0
2787 1648.0
2788 1648.0
2789 1648.0
2790 1648.0
2791 1648.0
2792 1648.0
2803 1646.0
2804 1646.0
2805 1646.0
2806 1646.0
2807 1646.0
2808 1646.0
2809 1646.0
2810 1646.0
2811 1646.0
2812 1625.0
2813 1625.0
2814 1625.0
2815 1625.0
2816 1625.0
2817 1625.0
2818 1625.0
2819 1625.0
2820 1625.0
2821 1625.0
2822 1625.0
2833 1612.0
2834 1612.0
2835 1612.0
2836 1612.0
2837 1612.0
2838 1612.0
2839 1612.0
2840 1612.0
2841 1612.0
2842 1612.0
2853 1582.0
2854 1582.0
2855 1582.0
2856 1582.0
2857 1582.0
2858 1582.0
2859 1582.0
2860 1582.0
2861 1582.0
2862 1582.0
2873 1598.0
2874 1598.0
2875 1598.0
2876 1598.0
2877 1598.0
2878 1598.0
2879 1598.0
2880 1598.0
2881 1598.0
2882 1598.0
2893 1621.0
2894 1621.0
2895 1621.0
2896 1618.0
2897 1618.0
2898 1618.0
2899 1618.0
2900 1609.0
2901 1609.0
2902 1609.0
2903 1609.0
2904 1609.0
2905 1609.0
2906 1609.0
2907 1609.0
2908 1609.0
2909 1609.0
2910 1608.0
2911 1606.0
2912 1604.0
2913 1604.0
2914 1604.0
2915 1595.0
2916 1588.0
2917 1588.0
2918 1588.0
2919 1588.0
2920 1588.0
2921 1588.0
2922 1588.0
2923 1588.0
2924 1579.0
2925 1574.0
2926 1574.0
2927 1574.0
2928 1574.0
2929 1574.0
2930 1574.0
2931 1574.0
2932 1574.0
2933 1574.0
2934 1574.0
2935 1574.0
2946 1574.0
2947 1557.0
2948 1557.0
2949 1549.0
2950 1549.0
2951 1549.0
2952 1545.0
2953 1545.0
2954 1545.0
2955 1545.0
2956 1545.0
2957 1545.0
2958 1545.0
2959 1545.0
2960 1545.0
2961 1545.0
2962 1545.0
2973 1540.0
2974 1540.0
2975 1540.0
2976 1540.0
2977 1540.0
2978 1540.0
2979 1540.0
2980 1540.0
2981 1540.0
2982 1540.0
2993 1538.0
2994 1538.0
2995 1538.0
2996 1538.0
2997 1538.0
2998 1534.0
2999 1534.0
3000 1534.0
3001 1534.0
3002 1534.0
3003 1534.0
3004 1534.0
3005 1534.0
3006 1530.0
3007 1530.0
3008 1530.0
3009 1530.0
3010 1530.0
3011 1530.0
3012 1530.0
3013 1530.0
3014 1530.0
3015 1530.0
3016 1530.0
3027 1529.0
3028 1529.0
3029 1529.0
3030 1529.0
3031 1529.0
3032 1529.0
3033 1529.0
3034 1529.0
3035 1529.0
3036 1525.0
3037 1525.0
3038 1525.0
3039 1525.0
3040 1525.0
3041 1525.0
3042 1525.0
3043 1525.0
3044 1523.0
3045 1523.0
3046 1512.0
3047 1512.0
3048 1512.0
3049 1512.0
3050 1503.0
3051 1492.0
3052 1492.0
3053 1492.0
3054 1492.0
3055 1492.0
3056 1492.0
3057 1492.0
3058 1492.0
3059 1492.0
3060 1492.0
3061 1492.0
3072 1489.0
3073 1489.0
3074 1489.0
3075 1489.0
3076 1489.0
3077 1489.0
3078 1489.0
3079 1489.0
3080 1489.0
3081 1489.0
3092 1521.0
3093 1521.0
3094 1521.0
3095 1521.0
3096 1521.0
3097 1521.0
3098 1521.0
3099 1521.0
3100 1521.0
3101 1521.0
3112 1536.0
3113 1536.0
3114 1536.0
3115 1533.0
3116 1533.0
3117 1533.0
3118 1533.0
3119 1533.0
3120 1533.0
3121 1533.0
3122 1533.0
3123 1533.0
3124 1533.0
3125 1533.0
3136 1533.0
3137 1533.0
3138 1533.0
3139 1533.0
3140 1533.0
3141 1533.0
3142 1533.0
3143 1533.0
3144 1533.0
3145 1533.0
3156 1520.0
3157 1520.0
3158 1520.0
3159 1520.0
3160 1520.0
3161 1520.0
3162 1520.0
3163 1520.0
3164 1520.0
3165 1520.0
3166 1520.0
3177 1522.0
3178 1522.0
3179 1522.0
3180 1522.0
3181 1522.0
3182 1522.0
3183 1522.0
3184 1522.0
3185 1522.0
3186 1522.0
3197 1519.0
3198 1519.0
3199 1519.0
3200 1519.0
3201 1519.0
3202 1519.0
3203 1519.0
3204 1519.0
3205 1519.0
3206 1519.0
3217 1540.0
3218 1540.0
3219 1540.0
3220 1540.0
3221 1540.0
3222 1540.0
3223 1540.0
3224 1540.0
3225 1540.0
3226 1538.0
3227 1538.0
3228 1538.0
3229 1538.0
3230 1538.0
3231 1538.0
3232 1538.0
3233 1538.0
3234 1538.0
3235 1538.0
3236 1538.0
3247 1534.0
3248 1534.0
3249 1534.0
3250 1534.0
3251 1517.0
3252 1517.0
3253 1517.0
3254 1517.0
3255 1517.0
3256 1517.0
3257 1517.0
3258 1517.0
3259 1517.0
3260 1517.0
3261 1517.0
3272 1514.0
3273 1514.0
3274 1514.0
3275 1514.0
3276 1514.0
3277 1514.0
3278 1514.0
3279 1514.0
3280 1514.0
3281 1514.0
3292 1533.0
3293 1533.0
3294 1533.0
3295 1533.0
3296 1532.0
3297 1532.0
3298 1532.0
3299 1532.0
3300 1532.0
3301 1532.0
3302 1532.0
3303 1526.0
3304 1526.0
3305 1526.0
3306 1526.0
3307 1526.0
3308 1526.0
3309 1524.0
3310 1524.0
3311 1524.0
3312 1524.0
3313 1524.0
3314 1524.0
3315 1524.0
3316 1524.0
3317 1524.0
3318 1524.0
3319 1524.0
3330 1528.0
3331 1528.0
3332 1528.0
3333 1528.0
3334 1528.0
3335 1528.0
3336 1528.0
3337 1528.0
3338 1528.0
3339 1528.0
3350 1526.0
3351 1526.0
3352 1526.0
3353 1526.0
3354 1526.0
3355 1526.0
3356 1519.0
3357 1519.0
3358 1519.0
3359 1519.0
3360 1519.0
3361 1519.0
3362 1519.0
3363 1519.0
3364 1519.0
3365 1519.0
3366 1519.0
3377 1519.0
3378 1519.0
3379 1519.0
3380 1519.0
3381 1519.0
3382 1519.0
3383 1519.0
3384 1510.0
3385 1510.0
3386 1510.0
3387 1510.0
3388 1510.0
3389 1502.0
3390 1502.0
3391 1502.0
3392 1502.0
3393 1502.0
3394 1502.0
3395 1502.0
3396 1502.0
3397 1502.0
3398 1502.0
3399 1502.0
3410 1497.0
3411 1497.0
3412 1497.0
3413 1497.0
3414 1497.0
3415 1497.0
3416 1497.0
3417 1497.0
3418 1497.0
3419 1497.0
3430 1491.0
3431 1491.0
3432 1491.0
3433 1491.0
3434 1491.0
3435 1491.0
3436 1491.0
3437 1491.0
3438 1491.0
3439 1491.0
3450 1526.0
3451 1526.0
3452 1525.0
3453 1525.0
3454 1525.0
3455 1525.0
3456 1525.0
3457 1525.0
3458 1520.0
3459 1520.0
3460 1520.0
3461 1520.0
3462 1520.0
3463 1520.0
3464 1520.0
3465 1520.0
3466 1520.0
3467 1520.0
3468 1520.0
3479 1520.0
3480 1520.0
3481 1520.0
3482 1520.0
3483 1510.0
3484 1502.0
3485 1502.0
3486 1495.0
3487 1495.0
3488 1495.0
3489 1495.0
3490 1495.0
3491 1495.0
3492 1495.0
3493 1495.0
3494 1495.0
3495 1495.0
3496 1495.0
3507 1496.0
3508 1496.0
3509 1496.0
3510 1496.0
3511 1496.0
3512 1496.0
3513 1493.0
3514 1493.0
3515 1493.0
3516 1490.0
3517 1483.0
3518 1483.0
3519 1483.0
3520 1483.0
3521 1483.0
3522 1483.0
3523 1483.0
3524 1483.0
3525 1483.0
3526 1483.0
3527 1483.0
3538 1481.0
3539 1481.0
3540 1481.0
3541 1481.0
3542 1481.0
3543 1481.0
3544 1481.0
3545 1481.0
3546 1481.0
3547 1481.0
3558 1484.0
3559 1484.0
3560 1484.0
3561 1484.0
3562 1484.0
3563 1484.0
3564 1484.0
3565 1484.0
3566 1482.0
3567 1482.0
3568 1482.0
3569 1482.0
3570 1482.0
3571 1482.0
3572 1482.0
3573 1480.0
3574 1480.0
3575 1480.0
3576 1480.0
3577 1480.0
3578 1480.0
3579 1480.0
3580 1480.0
3581 1480.0
3582 1480.0
3583 1480.0
3594 1484.0
3595 1484.0
3596 1484.0
3597 1484.0
3598 1484.0
3599 1484.0
3600 1484.0
3601 1484.0
3602 1484.0
3603 1484.0
3614 1498.0
3615 1498.0
3616 1498.0
3617 1498.0
3618 1490.0
3619 1490.0
3620 1490.0
3621 1490.0
3622 1490.0
3623 1490.0
3624 1490.0
3625 1490.0
3626 1490.0
3627 1490.0
3628 1490.0
3639 1486.0
3640 1486.0
3641 1486.0
3642 1486.0
3643 1486.0
3644 1486.0
3645 1486.0
3646 1486.0
3647 1486.0
3648 1486.0
3659 1492.0
3660 1492.0
3661 1492.0
3662 1492.0
3663 1492.0
3664 1492.0
3665 1492.0
3666 1486.0
3667 1486.0
3668 1486.0
3669 1486.0
3670 1486.0
3671 1486.0
3672 1486.0
3673 1476.0
3674 1476.0
3675 1476.0
3676 1474.0
3677 1471.0
3678 1471.0
3679 1471.0
3680 1471.0
3681 1471.0
3682 1466.0
3683 1466.0
3684 1466.0
3685 1462.0
3686 1462.0
3687 1462.0
3688 1462.0
3689 1462.0
3690 1462.0
3691 1459.0
3692 1459.0
3693 1459.0
3694 1459.0
3695 1459.0
3696 1459.0
3697 1459.0
3698 1459.0
3699 1459.0
3700 1459.0
3701 1459.0
3712 1453.0
3713 1453.0
3714 1453.0
3715 1453.0
3716 1453.0
3717 1453.0
3718 1453.0
3719 1453.0
3720 1453.0
3721 1453.0
3732 1468.0
3733 1468.0
3734 1468.0
3735 1468.0
3736 1468.0
3737 1468.0
3738 1468.0
3739 1468.0
3740 1468.0
3741 1468.0
3752 1476.0
3753 1476.0
3754 1476.0
3755 1476.0
3756 1465.0
3757 1465.0
3758 1465.0
3759 1465.0
3760 1465.0
3761 1465.0
3762 1465.0
3763 1465.0
3764 1465.0
3765 1465.0
3766 1465.0
3777 1461.0
3778 1461.0
3779 1461.0
3780 1461.0
3781 1461.0
3782 1461.0
3783 1461.0
3784 1461.0
3785 1461.0
3786 1461.0
3797 1455.0
3798 1455.0
3799 1455.0
3800 1455.0
3801 1455.0
3802 1455.0
3803 1455.0
3804 1455.0
3805 1455.0
3806 1455.0
3807 1455.0
3818 1451.0
3819 1451.0
3820 1451.0
3821 1451.0
3822 1451.0
3823 1451.0
3824 1445.0
3825 1442.0
3826 1442.0
3827 1442.0
3828 1442.0
3829 1442.0
3830 1442.0
3831 1442.0
3832 1442.0
3833 1442.0
3834 1442.0
3835 1442.0
3846 1473.0
3847 1473.0
3848 1473.0
3849 1473.0
3850 1457.0
3851 1457.0
3852 1457.0
3853 1457.0
3854 1457.0
3855 1457.0
3856 1453.0
3857 1438.0
3858 1438.0
3859 1438.0
3860 1438.0
3861 1438.0
3862 1438.0
3863 1438.0
3864 1438.0
3865 1438.0
3866 1438.0
3867 1438.0
3878 1434.0
3879 1434.0
3880 1434.0
3881 1434.0
3882 1434.0
3883 1434.0
3884 1434.0
3885 1434.0
3886 1434.0
3887 1434.0
3898 1462.0
3899 1462.0
3900 1462.0
3901 1462.0
3902 1462.0
3903 1462.0
3904 1462.0
3905 1462.0
3906 1462.0
3907 1462.0
3918 1461.0
3919 1461.0
3920 1461.0
3921 1461.0
3922 1461.0
3923 1461.0
3924 1461.0
3925 1461.0
3926 1461.0
3927 1461.0
3938 1483.0
3939 1478.0
3940 1478.0
3941 1478.0
3942 1478.0
3943 1478.0
3944 1478.0
3945 1478.0
3946 1477.0
3947 1477.0
3948 1477.0
3949 1477.0
3950 1477.0
3951 1477.0
3952 1477.0
3953 1477.0
3954 1477.0
3955 1477.0
3956 1477.0
3967 1481.0
3968 1481.0
3969 1481.0
3970 1481.0
3971 1481.0
3972 1481.0
3973 1481.0
3974 1481.0
3975 1481.0
3976 1478.0
3977 1478.0
3978 1478.0
3979 1478.0
3980 1478.0
3981 1478.0
3982 1478.0
3983 1478.0
3984 1476.0
3985 1476.0
3986 1476.0
3987 1476.0
3988 1476.0
3989 1476.0
3990 1476.0
3991 1476.0
3992 1476.0
3993 1476.0
3994 1476.0
4005 1452.0
4006 1452.0
4007 1452.0
4008 1452.0
4009 1452.0
4010 1452.0
4011 1452.0
4012 1452.0
4013 1452.0
4014 1452.0
4025 1470.0
4026 1470.0
4027 1470.0
4028 1470.0
4029 1470.0
4030 1470.0
4031 1470.0
4032 1470.0
4033 1470.0
4034 1470.0
4045 1470.0
4046 1470.0
4047 1470.0
4048 1470.0
4049 1470.0
4050 1470.0
4051 1470.0
4052 1470.0
4053 1470.0
4054 1470.0
4065 1476.0
4066 1470.0
4067 1470.0
4068 1470.0
4069 1470.0
4070 1470.0
4071 1470.0
4072 1470.0
4073 1470.0
4074 1470.0
4075 1470.0
4076 1470.0
4087 1473.0
4088 1473.0
4089 1473.0
4090 1473.0
4091 1470.0
4092 1470.0
4093 1470.0
4094 1470.0
4095 1470.0
4096 1470.0
4097 1470.0
4098 1470.0
4099 1470.0
4100 1470.0
4101 1470.0
4112 1470.0
4113 1470.0
4114 1470.0
4115 1470.0
4116 1470.0
4117 1470.0
4118 1470.0
4119 1470.0
4120 1470.0
4121 1470.0
4132 1476.0
4133 1476.0
4134 1476.0
4135 1475.0
4136 1475.0
4137 1475.0
4138 1475.0
4139 1475.0
4140 1475.0
4141 1475.0
4142 1475.0
4143 1475.0
4144 1471.0
4145 1471.0
4146 1471.0
4147 1471.0
4148 1471.0
4149 1471.0
4150 1471.0
4151 1471.0
4152 1471.0
4153 1471.0
4154 1464.0
4155 1464.0
4156 1464.0
4157 1464.0
4158 1464.0
4159 1464.0
4160 1464.0
4161 1464.0
4162 1464.0
4163 1464.0
4164 1464.0
4175 1463.0
4176 1463.0
4177 1463.0
4178 1463.0
4179 1463.0
4180 1463.0
4181 1463.0
4182 1463.0
4183 1463.0
4184 1463.0
4195 1446.0
4196 1446.0
4197 1446.0
4198 1446.0
4199 1446.0
4200 1446.0
4201 1446.0
4202 1446.0
4203 1446.0
4204 1446.0
4215 1447.0
4216 1447.0
4217 1447.0
4218 1445.0
4219 1445.0
4220 1445.0
4221 1445.0
4222 1445.0
4223 1445.0
4224 1445.0
4225 1445.0
4226 1445.0
4227 1445.0
4228 1445.0
4239 1448.0
4240 1448.0
4241 1448.0
4242 1445.0
4243 1445.0
4244 1445.0
4245 1445.0
4246 1445.0
4247 1445.0
4248 1445.0
4249 1445.0
4250 1445.0
4251 1445.0
4252 1445.0
4263 1425.0
4264 1425.0
4265 1425.0
4266 1425.0
4267 1425.0
4268 1425.0
4269 1425.0
4270 1425.0
4271 1421.0
4272 1421.0
4273 1418.0
4274 1418.0
4275 1418.0
4276 1411.0
4277 1411.0
4278 1411.0
4279 1411.0
4280 1411.0
4281 1411.0
4282 1411.0
4283 1411.0
4284 1411.0
4285 1411.0
4286 1411.0
4297 1418.0
4298 1418.0
4299 1418.0
4300 1418.0
4301 1418.0
4302 1418.0
4303 1418.0
4304 1418.0
4305 1418.0
4306 1418.0
4317 1408.0
4318 1408.0
4319 1408.0
4320 1408.0
4321 1408.0
4322 1408.0
4323 1408.0
4324 1408.0
4325 1408.0
4326 1408.0
4337 1416.0
4338 1416.0
4339 1416.0
4340 1416.0
4341 1416.0
4342 1414.0
4343 1414.0
4344 1414.0
4345 1414.0
4346 1414.0
4347 1414.0
4348 1414.0
4349 1414.0
4350 1414.0
4351 1414.0
4352 1414.0
4363 1423.0
4364 1423.0
4365 1423.0
4366 1423.0
4367 1423.0
4368 1423.0
4369 1423.0
4370 1423.0
4371 1423.0
4372 1423.0
4383 1422.0
4384 1422.0
4385 1422.0
4386 1422.0
4387 1421.0
4388 1421.0
4389 1421.0
4390 1421.0
4391 1419.0
4392 1419.0
4393 1419.0
4394 1419.0
4395 1419.0
4396 1419.0
4397 1419.0
4398 1419.0
4399 1419.0
4400 1419.0
4401 1419.0
4412 1413.0
4413 1413.0
4414 1413.0
4415 1413.0
4416 1413.0
4417 1413.0
4418 1413.0
4419 1413.0
4420 1413.0
4421 1413.0
4432 1415.0
4433 1415.0
4434 1415.0
4435 1415.0
4436 1415.0
4437 1415.0
4438 1415.0
4439 1415.0
4440 1415.0
4441 1415.0
4452 1416.0
4453 1416.0
4454 1416.0
4455 1416.0
4456 1416.0
4457 1416.0
4458 1414.0
4459 1410.0
4460 1410.0
4461 1410.0
4462 1407.0
4463 1407.0
4464 1407.0
4465 1407.0
4466 1407.0
4467 1407.0
4468 1407.0
4469 1400.0
4470 1400.0
4471 1400.0
4472 1400.0
4473 1400.0
4474 1400.0
4475 1400.0
4476 1400.0
4477 1400.0
4478 1400.0
4479 1400.0
4490 1408.0
4491 1408.0
4492 1408.0
4493 1408.0
4494 1408.0
4495 1408.0
4496 1408.0
4497 1408.0
4498 1395.0
4499 1395.0
4500 1395.0
4501 1395.0
4502 1395.0
4503 1395.0
4504 1395.0
4505 1395.0
4506 1395.0
4507 1395.0
4508 1395.0
4519 1399.0
4520 1399.0
4521 1399.0
4522 1399.0
4523 1399.0
4524 1399.0
4525 1399.0
4526 1399.0
4527 1399.0
4528 1399.0
4539 1399.0
4540 1399.0
4541 1399.0
4542 1399.0
4543 1399.0
4544 1399.0
4545 1399.0
4546 1399.0
4547 1399.0
4548 1399.0
4559 1404.0
4560 1404.0
4561 1404.0
4562 1404.0
4563 1404.0
4564 1404.0
4565 1404.0
4566 1404.0
4567 1404.0
4568 1404.0
4579 1407.0
4580 1407.0
4581 1407.0
4582 1407.0
4583 1407.0
4584 1405.0
4585 1405.0
4586 1405.0
4587 1405.0
4588 1400.0
4589 1400.0
4590 1400.0
4591 1400.0
4592 1400.0
4593 1400.0
4594 1400.0
4595 1400.0
4596 1400.0
4597 1400.0
4598 1400.0
4609 1396.0
4610 1396.0
4611 1396.0
4612 1396.0
4613 1396.0
4614 1396.0
4615 1396.0
4616 1396.0
4617 1396.0
4618 1396.0
4629 1432.0
4630 1432.0
4631 1432.0
4632 1432.0
4633 1432.0
4634 1432.0
4635 1432.0
4636 1432.0
4637 1432.0
4638 1432.0
4649 1452.0
4650 1452.0
4651 1452.0
4652 1452.0
4653 1452.0
4654 1448.0
4655 1448.0
4656 1448.0
4657 1448.0
4658 1448.0
4659 1448.0
4660 1448.0
4661 1448.0
4662 1448.0
4663 1448.0
4664 1448.0
4675 1460.0
4676 1460.0
4677 1459.0
4678 1459.0
4679 1459.0
4680 1459.0
4681 1459.0
4682 1459.0
4683 1459.0
4684 1459.0
4685 1459.0
4686 1459.0
4687 1452.0
4688 1452.0
4689 1452.0
4690 1445.0
4691 1445.0
4692 1445.0
4693 1445.0
4694 1445.0
4695 1445.0
4696 1443.0
4697 1443.0
4698 1443.0
4699 1441.0
4700 1440.0
4701 1440.0
4702 1440.0
4703 1435.0
4704 1435.0
4705 1435.0
4706 1435.0
4707 1435.0
4708 1435.0
4709 1435.0
4710 1435.0
4711 1435.0
4712 1435.0
4713 1435.0
4724 1436.0
4725 1436.0
4726 1436.0
4727 1436.0
4728 1436.0
4729 1436.0
4730 1436.0
4731 1436.0
4732 1436.0
4733 1436.0
4744 1433.0
4745 1433.0
4746 1433.0
4747 1433.0
4748 1433.0
4749 1433.0
4750 1433.0
4751 1433.0
4752 1433.0
4753 1433.0
4764 1429.0
4765 1429.0
4766 1429.0
4767 1429.0
4768 1429.0
4769 1429.0
4770 1429.0
4771 1429.0
4772 1429.0
4773 1429.0
4784 1444.0
4785 1444.0
4786 1444.0
4787 1444.0
4788 1442.0
4789 1442.0
4790 1442.0
4791 1442.0
4792 1442.0
4793 1441.0
4794 1441.0
4795 1441.0
4796 1441.0
4797 1441.0
4798 1441.0
4799 1441.0
4800 1441.0
4801 1441.0
4802 1441.0
4803 1441.0
4814 1450.0
4815 1450.0
4816 1450.0
4817 1450.0
4818 1450.0
4819 1450.0
4820 1450.0
4821 1450.0
4822 1440.0
4823 1440.0
4824 1440.0
4825 1440.0
4826 1440.0
4827 1440.0
4828 1440.0
4829 1440.0
4830 1440.0
4831 1440.0
4832 1440.0
4843 1433.0
4844 1433.0
4845 1433.0
4846 1433.0
4847 1433.0
4848 1433.0
4849 1433.0
4850 1433.0
4851 1433.0
4852 1433.0
4863 1472.0
4864 1472.0
4865 1472.0
4866 1472.0
4867 1472.0
4868 1472.0
4869 1472.0
4870 1472.0
4871 1472.0
4872 1472.0
4883 1475.0
4884 1471.0
4885 1471.0
4886 1471.0
4887 1471.0
4888 1471.0
4889 1471.0
4890 1471.0
4891 1471.0
4892 1471.0
4893 1468.0
4894 1464.0
4895 1464.0
4896 1464.0
4897 1464.0
4898 1464.0
4899 1464.0
4900 1464.0
4901 1464.0
4902 1464.0
4903 1464.0
4904 1464.0
4915 1457.0
4916 1457.0
4917 1457.0
4918 1457.0
4919 1457.0
4920 1457.0
4921 1457.0
4922 1457.0
4923 1457.0
4924 1457.0
4935 1485.0
4936 1485.0
4937 1485.0
4938 1484.0
4939 1484.0
4940 1484.0
4941 1484.0
4942 1484.0
4943 1479.0
4944 1479.0
4945 1474.0
4946 1465.0
4947 1465.0
4948 1465.0
4949 1465.0
4950 1465.0
4951 1465.0
4952 1465.0
4953 1465.0
4954 1465.0
4955 1465.0
4956 1464.0
4957 1464.0
4958 1464.0
4959 1464.0
4960 1464.0
4961 1464.0
4962 1464.0
4963 1464.0
4964 1464.0
4965 1464.0
4966 1464.0
4977 1451.0
4978 1451.0
4979 1451.0
4980 1451.0
4981 1451.0
4982 1451.0
4983 1451.0
4984 1451.0
4985 1451.0
4986 1451.0
4997 1458.0
4998 1458.0
4999 1446.0
