0 229991.0
1 229990.0
2 229990.0
3 229313.0
4 228637.0
5 227288.0
6 227285.0
7 225270.0
8 224601.0
9 224601.0
10 223932.0
11 223932.0
12 223265.0
13 221933.0
14 221269.0
15 220606.0
16 219945.0
17 219283.0
18 218623.0
19 217965.0
20 216651.0
21 212086.0
22 211439.0
23 211439.0
24 210146.0
25 210146.0
26 210146.0
27 209503.0
28 208862.0
29 208222.0
30 206299.0
31 205664.0
32 198714.0
33 198093.0
34 198092.0
35 197473.0
36 196855.0
37 194358.0
38 193746.0
39 193139.0
40 189464.0
41 189460.0
42 188850.0
43 188850.0
44 188241.0
45 186434.0
46 185872.0
47 185314.0
48 184791.0
49 183857.0
50 183857.0
51 183857.0
52 183857.0
53 183857.0
54 183253.0
55 183253.0
56 182651.0
57 182651.0
58 182651.0
59 182651.0
60 182651.0
61 182651.0
62 182651.0
63 182651.0
64 182049.0
65 182049.0
66 181448.0
67 180849.0
68 180847.0
69 180267.0
70 180267.0
71 180267.0
72 180267.0
73 179072.0
74 179072.0
75 179072.0
76 179072.0
77 179072.0
78 179072.0
79 179072.0
80 179072.0
81 179072.0
82 179072.0
83 175526.0
84 175520.0
85 175520.0
86 174942.0
87 170286.0
88 169713.0
89 168554.0
90 167976.0
91 167976.0
92 167976.0
93 167976.0
94 167976.0
95 167976.0
96 167976.0
97 167976.0
98 167976.0
99 167976.0
100 166251.0
101 160002.0
102 159441.0
103 159441.0
104 158321.0
105 158259.0
106 157768.0
107 157768.0
108 157768.0
109 157768.0
110 157768.0
111 157768.0
112 157768.0
113 157768.0
114 157768.0
115 157768.0
116 157209.0
117 157209.0
118 157209.0
119 154439.0
120 154439.0
121 154439.0
122 153897.0
123 153897.0
124 153897.0
125 153897.0
126 153897.0
127 153897.0
128 153897.0
129 153345.0
130 153298.0
131 153298.0
132 153298.0
133 151651.0
134 150558.0
135 150553.0
136 147846.0
137 147846.0
138 147846.0
139 146813.0
140 146274.0
141 146274.0
142 146274.0
143 146274.0
144 146274.0
145 146274.0
146 146274.0
147 146274.0
148 144663.0
149 144663.0
150 144663.0
151 144663.0
152 144663.0
153 144663.0
154 144663.0
155 142529.0
156 142529.0
157 141998.0
158 141998.0
159 141468.0
160 138839.0
161 138316.0
162 137280.0
163 136759.0
164 136239.0
165 136239.0
166 136239.0
167 136239.0
168 136239.0
169 135720.0
170 135203.0
171 135203.0
172 135203.0
173 135203.0
174 135203.0
175 135203.0
176 135203.0
177 135203.0
178 135203.0
179 135203.0
180 135203.0
181 135203.0
182 133658.0
183 133658.0
184 133658.0
185 133144.0
186 132631.0
187 132631.0
188 131101.0
189 131101.0
190 129580.0
191 129580.0
192 129580.0
193 128576.0
194 127570.0
195 127570.0
196 127570.0
197 127566.0
198 127072.0
199 127072.0
200 127072.0
201 127072.0
202 127072.0
203 127072.0
204 127072.0
205 125572.0
206 124580.0
207 123654.0
208 123654.0
209 123654.0
210 120226.0
211 120066.0
212 119788.0
213 119788.0
214 119788.0
215 119788.0
216 119788.0
217 119788.0
218 119788.0
219 119788.0
220 119788.0
221 119788.0
222 119788.0
223 119788.0
224 118336.0
225 117853.0
226 117853.0
227 117853.0
228 117853.0
229 117371.0
230 117371.0
231 117371.0
232 117371.0
233 117371.0
234 117371.0
235 117371.0
236 117371.0
237 117371.0
238 113579.0
239 113566.0
240 113566.0
241 113132.0
242 112236.0
243 112236.0
244 112236.0
245 112236.0
246 112236.0
247 112236.0
248 112236.0
249 110830.0
250 110825.0
251 110825.0
252 110731.0
253 110731.0
254 110365.0
255 110365.0
256 110365.0
257 109899.0
258 109899.0
259 108513.0
260 108053.0
261 108053.0
262 107308.0
263 107308.0
264 105484.0
265 105484.0
266 105484.0
267 103673.0
268 103673.0
269 103673.0
270 98796.0
271 98391.0
272 96647.0
273 95782.0
274 95349.0
275 95349.0
276 95349.0
277 95349.0
278 95349.0
279 95349.0
280 94917.0
281 94917.0
282 94486.0
283 94486.0
284 94486.0
285 94486.0
286 94486.0
287 94486.0
288 94486.0
289 94486.0
290 94486.0
291 94486.0
292 94486.0
293 93627.0
294 93627.0
295 93627.0
296 93627.0
297 93627.0
298 93627.0
299 93627.0
300 93627.0
301 93627.0
302 93627.0
303 93627.0
304 93199.0
305 93199.0
306 93199.0
307 93199.0
308 93199.0
309 93199.0
310 93199.0
311 93199.0
312 92772.0
313 92772.0
314 92772.0
315 92772.0
316 92772.0
317 91498.0
318 91077.0
319 91077.0
320 91077.0
321 91077.0
322 91077.0
323 90655.0
324 90655.0
325 90655.0
326 90655.0
327 90655.0
328 87738.0
329 87727.0
330 87713.0
331 87713.0
332 87711.0
333 87711.0
334 86073.0
335 86073.0
336 86061.0
337 85663.0
338 85663.0
339 80858.0
340 80070.0
341 80070.0
342 80070.0
343 80070.0
344 79686.0
345 79605.0
346 79605.0
347 78845.0
348 78837.0
349 78454.0
350 77674.0
351 77674.0
352 77354.0
353 77354.0
354 77354.0
355 77354.0
356 77068.0
357 77068.0
358 77033.0
359 77030.0
360 77030.0
361 76681.0
362 76681.0
363 76681.0
364 76681.0
365 76681.0
366 76681.0
367 76681.0
368 76681.0
369 76681.0
370 74764.0
371 74398.0
372 74398.0
373 74398.0
374 74398.0
375 74398.0
376 74018.0
377 74018.0
378 74018.0
379 74018.0
380 74018.0
381 74018.0
382 74018.0
383 72887.0
384 72514.0
385 72514.0
386 72514.0
387 72514.0
388 72514.0
389 72514.0
390 72514.0
391 72514.0
392 72514.0
393 72514.0
394 72514.0
395 72514.0
396 72514.0
397 72514.0
398 72514.0
399 72514.0
400 72514.0
401 72514.0
402 72514.0
403 72514.0
404 72139.0
405 72139.0
406 72139.0
407 72139.0
408 72139.0
409 72139.0
410 71023.0
411 71023.0
412 70659.0
413 70659.0
414 70659.0
415 70659.0
416 70659.0
417 70659.0
418 70659.0
419 69921.0
420 69921.0
421 69921.0
422 69921.0
423 69187.0
424 69187.0
425 69187.0
426 69187.0
427 69187.0
428 69187.0
429 69187.0
430 69187.0
431 69187.0
432 69187.0
433 69187.0
434 69187.0
435 69187.0
436 69187.0
437 69187.0
438 69187.0
439 69187.0
440 69187.0
441 69187.0
442 69187.0
443 69187.0
444 69187.0
445 69187.0
446 68821.0
447 68457.0
448 68457.0
449 68457.0
450 68093.0
451 68093.0
452 68093.0
453 68093.0
454 68093.0
455 68093.0
456 68093.0
457 68093.0
458 68093.0
459 68093.0
460 68093.0
461 68093.0
462 68093.0
463 68093.0
464 68093.0
465 68093.0
466 67368.0
467 67368.0
468 67368.0
469 67018.0
470 67018.0
471 67018.0
472 67018.0
473 67018.0
474 67018.0
475 67018.0
476 67018.0
477 67018.0
478 66658.0
479 66658.0
480 66299.0
481 65942.0
482 65942.0
483 65942.0
484 65942.0
485 65942.0
486 65942.0
487 65942.0
488 65942.0
489 65230.0
490 64522.0
491 64521.0
492 64502.0
493 64502.0
494 63468.0
495 63468.0
496 63468.0
497 62076.0
498 61914.0
499 61226.0
500 60202.0
501 60202.0
502 60202.0
503 60202.0
504 60202.0
505 60188.0
506 60175.0
507 60175.0
508 57845.0
509 57527.0
510 56208.0
511 56207.0
512 56207.0
513 56197.0
514 56197.0
515 56175.0
516 55218.0
517 54895.0
518 53639.0
519 53382.0
520 53382.0
521 53382.0
522 53382.0
523 53382.0
524 53063.0
525 53063.0
526 53057.0
527 53057.0
528 53057.0
529 53057.0
530 52433.0
531 52117.0
532 52117.0
533 52117.0
534 52117.0
535 52117.0
536 51488.0
537 51488.0
538 51469.0
539 51177.0
540 51177.0
541 51133.0
542 50890.0
543 50890.0
544 50890.0
545 50890.0
546 50890.0
547 50890.0
548 50890.0
549 50890.0
550 50269.0
551 49960.0
552 49960.0
553 47846.0
554 47545.0
555 47545.0
556 47545.0
557 47545.0
558 47545.0
559 47545.0
560 47545.0
561 47545.0
562 47545.0
563 47545.0
564 47545.0
565 47545.0
566 47545.0
567 47545.0
568 47545.0
569 47545.0
570 47545.0
571 47545.0
572 47545.0
573 47545.0
574 47545.0
575 47545.0
576 47545.0
577 47545.0
578 47545.0
579 47545.0
580 47545.0
581 47545.0
582 47545.0
583 47545.0
584 47545.0
585 47545.0
586 47545.0
587 47545.0
588 47545.0
589 47545.0
590 47545.0
591 46651.0
592 45767.0
593 45767.0
594 45767.0
595 45767.0
596 45767.0
597 45767.0
598 44028.0
599 44028.0
600 44028.0
601 44028.0
602 44028.0
603 44028.0
604 44028.0
605 44028.0
606 44028.0
607 44021.0
608 44021.0
609 43454.0
610 43454.0
611 43454.0
612 43454.0
613 43454.0
614 43454.0
615 42602.0
616 42602.0
617 42602.0
618 42602.0
619 42602.0
620 42602.0
621 42602.0
622 42602.0
623 42598.0
624 42598.0
625 42598.0
626 42323.0
627 42323.0
628 42323.0
629 42323.0
630 42323.0
631 42323.0
632 42323.0
633 42323.0
634 42323.0
635 42323.0
636 42323.0
637 42323.0
638 42323.0
639 42323.0
640 42323.0
641 42323.0
642 42323.0
643 42323.0
644 42323.0
645 42323.0
646 40374.0
647 40374.0
648 40374.0
649 40106.0
650 40106.0
651 40100.0
652 39873.0
653 39873.0
654 39873.0
655 39873.0
656 39873.0
657 39600.0
658 39600.0
659 39600.0
660 39600.0
661 39600.0
662 38260.0
663 38260.0
664 38214.0
665 38214.0
666 38214.0
667 38214.0
668 38214.0
669 37973.0
670 37973.0
671 37973.0
672 37973.0
673 37973.0
674 37973.0
675 37973.0
676 37973.0
677 37973.0
678 37444.0
679 37444.0
680 37182.0
681 37182.0
682 37182.0
683 37182.0
684 37182.0
685 37182.0
686 37182.0
687 37182.0
688 37182.0
689 37182.0
690 37182.0
691 37182.0
692 35640.0
693 35640.0
694 35611.0
695 35115.0
696 35106.0
697 35106.0
698 34864.0
699 34864.0
700 34864.0
701 34864.0
702 34646.0
703 34646.0
704 34646.0
705 34646.0
706 34646.0
707 34646.0
708 34646.0
709 34646.0
710 34646.0
711 34144.0
712 31050.0
713 31050.0
714 31050.0
715 31050.0
716 31050.0
717 30400.0
718 30400.0
719 29146.0
720 29146.0
721 29146.0
722 29146.0
723 29144.0
724 29144.0
725 29144.0
726 29144.0
727 28951.0
728 28951.0
729 28951.0
730 28951.0
731 28951.0
732 28951.0
733 28951.0
734 28951.0
735 28951.0
736 28951.0
737 28951.0
738 27836.0
739 27836.0
740 27836.0
741 27836.0
742 27836.0
743 27836.0
744 27836.0
745 27836.0
746 27836.0
747 27833.0
748 27750.0
749 27750.0
750 27750.0
751 27657.0
752 27657.0
753 27657.0
754 27300.0
755 27300.0
756 27179.0
757 27179.0
758 27179.0
759 27179.0
760 27179.0
761 27179.0
762 27179.0
763 26742.0
764 26742.0
765 26742.0
766 26742.0
767 26742.0
768 26742.0
769 26742.0
770 26742.0
771 26742.0
772 26742.0
773 26742.0
774 26742.0
775 26742.0
776 26742.0
777 26742.0
778 26742.0
779 26742.0
780 26525.0
781 26525.0
782 26525.0
783 26525.0
784 26525.0
785 26095.0
786 25924.0
787 25924.0
788 25924.0
789 25924.0
790 25924.0
791 25924.0
792 25924.0
793 25924.0
794 25924.0
795 25924.0
796 25924.0
797 25924.0
798 25924.0
799 25924.0
800 25924.0
801 25924.0
802 25924.0
803 25924.0
804 25924.0
805 25924.0
806 25924.0
807 25924.0
808 25924.0
809 25924.0
810 25924.0
811 25711.0
812 25711.0
813 25698.0
814 25698.0
815 25698.0
816 25698.0
817 25698.0
818 25698.0
819 25302.0
820 25236.0
821 25236.0
822 25057.0
823 25057.0
824 25057.0
825 24901.0
826 24901.0
827 24901.0
828 24901.0
829 24901.0
830 24901.0
831 24901.0
832 24901.0
833 24762.0
834 24762.0
835 24762.0
836 24762.0
837 24762.0
838 24762.0
839 24762.0
840 24762.0
841 24762.0
842 24597.0
843 24597.0
844 24597.0
845 24597.0
846 24597.0
847 24597.0
848 24597.0
849 24597.0
850 24597.0
851 24597.0
852 24597.0
853 24597.0
854 24597.0
855 24597.0
856 24597.0
857 24597.0
858 24597.0
859 24391.0
860 24391.0
861 24391.0
862 24391.0
863 24391.0
864 24186.0
865 24186.0
866 23985.0
867 23985.0
868 23185.0
869 23185.0
870 23081.0
871 23081.0
872 22995.0
873 22995.0
874 22995.0
875 22995.0
876 22995.0
877 22995.0
878 22995.0
879 22995.0
880 22994.0
881 22973.0
882 22973.0
883 22973.0
884 22973.0
885 22973.0
886 21833.0
887 21833.0
888 21833.0
889 21833.0
890 21734.0
891 21734.0
892 21365.0
893 21362.0
894 21362.0
895 21362.0
896 21362.0
897 20745.0
898 20745.0
899 20745.0
900 20745.0
901 20745.0
902 20745.0
903 20745.0
904 20559.0
905 20548.0
906 20367.0
907 20326.0
908 20326.0
909 20326.0
910 20326.0
911 20324.0
912 20322.0
913 20322.0
914 20167.0
915 20157.0
916 20157.0
917 20037.0
918 19497.0
919 19325.0
920 19165.0
921 19165.0
922 19165.0
923 19165.0
924 19165.0
925 19150.0
926 19150.0
927 19150.0
928 18992.0
929 18992.0
930 18992.0
931 18992.0
932 18992.0
933 18992.0
934 18992.0
935 18992.0
936 18992.0
937 18992.0
938 18992.0
939 18992.0
940 18992.0
941 18992.0
942 18992.0
943 18992.0
944 18992.0
945 18992.0
946 18992.0
947 18992.0
948 18992.0
949 18992.0
950 18992.0
951 18992.0
952 18992.0
953 18992.0
954 18985.0
955 18985.0
956 18985.0
957 18819.0
958 18819.0
959 18819.0
960 18819.0
961 18819.0
962 18643.0
963 18468.0
964 18468.0
965 18468.0
966 18416.0
967 18338.0
968 18338.0
969 18338.0
970 18338.0
971 18338.0
972 18338.0
973 18217.0
974 18217.0
975 18135.0
976 18135.0
977 18135.0
978 18135.0
979 18135.0
980 18135.0
981 18135.0
982 18135.0
983 18135.0
984 18135.0
985 18135.0
986 18135.0
987 18135.0
988 18135.0
989 17963.0
990 17480.0
991 17317.0
992 17317.0
993 17317.0
994 17317.0
995 17317.0
996 17317.0
997 17317.0
998 17317.0
999 17317.0
1000 17317.0
1001 17317.0
1002 17317.0
1003 17317.0
1004 17317.0
1005 17317.0
1006 17317.0
1007 17317.0
1008 17317.0
1009 17317.0
1010 17317.0
1011 17317.0
1012 16985.0
1013 16978.0
1014 16978.0
1015 16978.0
1016 16978.0
1017 16658.0
1018 16658.0
1019 16634.0
1020 16634.0
1021 16634.0
1022 16344.0
1023 16184.0
1024 16176.0
1025 16176.0
1026 16157.0
1027 15967.0
1028 15967.0
1029 15967.0
1030 15967.0
1031 15967.0
1032 15967.0
1033 14429.0
1034 14429.0
1035 14420.0
1036 14281.0
1037 14281.0
1038 14281.0
1039 14281.0
1040 14281.0
1041 14281.0
1042 14281.0
1043 14281.0
1044 14281.0
1045 14281.0
1046 14281.0
1047 14281.0
1048 14281.0
1049 14281.0
1050 14276.0
1051 14276.0
1052 14155.0
1053 14155.0
1054 14132.0
1055 14132.0
1056 13899.0
1057 13899.0
1058 13893.0
1059 13890.0
1060 13890.0
1061 13890.0
1062 13755.0
1063 13755.0
1064 13755.0
1065 13755.0
1066 13755.0
1067 13755.0
1068 13755.0
1069 13611.0
1070 13611.0
1071 13611.0
1072 13611.0
1073 13611.0
1074 12907.0
1075 12907.0
1076 12907.0
1077 12907.0
1078 12907.0
1079 12907.0
1080 12907.0
1081 12907.0
1082 12907.0
1083 12907.0
1084 12907.0
1085 12907.0
1086 12907.0
1087 12907.0
1088 12907.0
1089 12907.0
1090 12907.0
1091 12907.0
1092 12907.0
1093 12907.0
1094 12907.0
1095 12907.0
1096 12907.0
1097 12907.0
1098 12907.0
1099 12907.0
1100 12907.0
1101 12907.0
1102 12907.0
1103 12907.0
1104 12907.0
1105 12907.0
1106 12907.0
1107 12907.0
1108 12907.0
1109 12907.0
1110 12631.0
1111 12604.0
1112 12579.0
1113 12579.0
1114 12579.0
1115 12579.0
1116 12579.0
1117 12576.0
1118 12576.0
1119 12576.0
1120 12576.0
1121 12576.0
1122 12070.0
1123 12043.0
1124 12026.0
1125 12026.0
1126 12026.0
1127 12026.0
1128 12026.0
1129 12026.0
1130 11796.0
1131 11790.0
1132 11790.0
1133 11790.0
1134 11740.0
1135 11740.0
1136 11740.0
1137 11740.0
1138 11740.0
1139 11648.0
1140 11627.0
1141 11627.0
1142 11627.0
1143 11627.0
1144 11627.0
1145 11556.0
1146 11490.0
1147 11490.0
1148 11490.0
1149 11490.0
1150 11490.0
1151 11490.0
1152 11490.0
1153 11490.0
1154 11490.0
1155 11490.0
1156 11490.0
1157 11490.0
1158 11490.0
1159 11490.0
1160 11490.0
1161 11490.0
1162 11490.0
1163 11490.0
1164 11490.0
1165 11490.0
1166 11490.0
1167 11490.0
1168 11490.0
1169 11490.0
1170 11362.0
1171 11349.0
1172 11349.0
1173 11349.0
1174 11349.0
1175 11349.0
1176 11349.0
1177 11349.0
1178 11348.0
1179 11348.0
1180 11348.0
1181 11348.0
1182 11298.0
1183 11298.0
1184 11298.0
1185 11298.0
1186 11204.0
1187 11188.0
1188 11188.0
1189 11188.0
1190 11137.0
1191 11137.0
1192 11137.0
1193 11137.0
1194 11137.0
1195 11055.0
1196 11055.0
1197 11055.0
1198 11055.0
1199 11055.0
1200 11055.0
1201 11055.0
1202 11055.0
1203 11055.0
1204 11055.0
1205 11055.0
1206 11055.0
1207 11055.0
1208 11055.0
1209 11055.0
1210 11055.0
1211 10999.0
1212 10999.0
1213 10999.0
1214 10999.0
1215 10999.0
1216 10999.0
1217 10999.0
1218 10949.0
1219 10949.0
1220 10949.0
1221 10949.0
1222 10949.0
1223 10949.0
1224 10949.0
1225 10949.0
1226 10911.0
1227 10911.0
1228 10911.0
1229 10911.0
1230 10911.0
1231 10911.0
1232 10911.0
1233 10911.0
1234 10911.0
1235 10911.0
1236 10911.0
1237 10911.0
1238 10911.0
1239 10911.0
1240 10911.0
1241 10911.0
1242 10911.0
1243 10911.0
1244 10911.0
1245 10911.0
1246 10911.0
1247 10911.0
1248 10911.0
1249 10911.0
1250 10911.0
1251 10911.0
1252 10911.0
1253 10789.0
1254 10782.0
1255 10765.0
1256 10765.0
1257 10765.0
1258 10759.0
1259 10759.0
1260 10759.0
1261 10759.0
1262 10759.0
1263 10759.0
1264 10757.0
1265 10757.0
1266 10757.0
1267 10757.0
1268 10757.0
1269 10757.0
1270 10757.0
1271 10757.0
1272 10743.0
1273 10743.0
1274 10743.0
1275 10743.0
1276 10743.0
1277 10669.0
1278 10669.0
1279 10669.0
1280 10669.0
1281 10669.0
1282 10669.0
1283 10669.0
1284 10669.0
1285 10669.0
1286 10669.0
1287 10669.0
1288 10669.0
1289 10669.0
1290 10669.0
1291 10669.0
1292 10549.0
1293 10549.0
1294 10549.0
1295 10549.0
1296 10549.0
1297 10549.0
1298 10549.0
1299 10549.0
1300 10549.0
1301 10520.0
1302 10520.0
1303 10520.0
1304 10520.0
1305 10520.0
1306 10520.0
1307 10520.0
1308 10520.0
1309 10520.0
1310 10434.0
1311 10434.0
1312 10434.0
1313 10434.0
1314 10434.0
1315 10434.0
1316 10434.0
1317 10434.0
1318 10434.0
1319 10434.0
1320 10434.0
1321 10434.0
1322 10434.0
1323 10434.0
1324 10434.0
1325 10434.0
1326 8175.0
1327 8174.0
1328 8069.0
1329 8068.0
1330 8043.0
1331 8023.0
1332 8023.0
1333 8023.0
1334 8001.0
1335 7951.0
1336 7946.0
1337 7942.0
1338 7939.0
1339 7939.0
1340 7938.0
1341 7848.0
1342 7848.0
1343 7848.0
1344 7848.0
1345 7833.0
1346 7824.0
1347 7824.0
1348 7816.0
1349 7811.0
1350 7802.0
1351 7716.0
1352 7716.0
1353 7716.0
1354 7694.0
1355 7601.0
1356 7601.0
1357 7601.0
1358 7601.0
1359 7596.0
1360 7512.0
1361 7512.0
1362 7502.0
1363 7502.0
1364 7502.0
1365 7502.0
1366 7501.0
1367 7496.0
1368 7494.0
1369 7494.0
1370 7494.0
1371 7494.0
1372 7494.0
1373 7494.0
1374 7494.0
1375 7494.0
1376 7494.0
1377 7494.0
1378 7413.0
1379 7413.0
1380 7413.0
1381 7413.0
1382 7413.0
1383 7398.0
1384 7398.0
1385 7379.0
1386 7379.0
1387 7300.0
1388 7297.0
1389 7238.0
1390 7224.0
1391 7224.0
1392 7212.0
1393 7136.0
1394 7130.0
1395 7123.0
1396 7045.0
1397 7045.0
1398 7032.0
1399 7032.0
1400 7027.0
1401 7027.0
1402 7027.0
1403 7027.0
1404 7027.0
1405 6954.0
1406 6795.0
1407 6781.0
1408 6781.0
1409 6781.0
1410 6781.0
1411 6709.0
1412 6709.0
1413 6709.0
1414 6709.0
1415 6709.0
1416 6709.0
1417 6684.0
1418 6684.0
1419 6617.0
1420 6617.0
1421 6617.0
1422 6617.0
1423 6617.0
1424 6386.0
1425 6386.0
1426 6386.0
1427 6386.0
1428 6386.0
1429 6357.0
1430 5831.0
1431 5828.0
1432 5759.0
1433 5736.0
1434 5736.0
1435 5736.0
1436 5736.0
1437 5736.0
1438 5728.0
1439 5728.0
1440 5699.0
1441 5699.0
1442 5699.0
1443 5699.0
1444 5699.0
1445 5699.0
1446 5699.0
1447 5699.0
1448 5699.0
1449 5699.0
1450 5699.0
1451 5699.0
1452 5699.0
1453 5699.0
1454 5699.0
1455 5699.0
1456 5699.0
1457 5699.0
1458 5699.0
1459 5698.0
1460 5698.0
1461 5698.0
1462 5695.0
1463 5695.0
1464 5695.0
1465 5695.0
1466 5695.0
1467 5695.0
1468 5666.0
1469 5666.0
1470 5666.0
1471 5616.0
1472 5616.0
1473 5616.0
1474 5616.0
1475 5616.0
1476 5616.0
1477 5616.0
1478 5616.0
1479 5616.0
1480 5616.0
1481 5616.0
1482 5616.0
1483 5616.0
1484 5568.0
1485 5568.0
1486 5462.0
1487 5458.0
1488 5441.0
1489 5441.0
1490 5390.0
1491 5390.0
1492 5390.0
1493 5390.0
1494 5390.0
1495 5346.0
1496 5346.0
1497 5346.0
1498 5234.0
1499 5234.0
1500 5234.0
1501 5234.0
1502 5234.0
1503 4998.0
1504 4978.0
1505 4973.0
1506 4967.0
1507 4967.0
1508 4967.0
1509 4966.0
1510 4966.0
1511 4966.0
1512 4962.0
1513 4959.0
1514 4958.0
1515 4958.0
1516 4933.0
1517 4933.0
1518 4881.0
1519 4881.0
1520 4881.0
1521 4881.0
1522 4881.0
1523 4881.0
1524 4830.0
1525 4830.0
1526 4830.0
1527 4830.0
1528 4827.0
1529 4823.0
1530 4823.0
1531 4823.0
1532 4823.0
1533 4823.0
1534 4823.0
1535 4823.0
1536 4823.0
1537 4823.0
1538 4823.0
1539 4823.0
1540 4823.0
1541 4172.0
1542 4149.0
1543 4147.0
1544 4147.0
1545 4138.0
1546 4133.0
1547 4108.0
1548 4107.0
1549 4107.0
1550 4107.0
1551 4107.0
1552 4103.0
1553 4093.0
1554 4091.0
1555 4078.0
1556 4078.0
1557 4078.0
1558 4078.0
1559 4078.0
1560 4036.0
1561 4036.0
1562 4036.0
1563 4036.0
1564 4036.0
1565 4036.0
1566 4036.0
1567 4021.0
1568 4021.0
1569 4014.0
1570 4014.0
1571 4014.0
1572 4009.0
1573 3956.0
1574 3940.0
1575 3940.0
1576 3940.0
1577 3940.0
1578 3940.0
1579 3940.0
1580 3940.0
1581 3904.0
1582 3904.0
1583 3904.0
1584 3904.0
1585 3904.0
1586 3904.0
1587 3904.0
1588 3904.0
1589 3888.0
1590 3888.0
1591 3888.0
1592 3888.0
1593 3888.0
1594 3870.0
1595 3870.0
1596 3870.0
1597 3870.0
1598 3870.0
1599 3870.0
1600 3870.0
1601 3870.0
1602 3870.0
1603 3870.0
1604 3870.0
1605 3856.0
1606 3856.0
1607 3856.0
1608 3735.0
1609 3732.0
1610 3725.0
1611 3725.0
1612 3723.0
1613 3723.0
1614 3723.0
1615 3723.0
1616 3723.0
1617 3723.0
1618 3723.0
1619 3723.0
1620 3723.0
1621 3723.0
1622 3723.0
1623 3723.0
1624 3723.0
1625 3723.0
1626 3723.0
1627 3723.0
1628 3723.0
1629 3723.0
1630 3706.0
1631 3693.0
1632 3693.0
1633 3693.0
1634 3623.0
1635 3623.0
1636 3623.0
1637 3623.0
1638 3602.0
1639 3602.0
1640 3498.0
1641 3491.0
1642 3465.0
1643 3465.0
1644 3465.0
1645 3465.0
1646 3465.0
1647 3465.0
1648 3465.0
1649 3465.0
1650 3465.0
1651 3465.0
1652 3465.0
1653 3465.0
1654 3465.0
1655 3465.0
1656 3437.0
1657 3437.0
1658 3437.0
1659 3429.0
1660 3429.0
1661 3429.0
1662 3429.0
1663 3429.0
1664 3429.0
1665 3361.0
1666 3356.0
1667 3356.0
1668 3356.0
1669 3337.0
1670 3337.0
1671 3337.0
1672 3337.0
1673 3334.0
1674 3334.0
1675 3334.0
1676 3334.0
1677 3334.0
1678 3334.0
1679 3334.0
1680 3334.0
1681 3334.0
1682 3334.0
1683 3334.0
1684 3334.0
1685 3334.0
1686 3330.0
1687 3330.0
1688 3309.0
1689 3309.0
1690 3309.0
1691 3299.0
1692 3299.0
1693 3209.0
1694 3209.0
1695 3209.0
1696 3185.0
1697 3185.0
1698 3185.0
1699 3185.0
1700 3185.0
1701 3185.0
1702 3185.0
1703 3185.0
1704 3185.0
1705 3185.0
1706 2883.0
1707 2868.0
1708 2856.0
1709 2856.0
1710 2843.0
1711 2843.0
1712 2843.0
1713 2843.0
1714 2816.0
1715 2766.0
1716 2726.0
1717 2726.0
1718 2726.0
1719 2726.0
1720 2725.0
1721 2725.0
1722 2725.0
1723 2719.0
1724 2719.0
1725 2714.0
1726 2714.0
1727 2714.0
1728 2714.0
1729 2714.0
1730 2714.0
1731 2714.0
1732 2714.0
1733 2714.0
1734 2704.0
1735 2704.0
1736 2704.0
1737 2704.0
1738 2672.0
1739 2672.0
1740 2667.0
1741 2653.0
1742 2653.0
1743 2609.0
1744 2608.0
1745 2607.0
1746 2607.0
1747 2607.0
1748 2598.0
1749 2598.0
1750 2598.0
1751 2598.0
1752 2598.0
1753 2598.0
1754 2598.0
1755 2598.0
1756 2598.0
1757 2598.0
1758 2598.0
1759 2597.0
1760 2597.0
1761 2597.0
1762 2597.0
1763 2597.0
1764 2597.0
1765 2597.0
1766 2597.0
1767 2587.0
1768 2587.0
1769 2587.0
1770 2587.0
1771 2587.0
1772 2587.0
1773 2585.0
1774 2585.0
1775 2585.0
1776 2577.0
1777 2577.0
1778 2577.0
1779 2577.0
1780 2577.0
1781 2565.0
1782 2565.0
1783 2565.0
1784 2565.0
1785 2565.0
1786 2565.0
1787 2565.0
1788 2565.0
1789 2565.0
1790 2565.0
1791 2565.0
1792 2565.0
1793 2565.0
1794 2565.0
1795 2565.0
1796 2565.0
1797 2565.0
1798 2565.0
1799 2565.0
1800 2565.0
1801 2565.0
1802 2565.0
1803 2565.0
1804 2560.0
1805 2560.0
1806 2560.0
1807 2560.0
1808 2560.0
1809 2560.0
1810 2558.0
1811 2558.0
1812 2558.0
1813 2558.0
1814 2558.0
1815 2536.0
1816 2536.0
1817 2536.0
1818 2536.0
1819 2536.0
1820 2536.0
1821 2536.0
1822 2536.0
1823 2536.0
1824 2536.0
1825 2536.0
1826 2534.0
1827 2534.0
1828 2534.0
1829 2534.0
1830 2534.0
1831 2534.0
1832 2534.0
1833 2534.0
1834 2524.0
1835 2524.0
1836 2524.0
1837 2524.0
1838 2524.0
1839 2524.0
1840 2524.0
1841 2524.0
1842 2524.0
1843 2524.0
1844 2524.0
1845 2524.0
1846 2524.0
1847 2524.0
1848 2514.0
1849 2487.0
1850 2487.0
1851 2487.0
1852 2487.0
1853 2487.0
1854 2481.0
1855 2481.0
1856 2431.0
1857 2431.0
1858 2431.0
1859 2431.0
1860 2431.0
1861 2431.0
1862 2431.0
1863 2431.0
1864 2431.0
1865 2431.0
1866 2431.0
1867 2431.0
1868 2431.0
1869 2431.0
1870 2430.0
1871 2430.0
1872 2430.0
1873 2429.0
1874 2429.0
1875 2429.0
1876 2429.0
1877 2423.0
1878 2423.0
1879 2423.0
1880 2423.0
1881 2423.0
1882 2356.0
1883 2355.0
1884 2355.0
1885 2355.0
1886 2355.0
1887 2355.0
1888 2355.0
1889 2355.0
1890 2337.0
1891 2337.0
1892 2337.0
1893 2337.0
1894 2337.0
1895 2337.0
1896 2337.0
1897 2336.0
1898 2336.0
1899 2336.0
1900 2336.0
1901 2336.0
1902 2336.0
1903 2336.0
1904 2329.0
1905 2306.0
1906 2300.0
1907 2300.0
1908 2300.0
1909 2300.0
1910 2300.0
1911 2300.0
1912 2300.0
1913 2300.0
1914 2300.0
1915 2300.0
1916 2300.0
1917 2300.0
1918 2300.0
1919 2300.0
1920 2300.0
1921 2300.0
1922 2300.0
1923 2300.0
1924 2300.0
1925 2300.0
1926 2300.0
1927 2300.0
1928 2300.0
1929 2300.0
1930 2300.0
1931 2300.0
1932 2300.0
1933 2300.0
1934 2300.0
1935 2300.0
1936 2300.0
1937 2300.0
1938 2300.0
1939 2297.0
1940 2297.0
1941 2297.0
1942 2297.0
1943 2297.0
1944 2250.0
1945 2250.0
1946 2250.0
1947 2250.0
1948 2238.0
1949 2238.0
1950 2238.0
1951 2238.0
1952 2238.0
1953 2238.0
1954 2238.0
1955 2238.0
1956 2238.0
1957 2238.0
1958 2238.0
1959 2238.0
1960 2238.0
1961 2238.0
1962 2238.0
1963 2238.0
1964 2238.0
1965 2238.0
1966 2238.0
1967 2238.0
1968 2238.0
1969 2238.0
1970 2238.0
1971 2238.0
1972 2238.0
1973 2238.0
1974 2238.0
1975 2238.0
1976 2238.0
1977 2238.0
1978 2238.0
1979 2238.0
1980 2238.0
1981 2238.0
1982 2238.0
1983 2238.0
1984 2238.0
1985 2235.0
1986 2235.0
1987 2235.0
1988 2235.0
1989 2235.0
1990 2235.0
1991 2235.0
1992 2235.0
1993 2235.0
1994 2235.0
1995 2235.0
1996 2235.0
1997 2235.0
1998 2235.0
1999 2235.0
2000 2219.0
2001 2219.0
2002 2219.0
2003 2211.0
2004 2207.0
2005 2207.0
2006 2207.0
2007 2207.0
2008 2207.0
2009 2207.0
2010 2207.0
2011 2207.0
2012 2207.0
2013 2207.0
2014 2207.0
2015 2207.0
2016 2207.0
2017 2207.0
2018 2207.0
2019 2204.0
2020 2204.0
2021 2202.0
2022 2202.0
2023 2202.0
2024 2202.0
2025 2202.0
2026 2202.0
2027 2202.0
2028 2202.0
2029 2098.0
2030 2098.0
2031 2094.0
2032 2092.0
2033 2077.0
2034 2077.0
2035 2049.0
2036 2031.0
2037 2022.0
2038 2017.0
2039 2004.0
2040 2004.0
2041 2004.0
2042 2004.0
2043 2004.0
2044 1997.0
2045 1997.0
2046 1997.0
2047 1997.0
2048 1989.0
2049 1989.0
2050 1961.0
2051 1961.0
2052 1958.0
2053 1958.0
2054 1958.0
2055 1954.0
2056 1954.0
2057 1954.0
2058 1954.0
2059 1954.0
2060 1954.0
2061 1954.0
2062 1954.0
2063 1954.0
2064 1954.0
2065 1954.0
2066 1954.0
2067 1954.0
2068 1954.0
2069 1954.0
2070 1954.0
2071 1954.0
2072 1954.0
2073 1954.0
2074 1952.0
2075 1952.0
2076 1952.0
2077 1952.0
2078 1947.0
2079 1947.0
2080 1947.0
2081 1947.0
2082 1945.0
2083 1945.0
2084 1945.0
2085 1945.0
2086 1945.0
2087 1945.0
2088 1945.0
2089 1945.0
2090 1945.0
2091 1945.0
2092 1943.0
2093 1943.0
2094 1943.0
2095 1943.0
2096 1943.0
2097 1943.0
2098 1943.0
2099 1924.0
2100 1924.0
2101 1924.0
2102 1924.0
2103 1921.0
2104 1921.0
2105 1921.0
2106 1921.0
2107 1921.0
2108 1921.0
2109 1921.0
2110 1921.0
2111 1921.0
2112 1921.0
2113 1921.0
2114 1921.0
2115 1921.0
2116 1921.0
2117 1921.0
2118 1921.0
2119 1921.0
2120 1921.0
2121 1921.0
2122 1921.0
2123 1921.0
2124 1921.0
2125 1921.0
2126 1921.0
2127 1921.0
2128 1921.0
2129 1921.0
2130 1921.0
2131 1921.0
2132 1921.0
2133 1921.0
2134 1921.0
2135 1921.0
2136 1921.0
2137 1921.0
2138 1921.0
2139 1921.0
2140 1921.0
2141 1921.0
2142 1921.0
2143 1921.0
2144 1919.0
2145 1919.0
2146 1919.0
2147 1919.0
2148 1919.0
2149 1919.0
2150 1919.0
2151 1919.0
2152 1919.0
2153 1919.0
2154 1919.0
2155 1919.0
2156 1919.0
2157 1919.0
2158 1919.0
2159 1919.0
2160 1919.0
2161 1919.0
2162 1919.0
2163 1919.0
2164 1919.0
2165 1919.0
2166 1919.0
2167 1919.0
2168 1919.0
2169 1919.0
2170 1919.0
2171 1919.0
2172 1919.0
2173 1919.0
2174 1916.0
2175 1916.0
2176 1916.0
2177 1916.0
2178 1916.0
2179 1916.0
2180 1916.0
2181 1916.0
2182 1915.0
2183 1915.0
2184 1915.0
2185 1915.0
2186 1899.0
2187 1899.0
2188 1899.0
2189 1899.0
2190 1899.0
2191 1899.0
2192 1899.0
2193 1899.0
2194 1899.0
2195 1899.0
2196 1899.0
2197 1899.0
2198 1899.0
2199 1899.0
2200 1899.0
2201 1899.0
2202 1899.0
2203 1899.0
2204 1899.0
2205 1899.0
2206 1899.0
2207 1899.0
2208 1899.0
2209 1899.0
2210 1899.0
2211 1899.0
2212 1899.0
2213 1899.0
2214 1899.0
2215 1882.0
2216 1882.0
2217 1882.0
2218 1882.0
2219 1882.0
2220 1882.0
2221 1882.0
2222 1882.0
2223 1878.0
2224 1878.0
2225 1878.0
2226 1878.0
2227 1878.0
2228 1878.0
2229 1878.0
2230 1878.0
2231 1878.0
2232 1878.0
2233 1878.0
2234 1878.0
2235 1878.0
2236 1878.0
2237 1878.0
2238 1878.0
2239 1878.0
2240 1878.0
2241 1878.0
2242 1878.0
2243 1878.0
2244 1878.0
2245 1878.0
2246 1878.0
2247 1878.0
2248 1878.0
2249 1878.0
2250 1878.0
2251 1878.0
2252 1878.0
2253 1878.0
2254 1878.0
2255 1878.0
2256 1878.0
2257 1870.0
2258 1870.0
2259 1870.0
2260 1870.0
2261 1870.0
2262 1870.0
2263 1870.0
2264 1870.0
2265 1870.0
2266 1870.0
2267 1870.0
2268 1870.0
2269 1870.0
2270 1866.0
2271 1866.0
2272 1866.0
2273 1866.0
2274 1866.0
2275 1866.0
2276 1866.0
2277 1866.0
2278 1864.0
2279 1864.0
2280 1864.0
2281 1864.0
2282 1864.0
2283 1864.0
2284 1860.0
2285 1860.0
2286 1860.0
2287 1860.0
2288 1860.0
2289 1860.0
2290 1860.0
2291 1860.0
2292 1860.0
2293 1860.0
2294 1860.0
2295 1860.0
2296 1840.0
2297 1836.0
2298 1836.0
2299 1813.0
2300 1813.0
2301 1813.0
2302 1813.0
2303 1813.0
2304 1813.0
2305 1813.0
2306 1813.0
2307 1813.0
2308 1813.0
2309 1813.0
2310 1813.0
2311 1813.0
2312 1794.0
2313 1794.0
2314 1794.0
2315 1794.0
2316 1794.0
2317 1794.0
2318 1794.0
2319 1794.0
2320 1794.0
2321 1794.0
2322 1794.0
2323 1794.0
2324 1794.0
2325 1794.0
2326 1794.0
2327 1794.0
2328 1794.0
2329 1794.0
2330 1794.0
2331 1794.0
2332 1794.0
2333 1794.0
2334 1771.0
2335 1771.0
2336 1771.0
2337 1771.0
2338 1770.0
2339 1770.0
2340 1770.0
2341 1770.0
2342 1770.0
2343 1764.0
2344 1764.0
2345 1764.0
2346 1749.0
2347 1745.0
2348 1736.0
2349 1736.0
2350 1736.0
2351 1736.0
2352 1736.0
2353 1735.0
2354 1735.0
2355 1735.0
2356 1735.0
2357 1735.0
2358 1735.0
2359 1735.0
2360 1735.0
2361 1735.0
2362 1729.0
2363 1729.0
2364 1729.0
2365 1729.0
2366 1729.0
2367 1729.0
2368 1727.0
2369 1727.0
2370 1727.0
2371 1727.0
2372 1727.0
2373 1727.0
2374 1727.0
2375 1727.0
2376 1727.0
2377 1727.0
2378 1727.0
2379 1727.0
2380 1727.0
2381 1727.0
2382 1727.0
2383 1727.0
2384 1727.0
2385 1727.0
2386 1727.0
2387 1727.0
2388 1727.0
2389 1727.0
2390 1727.0
2391 1727.0
2392 1727.0
2393 1727.0
2394 1727.0
2395 1725.0
2396 1725.0
2397 1725.0
2398 1725.0
2399 1725.0
2400 1725.0
2401 1723.0
2402 1721.0
2403 1716.0
2404 1713.0
2405 1713.0
2406 1713.0
2407 1713.0
2408 1713.0
2409 1707.0
2410 1706.0
2411 1706.0
2412 1706.0
2413 1706.0
2414 1706.0
2415 1706.0
2416 1706.0
2417 1706.0
2418 1706.0
2419 1706.0
2420 1706.0
2421 1706.0
2422 1706.0
2423 1706.0
2424 1706.0
2425 1706.0
2426 1706.0
2427 1706.0
2428 1706.0
2429 1706.0
2430 1706.0
2431 1706.0
2432 1706.0
2433 1706.0
2434 1706.0
2435 1706.0
2436 1706.0
2437 1706.0
2438 1706.0
2439 1706.0
2440 1706.0
2441 1706.0
2442 1706.0
2443 1706.0
2444 1706.0
2445 1706.0
2446 1706.0
2447 1706.0
2448 1706.0
2449 1706.0
2450 1706.0
2451 1706.0
2452 1701.0
2453 1701.0
2454 1701.0
2455 1701.0
2456 1701.0
2457 1701.0
2458 1701.0
2459 1701.0
2460 1701.0
2461 1701.0
2462 1701.0
2463 1701.0
2464 1701.0
2465 1701.0
2466 1701.0
2467 1701.0
2468 1701.0
2469 1701.0
2470 1701.0
2471 1701.0
2472 1701.0
2473 1701.0
2474 1701.0
2475 1701.0
2476 1701.0
2477 1701.0
2478 1701.0
2479 1701.0
2480 1701.0
2481 1701.0
2482 1701.0
2483 1693.0
2484 1693.0
2485 1693.0
2486 1693.0
2487 1693.0
2488 1693.0
2489 1693.0
2490 1693.0
2491 1693.0
2492 1693.0
2493 1693.0
2494 1693.0
2495 1693.0
2496 1693.0
2497 1693.0
2498 1693.0
2499 1693.0
2500 1693.0
2501 1693.0
2502 1693.0
2503 1693.0
2504 1693.0
2505 1693.0
2506 1693.0
2507 1693.0
2508 1693.0
2509 1693.0
2510 1693.0
2511 1693.0
2512 1693.0
2513 1693.0
2514 1693.0
2515 1693.0
2516 1693.0
2517 1693.0
2518 1693.0
2519 1693.0
2520 1693.0
2521 1693.0
2522 1693.0
2523 1693.0
2524 1693.0
2525 1693.0
2526 1693.0
2527 1693.0
2528 1693.0
2529 1693.0
2530 1693.0
2531 1691.0
2532 1691.0
2533 1691.0
2534 1691.0
2535 1691.0
2536 1691.0
2537 1691.0
2538 1691.0
2539 1691.0
2540 1691.0
2541 1691.0
2542 1691.0
2543 1691.0
2544 1691.0
2545 1685.0
2546 1685.0
2547 1685.0
2548 1685.0
2549 1685.0
2550 1685.0
2551 1685.0
2552 1685.0
2553 1685.0
2554 1685.0
2555 1683.0
2556 1683.0
2557 1683.0
2558 1683.0
2559 1683.0
2560 1683.0
2561 1683.0
2562 1683.0
2563 1683.0
2564 1683.0
2565 1683.0
2566 1683.0
2567 1683.0
2568 1683.0
2569 1683.0
2570 1683.0
2571 1683.0
2572 1683.0
2573 1683.0
2574 1683.0
2575 1683.0
2576 1683.0
2577 1683.0
2578 1683.0
2579 1683.0
2580 1683.0
2581 1683.0
2582 1683.0
2583 1683.0
2584 1683.0
2585 1683.0
2586 1675.0
2587 1675.0
2588 1675.0
2589 1675.0
2590 1675.0
2591 1675.0
2592 1675.0
2593 1675.0
2594 1675.0
2595 1675.0
2596 1675.0
2597 1675.0
2598 1675.0
2599 1675.0
2600 1675.0
2601 1675.0
2602 1675.0
2603 1675.0
2604 1675.0
2605 1675.0
2606 1675.0
2607 1662.0
2608 1662.0
2609 1662.0
2610 1662.0
2611 1662.0
2612 1662.0
2613 1662.0
2614 1662.0
2615 1662.0
2616 1662.0
2617 1662.0
2618 1662.0
2619 1662.0
2620 1661.0
2621 1658.0
2622 1652.0
2623 1652.0
2624 1652.0
2625 1652.0
2626 1652.0
2627 1652.0
2628 1652.0
2629 1652.0
2630 1652.0
2631 1652.0
2632 1652.0
2633 1652.0
2634 1652.0
2635 1652.0
2636 1652.0
2637 1652.0
2638 1652.0
2639 1652.0
2640 1652.0
2641 1652.0
2642 1652.0
2643 1652.0
2644 1652.0
2645 1652.0
2646 1652.0
2647 1652.0
2648 1652.0
2649 1618.0
2650 1616.0
2651 1612.0
2652 1610.0
2653 1606.0
2654 1606.0
2655 1606.0
2656 1606.0
2657 1606.0
2658 1606.0
2659 1606.0
2660 1606.0
2661 1606.0
2662 1604.0
2663 1604.0
2664 1604.0
2665 1604.0
2666 1598.0
2667 1598.0
2668 1598.0
2669 1598.0
2670 1598.0
2671 1598.0
2672 1598.0
2673 1598.0
2674 1598.0
2675 1598.0
2676 1598.0
2677 1598.0
2678 1598.0
2679 1598.0
2680 1598.0
2681 1598.0
2682 1598.0
2683 1598.0
2684 1598.0
2685 1598.0
2686 1598.0
2687 1598.0
2688 1598.0
2689 1598.0
2690 1598.0
2691 1594.0
2692 1594.0
2693 1594.0
2694 1594.0
2695 1594.0
2696 1594.0
2697 1594.0
2698 1594.0
2699 1594.0
2700 1594.0
2701 1594.0
2702 1594.0
2703 1594.0
2704 1594.0
2705 1594.0
2706 1594.0
2707 1594.0
2708 1594.0
2709 1594.0
2710 1594.0
2711 1586.0
2712 1586.0
2713 1586.0
2714 1586.0
2715 1586.0
2716 1586.0
2717 1586.0
2718 1586.0
2719 1586.0
2720 1586.0
2721 1586.0
2722 1586.0
2723 1586.0
2724 1586.0
2725 1586.0
2726 1586.0
2727 1586.0
2728 1586.0
2729 1586.0
2730 1586.0
2731 1586.0
2732 1586.0
2733 1586.0
2734 1586.0
2735 1586.0
2736 1586.0
2737 1586.0
2738 1586.0
2739 1586.0
2740 1586.0
2741 1586.0
2742 1586.0
2743 1586.0
2744 1586.0
2745 1586.0
2746 1586.0
2747 1586.0
2748 1586.0
2749 1586.0
2750 1586.0
2751 1586.0
2752 1586.0
2753 1586.0
2754 1586.0
2755 1586.0
2756 1586.0
2757 1586.0
2758 1586.0
2759 1586.0
2760 1586.0
2761 1586.0
2762 1586.0
2763 1586.0
2764 1586.0
2765 1586.0
2766 1586.0
2767 1586.0
2768 1586.0
2769 1586.0
2770 1586.0
2771 1586.0
2772 1586.0
2773 1583.0
2774 1583.0
2775 1583.0
2776 1583.0
2777 1583.0
2778 1583.0
2779 1583.0
2780 1583.0
2781 1583.0
2782 1583.0
2783 1583.0
2784 1583.0
2785 1583.0
2786 1583.0
2787 1583.0
2788 1583.0
2789 1583.0
2790 1583.0
2791 1583.0
2792 1583.0
2793 1583.0
2794 1583.0
2795 1583.0
2796 1583.0
2797 1583.0
2798 1583.0
2799 1583.0
2800 1583.0
2801 1583.0
2802 1583.0
2803 1583.0
2804 1583.0
2805 1583.0
2806 1583.0
2807 1583.0
2808 1583.0
2809 1583.0
2810 1583.0
2811 1583.0
2812 1583.0
2813 1583.0
2814 1583.0
2815 1583.0
2816 1583.0
2817 1583.0
2818 1583.0
2819 1583.0
2820 1583.0
2821 1583.0
2822 1583.0
2823 1583.0
2824 1583.0
2825 1583.0
2826 1583.0
2827 1583.0
2828 1583.0
2829 1583.0
2830 1583.0
2831 1583.0
2832 1581.0
2833 1581.0
2834 1581.0
2835 1581.0
2836 1581.0
2837 1581.0
2838 1581.0
2839 1581.0
2840 1581.0
2841 1581.0
2842 1581.0
2843 1581.0
2844 1581.0
2845 1581.0
2846 1581.0
2847 1581.0
2848 1581.0
2849 1581.0
2850 1581.0
2851 1581.0
2852 1581.0
2853 1581.0
2854 1581.0
2855 1581.0
2856 1581.0
2857 1581.0
2858 1581.0
2859 1581.0
2860 1581.0
2861 1581.0
2862 1581.0
2863 1581.0
2864 1581.0
2865 1581.0
2866 1581.0
2867 1581.0
2868 1579.0
2869 1579.0
2870 1579.0
2871 1579.0
2872 1579.0
2873 1579.0
2874 1579.0
2875 1579.0
2876 1579.0
2877 1579.0
2878 1579.0
2879 1579.0
2880 1579.0
2881 1579.0
2882 1579.0
2883 1579.0
2884 1579.0
2885 1579.0
2886 1579.0
2887 1579.0
2888 1579.0
2889 1579.0
2890 1579.0
2891 1579.0
2892 1579.0
2893 1579.0
2894 1579.0
2895 1579.0
2896 1579.0
2897 1579.0
2898 1579.0
2899 1579.0
2900 1579.0
2901 1579.0
2902 1579.0
2903 1579.0
2904 1579.0
2905 1576.0
2906 1576.0
2907 1576.0
2908 1576.0
2909 1576.0
2910 1576.0
2911 1576.0
2912 1574.0
2913 1574.0
2914 1574.0
2915 1574.0
2916 1574.0
2917 1574.0
2918 1574.0
2919 1574.0
2920 1574.0
2921 1574.0
2922 1574.0
2923 1574.0
2924 1574.0
2925 1574.0
2926 1572.0
2927 1572.0
2928 1572.0
2929 1572.0
2930 1572.0
2931 1572.0
2932 1572.0
2933 1572.0
2934 1572.0
2935 1572.0
2936 1572.0
2937 1572.0
2938 1572.0
2939 1572.0
2940 1572.0
2941 1572.0
2942 1572.0
2943 1572.0
2944 1572.0
2945 1572.0
2946 1572.0
2947 1572.0
2948 1572.0
2949 1572.0
2950 1572.0
2951 1572.0
2952 1572.0
2953 1572.0
2954 1572.0
2955 1572.0
2956 1572.0
2957 1572.0
2958 1572.0
2959 1572.0
2960 1572.0
2961 1572.0
2962 1572.0
2963 1572.0
2964 1572.0
2965 1572.0
2966 1572.0
2967 1572.0
2968 1570.0
2969 1570.0
2970 1570.0
2971 1570.0
2972 1570.0
2973 1569.0
2974 1569.0
2975 1565.0
2976 1565.0
2977 1565.0
2978 1565.0
2979 1565.0
2980 1565.0
2981 1552.0
2982 1552.0
2983 1552.0
2984 1551.0
2985 1551.0
2986 1551.0
2987 1551.0
2988 1551.0
2989 1551.0
2990 1551.0
2991 1551.0
2992 1551.0
2993 1551.0
2994 1551.0
2995 1551.0
2996 1551.0
2997 1551.0
2998 1551.0
2999 1551.0
3000 1551.0
3001 1551.0
3002 1551.0
3003 1545.0
3004 1545.0
3005 1545.0
3006 1545.0
3007 1545.0
3008 1545.0
3009 1545.0
3010 1545.0
3011 1545.0
3012 1545.0
3013 1545.0
3014 1545.0
3015 1545.0
3016 1540.0
3017 1540.0
3018 1540.0
3019 1540.0
3020 1540.0
3021 1540.0
3022 1540.0
3023 1540.0
3024 1540.0
3025 1540.0
3026 1540.0
3027 1540.0
3028 1540.0
3029 1540.0
3030 1540.0
3031 1532.0
3032 1532.0
3033 1532.0
3034 1532.0
3035 1532.0
3036 1532.0
3037 1532.0
3038 1532.0
3039 1532.0
3040 1532.0
3041 1532.0
3042 1532.0
3043 1531.0
3044 1531.0
3045 1529.0
3046 1529.0
3047 1529.0
3048 1524.0
3049 1524.0
3050 1524.0
3051 1521.0
3052 1521.0
3053 1521.0
3054 1521.0
3055 1521.0
3056 1521.0
3057 1521.0
3058 1521.0
3059 1521.0
3060 1521.0
3061 1521.0
3062 1521.0
3063 1521.0
3064 1521.0
3065 1521.0
3066 1521.0
3067 1521.0
3068 1521.0
3069 1521.0
3070 1521.0
3071 1521.0
3072 1521.0
3073 1521.0
3074 1521.0
3075 1521.0
3076 1521.0
3077 1521.0
3078 1521.0
3079 1521.0
3080 1521.0
3081 1521.0
3082 1521.0
3083 1519.0
3084 1519.0
3085 1519.0
3086 1519.0
3087 1519.0
3088 1519.0
3089 1519.0
3090 1519.0
3091 1519.0
3092 1518.0
3093 1518.0
3094 1518.0
3095 1518.0
3096 1518.0
3097 1518.0
3098 1518.0
3099 1518.0
3100 1518.0
3101 1518.0
3102 1518.0
3103 1518.0
3104 1518.0
3105 1518.0
3106 1518.0
3107 1518.0
3108 1518.0
3109 1518.0
3110 1518.0
3111 1505.0
3112 1505.0
3113 1496.0
3114 1496.0
3115 1496.0
3116 1496.0
3117 1496.0
3118 1496.0
3119 1496.0
3120 1496.0
3121 1496.0
3122 1496.0
3123 1496.0
3124 1496.0
3125 1496.0
3126 1496.0
3127 1496.0
3128 1496.0
3129 1496.0
3130 1496.0
3131 1496.0
3132 1496.0
3133 1496.0
3134 1496.0
3135 1496.0
3136 1496.0
3137 1496.0
3138 1496.0
3139 1496.0
3140 1496.0
3141 1496.0
3142 1496.0
3143 1496.0
3144 1496.0
3145 1496.0
3146 1496.0
3147 1496.0
3148 1496.0
3149 1490.0
3150 1490.0
3151 1490.0
3152 1490.0
3153 1484.0
3154 1484.0
3155 1484.0
3156 1484.0
3157 1484.0
3158 1484.0
3159 1484.0
3160 1484.0
3161 1484.0
3162 1484.0
3163 1484.0
3164 1484.0
3165 1484.0
3166 1484.0
3167 1484.0
3168 1484.0
3169 1484.0
3170 1484.0
3171 1484.0
3172 1484.0
3173 1484.0
3174 1484.0
3175 1484.0
3176 1484.0
3177 1484.0
3178 1484.0
3179 1484.0
3180 1484.0
3181 1484.0
3182 1484.0
3183 1484.0
3184 1484.0
3185 1484.0
3186 1484.0
3187 1484.0
3188 1484.0
3189 1484.0
3190 1484.0
3191 1484.0
3192 1484.0
3193 1484.0
3194 1481.0
3195 1481.0
3196 1481.0
3197 1481.0
3198 1481.0
3199 1481.0
3200 1481.0
3201 1481.0
3202 1481.0
3203 1481.0
3204 1481.0
3205 1481.0
3206 1481.0
3207 1481.0
3208 1481.0
3209 1481.0
3210 1481.0
3211 1481.0
3212 1481.0
3213 1481.0
3214 1481.0
3215 1481.0
3216 1481.0
3217 1481.0
3218 1481.0
3219 1481.0
3220 1481.0
3221 1481.0
3222 1481.0
3223 1481.0
3224 1481.0
3225 1481.0
3226 1481.0
3227 1481.0
3228 1481.0
3229 1481.0
3230 1481.0
3231 1481.0
3232 1481.0
3233 1481.0
3234 1481.0
3235 1481.0
3236 1481.0
3237 1481.0
3238 1481.0
3239 1481.0
3240 1481.0
3241 1481.0
3242 1481.0
3243 1481.0
3244 1481.0
3245 1481.0
3246 1481.0
3247 1481.0
3248 1481.0
3249 1481.0
3250 1481.0
3251 1481.0
3252 1481.0
3253 1481.0
3254 1481.0
3255 1481.0
3256 1481.0
3257 1481.0
3258 1481.0
3259 1481.0
3260 1481.0
3261 1481.0
3262 1481.0
3263 1481.0
3264 1481.0
3265 1481.0
3266 1481.0
3267 1481.0
3268 1481.0
3269 1481.0
3270 1481.0
3271 1481.0
3272 1481.0
3273 1481.0
3274 1481.0
3275 1481.0
3276 1481.0
3277 1481.0
3278 1481.0
3279 1481.0
3280 1481.0
3281 1481.0
3282 1481.0
3283 1481.0
3284 1481.0
3285 1481.0
3286 1480.0
3287 1480.0
3288 1480.0
3289 1480.0
3290 1480.0
3291 1480.0
3292 1480.0
3293 1480.0
3294 1480.0
3295 1480.0
3296 1480.0
3297 1480.0
3298 1480.0
3299 1480.0
3300 1480.0
3301 1480.0
3302 1480.0
3303 1480.0
3304 1480.0
3305 1480.0
3306 1480.0
3307 1480.0
3308 1480.0
3309 1480.0
3310 1479.0
3311 1476.0
3312 1476.0
3313 1476.0
3314 1476.0
3315 1476.0
3316 1476.0
3317 1476.0
3318 1476.0
3319 1476.0
3320 1473.0
3321 1467.0
3322 1467.0
3323 1467.0
3324 1467.0
3325 1467.0
3326 1467.0
3327 1467.0
3328 1467.0
3329 1467.0
3330 1467.0
3331 1467.0
3332 1467.0
3333 1467.0
3334 1467.0
3335 1467.0
3336 1467.0
3337 1467.0
3338 1467.0
3339 1467.0
3340 1467.0
3341 1467.0
3342 1467.0
3343 1467.0
3344 1467.0
3345 1459.0
3346 1459.0
3347 1459.0
3348 1459.0
3349 1459.0
3350 1453.0
3351 1453.0
3352 1452.0
3353 1452.0
3354 1447.0
3355 1447.0
3356 1447.0
3357 1447.0
3358 1447.0
3359 1447.0
3360 1447.0
3361 1447.0
3362 1447.0
3363 1447.0
3364 1447.0
3365 1447.0
3366 1447.0
3367 1447.0
3368 1447.0
3369 1447.0
3370 1447.0
3371 1447.0
3372 1447.0
3373 1447.0
3374 1447.0
3375 1447.0
3376 1447.0
3377 1447.0
3378 1447.0
3379 1447.0
3380 1447.0
3381 1447.0
3382 1447.0
3383 1447.0
3384 1447.0
3385 1447.0
3386 1447.0
3387 1447.0
3388 1447.0
3389 1447.0
3390 1447.0
3391 1447.0
3392 1447.0
3393 1447.0
3394 1447.0
3395 1447.0
3396 1447.0
3397 1447.0
3398 1447.0
3399 1447.0
3400 1447.0
3401 1447.0
3402 1447.0
3403 1447.0
3404 1447.0
3405 1447.0
3406 1447.0
3407 1447.0
3408 1447.0
3409 1447.0
3410 1447.0
3411 1447.0
3412 1447.0
3413 1447.0
3414 1447.0
3415 1447.0
3416 1447.0
3417 1447.0
3418 1447.0
3419 1447.0
3420 1447.0
3421 1447.0
3422 1447.0
3423 1447.0
3424 1447.0
3425 1447.0
3426 1447.0
3427 1447.0
3428 1447.0
3429 1447.0
3430 1447.0
3431 1447.0
3432 1447.0
3433 1447.0
3434 1447.0
3435 1447.0
3436 1447.0
3437 1447.0
3438 1447.0
3439 1447.0
3440 1447.0
3441 1447.0
3442 1447.0
3443 1447.0
3444 1447.0
3445 1447.0
3446 1447.0
3447 1447.0
3448 1447.0
3449 1447.0
3450 1447.0
3451 1447.0
3452 1447.0
3453 1447.0
3454 1447.0
3455 1447.0
3456 1447.0
3457 1447.0
3458 1447.0
3459 1447.0
3460 1447.0
3461 1447.0
3462 1447.0
3463 1447.0
3464 1447.0
3465 1447.0
3466 1447.0
3467 1447.0
3468 1447.0
3469 1447.0
3470 1447.0
3471 1447.0
3472 1447.0
3473 1447.0
3474 1447.0
3475 1447.0
3476 1447.0
3477 1447.0
3478 1447.0
3479 1447.0
3480 1447.0
3481 1447.0
3482 1427.0
3483 1427.0
3484 1427.0
3485 1427.0
3486 1427.0
3487 1427.0
3488 1427.0
3489 1427.0
3490 1427.0
3491 1427.0
3492 1427.0
3493 1427.0
3494 1427.0
3495 1427.0
3496 1427.0
3497 1427.0
3498 1427.0
3499 1427.0
3500 1427.0
3501 1427.0
3502 1427.0
3503 1427.0
3504 1427.0
3505 1427.0
3506 1427.0
3507 1427.0
3508 1427.0
3509 1427.0
3510 1427.0
3511 1427.0
3512 1427.0
3513 1427.0
3514 1427.0
3515 1427.0
3516 1427.0
3517 1427.0
3518 1427.0
3519 1427.0
3520 1427.0
3521 1427.0
3522 1427.0
3523 1427.0
3524 1427.0
3525 1427.0
3526 1427.0
3527 1427.0
3528 1427.0
3529 1427.0
3530 1427.0
3531 1427.0
3532 1427.0
3533 1427.0
3534 1427.0
3535 1427.0
3536 1427.0
3537 1427.0
3538 1427.0
3539 1427.0
3540 1427.0
3541 1427.0
3542 1427.0
3543 1427.0
3544 1427.0
3545 1427.0
3546 1427.0
3547 1427.0
3548 1427.0
3549 1427.0
3550 1427.0
3551 1427.0
3552 1427.0
3553 1427.0
3554 1427.0
3555 1427.0
3556 1427.0
3557 1427.0
3558 1427.0
3559 1427.0
3560 1427.0
3561 1427.0
3562 1427.0
3563 1427.0
3564 1427.0
3565 1427.0
3566 1427.0
3567 1427.0
3568 1427.0
3569 1427.0
3570 1423.0
3571 1423.0
3572 1423.0
3573 1423.0
3574 1423.0
3575 1423.0
3576 1423.0
3577 1423.0
3578 1423.0
3579 1423.0
3580 1423.0
3581 1423.0
3582 1423.0
3583 1423.0
3584 1423.0
3585 1423.0
3586 1423.0
3587 1423.0
3588 1423.0
3589 1423.0
3590 1423.0
3591 1423.0
3592 1423.0
3593 1423.0
3594 1423.0
3595 1423.0
3596 1423.0
3597 1423.0
3598 1423.0
3599 1423.0
3600 1423.0
3601 1423.0
3602 1423.0
3603 1423.0
3604 1423.0
3605 1423.0
3606 1423.0
3607 1423.0
3608 1423.0
3609 1423.0
3610 1423.0
3611 1423.0
3612 1423.0
3613 1423.0
3614 1423.0
3615 1423.0
3616 1420.0
3617 1420.0
3618 1420.0
3619 1420.0
3620 1420.0
3621 1420.0
3622 1420.0
3623 1420.0
3624 1420.0
3625 1420.0
3626 1420.0
3627 1420.0
3628 1420.0
3629 1420.0
3630 1420.0
3631 1420.0
3632 1420.0
3633 1420.0
3634 1420.0
3635 1420.0
3636 1420.0
3637 1418.0
3638 1418.0
3639 1418.0
3640 1418.0
3641 1418.0
3642 1418.0
3643 1418.0
3644 1418.0
3645 1418.0
3646 1418.0
3647 1417.0
3648 1417.0
3649 1417.0
3650 1417.0
3651 1417.0
3652 1417.0
3653 1417.0
3654 1417.0
3655 1417.0
3656 1417.0
3657 1416.0
3658 1416.0
3659 1416.0
3660 1416.0
3661 1416.0
3662 1416.0
3663 1416.0
3664 1416.0
3665 1416.0
3666 1416.0
3667 1416.0
3668 1416.0
3669 1416.0
3670 1416.0
3671 1416.0
3672 1416.0
3673 1416.0
3674 1416.0
3675 1416.0
3676 1416.0
3677 1416.0
3678 1416.0
3679 1416.0
3680 1416.0
3681 1416.0
3682 1416.0
3683 1416.0
3684 1416.0
3685 1416.0
3686 1416.0
3687 1416.0
3688 1416.0
3689 1416.0
3690 1416.0
3691 1416.0
3692 1416.0
3693 1416.0
3694 1414.0
3695 1414.0
3696 1414.0
3697 1414.0
3698 1414.0
3699 1414.0
3700 1414.0
3701 1414.0
3702 1414.0
3703 1414.0
3704 1414.0
3705 1414.0
3706 1414.0
3707 1414.0
3708 1414.0
3709 1414.0
3710 1414.0
3711 1414.0
3712 1414.0
3713 1414.0
3714 1414.0
3715 1414.0
3716 1414.0
3717 1414.0
3718 1414.0
3719 1414.0
3720 1414.0
3721 1414.0
3722 1414.0
3723 1414.0
3724 1407.0
3725 1407.0
3726 1407.0
3727 1407.0
3728 1407.0
3729 1407.0
3730 1407.0
3731 1407.0
3732 1407.0
3733 1407.0
3734 1407.0
3735 1407.0
3736 1407.0
3737 1407.0
3738 1407.0
3739 1407.0
3740 1407.0
3741 1407.0
3742 1407.0
3743 1407.0
3744 1407.0
3745 1407.0
3746 1407.0
3747 1407.0
3748 1407.0
3749 1407.0
3750 1407.0
3751 1407.0
3752 1407.0
3753 1407.0
3754 1407.0
3755 1407.0
3756 1407.0
3757 1407.0
3758 1407.0
3759 1407.0
3760 1407.0
3761 1407.0
3762 1407.0
3763 1407.0
3764 1407.0
3765 1407.0
3766 1407.0
3767 1407.0
3768 1407.0
3769 1407.0
3770 1407.0
3771 1407.0
3772 1407.0
3773 1407.0
3774 1407.0
3775 1407.0
3776 1407.0
3777 1407.0
3778 1407.0
3779 1407.0
3780 1407.0
3781 1407.0
3782 1407.0
3783 1407.0
3784 1407.0
3785 1407.0
3786 1407.0
3787 1407.0
3788 1407.0
3789 1407.0
3790 1407.0
3791 1407.0
3792 1407.0
3793 1405.0
3794 1405.0
3795 1405.0
3796 1405.0
3797 1405.0
3798 1405.0
3799 1405.0
3800 1405.0
3801 1405.0
3802 1405.0
3803 1405.0
3804 1405.0
3805 1405.0
3806 1405.0
3807 1405.0
3808 1405.0
3809 1405.0
3810 1405.0
3811 1405.0
3812 1405.0
3813 1401.0
3814 1401.0
3815 1401.0
3816 1401.0
3817 1401.0
3818 1401.0
3819 1401.0
3820 1401.0
3821 1401.0
3822 1401.0
3823 1401.0
3824 1401.0
3825 1401.0
3826 1401.0
3827 1401.0
3828 1401.0
3829 1401.0
3830 1401.0
3831 1401.0
3832 1401.0
3833 1401.0
3834 1401.0
3835 1401.0
3836 1401.0
3837 1401.0
3838 1401.0
3839 1401.0
3840 1401.0
3841 1401.0
3842 1401.0
3843 1401.0
3844 1401.0
3845 1401.0
3846 1401.0
3847 1401.0
3848 1401.0
3849 1401.0
3850 1401.0
3851 1401.0
3852 1401.0
3853 1401.0
3854 1401.0
3855 1401.0
3856 1401.0
3857 1401.0
3858 1401.0
3859 1401.0
3860 1401.0
3861 1401.0
3862 1401.0
3863 1401.0
3864 1401.0
3865 1401.0
3866 1401.0
3867 1401.0
3868 1401.0
3869 1401.0
3870 1401.0
3871 1401.0
3872 1401.0
3873 1401.0
3874 1401.0
3875 1401.0
3876 1401.0
3877 1401.0
3878 1401.0
3879 1401.0
3880 1401.0
3881 1401.0
3882 1401.0
3883 1401.0
3884 1401.0
3885 1401.0
3886 1401.0
3887 1401.0
3888 1401.0
3889 1401.0
3890 1401.0
3891 1401.0
3892 1401.0
3893 1401.0
3894 1401.0
3895 1401.0
3896 1401.0
3897 1401.0
3898 1401.0
3899 1401.0
3900 1401.0
3901 1401.0
3902 1401.0
3903 1401.0
3904 1401.0
3905 1401.0
3906 1401.0
3907 1401.0
3908 1401.0
3909 1401.0
3910 1401.0
3911 1401.0
3912 1401.0
3913 1401.0
3914 1401.0
3915 1401.0
3916 1399.0
3917 1399.0
3918 1399.0
3919 1399.0
3920 1399.0
3921 1399.0
3922 1399.0
3923 1399.0
3924 1399.0
3925 1399.0
3926 1399.0
3927 1399.0
3928 1399.0
3929 1399.0
3930 1399.0
3931 1399.0
3932 1399.0
3933 1399.0
3934 1399.0
3935 1399.0
3936 1399.0
3937 1399.0
3938 1399.0
3939 1399.0
3940 1399.0
3941 1399.0
3942 1399.0
3943 1399.0
3944 1399.0
3945 1399.0
3946 1399.0
3947 1399.0
3948 1399.0
3949 1399.0
3950 1399.0
3951 1399.0
3952 1399.0
3953 1399.0
3954 1397.0
3955 1397.0
3956 1397.0
3957 1397.0
3958 1397.0
3959 1397.0
3960 1397.0
3961 1397.0
3962 1397.0
3963 1397.0
3964 1397.0
3965 1397.0
3966 1395.0
3967 1395.0
3968 1395.0
3969 1395.0
3970 1395.0
3971 1395.0
3972 1395.0
3973 1395.0
3974 1395.0
3975 1395.0
3976 1395.0
3977 1395.0
3978 1395.0
3979 1395.0
3980 1395.0
3981 1395.0
3982 1395.0
3983 1395.0
3984 1395.0
3985 1395.0
3986 1395.0
3987 1395.0
3988 1395.0
3989 1395.0
3990 1395.0
3991 1395.0
3992 1395.0
3993 1395.0
3994 1395.0
3995 1395.0
3996 1395.0
3997 1395.0
3998 1395.0
3999 1395.0
4000 1395.0
4001 1395.0
4002 1395.0
4003 1395.0
4004 1395.0
4005 1395.0
4006 1395.0
4007 1395.0
4008 1395.0
4009 1395.0
4010 1395.0
4011 1395.0
4012 1395.0
4013 1395.0
4014 1395.0
4015 1395.0
4016 1395.0
4017 1395.0
4018 1395.0
4019 1395.0
4020 1395.0
4021 1395.0
4022 1395.0
4023 1395.0
4024 1395.0
4025 1395.0
4026 1395.0
4027 1395.0
4028 1395.0
4029 1395.0
4030 1395.0
4031 1395.0
4032 1395.0
4033 1395.0
4034 1395.0
4035 1395.0
4036 1395.0
4037 1395.0
4038 1395.0
4039 1395.0
4040 1395.0
4041 1395.0
4042 1395.0
4043 1395.0
4044 1395.0
4045 1395.0
4046 1395.0
4047 1395.0
4048 1395.0
4049 1395.0
4050 1395.0
4051 1395.0
4052 1395.0
4053 1395.0
4054 1395.0
4055 1395.0
4056 1395.0
4057 1395.0
4058 1395.0
4059 1395.0
4060 1395.0
4061 1395.0
4062 1395.0
4063 1395.0
4064 1395.0
4065 1395.0
4066 1395.0
4067 1395.0
4068 1395.0
4069 1395.0
4070 1395.0
4071 1395.0
4072 1395.0
4073 1395.0
4074 1395.0
4075 1395.0
4076 1395.0
4077 1395.0
4078 1395.0
4079 1395.0
4080 1395.0
4081 1395.0
4082 1395.0
4083 1395.0
4084 1395.0
4085 1395.0
4086 1395.0
4087 1395.0
4088 1395.0
4089 1395.0
4090 1395.0
4091 1395.0
4092 1395.0
4093 1395.0
4094 1395.0
4095 1395.0
4096 1395.0
4097 1395.0
4098 1395.0
4099 1395.0
4100 1395.0
4101 1395.0
4102 1395.0
4103 1395.0
4104 1395.0
4105 1395.0
4106 1395.0
4107 1395.0
4108 1395.0
4109 1395.0
4110 1395.0
4111 1395.0
4112 1395.0
4113 1395.0
4114 1395.0
4115 1395.0
4116 1395.0
4117 1395.0
4118 1395.0
4119 1395.0
4120 1395.0
4121 1395.0
4122 1395.0
4123 1395.0
4124 1395.0
4125 1395.0
4126 1395.0
4127 1395.0
4128 1395.0
4129 1395.0
4130 1395.0
4131 1395.0
4132 1395.0
4133 1395.0
4134 1395.0
4135 1395.0
4136 1395.0
4137 1395.0
4138 1395.0
4139 1395.0
4140 1395.0
4141 1395.0
4142 1395.0
4143 1395.0
4144 1395.0
4145 1395.0
4146 1395.0
4147 1395.0
4148 1395.0
4149 1395.0
4150 1395.0
4151 1395.0
4152 1395.0
4153 1395.0
4154 1395.0
4155 1395.0
4156 1395.0
4157 1395.0
4158 1395.0
4159 1395.0
4160 1395.0
4161 1395.0
4162 1395.0
4163 1395.0
4164 1395.0
4165 1395.0
4166 1395.0
4167 1395.0
4168 1395.0
4169 1395.0
4170 1395.0
4171 1395.0
4172 1395.0
4173 1395.0
4174 1395.0
4175 1395.0
4176 1395.0
4177 1395.0
4178 1395.0
4179 1395.0
4180 1395.0
4181 1395.0
4182 1395.0
4183 1395.0
4184 1395.0
4185 1395.0
4186 1395.0
4187 1395.0
4188 1395.0
4189 1395.0
4190 1395.0
4191 1395.0
4192 1395.0
4193 1395.0
4194 1395.0
4195 1393.0
4196 1393.0
4197 1393.0
4198 1393.0
4199 1393.0
4200 1393.0
4201 1393.0
4202 1393.0
4203 1393.0
4204 1393.0
4205 1393.0
4206 1393.0
4207 1393.0
4208 1393.0
4209 1393.0
4210 1393.0
4211 1393.0
4212 1393.0
4213 1393.0
4214 1393.0
4215 1393.0
4216 1393.0
4217 1393.0
4218 1393.0
4219 1393.0
4220 1393.0
4221 1393.0
4222 1393.0
4223 1393.0
4224 1393.0
4225 1393.0
4226 1393.0
4227 1393.0
4228 1393.0
4229 1393.0
4230 1393.0
4231 1393.0
4232 1393.0
4233 1393.0
4234 1393.0
4235 1393.0
4236 1393.0
4237 1393.0
4238 1393.0
4239 1393.0
4240 1393.0
4241 1393.0
4242 1393.0
4243 1393.0
4244 1393.0
4245 1393.0
4246 1393.0
4247 1393.0
4248 1393.0
4249 1393.0
4250 1393.0
4251 1393.0
4252 1393.0
4253 1393.0
4254 1393.0
4255 1393.0
4256 1393.0
4257 1393.0
4258 1393.0
4259 1393.0
4260 1393.0
4261 1393.0
4262 1393.0
4263 1393.0
4264 1393.0
4265 1393.0
4266 1393.0
4267 1393.0
4268 1393.0
4269 1393.0
4270 1393.0
4271 1393.0
4272 1393.0
4273 1393.0
4274 1393.0
4275 1393.0
4276 1393.0
4277 1393.0
4278 1393.0
4279 1393.0
4280 1393.0
4281 1393.0
4282 1393.0
4283 1393.0
4284 1393.0
4285 1393.0
4286 1393.0
4287 1393.0
4288 1393.0
4289 1393.0
4290 1393.0
4291 1393.0
4292 1393.0
4293 1393.0
4294 1393.0
4295 1393.0
4296 1393.0
4297 1393.0
4298 1393.0
4299 1393.0
4300 1393.0
4301 1393.0
4302 1393.0
4303 1393.0
4304 1393.0
4305 1393.0
4306 1393.0
4307 1393.0
4308 1393.0
4309 1393.0
4310 1393.0
4311 1393.0
4312 1393.0
4313 1393.0
4314 1393.0
4315 1393.0
4316 1393.0
4317 1393.0
4318 1393.0
4319 1393.0
4320 1393.0
4321 1393.0
4322 1393.0
4323 1393.0
4324 1393.0
4325 1393.0
4326 1393.0
4327 1393.0
4328 1393.0
4329 1393.0
4330 1393.0
4331 1393.0
4332 1393.0
4333 1393.0
4334 1393.0
4335 1393.0
4336 1393.0
4337 1393.0
4338 1393.0
4339 1393.0
4340 1393.0
4341 1393.0
4342 1393.0
4343 1393.0
4344 1393.0
4345 1393.0
4346 1393.0
4347 1393.0
4348 1393.0
4349 1393.0
4350 1393.0
4351 1393.0
4352 1393.0
4353 1393.0
4354 1393.0
4355 1393.0
4356 1393.0
4357 1393.0
4358 1393.0
4359 1393.0
4360 1393.0
4361 1393.0
4362 1393.0
4363 1393.0
4364 1393.0
4365 1393.0
4366 1393.0
4367 1393.0
4368 1393.0
4369 1393.0
4370 1393.0
4371 1393.0
4372 1393.0
4373 1393.0
4374 1393.0
4375 1393.0
4376 1393.0
4377 1393.0
4378 1393.0
4379 1393.0
4380 1393.0
4381 1393.0
4382 1393.0
4383 1393.0
4384 1393.0
4385 1393.0
4386 1393.0
4387 1393.0
4388 1393.0
4389 1393.0
4390 1393.0
4391 1393.0
4392 1393.0
4393 1393.0
4394 1393.0
4395 1393.0
4396 1393.0
4397 1393.0
4398 1393.0
4399 1393.0
4400 1393.0
4401 1393.0
4402 1393.0
4403 1393.0
4404 1393.0
4405 1393.0
4406 1393.0
4407 1393.0
4408 1393.0
4409 1393.0
4410 1393.0
4411 1393.0
4412 1393.0
4413 1393.0
4414 1393.0
4415 1393.0
4416 1393.0
4417 1393.0
4418 1393.0
4419 1393.0
4420 1393.0
4421 1393.0
4422 1393.0
4423 1393.0
4424 1393.0
4425 1393.0
4426 1393.0
4427 1393.0
4428 1393.0
4429 1393.0
4430 1393.0
4431 1393.0
4432 1393.0
4433 1393.0
4434 1393.0
4435 1393.0
4436 1393.0
4437 1393.0
4438 1393.0
4439 1393.0
4440 1393.0
4441 1393.0
4442 1393.0
4443 1393.0
4444 1393.0
4445 1393.0
4446 1393.0
4447 1393.0
4448 1393.0
4449 1393.0
4450 1393.0
4451 1393.0
4452 1393.0
4453 1393.0
4454 1393.0
4455 1393.0
4456 1393.0
4457 1393.0
4458 1393.0
4459 1393.0
4460 1393.0
4461 1393.0
4462 1393.0
4463 1393.0
4464 1393.0
4465 1393.0
4466 1393.0
4467 1393.0
4468 1393.0
4469 1393.0
4470 1393.0
4471 1393.0
4472 1393.0
4473 1393.0
4474 1393.0
4475 1393.0
4476 1393.0
4477 1393.0
4478 1393.0
4479 1393.0
4480 1393.0
4481 1393.0
4482 1393.0
4483 1393.0
4484 1393.0
4485 1393.0
4486 1393.0
4487 1393.0
4488 1393.0
4489 1393.0
4490 1393.0
4491 1393.0
4492 1393.0
4493 1393.0
4494 1393.0
4495 1393.0
4496 1393.0
4497 1393.0
4498 1393.0
4499 1393.0
4500 1393.0
4501 1393.0
4502 1393.0
4503 1393.0
4504 1393.0
4505 1393.0
4506 1391.0
4507 1391.0
4508 1391.0
4509 1391.0
4510 1391.0
4511 1391.0
4512 1391.0
4513 1391.0
4514 1391.0
4515 1391.0
4516 1391.0
4517 1391.0
4518 1391.0
4519 1391.0
4520 1391.0
4521 1391.0
4522 1391.0
4523 1391.0
4524 1391.0
4525 1391.0
4526 1391.0
4527 1391.0
4528 1391.0
4529 1391.0
4530 1391.0
4531 1391.0
4532 1391.0
4533 1391.0
4534 1391.0
4535 1391.0
4536 1391.0
4537 1391.0
4538 1391.0
4539 1391.0
4540 1391.0
4541 1391.0
4542 1391.0
4543 1391.0
4544 1391.0
4545 1391.0
4546 1391.0
4547 1391.0
4548 1391.0
4549 1391.0
4550 1391.0
4551 1391.0
4552 1391.0
4553 1391.0
4554 1391.0
4555 1391.0
4556 1391.0
4557 1391.0
4558 1391.0
4559 1391.0
4560 1391.0
4561 1391.0
4562 1391.0
4563 1391.0
4564 1391.0
4565 1391.0
4566 1391.0
4567 1391.0
4568 1391.0
4569 1391.0
4570 1391.0
4571 1391.0
4572 1391.0
4573 1391.0
4574 1383.0
4575 1383.0
4576 1383.0
4577 1383.0
4578 1383.0
4579 1383.0
4580 1383.0
4581 1383.0
4582 1383.0
4583 1383.0
4584 1383.0
4585 1383.0
4586 1383.0
4587 1383.0
4588 1383.0
4589 1383.0
4590 1383.0
4591 1383.0
4592 1383.0
4593 1383.0
4594 1383.0
4595 1383.0
4596 1383.0
4597 1383.0
4598 1383.0
4599 1383.0
4600 1383.0
4601 1383.0
4602 1383.0
4603 1383.0
4604 1383.0
4605 1383.0
4606 1383.0
4607 1383.0
4608 1383.0
4609 1383.0
4610 1383.0
4611 1383.0
4612 1383.0
4613 1383.0
4614 1383.0
4615 1383.0
4616 1383.0
4617 1383.0
4618 1383.0
4619 1382.0
4620 1382.0
4621 1382.0
4622 1382.0
4623 1381.0
4624 1381.0
4625 1381.0
4626 1381.0
4627 1377.0
4628 1377.0
4629 1376.0
4630 1368.0
4631 1368.0
4632 1362.0
4633 1361.0
4634 1361.0
4635 1361.0
4636 1361.0
4637 1361.0
4638 1361.0
4639 1361.0
4640 1361.0
4641 1360.0
4642 1360.0
4643 1360.0
4644 1360.0
4645 1360.0
4646 1360.0
4647 1360.0
4648 1360.0
4649 1360.0
4650 1360.0
4651 1360.0
4652 1359.0
4653 1359.0
4654 1359.0
4655 1359.0
4656 1357.0
4657 1357.0
4658 1357.0
4659 1357.0
4660 1357.0
4661 1355.0
4662 1355.0
4663 1355.0
4664 1355.0
4665 1355.0
4666 1355.0
4667 1355.0
4668 1355.0
4669 1355.0
4670 1355.0
4671 1355.0
4672 1355.0
4673 1355.0
4674 1355.0
4675 1355.0
4676 1355.0
4677 1355.0
4678 1355.0
4679 1355.0
4680 1355.0
4681 1355.0
4682 1355.0
4683 1355.0
4684 1355.0
4685 1355.0
4686 1355.0
4687 1355.0
4688 1355.0
4689 1355.0
4690 1355.0
4691 1355.0
4692 1355.0
4693 1355.0
4694 1355.0
4695 1355.0
4696 1355.0
4697 1355.0
4698 1355.0
4699 1355.0
4700 1355.0
4701 1355.0
4702 1355.0
4703 1355.0
4704 1355.0
4705 1355.0
4706 1355.0
4707 1355.0
4708 1355.0
4709 1355.0
4710 1355.0
4711 1355.0
4712 1355.0
4713 1355.0
4714 1355.0
4715 1355.0
4716 1351.0
4717 1351.0
4718 1351.0
4719 1351.0
4720 1351.0
4721 1351.0
4722 1351.0
4723 1351.0
4724 1347.0
4725 1347.0
4726 1347.0
4727 1347.0
4728 1347.0
4729 1347.0
4730 1347.0
4731 1347.0
4732 1347.0
4733 1347.0
4734 1347.0
4735 1347.0
4736 1347.0
4737 1347.0
4738 1340.0
4739 1340.0
4740 1340.0
4741 1340.0
4742 1334.0
4743 1331.0
4744 1331.0
4745 1331.0
4746 1331.0
4747 1320.0
4748 1320.0
4749 1320.0
4750 1320.0
4751 1320.0
4752 1318.0
4753 1318.0
4754 1318.0
4755 1318.0
4756 1318.0
4757 1318.0
4758 1318.0
4759 1318.0
4760 1318.0
4761 1318.0
4762 1318.0
4763 1318.0
4764 1318.0
4765 1318.0
4766 1318.0
4767 1318.0
4768 1318.0
4769 1318.0
4770 1318.0
4771 1318.0
4772 1318.0
4773 1318.0
4774 1318.0
4775 1318.0
4776 1318.0
4777 1318.0
4778 1318.0
4779 1318.0
4780 1318.0
4781 1315.0
4782 1315.0
4783 1315.0
4784 1315.0
4785 1315.0
4786 1315.0
4787 1315.0
4788 1315.0
4789 1315.0
4790 1315.0
4791 1315.0
4792 1315.0
4793 1315.0
4794 1315.0
4795 1315.0
4796 1315.0
4797 1315.0
4798 1315.0
4799 1315.0
4800 1315.0
4801 1315.0
4802 1315.0
4803 1315.0
4804 1315.0
4805 1315.0
4806 1315.0
4807 1315.0
4808 1315.0
4809 1315.0
4810 1315.0
4811 1315.0
4812 1315.0
4813 1315.0
4814 1315.0
4815 1315.0
4816 1315.0
4817 1315.0
4818 1315.0
4819 1315.0
4820 1315.0
4821 1315.0
4822 1315.0
4823 1315.0
4824 1315.0
4825 1315.0
4826 1315.0
4827 1315.0
4828 1315.0
4829 1315.0
4830 1314.0
4831 1314.0
4832 1314.0
4833 1314.0
4834 1310.0
4835 1310.0
4836 1310.0
4837 1310.0
4838 1310.0
4839 1310.0
4840 1310.0
4841 1310.0
4842 1310.0
4843 1310.0
4844 1310.0
4845 1310.0
4846 1310.0
4847 1310.0
4848 1310.0
4849 1310.0
4850 1310.0
4851 1310.0
4852 1310.0
4853 1310.0
4854 1310.0
4855 1310.0
4856 1310.0
4857 1310.0
4858 1310.0
4859 1310.0
4860 1310.0
4861 1310.0
4862 1310.0
4863 1310.0
4864 1310.0
4865 1310.0
4866 1310.0
4867 1310.0
4868 1310.0
4869 1310.0
4870 1310.0
4871 1310.0
4872 1310.0
4873 1310.0
4874 1310.0
4875 1310.0
4876 1310.0
4877 1310.0
4878 1310.0
4879 1310.0
4880 1310.0
4881 1310.0
4882 1310.0
4883 1310.0
4884 1310.0
4885 1310.0
4886 1310.0
4887 1310.0
4888 1310.0
4889 1310.0
4890 1310.0
4891 1310.0
4892 1310.0
4893 1310.0
4894 1310.0
4895 1310.0
4896 1309.0
4897 1309.0
4898 1309.0
4899 1309.0
4900 1309.0
4901 1309.0
4902 1309.0
4903 1309.0
4904 1309.0
4905 1309.0
4906 1309.0
4907 1309.0
4908 1309.0
4909 1309.0
4910 1309.0
4911 1309.0
4912 1309.0
4913 1309.0
4914 1309.0
4915 1309.0
4916 1309.0
4917 1309.0
4918 1309.0
4919 1309.0
4920 1309.0
4921 1309.0
4922 1309.0
4923 1309.0
4924 1309.0
4925 1309.0
4926 1309.0
4927 1309.0
4928 1309.0
4929 1309.0
4930 1309.0
4931 1309.0
4932 1309.0
4933 1309.0
4934 1309.0
4935 1309.0
4936 1309.0
4937 1309.0
4938 1309.0
4939 1309.0
4940 1309.0
4941 1309.0
4942 1309.0
4943 1309.0
4944 1309.0
4945 1309.0
4946 1309.0
4947 1309.0
4948 1309.0
4949 1309.0
4950 1309.0
4951 1309.0
4952 1305.0
4953 1305.0
4954 1303.0
4955 1303.0
4956 1303.0
4957 1303.0
4958 1303.0
4959 1303.0
4960 1298.0
4961 1298.0
4962 1298.0
4963 1298.0
4964 1298.0
4965 1298.0
4966 1298.0
4967 1298.0
4968 1298.0
4969 1298.0
4970 1298.0
4971 1298.0
4972 1298.0
4973 1298.0
4974 1298.0
4975 1298.0
4976 1298.0
4977 1298.0
4978 1298.0
4979 1298.0
4980 1298.0
4981 1298.0
4982 1298.0
4983 1295.0
4984 1295.0
4985 1295.0
4986 1295.0
4987 1295.0
4988 1295.0
4989 1295.0
4990 1295.0
4991 1295.0
4992 1295.0
4993 1295.0
4994 1295.0
4995 1295.0
4996 1295.0
4997 1295.0
4998 1295.0
4999 1295.0
