0 37299.0
1 37285.0
2 37285.0
3 37240.0
4 37240.0
5 36985.0
6 36941.0
7 36815.0
8 36812.0
9 36788.0
10 36632.0
11 36582.0
12 36408.0
13 36235.0
14 36192.0
15 36155.0
16 36031.0
17 35709.0
18 35553.0
19 35553.0
20 35431.0
21 35431.0
22 35334.0
23 35333.0
24 35333.0
25 34811.0
26 34638.0
27 34517.0
28 34517.0
29 34506.0
30 34497.0
31 34497.0
32 34487.0
33 34453.0
34 34453.0
35 34443.0
36 34443.0
37 34443.0
38 34443.0
39 34147.0
40 34147.0
41 34147.0
42 34131.0
43 34014.0
44 34012.0
45 34012.0
46 34007.0
47 33978.0
48 33864.0
49 32839.0
50 31991.0
51 31991.0
52 31988.0
53 31988.0
54 31957.0
55 31944.0
56 31841.0
57 31742.0
58 31718.0
59 31580.0
60 31484.0
61 31452.0
62 31388.0
63 31368.0
64 31368.0
65 31018.0
66 30987.0
67 30893.0
68 30801.0
69 30799.0
70 30772.0
71 30682.0
72 30594.0
73 30581.0
74 30581.0
75 30581.0
76 30581.0
77 27349.0
78 27121.0
79 27119.0
80 26829.0
81 26822.0
82 26721.0
83 26586.0
84 26586.0
85 26181.0
86 26181.0
87 26160.0
88 26050.0
89 26047.0
90 25931.0
91 25860.0
92 25860.0
93 25767.0
94 25766.0
95 25521.0
96 25014.0
97 24983.0
98 24983.0
99 24954.0
100 24785.0
101 24743.0
102 24454.0
103 24454.0
104 24454.0
105 24454.0
106 24454.0
107 23586.0
108 23471.0
109 23471.0
110 23359.0
111 23113.0
112 23106.0
113 23106.0
114 22817.0
115 22747.0
116 22747.0
117 22747.0
118 22747.0
119 19339.0
120 19311.0
121 19308.0
122 19308.0
123 19295.0
124 19263.0
125 19245.0
126 19188.0
127 19188.0
128 19188.0
129 19164.0
130 19164.0
131 19164.0
132 19164.0
133 18767.0
134 13466.0
135 13466.0
136 13380.0
137 13339.0
138 13306.0
139 13306.0
140 13306.0
141 13304.0
142 13304.0
143 13274.0
144 12964.0
145 12963.0
146 12963.0
147 12963.0
148 12963.0
149 12963.0
150 12952.0
151 12952.0
152 12897.0
153 12897.0
154 12784.0
155 12740.0
156 12740.0
157 12740.0
158 12725.0
159 12659.0
160 12659.0
161 12659.0
162 12659.0
163 12554.0
164 12554.0
165 12548.0
166 12485.0
167 12485.0
168 12446.0
169 12445.0
170 12387.0
171 12245.0
172 12245.0
173 12245.0
174 12245.0
175 12245.0
176 12245.0
177 12245.0
178 12245.0
179 12245.0
180 12245.0
181 12245.0
192 11875.0
193 11875.0
194 11875.0
195 11875.0
196 11773.0
197 11760.0
198 11760.0
199 11760.0
200 11760.0
201 11559.0
202 11559.0
203 11559.0
204 11481.0
205 11481.0
206 11481.0
207 11426.0
208 11426.0
209 11419.0
210 11285.0
211 11232.0
212 11211.0
213 11211.0
214 11144.0
215 11144.0
216 11144.0
217 11144.0
218 11121.0
219 11018.0
220 11018.0
221 11018.0
222 11018.0
223 11018.0
224 10971.0
225 10971.0
226 10971.0
227 10971.0
228 10926.0
229 10926.0
230 10926.0
231 10806.0
232 10806.0
233 10806.0
234 10806.0
235 10795.0
236 10795.0
237 10795.0
238 10795.0
239 10795.0
240 10754.0
241 10754.0
242 10732.0
243 10693.0
244 10693.0
245 10693.0
246 10693.0
247 10693.0
248 10693.0
249 10693.0
250 10693.0
251 10693.0
252 10693.0
253 10636.0
254 10636.0
255 10636.0
256 10636.0
257 10636.0
258 10636.0
259 10636.0
260 10636.0
261 10598.0
262 10374.0
263 10374.0
264 10374.0
265 10374.0
266 10372.0
267 10317.0
268 10317.0
269 10317.0
270 10317.0
271 10306.0
272 10306.0
273 10300.0
274 10300.0
275 10168.0
276 10139.0
277 10139.0
278 10139.0
279 10040.0
280 10014.0
281 10014.0
282 9991.0
283 9921.0
284 9919.0
285 9919.0
286 9919.0
287 9895.0
288 9895.0
289 9895.0
290 9895.0
291 9895.0
292 9895.0
293 9895.0
294 9895.0
295 9895.0
296 9895.0
297 9895.0
308 10148.0
309 10148.0
310 10148.0
311 10141.0
312 10086.0
313 10086.0
314 10071.0
315 10068.0
316 10068.0
317 10034.0
318 10034.0
319 10034.0
320 10002.0
321 9986.0
322 9986.0
323 9986.0
324 9986.0
325 9591.0
326 9591.0
327 9591.0
328 9591.0
329 9591.0
330 9591.0
331 9591.0
332 9547.0
333 9547.0
334 9525.0
335 9525.0
336 9525.0
337 9147.0
338 9139.0
339 9134.0
340 9115.0
341 9115.0
342 9115.0
343 9115.0
344 9115.0
345 9115.0
346 9115.0
347 9091.0
348 8749.0
349 8749.0
350 8749.0
351 8724.0
352 8724.0
353 8696.0
354 8696.0
355 8696.0
356 8414.0
357 8411.0
358 8378.0
359 8366.0
360 8366.0
361 8346.0
362 8337.0
363 8332.0
364 8191.0
365 8189.0
366 8189.0
367 8189.0
368 8161.0
369 8144.0
370 8144.0
371 8090.0
372 8090.0
373 8090.0
374 8090.0
375 8090.0
376 8090.0
377 7025.0
378 6992.0
379 6988.0
380 6984.0
381 6967.0
382 6967.0
383 6951.0
384 6951.0
385 6927.0
386 6927.0
387 6927.0
388 6927.0
389 6883.0
390 6877.0
391 6542.0
392 6542.0
393 6541.0
394 6540.0
395 6336.0
396 6334.0
397 6334.0
398 6328.0
399 6065.0
400 6062.0
401 5986.0
402 5974.0
403 5947.0
404 5947.0
405 5938.0
406 5938.0
407 5925.0
408 5925.0
409 5919.0
410 5919.0
411 5903.0
412 5903.0
413 5903.0
414 5903.0
415 5887.0
416 5886.0
417 5886.0
418 5886.0
419 5872.0
420 5872.0
421 5862.0
422 5862.0
423 5862.0
424 5862.0
425 5862.0
426 5862.0
427 5862.0
428 5862.0
429 5862.0
430 5862.0
431 5862.0
442 5845.0
443 5835.0
444 5835.0
445 5835.0
446 5835.0
447 5835.0
448 5835.0
449 5829.0
450 5829.0
451 5794.0
452 5794.0
453 5794.0
454 5794.0
455 5787.0
456 5787.0
457 5787.0
458 5787.0
459 5787.0
460 5747.0
461 5747.0
462 5677.0
463 5667.0
464 5667.0
465 5601.0
466 5587.0
467 5587.0
468 5587.0
469 5561.0
470 5555.0
471 5516.0
472 5516.0
473 5516.0
474 5516.0
475 5516.0
476 5516.0
477 5516.0
478 5507.0
479 5507.0
480 5507.0
481 5507.0
482 5507.0
483 5507.0
484 5445.0
485 5427.0
486 5427.0
487 5427.0
488 5427.0
489 5427.0
490 5427.0
491 5411.0
492 5398.0
493 5398.0
494 5380.0
495 5323.0
496 5323.0
497 5208.0
498 5208.0
499 5208.0
500 5208.0
501 5208.0
502 5206.0
503 5199.0
504 5199.0
505 5186.0
506 5186.0
507 5186.0
508 5186.0
509 5186.0
510 5186.0
511 5186.0
512 5179.0
513 5179.0
514 5179.0
515 5179.0
516 5179.0
517 5179.0
518 5179.0
519 5179.0
520 5179.0
521 5179.0
522 5179.0
533 5202.0
534 5177.0
535 5177.0
536 5131.0
537 5131.0
538 5125.0
539 5125.0
540 5125.0
541 5125.0
542 5115.0
543 5115.0
544 5115.0
545 5115.0
546 5115.0
547 5113.0
548 5039.0
549 5039.0
550 5039.0
551 5039.0
552 5039.0
553 5037.0
554 5037.0
555 5027.0
556 5027.0
557 5009.0
558 5009.0
559 5009.0
560 5009.0
561 5009.0
562 5009.0
563 5009.0
564 5009.0
565 5009.0
566 5009.0
567 5009.0
578 5029.0
579 5006.0
580 5006.0
581 5006.0
582 5006.0
583 5004.0
584 4980.0
585 4951.0
586 4951.0
587 4939.0
588 4939.0
589 4939.0
590 4939.0
591 4939.0
592 4743.0
593 4711.0
594 4685.0
595 4683.0
596 4683.0
597 4679.0
598 4679.0
599 4679.0
600 4679.0
601 4679.0
602 4679.0
603 4679.0
604 4663.0
605 4662.0
606 4662.0
607 4662.0
608 4662.0
609 4662.0
610 4662.0
611 4662.0
612 4662.0
613 4662.0
614 4662.0
615 4662.0
626 4649.0
627 4649.0
628 4649.0
629 4649.0
630 4649.0
631 4649.0
632 4649.0
633 4631.0
634 4631.0
635 4631.0
636 4631.0
637 4631.0
638 4631.0
639 4272.0
640 4247.0
641 4247.0
642 4222.0
643 4222.0
644 4217.0
645 4217.0
646 4217.0
647 4166.0
648 4114.0
649 4114.0
650 4114.0
651 4110.0
652 4110.0
653 4110.0
654 4110.0
655 4110.0
656 4110.0
657 4110.0
658 4110.0
659 4110.0
660 4110.0
661 4059.0
662 4059.0
663 4059.0
664 4056.0
665 4056.0
666 4056.0
667 4056.0
668 4056.0
669 4056.0
670 4056.0
671 4056.0
672 4056.0
673 4042.0
674 4042.0
675 4042.0
676 4042.0
677 4042.0
678 4042.0
679 4042.0
680 4042.0
681 4042.0
682 4042.0
683 4042.0
694 4035.0
695 4035.0
696 4034.0
697 4022.0
698 4022.0
699 4022.0
700 4022.0
701 4022.0
702 4022.0
703 4022.0
704 4022.0
705 3986.0
706 3986.0
707 3986.0
708 3984.0
709 3984.0
710 3984.0
711 3981.0
712 3981.0
713 3981.0
714 3966.0
715 3966.0
716 3966.0
717 3966.0
718 3966.0
719 3966.0
720 3966.0
721 3966.0
722 3966.0
723 3949.0
724 3949.0
725 3945.0
726 3945.0
727 3943.0
728 3943.0
729 3943.0
730 3943.0
731 3943.0
732 3943.0
733 3943.0
734 3937.0
735 3937.0
736 3937.0
737 3937.0
738 3937.0
739 3937.0
740 3937.0
741 3937.0
742 3937.0
743 3933.0
744 3933.0
745 3933.0
746 3933.0
747 3933.0
748 3933.0
749 3933.0
750 3933.0
751 3933.0
752 3933.0
753 3840.0
754 3840.0
755 3784.0
756 3778.0
757 3771.0
758 3771.0
759 3771.0
760 3771.0
761 3771.0
762 3771.0
763 3762.0
764 3746.0
765 3739.0
766 3717.0
767 3717.0
768 3717.0
769 3717.0
770 3717.0
771 3717.0
772 3707.0
773 3707.0
774 3707.0
775 3701.0
776 3701.0
777 3701.0
778 3701.0
779 3701.0
780 3701.0
781 3629.0
782 3629.0
783 3629.0
784 3353.0
785 3353.0
786 3350.0
787 3343.0
788 3338.0
789 3338.0
790 3338.0
791 3331.0
792 3326.0
793 3321.0
794 3321.0
795 3321.0
796 3321.0
797 3321.0
798 3321.0
799 3321.0
800 3306.0
801 3299.0
802 3299.0
803 3298.0
804 3298.0
805 3298.0
806 3298.0
807 3298.0
808 3298.0
809 3298.0
810 3298.0
811 3296.0
812 3285.0
813 3285.0
814 3285.0
815 3285.0
816 3285.0
817 3285.0
818 3285.0
819 3279.0
820 3279.0
821 3238.0
822 3232.0
823 3232.0
824 3221.0
825 3221.0
826 3221.0
827 3221.0
828 3221.0
829 3221.0
830 3221.0
831 3221.0
832 3221.0
833 3221.0
834 3221.0
845 3162.0
846 3162.0
847 3162.0
848 3162.0
849 3162.0
850 3162.0
851 3162.0
852 3162.0
853 3162.0
854 3162.0
865 3135.0
866 3135.0
867 3135.0
868 3135.0
869 3114.0
870 3111.0
871 3094.0
872 3078.0
873 3078.0
874 3078.0
875 3078.0
876 3078.0
877 3078.0
878 3078.0
879 3078.0
880 3056.0
881 3056.0
882 3053.0
883 3053.0
884 3053.0
885 3053.0
886 3053.0
887 3053.0
888 3052.0
889 3052.0
890 3052.0
891 3052.0
892 3052.0
893 3052.0
894 3052.0
895 3052.0
896 3052.0
897 3052.0
898 3052.0
909 3095.0
910 3095.0
911 3095.0
912 3095.0
913 3095.0
914 3095.0
915 3095.0
916 3095.0
917 3095.0
918 3095.0
929 3040.0
930 3025.0
931 3025.0
932 3025.0
933 3025.0
934 3025.0
935 3017.0
936 3017.0
937 3017.0
938 3017.0
939 3017.0
940 3008.0
941 3008.0
942 3008.0
943 3008.0
944 3008.0
945 3008.0
946 3008.0
947 3008.0
948 3008.0
949 3008.0
950 3008.0
961 2877.0
962 2876.0
963 2876.0
964 2876.0
965 2830.0
966 2830.0
967 2825.0
968 2825.0
969 2824.0
970 2817.0
971 2817.0
972 2814.0
973 2814.0
974 2814.0
975 2814.0
976 2801.0
977 2781.0
978 2756.0
979 2748.0
980 2748.0
981 2748.0
982 2748.0
983 2748.0
984 2748.0
985 2748.0
986 2748.0
987 2748.0
988 2748.0
989 2748.0
1000 2739.0
1001 2739.0
1002 2739.0
1003 2739.0
1004 2739.0
1005 2739.0
1006 2739.0
1007 2739.0
1008 2739.0
1009 2739.0
1020 2740.0
1021 2740.0
1022 2740.0
1023 2740.0
1024 2740.0
1025 2740.0
1026 2740.0
1027 2740.0
1028 2702.0
1029 2702.0
1030 2692.0
1031 2692.0
1032 2692.0
1033 2692.0
1034 2692.0
1035 2692.0
1036 2692.0
1037 2692.0
1038 2692.0
1039 2692.0
1040 2692.0
1051 2595.0
1052 2595.0
1053 2595.0
1054 2595.0
1055 2595.0
1056 2595.0
1057 2595.0
1058 2595.0
1059 2595.0
1060 2590.0
1061 2590.0
1062 2590.0
1063 2590.0
1064 2571.0
1065 2571.0
1066 2571.0
1067 2571.0
1068 2567.0
1069 2567.0
1070 2567.0
1071 2567.0
1072 2567.0
1073 2567.0
1074 2567.0
1075 2564.0
1076 2564.0
1077 2564.0
1078 2564.0
1079 2564.0
1080 2558.0
1081 2558.0
1082 2553.0
1083 2553.0
1084 2553.0
1085 2553.0
1086 2553.0
1087 2553.0
1088 2553.0
1089 2553.0
1090 2550.0
1091 2550.0
1092 2550.0
1093 2550.0
1094 2550.0
1095 2550.0
1096 2550.0
1097 2542.0
1098 2542.0
1099 2542.0
1100 2542.0
1101 2542.0
1102 2542.0
1103 2542.0
1104 2542.0
1105 2532.0
1106 2524.0
1107 2524.0
1108 2524.0
1109 2524.0
1110 2524.0
1111 2524.0
1112 2524.0
1113 2481.0
1114 2481.0
1115 2481.0
1116 2481.0
1117 2481.0
1118 2481.0
1119 2481.0
1120 2481.0
1121 2481.0
1122 2481.0
1123 2481.0
1134 2518.0
1135 2502.0
1136 2502.0
1137 2502.0
1138 2498.0
1139 2496.0
1140 2496.0
1141 2496.0
1142 2496.0
1143 2496.0
1144 2496.0
1145 2496.0
1146 2496.0
1147 2496.0
1148 2488.0
1149 2462.0
1150 2462.0
1151 2462.0
1152 2462.0
1153 2442.0
1154 2442.0
1155 2442.0
1156 2442.0
1157 2442.0
1158 2441.0
1159 2441.0
1160 2441.0
1161 2441.0
1162 2441.0
1163 2441.0
1164 2439.0
1165 2439.0
1166 2353.0
1167 2336.0
1168 2336.0
1169 2333.0
1170 2333.0
1171 2332.0
1172 2332.0
1173 2332.0
1174 2332.0
1175 2305.0
1176 2304.0
1177 2304.0
1178 2304.0
1179 2304.0
1180 2304.0
1181 2304.0
1182 2304.0
1183 2304.0
1184 2304.0
1185 2274.0
1186 2262.0
1187 2262.0
1188 2262.0
1189 2262.0
1190 2262.0
1191 2262.0
1192 2262.0
1193 2262.0
1194 2262.0
1195 2262.0
1196 2262.0
1207 2204.0
1208 2164.0
1209 2084.0
1210 2065.0
1211 2062.0
1212 2062.0
1213 2047.0
1214 2040.0
1215 2040.0
1216 2040.0
1217 2040.0
1218 2028.0
1219 2022.0
1220 2022.0
1221 2022.0
1222 2022.0
1223 2008.0
1224 1993.0
1225 1993.0
1226 1991.0
1227 1990.0
1228 1990.0
1229 1990.0
1230 1990.0
1231 1989.0
1232 1989.0
1233 1989.0
1234 1974.0
1235 1974.0
1236 1974.0
1237 1974.0
1238 1974.0
1239 1957.0
1240 1957.0
1241 1957.0
1242 1957.0
1243 1957.0
1244 1944.0
1245 1944.0
1246 1943.0
1247 1943.0
1248 1943.0
1249 1939.0
1250 1939.0
1251 1939.0
1252 1939.0
1253 1931.0
1254 1931.0
1255 1927.0
1256 1927.0
1257 1927.0
1258 1927.0
1259 1927.0
1260 1927.0
1261 1927.0
1262 1927.0
1263 1927.0
1264 1927.0
1265 1927.0
1276 1942.0
1277 1942.0
1278 1942.0
1279 1942.0
1280 1942.0
1281 1942.0
1282 1942.0
1283 1931.0
1284 1931.0
1285 1931.0
1286 1931.0
1287 1929.0
1288 1929.0
1289 1929.0
1290 1929.0
1291 1875.0
1292 1875.0
1293 1875.0
1294 1875.0
1295 1875.0
1296 1873.0
1297 1873.0
1298 1873.0
1299 1873.0
1300 1873.0
1301 1873.0
1302 1873.0
1303 1872.0
1304 1872.0
1305 1872.0
1306 1871.0
1307 1871.0
1308 1871.0
1309 1871.0
1310 1864.0
1311 1864.0
1312 1859.0
1313 1859.0
1314 1859.0
1315 1859.0
1316 1857.0
1317 1857.0
1318 1857.0
1319 1857.0
1320 1857.0
1321 1857.0
1322 1837.0
1323 1827.0
1324 1827.0
1325 1827.0
1326 1827.0
1327 1725.0
1328 1715.0
1329 1715.0
1330 1715.0
1331 1715.0
1332 1715.0
1333 1715.0
1334 1715.0
1335 1715.0
1336 1713.0
1337 1713.0
1338 1713.0
1339 1712.0
1340 1712.0
1341 1712.0
1342 1712.0
1343 1712.0
1344 1712.0
1345 1712.0
1346 1712.0
1347 1712.0
1348 1712.0
1349 1712.0
1360 1713.0
1361 1713.0
1362 1697.0
1363 1697.0
1364 1696.0
1365 1696.0
1366 1696.0
1367 1693.0
1368 1689.0
1369 1686.0
1370 1686.0
1371 1686.0
1372 1686.0
1373 1686.0
1374 1686.0
1375 1683.0
1376 1683.0
1377 1683.0
1378 1683.0
1379 1683.0
1380 1683.0
1381 1683.0
1382 1683.0
1383 1683.0
1384 1683.0
1385 1683.0
1396 1675.0
1397 1675.0
1398 1675.0
1399 1675.0
1400 1675.0
1401 1606.0
1402 1532.0
1403 1532.0
1404 1532.0
1405 1531.0
1406 1531.0
1407 1522.0
1408 1522.0
1409 1514.0
1410 1514.0
1411 1509.0
1412 1504.0
1413 1492.0
1414 1489.0
1415 1489.0
1416 1489.0
1417 1486.0
1418 1486.0
1419 1483.0
1420 1483.0
1421 1478.0
1422 1475.0
1423 1475.0
1424 1475.0
1425 1475.0
1426 1475.0
1427 1475.0
1428 1475.0
1429 1475.0
1430 1461.0
1431 1456.0
1432 1456.0
1433 1456.0
1434 1454.0
1435 1454.0
1436 1454.0
1437 1454.0
1438 1454.0
1439 1454.0
1440 1454.0
1441 1454.0
1442 1454.0
1443 1453.0
1444 1444.0
1445 1430.0
1446 1430.0
1447 1430.0
1448 1428.0
1449 1426.0
1450 1426.0
1451 1426.0
1452 1426.0
1453 1426.0
1454 1426.0
1455 1412.0
1456 1412.0
1457 1412.0
1458 1412.0
1459 1412.0
1460 1412.0
1461 1412.0
1462 1412.0
1463 1403.0
1464 1403.0
1465 1403.0
1466 1403.0
1467 1403.0
1468 1403.0
1469 1403.0
1470 1403.0
1471 1403.0
1472 1403.0
1473 1403.0
1484 1414.0
1485 1414.0
1486 1414.0
1487 1414.0
1488 1414.0
1489 1414.0
1490 1414.0
1491 1403.0
1492 1403.0
1493 1403.0
1494 1403.0
1495 1403.0
1496 1401.0
1497 1401.0
1498 1401.0
1499 1401.0
1500 1401.0
1501 1395.0
1502 1395.0
1503 1395.0
1504 1395.0
1505 1395.0
1506 1395.0
1507 1395.0
1508 1395.0
1509 1395.0
1510 1395.0
1511 1395.0
1522 1337.0
1523 1337.0
1524 1337.0
1525 1337.0
1526 1337.0
1527 1337.0
1528 1337.0
1529 1337.0
1530 1337.0
1531 1337.0
1532 1337.0
1543 1339.0
1544 1339.0
1545 1339.0
1546 1339.0
1547 1339.0
1548 1339.0
1549 1339.0
1550 1339.0
1551 1331.0
1552 1331.0
1553 1331.0
1554 1331.0
1555 1331.0
1556 1331.0
1557 1323.0
1558 1323.0
1559 1323.0
1560 1323.0
1561 1317.0
1562 1317.0
1563 1317.0
1564 1305.0
1565 1300.0
1566 1300.0
1567 1300.0
1568 1300.0
1569 1300.0
1570 1296.0
1571 1296.0
1572 1296.0
1573 1296.0
1574 1296.0
1575 1296.0
1576 1294.0
1577 1294.0
1578 1294.0
1579 1294.0
1580 1294.0
1581 1294.0
1582 1294.0
1583 1294.0
1584 1288.0
1585 1288.0
1586 1288.0
1587 1288.0
1588 1288.0
1589 1288.0
1590 1288.0
1591 1288.0
1592 1288.0
1593 1288.0
1594 1288.0
1605 1289.0
1606 1289.0
1607 1289.0
1608 1289.0
1609 1289.0
1610 1289.0
1611 1289.0
1612 1289.0
1613 1289.0
1614 1289.0
1625 1272.0
1626 1272.0
1627 1272.0
1628 1272.0
1629 1272.0
1630 1272.0
1631 1272.0
1632 1272.0
1633 1272.0
1634 1272.0
1635 1272.0
1646 1267.0
1647 1267.0
1648 1267.0
1649 1267.0
1650 1267.0
1651 1267.0
1652 1267.0
1653 1267.0
1654 1267.0
1655 1267.0
1666 1302.0
1667 1302.0
1668 1302.0
1669 1302.0
1670 1302.0
1671 1302.0
1672 1302.0
1673 1302.0
1674 1302.0
1675 1302.0
1686 1304.0
1687 1303.0
1688 1303.0
1689 1303.0
1690 1303.0
1691 1303.0
1692 1303.0
1693 1303.0
1694 1303.0
1695 1303.0
1696 1303.0
1697 1303.0
1708 1254.0
1709 1254.0
1710 1254.0
1711 1253.0
1712 1248.0
1713 1248.0
1714 1248.0
1715 1248.0
1716 1248.0
1717 1248.0
1718 1248.0
1719 1248.0
1720 1248.0
1721 1248.0
1722 1241.0
1723 1241.0
1724 1241.0
1725 1241.0
1726 1241.0
1727 1241.0
1728 1240.0
1729 1240.0
1730 1240.0
1731 1240.0
1732 1240.0
1733 1240.0
1734 1240.0
1735 1240.0
1736 1240.0
1737 1240.0
1738 1240.0
1749 1249.0
1750 1249.0
1751 1249.0
1752 1249.0
1753 1249.0
1754 1249.0
1755 1249.0
1756 1249.0
1757 1249.0
1758 1249.0
1769 1260.0
1770 1260.0
1771 1260.0
1772 1260.0
1773 1260.0
1774 1260.0
1775 1260.0
1776 1255.0
1777 1255.0
1778 1255.0
1779 1255.0
1780 1255.0
1781 1255.0
1782 1255.0
1783 1255.0
1784 1255.0
1785 1255.0
1786 1255.0
1797 1256.0
1798 1256.0
1799 1256.0
1800 1256.0
1801 1256.0
1802 1256.0
1803 1256.0
1804 1256.0
1805 1255.0
1806 1255.0
1807 1255.0
1808 1255.0
1809 1255.0
1810 1255.0
1811 1255.0
1812 1253.0
1813 1228.0
1814 1228.0
1815 1228.0
1816 1228.0
1817 1228.0
1818 1228.0
1819 1228.0
1820 1228.0
1821 1228.0
1822 1228.0
1823 1228.0
1834 1226.0
1835 1226.0
1836 1226.0
1837 1226.0
1838 1226.0
1839 1226.0
1840 1226.0
1841 1226.0
1842 1226.0
1843 1226.0
1854 1230.0
1855 1228.0
1856 1224.0
1857 1224.0
1858 1224.0
1859 1224.0
1860 1221.0
1861 1221.0
1862 1221.0
1863 1221.0
1864 1221.0
1865 1221.0
1866 1221.0
1867 1221.0
1868 1221.0
1869 1221.0
1870 1221.0
1881 1222.0
1882 1222.0
1883 1222.0
1884 1222.0
1885 1222.0
1886 1222.0
1887 1222.0
1888 1222.0
1889 1222.0
1890 1222.0
1901 1222.0
1902 1222.0
1903 1222.0
1904 1222.0
1905 1222.0
1906 1222.0
1907 1222.0
1908 1222.0
1909 1222.0
1910 1222.0
1921 1211.0
1922 1211.0
1923 1211.0
1924 1211.0
1925 1211.0
1926 1211.0
1927 1211.0
1928 1211.0
1929 1211.0
1930 1211.0
1941 1212.0
1942 1212.0
1943 1212.0
1944 1212.0
1945 1212.0
1946 1212.0
1947 1212.0
1948 1212.0
1949 1212.0
1950 1212.0
1961 1212.0
1962 1212.0
1963 1196.0
1964 1196.0
1965 1196.0
1966 1196.0
1967 1191.0
1968 1190.0
1969 1188.0
1970 1188.0
1971 1188.0
1972 1185.0
1973 1185.0
1974 1185.0
1975 1185.0
1976 1185.0
1977 1185.0
1978 1185.0
1979 1185.0
1980 1185.0
1981 1185.0
1982 1185.0
1993 1182.0
1994 1182.0
1995 1182.0
1996 1182.0
1997 1182.0
1998 1182.0
1999 1182.0
2000 1182.0
2001 1182.0
2002 1182.0
2013 1175.0
2014 1175.0
2015 1175.0
2016 1175.0
2017 1175.0
2018 1175.0
2019 1175.0
2020 1175.0
2021 1175.0
2022 1175.0
2033 1176.0
2034 1175.0
2035 1175.0
2036 1175.0
2037 1175.0
2038 1172.0
2039 1172.0
2040 1172.0
2041 1172.0
2042 1172.0
2043 1172.0
2044 1172.0
2045 1171.0
2046 1171.0
2047 1171.0
2048 1171.0
2049 1171.0
2050 1171.0
2051 1171.0
2052 1171.0
2053 1168.0
2054 1168.0
2055 1168.0
2056 1168.0
2057 1168.0
2058 1168.0
2059 1164.0
2060 1164.0
2061 1155.0
2062 1155.0
2063 1155.0
2064 1155.0
2065 1155.0
2066 1155.0
2067 1155.0
2068 1155.0
2069 1155.0
2070 1155.0
2071 1155.0
2082 1161.0
2083 1161.0
2084 1161.0
2085 1161.0
2086 1161.0
2087 1161.0
2088 1161.0
2089 1161.0
2090 1161.0
2091 1161.0
2102 1197.0
2103 1197.0
2104 1197.0
2105 1197.0
2106 1197.0
2107 1192.0
2108 1190.0
2109 1190.0
2110 1190.0
2111 1190.0
2112 1190.0
2113 1190.0
2114 1190.0
2115 1190.0
2116 1190.0
2117 1190.0
2118 1190.0
2129 1197.0
2130 1167.0
2131 1167.0
2132 1167.0
2133 1167.0
2134 1164.0
2135 1164.0
2136 1164.0
2137 1164.0
2138 1164.0
2139 1164.0
2140 1164.0
2141 1158.0
2142 1158.0
2143 1158.0
2144 1158.0
2145 1158.0
2146 1158.0
2147 1158.0
2148 1158.0
2149 1158.0
2150 1158.0
2151 1158.0
2162 1122.0
2163 1120.0
2164 1118.0
2165 1112.0
2166 1111.0
2167 1107.0
2168 1100.0
2169 1098.0
2170 1097.0
2171 1097.0
2172 1097.0
2173 1095.0
2174 1095.0
2175 1094.0
2176 1093.0
2177 1093.0
2178 1093.0
2179 1093.0
2180 1093.0
2181 1093.0
2182 1093.0
2183 1093.0
2184 1086.0
2185 1086.0
2186 1086.0
2187 1083.0
2188 1083.0
2189 1083.0
2190 1083.0
2191 1083.0
2192 1081.0
2193 1081.0
2194 1080.0
2195 1080.0
2196 1080.0
2197 1080.0
2198 1080.0
2199 1080.0
2200 1080.0
2201 1080.0
2202 1080.0
2203 1080.0
2204 1074.0
2205 1074.0
2206 1074.0
2207 1074.0
2208 1074.0
2209 1074.0
2210 1070.0
2211 1070.0
2212 1070.0
2213 1070.0
2214 1070.0
2215 1070.0
2216 1070.0
2217 1070.0
2218 1070.0
2219 1070.0
2220 1070.0
2231 1051.0
2232 1049.0
2233 1049.0
2234 1049.0
2235 1049.0
2236 1049.0
2237 1049.0
2238 1049.0
2239 1049.0
2240 1049.0
2241 1049.0
2242 1049.0
2253 1035.0
2254 1035.0
2255 1035.0
2256 1035.0
2257 1035.0
2258 1035.0
2259 1035.0
2260 1035.0
2261 1035.0
2262 1029.0
2263 1029.0
2264 1029.0
2265 1029.0
2266 1029.0
2267 1029.0
2268 1029.0
2269 1029.0
2270 1029.0
2271 1028.0
2272 1028.0
2273 1028.0
2274 1028.0
2275 1027.0
2276 1027.0
2277 1027.0
2278 1027.0
2279 1027.0
2280 1024.0
2281 1024.0
2282 1024.0
2283 1024.0
2284 1024.0
2285 1024.0
2286 1022.0
2287 1022.0
2288 1022.0
2289 1022.0
2290 1022.0
2291 1022.0
2292 1022.0
2293 1022.0
2294 1018.0
2295 1018.0
2296 1018.0
2297 1018.0
2298 1018.0
2299 1018.0
2300 1018.0
2301 1016.0
2302 1016.0
2303 1016.0
2304 1016.0
2305 1016.0
2306 1016.0
2307 1016.0
2308 1016.0
2309 1016.0
2310 1016.0
2311 1016.0
2322 1018.0
2323 1018.0
2324 1018.0
2325 1018.0
2326 1018.0
2327 1018.0
2328 1018.0
2329 1016.0
2330 1016.0
2331 1016.0
2332 1016.0
2333 1016.0
2334 1016.0
2335 1016.0
2336 989.0
2337 989.0
2338 978.0
2339 973.0
2340 970.0
2341 970.0
2342 970.0
2343 970.0
2344 970.0
2345 968.0
2346 968.0
2347 968.0
2348 968.0
2349 968.0
2350 968.0
2351 968.0
2352 968.0
2353 968.0
2354 968.0
2355 968.0
2366 968.0
2367 968.0
2368 968.0
2369 968.0
2370 968.0
2371 968.0
2372 968.0
2373 968.0
2374 968.0
2375 968.0
2386 987.0
2387 981.0
2388 981.0
2389 981.0
2390 981.0
2391 981.0
2392 981.0
2393 981.0
2394 981.0
2395 981.0
2396 981.0
2397 981.0
2408 981.0
2409 981.0
2410 981.0
2411 981.0
2412 981.0
2413 981.0
2414 981.0
2415 981.0
2416 981.0
2417 981.0
2428 971.0
2429 971.0
2430 971.0
2431 971.0
2432 971.0
2433 971.0
2434 971.0
2435 971.0
2436 971.0
2437 971.0
2438 971.0
2449 956.0
2450 956.0
2451 956.0
2452 956.0
2453 956.0
2454 956.0
2455 956.0
2456 956.0
2457 956.0
2458 956.0
2459 956.0
2470 956.0
2471 956.0
2472 956.0
2473 956.0
2474 956.0
2475 956.0
2476 956.0
2477 956.0
2478 956.0
2479 956.0
2490 937.0
2491 937.0
2492 937.0
2493 937.0
2494 937.0
2495 937.0
2496 937.0
2497 928.0
2498 928.0
2499 928.0
2500 928.0
2501 928.0
2502 928.0
2503 928.0
2504 928.0
2505 928.0
2506 928.0
2507 928.0
2518 911.0
2519 911.0
2520 911.0
2521 911.0
2522 911.0
2523 911.0
2524 910.0
2525 910.0
2526 910.0
2527 910.0
2528 910.0
2529 910.0
2530 910.0
2531 910.0
2532 910.0
2533 910.0
2534 910.0
2545 906.0
2546 906.0
2547 906.0
2548 906.0
2549 906.0
2550 906.0
2551 906.0
2552 906.0
2553 906.0
2554 906.0
2565 905.0
2566 905.0
2567 905.0
2568 905.0
2569 905.0
2570 890.0
2571 890.0
2572 889.0
2573 889.0
2574 889.0
2575 888.0
2576 884.0
2577 884.0
2578 884.0
2579 884.0
2580 884.0
2581 884.0
2582 866.0
2583 866.0
2584 866.0
2585 866.0
2586 866.0
2587 866.0
2588 866.0
2589 866.0
2590 866.0
2591 866.0
2592 866.0
2603 867.0
2604 865.0
2605 865.0
2606 865.0
2607 865.0
2608 865.0
2609 865.0
2610 865.0
2611 865.0
2612 865.0
2613 865.0
2614 865.0
2625 869.0
2626 869.0
2627 869.0
2628 869.0
2629 869.0
2630 869.0
2631 869.0
2632 869.0
2633 869.0
2634 869.0
2645 869.0
2646 869.0
2647 867.0
2648 867.0
2649 867.0
2650 867.0
2651 867.0
2652 867.0
2653 867.0
2654 867.0
2655 867.0
2656 867.0
2657 867.0
2668 871.0
2669 871.0
2670 871.0
2671 871.0
2672 871.0
2673 870.0
2674 865.0
2675 865.0
2676 865.0
2677 865.0
2678 865.0
2679 865.0
2680 865.0
2681 865.0
2682 865.0
2683 865.0
2684 865.0
2695 866.0
2696 866.0
2697 866.0
2698 866.0
2699 866.0
2700 866.0
2701 866.0
2702 866.0
2703 866.0
2704 866.0
2715 865.0
2716 865.0
2717 865.0
2718 865.0
2719 865.0
2720 865.0
2721 865.0
2722 865.0
2723 865.0
2724 865.0
2735 859.0
2736 859.0
2737 859.0
2738 859.0
2739 859.0
2740 859.0
2741 859.0
2742 859.0
2743 859.0
2744 859.0
2755 866.0
2756 866.0
2757 866.0
2758 866.0
2759 866.0
2760 866.0
2761 866.0
2762 866.0
2763 866.0
2764 866.0
2775 874.0
2776 874.0
2777 874.0
2778 874.0
2779 874.0
2780 874.0
2781 874.0
2782 874.0
2783 874.0
2784 874.0
2795 884.0
2796 884.0
2797 884.0
2798 884.0
2799 884.0
2800 884.0
2801 884.0
2802 884.0
2803 884.0
2804 884.0
2815 901.0
2816 901.0
2817 901.0
2818 901.0
2819 901.0
2820 901.0
2821 901.0
2822 895.0
2823 895.0
2824 895.0
2825 872.0
2826 872.0
2827 872.0
2828 869.0
2829 868.0
2830 868.0
2831 868.0
2832 868.0
2833 868.0
2834 867.0
2835 866.0
2836 866.0
2837 866.0
2838 862.0
2839 862.0
2840 862.0
2841 862.0
2842 862.0
2843 862.0
2844 862.0
2845 862.0
2846 862.0
2847 862.0
2848 859.0
2849 858.0
2850 858.0
2851 858.0
2852 857.0
2853 857.0
2854 857.0
2855 857.0
2856 856.0
2857 856.0
2858 856.0
2859 855.0
2860 855.0
2861 855.0
2862 855.0
2863 855.0
2864 855.0
2865 855.0
2866 855.0
2867 855.0
2868 855.0
2869 855.0
2880 854.0
2881 854.0
2882 854.0
2883 854.0
2884 854.0
2885 854.0
2886 850.0
2887 850.0
2888 850.0
2889 850.0
2890 850.0
2891 850.0
2892 850.0
2893 850.0
2894 849.0
2895 849.0
2896 849.0
2897 849.0
2898 849.0
2899 849.0
2900 849.0
2901 848.0
2902 848.0
2903 848.0
2904 848.0
2905 848.0
2906 848.0
2907 848.0
2908 848.0
2909 848.0
2910 848.0
2911 848.0
2922 849.0
2923 849.0
2924 849.0
2925 849.0
2926 849.0
2927 849.0
2928 849.0
2929 849.0
2930 849.0
2931 849.0
2942 856.0
2943 856.0
2944 856.0
2945 856.0
2946 856.0
2947 856.0
2948 855.0
2949 855.0
2950 854.0
2951 854.0
2952 854.0
2953 854.0
2954 854.0
2955 854.0
2956 854.0
2957 854.0
2958 854.0
2959 854.0
2960 854.0
2971 831.0
2972 831.0
2973 831.0
2974 831.0
2975 831.0
2976 831.0
2977 831.0
2978 828.0
2979 828.0
2980 828.0
2981 828.0
2982 828.0
2983 828.0
2984 828.0
2985 828.0
2986 828.0
2987 828.0
2988 828.0
2999 828.0
3000 828.0
3001 828.0
3002 828.0
3003 828.0
3004 825.0
3005 825.0
3006 825.0
3007 825.0
3008 825.0
3009 825.0
3010 825.0
3011 825.0
3012 825.0
3013 825.0
3014 825.0
3025 826.0
3026 826.0
3027 826.0
3028 826.0
3029 826.0
3030 826.0
3031 826.0
3032 826.0
3033 824.0
3034 824.0
3035 824.0
3036 824.0
3037 824.0
3038 824.0
3039 824.0
3040 824.0
3041 824.0
3042 824.0
3043 824.0
3054 828.0
3055 828.0
3056 828.0
3057 828.0
3058 828.0
3059 828.0
3060 828.0
3061 828.0
3062 828.0
3063 828.0
3074 819.0
3075 819.0
3076 819.0
3077 819.0
3078 819.0
3079 819.0
3080 819.0
3081 819.0
3082 819.0
3083 819.0
3094 829.0
3095 827.0
3096 827.0
3097 827.0
3098 827.0
3099 827.0
3100 827.0
3101 827.0
3102 827.0
3103 827.0
3104 809.0
3105 805.0
3106 805.0
3107 805.0
3108 805.0
3109 805.0
3110 805.0
3111 805.0
3112 804.0
3113 804.0
3114 804.0
3115 804.0
3116 804.0
3117 804.0
3118 804.0
3119 804.0
3120 804.0
3121 803.0
3122 803.0
3123 803.0
3124 803.0
3125 803.0
3126 803.0
3127 801.0
3128 801.0
3129 801.0
3130 801.0
3131 801.0
3132 801.0
3133 801.0
3134 801.0
3135 801.0
3136 801.0
3137 801.0
3148 802.0
3149 801.0
3150 801.0
3151 801.0
3152 801.0
3153 801.0
3154 801.0
3155 801.0
3156 801.0
3157 801.0
3158 799.0
3159 799.0
3160 798.0
3161 798.0
3162 798.0
3163 798.0
3164 798.0
3165 798.0
3166 797.0
3167 797.0
3168 795.0
3169 767.0
3170 767.0
3171 767.0
3172 767.0
3173 767.0
3174 767.0
3175 767.0
3176 767.0
3177 767.0
3178 767.0
3179 767.0
3190 761.0
3191 761.0
3192 761.0
3193 761.0
3194 761.0
3195 761.0
3196 761.0
3197 761.0
3198 761.0
3199 761.0
3210 785.0
3211 784.0
3212 784.0
3213 784.0
3214 782.0
3215 781.0
3216 781.0
3217 781.0
3218 781.0
3219 781.0
3220 776.0
3221 776.0
3222 776.0
3223 776.0
3224 776.0
3225 776.0
3226 776.0
3227 776.0
3228 776.0
3229 776.0
3230 776.0
3241 774.0
3242 774.0
3243 774.0
3244 774.0
3245 774.0
3246 774.0
3247 774.0
3248 774.0
3249 774.0
3250 774.0
3261 774.0
3262 774.0
3263 774.0
3264 774.0
3265 774.0
3266 774.0
3267 774.0
3268 774.0
3269 774.0
3270 774.0
3281 767.0
3282 767.0
3283 767.0
3284 767.0
3285 767.0
3286 767.0
3287 764.0
3288 764.0
3289 763.0
3290 763.0
3291 763.0
3292 763.0
3293 763.0
3294 763.0
3295 763.0
3296 763.0
3297 763.0
3298 763.0
3299 763.0
3310 757.0
3311 757.0
3312 757.0
3313 757.0
3314 757.0
3315 756.0
3316 756.0
3317 756.0
3318 756.0
3319 756.0
3320 756.0
3321 756.0
3322 756.0
3323 756.0
3324 756.0
3325 756.0
3336 757.0
3337 757.0
3338 757.0
3339 757.0
3340 757.0
3341 757.0
3342 757.0
3343 756.0
3344 756.0
3345 756.0
3346 756.0
3347 756.0
3348 756.0
3349 756.0
3350 756.0
3351 756.0
3352 756.0
3353 756.0
3364 770.0
3365 770.0
3366 768.0
3367 768.0
3368 768.0
3369 768.0
3370 768.0
3371 768.0
3372 768.0
3373 768.0
3374 768.0
3375 768.0
3376 768.0
3387 769.0
3388 769.0
3389 769.0
3390 769.0
3391 769.0
3392 769.0
3393 769.0
3394 769.0
3395 769.0
3396 769.0
3407 775.0
3408 775.0
3409 775.0
3410 775.0
3411 775.0
3412 775.0
3413 775.0
3414 775.0
3415 775.0
3416 770.0
3417 770.0
3418 770.0
3419 770.0
3420 770.0
3421 770.0
3422 770.0
3423 770.0
3424 770.0
3425 769.0
3426 769.0
3427 764.0
3428 764.0
3429 764.0
3430 764.0
3431 764.0
3432 764.0
3433 764.0
3434 764.0
3435 762.0
3436 759.0
3437 759.0
3438 759.0
3439 759.0
3440 759.0
3441 759.0
3442 759.0
3443 759.0
3444 759.0
3445 758.0
3446 757.0
3447 757.0
3448 757.0
3449 757.0
3450 757.0
3451 757.0
3452 757.0
3453 757.0
3454 757.0
3455 757.0
3456 757.0
3467 753.0
3468 753.0
3469 753.0
3470 750.0
3471 750.0
3472 750.0
3473 750.0
3474 750.0
3475 750.0
3476 750.0
3477 750.0
3478 750.0
3479 750.0
3480 750.0
3491 731.0
3492 731.0
3493 731.0
3494 731.0
3495 731.0
3496 731.0
3497 731.0
3498 731.0
3499 729.0
3500 729.0
3501 729.0
3502 729.0
3503 729.0
3504 729.0
3505 729.0
3506 729.0
3507 729.0
3508 729.0
3509 729.0
3520 726.0
3521 726.0
3522 726.0
3523 726.0
3524 726.0
3525 726.0
3526 726.0
3527 726.0
3528 726.0
3529 726.0
3540 728.0
3541 728.0
3542 728.0
3543 728.0
3544 728.0
3545 728.0
3546 728.0
3547 728.0
3548 728.0
3549 728.0
3560 735.0
3561 735.0
3562 735.0
3563 735.0
3564 735.0
3565 731.0
3566 731.0
3567 731.0
3568 731.0
3569 731.0
3570 731.0
3571 731.0
3572 731.0
3573 731.0
3574 731.0
3575 731.0
3586 734.0
3587 733.0
3588 733.0
3589 733.0
3590 733.0
3591 733.0
3592 733.0
3593 732.0
3594 732.0
3595 732.0
3596 732.0
3597 732.0
3598 732.0
3599 732.0
3600 732.0
3601 732.0
3602 732.0
3603 732.0
3614 733.0
3615 733.0
3616 733.0
3617 733.0
3618 733.0
3619 733.0
3620 731.0
3621 729.0
3622 729.0
3623 729.0
3624 728.0
3625 728.0
3626 728.0
3627 728.0
3628 728.0
3629 728.0
3630 728.0
3631 728.0
3632 728.0
3633 728.0
3634 728.0
3645 730.0
3646 730.0
3647 730.0
3648 730.0
3649 730.0
3650 730.0
3651 730.0
3652 730.0
3653 730.0
3654 730.0
3665 727.0
3666 727.0
3667 727.0
3668 727.0
3669 727.0
3670 727.0
3671 727.0
3672 727.0
3673 727.0
3674 727.0
3685 727.0
3686 727.0
3687 727.0
3688 727.0
3689 727.0
3690 727.0
3691 727.0
3692 727.0
3693 727.0
3694 727.0
3705 731.0
3706 731.0
3707 731.0
3708 731.0
3709 731.0
3710 731.0
3711 729.0
3712 729.0
3713 729.0
3714 729.0
3715 729.0
3716 729.0
3717 729.0
3718 729.0
3719 729.0
3720 729.0
3721 729.0
3732 723.0
3733 723.0
3734 723.0
3735 723.0
3736 723.0
3737 723.0
3738 723.0
3739 723.0
3740 723.0
3741 723.0
3752 728.0
3753 728.0
3754 728.0
3755 728.0
3756 728.0
3757 728.0
3758 728.0
3759 728.0
3760 728.0
3761 728.0
3772 724.0
3773 724.0
3774 724.0
3775 724.0
3776 724.0
3777 724.0
3778 724.0
3779 724.0
3780 724.0
3781 724.0
3782 724.0
3793 718.0
3794 718.0
3795 718.0
3796 718.0
3797 718.0
3798 718.0
3799 718.0
3800 706.0
3801 706.0
3802 706.0
3803 706.0
3804 706.0
3805 706.0
3806 706.0
3807 706.0
3808 706.0
3809 706.0
3810 706.0
3821 705.0
3822 705.0
3823 705.0
3824 705.0
3825 705.0
3826 705.0
3827 705.0
3828 705.0
3829 705.0
3830 705.0
3841 705.0
3842 705.0
3843 705.0
3844 705.0
3845 705.0
3846 705.0
3847 705.0
3848 705.0
3849 705.0
3850 705.0
3861 706.0
3862 706.0
3863 706.0
3864 706.0
3865 706.0
3866 706.0
3867 706.0
3868 706.0
3869 706.0
3870 706.0
3881 699.0
3882 699.0
3883 699.0
3884 699.0
3885 699.0
3886 699.0
3887 699.0
3888 699.0
3889 699.0
3890 699.0
3901 707.0
3902 707.0
3903 707.0
3904 707.0
3905 707.0
3906 707.0
3907 707.0
3908 707.0
3909 707.0
3910 707.0
3911 707.0
3922 694.0
3923 694.0
3924 694.0
3925 694.0
3926 694.0
3927 694.0
3928 693.0
3929 693.0
3930 693.0
3931 693.0
3932 693.0
3933 693.0
3934 693.0
3935 693.0
3936 693.0
3937 693.0
3938 693.0
3949 693.0
3950 693.0
3951 693.0
3952 693.0
3953 693.0
3954 693.0
3955 693.0
3956 693.0
3957 693.0
3958 693.0
3969 704.0
3970 704.0
3971 704.0
3972 704.0
3973 704.0
3974 704.0
3975 704.0
3976 704.0
3977 704.0
3978 704.0
3989 705.0
3990 705.0
3991 705.0
3992 705.0
3993 705.0
3994 705.0
3995 705.0
3996 705.0
3997 705.0
3998 705.0
3999 705.0
4010 712.0
4011 712.0
4012 712.0
4013 712.0
4014 712.0
4015 712.0
4016 712.0
4017 712.0
4018 712.0
4019 712.0
4030 713.0
4031 713.0
4032 713.0
4033 713.0
4034 713.0
4035 713.0
4036 713.0
4037 713.0
4038 713.0
4039 713.0
4050 713.0
4051 713.0
4052 713.0
4053 713.0
4054 713.0
4055 713.0
4056 713.0
4057 713.0
4058 713.0
4059 713.0
4070 713.0
4071 713.0
4072 709.0
4073 709.0
4074 709.0
4075 709.0
4076 709.0
4077 709.0
4078 709.0
4079 709.0
4080 709.0
4081 709.0
4082 708.0
4083 708.0
4084 702.0
4085 702.0
4086 702.0
4087 702.0
4088 702.0
4089 702.0
4090 702.0
4091 702.0
4092 702.0
4093 702.0
4094 702.0
4105 704.0
4106 704.0
4107 704.0
4108 704.0
4109 704.0
4110 702.0
4111 702.0
4112 702.0
4113 702.0
4114 702.0
4115 702.0
4116 702.0
4117 702.0
4118 702.0
4119 702.0
4120 702.0
4131 700.0
4132 700.0
4133 700.0
4134 700.0
4135 700.0
4136 700.0
4137 700.0
4138 700.0
4139 700.0
4140 700.0
4151 703.0
4152 703.0
4153 703.0
4154 703.0
4155 703.0
4156 703.0
4157 703.0
4158 703.0
4159 703.0
4160 703.0
4171 703.0
4172 703.0
4173 703.0
4174 703.0
4175 701.0
4176 701.0
4177 701.0
4178 701.0
4179 701.0
4180 701.0
4181 701.0
4182 701.0
4183 701.0
4184 701.0
4185 701.0
4196 706.0
4197 703.0
4198 703.0
4199 703.0
4200 703.0
4201 702.0
4202 702.0
4203 702.0
4204 702.0
4205 702.0
4206 702.0
4207 702.0
4208 702.0
4209 702.0
4210 702.0
4211 702.0
4222 703.0
4223 703.0
4224 703.0
4225 703.0
4226 703.0
4227 703.0
4228 703.0
4229 703.0
4230 703.0
4231 703.0
4242 709.0
4243 709.0
4244 709.0
4245 709.0
4246 709.0
4247 709.0
4248 709.0
4249 709.0
4250 709.0
4251 709.0
4262 718.0
4263 718.0
4264 718.0
4265 718.0
4266 718.0
4267 718.0
4268 718.0
4269 718.0
4270 718.0
4271 718.0
4282 719.0
4283 719.0
4284 719.0
4285 719.0
4286 719.0
4287 719.0
4288 719.0
4289 719.0
4290 719.0
4291 719.0
4302 751.0
4303 751.0
4304 751.0
4305 751.0
4306 751.0
4307 751.0
4308 749.0
4309 749.0
4310 749.0
4311 749.0
4312 748.0
4313 748.0
4314 748.0
4315 748.0
4316 748.0
4317 748.0
4318 748.0
4319 745.0
4320 745.0
4321 745.0
4322 744.0
4323 744.0
4324 744.0
4325 744.0
4326 744.0
4327 744.0
4328 744.0
4329 744.0
4330 744.0
4331 744.0
4332 744.0
4343 739.0
4344 739.0
4345 737.0
4346 737.0
4347 737.0
4348 737.0
4349 737.0
4350 737.0
4351 737.0
4352 737.0
4353 737.0
4354 737.0
4355 737.0
4366 741.0
4367 741.0
4368 741.0
4369 741.0
4370 741.0
4371 741.0
4372 741.0
4373 741.0
4374 741.0
4375 741.0
4386 730.0
4387 730.0
4388 730.0
4389 730.0
4390 730.0
4391 730.0
4392 730.0
4393 730.0
4394 730.0
4395 730.0
4406 733.0
4407 733.0
4408 727.0
4409 721.0
4410 721.0
4411 721.0
4412 721.0
4413 721.0
4414 721.0
4415 721.0
4416 721.0
4417 721.0
4418 721.0
4419 721.0
4430 722.0
4431 722.0
4432 722.0
4433 721.0
4434 721.0
4435 721.0
4436 721.0
4437 721.0
4438 721.0
4439 721.0
4440 721.0
4441 721.0
4442 721.0
4443 721.0
4454 721.0
4455 721.0
4456 721.0
4457 721.0
4458 721.0
4459 721.0
4460 721.0
4461 721.0
4462 721.0
4463 721.0
4474 724.0
4475 724.0
4476 724.0
4477 724.0
4478 724.0
4479 724.0
4480 724.0
4481 724.0
4482 724.0
4483 724.0
4494 726.0
4495 726.0
4496 726.0
4497 726.0
4498 726.0
4499 722.0
4500 722.0
4501 722.0
4502 722.0
4503 722.0
4504 722.0
4505 722.0
4506 722.0
4507 722.0
4508 722.0
4509 722.0
4520 718.0
4521 718.0
4522 718.0
4523 718.0
4524 718.0
4525 718.0
4526 718.0
4527 718.0
4528 718.0
4529 718.0
4530 718.0
4541 720.0
4542 720.0
4543 720.0
4544 720.0
4545 720.0
4546 720.0
4547 720.0
4548 720.0
4549 720.0
4550 720.0
4561 721.0
4562 721.0
4563 721.0
4564 721.0
4565 719.0
4566 719.0
4567 719.0
4568 719.0
4569 719.0
4570 719.0
4571 719.0
4572 719.0
4573 719.0
4574 719.0
4575 719.0
4586 669.0
4587 668.0
4588 668.0
4589 668.0
4590 667.0
4591 667.0
4592 667.0
4593 667.0
4594 667.0
4595 667.0
4596 667.0
4597 667.0
4598 667.0
4599 665.0
4600 664.0
4601 664.0
4602 662.0
4603 662.0
4604 660.0
4605 660.0
4606 659.0
4607 659.0
4608 659.0
4609 659.0
4610 656.0
4611 656.0
4612 656.0
4613 656.0
4614 656.0
4615 656.0
4616 656.0
4617 656.0
4618 656.0
4619 656.0
4620 656.0
4631 657.0
4632 657.0
4633 657.0
4634 657.0
4635 657.0
4636 657.0
4637 657.0
4638 657.0
4639 657.0
4640 657.0
4651 651.0
4652 651.0
4653 651.0
4654 651.0
4655 651.0
4656 651.0
4657 651.0
4658 651.0
4659 651.0
4660 651.0
4671 652.0
4672 652.0
4673 652.0
4674 652.0
4675 652.0
4676 652.0
4677 652.0
4678 652.0
4679 652.0
4680 652.0
4691 645.0
4692 645.0
4693 645.0
4694 645.0
4695 645.0
4696 645.0
4697 645.0
4698 645.0
4699 645.0
4700 645.0
4711 647.0
4712 647.0
4713 647.0
4714 647.0
4715 645.0
4716 645.0
4717 643.0
4718 641.0
4719 641.0
4720 641.0
4721 641.0
4722 641.0
4723 641.0
4724 641.0
4725 641.0
4726 641.0
4727 641.0
4728 641.0
4739 639.0
4740 639.0
4741 635.0
4742 635.0
4743 635.0
4744 635.0
4745 635.0
4746 635.0
4747 635.0
4748 635.0
4749 635.0
4750 635.0
4751 635.0
4762 636.0
4763 636.0
4764 636.0
4765 636.0
4766 636.0
4767 636.0
4768 636.0
4769 636.0
4770 636.0
4771 636.0
4782 641.0
4783 641.0
4784 641.0
4785 641.0
4786 641.0
4787 641.0
4788 641.0
4789 641.0
4790 641.0
4791 641.0
4802 643.0
4803 643.0
4804 643.0
4805 643.0
4806 643.0
4807 643.0
4808 643.0
4809 643.0
4810 643.0
4811 643.0
4822 643.0
4823 643.0
4824 643.0
4825 643.0
4826 643.0
4827 643.0
4828 643.0
4829 643.0
4830 643.0
4831 643.0
4842 639.0
4843 639.0
4844 639.0
4845 639.0
4846 639.0
4847 639.0
4848 639.0
4849 639.0
4850 639.0
4851 639.0
4862 640.0
4863 640.0
4864 640.0
4865 640.0
4866 640.0
4867 639.0
4868 639.0
4869 639.0
4870 639.0
4871 639.0
4872 639.0
4873 639.0
4874 639.0
4875 639.0
4876 639.0
4877 639.0
4888 640.0
4889 640.0
4890 640.0
4891 640.0
4892 640.0
4893 640.0
4894 640.0
4895 640.0
4896 640.0
4897 640.0
4908 639.0
4909 639.0
4910 639.0
4911 639.0
4912 639.0
4913 638.0
4914 638.0
4915 638.0
4916 638.0
4917 638.0
4918 638.0
4919 638.0
4920 638.0
4921 638.0
4922 638.0
4923 638.0
4934 638.0
4935 638.0
4936 638.0
4937 638.0
4938 638.0
4939 638.0
4940 638.0
4941 638.0
4942 638.0
4943 638.0
4954 645.0
4955 645.0
4956 645.0
4957 645.0
4958 645.0
4959 645.0
4960 645.0
4961 645.0
4962 645.0
4963 645.0
4974 638.0
4975 638.0
4976 634.0
4977 634.0
4978 634.0
4979 634.0
4980 634.0
4981 634.0
4982 634.0
4983 634.0
4984 634.0
4985 634.0
4986 634.0
4997 637.0
4998 637.0
4999 637.0
