0 49079.0
1 48593.0
2 48584.0
3 48531.0
4 48531.0
5 48212.0
6 48016.0
7 47821.0
8 47703.0
9 47603.0
10 47603.0
11 47593.0
12 47359.0
13 47202.0
14 47202.0
15 47202.0
16 47202.0
17 47114.0
18 46885.0
19 46885.0
20 46885.0
21 46693.0
22 46693.0
23 45930.0
24 45819.0
25 45665.0
26 45665.0
27 45480.0
28 45330.0
29 44778.0
30 44598.0
31 44494.0
32 43589.0
33 43583.0
34 43439.0
35 43271.0
36 43271.0
37 43271.0
38 43271.0
39 43239.0
40 43212.0
41 42058.0
42 42023.0
43 42019.0
44 41565.0
45 41565.0
46 41303.0
47 41269.0
48 40742.0
49 40575.0
50 40504.0
51 40345.0
52 40060.0
53 39976.0
54 39893.0
55 39719.0
56 39719.0
57 39564.0
58 39296.0
59 39159.0
60 39048.0
61 38987.0
62 38880.0
63 38875.0
64 38761.0
65 38227.0
66 37296.0
67 37296.0
68 37296.0
69 37196.0
70 37069.0
71 37069.0
72 36973.0
73 36853.0
74 36853.0
75 36728.0
76 36728.0
77 36728.0
78 36637.0
79 36637.0
80 36637.0
81 36442.0
82 36353.0
83 36281.0
84 36195.0
85 36195.0
86 36195.0
87 36195.0
88 36093.0
89 36093.0
90 36093.0
91 36093.0
92 36093.0
93 34666.0
94 34578.0
95 34578.0
96 34568.0
97 34568.0
98 34568.0
99 34568.0
100 34568.0
101 34214.0
102 34207.0
103 34207.0
104 34207.0
105 34207.0
106 33808.0
107 33795.0
108 33535.0
109 32684.0
110 32684.0
111 32549.0
112 32549.0
113 32537.0
114 32500.0
115 32500.0
116 32361.0
117 32347.0
118 32337.0
119 32337.0
120 31953.0
121 31953.0
122 31953.0
123 31953.0
124 31953.0
125 31953.0
126 31953.0
127 31953.0
128 31953.0
129 31625.0
130 31549.0
131 31549.0
132 31549.0
133 31549.0
134 31478.0
135 31409.0
136 31409.0
137 31409.0
138 31409.0
139 31409.0
140 31409.0
141 31409.0
142 31328.0
143 31169.0
144 31099.0
145 31099.0
146 31075.0
147 30288.0
148 30157.0
149 30076.0
150 30076.0
151 30076.0
152 30076.0
153 29817.0
154 29803.0
155 29803.0
156 29724.0
157 29648.0
158 29648.0
159 29637.0
160 29623.0
161 29623.0
162 29623.0
163 29623.0
164 29609.0
165 29514.0
166 29436.0
167 29378.0
168 29014.0
169 28943.0
170 28889.0
171 28889.0
172 28889.0
173 28889.0
174 28889.0
175 28889.0
176 28889.0
177 28889.0
178 28669.0
179 28602.0
180 28602.0
181 28527.0
182 28527.0
183 28527.0
184 28180.0
185 28118.0
186 28118.0
187 27919.0
188 27919.0
189 27862.0
190 27862.0
191 27862.0
192 27862.0
193 27862.0
194 27862.0
195 27862.0
196 27862.0
197 27862.0
198 26289.0
199 26153.0
200 25688.0
201 25579.0
202 25452.0
203 25330.0
204 25262.0
205 25262.0
206 25262.0
207 25253.0
208 25223.0
209 25128.0
210 23257.0
211 23257.0
212 23257.0
213 23257.0
214 23229.0
215 22912.0
216 22909.0
217 22870.0
218 22870.0
219 22756.0
220 22753.0
221 22749.0
222 22749.0
223 22674.0
224 22674.0
225 22674.0
226 22573.0
227 22397.0
228 22397.0
229 22369.0
230 22369.0
231 22369.0
232 22361.0
233 22361.0
234 22358.0
235 22358.0
236 22358.0
237 22358.0
238 22358.0
239 22358.0
240 22358.0
241 22358.0
242 22330.0
243 22206.0
244 22168.0
245 22168.0
246 22168.0
247 22168.0
248 22132.0
249 21836.0
250 21279.0
251 21279.0
252 21279.0
253 21167.0
254 21161.0
255 21062.0
256 21062.0
257 20958.0
258 20958.0
259 19749.0
260 19749.0
261 18086.0
262 18046.0
263 17968.0
264 17868.0
265 17726.0
266 17667.0
267 17667.0
268 17591.0
269 17541.0
270 17474.0
271 17474.0
272 17409.0
273 17409.0
274 17331.0
275 17331.0
276 17327.0
277 17327.0
278 17228.0
279 17207.0
280 17165.0
281 17165.0
282 17106.0
283 17106.0
284 17106.0
285 17096.0
286 17082.0
287 16970.0
288 16932.0
289 16932.0
290 16932.0
291 16932.0
292 16932.0
293 16822.0
294 16822.0
295 16822.0
296 16647.0
297 16647.0
298 16546.0
299 16546.0
300 16546.0
301 16546.0
302 16341.0
303 15906.0
304 15906.0
305 15906.0
306 15895.0
307 15895.0
308 15891.0
309 15872.0
310 15788.0
311 15788.0
312 15788.0
313 14006.0
314 14006.0
315 14006.0
316 14006.0
317 13996.0
318 13996.0
319 13996.0
320 13930.0
321 13903.0
322 13747.0
323 13746.0
324 13688.0
325 13684.0
326 13682.0
327 13619.0
328 13619.0
329 13619.0
330 13619.0
331 13619.0
332 13567.0
333 13567.0
334 13567.0
335 13567.0
336 13567.0
337 13445.0
338 13406.0
339 13406.0
340 13398.0
341 13398.0
342 13386.0
343 13386.0
344 13386.0
345 13372.0
346 13362.0
347 13362.0
348 13362.0
349 13362.0
350 13362.0
351 13362.0
352 13290.0
353 13290.0
354 13290.0
355 13290.0
356 13290.0
357 13282.0
358 13282.0
359 13282.0
360 13282.0
361 12769.0
362 12769.0
363 12769.0
364 12769.0
365 12769.0
366 12769.0
367 12769.0
368 12769.0
369 12769.0
370 12769.0
371 12769.0
382 12636.0
383 12568.0
384 12568.0
385 12568.0
386 12130.0
387 12130.0
388 12130.0
389 12130.0
390 12127.0
391 12127.0
392 12127.0
393 12126.0
394 12126.0
395 12126.0
396 11899.0
397 11836.0
398 11836.0
399 11836.0
400 11710.0
401 11641.0
402 11582.0
403 11524.0
404 11313.0
405 11274.0
406 11274.0
407 11274.0
408 11274.0
409 11274.0
410 10860.0
411 10701.0
412 10700.0
413 9624.0
414 9616.0
415 9600.0
416 9544.0
417 9544.0
418 9543.0
419 9543.0
420 9543.0
421 9543.0
422 9541.0
423 9541.0
424 9539.0
425 9485.0
426 9475.0
427 9475.0
428 9475.0
429 9449.0
430 9449.0
431 9449.0
432 9401.0
433 9401.0
434 9390.0
435 9390.0
436 9390.0
437 9390.0
438 9390.0
439 9390.0
440 9390.0
441 9390.0
442 9370.0
443 9370.0
444 9370.0
445 9370.0
446 9370.0
447 9370.0
448 9257.0
449 9257.0
450 9257.0
451 9257.0
452 9257.0
453 9257.0
454 9257.0
455 9235.0
456 9235.0
457 9235.0
458 9235.0
459 9235.0
460 9235.0
461 9235.0
462 9235.0
463 9231.0
464 9231.0
465 9231.0
466 9181.0
467 9079.0
468 9042.0
469 9042.0
470 9042.0
471 9042.0
472 9042.0
473 9042.0
474 9042.0
475 9042.0
476 9042.0
477 9042.0
478 9042.0
489 9291.0
490 9291.0
491 9291.0
492 9242.0
493 9188.0
494 9188.0
495 9188.0
496 9188.0
497 9156.0
498 9117.0
499 9117.0
500 9117.0
501 9117.0
502 9033.0
503 9033.0
504 9033.0
505 9033.0
506 9033.0
507 9032.0
508 9032.0
509 9032.0
510 9032.0
511 8335.0
512 8335.0
513 8335.0
514 8335.0
515 8335.0
516 8335.0
517 8335.0
518 8335.0
519 8297.0
520 8296.0
521 8296.0
522 8296.0
523 8296.0
524 8292.0
525 8292.0
526 8292.0
527 8292.0
528 8244.0
529 8241.0
530 8240.0
531 8214.0
532 8214.0
533 8174.0
534 8118.0
535 8118.0
536 8118.0
537 8118.0
538 8118.0
539 8118.0
540 8118.0
541 8041.0
542 8041.0
543 8003.0
544 8003.0
545 8003.0
546 7970.0
547 7797.0
548 7797.0
549 7766.0
550 7755.0
551 7640.0
552 7617.0
553 7617.0
554 7617.0
555 7617.0
556 7617.0
557 7567.0
558 7567.0
559 7519.0
560 7519.0
561 7481.0
562 7481.0
563 7481.0
564 7481.0
565 7380.0
566 7378.0
567 7378.0
568 7378.0
569 7378.0
570 7378.0
571 7378.0
572 7378.0
573 7343.0
574 7343.0
575 7343.0
576 7343.0
577 7343.0
578 7310.0
579 7310.0
580 7310.0
581 7261.0
582 7261.0
583 7261.0
584 7261.0
585 7261.0
586 7261.0
587 7261.0
588 7261.0
589 7242.0
590 7242.0
591 7242.0
592 7242.0
593 7212.0
594 7206.0
595 7069.0
596 7069.0
597 7069.0
598 7069.0
599 7069.0
600 7069.0
601 7069.0
602 7069.0
603 7069.0
604 7069.0
605 7069.0
616 7040.0
617 7040.0
618 7040.0
619 7010.0
620 7010.0
621 7010.0
622 7010.0
623 6981.0
624 6981.0
625 6981.0
626 6850.0
627 6850.0
628 6822.0
629 6768.0
630 6768.0
631 6768.0
632 6768.0
633 6768.0
634 6734.0
635 6734.0
636 6734.0
637 6619.0
638 6619.0
639 6619.0
640 6595.0
641 6595.0
642 6595.0
643 6595.0
644 6595.0
645 6595.0
646 6595.0
647 6595.0
648 6595.0
649 6570.0
650 6570.0
651 6570.0
652 6543.0
653 6543.0
654 6543.0
655 6543.0
656 6543.0
657 6543.0
658 6543.0
659 6543.0
660 6543.0
661 6543.0
662 6536.0
663 6083.0
664 6082.0
665 6081.0
666 6078.0
667 6078.0
668 6076.0
669 6076.0
670 6076.0
671 6075.0
672 6075.0
673 6066.0
674 6066.0
675 6019.0
676 5936.0
677 5925.0
678 5920.0
679 5841.0
680 5841.0
681 4992.0
682 4932.0
683 4932.0
684 4932.0
685 4900.0
686 4900.0
687 4864.0
688 4860.0
689 4860.0
690 4860.0
691 4860.0
692 4860.0
693 4860.0
694 4860.0
695 4846.0
696 4829.0
697 4820.0
698 4820.0
699 4820.0
700 4820.0
701 4820.0
702 4820.0
703 4820.0
704 4820.0
705 4820.0
706 4820.0
707 4820.0
718 4788.0
719 4756.0
720 4749.0
721 4749.0
722 4716.0
723 4716.0
724 4716.0
725 4710.0
726 4710.0
727 4710.0
728 4693.0
729 4656.0
730 4656.0
731 4654.0
732 4654.0
733 4654.0
734 4654.0
735 4654.0
736 4654.0
737 4654.0
738 4654.0
739 4654.0
740 4646.0
741 4646.0
742 4553.0
743 4527.0
744 4524.0
745 4504.0
746 4504.0
747 4504.0
748 4504.0
749 4503.0
750 4459.0
751 4459.0
752 4433.0
753 4432.0
754 4432.0
755 4432.0
756 4432.0
757 4432.0
758 4423.0
759 4321.0
760 4319.0
761 4318.0
762 4288.0
763 4288.0
764 4288.0
765 4288.0
766 4288.0
767 4288.0
768 4288.0
769 4288.0
770 4288.0
771 4288.0
772 4288.0
783 4283.0
784 4283.0
785 4283.0
786 4283.0
787 4283.0
788 4283.0
789 4283.0
790 4283.0
791 4283.0
792 4283.0
803 4282.0
804 4156.0
805 4156.0
806 4156.0
807 4120.0
808 4102.0
809 4102.0
810 4102.0
811 4102.0
812 4102.0
813 4102.0
814 4102.0
815 4102.0
816 4102.0
817 4102.0
818 4102.0
829 3932.0
830 3922.0
831 3922.0
832 3912.0
833 3912.0
834 3912.0
835 3912.0
836 3912.0
837 3912.0
838 3906.0
839 3906.0
840 3902.0
841 3896.0
842 3896.0
843 3875.0
844 3875.0
845 3869.0
846 3869.0
847 3848.0
848 3848.0
849 3838.0
850 3838.0
851 3838.0
852 3838.0
853 3838.0
854 3838.0
855 3838.0
856 3838.0
857 3838.0
858 3838.0
859 3838.0
870 3839.0
871 3827.0
872 3827.0
873 3827.0
874 3827.0
875 3827.0
876 3827.0
877 3827.0
878 3827.0
879 3827.0
880 3827.0
881 3827.0
892 3755.0
893 3755.0
894 3718.0
895 3718.0
896 3614.0
897 3614.0
898 3614.0
899 3614.0
900 3614.0
901 3612.0
902 3612.0
903 3603.0
904 3603.0
905 3599.0
906 3599.0
907 3599.0
908 3599.0
909 3599.0
910 3599.0
911 3599.0
912 3579.0
913 3579.0
914 3579.0
915 3535.0
916 3535.0
917 3535.0
918 3535.0
919 3535.0
920 3525.0
921 3525.0
922 3525.0
923 3525.0
924 3525.0
925 3525.0
926 3525.0
927 3467.0
928 3466.0
929 3459.0
930 3440.0
931 3397.0
932 3397.0
933 3397.0
934 3349.0
935 3349.0
936 3349.0
937 3349.0
938 3332.0
939 3332.0
940 3332.0
941 3332.0
942 3332.0
943 3332.0
944 3332.0
945 3332.0
946 3268.0
947 3268.0
948 3268.0
949 3268.0
950 3268.0
951 3268.0
952 3264.0
953 3264.0
954 3264.0
955 3251.0
956 3251.0
957 3251.0
958 3251.0
959 3251.0
960 3251.0
961 3244.0
962 3244.0
963 3244.0
964 3244.0
965 3244.0
966 3244.0
967 3244.0
968 3244.0
969 3244.0
970 3237.0
971 3237.0
972 3237.0
973 3237.0
974 3237.0
975 3237.0
976 3237.0
977 3237.0
978 3237.0
979 3237.0
980 3237.0
991 3373.0
992 3373.0
993 3357.0
994 3357.0
995 3357.0
996 3357.0
997 3357.0
998 3357.0
999 3351.0
1000 3351.0
1001 3351.0
1002 3351.0
1003 3351.0
1004 3351.0
1005 3351.0
1006 3351.0
1007 3351.0
1008 3351.0
1009 3351.0
1020 3408.0
1021 3408.0
1022 3408.0
1023 3408.0
1024 3408.0
1025 3396.0
1026 3396.0
1027 3396.0
1028 3396.0
1029 3396.0
1030 3396.0
1031 3396.0
1032 3396.0
1033 3396.0
1034 3396.0
1035 3396.0
1046 3390.0
1047 3390.0
1048 3390.0
1049 3390.0
1050 3371.0
1051 3371.0
1052 3371.0
1053 3371.0
1054 3371.0
1055 3371.0
1056 3371.0
1057 3371.0
1058 3371.0
1059 3371.0
1060 3371.0
1071 3401.0
1072 3401.0
1073 3401.0
1074 3396.0
1075 3396.0
1076 3396.0
1077 3391.0
1078 3376.0
1079 3373.0
1080 3373.0
1081 3372.0
1082 3372.0
1083 3372.0
1084 3365.0
1085 3361.0
1086 3361.0
1087 3333.0
1088 3333.0
1089 3333.0
1090 3333.0
1091 3332.0
1092 3331.0
1093 3331.0
1094 3331.0
1095 3331.0
1096 3331.0
1097 3331.0
1098 3317.0
1099 3315.0
1100 3315.0
1101 3315.0
1102 3315.0
1103 3315.0
1104 3315.0
1105 3315.0
1106 3315.0
1107 3315.0
1108 3315.0
1109 3315.0
1120 3342.0
1121 3342.0
1122 3163.0
1123 3163.0
1124 3152.0
1125 3152.0
1126 3152.0
1127 3139.0
1128 3139.0
1129 3139.0
1130 3139.0
1131 3139.0
1132 3139.0
1133 3139.0
1134 3139.0
1135 3139.0
1136 3139.0
1137 3139.0
1148 3168.0
1149 3168.0
1150 3168.0
1151 3168.0
1152 3168.0
1153 3156.0
1154 3156.0
1155 3156.0
1156 3156.0
1157 3156.0
1158 3156.0
1159 3156.0
1160 3156.0
1161 3123.0
1162 3111.0
1163 3111.0
1164 2952.0
1165 2950.0
1166 2949.0
1167 2946.0
1168 2946.0
1169 2923.0
1170 2903.0
1171 2899.0
1172 2899.0
1173 2897.0
1174 2896.0
1175 2896.0
1176 2896.0
1177 2893.0
1178 2893.0
1179 2893.0
1180 2893.0
1181 2893.0
1182 2893.0
1183 2893.0
1184 2893.0
1185 2893.0
1186 2893.0
1187 2893.0
1198 2785.0
1199 2785.0
1200 2779.0
1201 2779.0
1202 2772.0
1203 2770.0
1204 2763.0
1205 2763.0
1206 2763.0
1207 2763.0
1208 2763.0
1209 2761.0
1210 2761.0
1211 2761.0
1212 2751.0
1213 2751.0
1214 2751.0
1215 2751.0
1216 2751.0
1217 2751.0
1218 2751.0
1219 2751.0
1220 2751.0
1221 2751.0
1222 2741.0
1223 2741.0
1224 2741.0
1225 2741.0
1226 2741.0
1227 2741.0
1228 2739.0
1229 2737.0
1230 2721.0
1231 2721.0
1232 2721.0
1233 2721.0
1234 2720.0
1235 2718.0
1236 2718.0
1237 2718.0
1238 2701.0
1239 2701.0
1240 2698.0
1241 2682.0
1242 2682.0
1243 2682.0
1244 2682.0
1245 2682.0
1246 2682.0
1247 2682.0
1248 2682.0
1249 2682.0
1250 2682.0
1251 2682.0
1262 2637.0
1263 2637.0
1264 2637.0
1265 2637.0
1266 2637.0
1267 2637.0
1268 2616.0
1269 2616.0
1270 2616.0
1271 2616.0
1272 2616.0
1273 2616.0
1274 2616.0
1275 2616.0
1276 2616.0
1277 2610.0
1278 2610.0
1279 2610.0
1280 2610.0
1281 2610.0
1282 2610.0
1283 2609.0
1284 2609.0
1285 2609.0
1286 2609.0
1287 2609.0
1288 2609.0
1289 2609.0
1290 2609.0
1291 2609.0
1292 2609.0
1293 2609.0
1304 2599.0
1305 2599.0
1306 2599.0
1307 2599.0
1308 2599.0
1309 2599.0
1310 2599.0
1311 2599.0
1312 2599.0
1313 2599.0
1324 2654.0
1325 2654.0
1326 2654.0
1327 2654.0
1328 2654.0
1329 2638.0
1330 2638.0
1331 2638.0
1332 2638.0
1333 2638.0
1334 2638.0
1335 2638.0
1336 2638.0
1337 2467.0
1338 2467.0
1339 2465.0
1340 2464.0
1341 2463.0
1342 2432.0
1343 2404.0
1344 2404.0
1345 2396.0
1346 2392.0
1347 2392.0
1348 2373.0
1349 2367.0
1350 2364.0
1351 2363.0
1352 2358.0
1353 2358.0
1354 2357.0
1355 2357.0
1356 2357.0
1357 2341.0
1358 2341.0
1359 2341.0
1360 2341.0
1361 2338.0
1362 2338.0
1363 2338.0
1364 2338.0
1365 2338.0
1366 2321.0
1367 2308.0
1368 2308.0
1369 2308.0
1370 2308.0
1371 2308.0
1372 2308.0
1373 2308.0
1374 2308.0
1375 2308.0
1376 2296.0
1377 2296.0
1378 2296.0
1379 2270.0
1380 2270.0
1381 2270.0
1382 2270.0
1383 2270.0
1384 2270.0
1385 2270.0
1386 2270.0
1387 2263.0
1388 2218.0
1389 2218.0
1390 2218.0
1391 2218.0
1392 2218.0
1393 2218.0
1394 2218.0
1395 2218.0
1396 2218.0
1397 2218.0
1398 2218.0
1409 2231.0
1410 2231.0
1411 2231.0
1412 2231.0
1413 2231.0
1414 2231.0
1415 2231.0
1416 2231.0
1417 2231.0
1418 2231.0
1429 2235.0
1430 2235.0
1431 2235.0
1432 2235.0
1433 2235.0
1434 2235.0
1435 2229.0
1436 2229.0
1437 2229.0
1438 2229.0
1439 2229.0
1440 2229.0
1441 2229.0
1442 2229.0
1443 2217.0
1444 2211.0
1445 2206.0
1446 2199.0
1447 2199.0
1448 2199.0
1449 2199.0
1450 2199.0
1451 2199.0
1452 2199.0
1453 2199.0
1454 2199.0
1455 2160.0
1456 2159.0
1457 2159.0
1458 2149.0
1459 2149.0
1460 2149.0
1461 2146.0
1462 2145.0
1463 2145.0
1464 2145.0
1465 2101.0
1466 2086.0
1467 2086.0
1468 2078.0
1469 2078.0
1470 2078.0
1471 2078.0
1472 2078.0
1473 2077.0
1474 2076.0
1475 2076.0
1476 2076.0
1477 2076.0
1478 2076.0
1479 2070.0
1480 2070.0
1481 2066.0
1482 2066.0
1483 2062.0
1484 2062.0
1485 2060.0
1486 2060.0
1487 2060.0
1488 2060.0
1489 2060.0
1490 2060.0
1491 2057.0
1492 2057.0
1493 2057.0
1494 2057.0
1495 2057.0
1496 2049.0
1497 2049.0
1498 2049.0
1499 2049.0
1500 2043.0
1501 2043.0
1502 2043.0
1503 2043.0
1504 2043.0
1505 2043.0
1506 2043.0
1507 2043.0
1508 2043.0
1509 2043.0
1510 2043.0
1521 2051.0
1522 2051.0
1523 2051.0
1524 2051.0
1525 2051.0
1526 2051.0
1527 2051.0
1528 2051.0
1529 2051.0
1530 2044.0
1531 2044.0
1532 2033.0
1533 2033.0
1534 2033.0
1535 2028.0
1536 2028.0
1537 2028.0
1538 2028.0
1539 2028.0
1540 2028.0
1541 2028.0
1542 2028.0
1543 2021.0
1544 2021.0
1545 2021.0
1546 1992.0
1547 1992.0
1548 1992.0
1549 1992.0
1550 1992.0
1551 1992.0
1552 1992.0
1553 1992.0
1554 1992.0
1555 1992.0
1556 1992.0
1567 1975.0
1568 1975.0
1569 1975.0
1570 1975.0
1571 1975.0
1572 1975.0
1573 1975.0
1574 1975.0
1575 1970.0
1576 1970.0
1577 1970.0
1578 1970.0
1579 1970.0
1580 1970.0
1581 1970.0
1582 1970.0
1583 1970.0
1584 1970.0
1585 1957.0
1586 1957.0
1587 1957.0
1588 1957.0
1589 1957.0
1590 1957.0
1591 1944.0
1592 1944.0
1593 1944.0
1594 1944.0
1595 1944.0
1596 1944.0
1597 1944.0
1598 1944.0
1599 1944.0
1600 1944.0
1601 1944.0
1612 1941.0
1613 1941.0
1614 1941.0
1615 1941.0
1616 1941.0
1617 1941.0
1618 1941.0
1619 1941.0
1620 1941.0
1621 1941.0
1632 1939.0
1633 1936.0
1634 1936.0
1635 1936.0
1636 1936.0
1637 1936.0
1638 1936.0
1639 1924.0
1640 1924.0
1641 1924.0
1642 1924.0
1643 1924.0
1644 1921.0
1645 1921.0
1646 1921.0
1647 1921.0
1648 1921.0
1649 1921.0
1650 1921.0
1651 1921.0
1652 1921.0
1653 1921.0
1654 1921.0
1665 1929.0
1666 1929.0
1667 1929.0
1668 1929.0
1669 1929.0
1670 1929.0
1671 1929.0
1672 1929.0
1673 1929.0
1674 1929.0
1685 1973.0
1686 1973.0
1687 1973.0
1688 1973.0
1689 1973.0
1690 1973.0
1691 1973.0
1692 1973.0
1693 1973.0
1694 1973.0
1705 1982.0
1706 1982.0
1707 1982.0
1708 1982.0
1709 1982.0
1710 1982.0
1711 1982.0
1712 1982.0
1713 1982.0
1714 1982.0
1725 1987.0
1726 1987.0
1727 1987.0
1728 1986.0
1729 1980.0
1730 1980.0
1731 1980.0
1732 1971.0
1733 1971.0
1734 1971.0
1735 1971.0
1736 1971.0
1737 1971.0
1738 1971.0
1739 1971.0
1740 1971.0
1741 1971.0
1742 1966.0
1743 1966.0
1744 1966.0
1745 1966.0
1746 1966.0
1747 1966.0
1748 1966.0
1749 1950.0
1750 1950.0
1751 1950.0
1752 1950.0
1753 1950.0
1754 1950.0
1755 1950.0
1756 1950.0
1757 1950.0
1758 1950.0
1759 1830.0
1760 1826.0
1761 1826.0
1762 1826.0
1763 1826.0
1764 1826.0
1765 1821.0
1766 1819.0
1767 1819.0
1768 1819.0
1769 1819.0
1770 1819.0
1771 1819.0
1772 1816.0
1773 1816.0
1774 1816.0
1775 1816.0
1776 1816.0
1777 1816.0
1778 1816.0
1779 1816.0
1780 1816.0
1781 1816.0
1782 1816.0
1793 1809.0
1794 1809.0
1795 1809.0
1796 1809.0
1797 1809.0
1798 1809.0
1799 1809.0
1800 1809.0
1801 1809.0
1802 1809.0
1813 1724.0
1814 1696.0
1815 1696.0
1816 1696.0
1817 1696.0
1818 1696.0
1819 1696.0
1820 1696.0
1821 1696.0
1822 1696.0
1823 1696.0
1824 1696.0
1835 1724.0
1836 1724.0
1837 1724.0
1838 1724.0
1839 1710.0
1840 1710.0
1841 1710.0
1842 1710.0
1843 1710.0
1844 1710.0
1845 1710.0
1846 1710.0
1847 1710.0
1848 1710.0
1849 1708.0
1850 1708.0
1851 1708.0
1852 1708.0
1853 1708.0
1854 1708.0
1855 1708.0
1856 1708.0
1857 1708.0
1858 1708.0
1859 1702.0
1860 1702.0
1861 1702.0
1862 1702.0
1863 1702.0
1864 1702.0
1865 1702.0
1866 1696.0
1867 1696.0
1868 1696.0
1869 1696.0
1870 1696.0
1871 1696.0
1872 1696.0
1873 1696.0
1874 1696.0
1875 1696.0
1876 1687.0
1877 1687.0
1878 1687.0
1879 1687.0
1880 1687.0
1881 1687.0
1882 1687.0
1883 1687.0
1884 1687.0
1885 1673.0
1886 1673.0
1887 1673.0
1888 1672.0
1889 1672.0
1890 1672.0
1891 1672.0
1892 1672.0
1893 1672.0
1894 1672.0
1895 1672.0
1896 1672.0
1897 1672.0
1898 1672.0
1909 1681.0
1910 1681.0
1911 1681.0
1912 1681.0
1913 1681.0
1914 1681.0
1915 1681.0
1916 1681.0
1917 1681.0
1918 1681.0
1929 1685.0
1930 1685.0
1931 1685.0
1932 1685.0
1933 1685.0
1934 1685.0
1935 1685.0
1936 1685.0
1937 1685.0
1938 1685.0
1949 1681.0
1950 1681.0
1951 1681.0
1952 1681.0
1953 1681.0
1954 1681.0
1955 1681.0
1956 1681.0
1957 1681.0
1958 1681.0
1959 1681.0
1970 1595.0
1971 1595.0
1972 1595.0
1973 1595.0
1974 1587.0
1975 1587.0
1976 1587.0
1977 1587.0
1978 1587.0
1979 1587.0
1980 1587.0
1981 1587.0
1982 1587.0
1983 1587.0
1984 1587.0
1995 1581.0
1996 1579.0
1997 1579.0
1998 1579.0
1999 1579.0
2000 1579.0
2001 1579.0
2002 1579.0
2003 1579.0
2004 1579.0
2005 1579.0
2006 1579.0
2017 1582.0
2018 1582.0
2019 1579.0
2020 1579.0
2021 1579.0
2022 1579.0
2023 1579.0
2024 1579.0
2025 1579.0
2026 1579.0
2027 1579.0
2028 1579.0
2029 1579.0
2040 1585.0
2041 1585.0
2042 1579.0
2043 1579.0
2044 1579.0
2045 1579.0
2046 1579.0
2047 1579.0
2048 1579.0
2049 1579.0
2050 1579.0
2051 1579.0
2052 1579.0
2063 1589.0
2064 1589.0
2065 1589.0
2066 1589.0
2067 1580.0
2068 1580.0
2069 1580.0
2070 1580.0
2071 1580.0
2072 1580.0
2073 1580.0
2074 1580.0
2075 1573.0
2076 1573.0
2077 1573.0
2078 1573.0
2079 1573.0
2080 1573.0
2081 1573.0
2082 1573.0
2083 1573.0
2084 1573.0
2085 1573.0
2096 1621.0
2097 1621.0
2098 1621.0
2099 1621.0
2100 1621.0
2101 1621.0
2102 1621.0
2103 1587.0
2104 1582.0
2105 1579.0
2106 1579.0
2107 1571.0
2108 1571.0
2109 1571.0
2110 1567.0
2111 1564.0
2112 1556.0
2113 1556.0
2114 1556.0
2115 1556.0
2116 1556.0
2117 1556.0
2118 1556.0
2119 1556.0
2120 1556.0
2121 1556.0
2122 1556.0
2133 1532.0
2134 1528.0
2135 1528.0
2136 1528.0
2137 1528.0
2138 1528.0
2139 1528.0
2140 1528.0
2141 1528.0
2142 1528.0
2143 1528.0
2144 1528.0
2155 1539.0
2156 1539.0
2157 1533.0
2158 1533.0
2159 1533.0
2160 1533.0
2161 1533.0
2162 1533.0
2163 1518.0
2164 1518.0
2165 1516.0
2166 1516.0
2167 1516.0
2168 1514.0
2169 1514.0
2170 1509.0
2171 1508.0
2172 1508.0
2173 1508.0
2174 1508.0
2175 1471.0
2176 1471.0
2177 1471.0
2178 1464.0
2179 1464.0
2180 1464.0
2181 1464.0
2182 1464.0
2183 1464.0
2184 1464.0
2185 1464.0
2186 1464.0
2187 1464.0
2188 1464.0
2199 1360.0
2200 1350.0
2201 1350.0
2202 1350.0
2203 1350.0
2204 1350.0
2205 1342.0
2206 1342.0
2207 1342.0
2208 1323.0
2209 1323.0
2210 1323.0
2211 1323.0
2212 1323.0
2213 1323.0
2214 1323.0
2215 1322.0
2216 1322.0
2217 1320.0
2218 1312.0
2219 1305.0
2220 1305.0
2221 1305.0
2222 1305.0
2223 1305.0
2224 1305.0
2225 1305.0
2226 1305.0
2227 1305.0
2228 1305.0
2229 1305.0
2240 1300.0
2241 1294.0
2242 1294.0
2243 1294.0
2244 1294.0
2245 1288.0
2246 1288.0
2247 1288.0
2248 1288.0
2249 1288.0
2250 1288.0
2251 1288.0
2252 1288.0
2253 1288.0
2254 1281.0
2255 1281.0
2256 1281.0
2257 1281.0
2258 1281.0
2259 1281.0
2260 1281.0
2261 1281.0
2262 1281.0
2263 1274.0
2264 1274.0
2265 1273.0
2266 1269.0
2267 1223.0
2268 1218.0
2269 1218.0
2270 1217.0
2271 1217.0
2272 1217.0
2273 1215.0
2274 1212.0
2275 1212.0
2276 1212.0
2277 1212.0
2278 1212.0
2279 1212.0
2280 1212.0
2281 1210.0
2282 1210.0
2283 1210.0
2284 1210.0
2285 1210.0
2286 1210.0
2287 1206.0
2288 1206.0
2289 1206.0
2290 1206.0
2291 1206.0
2292 1206.0
2293 1206.0
2294 1206.0
2295 1206.0
2296 1196.0
2297 1196.0
2298 1196.0
2299 1196.0
2300 1196.0
2301 1193.0
2302 1193.0
2303 1189.0
2304 1189.0
2305 1189.0
2306 1189.0
2307 1189.0
2308 1189.0
2309 1189.0
2310 1189.0
2311 1189.0
2312 1189.0
2313 1189.0
2324 1184.0
2325 1184.0
2326 1184.0
2327 1184.0
2328 1184.0
2329 1184.0
2330 1184.0
2331 1184.0
2332 1184.0
2333 1184.0
2334 1184.0
2345 1184.0
2346 1184.0
2347 1184.0
2348 1184.0
2349 1184.0
2350 1184.0
2351 1184.0
2352 1184.0
2353 1184.0
2354 1184.0
2365 1191.0
2366 1191.0
2367 1191.0
2368 1191.0
2369 1191.0
2370 1182.0
2371 1182.0
2372 1182.0
2373 1182.0
2374 1182.0
2375 1182.0
2376 1182.0
2377 1182.0
2378 1182.0
2379 1182.0
2380 1160.0
2381 1160.0
2382 1160.0
2383 1160.0
2384 1160.0
2385 1160.0
2386 1160.0
2387 1160.0
2388 1160.0
2389 1160.0
2390 1160.0
2401 1159.0
2402 1142.0
2403 1140.0
2404 1140.0
2405 1140.0
2406 1131.0
2407 1131.0
2408 1124.0
2409 1124.0
2410 1124.0
2411 1124.0
2412 1124.0
2413 1124.0
2414 1124.0
2415 1124.0
2416 1124.0
2417 1124.0
2418 1124.0
2429 1123.0
2430 1101.0
2431 1099.0
2432 1099.0
2433 1099.0
2434 1097.0
2435 1097.0
2436 1097.0
2437 1097.0
2438 1097.0
2439 1097.0
2440 1097.0
2441 1097.0
2442 1097.0
2443 1097.0
2444 1097.0
2455 1115.0
2456 1115.0
2457 1115.0
2458 1115.0
2459 1115.0
2460 1115.0
2461 1115.0
2462 1115.0
2463 1115.0
2464 1115.0
2475 1113.0
2476 1113.0
2477 1113.0
2478 1113.0
2479 1113.0
2480 1113.0
2481 1113.0
2482 1113.0
2483 1113.0
2484 1113.0
2495 1114.0
2496 1114.0
2497 1114.0
2498 1114.0
2499 1108.0
2500 1108.0
2501 1108.0
2502 1108.0
2503 1108.0
2504 1108.0
2505 1108.0
2506 1108.0
2507 1108.0
2508 1108.0
2509 1108.0
2520 1094.0
2521 1094.0
2522 1094.0
2523 1094.0
2524 1094.0
2525 1094.0
2526 1094.0
2527 1094.0
2528 1094.0
2529 1094.0
2540 1097.0
2541 1097.0
2542 1097.0
2543 1097.0
2544 1097.0
2545 1097.0
2546 1092.0
2547 1092.0
2548 1092.0
2549 1092.0
2550 1091.0
2551 1091.0
2552 1091.0
2553 1091.0
2554 1091.0
2555 1091.0
2556 1091.0
2557 1091.0
2558 1091.0
2559 1091.0
2560 1091.0
2571 1090.0
2572 1090.0
2573 1090.0
2574 1090.0
2575 1090.0
2576 1090.0
2577 1090.0
2578 1090.0
2579 1090.0
2580 1090.0
2591 1095.0
2592 1095.0
2593 1095.0
2594 1095.0
2595 1090.0
2596 1090.0
2597 1090.0
2598 1081.0
2599 1081.0
2600 1081.0
2601 1081.0
2602 1081.0
2603 1081.0
2604 1081.0
2605 1081.0
2606 1081.0
2607 1081.0
2608 1081.0
2619 1087.0
2620 1087.0
2621 1087.0
2622 1087.0
2623 1087.0
2624 1087.0
2625 1087.0
2626 1087.0
2627 1087.0
2628 1087.0
2639 1091.0
2640 1091.0
2641 1091.0
2642 1091.0
2643 1091.0
2644 1091.0
2645 1091.0
2646 1090.0
2647 1090.0
2648 1090.0
2649 1087.0
2650 1087.0
2651 1087.0
2652 1087.0
2653 1087.0
2654 1087.0
2655 1087.0
2656 1087.0
2657 1087.0
2658 1087.0
2659 1087.0
2670 1123.0
2671 1123.0
2672 1123.0
2673 1123.0
2674 1123.0
2675 1118.0
2676 1118.0
2677 1118.0
2678 1118.0
2679 1118.0
2680 1118.0
2681 1118.0
2682 1118.0
2683 1118.0
2684 1117.0
2685 1117.0
2686 1117.0
2687 1117.0
2688 1117.0
2689 1117.0
2690 1117.0
2691 1117.0
2692 1117.0
2693 1117.0
2694 1117.0
2705 1101.0
2706 1101.0
2707 1101.0
2708 1101.0
2709 1101.0
2710 1101.0
2711 1101.0
2712 1101.0
2713 1101.0
2714 1101.0
2725 1110.0
2726 1110.0
2727 1110.0
2728 1110.0
2729 1110.0
2730 1108.0
2731 1108.0
2732 1108.0
2733 1108.0
2734 1108.0
2735 1099.0
2736 1099.0
2737 1099.0
2738 1099.0
2739 1099.0
2740 1099.0
2741 1099.0
2742 1099.0
2743 1099.0
2744 1099.0
2745 1099.0
2756 1103.0
2757 1103.0
2758 1103.0
2759 1103.0
2760 1099.0
2761 1097.0
2762 1097.0
2763 1097.0
2764 1097.0
2765 1097.0
2766 1097.0
2767 1097.0
2768 1097.0
2769 1097.0
2770 1097.0
2771 1097.0
2782 1101.0
2783 1101.0
2784 1101.0
2785 1101.0
2786 1101.0
2787 1101.0
2788 1101.0
2789 1101.0
2790 1101.0
2791 1101.0
2802 1048.0
2803 1048.0
2804 1048.0
2805 1048.0
2806 1048.0
2807 1048.0
2808 1048.0
2809 1048.0
2810 1048.0
2811 1043.0
2812 1043.0
2813 1043.0
2814 1043.0
2815 1043.0
2816 1043.0
2817 1043.0
2818 1043.0
2819 1043.0
2820 1043.0
2821 1043.0
2832 1044.0
2833 1044.0
2834 1044.0
2835 1044.0
2836 1044.0
2837 1044.0
2838 1044.0
2839 1044.0
2840 1044.0
2841 1044.0
2852 1025.0
2853 1025.0
2854 1025.0
2855 1025.0
2856 1025.0
2857 1025.0
2858 1025.0
2859 1025.0
2860 1025.0
2861 1024.0
2862 1024.0
2863 1024.0
2864 1024.0
2865 1024.0
2866 1024.0
2867 1024.0
2868 1024.0
2869 1024.0
2870 1024.0
2871 1024.0
2882 1016.0
2883 1016.0
2884 1016.0
2885 1016.0
2886 1016.0
2887 1016.0
2888 1016.0
2889 1016.0
2890 1016.0
2891 1016.0
2902 1006.0
2903 1006.0
2904 1006.0
2905 1006.0
2906 1006.0
2907 1006.0
2908 1006.0
2909 1006.0
2910 1006.0
2911 1006.0
2922 1005.0
2923 1005.0
2924 1005.0
2925 1005.0
2926 1005.0
2927 1005.0
2928 1005.0
2929 1005.0
2930 1005.0
2931 1005.0
2942 1008.0
2943 1008.0
2944 1002.0
2945 1002.0
2946 1002.0
2947 1002.0
2948 1002.0
2949 1002.0
2950 1002.0
2951 1002.0
2952 996.0
2953 996.0
2954 996.0
2955 996.0
2956 996.0
2957 996.0
2958 996.0
2959 996.0
2960 994.0
2961 994.0
2962 994.0
2963 994.0
2964 994.0
2965 994.0
2966 994.0
2967 994.0
2968 994.0
2969 994.0
2970 994.0
2981 1002.0
2982 1002.0
2983 1002.0
2984 999.0
2985 999.0
2986 999.0
2987 999.0
2988 999.0
2989 999.0
2990 999.0
2991 999.0
2992 999.0
2993 999.0
2994 999.0
3005 979.0
3006 979.0
3007 979.0
3008 976.0
3009 976.0
3010 976.0
3011 976.0
3012 976.0
3013 976.0
3014 976.0
3015 976.0
3016 976.0
3017 952.0
3018 949.0
3019 949.0
3020 947.0
3021 947.0
3022 947.0
3023 940.0
3024 940.0
3025 938.0
3026 937.0
3027 937.0
3028 937.0
3029 937.0
3030 937.0
3031 928.0
3032 928.0
3033 928.0
3034 928.0
3035 928.0
3036 928.0
3037 928.0
3038 928.0
3039 928.0
3040 928.0
3041 928.0
3052 910.0
3053 910.0
3054 910.0
3055 910.0
3056 909.0
3057 909.0
3058 909.0
3059 909.0
3060 909.0
3061 909.0
3062 909.0
3063 909.0
3064 909.0
3065 909.0
3066 909.0
3077 906.0
3078 906.0
3079 906.0
3080 903.0
3081 901.0
3082 901.0
3083 901.0
3084 901.0
3085 901.0
3086 901.0
3087 901.0
3088 901.0
3089 901.0
3090 901.0
3091 901.0
3102 896.0
3103 896.0
3104 896.0
3105 896.0
3106 889.0
3107 889.0
3108 889.0
3109 887.0
3110 887.0
3111 887.0
3112 887.0
3113 883.0
3114 883.0
3115 883.0
3116 883.0
3117 883.0
3118 883.0
3119 883.0
3120 883.0
3121 883.0
3122 883.0
3123 883.0
3134 886.0
3135 886.0
3136 886.0
3137 885.0
3138 885.0
3139 885.0
3140 885.0
3141 885.0
3142 885.0
3143 885.0
3144 883.0
3145 883.0
3146 883.0
3147 883.0
3148 883.0
3149 883.0
3150 883.0
3151 883.0
3152 883.0
3153 883.0
3154 883.0
3165 879.0
3166 879.0
3167 879.0
3168 879.0
3169 879.0
3170 879.0
3171 879.0
3172 879.0
3173 879.0
3174 879.0
3185 880.0
3186 871.0
3187 871.0
3188 871.0
3189 869.0
3190 869.0
3191 869.0
3192 869.0
3193 869.0
3194 869.0
3195 869.0
3196 841.0
3197 841.0
3198 841.0
3199 839.0
3200 836.0
3201 836.0
3202 836.0
3203 836.0
3204 836.0
3205 833.0
3206 833.0
3207 833.0
3208 831.0
3209 830.0
3210 830.0
3211 830.0
3212 830.0
3213 827.0
3214 827.0
3215 827.0
3216 827.0
3217 827.0
3218 827.0
3219 827.0
3220 827.0
3221 827.0
3222 825.0
3223 825.0
3224 821.0
3225 821.0
3226 821.0
3227 821.0
3228 821.0
3229 821.0
3230 821.0
3231 819.0
3232 817.0
3233 817.0
3234 815.0
3235 815.0
3236 815.0
3237 815.0
3238 811.0
3239 810.0
3240 810.0
3241 810.0
3242 810.0
3243 810.0
3244 810.0
3245 810.0
3246 810.0
3247 810.0
3248 810.0
3249 810.0
3260 807.0
3261 807.0
3262 807.0
3263 807.0
3264 807.0
3265 807.0
3266 807.0
3267 807.0
3268 807.0
3269 807.0
3270 807.0
3281 806.0
3282 806.0
3283 806.0
3284 806.0
3285 806.0
3286 806.0
3287 806.0
3288 806.0
3289 806.0
3290 806.0
3301 805.0
3302 805.0
3303 805.0
3304 805.0
3305 805.0
3306 805.0
3307 805.0
3308 805.0
3309 805.0
3310 805.0
3321 807.0
3322 807.0
3323 807.0
3324 807.0
3325 807.0
3326 807.0
3327 807.0
3328 807.0
3329 807.0
3330 807.0
3341 801.0
3342 801.0
3343 801.0
3344 801.0
3345 801.0
3346 801.0
3347 801.0
3348 801.0
3349 801.0
3350 801.0
3361 792.0
3362 792.0
3363 792.0
3364 792.0
3365 792.0
3366 792.0
3367 792.0
3368 792.0
3369 792.0
3370 792.0
3381 798.0
3382 798.0
3383 798.0
3384 798.0
3385 798.0
3386 798.0
3387 787.0
3388 787.0
3389 786.0
3390 786.0
3391 786.0
3392 786.0
3393 785.0
3394 785.0
3395 785.0
3396 783.0
3397 783.0
3398 782.0
3399 782.0
3400 782.0
3401 782.0
3402 782.0
3403 782.0
3404 782.0
3405 782.0
3406 782.0
3407 782.0
3408 782.0
3419 783.0
3420 783.0
3421 783.0
3422 783.0
3423 783.0
3424 783.0
3425 783.0
3426 783.0
3427 783.0
3428 783.0
3439 782.0
3440 782.0
3441 782.0
3442 782.0
3443 782.0
3444 782.0
3445 782.0
3446 778.0
3447 778.0
3448 778.0
3449 778.0
3450 778.0
3451 778.0
3452 778.0
3453 778.0
3454 778.0
3455 778.0
3456 778.0
3467 780.0
3468 780.0
3469 780.0
3470 780.0
3471 780.0
3472 780.0
3473 780.0
3474 780.0
3475 780.0
3476 780.0
3487 778.0
3488 777.0
3489 777.0
3490 777.0
3491 777.0
3492 777.0
3493 777.0
3494 777.0
3495 777.0
3496 777.0
3497 777.0
3498 777.0
3509 778.0
3510 778.0
3511 778.0
3512 778.0
3513 778.0
3514 778.0
3515 778.0
3516 778.0
3517 778.0
3518 778.0
3529 784.0
3530 784.0
3531 784.0
3532 784.0
3533 784.0
3534 784.0
3535 784.0
3536 784.0
3537 784.0
3538 784.0
3549 785.0
3550 785.0
3551 785.0
3552 785.0
3553 785.0
3554 785.0
3555 785.0
3556 785.0
3557 785.0
3558 785.0
3569 780.0
3570 780.0
3571 780.0
3572 780.0
3573 780.0
3574 780.0
3575 780.0
3576 780.0
3577 780.0
3578 780.0
3589 782.0
3590 782.0
3591 782.0
3592 782.0
3593 780.0
3594 780.0
3595 780.0
3596 780.0
3597 780.0
3598 780.0
3599 780.0
3600 780.0
3601 780.0
3602 780.0
3603 780.0
3614 780.0
3615 780.0
3616 780.0
3617 780.0
3618 780.0
3619 780.0
3620 780.0
3621 780.0
3622 780.0
3623 780.0
3634 778.0
3635 778.0
3636 778.0
3637 778.0
3638 778.0
3639 778.0
3640 778.0
3641 778.0
3642 778.0
3643 778.0
3654 788.0
3655 787.0
3656 787.0
3657 786.0
3658 786.0
3659 786.0
3660 786.0
3661 786.0
3662 786.0
3663 786.0
3664 786.0
3665 786.0
3666 781.0
3667 781.0
3668 781.0
3669 778.0
3670 778.0
3671 778.0
3672 778.0
3673 778.0
3674 775.0
3675 775.0
3676 775.0
3677 775.0
3678 775.0
3679 774.0
3680 774.0
3681 774.0
3682 774.0
3683 774.0
3684 774.0
3685 774.0
3686 774.0
3687 774.0
3688 774.0
3689 774.0
3700 739.0
3701 739.0
3702 739.0
3703 739.0
3704 739.0
3705 739.0
3706 739.0
3707 739.0
3708 739.0
3709 739.0
3720 736.0
3721 736.0
3722 736.0
3723 736.0
3724 736.0
3725 736.0
3726 736.0
3727 736.0
3728 736.0
3729 736.0
3740 735.0
3741 735.0
3742 735.0
3743 735.0
3744 735.0
3745 735.0
3746 735.0
3747 735.0
3748 735.0
3749 735.0
3760 727.0
3761 727.0
3762 727.0
3763 727.0
3764 727.0
3765 727.0
3766 727.0
3767 727.0
3768 727.0
3769 727.0
3780 730.0
3781 730.0
3782 730.0
3783 730.0
3784 730.0
3785 728.0
3786 728.0
3787 728.0
3788 728.0
3789 728.0
3790 728.0
3791 728.0
3792 728.0
3793 728.0
3794 728.0
3795 728.0
3806 730.0
3807 730.0
3808 730.0
3809 730.0
3810 730.0
3811 730.0
3812 730.0
3813 730.0
3814 730.0
3815 730.0
3826 737.0
3827 737.0
3828 737.0
3829 737.0
3830 737.0
3831 737.0
3832 737.0
3833 737.0
3834 737.0
3835 737.0
3846 734.0
3847 734.0
3848 734.0
3849 734.0
3850 734.0
3851 734.0
3852 734.0
3853 734.0
3854 734.0
3855 734.0
3866 737.0
3867 736.0
3868 736.0
3869 736.0
3870 736.0
3871 736.0
3872 736.0
3873 736.0
3874 736.0
3875 736.0
3876 736.0
3877 736.0
3888 734.0
3889 734.0
3890 734.0
3891 734.0
3892 734.0
3893 734.0
3894 734.0
3895 734.0
3896 734.0
3897 734.0
3908 716.0
3909 716.0
3910 716.0
3911 716.0
3912 716.0
3913 716.0
3914 716.0
3915 716.0
3916 716.0
3917 716.0
3928 716.0
3929 716.0
3930 716.0
3931 716.0
3932 716.0
3933 716.0
3934 716.0
3935 716.0
3936 716.0
3937 716.0
3948 714.0
3949 714.0
3950 714.0
3951 714.0
3952 714.0
3953 714.0
3954 714.0
3955 714.0
3956 714.0
3957 714.0
3968 709.0
3969 709.0
3970 709.0
3971 709.0
3972 709.0
3973 709.0
3974 709.0
3975 707.0
3976 707.0
3977 707.0
3978 707.0
3979 707.0
3980 707.0
3981 707.0
3982 707.0
3983 707.0
3984 703.0
3985 703.0
3986 703.0
3987 703.0
3988 703.0
3989 703.0
3990 703.0
3991 703.0
3992 701.0
3993 701.0
3994 701.0
3995 701.0
3996 701.0
3997 701.0
3998 701.0
3999 701.0
4000 701.0
4001 701.0
4002 701.0
4013 703.0
4014 703.0
4015 703.0
4016 703.0
4017 703.0
4018 702.0
4019 702.0
4020 702.0
4021 691.0
4022 691.0
4023 691.0
4024 691.0
4025 685.0
4026 685.0
4027 685.0
4028 685.0
4029 685.0
4030 685.0
4031 685.0
4032 685.0
4033 685.0
4034 685.0
4035 685.0
4046 687.0
4047 687.0
4048 687.0
4049 687.0
4050 687.0
4051 687.0
4052 687.0
4053 687.0
4054 687.0
4055 687.0
4066 686.0
4067 686.0
4068 686.0
4069 686.0
4070 686.0
4071 686.0
4072 686.0
4073 686.0
4074 686.0
4075 686.0
4086 687.0
4087 687.0
4088 687.0
4089 687.0
4090 687.0
4091 687.0
4092 687.0
4093 687.0
4094 687.0
4095 687.0
4106 691.0
4107 691.0
4108 691.0
4109 691.0
4110 690.0
4111 690.0
4112 687.0
4113 687.0
4114 687.0
4115 687.0
4116 687.0
4117 683.0
4118 683.0
4119 683.0
4120 683.0
4121 683.0
4122 683.0
4123 683.0
4124 683.0
4125 683.0
4126 683.0
4127 683.0
4138 686.0
4139 686.0
4140 686.0
4141 686.0
4142 685.0
4143 685.0
4144 682.0
4145 682.0
4146 682.0
4147 682.0
4148 682.0
4149 682.0
4150 682.0
4151 682.0
4152 682.0
4153 682.0
4154 682.0
4165 687.0
4166 687.0
4167 687.0
4168 684.0
4169 684.0
4170 684.0
4171 684.0
4172 684.0
4173 684.0
4174 684.0
4175 684.0
4176 684.0
4177 684.0
4178 684.0
4189 680.0
4190 680.0
4191 680.0
4192 680.0
4193 680.0
4194 680.0
4195 680.0
4196 680.0
4197 680.0
4198 680.0
4209 696.0
4210 696.0
4211 696.0
4212 696.0
4213 696.0
4214 696.0
4215 696.0
4216 696.0
4217 696.0
4218 696.0
4229 694.0
4230 694.0
4231 694.0
4232 694.0
4233 694.0
4234 694.0
4235 694.0
4236 694.0
4237 694.0
4238 694.0
4249 698.0
4250 698.0
4251 698.0
4252 698.0
4253 698.0
4254 698.0
4255 696.0
4256 696.0
4257 696.0
4258 696.0
4259 696.0
4260 696.0
4261 696.0
4262 696.0
4263 696.0
4264 696.0
4265 696.0
4276 696.0
4277 696.0
4278 696.0
4279 696.0
4280 696.0
4281 696.0
4282 696.0
4283 696.0
4284 696.0
4285 696.0
4296 696.0
4297 696.0
4298 696.0
4299 696.0
4300 696.0
4301 696.0
4302 696.0
4303 696.0
4304 696.0
4305 696.0
4316 704.0
4317 704.0
4318 703.0
4319 698.0
4320 698.0
4321 698.0
4322 698.0
4323 698.0
4324 698.0
4325 698.0
4326 698.0
4327 698.0
4328 698.0
4329 698.0
4340 701.0
4341 701.0
4342 701.0
4343 701.0
4344 701.0
4345 701.0
4346 701.0
4347 701.0
4348 701.0
4349 701.0
4360 701.0
4361 701.0
4362 701.0
4363 701.0
4364 701.0
4365 699.0
4366 699.0
4367 699.0
4368 699.0
4369 699.0
4370 699.0
4371 699.0
4372 699.0
4373 699.0
4374 699.0
4375 699.0
4386 698.0
4387 698.0
4388 698.0
4389 698.0
4390 698.0
4391 698.0
4392 698.0
4393 698.0
4394 698.0
4395 698.0
4406 725.0
4407 725.0
4408 725.0
4409 725.0
4410 722.0
4411 722.0
4412 722.0
4413 722.0
4414 720.0
4415 720.0
4416 720.0
4417 720.0
4418 720.0
4419 720.0
4420 718.0
4421 718.0
4422 718.0
4423 718.0
4424 718.0
4425 718.0
4426 718.0
4427 718.0
4428 718.0
4429 718.0
4430 718.0
4441 718.0
4442 718.0
4443 718.0
4444 718.0
4445 718.0
4446 718.0
4447 716.0
4448 708.0
4449 708.0
4450 708.0
4451 708.0
4452 708.0
4453 708.0
4454 708.0
4455 708.0
4456 708.0
4457 708.0
4458 708.0
4469 708.0
4470 708.0
4471 708.0
4472 708.0
4473 708.0
4474 708.0
4475 708.0
4476 708.0
4477 708.0
4478 708.0
4489 707.0
4490 707.0
4491 707.0
4492 707.0
4493 707.0
4494 707.0
4495 707.0
4496 707.0
4497 707.0
4498 707.0
4509 730.0
4510 730.0
4511 730.0
4512 730.0
4513 730.0
4514 730.0
4515 730.0
4516 730.0
4517 730.0
4518 730.0
4529 731.0
4530 731.0
4531 730.0
4532 730.0
4533 730.0
4534 730.0
4535 730.0
4536 730.0
4537 730.0
4538 728.0
4539 728.0
4540 728.0
4541 728.0
4542 728.0
4543 727.0
4544 727.0
4545 727.0
4546 727.0
4547 727.0
4548 727.0
4549 727.0
4550 727.0
4551 727.0
4552 727.0
4553 727.0
4564 729.0
4565 728.0
4566 728.0
4567 728.0
4568 728.0
4569 728.0
4570 728.0
4571 728.0
4572 728.0
4573 728.0
4574 728.0
4575 728.0
4586 727.0
4587 727.0
4588 727.0
4589 727.0
4590 727.0
4591 727.0
4592 727.0
4593 727.0
4594 727.0
4595 727.0
4606 732.0
4607 732.0
4608 732.0
4609 732.0
4610 732.0
4611 732.0
4612 731.0
4613 731.0
4614 731.0
4615 731.0
4616 717.0
4617 717.0
4618 717.0
4619 717.0
4620 717.0
4621 717.0
4622 717.0
4623 717.0
4624 717.0
4625 717.0
4626 717.0
4637 696.0
4638 696.0
4639 696.0
4640 696.0
4641 696.0
4642 696.0
4643 696.0
4644 696.0
4645 696.0
4646 696.0
4647 696.0
4658 699.0
4659 699.0
4660 699.0
4661 697.0
4662 697.0
4663 693.0
4664 693.0
4665 693.0
4666 693.0
4667 693.0
4668 693.0
4669 693.0
4670 693.0
4671 693.0
4672 693.0
4673 693.0
4684 698.0
4685 698.0
4686 698.0
4687 691.0
4688 691.0
4689 691.0
4690 691.0
4691 691.0
4692 691.0
4693 691.0
4694 691.0
4695 691.0
4696 691.0
4697 691.0
4708 690.0
4709 690.0
4710 690.0
4711 690.0
4712 690.0
4713 690.0
4714 690.0
4715 690.0
4716 690.0
4717 690.0
4728 686.0
4729 686.0
4730 686.0
4731 686.0
4732 686.0
4733 686.0
4734 686.0
4735 686.0
4736 686.0
4737 686.0
4748 690.0
4749 690.0
4750 690.0
4751 690.0
4752 690.0
4753 690.0
4754 690.0
4755 690.0
4756 687.0
4757 687.0
4758 687.0
4759 687.0
4760 687.0
4761 687.0
4762 687.0
4763 687.0
4764 687.0
4765 687.0
4766 687.0
4777 693.0
4778 693.0
4779 691.0
4780 691.0
4781 691.0
4782 691.0
4783 689.0
4784 689.0
4785 689.0
4786 689.0
4787 689.0
4788 689.0
4789 689.0
4790 689.0
4791 689.0
4792 689.0
4793 689.0
4804 690.0
4805 690.0
4806 690.0
4807 690.0
4808 690.0
4809 690.0
4810 690.0
4811 690.0
4812 690.0
4813 690.0
4824 695.0
4825 695.0
4826 695.0
4827 694.0
4828 693.0
4829 693.0
4830 693.0
4831 693.0
4832 693.0
4833 693.0
4834 693.0
4835 693.0
4836 693.0
4837 693.0
4838 693.0
4849 691.0
4850 691.0
4851 691.0
4852 691.0
4853 691.0
4854 691.0
4855 691.0
4856 691.0
4857 691.0
4858 691.0
4859 691.0
4870 691.0
4871 691.0
4872 691.0
4873 691.0
4874 691.0
4875 691.0
4876 691.0
4877 691.0
4878 691.0
4879 691.0
4890 691.0
4891 691.0
4892 691.0
4893 691.0
4894 691.0
4895 691.0
4896 691.0
4897 691.0
4898 691.0
4899 691.0
4900 691.0
4911 693.0
4912 693.0
4913 693.0
4914 693.0
4915 693.0
4916 693.0
4917 693.0
4918 693.0
4919 691.0
4920 691.0
4921 691.0
4922 691.0
4923 691.0
4924 691.0
4925 691.0
4926 691.0
4927 691.0
4928 691.0
4929 691.0
4940 689.0
4941 689.0
4942 689.0
4943 689.0
4944 689.0
4945 689.0
4946 689.0
4947 689.0
4948 689.0
4949 689.0
4960 699.0
4961 699.0
4962 699.0
4963 699.0
4964 697.0
4965 697.0
4966 697.0
4967 697.0
4968 697.0
4969 697.0
4970 697.0
4971 697.0
4972 697.0
4973 697.0
4974 697.0
4985 700.0
4986 700.0
4987 700.0
4988 700.0
4989 700.0
4990 700.0
4991 700.0
4992 700.0
4993 700.0
4994 700.0
