0 554932.0
1 553879.0
2 552827.0
3 545491.0
4 544447.0
5 544447.0
6 544447.0
7 544447.0
8 544447.0
9 544447.0
10 544447.0
11 544447.0
12 544447.0
13 544447.0
14 544447.0
15 544447.0
16 544447.0
17 544447.0
18 544447.0
19 544447.0
20 544447.0
21 544447.0
22 544447.0
23 542362.0
24 542362.0
25 542362.0
26 542362.0
27 542362.0
28 542362.0
29 542362.0
30 542362.0
31 542362.0
32 541321.0
33 540282.0
34 540282.0
35 540282.0
36 540282.0
37 539243.0
38 539243.0
39 539243.0
40 539243.0
41 539243.0
42 539243.0
43 539243.0
44 539243.0
45 539243.0
46 539243.0
47 539243.0
48 539243.0
49 539243.0
50 539243.0
51 539243.0
52 539243.0
53 539243.0
54 539243.0
55 539243.0
56 539243.0
57 537169.0
58 537169.0
59 537169.0
60 537169.0
61 537169.0
62 537169.0
63 537169.0
64 537169.0
65 537169.0
66 537169.0
67 537169.0
68 537169.0
69 537169.0
70 537169.0
71 537169.0
72 537169.0
73 537169.0
74 537169.0
75 537169.0
76 537169.0
77 537169.0
78 534064.0
79 534064.0
80 534064.0
81 534064.0
82 534064.0
83 534064.0
84 534064.0
85 534064.0
86 533031.0
87 533031.0
88 533031.0
89 533031.0
90 533031.0
91 533031.0
92 533031.0
93 533031.0
94 533031.0
95 533031.0
96 533031.0
97 533031.0
98 533031.0
99 533031.0
100 533031.0
101 533031.0
102 533031.0
103 533031.0
104 533031.0
105 533031.0
106 533031.0
107 533031.0
108 533031.0
109 533031.0
110 533031.0
111 528910.0
112 528910.0
113 528910.0
114 528910.0
115 528910.0
116 528910.0
117 528910.0
118 528910.0
119 528910.0
120 528910.0
121 528910.0
122 527882.0
123 527882.0
124 527882.0
125 527882.0
126 526855.0
127 526855.0
128 526855.0
129 526855.0
130 526855.0
131 526855.0
132 525829.0
133 525829.0
134 525829.0
135 525829.0
136 525829.0
137 525829.0
138 525829.0
139 525829.0
140 525829.0
141 525829.0
142 525829.0
143 525829.0
144 525829.0
145 525829.0
146 525829.0
147 525829.0
148 525829.0
149 525829.0
150 525829.0
151 525829.0
152 525829.0
153 525829.0
154 525829.0
155 525829.0
156 525829.0
157 523780.0
158 523780.0
159 523780.0
160 523780.0
161 523780.0
162 523780.0
163 523780.0
164 523780.0
165 523780.0
166 523780.0
167 523780.0
168 523780.0
169 517657.0
170 517657.0
171 517657.0
172 517657.0
173 517657.0
174 516649.0
175 516649.0
176 516649.0
177 516649.0
178 516649.0
179 516649.0
180 515633.0
181 515633.0
182 515633.0
183 515633.0
184 515633.0
185 515633.0
186 515633.0
187 515633.0
188 515633.0
189 515633.0
190 515633.0
191 515633.0
192 515633.0
193 515633.0
194 515633.0
195 515633.0
196 515633.0
197 515633.0
198 515633.0
199 515633.0
200 515633.0
201 515633.0
202 515633.0
203 515633.0
204 515633.0
205 515633.0
206 515633.0
207 515633.0
208 515633.0
209 515633.0
210 515633.0
211 515633.0
212 514618.0
213 514618.0
214 514618.0
215 514618.0
216 513604.0
217 511579.0
218 511579.0
219 511579.0
220 511579.0
221 509558.0
222 509558.0
223 509558.0
224 509558.0
225 508549.0
226 507541.0
227 507541.0
228 507541.0
229 507541.0
230 507541.0
231 507541.0
232 507541.0
233 507541.0
234 507541.0
235 507541.0
236 506534.0
237 505528.0
238 505528.0
239 505528.0
240 505528.0
241 505528.0
242 505528.0
243 505528.0
244 505528.0
245 505528.0
246 505528.0
247 505528.0
248 505528.0
249 505528.0
250 505528.0
251 505528.0
252 505528.0
253 505528.0
254 505528.0
255 505528.0
256 505528.0
257 505528.0
258 505528.0
259 505528.0
260 505528.0
261 505528.0
262 504523.0
263 504523.0
264 504523.0
265 504523.0
266 504523.0
267 504523.0
268 504523.0
269 504523.0
270 504523.0
271 504523.0
272 504523.0
273 504523.0
274 504523.0
275 504523.0
276 503519.0
277 503519.0
278 503519.0
279 503519.0
280 503519.0
281 503519.0
282 503519.0
283 502516.0
284 502516.0
285 502516.0
286 500513.0
287 499513.0
288 499513.0
289 499513.0
290 499513.0
291 499513.0
292 499513.0
293 499513.0
294 499513.0
295 499513.0
296 499513.0
297 499513.0
298 499513.0
299 499513.0
300 499513.0
301 498514.0
302 498514.0
303 498514.0
304 496519.0
305 496519.0
306 496519.0
307 496519.0
308 496519.0
309 496519.0
310 496519.0
311 496519.0
312 496519.0
313 496519.0
314 496519.0
315 496519.0
316 496519.0
317 496519.0
318 496519.0
319 496519.0
320 496519.0
321 496519.0
322 496519.0
323 496519.0
324 496519.0
325 496519.0
326 496519.0
327 496519.0
328 496519.0
329 496519.0
330 496519.0
331 496519.0
332 496519.0
333 495523.0
334 495523.0
335 495523.0
336 495523.0
337 495523.0
338 495523.0
339 495523.0
340 495523.0
341 495523.0
342 495523.0
343 495523.0
344 495523.0
345 495523.0
346 495523.0
347 494528.0
348 494528.0
349 494528.0
350 494528.0
351 494528.0
352 494528.0
353 493534.0
354 493534.0
355 493534.0
356 492541.0
357 492541.0
358 492541.0
359 492541.0
360 492541.0
361 492541.0
362 492541.0
363 492541.0
364 488579.0
365 488579.0
366 488579.0
367 488579.0
368 488579.0
369 488579.0
370 488579.0
371 488579.0
372 488579.0
373 488579.0
374 488579.0
375 488579.0
376 488579.0
377 486604.0
378 486604.0
379 486604.0
380 486604.0
381 486604.0
382 486604.0
383 486604.0
384 486604.0
385 486604.0
386 486604.0
387 486604.0
388 486604.0
389 486604.0
390 486604.0
391 486604.0
392 486604.0
393 486604.0
394 486604.0
395 486604.0
396 486604.0
397 486604.0
398 486604.0
399 486604.0
400 486604.0
401 486604.0
402 486604.0
403 486604.0
404 486604.0
405 486604.0
406 486604.0
407 486604.0
408 486604.0
409 486604.0
410 486604.0
411 486604.0
412 486604.0
413 486604.0
414 486604.0
415 486604.0
416 486604.0
417 486604.0
418 485618.0
419 485618.0
420 485618.0
421 485618.0
422 485618.0
423 484633.0
424 484633.0
425 484633.0
426 484633.0
427 484633.0
428 484633.0
429 484633.0
430 484633.0
431 484633.0
432 484633.0
433 484633.0
434 484633.0
435 462255.0
436 461294.0
437 460334.0
438 459377.0
439 459377.0
440 459377.0
441 459377.0
442 459377.0
443 459377.0
444 458419.0
445 457462.0
446 457462.0
447 457462.0
448 457462.0
449 457462.0
450 457462.0
451 457462.0
452 457462.0
453 457462.0
454 457462.0
455 457462.0
456 457462.0
457 457462.0
458 457462.0
459 457462.0
460 457462.0
461 457462.0
462 457462.0
463 457462.0
464 457462.0
465 457462.0
466 457462.0
467 457462.0
468 457462.0
469 457462.0
470 457462.0
471 457462.0
472 457462.0
473 457462.0
474 457462.0
475 457462.0
476 457462.0
477 457462.0
478 457462.0
479 457462.0
480 457462.0
481 457462.0
482 457462.0
483 457462.0
484 457462.0
485 457462.0
486 457462.0
487 457462.0
488 457462.0
489 457462.0
490 456506.0
491 456506.0
492 456506.0
493 453644.0
494 453644.0
495 453644.0
496 453644.0
497 453644.0
498 453644.0
499 453644.0
500 453644.0
501 453644.0
502 453644.0
503 453644.0
504 453644.0
505 453644.0
506 453644.0
507 453644.0
508 452692.0
509 452692.0
510 452692.0
511 452692.0
512 452692.0
513 452692.0
514 452692.0
515 452692.0
516 451741.0
517 451741.0
518 451741.0
519 451741.0
520 451741.0
521 451741.0
522 451741.0
523 451741.0
524 451741.0
525 451741.0
526 451741.0
527 451741.0
528 451741.0
529 450791.0
530 450791.0
531 450791.0
532 450791.0
533 450791.0
534 450791.0
535 450791.0
536 450791.0
537 450791.0
538 450791.0
539 450791.0
540 450791.0
541 450791.0
542 449842.0
543 449842.0
544 449842.0
545 449842.0
546 449842.0
547 449842.0
548 449842.0
549 449842.0
550 449842.0
551 447947.0
552 447947.0
553 447947.0
554 447947.0
555 447947.0
556 447947.0
557 447947.0
558 447947.0
559 447947.0
560 447947.0
561 447947.0
562 447947.0
563 447947.0
564 447947.0
565 447947.0
566 447947.0
567 447947.0
568 447947.0
569 447947.0
570 447947.0
571 447947.0
572 447947.0
573 447947.0
574 447947.0
575 447947.0
576 447947.0
577 447947.0
578 447947.0
579 447947.0
580 447947.0
581 447947.0
582 447947.0
583 447947.0
584 447947.0
585 447947.0
586 447947.0
587 447947.0
588 447947.0
589 447947.0
590 447947.0
591 447947.0
592 447947.0
593 447947.0
594 447947.0
595 447947.0
596 447947.0
597 447947.0
598 447947.0
599 447947.0
600 447947.0
601 447947.0
602 447947.0
603 447947.0
604 447947.0
605 447947.0
606 447947.0
607 447947.0
608 447947.0
609 446056.0
610 446056.0
611 446056.0
612 446056.0
613 446056.0
614 446056.0
615 446056.0
616 446056.0
617 446056.0
618 445112.0
619 445112.0
620 445112.0
621 445112.0
622 445112.0
623 445112.0
624 445112.0
625 445112.0
626 445112.0
627 445112.0
628 445112.0
629 445112.0
630 445112.0
631 445112.0
632 445112.0
633 445112.0
634 445112.0
635 445112.0
636 445112.0
637 444169.0
638 443227.0
639 443227.0
640 443227.0
641 443227.0
642 443227.0
643 443227.0
644 443227.0
645 443227.0
646 443227.0
647 443227.0
648 442286.0
649 441346.0
650 441346.0
651 441346.0
652 441346.0
653 441346.0
654 441346.0
655 441346.0
656 441346.0
657 441346.0
658 441346.0
659 441346.0
660 441346.0
661 441346.0
662 441346.0
663 441346.0
664 441346.0
665 441346.0
666 441346.0
667 441346.0
668 441346.0
669 441346.0
670 441346.0
671 441346.0
672 441346.0
673 441346.0
674 441346.0
675 441346.0
676 441346.0
677 441346.0
678 441346.0
679 441346.0
680 441346.0
681 441346.0
682 441346.0
683 441346.0
684 441346.0
685 441346.0
686 441346.0
687 441346.0
688 441346.0
689 441346.0
690 441346.0
691 441346.0
692 441346.0
693 441346.0
694 441346.0
695 441346.0
696 441346.0
697 441346.0
698 441346.0
699 441346.0
700 441346.0
701 441346.0
702 441346.0
703 441346.0
704 441346.0
705 441346.0
706 441346.0
707 441346.0
708 441346.0
709 441346.0
710 441346.0
711 441346.0
712 441346.0
713 441346.0
714 441346.0
715 441346.0
716 441346.0
717 441346.0
718 441346.0
719 441346.0
720 441346.0
721 441346.0
722 441346.0
723 441346.0
724 441346.0
725 441346.0
726 441346.0
727 441346.0
728 441346.0
729 441346.0
730 441346.0
731 441346.0
732 441346.0
733 441346.0
734 441346.0
735 441346.0
736 441346.0
737 441346.0
738 441346.0
739 441346.0
740 441346.0
741 441346.0
742 441346.0
743 441346.0
744 441346.0
745 441346.0
746 441346.0
747 441346.0
748 441346.0
749 441346.0
750 441346.0
751 441346.0
752 441346.0
753 440407.0
754 440407.0
755 440407.0
756 440407.0
757 440407.0
758 440407.0
759 440407.0
760 440407.0
761 440407.0
762 440407.0
763 440407.0
764 440407.0
765 440407.0
766 440407.0
767 440407.0
768 440407.0
769 440407.0
770 440407.0
771 440407.0
772 440407.0
773 440407.0
774 439469.0
775 439469.0
776 439469.0
777 439469.0
778 439469.0
779 439469.0
780 439469.0
781 439469.0
782 439469.0
783 439469.0
784 438532.0
785 438532.0
786 438532.0
787 438532.0
788 438532.0
789 438532.0
790 438532.0
791 438532.0
792 438532.0
793 436661.0
794 436661.0
795 436661.0
796 436661.0
797 436661.0
798 435727.0
799 435727.0
800 435727.0
801 435727.0
802 435727.0
803 435727.0
804 435727.0
805 434794.0
806 434794.0
807 434794.0
808 434794.0
809 434794.0
810 434794.0
811 434794.0
812 434794.0
813 434794.0
814 434794.0
815 433862.0
816 433862.0
817 423676.0
818 420919.0
819 420012.0
820 420012.0
821 419096.0
822 419096.0
823 419096.0
824 419096.0
825 419096.0
826 419096.0
827 419096.0
828 418181.0
829 418181.0
830 418181.0
831 418181.0
832 418181.0
833 418181.0
834 418181.0
835 418181.0
836 418181.0
837 418181.0
838 418181.0
839 418181.0
840 418181.0
841 418181.0
842 418181.0
843 418181.0
844 418181.0
845 418181.0
846 418181.0
847 418181.0
848 418181.0
849 418181.0
850 418181.0
851 418181.0
852 418181.0
853 417267.0
854 417267.0
855 417267.0
856 417267.0
857 417267.0
858 417267.0
859 417267.0
860 416354.0
861 416354.0
862 416354.0
863 416354.0
864 416354.0
865 416354.0
866 416354.0
867 416354.0
868 416354.0
869 416354.0
870 416354.0
871 416354.0
872 416354.0
873 416354.0
874 416354.0
875 416354.0
876 416354.0
877 416354.0
878 416354.0
879 416354.0
880 415442.0
881 415442.0
882 415442.0
883 415442.0
884 415442.0
885 415442.0
886 415442.0
887 415442.0
888 415442.0
889 415442.0
890 415442.0
891 414531.0
892 414531.0
893 414531.0
894 414531.0
895 414531.0
896 414531.0
897 414531.0
898 414531.0
899 414531.0
900 414531.0
901 414531.0
902 414531.0
903 414531.0
904 414531.0
905 414531.0
906 414531.0
907 414531.0
908 414531.0
909 414531.0
910 414531.0
911 414531.0
912 414531.0
913 414531.0
914 414531.0
915 414531.0
916 414531.0
917 414531.0
918 414531.0
919 414531.0
920 414531.0
921 414531.0
922 414531.0
923 414531.0
924 414531.0
925 414531.0
926 414531.0
927 414531.0
928 414531.0
929 414531.0
930 414531.0
931 414531.0
932 414531.0
933 414531.0
934 414531.0
935 414531.0
936 414531.0
937 414531.0
938 414531.0
939 414531.0
940 414531.0
941 414531.0
942 414531.0
943 414531.0
944 414531.0
945 414531.0
946 414531.0
947 414531.0
948 414531.0
949 414531.0
950 414531.0
951 414531.0
952 414531.0
953 414531.0
954 414531.0
955 414531.0
956 414531.0
957 414531.0
958 414531.0
959 414531.0
960 414531.0
961 414531.0
962 414531.0
963 414531.0
964 414531.0
965 414531.0
966 412712.0
967 411807.0
968 411807.0
969 411807.0
970 411807.0
971 411807.0
972 411807.0
973 411807.0
974 411807.0
975 411807.0
976 411807.0
977 411807.0
978 411807.0
979 411807.0
980 411807.0
981 411807.0
982 411807.0
983 411807.0
984 411807.0
985 411807.0
986 411807.0
987 411807.0
988 411807.0
989 411807.0
990 411807.0
991 411807.0
992 411807.0
993 411807.0
994 411807.0
995 411807.0
996 411807.0
997 411807.0
998 411807.0
999 411807.0
1000 411807.0
1001 411807.0
1002 411807.0
1003 411807.0
1004 411807.0
1005 411807.0
1006 411807.0
1007 411807.0
1008 411807.0
1009 411807.0
1010 411807.0
1011 411807.0
1012 411807.0
1013 409994.0
1014 409994.0
1015 409994.0
1016 409994.0
1017 409994.0
1018 409994.0
1019 409089.0
1020 409089.0
1021 409089.0
1022 409089.0
1023 409089.0
1024 409089.0
1025 409089.0
1026 409089.0
1027 409089.0
1028 409089.0
1029 409089.0
1030 409089.0
1031 409089.0
1032 409089.0
1033 409089.0
1034 409089.0
1035 409089.0
1036 409089.0
1037 409089.0
1038 409089.0
1039 409089.0
1040 409089.0
1041 409089.0
1042 409089.0
1043 409089.0
1044 409089.0
1045 408185.0
1046 408185.0
1047 408185.0
1048 408185.0
1049 408185.0
1050 408185.0
1051 408185.0
1052 408185.0
1053 408185.0
1054 408185.0
1055 408185.0
1056 408185.0
1057 408185.0
1058 408185.0
1059 408185.0
1060 408185.0
1061 408185.0
1062 408185.0
1063 408185.0
1064 408185.0
1065 408185.0
1066 408185.0
1067 408185.0
1068 408185.0
1069 408185.0
1070 408185.0
1071 408185.0
1072 408185.0
1073 408185.0
1074 408185.0
1075 408185.0
1076 408185.0
1077 408185.0
1078 408185.0
1079 408185.0
1080 408185.0
1081 408185.0
1082 408185.0
1083 408185.0
1084 408185.0
1085 408185.0
1086 408185.0
1087 408185.0
1088 408185.0
1089 408185.0
1090 408185.0
1091 408185.0
1092 408185.0
1093 408185.0
1094 408185.0
1095 408185.0
1096 408185.0
1097 408185.0
1098 408185.0
1099 408185.0
1100 408185.0
1101 408185.0
1102 408185.0
1103 408185.0
1104 408185.0
1105 408185.0
1106 408185.0
1107 408185.0
1108 408185.0
1109 408185.0
1110 408185.0
1111 408185.0
1112 408185.0
1113 408185.0
1114 408185.0
1115 408185.0
1116 408185.0
1117 408185.0
1118 408185.0
1119 408185.0
1120 408185.0
1121 408185.0
1122 408185.0
1123 408185.0
1124 408185.0
1125 408185.0
1126 407282.0
1127 407282.0
1128 407282.0
1129 407282.0
1130 407282.0
1131 407282.0
1132 407282.0
1133 407282.0
1134 407282.0
1135 407282.0
1136 407282.0
1137 407282.0
1138 407282.0
1139 407282.0
1140 407282.0
1141 407282.0
1142 407282.0
1143 407282.0
1144 407282.0
1145 407282.0
1146 407282.0
1147 404579.0
1148 404579.0
1149 404579.0
1150 404579.0
1151 404579.0
1152 404579.0
1153 404579.0
1154 404579.0
1155 404579.0
1156 404579.0
1157 404579.0
1158 404579.0
1159 404579.0
1160 404579.0
1161 404579.0
1162 404579.0
1163 404579.0
1164 404579.0
1165 404579.0
1166 404579.0
1167 404579.0
1168 404579.0
1169 404579.0
1170 404579.0
1171 404579.0
1172 404579.0
1173 404579.0
1174 404579.0
1175 404579.0
1176 404579.0
1177 404579.0
1178 404579.0
1179 404579.0
1180 404579.0
1181 404579.0
1182 404579.0
1183 404579.0
1184 404579.0
1185 404579.0
1186 404579.0
1187 404579.0
1188 404579.0
1189 404579.0
1190 404579.0
1191 404579.0
1192 404579.0
1193 404579.0
1194 404579.0
1195 404579.0
1196 404579.0
1197 404579.0
1198 404579.0
1199 404579.0
1200 404579.0
1201 404579.0
1202 404579.0
1203 404579.0
1204 404579.0
1205 404579.0
1206 404579.0
1207 404579.0
1208 404579.0
1209 404579.0
1210 404579.0
1211 404579.0
1212 404579.0
1213 404579.0
1214 404579.0
1215 404579.0
1216 404579.0
1217 404579.0
1218 404579.0
1219 404579.0
1220 403680.0
1221 403680.0
1222 403680.0
1223 403680.0
1224 403680.0
1225 403680.0
1226 403680.0
1227 403680.0
1228 403680.0
1229 403680.0
1230 403680.0
1231 403680.0
1232 403680.0
1233 403680.0
1234 403680.0
1235 403680.0
1236 403680.0
1237 403680.0
1238 403680.0
1239 403680.0
1240 403680.0
1241 403680.0
1242 403680.0
1243 403680.0
1244 403680.0
1245 403680.0
1246 403680.0
1247 403680.0
1248 403680.0
1249 403680.0
1250 403680.0
1251 403680.0
1252 403680.0
1253 402782.0
1254 402782.0
1255 402782.0
1256 402782.0
1257 402782.0
1258 402782.0
1259 402782.0
1260 400989.0
1261 400989.0
1262 400989.0
1263 400989.0
1264 400989.0
1265 400989.0
1266 400989.0
1267 400989.0
1268 400989.0
1269 400989.0
1270 400989.0
1271 400989.0
1272 400989.0
1273 400989.0
1274 400989.0
1275 400989.0
1276 400989.0
1277 400989.0
1278 400989.0
1279 400989.0
1280 400989.0
1281 400989.0
1282 400989.0
1283 400989.0
1284 400989.0
1285 400989.0
1286 400989.0
1287 400989.0
1288 400094.0
1289 399200.0
1290 399200.0
1291 399200.0
1292 399200.0
1293 399200.0
1294 399200.0
1295 399200.0
1296 399200.0
1297 399200.0
1298 399200.0
1299 399200.0
1300 399200.0
1301 399200.0
1302 399200.0
1303 399200.0
1304 399200.0
1305 399200.0
1306 399200.0
1307 399200.0
1308 399200.0
1309 399200.0
1310 399200.0
1311 399200.0
1312 399200.0
1313 399200.0
1314 399200.0
1315 399200.0
1316 399200.0
1317 399200.0
1318 399200.0
1319 399200.0
1320 399200.0
1321 399200.0
1322 399200.0
1323 399200.0
1324 399200.0
1325 399200.0
1326 399200.0
1327 399200.0
1328 399200.0
1329 399200.0
1330 399200.0
1331 399200.0
1332 399200.0
1333 399200.0
1334 399200.0
1335 399200.0
1336 399200.0
1337 399200.0
1338 399200.0
1339 399200.0
1340 399200.0
1341 399200.0
1342 398307.0
1343 398307.0
1344 398307.0
1345 398307.0
1346 398307.0
1347 398307.0
1348 398307.0
1349 398307.0
1350 398307.0
1351 398307.0
1352 398307.0
1353 398307.0
1354 398307.0
1355 398307.0
1356 398307.0
1357 398307.0
1358 398307.0
1359 398307.0
1360 398307.0
1361 398307.0
1362 398307.0
1363 398307.0
1364 398307.0
1365 398307.0
1366 398307.0
1367 398307.0
1368 398307.0
1369 398307.0
1370 398307.0
1371 398307.0
1372 398307.0
1373 398307.0
1374 398307.0
1375 398307.0
1376 398307.0
1377 398307.0
1378 398307.0
1379 397415.0
1380 397415.0
1381 397415.0
1382 397415.0
1383 397415.0
1384 397415.0
1385 397415.0
1386 397415.0
1387 397415.0
1388 397415.0
1389 397415.0
1390 397415.0
1391 397415.0
1392 397415.0
1393 397415.0
1394 397415.0
1395 397415.0
1396 397415.0
1397 397415.0
1398 397415.0
1399 397415.0
1400 397415.0
1401 397415.0
1402 396524.0
1403 396524.0
1404 396524.0
1405 396524.0
1406 396524.0
1407 396524.0
1408 396524.0
1409 396524.0
1410 396524.0
1411 396524.0
1412 396524.0
1413 396524.0
1414 396524.0
1415 396524.0
1416 396524.0
1417 396524.0
1418 396524.0
1419 396524.0
1420 395634.0
1421 395634.0
1422 395634.0
1423 395634.0
1424 395634.0
1425 395634.0
1426 395634.0
1427 395634.0
1428 395634.0
1429 395634.0
1430 395634.0
1431 395634.0
1432 394745.0
1433 394745.0
1434 394745.0
1435 394745.0
1436 394745.0
1437 394745.0
1438 394745.0
1439 394745.0
1440 394745.0
1441 394745.0
1442 394745.0
1443 394745.0
1444 394745.0
1445 394745.0
1446 394745.0
1447 394745.0
1448 394745.0
1449 394745.0
1450 394745.0
1451 394745.0
1452 394745.0
1453 394745.0
1454 394745.0
1455 394745.0
1456 394745.0
1457 394745.0
1458 394745.0
1459 394745.0
1460 394745.0
1461 394745.0
1462 394745.0
1463 394745.0
1464 394745.0
1465 394745.0
1466 394745.0
1467 394745.0
1468 394745.0
1469 394745.0
1470 394745.0
1471 394745.0
1472 394745.0
1473 394745.0
1474 394745.0
1475 394745.0
1476 394745.0
1477 394745.0
1478 394745.0
1479 394745.0
1480 394745.0
1481 394745.0
1482 394745.0
1483 394745.0
1484 394745.0
1485 394745.0
1486 394745.0
1487 394745.0
1488 394745.0
1489 394745.0
1490 394745.0
1491 393857.0
1492 393857.0
1493 393857.0
1494 393857.0
1495 393857.0
1496 393857.0
1497 393857.0
1498 393857.0
1499 393857.0
1500 393857.0
1501 393857.0
1502 392970.0
1503 392970.0
1504 392970.0
1505 392970.0
1506 392970.0
1507 392970.0
1508 392970.0
1509 392084.0
1510 392084.0
1511 392084.0
1512 392084.0
1513 392084.0
1514 391199.0
1515 391199.0
1516 391199.0
1517 391199.0
1518 391199.0
1519 391199.0
1520 391199.0
1521 391199.0
1522 391199.0
1523 391199.0
1524 391199.0
1525 391199.0
1526 391199.0
1527 391199.0
1528 391199.0
1529 391199.0
1530 391199.0
1531 391199.0
1532 391199.0
1533 391199.0
1534 391199.0
1535 391199.0
1536 391199.0
1537 391199.0
1538 391199.0
1539 391199.0
1540 391199.0
1541 391199.0
1542 391199.0
1543 391199.0
1544 391199.0
1545 391199.0
1546 391199.0
1547 391199.0
1548 391199.0
1549 391199.0
1550 391199.0
1551 391199.0
1552 391199.0
1553 391199.0
1554 391199.0
1555 391199.0
1556 391199.0
1557 391199.0
1558 391199.0
1559 391199.0
1560 391199.0
1561 391199.0
1562 391199.0
1563 391199.0
1564 391199.0
1565 391199.0
1566 388550.0
1567 388550.0
1568 388550.0
1569 388550.0
1570 388550.0
1571 388550.0
1572 388550.0
1573 388550.0
1574 388550.0
1575 388550.0
1576 388550.0
1577 388550.0
1578 388550.0
1579 388550.0
1580 388550.0
1581 388550.0
1582 388550.0
1583 388550.0
1584 388550.0
1585 388550.0
1586 388550.0
1587 388550.0
1588 388550.0
1589 388550.0
1590 388550.0
1591 388550.0
1592 388550.0
1593 388550.0
1594 388550.0
1595 388550.0
1596 388550.0
1597 387669.0
1598 387669.0
1599 387669.0
1600 387669.0
1601 387669.0
1602 387669.0
1603 387669.0
1604 387669.0
1605 387669.0
1606 387669.0
1607 387669.0
1608 387669.0
1609 387669.0
1610 387669.0
1611 387669.0
1612 387669.0
1613 387669.0
1614 387669.0
1615 387669.0
1616 387669.0
1617 387669.0
1618 387669.0
1619 387669.0
1620 387669.0
1621 387669.0
1622 387669.0
1623 387669.0
1624 387669.0
1625 387669.0
1626 387669.0
1627 387669.0
1628 387669.0
1629 387669.0
1630 387669.0
1631 386789.0
1632 386789.0
1633 386789.0
1634 386789.0
1635 386789.0
1636 386789.0
1637 386789.0
1638 386789.0
1639 386789.0
1640 386789.0
1641 386789.0
1642 386789.0
1643 386789.0
1644 385910.0
1645 385910.0
1646 385910.0
1647 385910.0
1648 385032.0
1649 385032.0
1650 385032.0
1651 385032.0
1652 384155.0
1653 384155.0
1654 384155.0
1655 384155.0
1656 384155.0
1657 384155.0
1658 384155.0
1659 384155.0
1660 384155.0
1661 384155.0
1662 384155.0
1663 384155.0
1664 384155.0
1665 384155.0
1666 384155.0
1667 384155.0
1668 384155.0
1669 384155.0
1670 384155.0
1671 384155.0
1672 384155.0
1673 384155.0
1674 384155.0
1675 384155.0
1676 383279.0
1677 382405.0
1678 382405.0
1679 381531.0
1680 381531.0
1681 381531.0
1682 381531.0
1683 381531.0
1684 381531.0
1685 381531.0
1686 381531.0
1687 381531.0
1688 380658.0
1689 380658.0
1690 380658.0
1691 380658.0
1692 380658.0
1693 380658.0
1694 380658.0
1695 380658.0
1696 380658.0
1697 380658.0
1698 380658.0
1699 380658.0
1700 380658.0
1701 380658.0
1702 380658.0
1703 380658.0
1704 380658.0
1705 380658.0
1706 380658.0
1707 380658.0
1708 380658.0
1709 380658.0
1710 380658.0
1711 380658.0
1712 380658.0
1713 380658.0
1714 380658.0
1715 380658.0
1716 380658.0
1717 380658.0
1718 380658.0
1719 380658.0
1720 380658.0
1721 380658.0
1722 380658.0
1723 380658.0
1724 380658.0
1725 380658.0
1726 380658.0
1727 380658.0
1728 380658.0
1729 380658.0
1730 380658.0
1731 380658.0
1732 380658.0
1733 380658.0
1734 380658.0
1735 380658.0
1736 380658.0
1737 379786.0
1738 379786.0
1739 379786.0
1740 379786.0
1741 379786.0
1742 379786.0
1743 379786.0
1744 379786.0
1745 379786.0
1746 379786.0
1747 379786.0
1748 379786.0
1749 379786.0
1750 379786.0
1751 379786.0
1752 379786.0
1753 379786.0
1754 379786.0
1755 379786.0
1756 379786.0
1757 379786.0
1758 379786.0
1759 379786.0
1760 379786.0
1761 379786.0
1762 379786.0
1763 379786.0
1764 379786.0
1765 379786.0
1766 379786.0
1767 379786.0
1768 379786.0
1769 379786.0
1770 379786.0
1771 379786.0
1772 379786.0
1773 379786.0
1774 379786.0
1775 379786.0
1776 379786.0
1777 379786.0
1778 379786.0
1779 379786.0
1780 379786.0
1781 379786.0
1782 379786.0
1783 379786.0
1784 379786.0
1785 379786.0
1786 379786.0
1787 379786.0
1788 379786.0
1789 379786.0
1790 379786.0
1791 379786.0
1792 379786.0
1793 379786.0
1794 379786.0
1795 379786.0
1796 379786.0
1797 379786.0
1798 379786.0
1799 379786.0
1800 379786.0
1801 379786.0
1802 379786.0
1803 379786.0
1804 379786.0
1805 379786.0
1806 379786.0
1807 379786.0
1808 379786.0
1809 379786.0
1810 379786.0
1811 379786.0
1812 379786.0
1813 379786.0
1814 379786.0
1815 379786.0
1816 379786.0
1817 379786.0
1818 379786.0
1819 379786.0
1820 379786.0
1821 379786.0
1822 379786.0
1823 379786.0
1824 379786.0
1825 379786.0
1826 379786.0
1827 379786.0
1828 379786.0
1829 379786.0
1830 379786.0
1831 378915.0
1832 378915.0
1833 378915.0
1834 378915.0
1835 378915.0
1836 378915.0
1837 378915.0
1838 378915.0
1839 378915.0
1840 378915.0
1841 378915.0
1842 378915.0
1843 378915.0
1844 378915.0
1845 378915.0
1846 378915.0
1847 378915.0
1848 378915.0
1849 378915.0
1850 378045.0
1851 378045.0
1852 378045.0
1853 378045.0
1854 378045.0
1855 378045.0
1856 378045.0
1857 378045.0
1858 378045.0
1859 378045.0
1860 378045.0
1861 378045.0
1862 378045.0
1863 378045.0
1864 378045.0
1865 378045.0
1866 378045.0
1867 378045.0
1868 378045.0
1869 378045.0
1870 378045.0
1871 378045.0
1872 378045.0
1873 378045.0
1874 378045.0
1875 378045.0
1876 378045.0
1877 378045.0
1878 378045.0
1879 378045.0
1880 378045.0
1881 378045.0
1882 378045.0
1883 378045.0
1884 378045.0
1885 378045.0
1886 378045.0
1887 378045.0
1888 378045.0
1889 378045.0
1890 378045.0
1891 378045.0
1892 378045.0
1893 378045.0
1894 378045.0
1895 378045.0
1896 378045.0
1897 378045.0
1898 378045.0
1899 378045.0
1900 378045.0
1901 378045.0
1902 378045.0
1903 376308.0
1904 375441.0
1905 375441.0
1906 375441.0
1907 375441.0
1908 375441.0
1909 375441.0
1910 375441.0
1911 375441.0
1912 375441.0
1913 375441.0
1914 375441.0
1915 375441.0
1916 375441.0
1917 375441.0
1918 375441.0
1919 375441.0
1920 375441.0
1921 375441.0
1922 375441.0
1923 374575.0
1924 374575.0
1925 374575.0
1926 374575.0
1927 374575.0
1928 374575.0
1929 374575.0
1930 374575.0
1931 374575.0
1932 374575.0
1933 374575.0
1934 374575.0
1935 374575.0
1936 374575.0
1937 373710.0
1938 373710.0
1939 373710.0
1940 373710.0
1941 373710.0
1942 373710.0
1943 373710.0
1944 373710.0
1945 373710.0
1946 373710.0
1947 373710.0
1948 373710.0
1949 373710.0
1950 373710.0
1951 373710.0
1952 373710.0
1953 373710.0
1954 373710.0
1955 373710.0
1956 373710.0
1957 373710.0
1958 373710.0
1959 373710.0
1960 373710.0
1961 373710.0
1962 373710.0
1963 373710.0
1964 373710.0
1965 373710.0
1966 373710.0
1967 373710.0
1968 373710.0
1969 373710.0
1970 373710.0
1971 373710.0
1972 373710.0
1973 373710.0
1974 373710.0
1975 373710.0
1976 373710.0
1977 373710.0
1978 373710.0
1979 373710.0
1980 373710.0
1981 373710.0
1982 373710.0
1983 373710.0
1984 373710.0
1985 373710.0
1986 373710.0
1987 373710.0
1988 373710.0
1989 373710.0
1990 373710.0
1991 373710.0
1992 373710.0
1993 373710.0
1994 373710.0
1995 373710.0
1996 373710.0
1997 373710.0
1998 373710.0
1999 373710.0
2000 373710.0
2001 373710.0
2002 373710.0
2003 373710.0
2004 373710.0
2005 373710.0
2006 373710.0
2007 373710.0
2008 373710.0
2009 373710.0
2010 373710.0
2011 373710.0
2012 373710.0
2013 373710.0
2014 373710.0
2015 373710.0
2016 373710.0
2017 373710.0
2018 373710.0
2019 373710.0
2020 373710.0
2021 373710.0
2022 373710.0
2023 373710.0
2024 373710.0
2025 373710.0
2026 373710.0
2027 373710.0
2028 373710.0
2029 373710.0
2030 373710.0
2031 373710.0
2032 373710.0
2033 373710.0
2034 373710.0
2035 373710.0
2036 373710.0
2037 373710.0
2038 373710.0
2039 373710.0
2040 373710.0
2041 373710.0
2042 373710.0
2043 373710.0
2044 373710.0
2045 373710.0
2046 373710.0
2047 373710.0
2048 373710.0
2049 373710.0
2050 373710.0
2051 373710.0
2052 373710.0
2053 373710.0
2054 373710.0
2055 373710.0
2056 373710.0
2057 373710.0
2058 373710.0
2059 373710.0
2060 373710.0
2061 373710.0
2062 373710.0
2063 373710.0
2064 373710.0
2065 373710.0
2066 373710.0
2067 373710.0
2068 373710.0
2069 373710.0
2070 373710.0
2071 373710.0
2072 373710.0
2073 373710.0
2074 373710.0
2075 373710.0
2076 373710.0
2077 373710.0
2078 373710.0
2079 373710.0
2080 373710.0
2081 373710.0
2082 373710.0
2083 373710.0
2084 373710.0
2085 373710.0
2086 373710.0
2087 372846.0
2088 372846.0
2089 371983.0
2090 371983.0
2091 371983.0
2092 371983.0
2093 371983.0
2094 371983.0
2095 371983.0
2096 371983.0
2097 371983.0
2098 371983.0
2099 371983.0
2100 371983.0
2101 371983.0
2102 371983.0
2103 371983.0
2104 371983.0
2105 371983.0
2106 371983.0
2107 371983.0
2108 371983.0
2109 371983.0
2110 371983.0
2111 371983.0
2112 371983.0
2113 371983.0
2114 371983.0
2115 371983.0
2116 371983.0
2117 371983.0
2118 371983.0
2119 371983.0
2120 371983.0
2121 371983.0
2122 371983.0
2123 371983.0
2124 371983.0
2125 371983.0
2126 371983.0
2127 371983.0
2128 371983.0
2129 371983.0
2130 371983.0
2131 371121.0
2132 371121.0
2133 371121.0
2134 371121.0
2135 371121.0
2136 371121.0
2137 371121.0
2138 371121.0
2139 371121.0
2140 371121.0
2141 371121.0
2142 371121.0
2143 371121.0
2144 371121.0
2145 371121.0
2146 371121.0
2147 371121.0
2148 371121.0
2149 371121.0
2150 371121.0
2151 371121.0
2152 371121.0
2153 371121.0
2154 371121.0
2155 371121.0
2156 371121.0
2157 371121.0
2158 371121.0
2159 371121.0
2160 371121.0
2161 371121.0
2162 371121.0
2163 371121.0
2164 371121.0
2165 371121.0
2166 371121.0
2167 371121.0
2168 371121.0
2169 371121.0
2170 371121.0
2171 371121.0
2172 371121.0
2173 371121.0
2174 371121.0
2175 371121.0
2176 371121.0
2177 371121.0
2178 371121.0
2179 371121.0
2180 371121.0
2181 371121.0
2182 371121.0
2183 371121.0
2184 371121.0
2185 371121.0
2186 371121.0
2187 371121.0
2188 371121.0
2189 371121.0
2190 371121.0
2191 371121.0
2192 371121.0
2193 371121.0
2194 371121.0
2195 371121.0
2196 371121.0
2197 371121.0
2198 371121.0
2199 371121.0
2200 371121.0
2201 371121.0
2202 371121.0
2203 371121.0
2204 371121.0
2205 371121.0
2206 371121.0
2207 371121.0
2208 371121.0
2209 371121.0
2210 371121.0
2211 371121.0
2212 371121.0
2213 370260.0
2214 370260.0
2215 370260.0
2216 370260.0
2217 370260.0
2218 370260.0
2219 370260.0
2220 370260.0
2221 370260.0
2222 370260.0
2223 370260.0
2224 370260.0
2225 370260.0
2226 370260.0
2227 370260.0
2228 370260.0
2229 370260.0
2230 370260.0
2231 370260.0
2232 370260.0
2233 370260.0
2234 370260.0
2235 370260.0
2236 370260.0
2237 370260.0
2238 370260.0
2239 370260.0
2240 370260.0
2241 370260.0
2242 370260.0
2243 370260.0
2244 370260.0
2245 370260.0
2246 370260.0
2247 370260.0
2248 370260.0
2249 370260.0
2250 370260.0
2251 370260.0
2252 370260.0
2253 370260.0
2254 370260.0
2255 370260.0
2256 370260.0
2257 370260.0
2258 370260.0
2259 370260.0
2260 370260.0
2261 370260.0
2262 370260.0
2263 370260.0
2264 370260.0
2265 370260.0
2266 370260.0
2267 370260.0
2268 370260.0
2269 370260.0
2270 370260.0
2271 370260.0
2272 370260.0
2273 370260.0
2274 370260.0
2275 370260.0
2276 370260.0
2277 370260.0
2278 370260.0
2279 370260.0
2280 370260.0
2281 370260.0
2282 370260.0
2283 370260.0
2284 370260.0
2285 370260.0
2286 370260.0
2287 370260.0
2288 370260.0
2289 370260.0
2290 370260.0
2291 370260.0
2292 370260.0
2293 370260.0
2294 370260.0
2295 370260.0
2296 370260.0
2297 370260.0
2298 370260.0
2299 370260.0
2300 370260.0
2301 370260.0
2302 370260.0
2303 370260.0
2304 370260.0
2305 370260.0
2306 370260.0
2307 370260.0
2308 370260.0
2309 370260.0
2310 370260.0
2311 370260.0
2312 370260.0
2313 370260.0
2314 370260.0
2315 370260.0
2316 370260.0
2317 370260.0
2318 370260.0
2319 370260.0
2320 370260.0
2321 370260.0
2322 370260.0
2323 370260.0
2324 370260.0
2325 370260.0
2326 370260.0
2327 370260.0
2328 370260.0
2329 370260.0
2330 370260.0
2331 370260.0
2332 370260.0
2333 370260.0
2334 370260.0
2335 370260.0
2336 370260.0
2337 370260.0
2338 370260.0
2339 370260.0
2340 370260.0
2341 370260.0
2342 370260.0
2343 370260.0
2344 370260.0
2345 370260.0
2346 370260.0
2347 370260.0
2348 370260.0
2349 370260.0
2350 370260.0
2351 370260.0
2352 370260.0
2353 370260.0
2354 370260.0
2355 370260.0
2356 370260.0
2357 370260.0
2358 370260.0
2359 370260.0
2360 370260.0
2361 370260.0
2362 370260.0
2363 370260.0
2364 370260.0
2365 370260.0
2366 370260.0
2367 370260.0
2368 370260.0
2369 370260.0
2370 370260.0
2371 370260.0
2372 370260.0
2373 370260.0
2374 370260.0
2375 370260.0
2376 370260.0
2377 370260.0
2378 370260.0
2379 370260.0
2380 370260.0
2381 370260.0
2382 370260.0
2383 370260.0
2384 370260.0
2385 370260.0
2386 370260.0
2387 370260.0
2388 370260.0
2389 370260.0
2390 370260.0
2391 370260.0
2392 370260.0
2393 370260.0
2394 370260.0
2395 370260.0
2396 370260.0
2397 370260.0
2398 370260.0
2399 370260.0
2400 370260.0
2401 370260.0
2402 370260.0
2403 370260.0
2404 370260.0
2405 370260.0
2406 370260.0
2407 370260.0
2408 370260.0
2409 370260.0
2410 370260.0
2411 370260.0
2412 370260.0
2413 370260.0
2414 370260.0
2415 370260.0
2416 370260.0
2417 370260.0
2418 370260.0
2419 370260.0
2420 370260.0
2421 370260.0
2422 370260.0
2423 370260.0
2424 370260.0
2425 370260.0
2426 370260.0
2427 370260.0
2428 370260.0
2429 370260.0
2430 370260.0
2431 370260.0
2432 370260.0
2433 370260.0
2434 370260.0
2435 370260.0
2436 370260.0
2437 370260.0
2438 370260.0
2439 370260.0
2440 370260.0
2441 370260.0
2442 370260.0
2443 370260.0
2444 370260.0
2445 370260.0
2446 370260.0
2447 370260.0
2448 370260.0
2449 370260.0
2450 370260.0
2451 370260.0
2452 370260.0
2453 370260.0
2454 370260.0
2455 370260.0
2456 370260.0
2457 370260.0
2458 370260.0
2459 370260.0
2460 370260.0
2461 370260.0
2462 370260.0
2463 370260.0
2464 370260.0
2465 370260.0
2466 370260.0
2467 370260.0
2468 370260.0
2469 370260.0
2470 370260.0
2471 370260.0
2472 370260.0
2473 370260.0
2474 370260.0
2475 370260.0
2476 370260.0
2477 370260.0
2478 370260.0
2479 370260.0
2480 370260.0
2481 370260.0
2482 370260.0
2483 370260.0
2484 370260.0
2485 370260.0
2486 370260.0
2487 370260.0
2488 370260.0
2489 370260.0
2490 370260.0
2491 370260.0
2492 370260.0
2493 370260.0
2494 370260.0
2495 370260.0
2496 370260.0
2497 370260.0
2498 370260.0
2499 370260.0
2500 370260.0
2501 370260.0
2502 370260.0
2503 370260.0
2504 370260.0
2505 370260.0
2506 370260.0
2507 370260.0
2508 370260.0
2509 370260.0
2510 370260.0
2511 370260.0
2512 370260.0
2513 370260.0
2514 370260.0
2515 370260.0
2516 370260.0
2517 370260.0
2518 370260.0
2519 370260.0
2520 370260.0
2521 370260.0
2522 370260.0
2523 370260.0
2524 370260.0
2525 370260.0
2526 370260.0
2527 370260.0
2528 370260.0
2529 370260.0
2530 370260.0
2531 370260.0
2532 370260.0
2533 370260.0
2534 370260.0
2535 370260.0
2536 370260.0
2537 370260.0
2538 370260.0
2539 370260.0
2540 370260.0
2541 370260.0
2542 370260.0
2543 370260.0
2544 370260.0
2545 370260.0
2546 370260.0
2547 368541.0
2548 368541.0
2549 368541.0
2550 368541.0
2551 368541.0
2552 368541.0
2553 368541.0
2554 368541.0
2555 368541.0
2556 368541.0
2557 368541.0
2558 368541.0
2559 368541.0
2560 368541.0
2561 368541.0
2562 368541.0
2563 368541.0
2564 368541.0
2565 368541.0
2566 368541.0
2567 368541.0
2568 368541.0
2569 368541.0
2570 368541.0
2571 368541.0
2572 368541.0
2573 368541.0
2574 368541.0
2575 368541.0
2576 368541.0
2577 368541.0
2578 368541.0
2579 368541.0
2580 368541.0
2581 368541.0
2582 368541.0
2583 368541.0
2584 368541.0
2585 368541.0
2586 368541.0
2587 368541.0
2588 368541.0
2589 368541.0
2590 368541.0
2591 368541.0
2592 368541.0
2593 368541.0
2594 368541.0
2595 368541.0
2596 368541.0
2597 368541.0
2598 368541.0
2599 368541.0
2600 368541.0
2601 368541.0
2602 368541.0
2603 368541.0
2604 368541.0
2605 368541.0
2606 368541.0
2607 368541.0
2608 368541.0
2609 368541.0
2610 368541.0
2611 368541.0
2612 368541.0
2613 368541.0
2614 368541.0
2615 368541.0
2616 368541.0
2617 368541.0
2618 368541.0
2619 368541.0
2620 368541.0
2621 368541.0
2622 368541.0
2623 368541.0
2624 368541.0
2625 368541.0
2626 368541.0
2627 368541.0
2628 368541.0
2629 368541.0
2630 368541.0
2631 368541.0
2632 368541.0
2633 368541.0
2634 368541.0
2635 368541.0
2636 368541.0
2637 368541.0
2638 368541.0
2639 368541.0
2640 368541.0
2641 368541.0
2642 368541.0
2643 368541.0
2644 368541.0
2645 368541.0
2646 368541.0
2647 368541.0
2648 368541.0
2649 368541.0
2650 368541.0
2651 368541.0
2652 368541.0
2653 368541.0
2654 368541.0
2655 368541.0
2656 368541.0
2657 368541.0
2658 368541.0
2659 368541.0
2660 368541.0
2661 368541.0
2662 368541.0
2663 368541.0
2664 368541.0
2665 368541.0
2666 368541.0
2667 368541.0
2668 368541.0
2669 368541.0
2670 368541.0
2671 368541.0
2672 368541.0
2673 368541.0
2674 368541.0
2675 368541.0
2676 368541.0
2677 368541.0
2678 368541.0
2679 368541.0
2680 368541.0
2681 368541.0
2682 368541.0
2683 368541.0
2684 368541.0
2685 368541.0
2686 368541.0
2687 368541.0
2688 368541.0
2689 368541.0
2690 368541.0
2691 368541.0
2692 368541.0
2693 368541.0
2694 368541.0
2695 368541.0
2696 368541.0
2697 368541.0
2698 368541.0
2699 368541.0
2700 368541.0
2701 368541.0
2702 368541.0
2703 368541.0
2704 368541.0
2705 368541.0
2706 368541.0
2707 368541.0
2708 368541.0
2709 368541.0
2710 368541.0
2711 368541.0
2712 368541.0
2713 368541.0
2714 368541.0
2715 368541.0
2716 368541.0
2717 368541.0
2718 368541.0
2719 368541.0
2720 368541.0
2721 368541.0
2722 368541.0
2723 368541.0
2724 368541.0
2725 368541.0
2726 368541.0
2727 368541.0
2728 368541.0
2729 367686.0
2730 367686.0
2731 367686.0
2732 367686.0
2733 367686.0
2734 367686.0
2735 367686.0
2736 367686.0
2737 367686.0
2738 367686.0
2739 367686.0
2740 367686.0
2741 367686.0
2742 367686.0
2743 367686.0
2744 367686.0
2745 367686.0
2746 367686.0
2747 367686.0
2748 367686.0
2749 367686.0
2750 367686.0
2751 367686.0
2752 367686.0
2753 367686.0
2754 367686.0
2755 367686.0
2756 367686.0
2757 367686.0
2758 367686.0
2759 367686.0
2760 367686.0
2761 367686.0
2762 367686.0
2763 367686.0
2764 367686.0
2765 367686.0
2766 367686.0
2767 367686.0
2768 367686.0
2769 367686.0
2770 367686.0
2771 367686.0
2772 367686.0
2773 367686.0
2774 367686.0
2775 367686.0
2776 367686.0
2777 367686.0
2778 367686.0
2779 367686.0
2780 367686.0
2781 367686.0
2782 367686.0
2783 367686.0
2784 367686.0
2785 367686.0
2786 367686.0
2787 367686.0
2788 367686.0
2789 367686.0
2790 367686.0
2791 367686.0
2792 367686.0
2793 367686.0
2794 367686.0
2795 367686.0
2796 367686.0
2797 367686.0
2798 367686.0
2799 367686.0
2800 367686.0
2801 367686.0
2802 367686.0
2803 367686.0
2804 367686.0
2805 367686.0
2806 367686.0
2807 367686.0
2808 367686.0
2809 367686.0
2810 367686.0
2811 367686.0
2812 367686.0
2813 367686.0
2814 367686.0
2815 367686.0
2816 367686.0
2817 367686.0
2818 367686.0
2819 367686.0
2820 367686.0
2821 367686.0
2822 367686.0
2823 367686.0
2824 367686.0
2825 367686.0
2826 367686.0
2827 367686.0
2828 367686.0
2829 367686.0
2830 367686.0
2831 367686.0
2832 367686.0
2833 367686.0
2834 367686.0
2835 367686.0
2836 367686.0
2837 367686.0
2838 367686.0
2839 367686.0
2840 367686.0
2841 367686.0
2842 367686.0
2843 367686.0
2844 367686.0
2845 367686.0
2846 367686.0
2847 367686.0
2848 367686.0
2849 367686.0
2850 367686.0
2851 367686.0
2852 367686.0
2853 367686.0
2854 367686.0
2855 367686.0
2856 367686.0
2857 367686.0
2858 367686.0
2859 367686.0
2860 367686.0
2861 367686.0
2862 367686.0
2863 367686.0
2864 367686.0
2865 367686.0
2866 367686.0
2867 367686.0
2868 367686.0
2869 367686.0
2870 367686.0
2871 367686.0
2872 367686.0
2873 367686.0
2874 367686.0
2875 367686.0
2876 367686.0
2877 367686.0
2878 367686.0
2879 367686.0
2880 367686.0
2881 367686.0
2882 367686.0
2883 367686.0
2884 367686.0
2885 367686.0
2886 367686.0
2887 367686.0
2888 367686.0
2889 367686.0
2890 367686.0
2891 367686.0
2892 367686.0
2893 367686.0
2894 367686.0
2895 367686.0
2896 367686.0
2897 367686.0
2898 367686.0
2899 367686.0
2900 367686.0
2901 367686.0
2902 367686.0
2903 367686.0
2904 367686.0
2905 367686.0
2906 367686.0
2907 367686.0
2908 367686.0
2909 367686.0
2910 367686.0
2911 367686.0
2912 367686.0
2913 367686.0
2914 367686.0
2915 367686.0
2916 367686.0
2917 367686.0
2918 367686.0
2919 367686.0
2920 367686.0
2921 367686.0
2922 367686.0
2923 367686.0
2924 367686.0
2925 367686.0
2926 367686.0
2927 367686.0
2928 367686.0
2929 367686.0
2930 367686.0
2931 367686.0
2932 367686.0
2933 367686.0
2934 367686.0
2935 367686.0
2936 367686.0
2937 367686.0
2938 367686.0
2939 367686.0
2940 367686.0
2941 367686.0
2942 367686.0
2943 367686.0
2944 367686.0
2945 367686.0
2946 367686.0
2947 367686.0
2948 367686.0
2949 367686.0
2950 367686.0
2951 367686.0
2952 367686.0
2953 367686.0
2954 367686.0
2955 367686.0
2956 367686.0
2957 367686.0
2958 367686.0
2959 367686.0
2960 367686.0
2961 367686.0
2962 367686.0
2963 367686.0
2964 367686.0
2965 367686.0
2966 367686.0
2967 367686.0
2968 367686.0
2969 367686.0
2970 367686.0
2971 367686.0
2972 367686.0
2973 367686.0
2974 367686.0
2975 367686.0
2976 367686.0
2977 367686.0
2978 367686.0
2979 367686.0
2980 367686.0
2981 367686.0
2982 367686.0
2983 367686.0
2984 367686.0
2985 367686.0
2986 367686.0
2987 367686.0
2988 367686.0
2989 367686.0
2990 367686.0
2991 367686.0
2992 367686.0
2993 367686.0
2994 367686.0
2995 367686.0
2996 367686.0
2997 367686.0
2998 367686.0
2999 367686.0
3000 367686.0
3001 367686.0
3002 367686.0
3003 367686.0
