0 562331.0
1 560212.0
2 559154.0
3 559154.0
4 559154.0
5 559154.0
6 559154.0
7 559154.0
8 559154.0
9 559154.0
10 559154.0
11 559154.0
12 559154.0
13 559154.0
14 559154.0
15 559154.0
16 559154.0
17 559154.0
18 559154.0
19 559154.0
20 559154.0
21 559154.0
22 559154.0
23 559154.0
24 559154.0
25 559154.0
26 559154.0
27 559154.0
28 559154.0
29 559154.0
30 559154.0
31 559154.0
32 559154.0
33 558097.0
34 557041.0
35 557041.0
36 557041.0
37 557041.0
38 557041.0
39 557041.0
40 557041.0
41 557041.0
42 557041.0
43 557041.0
44 557041.0
45 557041.0
46 557041.0
47 557041.0
48 557041.0
49 557041.0
50 557041.0
51 557041.0
52 557041.0
53 557041.0
54 557041.0
55 557041.0
56 557041.0
57 557041.0
58 557041.0
59 557041.0
60 555986.0
61 555986.0
62 555986.0
63 555986.0
64 555986.0
65 555986.0
66 555986.0
67 555986.0
68 555986.0
69 555986.0
70 555986.0
71 555986.0
72 555986.0
73 555986.0
74 555986.0
75 555986.0
76 555986.0
77 555986.0
78 555986.0
79 555986.0
80 555986.0
81 555986.0
82 555986.0
83 554932.0
84 553879.0
85 553879.0
86 553879.0
87 553879.0
88 551776.0
89 551776.0
90 551776.0
91 551776.0
92 550726.0
93 550726.0
94 550726.0
95 550726.0
96 550726.0
97 550726.0
98 550726.0
99 550726.0
100 550726.0
101 550726.0
102 550726.0
103 550726.0
104 550726.0
105 550726.0
106 550726.0
107 550726.0
108 550726.0
109 550726.0
110 550726.0
111 550726.0
112 549677.0
113 548629.0
114 548629.0
115 548629.0
116 548629.0
117 548629.0
118 548629.0
119 548629.0
120 548629.0
121 547582.0
122 547582.0
123 544447.0
124 544447.0
125 544447.0
126 544447.0
127 542362.0
128 542362.0
129 542362.0
130 542362.0
131 542362.0
132 542362.0
133 542362.0
134 542362.0
135 542362.0
136 542362.0
137 542362.0
138 542362.0
139 542362.0
140 542362.0
141 542362.0
142 542362.0
143 542362.0
144 542362.0
145 542362.0
146 542362.0
147 542362.0
148 542362.0
149 542362.0
150 524811.0
151 524811.0
152 524811.0
153 524811.0
154 524811.0
155 524811.0
156 524811.0
157 524811.0
158 524811.0
159 524811.0
160 524811.0
161 524811.0
162 524811.0
163 524811.0
164 524811.0
165 524811.0
166 524811.0
167 524811.0
168 524811.0
169 524811.0
170 524811.0
171 523787.0
172 523787.0
173 523787.0
174 523787.0
175 523787.0
176 522764.0
177 521742.0
178 521742.0
179 520721.0
180 520721.0
181 520721.0
182 520721.0
183 520721.0
184 520721.0
185 520721.0
186 520721.0
187 520721.0
188 520721.0
189 520721.0
190 520721.0
191 520721.0
192 520721.0
193 520721.0
194 520721.0
195 520721.0
196 520721.0
197 520721.0
198 520721.0
199 517664.0
200 517664.0
201 517664.0
202 517664.0
203 517664.0
204 517664.0
205 516647.0
206 516647.0
207 516647.0
208 516647.0
209 516647.0
210 516647.0
211 508547.0
212 508547.0
213 507539.0
214 507539.0
215 507539.0
216 507539.0
217 507539.0
218 507539.0
219 507539.0
220 507539.0
221 507539.0
222 507539.0
223 507539.0
224 507539.0
225 507539.0
226 507539.0
227 507539.0
228 506532.0
229 506532.0
230 506532.0
231 506532.0
232 506532.0
233 506532.0
234 506532.0
235 506532.0
236 506532.0
237 506532.0
238 505526.0
239 505526.0
240 505526.0
241 505526.0
242 505526.0
243 505526.0
244 505526.0
245 505526.0
246 505526.0
247 504521.0
248 504521.0
249 504521.0
250 503517.0
251 503517.0
252 503517.0
253 503517.0
254 503517.0
255 503517.0
256 502514.0
257 502514.0
258 502514.0
259 502514.0
260 502514.0
261 502514.0
262 502514.0
263 502514.0
264 502514.0
265 502514.0
266 502514.0
267 502514.0
268 502514.0
269 502514.0
270 502514.0
271 502514.0
272 502514.0
273 502514.0
274 502514.0
275 502514.0
276 502514.0
277 502514.0
278 502514.0
279 502514.0
280 502514.0
281 502514.0
282 502514.0
283 502514.0
284 502514.0
285 502514.0
286 502514.0
287 502514.0
288 502514.0
289 502514.0
290 502514.0
291 502514.0
292 502514.0
293 502514.0
294 502514.0
295 502514.0
296 502514.0
297 502514.0
298 502514.0
299 502514.0
300 502514.0
301 502514.0
302 502514.0
303 502514.0
304 502514.0
305 502514.0
306 502514.0
307 502514.0
308 502514.0
309 502514.0
310 502514.0
311 502514.0
312 502514.0
313 502514.0
314 502514.0
315 502514.0
316 502514.0
317 502514.0
318 502514.0
319 502514.0
320 501512.0
321 501512.0
322 501512.0
323 501512.0
324 501512.0
325 501512.0
326 501512.0
327 501512.0
328 501512.0
329 500511.0
330 500511.0
331 500511.0
332 500511.0
333 500511.0
334 500511.0
335 500511.0
336 500511.0
337 500511.0
338 500511.0
339 500511.0
340 497514.0
341 497514.0
342 497514.0
343 497514.0
344 497514.0
345 497514.0
346 497514.0
347 497514.0
348 497514.0
349 497514.0
350 496517.0
351 495521.0
352 495521.0
353 495521.0
354 495521.0
355 495521.0
356 495521.0
357 495521.0
358 495521.0
359 495521.0
360 495521.0
361 495521.0
362 495521.0
363 495521.0
364 495521.0
365 495521.0
366 495521.0
367 495521.0
368 492540.0
369 492540.0
370 492540.0
371 492540.0
372 492540.0
373 492540.0
374 492540.0
375 492540.0
376 492540.0
377 492540.0
378 492540.0
379 492540.0
380 492540.0
381 492540.0
382 492540.0
383 491548.0
384 491548.0
385 491548.0
386 491548.0
387 491548.0
388 491548.0
389 491548.0
390 491548.0
391 491548.0
392 491548.0
393 491548.0
394 491548.0
395 491548.0
396 490557.0
397 490557.0
398 490557.0
399 489567.0
400 489567.0
401 489567.0
402 489567.0
403 486603.0
404 486603.0
405 486603.0
406 486603.0
407 486603.0
408 486603.0
409 486603.0
410 486603.0
411 486603.0
412 486603.0
413 486603.0
414 486603.0
415 486603.0
416 486603.0
417 486603.0
418 486603.0
419 486603.0
420 486603.0
421 486603.0
422 486603.0
423 486603.0
424 486603.0
425 486603.0
426 485617.0
427 485617.0
428 485617.0
429 485617.0
430 485617.0
431 485617.0
432 485617.0
433 485617.0
434 485617.0
435 485617.0
436 485617.0
437 485617.0
438 485617.0
439 485617.0
440 485617.0
441 485617.0
442 485617.0
443 483651.0
444 483651.0
445 483651.0
446 483651.0
447 483651.0
448 483651.0
449 483651.0
450 483651.0
451 483651.0
452 483651.0
453 483651.0
454 483651.0
455 483651.0
456 483651.0
457 482668.0
458 482668.0
459 482668.0
460 482668.0
461 481686.0
462 481686.0
463 481686.0
464 481686.0
465 481686.0
466 481686.0
467 481686.0
468 481686.0
469 481686.0
470 481686.0
471 481686.0
472 481686.0
473 481686.0
474 481686.0
475 481686.0
476 481686.0
477 481686.0
478 481686.0
479 481686.0
480 481686.0
481 481686.0
482 481686.0
483 481686.0
484 481686.0
485 481686.0
486 481686.0
487 480705.0
488 480705.0
489 480705.0
490 480705.0
491 480705.0
492 480705.0
493 480705.0
494 480705.0
495 480705.0
496 480705.0
497 480705.0
498 480705.0
499 480705.0
500 479725.0
501 479725.0
502 479725.0
503 479725.0
504 479725.0
505 479725.0
506 479725.0
507 479725.0
508 479725.0
509 479725.0
510 479725.0
511 479725.0
512 479725.0
513 479725.0
514 479725.0
515 479725.0
516 479725.0
517 479725.0
518 479725.0
519 479725.0
520 479725.0
521 479725.0
522 477768.0
523 477768.0
524 477768.0
525 477768.0
526 477768.0
527 477768.0
528 477768.0
529 477768.0
530 477768.0
531 477768.0
532 477768.0
533 477768.0
534 477768.0
535 477768.0
536 477768.0
537 477768.0
538 477768.0
539 477768.0
540 477768.0
541 477768.0
542 477768.0
543 477768.0
544 477768.0
545 477768.0
546 477768.0
547 477768.0
548 477768.0
549 477768.0
550 477768.0
551 477768.0
552 477768.0
553 477768.0
554 477768.0
555 477768.0
556 477768.0
557 477768.0
558 477768.0
559 476791.0
560 476791.0
561 476791.0
562 476791.0
563 476791.0
564 476791.0
565 476791.0
566 476791.0
567 476791.0
568 476791.0
569 476791.0
570 475815.0
571 475815.0
572 475815.0
573 475815.0
574 475815.0
575 475815.0
576 475815.0
577 474840.0
578 474840.0
579 474840.0
580 474840.0
581 474840.0
582 474840.0
583 474840.0
584 474840.0
585 474840.0
586 474840.0
587 474840.0
588 474840.0
589 474840.0
590 474840.0
591 474840.0
592 474840.0
593 474840.0
594 473866.0
595 473866.0
596 473866.0
597 473866.0
598 473866.0
599 473866.0
600 473866.0
601 473866.0
602 473866.0
603 473866.0
604 473866.0
605 473866.0
606 473866.0
607 473866.0
608 473866.0
609 473866.0
610 473866.0
611 473866.0
612 472893.0
613 472893.0
614 472893.0
615 472893.0
616 472893.0
617 472893.0
618 472893.0
619 472893.0
620 472893.0
621 472893.0
622 472893.0
623 472893.0
624 472893.0
625 472893.0
626 472893.0
627 472893.0
628 471921.0
629 471921.0
630 471921.0
631 471921.0
632 471921.0
633 471921.0
634 471921.0
635 471921.0
636 471921.0
637 471921.0
638 471921.0
639 471921.0
640 470950.0
641 470950.0
642 470950.0
643 470950.0
644 470950.0
645 470950.0
646 470950.0
647 470950.0
648 470950.0
649 470950.0
650 470950.0
651 470950.0
652 470950.0
653 469980.0
654 469980.0
655 469980.0
656 469980.0
657 469980.0
658 469980.0
659 469980.0
660 469980.0
661 469980.0
662 469980.0
663 469980.0
664 469980.0
665 469980.0
666 469980.0
667 469980.0
668 469980.0
669 469980.0
670 469980.0
671 469011.0
672 469011.0
673 469011.0
674 469011.0
675 469011.0
676 469011.0
677 468043.0
678 468043.0
679 468043.0
680 468043.0
681 468043.0
682 468043.0
683 468043.0
684 468043.0
685 468043.0
686 468043.0
687 468043.0
688 468043.0
689 468043.0
690 468043.0
691 468043.0
692 468043.0
693 468043.0
694 468043.0
695 468043.0
696 468043.0
697 468043.0
698 468043.0
699 468043.0
700 467076.0
701 467076.0
702 466110.0
703 466110.0
704 466110.0
705 466110.0
706 466110.0
707 466110.0
708 466110.0
709 466110.0
710 463219.0
711 463219.0
712 463219.0
713 463219.0
714 463219.0
715 463219.0
716 463219.0
717 463219.0
718 463219.0
719 463219.0
720 463219.0
721 463219.0
722 463219.0
723 463219.0
724 463219.0
725 463219.0
726 463219.0
727 463219.0
728 462257.0
729 462257.0
730 462257.0
731 462257.0
732 461296.0
733 461296.0
734 461296.0
735 461296.0
736 461296.0
737 461296.0
738 461296.0
739 461296.0
740 461296.0
741 461296.0
742 461296.0
743 461296.0
744 461296.0
745 461296.0
746 461296.0
747 461296.0
748 461296.0
749 461296.0
750 461296.0
751 461296.0
752 461296.0
753 461296.0
754 461296.0
755 461296.0
756 461296.0
757 461296.0
758 460336.0
759 460336.0
760 460336.0
761 460336.0
762 460336.0
763 460336.0
764 460336.0
765 460336.0
766 460336.0
767 460336.0
768 460336.0
769 460336.0
770 460336.0
771 460336.0
772 460336.0
773 460336.0
774 460336.0
775 460336.0
776 460336.0
777 460336.0
778 459377.0
779 459377.0
780 459377.0
781 459377.0
782 459377.0
783 459377.0
784 459377.0
785 459377.0
786 459377.0
787 459377.0
788 459377.0
789 459377.0
790 459377.0
791 459377.0
792 459377.0
793 459377.0
794 459377.0
795 459377.0
796 459377.0
797 459377.0
798 459377.0
799 459377.0
800 459377.0
801 459377.0
802 459377.0
803 459377.0
804 459377.0
805 459377.0
806 459377.0
807 459377.0
808 459377.0
809 459377.0
810 459377.0
811 459377.0
812 458419.0
813 458419.0
814 458419.0
815 458419.0
816 458419.0
817 458419.0
818 458419.0
819 458419.0
820 458419.0
821 458419.0
822 458419.0
823 458419.0
824 458419.0
825 458419.0
826 458419.0
827 458419.0
828 458419.0
829 458419.0
830 458419.0
831 458419.0
832 458419.0
833 458419.0
834 458419.0
835 458419.0
836 458419.0
837 458419.0
838 458419.0
839 458419.0
840 458419.0
841 458419.0
842 458419.0
843 458419.0
844 458419.0
845 458419.0
846 458419.0
847 458419.0
848 458419.0
849 458419.0
850 458419.0
851 458419.0
852 458419.0
853 458419.0
854 458419.0
855 458419.0
856 458419.0
857 458419.0
858 458419.0
859 458419.0
860 458419.0
861 458419.0
862 458419.0
863 458419.0
864 458419.0
865 458419.0
866 458419.0
867 458419.0
868 458419.0
869 458419.0
870 458419.0
871 458419.0
872 458419.0
873 458419.0
874 458419.0
875 458419.0
876 458419.0
877 458419.0
878 458419.0
879 458419.0
880 458419.0
881 458419.0
882 458419.0
883 458419.0
884 458419.0
885 458419.0
886 458419.0
887 458419.0
888 458419.0
889 458419.0
890 458419.0
891 458419.0
892 458419.0
893 458419.0
894 458419.0
895 458419.0
896 458419.0
897 458419.0
898 458419.0
899 458419.0
900 458419.0
901 458419.0
902 458419.0
903 458419.0
904 458419.0
905 458419.0
906 458419.0
907 458419.0
908 458419.0
909 458419.0
910 458419.0
911 458419.0
912 458419.0
913 458419.0
914 458419.0
915 458419.0
916 458419.0
917 458419.0
918 457462.0
919 457462.0
920 457462.0
921 457462.0
922 455551.0
923 455551.0
924 454597.0
925 454597.0
926 454597.0
927 454597.0
928 454597.0
929 454597.0
930 454597.0
931 454597.0
932 454597.0
933 454597.0
934 454597.0
935 454597.0
936 454597.0
937 454597.0
938 454597.0
939 454597.0
940 454597.0
941 454597.0
942 454597.0
943 454597.0
944 454597.0
945 454597.0
946 454597.0
947 454597.0
948 454597.0
949 454597.0
950 454597.0
951 454597.0
952 454597.0
953 454597.0
954 454597.0
955 454597.0
956 454597.0
957 454597.0
958 454597.0
959 454597.0
960 453644.0
961 453644.0
962 453644.0
963 453644.0
964 453644.0
965 453644.0
966 453644.0
967 453644.0
968 452692.0
969 452692.0
970 452692.0
971 452692.0
972 452692.0
973 452692.0
974 452692.0
975 452692.0
976 452692.0
977 452692.0
978 452692.0
979 452692.0
980 452692.0
981 452692.0
982 452692.0
983 452692.0
984 452692.0
985 452692.0
986 452692.0
987 452692.0
988 452692.0
989 452692.0
990 452692.0
991 452692.0
992 452692.0
993 452692.0
994 452692.0
995 452692.0
996 452692.0
997 452692.0
998 452692.0
999 452692.0
1000 452692.0
1001 452692.0
1002 452692.0
1003 452692.0
1004 452692.0
1005 452692.0
1006 452692.0
1007 451741.0
1008 451741.0
1009 451741.0
1010 451741.0
1011 451741.0
1012 451741.0
1013 451741.0
1014 451741.0
1015 451741.0
1016 451741.0
1017 450791.0
1018 450791.0
1019 450791.0
1020 450791.0
1021 450791.0
1022 450791.0
1023 450791.0
1024 450791.0
1025 450791.0
1026 450791.0
1027 450791.0
1028 450791.0
1029 448894.0
1030 448894.0
1031 448894.0
1032 448894.0
1033 448894.0
1034 448894.0
1035 448894.0
1036 448894.0
1037 448894.0
1038 448894.0
1039 448894.0
1040 448894.0
1041 448894.0
1042 448894.0
1043 448894.0
1044 447947.0
1045 447947.0
1046 447947.0
1047 447001.0
1048 447001.0
1049 447001.0
1050 447001.0
1051 447001.0
1052 447001.0
1053 447001.0
1054 447001.0
1055 446056.0
1056 446056.0
1057 446056.0
1058 445112.0
1059 445112.0
1060 445112.0
1061 445112.0
1062 445112.0
1063 445112.0
1064 445112.0
1065 445112.0
1066 445112.0
1067 445112.0
1068 445112.0
1069 445112.0
1070 445112.0
1071 445112.0
1072 445112.0
1073 445112.0
1074 445112.0
1075 445112.0
1076 445112.0
1077 445112.0
1078 445112.0
1079 445112.0
1080 445112.0
1081 445112.0
1082 445112.0
1083 445112.0
1084 445112.0
1085 445112.0
1086 445112.0
1087 445112.0
1088 445112.0
1089 445112.0
1090 445112.0
1091 445112.0
1092 445112.0
1093 445112.0
1094 445112.0
1095 445112.0
1096 445112.0
1097 445112.0
1098 445112.0
1099 445112.0
1100 445112.0
1101 445112.0
1102 445112.0
1103 445112.0
1104 445112.0
1105 445112.0
1106 445112.0
1107 445112.0
1108 445112.0
1109 445112.0
1110 445112.0
1111 445112.0
1112 445112.0
1113 445112.0
1114 445112.0
1115 445112.0
1116 445112.0
1117 445112.0
1118 443227.0
1119 443227.0
1120 443227.0
1121 443227.0
1122 441346.0
1123 441346.0
1124 441346.0
1125 441346.0
1126 441346.0
1127 441346.0
1128 441346.0
1129 441346.0
1130 441346.0
1131 441346.0
1132 439469.0
1133 439469.0
1134 439469.0
1135 439469.0
1136 439469.0
1137 439469.0
1138 439469.0
1139 439469.0
1140 439469.0
1141 439469.0
1142 439469.0
1143 439469.0
1144 439469.0
1145 439469.0
1146 439469.0
1147 439469.0
1148 439469.0
1149 439469.0
1150 439469.0
1151 439469.0
1152 439469.0
1153 439469.0
1154 439469.0
1155 439469.0
1156 439469.0
1157 439469.0
1158 439469.0
1159 439469.0
1160 439469.0
1161 439469.0
1162 439469.0
1163 439469.0
1164 439469.0
1165 439469.0
1166 439469.0
1167 439469.0
1168 439469.0
1169 439469.0
1170 439469.0
1171 439469.0
1172 439469.0
1173 439469.0
1174 439469.0
1175 439469.0
1176 439469.0
1177 439469.0
1178 439469.0
1179 439469.0
1180 439469.0
1181 439469.0
1182 439469.0
1183 439469.0
1184 439469.0
1185 439469.0
1186 439469.0
1187 439469.0
1188 439469.0
1189 439469.0
1190 439469.0
1191 439469.0
1192 439469.0
1193 439469.0
1194 439469.0
1195 439469.0
1196 438532.0
1197 438532.0
1198 438532.0
1199 438532.0
1200 438532.0
1201 438532.0
1202 438532.0
1203 438532.0
1204 438532.0
1205 438532.0
1206 438532.0
1207 438532.0
1208 438532.0
1209 438532.0
1210 438532.0
1211 438532.0
1212 438532.0
1213 438532.0
1214 438532.0
1215 437596.0
1216 437596.0
1217 437596.0
1218 437596.0
1219 437596.0
1220 437596.0
1221 437596.0
1222 437596.0
1223 437596.0
1224 437596.0
1225 437596.0
1226 437596.0
1227 437596.0
1228 437596.0
1229 437596.0
1230 437596.0
1231 437596.0
1232 437596.0
1233 437596.0
1234 437596.0
1235 437596.0
1236 437596.0
1237 437596.0
1238 437596.0
1239 437596.0
1240 437596.0
1241 437596.0
1242 437596.0
1243 437596.0
1244 437596.0
1245 437596.0
1246 437596.0
1247 437596.0
1248 437596.0
1249 437596.0
1250 437596.0
1251 437596.0
1252 437596.0
1253 437596.0
1254 437596.0
1255 437596.0
1256 437596.0
1257 437596.0
1258 436661.0
1259 436661.0
1260 436661.0
1261 436661.0
1262 436661.0
1263 436661.0
1264 436661.0
1265 436661.0
1266 436661.0
1267 436661.0
1268 436661.0
1269 436661.0
1270 431072.0
1271 431072.0
1272 431072.0
1273 431072.0
1274 431072.0
1275 431072.0
1276 431072.0
1277 431072.0
1278 431072.0
1279 431072.0
1280 431072.0
1281 431072.0
1282 431072.0
1283 431072.0
1284 431072.0
1285 431072.0
1286 431072.0
1287 430144.0
1288 430144.0
1289 430144.0
1290 430144.0
1291 430144.0
1292 430144.0
1293 430144.0
1294 430144.0
1295 430144.0
1296 430144.0
1297 430144.0
1298 430144.0
1299 430144.0
1300 430144.0
1301 430144.0
1302 430144.0
1303 430144.0
1304 430144.0
1305 430144.0
1306 430144.0
1307 430144.0
1308 430144.0
1309 430144.0
1310 430144.0
1311 430144.0
1312 430144.0
1313 430144.0
1314 430144.0
1315 430144.0
1316 427366.0
1317 427366.0
1318 427366.0
1319 427366.0
1320 427366.0
1321 427366.0
1322 427366.0
1323 427366.0
1324 427366.0
1325 427366.0
1326 427366.0
1327 427366.0
1328 427366.0
1329 427366.0
1330 427366.0
1331 427366.0
1332 427366.0
1333 427366.0
1334 427366.0
1335 427366.0
1336 427366.0
1337 427366.0
1338 427366.0
1339 427366.0
1340 427366.0
1341 427366.0
1342 427366.0
1343 427366.0
1344 427366.0
1345 427366.0
1346 427366.0
1347 427366.0
1348 427366.0
1349 427366.0
1350 427366.0
1351 427366.0
1352 427366.0
1353 426442.0
1354 426442.0
1355 426442.0
1356 426442.0
1357 426442.0
1358 425519.0
1359 425519.0
1360 425519.0
1361 425519.0
1362 425519.0
1363 425519.0
1364 425519.0
1365 425519.0
1366 425519.0
1367 425519.0
1368 425519.0
1369 425519.0
1370 425519.0
1371 425519.0
1372 425519.0
1373 425519.0
1374 425519.0
1375 425519.0
1376 425519.0
1377 425519.0
1378 425519.0
1379 425519.0
1380 425519.0
1381 425519.0
1382 425519.0
1383 425519.0
1384 425519.0
1385 425519.0
1386 425519.0
1387 425519.0
1388 425519.0
1389 425519.0
1390 425519.0
1391 425519.0
1392 425519.0
1393 425519.0
1394 424597.0
1395 424597.0
1396 424597.0
1397 424597.0
1398 424597.0
1399 424597.0
1400 424597.0
1401 424597.0
1402 424597.0
1403 424597.0
1404 424597.0
1405 424597.0
1406 424597.0
1407 424597.0
1408 424597.0
1409 424597.0
1410 424597.0
1411 423676.0
1412 423676.0
1413 423676.0
1414 423676.0
1415 423676.0
1416 423676.0
1417 423676.0
1418 423676.0
1419 423676.0
1420 423676.0
1421 423676.0
1422 423676.0
1423 423676.0
1424 423676.0
1425 423676.0
1426 423676.0
1427 401872.0
1428 400977.0
1429 400085.0
1430 400085.0
1431 400085.0
1432 400085.0
1433 400085.0
1434 400085.0
1435 400085.0
1436 400085.0
1437 400085.0
1438 400085.0
1439 400085.0
1440 400085.0
1441 400085.0
1442 400085.0
1443 400085.0
1444 400085.0
1445 400085.0
1446 400085.0
1447 400085.0
1448 400085.0
1449 400085.0
1450 400085.0
1451 400085.0
1452 400085.0
1453 400085.0
1454 400085.0
1455 400085.0
1456 400085.0
1457 400085.0
1458 400085.0
1459 400085.0
1460 400085.0
1461 400085.0
1462 400085.0
1463 400085.0
1464 400085.0
1465 400085.0
1466 400085.0
1467 400085.0
1468 400085.0
1469 400085.0
1470 400085.0
1471 400085.0
1472 400085.0
1473 400085.0
1474 400085.0
1475 400085.0
1476 400085.0
1477 400085.0
1478 400085.0
1479 400085.0
1480 400085.0
1481 400085.0
1482 400085.0
1483 400085.0
1484 400085.0
1485 400085.0
1486 400085.0
1487 400085.0
1488 399191.0
1489 399191.0
1490 399191.0
1491 399191.0
1492 399191.0
1493 399191.0
1494 399191.0
1495 399191.0
1496 399191.0
1497 399191.0
1498 399191.0
1499 399191.0
1500 398298.0
1501 398298.0
1502 398298.0
1503 398298.0
1504 398298.0
1505 398298.0
1506 398298.0
1507 398298.0
1508 398298.0
1509 398298.0
1510 398298.0
1511 398298.0
1512 398298.0
1513 398298.0
1514 398298.0
1515 398298.0
1516 398298.0
1517 398298.0
1518 398298.0
1519 398298.0
1520 398298.0
1521 398298.0
1522 398298.0
1523 398298.0
1524 398298.0
1525 398298.0
1526 398298.0
1527 398298.0
1528 398298.0
1529 398298.0
1530 398298.0
1531 398298.0
1532 398298.0
1533 398298.0
1534 398298.0
1535 398298.0
1536 397406.0
1537 397406.0
1538 397406.0
1539 397406.0
1540 397406.0
1541 397406.0
1542 397406.0
1543 397406.0
1544 397406.0
1545 397406.0
1546 397406.0
1547 397406.0
1548 397406.0
1549 397406.0
1550 397406.0
1551 397406.0
1552 397406.0
1553 397406.0
1554 397406.0
1555 397406.0
1556 397406.0
1557 396515.0
1558 396515.0
1559 396515.0
1560 396515.0
1561 396515.0
1562 396515.0
1563 396515.0
1564 396515.0
1565 396515.0
1566 396515.0
1567 396515.0
1568 396515.0
1569 396515.0
1570 396515.0
1571 396515.0
1572 396515.0
1573 396515.0
1574 395625.0
1575 395625.0
1576 395625.0
1577 395625.0
1578 395625.0
1579 395625.0
1580 395625.0
1581 395625.0
1582 395625.0
1583 395625.0
1584 395625.0
1585 395625.0
1586 395625.0
1587 395625.0
1588 395625.0
1589 395625.0
1590 395625.0
1591 395625.0
1592 395625.0
1593 395625.0
1594 395625.0
1595 395625.0
1596 395625.0
1597 395625.0
1598 395625.0
1599 395625.0
1600 395625.0
1601 395625.0
1602 395625.0
1603 395625.0
1604 395625.0
1605 395625.0
1606 395625.0
1607 395625.0
1608 394736.0
1609 393848.0
1610 393848.0
1611 393848.0
1612 393848.0
1613 393848.0
1614 393848.0
1615 393848.0
1616 393848.0
1617 393848.0
1618 393848.0
1619 393848.0
1620 393848.0
1621 393848.0
1622 393848.0
1623 393848.0
1624 393848.0
1625 393848.0
1626 393848.0
1627 393848.0
1628 393848.0
1629 393848.0
1630 393848.0
1631 393848.0
1632 393848.0
1633 392961.0
1634 392961.0
1635 392961.0
1636 392961.0
1637 392961.0
1638 392961.0
1639 392961.0
1640 392961.0
1641 392961.0
1642 392961.0
1643 392961.0
1644 392961.0
1645 392961.0
1646 392961.0
1647 392961.0
1648 392961.0
1649 392961.0
1650 392961.0
1651 392961.0
1652 392961.0
1653 392961.0
1654 392961.0
1655 392961.0
1656 392961.0
1657 392961.0
1658 392961.0
1659 392961.0
1660 392961.0
1661 392961.0
1662 392961.0
1663 392961.0
1664 391190.0
1665 391190.0
1666 391190.0
1667 391190.0
1668 391190.0
1669 391190.0
1670 391190.0
1671 391190.0
1672 391190.0
1673 391190.0
1674 391190.0
1675 391190.0
1676 391190.0
1677 391190.0
1678 391190.0
1679 391190.0
1680 391190.0
1681 391190.0
1682 391190.0
1683 391190.0
1684 391190.0
1685 391190.0
1686 391190.0
1687 391190.0
1688 391190.0
1689 391190.0
1690 391190.0
1691 391190.0
1692 391190.0
1693 391190.0
1694 391190.0
1695 391190.0
1696 391190.0
1697 391190.0
1698 391190.0
1699 391190.0
1700 391190.0
1701 391190.0
1702 391190.0
1703 391190.0
1704 391190.0
1705 391190.0
1706 391190.0
1707 391190.0
1708 391190.0
1709 391190.0
1710 391190.0
1711 391190.0
1712 391190.0
1713 391190.0
1714 391190.0
1715 391190.0
1716 391190.0
1717 391190.0
1718 391190.0
1719 391190.0
1720 391190.0
1721 391190.0
1722 391190.0
1723 391190.0
1724 391190.0
1725 391190.0
1726 391190.0
1727 391190.0
1728 391190.0
1729 391190.0
1730 391190.0
1731 391190.0
1732 391190.0
1733 391190.0
1734 391190.0
1735 391190.0
1736 391190.0
1737 391190.0
1738 391190.0
1739 391190.0
1740 391190.0
1741 391190.0
1742 391190.0
1743 391190.0
1744 391190.0
1745 391190.0
1746 391190.0
1747 391190.0
1748 391190.0
1749 391190.0
1750 391190.0
1751 391190.0
1752 391190.0
1753 391190.0
1754 391190.0
1755 391190.0
1756 391190.0
1757 391190.0
1758 391190.0
1759 391190.0
1760 391190.0
1761 391190.0
1762 391190.0
1763 391190.0
1764 391190.0
1765 391190.0
1766 391190.0
1767 391190.0
1768 391190.0
1769 391190.0
1770 391190.0
1771 391190.0
1772 391190.0
1773 391190.0
1774 391190.0
1775 391190.0
1776 391190.0
1777 391190.0
1778 391190.0
1779 391190.0
1780 391190.0
1781 391190.0
1782 391190.0
1783 391190.0
1784 391190.0
1785 391190.0
1786 391190.0
1787 391190.0
1788 391190.0
1789 391190.0
1790 391190.0
1791 391190.0
1792 391190.0
1793 391190.0
1794 391190.0
1795 391190.0
1796 391190.0
1797 391190.0
1798 391190.0
1799 391190.0
1800 391190.0
1801 391190.0
1802 391190.0
1803 391190.0
1804 391190.0
1805 391190.0
1806 391190.0
1807 391190.0
1808 391190.0
1809 391190.0
1810 391190.0
1811 391190.0
1812 390306.0
1813 390306.0
1814 390306.0
1815 390306.0
1816 390306.0
1817 390306.0
1818 390306.0
1819 390306.0
1820 390306.0
1821 390306.0
1822 390306.0
1823 390306.0
1824 390306.0
1825 390306.0
1826 390306.0
1827 390306.0
1828 390306.0
1829 390306.0
1830 390306.0
1831 390306.0
1832 390306.0
1833 390306.0
1834 389423.0
1835 389423.0
1836 389423.0
1837 389423.0
1838 389423.0
1839 389423.0
1840 389423.0
1841 389423.0
1842 389423.0
1843 389423.0
1844 389423.0
1845 389423.0
1846 389423.0
1847 389423.0
1848 389423.0
1849 389423.0
1850 389423.0
1851 389423.0
1852 389423.0
1853 389423.0
1854 389423.0
1855 389423.0
1856 389423.0
1857 389423.0
1858 389423.0
1859 389423.0
1860 389423.0
1861 389423.0
1862 389423.0
1863 389423.0
1864 389423.0
1865 389423.0
1866 389423.0
1867 389423.0
1868 389423.0
1869 389423.0
1870 389423.0
1871 389423.0
1872 389423.0
1873 389423.0
1874 389423.0
1875 389423.0
1876 389423.0
1877 389423.0
1878 389423.0
1879 389423.0
1880 389423.0
1881 389423.0
1882 389423.0
1883 389423.0
1884 389423.0
1885 389423.0
1886 389423.0
1887 389423.0
1888 389423.0
1889 389423.0
1890 389423.0
1891 389423.0
1892 389423.0
1893 389423.0
1894 389423.0
1895 389423.0
1896 388541.0
1897 388541.0
1898 387660.0
1899 387660.0
1900 387660.0
1901 387660.0
1902 387660.0
1903 387660.0
1904 386780.0
1905 386780.0
1906 386780.0
1907 386780.0
1908 386780.0
1909 386780.0
1910 385901.0
1911 385901.0
1912 385901.0
1913 385901.0
1914 385901.0
1915 385901.0
1916 385901.0
1917 385901.0
1918 385901.0
1919 385901.0
1920 385901.0
1921 385901.0
1922 385901.0
1923 385901.0
1924 385901.0
1925 385901.0
1926 385901.0
1927 385901.0
1928 385901.0
1929 385901.0
1930 385901.0
1931 385901.0
1932 385901.0
1933 385901.0
1934 385901.0
1935 385901.0
1936 385901.0
1937 385901.0
1938 385901.0
1939 385901.0
1940 385901.0
1941 385901.0
1942 385901.0
1943 385901.0
1944 385901.0
1945 385901.0
1946 385901.0
1947 385901.0
1948 385901.0
1949 385901.0
1950 385901.0
1951 385901.0
1952 385901.0
1953 385901.0
1954 385901.0
1955 385901.0
1956 385901.0
1957 385901.0
1958 385901.0
1959 385901.0
1960 385901.0
1961 385901.0
1962 385901.0
1963 385901.0
1964 385901.0
1965 385901.0
1966 385901.0
1967 385901.0
1968 385901.0
1969 385901.0
1970 385901.0
1971 385901.0
1972 385901.0
1973 385901.0
1974 385901.0
1975 385901.0
1976 385901.0
1977 385901.0
1978 385901.0
1979 385901.0
1980 385901.0
1981 385023.0
1982 385023.0
1983 385023.0
1984 385023.0
1985 385023.0
1986 383270.0
1987 383270.0
1988 383270.0
1989 383270.0
1990 383270.0
1991 383270.0
1992 383270.0
1993 383270.0
1994 383270.0
1995 383270.0
1996 383270.0
1997 383270.0
1998 383270.0
1999 383270.0
2000 383270.0
2001 383270.0
2002 383270.0
2003 383270.0
2004 383270.0
2005 383270.0
2006 383270.0
2007 383270.0
2008 383270.0
2009 383270.0
2010 383270.0
2011 383270.0
2012 383270.0
2013 383270.0
2014 383270.0
2015 383270.0
2016 383270.0
2017 383270.0
2018 383270.0
2019 383270.0
2020 383270.0
2021 383270.0
2022 383270.0
2023 383270.0
2024 383270.0
2025 383270.0
2026 383270.0
2027 381521.0
2028 381521.0
2029 381521.0
2030 381521.0
2031 381521.0
2032 381521.0
2033 381521.0
2034 381521.0
2035 381521.0
2036 381521.0
2037 381521.0
2038 381521.0
2039 381521.0
2040 381521.0
2041 381521.0
2042 381521.0
2043 381521.0
2044 381521.0
2045 381521.0
2046 381521.0
2047 381521.0
2048 381521.0
2049 381521.0
2050 381521.0
2051 381521.0
2052 381521.0
2053 381521.0
2054 381521.0
2055 381521.0
2056 381521.0
2057 381521.0
2058 381521.0
2059 381521.0
2060 381521.0
2061 381521.0
2062 381521.0
2063 381521.0
2064 381521.0
2065 381521.0
2066 381521.0
2067 381521.0
2068 381521.0
2069 381521.0
2070 381521.0
2071 381521.0
2072 381521.0
2073 381521.0
2074 381521.0
2075 381521.0
2076 381521.0
2077 381521.0
2078 381521.0
2079 381521.0
2080 381521.0
2081 381521.0
2082 381521.0
2083 381521.0
2084 381521.0
2085 381521.0
2086 381521.0
2087 381521.0
2088 381521.0
2089 381521.0
2090 381521.0
2091 381521.0
2092 381521.0
2093 381521.0
2094 381521.0
2095 381521.0
2096 381521.0
2097 381521.0
2098 381521.0
2099 381521.0
2100 381521.0
2101 381521.0
2102 381521.0
2103 381521.0
2104 381521.0
2105 381521.0
2106 381521.0
2107 381521.0
2108 381521.0
2109 381521.0
2110 381521.0
2111 381521.0
2112 381521.0
2113 381521.0
2114 381521.0
2115 381521.0
2116 381521.0
2117 381521.0
2118 381521.0
2119 381521.0
2120 381521.0
2121 381521.0
2122 381521.0
2123 381521.0
2124 381521.0
2125 381521.0
2126 381521.0
2127 381521.0
2128 381521.0
2129 381521.0
2130 381521.0
2131 381521.0
2132 381521.0
2133 381521.0
2134 381521.0
2135 381521.0
2136 381521.0
2137 381521.0
2138 381521.0
2139 381521.0
2140 381521.0
2141 381521.0
2142 381521.0
2143 381521.0
2144 381521.0
2145 381521.0
2146 381521.0
2147 381521.0
2148 381521.0
2149 381521.0
2150 381521.0
2151 381521.0
2152 381521.0
2153 381521.0
2154 381521.0
2155 381521.0
2156 381521.0
2157 381521.0
2158 381521.0
2159 381521.0
2160 381521.0
2161 381521.0
2162 381521.0
2163 381521.0
2164 381521.0
2165 381521.0
2166 381521.0
2167 381521.0
2168 381521.0
2169 381521.0
2170 381521.0
2171 381521.0
2172 381521.0
2173 381521.0
2174 381521.0
2175 381521.0
2176 381521.0
2177 381521.0
2178 381521.0
2179 381521.0
2180 381521.0
2181 381521.0
2182 381521.0
2183 381521.0
2184 381521.0
2185 381521.0
2186 381521.0
2187 381521.0
2188 381521.0
2189 381521.0
2190 380648.0
2191 380648.0
2192 380648.0
2193 380648.0
2194 380648.0
2195 380648.0
2196 380648.0
2197 380648.0
2198 380648.0
2199 380648.0
2200 380648.0
2201 380648.0
2202 380648.0
2203 380648.0
2204 380648.0
2205 380648.0
2206 380648.0
2207 380648.0
2208 380648.0
2209 380648.0
2210 380648.0
2211 380648.0
2212 379776.0
2213 379776.0
2214 379776.0
2215 379776.0
2216 379776.0
2217 379776.0
2218 379776.0
2219 379776.0
2220 379776.0
2221 379776.0
2222 379776.0
2223 379776.0
2224 379776.0
2225 379776.0
2226 379776.0
2227 379776.0
2228 379776.0
2229 379776.0
2230 379776.0
2231 379776.0
2232 379776.0
2233 379776.0
2234 379776.0
2235 379776.0
2236 379776.0
2237 379776.0
2238 379776.0
2239 379776.0
2240 379776.0
2241 379776.0
2242 379776.0
2243 379776.0
2244 379776.0
2245 379776.0
2246 379776.0
2247 379776.0
2248 379776.0
2249 379776.0
2250 379776.0
2251 379776.0
2252 379776.0
2253 379776.0
2254 379776.0
2255 379776.0
2256 379776.0
2257 379776.0
2258 379776.0
2259 379776.0
2260 379776.0
2261 379776.0
2262 379776.0
2263 379776.0
2264 379776.0
2265 379776.0
2266 379776.0
2267 379776.0
2268 379776.0
2269 379776.0
2270 379776.0
2271 379776.0
2272 379776.0
2273 379776.0
2274 379776.0
2275 379776.0
2276 379776.0
2277 379776.0
2278 379776.0
2279 379776.0
2280 379776.0
2281 379776.0
2282 379776.0
2283 379776.0
2284 379776.0
2285 379776.0
2286 379776.0
2287 379776.0
2288 379776.0
2289 379776.0
2290 379776.0
2291 379776.0
2292 379776.0
2293 379776.0
2294 379776.0
2295 379776.0
2296 379776.0
2297 379776.0
2298 379776.0
2299 379776.0
2300 379776.0
2301 379776.0
2302 379776.0
2303 379776.0
2304 379776.0
2305 379776.0
2306 379776.0
2307 379776.0
2308 379776.0
2309 379776.0
2310 379776.0
2311 379776.0
2312 379776.0
2313 379776.0
2314 379776.0
2315 379776.0
2316 379776.0
2317 379776.0
2318 379776.0
2319 379776.0
2320 379776.0
2321 379776.0
2322 379776.0
2323 379776.0
2324 379776.0
2325 379776.0
2326 379776.0
2327 379776.0
2328 379776.0
2329 379776.0
2330 379776.0
2331 379776.0
2332 379776.0
2333 379776.0
2334 379776.0
2335 379776.0
2336 379776.0
2337 379776.0
2338 379776.0
2339 379776.0
2340 379776.0
2341 379776.0
2342 379776.0
2343 379776.0
2344 379776.0
2345 379776.0
2346 379776.0
2347 379776.0
2348 379776.0
2349 379776.0
2350 379776.0
2351 379776.0
2352 379776.0
2353 379776.0
2354 379776.0
2355 379776.0
2356 379776.0
2357 379776.0
2358 379776.0
2359 379776.0
2360 379776.0
2361 379776.0
2362 379776.0
2363 379776.0
2364 379776.0
2365 379776.0
2366 379776.0
2367 379776.0
2368 379776.0
2369 379776.0
2370 379776.0
2371 379776.0
2372 379776.0
2373 379776.0
2374 379776.0
2375 379776.0
2376 379776.0
2377 379776.0
2378 379776.0
2379 379776.0
2380 379776.0
2381 379776.0
2382 379776.0
2383 379776.0
2384 379776.0
2385 379776.0
2386 379776.0
2387 379776.0
2388 379776.0
2389 379776.0
2390 379776.0
2391 379776.0
2392 379776.0
2393 379776.0
2394 379776.0
2395 379776.0
2396 379776.0
2397 379776.0
2398 379776.0
2399 379776.0
2400 379776.0
2401 379776.0
2402 379776.0
2403 379776.0
2404 379776.0
2405 379776.0
2406 379776.0
2407 379776.0
2408 379776.0
2409 379776.0
2410 379776.0
2411 379776.0
2412 379776.0
2413 379776.0
2414 379776.0
2415 379776.0
2416 379776.0
2417 379776.0
2418 379776.0
2419 379776.0
2420 379776.0
2421 379776.0
2422 379776.0
2423 379776.0
2424 379776.0
2425 379776.0
2426 379776.0
2427 379776.0
2428 379776.0
2429 379776.0
2430 377166.0
2431 377166.0
2432 377166.0
2433 377166.0
2434 377166.0
2435 377166.0
2436 377166.0
2437 377166.0
2438 377166.0
2439 377166.0
2440 377166.0
2441 377166.0
2442 377166.0
2443 377166.0
2444 377166.0
2445 377166.0
2446 377166.0
2447 377166.0
2448 377166.0
2449 377166.0
2450 377166.0
2451 377166.0
2452 377166.0
2453 377166.0
2454 377166.0
2455 377166.0
2456 377166.0
2457 377166.0
2458 377166.0
2459 377166.0
2460 377166.0
2461 377166.0
2462 377166.0
2463 377166.0
2464 377166.0
2465 377166.0
2466 377166.0
2467 377166.0
2468 377166.0
2469 377166.0
2470 377166.0
2471 377166.0
2472 377166.0
2473 377166.0
2474 377166.0
2475 377166.0
2476 377166.0
2477 377166.0
2478 377166.0
2479 377166.0
2480 377166.0
2481 377166.0
2482 377166.0
2483 377166.0
2484 377166.0
2485 377166.0
2486 377166.0
2487 377166.0
2488 377166.0
2489 377166.0
2490 377166.0
2491 377166.0
2492 377166.0
2493 377166.0
2494 377166.0
2495 377166.0
2496 377166.0
2497 377166.0
2498 377166.0
2499 377166.0
2500 377166.0
2501 377166.0
2502 377166.0
2503 377166.0
2504 377166.0
2505 377166.0
2506 377166.0
2507 377166.0
2508 377166.0
2509 377166.0
2510 377166.0
2511 377166.0
2512 377166.0
2513 377166.0
2514 377166.0
2515 377166.0
2516 377166.0
2517 377166.0
2518 377166.0
2519 377166.0
2520 377166.0
2521 377166.0
2522 377166.0
2523 376298.0
2524 376298.0
2525 376298.0
2526 376298.0
2527 376298.0
2528 376298.0
2529 376298.0
2530 376298.0
2531 376298.0
2532 376298.0
2533 376298.0
2534 376298.0
2535 376298.0
2536 376298.0
2537 376298.0
2538 376298.0
2539 376298.0
2540 376298.0
2541 376298.0
2542 376298.0
2543 376298.0
2544 376298.0
2545 376298.0
2546 376298.0
2547 376298.0
2548 376298.0
2549 376298.0
2550 376298.0
2551 376298.0
2552 376298.0
2553 376298.0
2554 376298.0
2555 376298.0
2556 376298.0
2557 376298.0
2558 376298.0
2559 376298.0
2560 376298.0
2561 376298.0
2562 376298.0
2563 376298.0
2564 376298.0
2565 376298.0
2566 376298.0
2567 376298.0
2568 376298.0
2569 376298.0
2570 376298.0
2571 376298.0
2572 376298.0
2573 376298.0
2574 376298.0
2575 376298.0
2576 376298.0
2577 376298.0
2578 376298.0
2579 376298.0
2580 376298.0
2581 376298.0
2582 376298.0
2583 376298.0
2584 376298.0
2585 376298.0
2586 376298.0
2587 376298.0
2588 376298.0
2589 376298.0
2590 376298.0
2591 376298.0
2592 376298.0
2593 376298.0
2594 376298.0
2595 376298.0
2596 376298.0
2597 376298.0
2598 376298.0
2599 376298.0
2600 376298.0
2601 376298.0
2602 376298.0
2603 376298.0
2604 376298.0
2605 376298.0
2606 376298.0
2607 376298.0
2608 376298.0
2609 376298.0
2610 376298.0
2611 376298.0
2612 376298.0
2613 376298.0
2614 376298.0
2615 376298.0
2616 376298.0
2617 376298.0
2618 376298.0
2619 376298.0
2620 376298.0
2621 376298.0
2622 376298.0
2623 376298.0
2624 376298.0
2625 376298.0
2626 376298.0
2627 376298.0
2628 376298.0
2629 376298.0
2630 376298.0
2631 376298.0
2632 376298.0
2633 376298.0
2634 376298.0
2635 376298.0
2636 376298.0
2637 376298.0
2638 376298.0
2639 376298.0
2640 376298.0
2641 376298.0
2642 376298.0
2643 376298.0
2644 376298.0
2645 376298.0
2646 376298.0
2647 376298.0
2648 376298.0
2649 376298.0
2650 376298.0
2651 376298.0
2652 376298.0
2653 376298.0
2654 376298.0
2655 376298.0
2656 376298.0
2657 376298.0
2658 376298.0
2659 376298.0
2660 376298.0
2661 376298.0
2662 376298.0
2663 376298.0
2664 376298.0
2665 376298.0
2666 376298.0
2667 376298.0
2668 376298.0
2669 376298.0
2670 376298.0
2671 376298.0
2672 376298.0
2673 376298.0
2674 376298.0
2675 376298.0
2676 376298.0
2677 376298.0
2678 376298.0
2679 376298.0
2680 376298.0
2681 376298.0
2682 376298.0
2683 376298.0
2684 376298.0
2685 376298.0
2686 376298.0
2687 376298.0
2688 376298.0
2689 376298.0
2690 376298.0
2691 376298.0
2692 376298.0
2693 376298.0
2694 376298.0
2695 376298.0
2696 376298.0
2697 376298.0
2698 376298.0
2699 376298.0
2700 376298.0
2701 376298.0
2702 376298.0
2703 376298.0
2704 376298.0
2705 376298.0
2706 376298.0
2707 376298.0
2708 376298.0
2709 376298.0
2710 376298.0
2711 376298.0
2712 376298.0
2713 376298.0
2714 376298.0
2715 376298.0
2716 376298.0
2717 376298.0
2718 376298.0
2719 376298.0
2720 376298.0
2721 376298.0
2722 376298.0
2723 376298.0
2724 376298.0
2725 376298.0
2726 376298.0
2727 376298.0
2728 376298.0
2729 376298.0
2730 376298.0
2731 376298.0
2732 376298.0
2733 376298.0
2734 376298.0
2735 376298.0
2736 376298.0
2737 376298.0
2738 376298.0
2739 376298.0
2740 376298.0
2741 376298.0
2742 376298.0
2743 376298.0
2744 376298.0
2745 376298.0
2746 376298.0
2747 376298.0
2748 376298.0
2749 376298.0
2750 376298.0
2751 376298.0
2752 376298.0
2753 376298.0
2754 376298.0
2755 376298.0
2756 376298.0
2757 376298.0
2758 376298.0
2759 376298.0
2760 376298.0
2761 376298.0
2762 376298.0
2763 376298.0
2764 376298.0
2765 376298.0
2766 376298.0
2767 376298.0
2768 376298.0
2769 376298.0
2770 376298.0
2771 376298.0
2772 376298.0
2773 376298.0
2774 376298.0
2775 376298.0
2776 376298.0
2777 376298.0
2778 376298.0
2779 376298.0
2780 376298.0
2781 376298.0
2782 376298.0
2783 376298.0
2784 376298.0
2785 376298.0
2786 376298.0
2787 376298.0
2788 376298.0
2789 376298.0
2790 376298.0
2791 376298.0
2792 376298.0
2793 376298.0
2794 376298.0
2795 376298.0
2796 376298.0
2797 376298.0
2798 376298.0
2799 376298.0
2800 376298.0
2801 376298.0
2802 376298.0
2803 376298.0
2804 376298.0
2805 376298.0
2806 376298.0
2807 376298.0
2808 376298.0
2809 376298.0
2810 376298.0
2811 376298.0
2812 376298.0
2813 376298.0
2814 376298.0
2815 376298.0
2816 376298.0
2817 376298.0
2818 376298.0
2819 376298.0
2820 376298.0
2821 376298.0
2822 376298.0
2823 376298.0
2824 376298.0
2825 376298.0
2826 376298.0
2827 376298.0
2828 376298.0
2829 376298.0
2830 376298.0
2831 376298.0
2832 376298.0
2833 376298.0
2834 376298.0
2835 376298.0
2836 376298.0
2837 376298.0
2838 376298.0
2839 376298.0
2840 376298.0
2841 376298.0
2842 376298.0
2843 376298.0
2844 376298.0
2845 376298.0
2846 376298.0
2847 376298.0
2848 376298.0
2849 376298.0
2850 376298.0
2851 376298.0
2852 376298.0
2853 376298.0
2854 376298.0
2855 376298.0
2856 376298.0
2857 376298.0
2858 376298.0
2859 376298.0
2860 376298.0
2861 376298.0
2862 376298.0
2863 376298.0
2864 376298.0
2865 376298.0
2866 376298.0
2867 376298.0
2868 376298.0
2869 376298.0
2870 376298.0
2871 376298.0
2872 376298.0
2873 376298.0
2874 376298.0
2875 376298.0
2876 376298.0
2877 376298.0
2878 376298.0
2879 376298.0
2880 376298.0
2881 376298.0
2882 376298.0
2883 376298.0
2884 376298.0
2885 376298.0
2886 376298.0
2887 376298.0
2888 376298.0
2889 376298.0
2890 376298.0
2891 376298.0
2892 376298.0
2893 376298.0
2894 376298.0
2895 376298.0
2896 376298.0
2897 376298.0
2898 376298.0
2899 376298.0
2900 376298.0
2901 376298.0
2902 376298.0
2903 376298.0
2904 376298.0
2905 376298.0
2906 376298.0
2907 376298.0
2908 376298.0
2909 376298.0
2910 376298.0
2911 376298.0
2912 376298.0
2913 376298.0
2914 376298.0
2915 376298.0
2916 376298.0
2917 376298.0
2918 376298.0
2919 376298.0
2920 376298.0
2921 376298.0
2922 376298.0
2923 376298.0
2924 376298.0
2925 376298.0
2926 376298.0
2927 376298.0
2928 376298.0
2929 376298.0
2930 376298.0
2931 376298.0
2932 376298.0
2933 376298.0
2934 376298.0
2935 376298.0
2936 376298.0
2937 376298.0
2938 376298.0
2939 376298.0
2940 376298.0
2941 376298.0
2942 376298.0
2943 376298.0
2944 376298.0
2945 376298.0
2946 376298.0
2947 376298.0
2948 374565.0
2949 374565.0
2950 374565.0
2951 374565.0
2952 374565.0
2953 374565.0
2954 374565.0
2955 374565.0
2956 374565.0
2957 374565.0
2958 374565.0
2959 374565.0
2960 374565.0
2961 374565.0
2962 374565.0
2963 374565.0
2964 374565.0
2965 374565.0
2966 374565.0
2967 374565.0
2968 374565.0
2969 374565.0
2970 374565.0
2971 374565.0
2972 374565.0
2973 374565.0
2974 374565.0
2975 374565.0
2976 374565.0
2977 374565.0
2978 374565.0
2979 374565.0
2980 374565.0
2981 374565.0
2982 374565.0
2983 374565.0
2984 374565.0
2985 374565.0
2986 374565.0
2987 374565.0
2988 374565.0
2989 374565.0
2990 374565.0
2991 374565.0
2992 374565.0
2993 374565.0
2994 374565.0
2995 374565.0
2996 374565.0
2997 374565.0
2998 374565.0
2999 374565.0
3000 374565.0
3001 374565.0
3002 374565.0
3003 374565.0
