0 48
1 49
2 50
3 52
4 52
5 54
6 57
7 61
8 62
9 63
10 67
11 67
12 67
13 67
14 68
15 68
16 69
17 69
18 69
19 70
20 70
21 70
22 70
23 70
24 70
25 70
26 70
27 71
28 71
29 71
30 71
31 71
32 72
33 73
34 74
35 75
36 75
37 75
38 75
39 75
40 75
41 75
42 77
43 78
44 80
45 80
46 80
47 83
48 83
49 85
50 86
51 86
52 87
53 87
54 87
55 87
56 87
57 87
58 87
59 87
60 87
61 87
62 87
73 93
74 93
75 93
76 93
77 94
78 94
79 94
80 94
81 94
82 94
83 95
84 96
85 96
86 96
87 96
88 97
89 98
90 99
91 99
92 99
93 99
94 99
95 99
96 99
97 99
98 99
99 99
100 99
111 101
112 101
113 101
114 101
115 101
116 101
117 101
118 103
119 104
120 107
121 107
122 108
123 108
124 109
125 109
126 110
127 110
128 110
129 110
130 110
131 110
132 110
133 110
134 111
135 111
136 111
137 111
138 114
139 114
140 114
141 114
142 114
143 114
144 114
145 114
146 114
147 114
148 114
159 117
160 117
161 117
162 118
163 118
164 119
165 119
166 119
167 119
168 119
169 119
170 119
171 120
172 120
173 120
174 120
175 120
176 120
177 120
178 120
179 123
180 123
181 123
182 124
183 124
184 124
185 124
186 125
187 125
188 125
189 125
190 126
191 127
192 128
193 128
194 128
195 128
196 128
197 128
198 128
199 129
200 129
201 129
202 129
203 130
204 130
205 130
206 130
207 130
208 131
209 131
210 132
211 132
212 133
213 133
214 133
215 133
216 133
217 134
218 134
219 134
220 134
221 134
222 134
223 134
224 134
225 134
226 135
227 135
228 135
229 135
230 135
231 135
232 135
233 135
234 135
235 135
236 135
247 138
248 139
249 139
250 140
251 140
252 140
253 140
254 140
255 141
256 141
257 141
258 141
259 141
260 141
261 141
262 141
263 141
264 141
265 141
276 144
277 144
278 144
279 144
280 144
281 144
282 144
283 145
284 145
285 145
286 145
287 147
288 147
289 147
290 149
291 151
292 151
293 151
294 151
295 151
296 151
297 151
298 151
299 151
300 151
301 153
302 153
303 153
304 154
305 154
306 154
307 154
308 154
309 154
310 154
311 154
312 154
313 154
314 156
315 156
316 156
317 156
318 156
319 156
320 156
321 156
322 156
323 156
324 156
335 158
336 158
337 158
338 158
339 158
340 158
341 158
342 158
343 158
344 158
355 158
356 158
357 158
358 158
359 158
360 158
361 158
362 158
363 158
364 158
375 163
376 163
377 163
378 163
379 163
380 163
381 163
382 163
383 163
384 163
395 164
396 164
397 164
398 164
399 164
400 164
401 164
402 164
403 164
404 165
405 165
406 165
407 165
408 165
409 165
410 165
411 165
412 165
413 165
414 165
425 166
426 166
427 166
428 166
429 166
430 166
431 166
432 166
433 166
434 166
435 166
446 165
447 165
448 167
449 167
450 167
451 168
452 168
453 168
454 168
455 168
456 168
457 171
458 171
459 171
460 171
461 171
462 171
463 171
464 171
465 171
466 171
467 171
478 171
479 173
480 173
481 173
482 173
483 173
484 173
485 173
486 173
487 173
488 173
489 173
500 175
501 175
502 176
503 176
504 176
505 176
506 176
507 176
508 176
509 176
510 176
511 176
512 176
523 175
524 175
525 175
526 175
527 175
528 175
529 175
530 175
531 175
532 177
533 178
534 178
535 178
536 178
537 178
538 178
539 178
540 178
541 178
542 178
543 178
554 177
555 177
556 177
557 177
558 178
559 178
560 178
561 178
562 178
563 178
564 178
565 178
566 178
567 178
568 178
579 178
580 178
581 178
582 178
583 178
584 178
585 178
586 178
587 178
588 178
599 179
600 179
601 179
602 179
603 179
604 179
605 179
606 179
607 179
608 179
619 180
620 180
621 180
622 180
623 180
624 180
625 180
626 181
627 181
628 181
629 181
630 181
631 181
632 181
633 181
634 181
635 181
636 181
647 184
648 184
649 184
650 184
651 184
652 184
653 184
654 184
655 184
656 184
667 184
668 184
669 185
670 185
671 185
672 185
673 185
674 185
675 185
676 185
677 185
678 185
679 185
690 185
691 185
692 185
693 185
694 186
695 186
696 186
697 186
698 186
699 186
700 186
701 186
702 186
703 186
704 186
715 186
716 188
717 189
718 189
719 189
720 189
721 189
722 189
723 189
724 189
725 189
726 189
727 189
738 189
739 189
740 189
741 190
742 190
743 190
744 190
745 190
746 190
747 190
748 190
749 190
750 190
751 190
762 190
763 190
764 190
765 190
766 190
767 190
768 190
769 190
770 190
771 190
782 192
783 192
784 192
785 192
786 192
787 192
788 192
789 192
790 192
791 192
802 193
803 193
804 193
805 193
806 193
807 193
808 193
809 193
810 193
811 193
822 193
823 193
824 193
825 193
826 193
827 193
828 193
829 193
830 193
831 193
842 193
843 193
844 193
845 193
846 193
847 193
848 193
849 193
850 193
851 193
862 192
863 192
864 192
865 192
866 192
867 192
868 192
869 192
870 192
871 192
882 191
883 191
884 191
885 191
886 191
887 191
888 191
889 191
890 191
891 191
902 191
903 191
904 191
905 191
906 191
907 191
908 192
909 192
910 192
911 192
912 192
913 192
914 192
915 192
916 192
917 192
918 192
929 192
930 192
931 192
932 192
933 192
934 192
935 192
936 192
937 192
938 192
949 191
950 191
951 191
952 191
953 191
954 191
955 191
956 191
957 191
958 191
969 190
970 190
971 190
972 190
973 190
974 190
975 190
976 190
977 190
978 190
989 194
990 194
991 194
992 194
993 194
994 194
995 194
996 194
997 196
998 196
999 196
1000 196
1001 196
1002 196
1003 196
1004 196
1005 196
1006 196
1007 196
1018 196
1019 196
1020 196
1021 196
1022 196
1023 196
1024 196
1025 196
1026 196
1027 196
1038 193
1039 193
1040 193
1041 193
1042 193
1043 193
1044 193
1045 193
1046 193
1047 193
1058 193
1059 193
1060 193
1061 193
1062 193
1063 193
1064 193
1065 193
1066 193
1067 193
1078 195
1079 195
1080 195
1081 195
1082 195
1083 195
1084 195
1085 195
1086 195
1087 195
1098 196
1099 196
1100 196
1101 196
1102 197
1103 197
1104 197
1105 197
1106 197
1107 197
1108 197
1109 197
1110 197
1111 197
1112 197
1123 198
1124 198
1125 198
1126 198
1127 198
1128 198
1129 198
1130 198
1131 198
1132 198
1143 198
1144 198
1145 198
1146 198
1147 198
1148 198
1149 198
1150 199
1151 199
1152 199
1153 199
1154 199
1155 199
1156 199
1157 199
1158 199
1159 199
1160 199
1171 199
1172 199
1173 199
1174 199
1175 199
1176 199
1177 199
1178 199
1179 199
1180 199
1191 197
1192 197
1193 198
1194 198
1195 198
1196 198
1197 198
1198 198
1199 198
1200 198
1201 198
1202 198
1203 198
1214 199
1215 199
1216 199
1217 199
1218 199
1219 199
1220 199
1221 199
1222 199
1223 199
1224 199
1235 200
1236 200
1237 200
1238 200
1239 203
1240 203
1241 203
1242 203
1243 203
1244 203
1245 203
1246 203
1247 203
1248 203
1249 203
1260 203
1261 203
1262 203
1263 203
1264 203
1265 203
1266 203
1267 203
1268 203
1269 203
1280 204
1281 204
1282 204
1283 204
1284 204
1285 204
1286 204
1287 204
1288 204
1289 204
1300 204
1301 204
1302 204
1303 204
1304 204
1305 204
1306 204
1307 204
1308 204
1309 204
1320 204
1321 204
1322 204
1323 204
1324 204
1325 204
1326 204
1327 204
1328 204
1329 204
1340 203
1341 203
1342 206
1343 206
1344 206
1345 206
1346 206
1347 206
1348 206
1349 206
1350 206
1351 207
1352 208
1353 208
1354 208
1355 208
1356 208
1357 208
1358 208
1359 208
1360 208
1361 208
1362 208
1373 207
1374 207
1375 207
1376 207
1377 207
1378 207
1379 207
1380 207
1381 207
1382 207
1393 207
1394 207
1395 207
1396 207
1397 207
1398 207
1399 207
1400 207
1401 207
1402 207
1413 207
1414 207
1415 207
1416 207
1417 207
1418 207
1419 207
1420 207
1421 207
1422 207
1433 207
1434 207
1435 207
1436 207
1437 207
1438 207
1439 207
1440 207
1441 207
1442 207
1453 205
1454 205
1455 205
1456 205
1457 206
1458 206
1459 206
1460 206
1461 206
1462 206
1463 206
1464 206
1465 206
1466 206
1467 206
1478 206
1479 206
1480 206
1481 206
1482 206
1483 206
1484 206
1485 206
1486 206
1487 206
1498 207
1499 207
1500 207
1501 207
1502 207
1503 207
1504 207
1505 207
1506 207
1507 207
1508 207
1519 207
1520 207
1521 207
1522 207
1523 207
1524 207
1525 207
1526 207
1527 207
1528 207
1539 207
1540 207
1541 207
1542 207
1543 207
1544 207
1545 207
1546 207
1547 207
1548 207
1559 205
1560 205
1561 205
1562 205
1563 205
1564 206
1565 206
1566 206
1567 206
1568 206
1569 206
1570 206
1571 206
1572 206
1573 206
1574 206
1585 206
1586 206
1587 206
1588 206
1589 206
1590 206
1591 206
1592 206
1593 206
1594 206
1605 204
1606 204
1607 204
1608 204
1609 204
1610 204
1611 204
1612 204
1613 204
1614 204
1625 205
1626 205
1627 205
1628 205
1629 205
1630 205
1631 205
1632 205
1633 205
1634 205
1645 203
1646 203
1647 203
1648 203
1649 203
1650 203
1651 203
1652 203
1653 203
1654 203
1665 203
1666 203
1667 203
1668 203
1669 203
1670 203
1671 203
1672 203
1673 203
1674 203
1685 204
1686 204
1687 204
1688 204
1689 204
1690 204
1691 204
1692 204
1693 204
1694 204
1705 203
1706 203
1707 203
1708 203
1709 203
1710 203
1711 203
1712 203
1713 203
1714 203
1715 203
1726 202
1727 202
1728 202
1729 202
1730 203
1731 203
1732 203
1733 203
1734 203
1735 203
1736 203
1737 203
1738 203
1739 203
1740 203
1751 203
1752 203
1753 203
1754 203
1755 203
1756 203
1757 203
1758 203
1759 203
1760 203
1771 204
1772 204
1773 204
1774 204
1775 204
1776 204
1777 204
1778 205
1779 205
1780 205
1781 205
1782 205
1783 205
1784 205
1785 205
1786 205
1787 205
1788 205
1799 206
1800 206
1801 206
1802 206
1803 206
1804 206
1805 206
1806 206
1807 206
1808 206
1819 207
1820 207
1821 207
1822 207
1823 207
1824 207
1825 207
1826 207
1827 207
1828 207
1839 208
1840 208
1841 208
1842 208
1843 208
1844 208
1845 208
1846 208
1847 208
1848 208
1859 207
1860 207
1861 207
1862 207
1863 207
1864 207
1865 207
1866 207
1867 207
1868 207
1879 206
1880 206
1881 206
1882 206
1883 206
1884 206
1885 206
1886 206
1887 206
1888 206
1899 205
1900 205
1901 205
1902 205
1903 205
1904 205
1905 205
1906 205
1907 205
1908 205
1919 204
1920 204
1921 204
1922 204
1923 204
1924 204
1925 204
1926 204
1927 204
1928 204
1939 202
1940 202
1941 202
1942 202
1943 202
1944 202
1945 202
1946 202
1947 202
1948 202
1959 201
1960 201
1961 201
1962 201
1963 201
1964 201
1965 201
1966 201
1967 201
1968 201
1979 201
1980 201
1981 201
1982 201
1983 201
1984 201
1985 201
1986 201
1987 201
1988 201
1999 201
2000 201
2001 201
2002 201
2003 201
2004 201
2005 201
2006 201
2007 201
2008 201
2019 200
2020 200
2021 200
2022 200
2023 200
2024 200
2025 200
2026 200
2027 200
2028 200
2039 199
2040 199
2041 199
2042 200
2043 200
2044 200
2045 200
2046 200
2047 200
2048 200
2049 200
2050 200
2051 200
2052 200
2063 199
2064 199
2065 199
2066 199
2067 199
2068 201
2069 201
2070 201
2071 201
2072 201
2073 201
2074 201
2075 201
2076 201
2077 201
2078 201
2089 200
2090 200
2091 200
2092 200
2093 200
2094 200
2095 200
2096 200
2097 200
2098 200
2109 200
2110 200
2111 200
2112 200
2113 200
2114 200
2115 200
2116 200
2117 200
2118 200
2129 199
2130 199
2131 199
2132 200
2133 200
2134 200
2135 200
2136 200
2137 200
2138 200
2139 200
2140 200
2141 200
2142 200
2153 201
2154 201
2155 201
2156 201
2157 201
2158 201
2159 201
2160 201
2161 201
2162 201
2173 201
2174 201
2175 201
2176 201
2177 201
2178 201
2179 201
2180 201
2181 201
2182 201
2193 203
2194 203
2195 203
2196 203
2197 203
2198 203
2199 203
2200 203
2201 203
2202 203
2203 203
2214 202
2215 203
2216 203
2217 203
2218 203
2219 203
2220 203
2221 203
2222 203
2223 203
2224 203
2225 203
2236 205
2237 205
2238 205
2239 205
2240 205
2241 205
2242 205
2243 205
2244 205
2245 205
2256 206
2257 206
2258 206
2259 206
2260 206
2261 206
2262 206
2263 206
2264 206
2265 206
2276 205
2277 206
2278 206
2279 206
2280 207
2281 207
2282 207
2283 207
2284 207
2285 207
2286 207
2287 207
2288 207
2289 207
2290 207
2301 207
2302 207
2303 207
2304 207
2305 207
2306 207
2307 207
2308 207
2309 207
2310 207
2321 206
2322 206
2323 206
2324 206
2325 206
2326 206
2327 206
2328 206
2329 206
2330 206
2341 205
2342 205
2343 205
2344 205
2345 205
2346 205
2347 205
2348 205
2349 205
2350 205
2361 204
2362 204
2363 205
2364 205
2365 205
2366 205
2367 205
2368 205
2369 208
2370 208
2371 208
2372 209
2373 209
2374 209
2375 209
2376 209
2377 209
2378 209
2379 209
2380 209
2381 209
2382 209
2393 210
2394 210
2395 210
2396 210
2397 210
2398 210
2399 210
2400 210
2401 210
2402 210
2413 209
2414 209
2415 209
2416 209
2417 209
2418 209
2419 210
2420 210
2421 210
2422 210
2423 210
2424 210
2425 210
2426 210
2427 210
2428 210
2429 210
2440 210
2441 210
2442 210
2443 210
2444 210
2445 210
2446 210
2447 210
2448 210
2449 210
2460 210
2461 211
2462 211
2463 211
2464 211
2465 211
2466 211
2467 211
2468 211
2469 211
2470 211
2471 211
2482 209
2483 209
2484 209
2485 209
2486 209
2487 209
2488 209
2489 209
2490 209
2491 209
2502 210
2503 210
2504 210
2505 210
2506 210
2507 210
2508 210
2509 210
2510 210
2511 210
2522 210
2523 210
2524 210
2525 210
2526 210
2527 210
2528 210
2529 210
2530 210
2531 210
2542 211
2543 211
2544 211
2545 211
2546 211
2547 211
2548 211
2549 211
2550 211
2551 211
2562 209
2563 209
2564 209
2565 209
2566 209
2567 209
2568 209
2569 209
2570 209
2571 209
2582 210
2583 210
2584 210
2585 210
2586 210
2587 210
2588 210
2589 210
2590 210
2591 210
2602 210
2603 210
2604 210
2605 210
2606 210
2607 210
2608 210
2609 210
2610 210
2611 210
2622 208
2623 208
2624 208
2625 208
2626 208
2627 208
2628 208
2629 208
2630 208
2631 208
2642 209
2643 209
2644 210
2645 210
2646 210
2647 210
2648 210
2649 210
2650 210
2651 210
2652 210
2653 210
2654 210
2665 210
2666 210
2667 210
2668 210
2669 210
2670 210
2671 210
2672 210
2673 210
2674 210
2685 208
2686 208
2687 208
2688 208
2689 208
2690 208
2691 208
2692 208
2693 208
2694 208
2705 208
2706 208
2707 208
2708 208
2709 208
2710 208
2711 208
2712 208
2713 208
2714 208
2725 208
2726 208
2727 208
2728 208
2729 208
2730 208
2731 210
2732 210
2733 210
2734 210
2735 210
2736 210
2737 210
2738 210
2739 210
2740 210
2741 210
2752 209
2753 209
2754 209
2755 209
2756 209
2757 209
2758 209
2759 209
2760 209
2761 210
2762 210
2763 210
2764 210
2765 210
2766 210
2767 210
2768 210
2769 210
2770 210
2771 210
2782 210
2783 210
2784 210
2785 210
2786 210
2787 210
2788 210
2789 210
2790 210
2791 210
2802 210
2803 210
2804 210
2805 210
2806 210
2807 210
2808 210
2809 210
2810 210
2811 210
2822 210
2823 210
2824 210
2825 210
2826 210
2827 210
2828 210
2829 210
2830 210
2831 210
2842 209
2843 209
2844 209
2845 210
2846 210
2847 210
2848 210
2849 210
2850 210
2851 210
2852 210
2853 210
2854 210
2855 210
2866 210
2867 210
2868 210
2869 210
2870 210
2871 210
2872 210
2873 210
2874 210
2875 210
2886 209
2887 209
2888 209
2889 209
2890 210
2891 210
2892 210
2893 210
2894 210
2895 210
2896 210
2897 210
2898 210
2899 210
2900 210
2911 210
2912 210
2913 210
2914 210
2915 210
2916 210
2917 210
2918 210
2919 211
2920 211
2921 211
2922 211
2923 211
2924 211
2925 211
2926 211
2927 211
2928 211
2929 211
2940 210
2941 210
2942 210
2943 210
2944 210
2945 210
2946 210
2947 210
2948 210
2949 210
2960 209
2961 209
2962 209
2963 209
2964 210
2965 210
2966 210
2967 211
2968 211
2969 211
2970 211
2971 211
2972 211
2973 211
2974 211
2975 211
2976 211
2977 211
2988 210
2989 210
2990 210
2991 210
2992 210
2993 210
2994 210
2995 210
2996 210
2997 210
3008 210
3009 210
3010 210
3011 210
3012 210
3013 210
3014 210
3015 210
3016 210
3017 210
3028 209
3029 209
3030 210
3031 210
3032 210
3033 210
3034 210
3035 210
3036 210
3037 210
3038 210
3039 210
3040 210
3051 209
3052 209
3053 209
3054 209
3055 209
3056 209
3057 209
3058 209
3059 209
3060 209
3071 210
3072 210
3073 210
3074 210
3075 210
3076 210
3077 210
3078 210
3079 210
3080 210
3091 209
3092 209
3093 209
3094 209
3095 209
3096 209
3097 209
3098 209
3099 209
3100 209
3111 209
3112 209
3113 209
3114 209
3115 209
3116 209
3117 210
3118 210
3119 210
3120 210
3121 210
3122 210
3123 210
3124 210
3125 210
3126 210
3127 210
3138 210
3139 210
3140 210
3141 210
3142 210
3143 210
3144 210
3145 210
3146 210
3147 210
3158 209
3159 209
3160 209
3161 209
3162 209
3163 209
3164 209
3165 209
3166 209
3167 209
3178 210
3179 210
3180 210
3181 210
3182 210
3183 210
3184 210
3185 210
3186 210
3187 210
3198 210
3199 210
3200 210
3201 210
3202 210
3203 210
3204 210
3205 210
3206 210
3207 210
3218 209
3219 209
3220 209
3221 209
3222 209
3223 209
3224 209
3225 209
3226 209
3227 209
3238 209
3239 209
3240 209
3241 209
3242 209
3243 209
3244 209
3245 209
3246 209
3247 209
3258 209
3259 209
3260 209
3261 209
3262 209
3263 209
3264 209
3265 209
3266 209
3267 209
3278 207
3279 207
3280 207
3281 207
3282 207
3283 207
3284 207
3285 207
3286 207
3287 207
3298 207
3299 207
3300 208
3301 208
3302 208
3303 208
3304 208
3305 208
3306 208
3307 208
3308 208
3309 208
3310 208
3321 207
3322 207
3323 208
3324 208
3325 208
3326 208
3327 208
3328 208
3329 208
3330 208
3331 208
3332 208
3333 208
3344 208
3345 208
3346 208
3347 208
3348 208
3349 208
3350 208
3351 208
3352 208
3353 208
3364 208
3365 208
3366 208
3367 208
3368 208
3369 208
3370 208
3371 208
3372 208
3373 208
3384 209
3385 209
3386 209
3387 209
3388 209
3389 209
3390 209
3391 209
3392 209
3393 209
3394 209
3405 209
3406 209
3407 209
3408 209
3409 209
3410 209
3411 209
3412 209
3413 209
3414 209
3425 209
3426 209
3427 209
3428 209
3429 209
3430 209
3431 209
3432 209
3433 209
3434 209
3445 209
3446 209
3447 209
3448 209
3449 209
3450 209
3451 209
3452 209
3453 209
3454 209
3465 208
3466 208
3467 208
3468 208
3469 208
3470 208
3471 208
3472 208
3473 208
3474 208
3485 207
3486 207
3487 207
3488 207
3489 207
3490 209
3491 209
3492 209
3493 209
3494 209
3495 209
3496 209
3497 209
3498 209
3499 209
3500 209
3511 209
3512 209
3513 209
3514 209
3515 209
3516 209
3517 209
3518 209
3519 209
3520 209
3531 209
3532 209
3533 209
3534 209
3535 209
3536 209
3537 209
3538 209
3539 209
3540 209
3551 208
3552 208
3553 208
3554 208
3555 208
3556 208
3557 208
3558 208
3559 208
3560 208
3571 207
3572 207
3573 207
3574 207
3575 207
3576 207
3577 207
3578 207
3579 207
3580 207
3591 207
3592 207
3593 207
3594 207
3595 207
3596 207
3597 207
3598 207
3599 207
3600 207
3611 206
3612 206
3613 206
3614 206
3615 206
3616 206
3617 206
3618 206
3619 206
3620 206
3631 205
3632 205
3633 205
3634 205
3635 205
3636 205
3637 205
3638 205
3639 205
3640 205
3651 206
3652 206
3653 206
3654 206
3655 206
3656 207
3657 207
3658 207
3659 207
3660 207
3661 207
3662 207
3663 207
3664 207
3665 207
3666 207
3677 207
3678 207
3679 207
3680 207
3681 207
3682 207
3683 207
3684 207
3685 207
3686 207
3697 206
3698 206
3699 206
3700 206
3701 206
3702 206
3703 206
3704 206
3705 206
3706 206
3717 207
3718 207
3719 207
3720 207
3721 207
3722 207
3723 207
3724 207
3725 207
3726 207
3727 207
3738 206
3739 206
3740 206
3741 206
3742 206
3743 206
3744 206
3745 206
3746 206
3747 206
3758 207
3759 207
3760 207
3761 207
3762 207
3763 207
3764 207
3765 207
3766 207
3767 207
3778 207
3779 207
3780 207
3781 207
3782 207
3783 207
3784 207
3785 207
3786 207
3787 207
3798 207
3799 207
3800 207
3801 207
3802 207
3803 207
3804 207
3805 207
3806 207
3807 207
3818 206
3819 206
3820 206
3821 206
3822 206
3823 206
3824 206
3825 206
3826 206
3827 206
3838 206
3839 206
3840 206
3841 206
3842 206
3843 206
3844 206
3845 206
3846 206
3847 206
3858 206
3859 206
3860 206
3861 206
3862 206
3863 206
3864 207
3865 207
3866 207
3867 207
3868 207
3869 207
3870 207
3871 207
3872 207
3873 207
3874 207
3885 207
3886 207
3887 207
3888 207
3889 207
3890 207
3891 207
3892 207
3893 207
3894 208
3895 208
3896 208
3897 208
3898 208
3899 208
3900 208
3901 208
3902 208
3903 208
3904 208
3915 208
3916 208
3917 208
3918 208
3919 208
3920 208
3921 208
3922 208
3923 208
3924 208
3935 208
3936 208
3937 208
3938 208
3939 208
3940 208
3941 208
3942 208
3943 208
3944 208
3955 207
3956 207
3957 207
3958 207
3959 207
3960 207
3961 207
3962 207
3963 207
3964 209
3965 209
3966 209
3967 209
3968 209
3969 209
3970 209
3971 209
3972 209
3973 209
3974 209
3985 208
3986 208
3987 208
3988 208
3989 208
3990 208
3991 208
3992 208
3993 208
3994 208
4005 208
4006 208
4007 208
4008 208
4009 208
4010 208
4011 208
4012 208
4013 208
4014 208
4025 207
4026 207
4027 208
4028 208
4029 209
4030 209
4031 209
4032 209
4033 209
4034 209
4035 209
4036 209
4037 209
4038 209
4039 209
4050 209
4051 209
4052 209
4053 209
4054 209
4055 209
4056 209
4057 209
4058 209
4059 209
4070 208
4071 208
4072 208
4073 208
4074 208
4075 209
4076 209
4077 209
4078 209
4079 209
4080 209
4081 209
4082 209
4083 209
4084 209
4085 209
4096 208
4097 208
4098 209
4099 209
4100 209
4101 209
4102 209
4103 209
4104 209
4105 209
4106 209
4107 209
4108 209
4119 209
4120 209
4121 209
4122 209
4123 209
4124 209
4125 209
4126 209
4127 209
4128 209
4139 208
4140 208
4141 208
4142 208
4143 208
4144 208
4145 208
4146 208
4147 208
4148 208
4159 207
4160 207
4161 207
4162 207
4163 207
4164 207
4165 207
4166 207
4167 207
4168 207
4179 207
4180 207
4181 207
4182 207
4183 207
4184 207
4185 207
4186 207
4187 207
4188 207
4199 208
4200 208
4201 208
4202 208
4203 208
4204 208
4205 208
4206 208
4207 208
4208 208
4219 207
4220 207
4221 207
4222 207
4223 207
4224 207
4225 207
4226 207
4227 207
4228 207
4239 206
4240 206
4241 206
4242 206
4243 206
4244 206
4245 206
4246 206
4247 206
4248 206
4259 205
4260 205
4261 205
4262 205
4263 205
4264 205
4265 206
4266 206
4267 207
4268 207
4269 207
4270 207
4271 207
4272 207
4273 207
4274 207
4275 207
4276 207
4277 207
4288 206
4289 206
4290 206
4291 206
4292 206
4293 206
4294 206
4295 206
4296 206
4297 206
4308 206
4309 207
4310 208
4311 208
4312 208
4313 208
4314 208
4315 208
4316 208
4317 208
4318 208
4319 208
4320 208
4331 207
4332 207
4333 207
4334 207
4335 207
4336 207
4337 207
4338 207
4339 207
4340 207
4351 207
4352 207
4353 207
4354 207
4355 207
4356 207
4357 207
4358 207
4359 207
4360 207
4371 207
4372 208
4373 208
4374 208
4375 208
4376 209
4377 209
4378 209
4379 209
4380 209
4381 209
4382 209
4383 209
4384 209
4385 209
4386 209
4397 209
4398 209
4399 209
4400 209
4401 209
4402 209
4403 209
4404 209
4405 209
4406 209
4417 209
4418 209
4419 209
4420 209
4421 209
4422 209
4423 209
4424 209
4425 209
4426 209
4437 208
4438 208
4439 208
4440 208
4441 208
4442 208
4443 208
4444 208
4445 208
4446 208
4457 209
4458 209
4459 209
4460 209
4461 209
4462 209
4463 209
4464 209
4465 209
4466 209
4477 208
4478 208
4479 208
4480 208
4481 208
4482 208
4483 209
4484 209
4485 210
4486 210
4487 210
4488 210
4489 210
4490 210
4491 210
4492 210
4493 210
4494 210
4495 210
4506 210
4507 210
4508 210
4509 210
4510 210
4511 210
4512 210
4513 210
4514 210
4515 210
4526 210
4527 210
4528 210
4529 210
4530 210
4531 210
4532 210
4533 210
4534 210
4535 210
4546 211
4547 211
4548 211
4549 211
4550 211
4551 211
4552 211
4553 211
4554 211
4555 211
4566 209
4567 209
4568 210
4569 210
4570 210
4571 210
4572 210
4573 210
4574 210
4575 210
4576 210
4577 210
4578 210
4589 209
4590 209
4591 209
4592 209
4593 209
4594 209
4595 209
4596 209
4597 209
4598 209
4609 210
4610 210
4611 210
4612 210
4613 210
4614 210
4615 210
4616 210
4617 210
4618 210
4629 210
4630 210
4631 210
4632 210
4633 210
4634 210
4635 210
4636 210
4637 210
4638 210
4649 209
4650 209
4651 209
4652 209
4653 209
4654 209
4655 209
4656 209
4657 209
4658 209
4669 209
4670 209
4671 209
4672 209
4673 209
4674 209
4675 209
4676 209
4677 209
4678 209
4689 210
4690 210
4691 210
4692 210
4693 210
4694 210
4695 210
4696 210
4697 210
4698 210
4709 209
4710 209
4711 209
4712 209
4713 209
4714 209
4715 210
4716 210
4717 210
4718 210
4719 210
4720 210
4721 210
4722 210
4723 210
4724 210
4725 210
4736 210
4737 210
4738 210
4739 210
4740 210
4741 210
4742 210
4743 210
4744 210
4745 210
4756 209
4757 209
4758 209
4759 209
4760 209
4761 209
4762 209
4763 209
4764 209
4765 209
4776 209
4777 209
4778 209
4779 210
4780 210
4781 210
4782 210
4783 210
4784 211
4785 211
4786 211
4787 211
4788 211
4789 211
4790 211
4791 211
4792 211
4793 211
4794 211
4805 210
4806 210
4807 210
4808 210
4809 210
4810 210
4811 210
4812 210
4813 210
4814 210
4825 207
4826 208
4827 208
4828 208
4829 209
4830 209
4831 210
4832 210
4833 210
4834 210
4835 210
4836 210
4837 210
4838 210
4839 210
4840 210
4841 210
4852 211
4853 211
4854 211
4855 211
4856 211
4857 211
4858 211
4859 211
4860 211
4861 211
4872 211
4873 211
4874 211
4875 211
4876 211
4877 211
4878 211
4879 211
4880 211
4881 211
4892 211
4893 211
4894 211
4895 211
4896 211
4897 211
4898 211
4899 211
4900 211
4901 211
4912 209
4913 209
4914 209
4915 209
4916 209
4917 209
4918 209
4919 210
4920 210
4921 210
4922 210
4923 210
4924 210
4925 210
4926 210
4927 210
4928 210
4929 210
4940 211
4941 211
4942 211
4943 211
4944 211
4945 211
4946 211
4947 211
4948 211
4949 211
4960 209
4961 209
4962 209
4963 209
4964 209
4965 209
4966 209
4967 209
4968 209
4969 209
4980 210
4981 210
4982 210
4983 210
4984 210
4985 210
4986 210
4987 210
4988 210
4989 210
