0 1
1 1
2 1
3 1
4 1
5 1
6 2
7 2
8 3
9 3
10 3
11 3
12 3
13 3
14 3
15 3
16 3
17 4
18 4
19 4
20 4
21 4
22 4
23 4
24 4
25 4
26 4
27 4
38 18
39 18
40 18
41 18
42 18
43 18
44 18
45 18
46 18
47 18
58 18
59 18
60 18
61 18
62 18
63 18
64 18
65 18
66 18
67 18
78 17
79 17
80 17
81 17
82 17
83 17
84 17
85 17
86 17
87 17
98 17
99 17
100 17
101 17
102 17
103 17
104 17
105 17
106 17
107 17
118 17
119 17
120 17
121 17
122 17
123 17
124 17
125 17
126 17
127 17
138 17
139 17
140 18
141 18
142 21
143 21
144 21
145 21
146 21
147 21
148 21
149 21
150 21
151 21
152 21
163 21
164 21
165 21
166 21
167 21
168 21
169 21
170 21
171 21
172 21
183 20
184 20
185 20
186 21
187 21
188 21
189 21
190 21
191 21
192 21
193 21
194 21
195 21
196 21
207 20
208 30
209 30
210 30
211 30
212 30
213 30
214 30
215 30
216 30
217 30
218 30
229 27
230 27
231 27
232 27
233 27
234 27
235 27
236 27
237 27
238 27
249 26
250 26
251 26
252 26
253 26
254 26
255 27
256 27
257 27
258 27
259 27
260 27
261 27
262 27
263 27
264 27
265 27
276 28
277 30
278 30
279 30
280 30
281 30
282 30
283 30
284 30
285 30
286 30
287 30
298 27
299 27
300 27
301 27
302 27
303 27
304 33
305 33
306 33
307 33
308 33
309 33
310 33
311 33
312 33
313 33
314 33
325 78
326 78
327 78
328 78
329 78
330 78
331 78
332 78
333 78
334 78
345 55
346 55
347 55
348 55
349 55
350 55
351 55
352 55
353 55
354 55
365 56
366 56
367 56
368 56
369 56
370 56
371 56
372 56
373 56
374 56
385 68
386 68
387 68
388 68
389 68
390 68
391 68
392 68
393 68
394 68
405 57
406 57
407 57
408 57
409 57
410 57
411 57
412 57
413 57
414 57
425 78
426 78
427 78
428 78
429 78
430 78
431 78
432 78
433 78
434 78
445 55
446 55
447 57
448 57
449 57
450 57
451 57
452 57
453 57
454 57
455 57
456 57
457 57
468 56
469 56
470 56
471 56
472 56
473 56
474 56
475 56
476 56
477 78
478 78
479 78
480 78
481 78
482 78
483 78
484 78
485 78
486 78
487 78
498 55
499 55
500 55
501 55
502 55
503 55
504 55
505 55
506 56
507 56
508 56
509 56
510 56
511 56
512 56
513 56
514 56
515 56
516 56
527 55
528 55
529 55
530 55
531 55
532 55
533 55
534 55
535 55
536 55
547 55
548 55
549 55
550 55
551 78
552 78
553 78
554 78
555 78
556 78
557 78
558 78
559 78
560 78
561 78
572 56
573 56
574 56
575 56
576 56
577 56
578 56
579 56
580 56
581 56
592 78
593 78
594 78
595 78
596 78
597 78
598 78
599 78
600 78
601 78
602 78
613 55
614 55
615 55
616 55
617 55
618 55
619 55
620 55
621 55
622 55
633 62
634 62
635 62
636 78
637 78
638 78
639 78
640 78
641 78
642 78
643 78
644 78
645 78
646 78
657 56
658 56
659 56
660 56
661 59
662 59
663 59
664 59
665 59
666 59
667 59
668 59
669 59
670 59
671 59
682 59
683 59
684 59
685 59
686 59
687 59
688 59
689 59
690 59
691 59
702 55
703 55
704 55
705 55
706 55
707 55
708 55
709 55
710 55
711 55
722 57
723 57
724 57
725 57
726 57
727 59
728 59
729 59
730 59
731 59
732 59
733 59
734 59
735 59
736 59
737 59
748 68
749 68
750 68
751 68
752 68
753 68
754 68
755 68
756 68
757 68
758 68
769 55
770 55
771 55
772 55
773 55
774 55
775 55
776 55
777 55
778 55
789 56
790 56
791 56
792 56
793 56
794 56
795 56
796 56
797 78
798 78
799 78
800 78
801 78
802 78
803 78
804 78
805 78
806 78
807 78
818 56
819 56
820 56
821 56
822 56
823 56
824 56
825 56
826 56
827 56
838 55
839 55
840 55
841 55
842 55
843 55
844 55
845 55
846 55
847 55
858 55
859 55
860 55
861 55
862 55
863 55
864 55
865 55
866 55
867 55
878 56
879 56
880 56
881 56
882 56
883 56
884 56
885 56
886 56
887 56
898 62
899 62
900 62
901 62
902 62
903 62
904 62
905 62
906 62
907 62
918 55
919 55
920 55
921 55
922 55
923 55
924 55
925 55
926 55
927 55
938 57
939 57
940 57
941 57
942 57
943 57
944 57
945 57
946 57
947 57
958 55
959 55
960 55
961 55
962 55
963 55
964 55
965 55
966 55
967 55
978 55
979 55
980 55
981 55
982 55
983 55
984 55
985 55
986 55
987 55
998 56
999 56
1000 57
1001 57
1002 57
1003 57
1004 57
1005 57
1006 57
1007 57
1008 57
1009 57
1010 57
1021 56
1022 56
1023 56
1024 56
1025 56
1026 56
1027 59
1028 59
1029 59
1030 59
1031 59
1032 59
1033 59
1034 59
1035 59
1036 59
1037 59
1048 56
1049 57
1050 57
1051 57
1052 57
1053 57
1054 57
1055 57
1056 57
1057 62
1058 62
1059 62
1060 62
1061 62
1062 62
1063 62
1064 62
1065 62
1066 62
1067 62
1078 56
1079 56
1080 56
1081 56
1082 56
1083 56
1084 56
1085 56
1086 56
1087 56
1098 55
1099 78
1100 78
1101 78
1102 78
1103 78
1104 78
1105 78
1106 78
1107 78
1108 78
1109 78
1120 78
1121 78
1122 78
1123 78
1124 78
1125 78
1126 78
1127 78
1128 78
1129 78
1140 59
1141 59
1142 59
1143 59
1144 59
1145 59
1146 59
1147 59
1148 59
1149 59
1160 56
1161 56
1162 56
1163 56
1164 56
1165 56
1166 56
1167 56
1168 59
1169 59
1170 59
1171 59
1172 59
1173 78
1174 78
1175 78
1176 78
1177 78
1178 78
1179 78
1180 78
1181 78
1182 78
1183 78
1194 62
1195 62
1196 62
1197 62
1198 62
1199 62
1200 62
1201 62
1202 62
1203 62
1214 55
1215 55
1216 55
1217 55
1218 62
1219 62
1220 62
1221 62
1222 62
1223 62
1224 62
1225 62
1226 78
1227 78
1228 78
1229 78
1230 78
1231 78
1232 78
1233 78
1234 78
1235 78
1236 78
1247 59
1248 59
1249 59
1250 59
1251 59
1252 59
1253 59
1254 59
1255 59
1256 59
1267 55
1268 68
1269 68
1270 78
1271 78
1272 78
1273 78
1274 78
1275 78
1276 78
1277 78
1278 78
1279 78
1280 78
1291 55
1292 55
1293 56
1294 56
1295 56
1296 56
1297 56
1298 56
1299 56
1300 56
1301 56
1302 56
1303 56
1314 55
1315 55
1316 55
1317 56
1318 56
1319 56
1320 56
1321 56
1322 56
1323 56
1324 56
1325 56
1326 56
1327 56
1338 55
1339 56
1340 56
1341 56
1342 56
1343 56
1344 56
1345 56
1346 56
1347 56
1348 56
1349 56
1360 59
1361 59
1362 59
1363 59
1364 59
1365 59
1366 59
1367 59
1368 59
1369 59
1380 62
1381 62
1382 62
1383 62
1384 62
1385 62
1386 62
1387 62
1388 62
1389 62
1400 55
1401 55
1402 55
1403 55
1404 55
1405 55
1406 55
1407 55
1408 55
1409 55
1420 56
1421 56
1422 56
1423 56
1424 56
1425 56
1426 56
1427 56
1428 56
1429 56
1440 59
1441 59
1442 59
1443 59
1444 59
1445 62
1446 62
1447 62
1448 62
1449 78
1450 78
1451 78
1452 78
1453 78
1454 78
1455 78
1456 78
1457 78
1458 78
1459 78
1470 55
1471 55
1472 55
1473 55
1474 55
1475 55
1476 55
1477 55
1478 55
1479 55
1490 56
1491 56
1492 56
1493 56
1494 56
1495 56
1496 56
1497 56
1498 56
1499 56
1510 55
1511 55
1512 55
1513 55
1514 55
1515 55
1516 55
1517 55
1518 55
1519 55
1530 59
1531 59
1532 59
1533 59
1534 59
1535 59
1536 59
1537 59
1538 59
1539 59
1550 78
1551 78
1552 78
1553 78
1554 78
1555 78
1556 78
1557 78
1558 78
1559 78
1570 56
1571 56
1572 56
1573 56
1574 56
1575 56
1576 56
1577 56
1578 56
1579 56
1590 56
1591 56
1592 56
1593 56
1594 56
1595 56
1596 56
1597 56
1598 56
1599 56
1610 57
1611 57
1612 57
1613 57
1614 57
1615 57
1616 57
1617 57
1618 57
1619 57
1630 55
1631 55
1632 55
1633 55
1634 55
1635 55
1636 55
1637 55
1638 55
1639 55
1650 78
1651 78
1652 78
1653 78
1654 78
1655 78
1656 78
1657 78
1658 78
1659 78
1670 55
1671 55
1672 55
1673 56
1674 56
1675 56
1676 56
1677 56
1678 56
1679 56
1680 56
1681 56
1682 56
1683 56
1694 55
1695 56
1696 56
1697 56
1698 56
1699 68
1700 68
1701 68
1702 68
1703 68
1704 68
1705 68
1706 68
1707 68
1708 68
1709 68
1720 55
1721 55
1722 55
1723 55
1724 55
1725 55
1726 55
1727 55
1728 55
1729 55
1740 55
1741 55
1742 55
1743 55
1744 59
1745 59
1746 59
1747 59
1748 59
1749 59
1750 59
1751 59
1752 59
1753 59
1754 59
1765 57
1766 57
1767 57
1768 57
1769 57
1770 57
1771 57
1772 57
1773 57
1774 57
1785 55
1786 55
1787 55
1788 55
1789 55
1790 59
1791 59
1792 59
1793 59
1794 59
1795 59
1796 59
1797 59
1798 59
1799 59
1800 59
1811 56
1812 56
1813 56
1814 56
1815 56
1816 56
1817 56
1818 56
1819 56
1820 56
1831 56
1832 56
1833 56
1834 56
1835 56
1836 56
1837 56
1838 56
1839 56
1840 56
1851 56
1852 56
1853 56
1854 56
1855 56
1856 56
1857 56
1858 56
1859 56
1860 56
1871 68
1872 68
1873 68
1874 68
1875 68
1876 68
1877 68
1878 68
1879 68
1880 68
1891 56
1892 56
1893 56
1894 56
1895 56
1896 56
1897 56
1898 56
1899 56
1900 56
1911 78
1912 78
1913 78
1914 78
1915 78
1916 78
1917 78
1918 78
1919 78
1920 78
1931 57
1932 57
1933 57
1934 57
1935 57
1936 57
1937 57
1938 57
1939 57
1940 57
1951 55
1952 55
1953 55
1954 55
1955 55
1956 55
1957 55
1958 56
1959 56
1960 56
1961 56
1962 56
1963 56
1964 56
1965 56
1966 56
1967 57
1968 57
1969 78
1970 78
1971 78
1972 78
1973 78
1974 78
1975 78
1976 78
1977 78
1978 78
1979 78
1990 55
1991 55
1992 55
1993 55
1994 55
1995 55
1996 55
1997 55
1998 55
1999 55
2010 56
2011 56
2012 56
2013 56
2014 56
2015 56
2016 56
2017 56
2018 56
2019 56
2030 57
2031 57
2032 57
2033 57
2034 57
2035 57
2036 57
2037 57
2038 57
2039 57
2050 78
2051 78
2052 78
2053 78
2054 78
2055 78
2056 78
2057 78
2058 78
2059 78
2070 57
2071 57
2072 57
2073 57
2074 57
2075 57
2076 57
2077 57
2078 57
2079 57
2080 57
2091 59
2092 59
2093 59
2094 59
2095 59
2096 59
2097 59
2098 59
2099 59
2100 59
2111 55
2112 55
2113 55
2114 55
2115 55
2116 56
2117 59
2118 59
2119 59
2120 59
2121 59
2122 59
2123 59
2124 59
2125 59
2126 59
2127 59
2138 55
2139 55
2140 55
2141 55
2142 55
2143 55
2144 55
2145 55
2146 55
2147 56
2148 56
2149 56
2150 56
2151 56
2152 56
2153 56
2154 56
2155 56
2156 56
2157 56
2168 56
2169 56
2170 56
2171 56
2172 56
2173 56
2174 56
2175 56
2176 59
2177 59
2178 59
2179 59
2180 59
2181 59
2182 59
2183 59
2184 59
2185 59
2186 59
2197 55
2198 55
2199 55
2200 55
2201 55
2202 55
2203 55
2204 55
2205 55
2206 55
2217 55
2218 55
2219 55
2220 55
2221 55
2222 55
2223 55
2224 55
2225 55
2226 57
2227 57
2228 57
2229 57
2230 59
2231 59
2232 59
2233 59
2234 59
2235 59
2236 59
2237 59
2238 59
2239 59
2240 59
2251 56
2252 56
2253 56
2254 56
2255 56
2256 56
2257 56
2258 56
2259 56
2260 56
2271 56
2272 56
2273 56
2274 56
2275 56
2276 59
2277 59
2278 59
2279 59
2280 59
2281 59
2282 59
2283 59
2284 59
2285 59
2286 59
2297 55
2298 55
2299 55
2300 55
2301 55
2302 55
2303 55
2304 55
2305 55
2306 55
2317 55
2318 56
2319 56
2320 56
2321 56
2322 59
2323 59
2324 59
2325 59
2326 59
2327 59
2328 59
2329 59
2330 59
2331 59
2332 59
2343 56
2344 56
2345 59
2346 59
2347 59
2348 59
2349 59
2350 59
2351 59
2352 59
2353 59
2354 59
2355 59
2366 56
2367 56
2368 56
2369 56
2370 56
2371 56
2372 56
2373 56
2374 56
2375 56
2386 55
2387 55
2388 55
2389 55
2390 55
2391 55
2392 55
2393 55
2394 56
2395 56
2396 56
2397 56
2398 56
2399 56
2400 56
2401 56
2402 56
2403 56
2404 56
2415 56
2416 56
2417 59
2418 59
2419 59
2420 59
2421 59
2422 59
2423 59
2424 59
2425 59
2426 59
2427 59
2438 56
2439 56
2440 56
2441 56
2442 56
2443 56
2444 56
2445 56
2446 56
2447 56
2458 55
2459 55
2460 68
2461 68
2462 68
2463 68
2464 68
2465 68
2466 68
2467 68
2468 68
2469 68
2470 68
2481 55
2482 55
2483 56
2484 56
2485 56
2486 56
2487 56
2488 56
2489 56
2490 59
2491 59
2492 59
2493 59
2494 59
2495 59
2496 59
2497 78
2498 78
2499 78
2500 78
2501 78
2502 78
2503 78
2504 78
2505 78
2506 78
2507 78
2518 56
2519 56
2520 56
2521 56
2522 56
2523 56
2524 56
2525 56
2526 56
2527 56
2538 56
2539 56
2540 56
2541 56
2542 56
2543 56
2544 78
2545 78
2546 78
2547 78
2548 78
2549 78
2550 78
2551 78
2552 78
2553 78
2554 78
2565 55
2566 55
2567 55
2568 55
2569 55
2570 55
2571 55
2572 55
2573 55
2574 55
2585 55
2586 55
2587 55
2588 55
2589 55
2590 55
2591 55
2592 55
2593 59
2594 59
2595 59
2596 59
2597 59
2598 59
2599 59
2600 59
2601 59
2602 59
2603 59
2614 55
2615 68
2616 68
2617 68
2618 68
2619 68
2620 68
2621 68
2622 68
2623 68
2624 68
2625 68
2636 55
2637 55
2638 55
2639 55
2640 55
2641 55
2642 55
2643 55
2644 55
2645 55
2656 59
2657 59
2658 59
2659 59
2660 59
2661 59
2662 59
2663 59
2664 59
2665 59
2676 55
2677 55
2678 55
2679 55
2680 55
2681 55
2682 55
2683 55
2684 55
2685 55
2696 55
2697 55
2698 55
2699 55
2700 55
2701 55
2702 55
2703 55
2704 55
2705 55
2716 55
2717 55
2718 55
2719 55
2720 55
2721 55
2722 55
2723 55
2724 55
2725 55
2736 55
2737 55
2738 55
2739 55
2740 55
2741 59
2742 59
2743 59
2744 59
2745 59
2746 59
2747 59
2748 59
2749 59
2750 59
2751 59
2762 59
2763 59
2764 59
2765 59
2766 59
2767 59
2768 59
2769 59
2770 59
2771 78
2772 78
2773 78
2774 78
2775 78
2776 78
2777 78
2778 78
2779 78
2780 78
2781 78
2792 78
2793 78
2794 78
2795 78
2796 78
2797 78
2798 78
2799 78
2800 78
2801 78
2812 78
2813 78
2814 78
2815 78
2816 78
2817 78
2818 78
2819 78
2820 78
2821 78
2832 78
2833 78
2834 78
2835 78
2836 78
2837 78
2838 78
2839 78
2840 78
2841 78
2852 55
2853 55
2854 55
2855 55
2856 55
2857 55
2858 55
2859 55
2860 55
2861 55
2872 55
2873 55
2874 55
2875 55
2876 55
2877 68
2878 68
2879 68
2880 68
2881 68
2882 68
2883 68
2884 68
2885 68
2886 78
2887 78
2888 78
2889 78
2890 78
2891 78
2892 78
2893 78
2894 78
2895 78
2896 78
2907 55
2908 55
2909 55
2910 55
2911 55
2912 55
2913 55
2914 55
2915 55
2916 55
2927 56
2928 56
2929 56
2930 56
2931 56
2932 56
2933 56
2934 62
2935 62
2936 62
2937 62
2938 62
2939 62
2940 62
2941 62
2942 62
2943 62
2944 62
2955 55
2956 55
2957 55
2958 55
2959 55
2960 55
2961 55
2962 55
2963 55
2964 55
2975 56
2976 56
2977 56
2978 56
2979 56
2980 56
2981 56
2982 56
2983 56
2984 56
2995 57
2996 57
2997 57
2998 57
2999 57
3000 57
3001 57
3002 57
3003 57
3004 57
3015 57
3016 57
3017 57
3018 57
3019 57
3020 57
3021 57
3022 57
3023 57
3024 57
3035 56
3036 56
3037 56
3038 56
3039 56
3040 56
3041 56
3042 56
3043 56
3044 56
3055 55
3056 55
3057 55
3058 55
3059 55
3060 55
3061 55
3062 55
3063 55
3064 55
3075 55
3076 55
3077 55
3078 55
3079 55
3080 55
3081 57
3082 57
3083 57
3084 57
3085 57
3086 57
3087 57
3088 57
3089 57
3090 57
3091 57
3102 55
3103 55
3104 55
3105 55
3106 55
3107 55
3108 55
3109 55
3110 55
3111 55
3122 55
3123 55
3124 55
3125 55
3126 55
3127 55
3128 55
3129 55
3130 55
3131 55
3142 57
3143 57
3144 57
3145 57
3146 57
3147 57
3148 57
3149 57
3150 57
3151 57
3162 55
3163 55
3164 55
3165 55
3166 55
3167 55
3168 55
3169 55
3170 55
3171 55
3182 78
3183 78
3184 78
3185 78
3186 78
3187 78
3188 78
3189 78
3190 78
3191 78
3202 55
3203 55
3204 55
3205 55
3206 55
3207 55
3208 55
3209 55
3210 55
3211 55
3222 55
3223 55
3224 55
3225 78
3226 78
3227 78
3228 78
3229 78
3230 78
3231 78
3232 78
3233 78
3234 78
3235 78
3246 57
3247 57
3248 57
3249 57
3250 57
3251 57
3252 57
3253 57
3254 57
3255 57
3266 78
3267 78
3268 78
3269 78
3270 78
3271 78
3272 78
3273 78
3274 78
3275 78
3286 55
3287 55
3288 55
3289 55
3290 55
3291 55
3292 55
3293 55
3294 55
3295 55
3306 55
3307 55
3308 55
3309 55
3310 55
3311 55
3312 55
3313 55
3314 55
3315 55
3326 55
3327 55
3328 55
3329 55
3330 55
3331 55
3332 55
3333 55
3334 55
3335 55
3346 59
3347 59
3348 59
3349 59
3350 59
3351 59
3352 59
3353 59
3354 59
3355 59
3356 59
3367 55
3368 55
3369 55
3370 55
3371 55
3372 55
3373 55
3374 55
3375 55
3376 55
3387 55
3388 55
3389 55
3390 55
3391 55
3392 55
3393 55
3394 55
3395 55
3396 55
3407 59
3408 59
3409 59
3410 59
3411 59
3412 59
3413 59
3414 59
3415 59
3416 59
3417 59
3428 78
3429 78
3430 78
3431 78
3432 78
3433 78
3434 78
3435 78
3436 78
3437 78
3448 62
3449 62
3450 62
3451 62
3452 62
3453 62
3454 62
3455 62
3456 62
3457 62
3468 56
3469 56
3470 56
3471 56
3472 56
3473 56
3474 56
3475 56
3476 56
3477 56
3488 56
3489 56
3490 56
3491 56
3492 56
3493 56
3494 56
3495 56
3496 56
3497 56
3498 56
3509 78
3510 78
3511 78
3512 78
3513 78
3514 78
3515 78
3516 78
3517 78
3518 78
3519 78
3530 55
3531 55
3532 55
3533 55
3534 55
3535 55
3536 55
3537 55
3538 55
3539 55
3550 55
3551 55
3552 55
3553 55
3554 55
3555 55
3556 55
3557 55
3558 55
3559 55
3570 78
3571 78
3572 78
3573 78
3574 78
3575 78
3576 78
3577 78
3578 78
3579 78
3590 55
3591 55
3592 55
3593 55
3594 55
3595 55
3596 55
3597 55
3598 55
3599 55
3610 55
3611 55
3612 55
3613 55
3614 55
3615 55
3616 55
3617 55
3618 55
3619 56
3620 56
3621 56
3622 56
3623 57
3624 57
3625 57
3626 78
3627 78
3628 78
3629 78
3630 78
3631 78
3632 78
3633 78
3634 78
3635 78
3636 78
3647 55
3648 55
3649 55
3650 55
3651 55
3652 55
3653 55
3654 55
3655 55
3656 56
3657 56
3658 56
3659 56
3660 56
3661 56
3662 56
3663 56
3664 56
3665 56
3666 56
3677 68
3678 68
3679 68
3680 68
3681 68
3682 68
3683 68
3684 68
3685 68
3686 68
3687 68
3698 56
3699 56
3700 56
3701 56
3702 56
3703 56
3704 56
3705 56
3706 56
3707 56
3718 55
3719 55
3720 55
3721 55
3722 55
3723 55
3724 55
3725 56
3726 78
3727 78
3728 78
3729 78
3730 78
3731 78
3732 78
3733 78
3734 78
3735 78
3736 78
3747 56
3748 56
3749 56
3750 56
3751 56
3752 56
3753 56
3754 56
3755 56
3756 56
3767 56
3768 56
3769 56
3770 56
3771 56
3772 56
3773 56
3774 56
3775 56
3776 56
3787 56
3788 56
3789 56
3790 56
3791 57
3792 57
3793 57
3794 57
3795 57
3796 57
3797 57
3798 57
3799 57
3800 57
3801 57
3812 56
3813 56
3814 56
3815 56
3816 56
3817 56
3818 56
3819 56
3820 56
3821 56
3832 55
3833 55
3834 55
3835 55
3836 55
3837 55
3838 55
3839 55
3840 55
3841 55
3852 59
3853 59
3854 59
3855 59
3856 59
3857 59
3858 59
3859 59
3860 59
3861 59
3872 78
3873 78
3874 78
3875 78
3876 78
3877 78
3878 78
3879 78
3880 78
3881 78
3892 57
3893 57
3894 57
3895 57
3896 57
3897 57
3898 57
3899 57
3900 57
3901 57
3912 57
3913 57
3914 59
3915 59
3916 59
3917 59
3918 59
3919 59
3920 68
3921 68
3922 68
3923 68
3924 68
3925 68
3926 68
3927 68
3928 68
3929 68
3930 68
3941 59
3942 59
3943 59
3944 68
3945 68
3946 68
3947 68
3948 68
3949 68
3950 68
3951 68
3952 68
3953 68
3954 68
3965 55
3966 55
3967 55
3968 55
3969 55
3970 55
3971 55
3972 56
3973 56
3974 56
3975 56
3976 56
3977 56
3978 56
3979 56
3980 56
3981 56
3982 56
3993 59
3994 59
3995 59
3996 59
3997 59
3998 59
3999 59
4000 59
4001 59
4002 59
4003 59
4014 59
4015 59
4016 59
4017 59
4018 59
4019 59
4020 59
4021 59
4022 59
4023 59
4024 59
4035 59
4036 59
4037 59
4038 59
4039 59
4040 59
4041 59
4042 59
4043 59
4044 59
4055 56
4056 56
4057 56
4058 56
4059 56
4060 56
4061 56
4062 56
4063 56
4064 56
4065 56
4076 59
4077 59
4078 59
4079 59
4080 59
4081 59
4082 59
4083 59
4084 59
4085 59
4096 55
4097 55
4098 55
4099 55
4100 55
4101 55
4102 55
4103 55
4104 55
4105 55
4116 55
4117 55
4118 55
4119 55
4120 55
4121 55
4122 56
4123 56
4124 59
4125 59
4126 59
4127 59
4128 59
4129 59
4130 59
4131 78
4132 78
4133 78
4134 78
4135 78
4136 78
4137 78
4138 78
4139 78
4140 78
4141 78
4152 55
4153 55
4154 55
4155 55
4156 55
4157 55
4158 57
4159 57
4160 57
4161 57
4162 57
4163 57
4164 57
4165 57
4166 57
4167 57
4168 57
4179 55
4180 55
4181 55
4182 55
4183 55
4184 55
4185 55
4186 55
4187 55
4188 55
4199 56
4200 56
4201 56
4202 56
4203 56
4204 56
4205 56
4206 56
4207 56
4208 56
4219 55
4220 55
4221 55
4222 55
4223 55
4224 55
4225 55
4226 56
4227 56
4228 57
4229 57
4230 57
4231 57
4232 57
4233 57
4234 57
4235 57
4236 57
4237 57
4238 57
4249 57
4250 57
4251 57
4252 57
4253 57
4254 57
4255 57
4256 57
4257 57
4258 57
4259 57
4270 56
4271 56
4272 56
4273 56
4274 78
4275 78
4276 78
4277 78
4278 78
4279 78
4280 78
4281 78
4282 78
4283 78
4284 78
4295 68
4296 68
4297 68
4298 68
4299 68
4300 68
4301 68
4302 68
4303 68
4304 68
4315 78
4316 78
4317 78
4318 78
4319 78
4320 78
4321 78
4322 78
4323 78
4324 78
4335 56
4336 56
4337 56
4338 56
4339 56
4340 56
4341 56
4342 56
4343 56
4344 56
4355 57
4356 57
4357 57
4358 57
4359 57
4360 57
4361 57
4362 57
4363 57
4364 57
4375 55
4376 55
4377 55
4378 55
4379 57
4380 57
4381 57
4382 57
4383 57
4384 57
4385 57
4386 57
4387 57
4388 57
4389 57
4400 55
4401 55
4402 55
4403 55
4404 55
4405 55
4406 55
4407 55
4408 55
4409 55
4420 59
4421 59
4422 59
4423 59
4424 59
4425 59
4426 59
4427 59
4428 59
4429 59
4440 56
4441 56
4442 56
4443 56
4444 56
4445 56
4446 56
4447 56
4448 56
4449 56
4460 56
4461 56
4462 56
4463 56
4464 56
4465 56
4466 56
4467 57
4468 57
4469 57
4470 57
4471 57
4472 57
4473 57
4474 57
4475 57
4476 57
4477 57
4488 55
4489 55
4490 55
4491 55
4492 55
4493 55
4494 55
4495 55
4496 55
4497 55
4508 59
4509 59
4510 59
4511 59
4512 59
4513 59
4514 59
4515 59
4516 59
4517 59
4528 78
4529 78
4530 78
4531 78
4532 78
4533 78
4534 78
4535 78
4536 78
4537 78
4548 55
4549 55
4550 56
4551 56
4552 56
4553 68
4554 68
4555 68
4556 68
4557 68
4558 68
4559 68
4560 68
4561 68
4562 68
4563 68
4574 56
4575 56
4576 56
4577 56
4578 56
4579 56
4580 56
4581 56
4582 56
4583 56
4594 55
4595 55
4596 55
4597 55
4598 55
4599 55
4600 55
4601 55
4602 55
4603 55
4614 59
4615 59
4616 59
4617 59
4618 59
4619 59
4620 59
4621 59
4622 59
4623 59
4624 59
4635 59
4636 59
4637 59
4638 59
4639 59
4640 59
4641 59
4642 59
4643 59
4644 59
4645 59
4656 56
4657 56
4658 56
4659 56
4660 56
4661 56
4662 59
4663 59
4664 59
4665 59
4666 59
4667 59
4668 59
4669 59
4670 59
4671 59
4672 59
4683 55
4684 56
4685 56
4686 56
4687 56
4688 56
4689 56
4690 56
4691 56
4692 56
4693 56
4694 56
4705 59
4706 59
4707 59
4708 59
4709 59
4710 59
4711 59
4712 59
4713 59
4714 59
4725 55
4726 55
4727 55
4728 55
4729 55
4730 55
4731 55
4732 55
4733 55
4734 56
4735 56
4736 56
4737 56
4738 56
4739 56
4740 56
4741 56
4742 56
4743 56
4744 56
4755 68
4756 68
4757 68
4758 68
4759 68
4760 68
4761 68
4762 68
4763 68
4764 68
4775 78
4776 78
4777 78
4778 78
4779 78
4780 78
4781 78
4782 78
4783 78
4784 78
4795 56
4796 56
4797 56
4798 56
4799 56
4800 56
4801 56
4802 56
4803 56
4804 56
4815 78
4816 78
4817 78
4818 78
4819 78
4820 78
4821 78
4822 78
4823 78
4824 78
4835 55
4836 55
4837 55
4838 55
4839 55
4840 56
4841 56
4842 56
4843 56
4844 56
4845 56
4846 56
4847 56
4848 56
4849 56
4850 56
4861 56
4862 56
4863 56
4864 56
4865 56
4866 57
4867 57
4868 57
4869 57
4870 57
4871 57
4872 57
4873 57
4874 57
4875 57
4876 57
4887 56
4888 56
4889 56
4890 56
4891 59
4892 59
4893 59
4894 59
4895 59
4896 59
4897 59
4898 59
4899 59
4900 59
4901 59
4912 55
4913 55
4914 55
4915 55
4916 55
4917 55
4918 55
4919 55
4920 55
4921 55
4932 55
4933 55
4934 55
4935 55
4936 68
4937 68
4938 68
4939 68
4940 68
4941 68
4942 68
4943 68
4944 68
4945 68
4946 68
4957 56
4958 56
4959 56
4960 56
4961 56
4962 56
4963 56
4964 56
4965 56
4966 56
4977 55
4978 55
4979 55
4980 55
4981 55
4982 55
4983 55
4984 55
4985 55
4986 55
4997 78
4998 78
4999 78
