0 1
1 1
2 1
3 1
4 1
5 1
6 1
7 1
8 1
9 1
20 3
21 3
22 4
23 4
24 4
25 4
26 4
27 4
28 4
29 4
30 4
31 4
32 4
43 4
44 4
45 4
46 4
47 4
48 7
49 8
50 8
51 8
52 8
53 8
54 8
55 8
56 8
57 8
58 8
59 8
70 7
71 8
72 8
73 8
74 8
75 8
76 8
77 8
78 8
79 8
80 8
81 8
92 14
93 14
94 14
95 14
96 14
97 14
98 14
99 14
100 14
101 14
112 13
113 13
114 13
115 13
116 13
117 13
118 13
119 13
120 13
121 13
132 13
133 13
134 13
135 13
136 13
137 13
138 13
139 13
140 13
141 13
152 14
153 14
154 14
155 14
156 14
157 14
158 14
159 14
160 14
161 14
172 27
173 27
174 27
175 27
176 27
177 27
178 27
179 27
180 27
181 27
192 23
193 23
194 23
195 23
196 23
197 25
198 25
199 25
200 25
201 25
202 25
203 25
204 25
205 25
206 25
207 25
218 27
219 27
220 77
221 77
222 77
223 77
224 77
225 77
226 77
227 77
228 77
229 77
230 77
241 55
242 55
243 55
244 55
245 55
246 55
247 55
248 55
249 55
250 55
261 57
262 57
263 57
264 57
265 57
266 59
267 59
268 59
269 59
270 59
271 59
272 59
273 59
274 59
275 59
276 59
287 55
288 55
289 55
290 55
291 55
292 55
293 56
294 56
295 56
296 56
297 56
298 56
299 56
300 56
301 56
302 56
303 56
314 56
315 56
316 56
317 56
318 56
319 56
320 56
321 56
322 56
323 56
334 77
335 77
336 77
337 77
338 77
339 77
340 77
341 77
342 77
343 77
354 55
355 55
356 55
357 56
358 56
359 56
360 56
361 56
362 56
363 56
364 56
365 56
366 56
367 56
378 59
379 59
380 59
381 59
382 59
383 59
384 59
385 59
386 59
387 59
398 68
399 68
400 68
401 68
402 68
403 68
404 68
405 68
406 68
407 68
418 57
419 57
420 57
421 57
422 57
423 57
424 57
425 68
426 68
427 68
428 68
429 68
430 68
431 68
432 68
433 68
434 68
435 68
446 56
447 56
448 56
449 56
450 56
451 56
452 56
453 56
454 56
455 56
466 55
467 55
468 55
469 55
470 55
471 56
472 56
473 56
474 56
475 68
476 68
477 68
478 68
479 68
480 68
481 77
482 77
483 77
484 77
485 77
486 77
487 77
488 77
489 77
490 77
491 77
502 59
503 59
504 59
505 59
506 59
507 59
508 59
509 59
510 59
511 59
522 59
523 59
524 59
525 59
526 59
527 59
528 59
529 59
530 59
531 59
542 59
543 59
544 59
545 59
546 59
547 59
548 59
549 59
550 59
551 59
562 55
563 55
564 55
565 55
566 55
567 55
568 55
569 55
570 55
571 55
582 55
583 56
584 56
585 56
586 56
587 56
588 56
589 56
590 59
591 59
592 59
593 59
594 59
595 59
596 59
597 59
598 59
599 59
600 59
611 77
612 77
613 77
614 77
615 77
616 77
617 77
618 77
619 77
620 77
631 55
632 55
633 55
634 55
635 55
636 55
637 59
638 59
639 59
640 59
641 59
642 59
643 59
644 59
645 59
646 59
647 59
658 55
659 55
660 55
661 55
662 55
663 55
664 55
665 55
666 55
667 55
678 55
679 55
680 56
681 56
682 56
683 56
684 56
685 68
686 68
687 68
688 68
689 68
690 68
691 68
692 68
693 68
694 68
695 68
706 56
707 56
708 56
709 56
710 56
711 56
712 56
713 56
714 56
715 56
726 68
727 68
728 68
729 68
730 68
731 68
732 68
733 68
734 68
735 68
746 55
747 55
748 55
749 55
750 55
751 55
752 55
753 56
754 56
755 56
756 56
757 56
758 56
759 56
760 56
761 56
762 56
763 56
774 55
775 55
776 55
777 55
778 55
779 55
780 55
781 55
782 55
783 55
794 56
795 56
796 56
797 56
798 56
799 56
800 56
801 56
802 56
803 56
814 57
815 57
816 57
817 57
818 59
819 59
820 59
821 59
822 59
823 68
824 68
825 68
826 68
827 68
828 68
829 68
830 68
831 68
832 68
833 68
844 56
845 56
846 56
847 56
848 56
849 56
850 56
851 56
852 56
853 56
864 55
865 55
866 55
867 55
868 55
869 55
870 55
871 55
872 55
873 55
884 55
885 55
886 55
887 55
888 55
889 55
890 55
891 55
892 55
893 55
904 59
905 59
906 59
907 59
908 59
909 59
910 59
911 59
912 59
913 59
924 56
925 56
926 77
927 77
928 77
929 77
930 77
931 77
932 77
933 77
934 77
935 77
936 77
947 55
948 55
949 55
950 59
951 59
952 59
953 59
954 59
955 59
956 59
957 59
958 59
959 59
960 59
971 77
972 77
973 77
974 77
975 77
976 77
977 77
978 77
979 77
980 77
991 55
992 55
993 55
994 55
995 55
996 55
997 55
998 55
999 55
1000 55
1011 56
1012 56
1013 56
1014 56
1015 56
1016 56
1017 56
1018 56
1019 56
1020 56
1031 56
1032 56
1033 56
1034 56
1035 56
1036 56
1037 56
1038 56
1039 56
1040 56
1051 55
1052 55
1053 55
1054 55
1055 55
1056 55
1057 55
1058 55
1059 55
1060 55
1071 55
1072 55
1073 55
1074 55
1075 55
1076 55
1077 55
1078 55
1079 55
1080 57
1081 57
1082 57
1083 57
1084 57
1085 57
1086 57
1087 57
1088 57
1089 57
1090 57
1101 55
1102 55
1103 55
1104 55
1105 55
1106 55
1107 55
1108 55
1109 55
1110 55
1121 68
1122 68
1123 68
1124 68
1125 68
1126 68
1127 68
1128 68
1129 68
1130 68
1141 77
1142 77
1143 77
1144 77
1145 77
1146 77
1147 77
1148 77
1149 77
1150 77
1161 55
1162 55
1163 55
1164 55
1165 68
1166 68
1167 68
1168 68
1169 68
1170 68
1171 68
1172 68
1173 68
1174 68
1175 68
1186 59
1187 59
1188 59
1189 59
1190 59
1191 59
1192 59
1193 59
1194 59
1195 59
1206 59
1207 59
1208 59
1209 59
1210 68
1211 68
1212 68
1213 68
1214 68
1215 68
1216 68
1217 68
1218 68
1219 68
1220 68
1231 59
1232 59
1233 59
1234 59
1235 59
1236 59
1237 59
1238 59
1239 59
1240 77
1241 77
1242 77
1243 77
1244 77
1245 77
1246 77
1247 77
1248 77
1249 77
1250 77
1261 68
1262 68
1263 68
1264 68
1265 68
1266 68
1267 68
1268 68
1269 68
1270 68
1271 68
1282 55
1283 55
1284 55
1285 55
1286 55
1287 55
1288 55
1289 55
1290 55
1291 55
1302 55
1303 55
1304 55
1305 55
1306 57
1307 57
1308 68
1309 68
1310 68
1311 68
1312 68
1313 68
1314 68
1315 68
1316 68
1317 68
1318 68
1329 56
1330 56
1331 56
1332 56
1333 56
1334 56
1335 56
1336 56
1337 56
1338 59
1339 59
1340 59
1341 59
1342 59
1343 59
1344 59
1345 59
1346 59
1347 59
1348 59
1359 59
1360 59
1361 59
1362 59
1363 59
1364 59
1365 59
1366 59
1367 59
1368 59
1379 59
1380 59
1381 59
1382 59
1383 59
1384 59
1385 59
1386 59
1387 59
1388 59
1389 59
1400 55
1401 55
1402 55
1403 55
1404 55
1405 56
1406 56
1407 56
1408 56
1409 56
1410 56
1411 56
1412 56
1413 56
1414 56
1415 56
1426 59
1427 59
1428 59
1429 59
1430 59
1431 59
1432 59
1433 59
1434 59
1435 59
1446 56
1447 56
1448 56
1449 56
1450 56
1451 56
1452 56
1453 56
1454 56
1455 56
1466 55
1467 55
1468 55
1469 55
1470 55
1471 55
1472 55
1473 55
1474 55
1475 55
1486 55
1487 55
1488 55
1489 55
1490 55
1491 55
1492 55
1493 55
1494 55
1495 55
1506 56
1507 56
1508 56
1509 56
1510 56
1511 56
1512 56
1513 56
1514 56
1515 56
1526 56
1527 56
1528 56
1529 56
1530 56
1531 59
1532 59
1533 59
1534 59
1535 59
1536 59
1537 59
1538 59
1539 59
1540 59
1541 59
1552 68
1553 68
1554 68
1555 68
1556 68
1557 68
1558 68
1559 68
1560 68
1561 68
1572 55
1573 55
1574 77
1575 77
1576 77
1577 77
1578 77
1579 77
1580 77
1581 77
1582 77
1583 77
1584 77
1595 56
1596 56
1597 56
1598 56
1599 56
1600 56
1601 56
1602 56
1603 56
1604 56
1615 56
1616 56
1617 56
1618 56
1619 56
1620 56
1621 56
1622 56
1623 56
1624 56
1635 55
1636 55
1637 55
1638 55
1639 55
1640 55
1641 55
1642 55
1643 55
1644 55
1655 55
1656 55
1657 55
1658 55
1659 55
1660 55
1661 55
1662 55
1663 55
1664 55
1675 55
1676 55
1677 55
1678 55
1679 55
1680 55
1681 55
1682 55
1683 55
1684 55
1695 57
1696 57
1697 57
1698 57
1699 57
1700 57
1701 57
1702 57
1703 57
1704 57
1715 55
1716 55
1717 55
1718 55
1719 55
1720 55
1721 55
1722 55
1723 55
1724 55
1735 56
1736 56
1737 56
1738 56
1739 56
1740 56
1741 56
1742 56
1743 56
1744 56
1755 55
1756 55
1757 55
1758 55
1759 55
1760 55
1761 55
1762 55
1763 55
1764 55
1775 59
1776 59
1777 59
1778 59
1779 59
1780 59
1781 59
1782 59
1783 59
1784 59
1795 56
1796 56
1797 56
1798 56
1799 59
1800 59
1801 59
1802 59
1803 59
1804 59
1805 59
1806 59
1807 59
1808 59
1809 59
1820 68
1821 68
1822 68
1823 68
1824 68
1825 68
1826 68
1827 68
1828 68
1829 68
1840 55
1841 55
1842 55
1843 55
1844 55
1845 55
1846 55
1847 56
1848 56
1849 56
1850 56
1851 56
1852 56
1853 56
1854 56
1855 56
1856 56
1857 56
1868 55
1869 55
1870 55
1871 55
1872 55
1873 55
1874 55
1875 55
1876 55
1877 55
1888 55
1889 55
1890 55
1891 55
1892 59
1893 59
1894 59
1895 59
1896 59
1897 59
1898 59
1899 59
1900 59
1901 59
1902 59
1913 68
1914 68
1915 68
1916 68
1917 68
1918 68
1919 68
1920 68
1921 77
1922 77
1923 77
1924 77
1925 77
1926 77
1927 77
1928 77
1929 77
1930 77
1931 77
1942 56
1943 56
1944 56
1945 56
1946 56
1947 56
1948 56
1949 56
1950 56
1951 56
1962 59
1963 59
1964 59
1965 59
1966 59
1967 59
1968 59
1969 59
1970 59
1971 59
1982 55
1983 55
1984 59
1985 59
1986 59
1987 59
1988 59
1989 59
1990 59
1991 59
1992 59
1993 59
1994 59
2005 59
2006 59
2007 59
2008 59
2009 59
2010 59
2011 59
2012 59
2013 59
2014 59
2025 55
2026 55
2027 55
2028 55
2029 55
2030 55
2031 55
2032 55
2033 55
2034 55
2045 55
2046 55
2047 55
2048 55
2049 55
2050 55
2051 55
2052 55
2053 55
2054 55
2065 55
2066 56
2067 56
2068 56
2069 59
2070 59
2071 59
2072 59
2073 59
2074 59
2075 59
2076 59
2077 68
2078 68
2079 68
2080 68
2081 68
2082 68
2083 68
2084 68
2085 68
2086 68
2087 68
2098 77
2099 77
2100 77
2101 77
2102 77
2103 77
2104 77
2105 77
2106 77
2107 77
2118 55
2119 55
2120 55
2121 55
2122 55
2123 55
2124 55
2125 55
2126 55
2127 55
2138 55
2139 55
2140 55
2141 55
2142 55
2143 55
2144 55
2145 55
2146 55
2147 55
2158 56
2159 56
2160 56
2161 56
2162 56
2163 56
2164 56
2165 56
2166 56
2167 56
2178 59
2179 59
2180 59
2181 59
2182 59
2183 59
2184 59
2185 59
2186 59
2187 59
2198 55
2199 55
2200 55
2201 55
2202 55
2203 55
2204 55
2205 55
2206 56
2207 56
2208 56
2209 56
2210 56
2211 56
2212 56
2213 56
2214 56
2215 56
2216 56
2227 55
2228 55
2229 55
2230 55
2231 55
2232 55
2233 55
2234 55
2235 55
2236 55
2247 55
2248 55
2249 55
2250 55
2251 55
2252 55
2253 55
2254 55
2255 55
2256 55
2267 77
2268 77
2269 77
2270 77
2271 77
2272 77
2273 77
2274 77
2275 77
2276 77
2287 55
2288 55
2289 55
2290 55
2291 56
2292 56
2293 56
2294 56
2295 56
2296 56
2297 56
2298 56
2299 56
2300 56
2301 56
2312 59
2313 59
2314 59
2315 59
2316 59
2317 59
2318 59
2319 59
2320 59
2321 59
2332 68
2333 68
2334 68
2335 68
2336 68
2337 68
2338 68
2339 68
2340 68
2341 68
2352 55
2353 55
2354 55
2355 55
2356 55
2357 55
2358 55
2359 55
2360 55
2361 55
2372 57
2373 57
2374 57
2375 57
2376 57
2377 57
2378 57
2379 57
2380 57
2381 57
2392 55
2393 55
2394 55
2395 55
2396 55
2397 55
2398 59
2399 59
2400 59
2401 59
2402 59
2403 59
2404 59
2405 59
2406 59
2407 59
2408 59
2419 68
2420 68
2421 68
2422 68
2423 68
2424 68
2425 68
2426 68
2427 68
2428 68
2439 57
2440 57
2441 57
2442 57
2443 57
2444 57
2445 57
2446 57
2447 57
2448 57
2459 77
2460 77
2461 77
2462 77
2463 77
2464 77
2465 77
2466 77
2467 77
2468 77
2479 56
2480 56
2481 57
2482 57
2483 57
2484 57
2485 57
2486 57
2487 57
2488 57
2489 57
2490 57
2491 57
2502 55
2503 55
2504 55
2505 56
2506 56
2507 56
2508 56
2509 56
2510 56
2511 56
2512 56
2513 56
2514 56
2515 59
2516 59
2517 59
2518 59
2519 59
2520 59
2521 59
2522 59
2523 59
2524 59
2525 59
2536 55
2537 55
2538 55
2539 55
2540 55
2541 55
2542 55
2543 55
2544 55
2545 55
2556 55
2557 55
2558 55
2559 55
2560 55
2561 59
2562 59
2563 59
2564 59
2565 59
2566 77
2567 77
2568 77
2569 77
2570 77
2571 77
2572 77
2573 77
2574 77
2575 77
2576 77
2587 55
2588 55
2589 55
2590 55
2591 55
2592 55
2593 55
2594 55
2595 55
2596 55
2607 59
2608 59
2609 59
2610 59
2611 59
2612 59
2613 59
2614 59
2615 59
2616 59
2627 55
2628 55
2629 55
2630 55
2631 55
2632 55
2633 55
2634 55
2635 55
2636 55
2647 55
2648 55
2649 55
2650 55
2651 55
2652 59
2653 59
2654 59
2655 59
2656 59
2657 59
2658 59
2659 59
2660 59
2661 59
2662 59
2673 56
2674 56
2675 56
2676 56
2677 56
2678 56
2679 56
2680 56
2681 56
2682 56
2693 59
2694 59
2695 59
2696 59
2697 59
2698 59
2699 59
2700 59
2701 59
2702 59
2713 56
2714 56
2715 56
2716 56
2717 56
2718 56
2719 56
2720 56
2721 56
2722 56
2733 56
2734 56
2735 56
2736 56
2737 56
2738 56
2739 56
2740 56
2741 56
2742 56
2753 77
2754 77
2755 77
2756 77
2757 77
2758 77
2759 77
2760 77
2761 77
2762 77
2773 77
2774 77
2775 77
2776 77
2777 77
2778 77
2779 77
2780 77
2781 77
2782 77
2793 55
2794 55
2795 55
2796 55
2797 55
2798 55
2799 55
2800 55
2801 55
2802 55
2813 55
2814 55
2815 55
2816 55
2817 55
2818 55
2819 56
2820 56
2821 56
2822 56
2823 56
2824 56
2825 56
2826 56
2827 56
2828 56
2829 56
2840 56
2841 56
2842 56
2843 56
2844 56
2845 56
2846 56
2847 56
2848 56
2849 56
2860 57
2861 57
2862 59
2863 59
2864 59
2865 59
2866 59
2867 59
2868 59
2869 59
2870 59
2871 59
2872 59
2883 55
2884 55
2885 55
2886 55
2887 55
2888 55
2889 55
2890 55
2891 55
2892 55
2903 55
2904 55
2905 55
2906 55
2907 55
2908 55
2909 55
2910 55
2911 55
2912 55
2923 77
2924 77
2925 77
2926 77
2927 77
2928 77
2929 77
2930 77
2931 77
2932 77
2943 55
2944 57
2945 57
2946 57
2947 57
2948 57
2949 57
2950 57
2951 57
2952 57
2953 57
2954 57
2965 56
2966 56
2967 56
2968 56
2969 56
2970 56
2971 56
2972 68
2973 68
2974 68
2975 68
2976 68
2977 68
2978 68
2979 68
2980 68
2981 68
2982 68
2993 57
2994 57
2995 57
2996 57
2997 57
2998 57
2999 57
3000 57
3001 57
3002 57
3013 59
3014 59
3015 59
3016 59
3017 59
3018 59
3019 59
3020 59
3021 59
3022 59
3023 59
3034 55
3035 55
3036 55
3037 55
3038 55
3039 55
3040 55
3041 55
3042 55
3043 55
3054 55
3055 55
3056 55
3057 55
3058 55
3059 55
3060 55
3061 55
3062 55
3063 55
3074 56
3075 56
3076 56
3077 56
3078 56
3079 56
3080 56
3081 57
3082 57
3083 57
3084 57
3085 57
3086 57
3087 68
3088 68
3089 68
3090 68
3091 68
3092 68
3093 68
3094 68
3095 68
3096 68
3097 68
3108 68
3109 68
3110 68
3111 68
3112 68
3113 68
3114 68
3115 68
3116 68
3117 68
3118 68
3129 55
3130 55
3131 55
3132 55
3133 55
3134 55
3135 55
3136 56
3137 56
3138 56
3139 56
3140 56
3141 56
3142 56
3143 56
3144 56
3145 56
3146 56
3157 55
3158 55
3159 55
3160 55
3161 55
3162 56
3163 56
3164 56
3165 56
3166 56
3167 56
3168 56
3169 56
3170 56
3171 56
3172 56
3183 55
3184 55
3185 55
3186 55
3187 55
3188 55
3189 59
3190 59
3191 59
3192 59
3193 59
3194 59
3195 59
3196 59
3197 59
3198 59
3199 59
3210 56
3211 56
3212 56
3213 56
3214 56
3215 56
3216 56
3217 56
3218 56
3219 56
3230 55
3231 55
3232 55
3233 55
3234 55
3235 55
3236 55
3237 55
3238 56
3239 56
3240 56
3241 56
3242 56
3243 56
3244 56
3245 56
3246 56
3247 56
3248 56
3259 55
3260 55
3261 59
3262 59
3263 59
3264 77
3265 77
3266 77
3267 77
3268 77
3269 77
3270 77
3271 77
3272 77
3273 77
3274 77
3285 56
3286 56
3287 56
3288 56
3289 56
3290 56
3291 56
3292 56
3293 56
3294 56
3305 55
3306 55
3307 55
3308 55
3309 56
3310 56
3311 56
3312 56
3313 56
3314 56
3315 56
3316 56
3317 56
3318 56
3319 56
3330 68
3331 68
3332 68
3333 68
3334 68
3335 68
3336 68
3337 68
3338 68
3339 77
3340 77
3341 77
3342 77
3343 77
3344 77
3345 77
3346 77
3347 77
3348 77
3349 77
3360 55
3361 55
3362 55
3363 55
3364 55
3365 68
3366 77
3367 77
3368 77
3369 77
3370 77
3371 77
3372 77
3373 77
3374 77
3375 77
3376 77
3387 55
3388 55
3389 55
3390 55
3391 55
3392 68
3393 68
3394 68
3395 68
3396 68
3397 68
3398 68
3399 68
3400 68
3401 68
3402 68
3413 55
3414 55
3415 55
3416 55
3417 55
3418 55
3419 55
3420 55
3421 55
3422 55
3433 56
3434 56
3435 56
3436 56
3437 56
3438 56
3439 56
3440 56
3441 56
3442 56
3453 56
3454 56
3455 56
3456 56
3457 56
3458 56
3459 56
3460 56
3461 56
3462 56
3473 55
3474 55
3475 55
3476 55
3477 55
3478 55
3479 55
3480 55
3481 55
3482 55
3493 77
3494 77
3495 77
3496 77
3497 77
3498 77
3499 77
3500 77
3501 77
3502 77
3513 59
3514 59
3515 59
3516 59
3517 59
3518 59
3519 59
3520 59
3521 59
3522 59
3533 68
3534 68
3535 68
3536 68
3537 68
3538 68
3539 68
3540 68
3541 68
3542 68
3553 56
3554 56
3555 56
3556 56
3557 56
3558 56
3559 56
3560 56
3561 56
3562 56
3573 55
3574 59
3575 59
3576 59
3577 59
3578 59
3579 59
3580 59
3581 59
3582 59
3583 59
3584 59
3595 56
3596 56
3597 56
3598 56
3599 56
3600 56
3601 56
3602 56
3603 56
3604 56
3615 77
3616 77
3617 77
3618 77
3619 77
3620 77
3621 77
3622 77
3623 77
3624 77
3635 55
3636 55
3637 55
3638 55
3639 55
3640 55
3641 55
3642 55
3643 55
3644 55
3655 55
3656 55
3657 55
3658 55
3659 55
3660 55
3661 55
3662 55
3663 77
3664 77
3665 77
3666 77
3667 77
3668 77
3669 77
3670 77
3671 77
3672 77
3673 77
3684 55
3685 55
3686 55
3687 55
3688 55
3689 55
3690 55
3691 55
3692 55
3693 55
3704 56
3705 56
3706 56
3707 56
3708 56
3709 56
3710 56
3711 56
3712 56
3713 56
3724 55
3725 57
3726 57
3727 57
3728 57
3729 57
3730 57
3731 57
3732 57
3733 57
3734 57
3735 57
3746 77
3747 77
3748 77
3749 77
3750 77
3751 77
3752 77
3753 77
3754 77
3755 77
3766 55
3767 55
3768 55
3769 55
3770 55
3771 55
3772 55
3773 55
3774 56
3775 56
3776 56
3777 56
3778 56
3779 56
3780 56
3781 56
3782 56
3783 56
3784 56
3795 57
3796 57
3797 57
3798 57
3799 57
3800 77
3801 77
3802 77
3803 77
3804 77
3805 77
3806 77
3807 77
3808 77
3809 77
3810 77
3821 77
3822 77
3823 77
3824 77
3825 77
3826 77
3827 77
3828 77
3829 77
3830 77
3841 77
3842 77
3843 77
3844 77
3845 77
3846 77
3847 77
3848 77
3849 77
3850 77
3851 77
3862 55
3863 55
3864 55
3865 55
3866 55
3867 56
3868 56
3869 56
3870 56
3871 56
3872 56
3873 56
3874 56
3875 56
3876 57
3877 57
3878 68
3879 68
3880 68
3881 68
3882 68
3883 68
3884 68
3885 68
3886 68
3887 68
3888 68
3899 59
3900 59
3901 59
3902 59
3903 59
3904 59
3905 59
3906 59
3907 59
3908 59
3919 56
3920 56
3921 56
3922 56
3923 77
3924 77
3925 77
3926 77
3927 77
3928 77
3929 77
3930 77
3931 77
3932 77
3933 77
3944 56
3945 56
3946 56
3947 56
3948 56
3949 56
3950 56
3951 56
3952 56
3953 56
3964 55
3965 55
3966 55
3967 55
3968 55
3969 55
3970 59
3971 59
3972 59
3973 59
3974 59
3975 59
3976 59
3977 59
3978 59
3979 59
3980 59
3991 56
3992 56
3993 56
3994 56
3995 56
3996 56
3997 56
3998 56
3999 56
4000 56
4011 55
4012 55
4013 59
4014 59
4015 59
4016 59
4017 59
4018 59
4019 59
4020 59
4021 59
4022 59
4023 59
4034 56
4035 56
4036 56
4037 56
4038 56
4039 56
4040 56
4041 56
4042 56
4043 56
4054 55
4055 55
4056 77
4057 77
4058 77
4059 77
4060 77
4061 77
4062 77
4063 77
4064 77
4065 77
4066 77
4077 55
4078 55
4079 55
4080 55
4081 55
4082 55
4083 55
4084 55
4085 55
4086 55
4097 68
4098 68
4099 68
4100 68
4101 68
4102 68
4103 68
4104 68
4105 68
4106 68
4117 68
4118 68
4119 68
4120 68
4121 68
4122 68
4123 68
4124 68
4125 68
4126 68
4137 56
4138 56
4139 56
4140 56
4141 56
4142 56
4143 56
4144 56
4145 56
4146 56
4157 55
4158 55
4159 55
4160 55
4161 55
4162 55
4163 55
4164 55
4165 55
4166 55
4177 55
4178 55
4179 55
4180 55
4181 55
4182 55
4183 55
4184 55
4185 56
4186 56
4187 56
4188 56
4189 56
4190 56
4191 56
4192 56
4193 56
4194 56
4195 56
4206 57
4207 57
4208 77
4209 77
4210 77
4211 77
4212 77
4213 77
4214 77
4215 77
4216 77
4217 77
4218 77
4229 77
4230 77
4231 77
4232 77
4233 77
4234 77
4235 77
4236 77
4237 77
4238 77
4249 56
4250 56
4251 56
4252 56
4253 56
4254 56
4255 56
4256 56
4257 56
4258 56
4269 56
4270 56
4271 56
4272 59
4273 59
4274 59
4275 59
4276 59
4277 59
4278 59
4279 59
4280 59
4281 59
4282 59
4293 59
4294 59
4295 59
4296 59
4297 59
4298 59
4299 59
4300 59
4301 59
4302 59
4313 59
4314 59
4315 59
4316 59
4317 59
4318 59
4319 59
4320 59
4321 59
4322 59
4333 56
4334 56
4335 56
4336 56
4337 56
4338 56
4339 56
4340 56
4341 56
4342 56
4353 56
4354 56
4355 56
4356 56
4357 56
4358 56
4359 56
4360 56
4361 56
4362 56
4363 56
4374 56
4375 56
4376 56
4377 56
4378 56
4379 56
4380 56
4381 56
4382 56
4383 56
4394 55
4395 55
4396 55
4397 59
4398 59
4399 59
4400 59
4401 59
4402 59
4403 59
4404 59
4405 59
4406 59
4407 59
4418 55
4419 55
4420 55
4421 55
4422 55
4423 55
4424 55
4425 55
4426 55
4427 55
4438 59
4439 59
4440 59
4441 59
4442 77
4443 77
4444 77
4445 77
4446 77
4447 77
4448 77
4449 77
4450 77
4451 77
4452 77
4463 55
4464 55
4465 55
4466 55
4467 55
4468 55
4469 55
4470 55
4471 55
4472 55
4483 55
4484 55
4485 55
4486 55
4487 55
4488 55
4489 55
4490 55
4491 57
4492 57
4493 57
4494 57
4495 57
4496 57
4497 57
4498 57
4499 57
4500 57
4501 57
4512 55
4513 55
4514 55
4515 55
4516 55
4517 55
4518 55
4519 59
4520 59
4521 59
4522 59
4523 59
4524 59
4525 59
4526 59
4527 59
4528 59
4529 59
4540 56
4541 56
4542 56
4543 56
4544 56
4545 56
4546 56
4547 56
4548 56
4549 56
4560 55
4561 55
4562 55
4563 55
4564 55
4565 55
4566 55
4567 55
4568 55
4569 55
4580 55
4581 55
4582 55
4583 55
4584 55
4585 55
4586 55
4587 57
4588 57
4589 57
4590 57
4591 57
4592 57
4593 57
4594 57
4595 57
4596 57
4597 57
4608 77
4609 77
4610 77
4611 77
4612 77
4613 77
4614 77
4615 77
4616 77
4617 77
4628 59
4629 59
4630 59
4631 59
4632 59
4633 59
4634 59
4635 59
4636 59
4637 59
4648 55
4649 55
4650 55
4651 55
4652 55
4653 68
4654 68
4655 68
4656 68
4657 68
4658 68
4659 68
4660 68
4661 68
4662 68
4663 68
4674 77
4675 77
4676 77
4677 77
4678 77
4679 77
4680 77
4681 77
4682 77
4683 77
4694 59
4695 59
4696 59
4697 59
4698 59
4699 59
4700 59
4701 59
4702 59
4703 59
4714 55
4715 55
4716 55
4717 55
4718 55
4719 77
4720 77
4721 77
4722 77
4723 77
4724 77
4725 77
4726 77
4727 77
4728 77
4729 77
4740 59
4741 59
4742 59
4743 59
4744 59
4745 59
4746 59
4747 59
4748 59
4749 59
4760 55
4761 55
4762 55
4763 55
4764 55
4765 55
4766 55
4767 55
4768 55
4769 55
4780 57
4781 57
4782 57
4783 57
4784 57
4785 57
4786 57
4787 57
4788 57
4789 57
4800 56
4801 56
4802 56
4803 56
4804 56
4805 56
4806 56
4807 56
4808 56
4809 56
4820 68
4821 68
4822 68
4823 68
4824 68
4825 68
4826 68
4827 68
4828 68
4829 68
4840 55
4841 55
4842 55
4843 55
4844 55
4845 55
4846 55
4847 57
4848 57
4849 57
4850 57
4851 57
4852 57
4853 57
4854 57
4855 57
4856 57
4857 57
4868 57
4869 57
4870 57
4871 57
4872 57
4873 57
4874 57
4875 57
4876 57
4877 57
4888 55
4889 55
4890 55
4891 55
4892 55
4893 55
4894 55
4895 55
4896 55
4897 55
4908 55
4909 55
4910 55
4911 55
4912 55
4913 55
4914 55
4915 55
4916 55
4917 55
4928 59
4929 59
4930 59
4931 59
4932 59
4933 59
4934 59
4935 59
4936 59
4937 59
4948 55
4949 55
4950 59
4951 59
4952 59
4953 59
4954 59
4955 59
4956 59
4957 59
4958 59
4959 59
4960 59
4971 68
4972 68
4973 68
4974 68
4975 68
4976 68
4977 68
4978 68
4979 68
4980 68
4991 68
4992 68
4993 68
4994 68
4995 68
4996 68
4997 68
4998 68
4999 68
