100
0: 5 7 11 13 21 22 23 24 29 40 41 44 54 55 57 58 59 61 65 79 80 83 84 87 88 89 90 92 94 99 
1: 2 10 11 14 15 16 19 20 22 23 24 25 29 31 32 36 38 39 41 42 45 48 51 54 55 61 62 75 79 80 81 83 84 86 91 93 98 
2: 1 13 16 21 23 25 28 31 33 40 49 50 54 60 63 70 71 72 74 77 78 79 81 82 85 86 87 95 96 
3: 4 11 14 16 17 19 20 21 25 29 30 33 35 36 41 46 49 52 59 63 66 68 70 72 74 75 76 77 81 82 83 87 90 94 97 
4: 3 7 13 16 18 20 21 22 25 31 35 36 37 43 46 49 51 52 55 58 59 60 65 67 70 71 72 78 80 81 94 96 
5: 0 6 10 11 13 15 20 24 26 35 36 39 41 42 44 50 54 55 56 57 65 69 72 74 75 79 85 90 91 94 96 98 
6: 5 15 21 37 39 41 43 45 48 49 52 55 62 65 68 69 74 76 77 81 83 84 85 86 98 
7: 0 4 20 21 24 26 30 31 42 45 53 61 62 66 68 69 73 74 75 81 86 89 90 93 96 
8: 15 17 18 21 22 23 27 29 32 37 39 43 44 49 50 51 53 54 58 61 71 83 87 94 
9: 13 14 15 16 18 19 21 24 29 30 33 40 49 54 57 59 61 65 72 73 79 92 93 95 97 
10: 1 5 13 15 16 20 24 25 28 29 30 33 34 36 37 39 43 52 54 55 57 59 60 62 68 75 79 81 83 84 92 94 96 99 
11: 0 1 3 5 13 18 20 25 27 28 32 34 35 36 38 40 41 45 48 59 60 61 66 72 74 78 81 84 86 88 90 91 94 97 98 
12: 13 19 21 23 25 28 29 32 33 37 40 41 43 44 48 57 61 67 72 73 82 86 88 99 
13: 0 2 4 5 9 10 11 12 15 17 18 23 35 39 45 58 65 66 67 68 70 72 76 77 82 83 84 86 88 
14: 1 3 9 26 29 31 36 37 40 41 45 46 52 53 54 57 58 59 60 61 62 63 65 66 68 70 71 72 78 79 87 90 93 95 96 99 
15: 1 5 6 8 9 10 13 16 19 20 27 31 34 35 36 37 38 42 43 48 49 51 55 58 72 73 74 75 83 89 91 93 98 99 
16: 1 2 3 4 9 10 15 18 25 26 30 31 34 36 39 41 43 45 46 51 53 54 55 59 60 63 71 73 74 75 76 83 84 86 90 92 
17: 3 8 13 29 32 35 37 39 42 43 45 46 50 54 55 58 63 64 65 67 70 71 80 84 87 89 90 91 96 
18: 4 8 9 11 13 16 29 30 32 34 35 39 40 41 44 46 53 55 56 60 63 65 85 95 
19: 1 3 9 12 15 23 24 36 38 40 41 42 47 48 52 59 72 74 78 81 88 93 95 99 
20: 1 3 4 5 7 10 11 15 22 26 27 33 38 43 46 50 52 53 56 60 61 64 65 66 72 76 77 78 81 84 85 86 93 
21: 0 2 3 4 6 7 8 9 12 22 25 29 31 33 34 35 37 43 46 47 49 51 55 59 60 63 65 66 70 71 74 77 80 81 85 88 93 95 97 
22: 0 1 4 8 20 21 27 32 36 37 39 44 49 51 52 57 59 63 64 65 67 70 71 75 77 78 79 80 82 83 84 86 95 
23: 0 1 2 8 12 13 19 27 30 40 48 50 54 59 62 72 91 92 
24: 0 1 5 7 9 10 19 26 29 30 31 33 36 40 51 58 61 62 64 68 69 73 74 77 81 86 87 89 90 98 
25: 1 2 3 4 10 11 12 16 21 28 30 31 33 35 36 37 38 43 45 48 49 52 53 54 59 60 70 72 75 84 85 88 91 96 99 
26: 5 7 14 16 20 24 30 32 34 35 38 42 44 53 56 60 61 62 64 69 76 77 78 80 87 95 96 97 
27: 8 11 15 20 22 23 29 33 34 39 41 43 45 46 49 53 54 56 59 60 61 71 73 74 77 85 89 94 
28: 2 10 11 12 25 32 40 45 46 47 48 53 55 66 67 71 72 77 78 80 84 85 86 92 94 95 99 
29: 0 1 3 8 9 10 12 14 17 18 21 24 27 32 37 39 40 45 47 56 59 65 71 72 81 86 91 92 93 95 96 99 
30: 3 7 9 10 16 18 23 24 25 26 40 42 43 46 51 56 58 59 61 63 64 65 67 70 72 73 77 82 86 89 90 94 95 99 
31: 1 2 4 7 14 15 16 21 24 25 32 34 40 48 49 52 55 56 57 58 61 67 71 72 80 82 83 85 89 92 
32: 1 8 11 12 17 18 22 26 28 29 31 33 35 37 41 45 47 50 55 56 57 58 64 67 69 77 79 80 84 89 91 93 97 
33: 2 3 9 10 12 20 21 24 25 27 32 35 39 45 46 49 51 52 53 54 59 60 61 62 67 72 74 76 77 82 84 85 87 89 91 92 97 98 
34: 10 11 15 16 18 21 26 27 31 44 46 47 49 50 53 54 56 57 58 59 64 65 66 67 68 73 74 82 83 85 87 88 89 90 94 96 
35: 3 4 5 11 13 15 17 18 21 25 26 32 33 44 50 54 57 58 59 61 63 67 73 76 79 80 82 85 86 87 88 89 91 92 93 94 
36: 1 3 4 5 10 11 14 15 16 19 22 24 25 39 41 47 52 53 56 57 59 62 68 69 70 72 80 83 85 90 92 99 
37: 4 6 8 10 12 14 15 17 21 22 25 29 32 41 48 49 52 57 59 63 65 67 72 73 78 79 96 99 
38: 1 11 15 19 20 25 26 39 42 47 52 53 54 58 63 66 69 73 74 81 82 85 87 95 96 98 99 
39: 1 5 6 8 10 13 16 17 18 22 27 29 33 36 38 42 48 61 69 71 72 78 79 83 85 88 93 95 96 
40: 0 2 9 11 12 14 18 19 23 24 28 29 30 31 43 48 49 51 57 74 83 84 89 95 96 
41: 0 1 3 5 6 11 12 14 16 18 19 27 32 36 37 49 54 55 60 65 73 75 82 83 84 85 86 88 90 91 93 
42: 1 5 7 15 17 19 26 30 38 39 44 46 47 50 63 68 69 70 71 79 83 85 86 87 91 
43: 4 6 8 10 12 15 16 17 20 21 25 27 30 40 44 48 49 55 57 59 60 64 68 69 70 76 77 80 82 86 89 90 92 93 97 
44: 0 5 8 12 18 22 26 34 35 42 43 48 52 58 62 65 70 72 73 74 75 78 79 89 91 96 
45: 1 6 7 11 13 14 16 17 25 27 28 29 32 33 53 54 60 65 70 71 72 73 74 76 82 84 85 87 97 
46: 3 4 14 16 17 18 20 21 27 28 30 33 34 42 52 53 57 59 61 62 66 67 70 77 79 91 95 
47: 19 21 28 29 32 34 36 38 42 48 49 55 63 66 69 76 79 80 85 89 97 
48: 1 6 11 12 15 19 23 25 28 31 37 39 40 43 44 47 50 53 57 60 62 64 70 74 85 93 96 97 99 
49: 2 3 4 6 8 9 15 21 22 25 27 31 33 34 37 40 41 43 47 50 57 60 65 68 77 79 85 86 93 95 96 99 
50: 2 5 8 17 20 23 32 34 35 42 48 49 58 59 60 61 71 73 75 79 88 93 95 98 
51: 1 4 8 15 16 21 22 24 30 33 40 60 61 62 64 66 68 69 70 71 74 75 77 79 81 82 83 85 87 90 93 94 95 96 99 
52: 3 4 6 10 14 19 20 22 25 31 33 36 37 38 44 46 56 57 58 68 71 72 81 83 85 86 89 92 96 99 
53: 7 8 14 16 18 20 25 26 27 28 33 34 36 38 45 46 48 64 76 78 80 84 91 93 95 
54: 0 1 2 5 8 9 10 14 16 17 23 25 27 33 34 35 38 41 45 57 63 64 67 68 70 73 76 79 81 86 87 91 93 94 97 99 
55: 0 1 4 5 6 10 15 16 17 18 21 28 31 32 41 43 47 58 61 62 65 69 76 77 80 82 84 89 90 94 96 97 98 99 
56: 5 18 20 26 27 29 30 31 32 34 36 52 57 61 63 64 66 69 71 75 78 79 83 86 96 
57: 0 5 9 10 12 14 22 31 32 34 35 36 37 40 43 46 48 49 52 54 56 59 61 62 64 67 68 72 75 76 77 82 84 85 86 91 94 96 
58: 0 4 8 13 14 15 17 24 30 31 32 34 35 38 44 50 52 55 60 62 64 65 69 71 72 74 75 76 81 83 86 89 91 95 97 99 
59: 0 3 4 9 10 11 14 16 19 21 22 23 25 27 29 30 33 34 35 36 37 43 46 50 57 60 61 64 65 67 72 81 83 92 98 
60: 2 4 10 11 14 16 18 20 21 25 26 27 33 41 43 45 48 49 50 51 58 59 61 65 67 75 77 78 82 83 93 
61: 0 1 7 8 9 11 12 14 20 24 26 27 30 31 33 35 39 46 50 51 55 56 57 59 60 63 64 69 73 74 76 78 81 83 87 91 94 96 
62: 1 6 7 10 14 23 24 26 33 36 44 46 48 51 55 57 58 70 72 75 82 85 86 98 99 
63: 2 3 14 16 17 18 21 22 30 35 37 38 42 47 54 56 61 65 75 76 85 87 91 92 
64: 17 20 22 24 26 30 32 34 43 48 51 53 54 56 57 58 59 61 66 67 68 71 89 91 97 98 99 
65: 0 4 5 6 9 13 14 17 18 20 21 22 29 30 34 37 41 44 45 49 55 58 59 60 63 68 73 75 76 79 80 81 87 89 92 94 
66: 3 7 11 13 14 20 21 28 34 38 46 47 51 56 64 67 69 71 72 78 82 85 91 96 97 
67: 4 12 13 17 22 28 30 31 32 33 34 35 37 46 54 57 59 60 64 66 69 74 77 79 83 84 89 91 94 
68: 3 6 7 10 13 14 24 34 36 42 43 49 51 52 54 57 64 65 74 78 79 80 85 87 88 91 92 94 
69: 5 6 7 24 26 32 36 38 39 42 43 47 51 55 56 58 61 66 67 71 77 81 90 93 99 
70: 2 3 4 13 14 17 21 22 25 30 36 42 43 44 45 46 48 51 54 62 73 75 82 86 87 89 95 99 
71: 2 4 8 14 16 17 21 22 27 28 29 31 39 42 45 50 51 52 56 58 64 66 69 76 78 79 81 88 89 91 94 97 99 
72: 2 3 4 5 9 11 12 13 14 15 19 20 23 25 28 29 30 31 33 36 37 39 44 45 52 57 58 59 62 66 74 75 77 82 83 84 94 99 
73: 7 9 12 15 16 24 27 30 34 35 37 38 41 44 45 50 54 61 65 70 75 85 88 94 95 99 
74: 2 3 5 6 7 11 15 16 19 21 24 27 33 34 38 40 44 45 48 51 58 61 67 68 72 76 79 80 87 89 91 94 99 
75: 1 3 5 7 10 15 16 22 25 41 44 50 51 56 57 58 60 62 63 65 70 72 73 80 82 88 92 95 
76: 3 6 13 16 20 26 33 35 43 45 47 53 54 55 57 58 61 63 65 71 74 77 79 81 84 86 88 91 92 94 98 99 
77: 2 3 6 13 20 21 22 24 26 27 28 30 32 33 43 46 49 51 55 57 60 67 69 72 76 85 86 90 95 99 
78: 2 4 11 14 19 20 22 26 28 37 39 44 53 56 60 61 66 68 71 79 80 81 82 89 90 91 93 
79: 0 1 2 5 9 10 14 22 32 35 37 39 42 44 46 47 49 50 51 54 56 65 67 68 71 74 76 78 81 83 98 
80: 0 1 4 17 21 22 26 28 31 32 35 36 43 47 53 55 65 68 74 75 78 82 84 85 86 88 89 90 91 97 
81: 1 2 3 4 6 7 10 11 19 20 21 24 29 38 51 52 54 58 59 61 65 69 71 76 78 79 83 84 90 91 95 96 98 99 
82: 2 3 12 13 22 30 31 33 34 35 38 41 43 45 51 55 57 60 62 66 70 72 75 78 80 86 89 91 94 95 98 
83: 0 1 3 6 8 10 13 15 16 22 31 34 36 39 40 41 42 51 52 56 58 59 60 61 67 72 79 81 86 87 89 93 95 97 
84: 0 1 6 10 11 13 16 17 20 22 25 28 32 33 40 41 45 53 55 57 67 72 76 80 81 87 88 94 96 97 
85: 2 5 6 18 20 21 25 27 28 31 33 34 35 36 38 39 41 42 45 47 48 49 51 52 57 62 63 66 68 73 77 80 87 93 95 96 99 
86: 1 2 6 7 11 12 13 16 20 22 24 28 29 30 35 41 42 43 49 52 54 56 57 58 62 70 76 77 80 82 83 88 91 
87: 0 2 3 8 14 17 24 26 33 34 35 38 42 45 51 54 61 63 65 68 70 74 83 84 85 91 96 99 
88: 0 11 12 13 19 21 25 34 35 39 41 50 68 71 73 75 76 80 84 86 90 
89: 0 7 15 17 24 27 30 31 32 33 34 35 40 43 44 47 52 55 58 64 65 67 70 71 74 78 80 82 83 90 94 95 97 
90: 0 3 5 7 11 14 16 17 24 30 34 36 41 43 51 55 69 77 78 80 81 88 89 93 98 
91: 1 5 11 15 17 23 25 29 32 33 35 41 42 44 46 53 54 57 58 61 63 64 66 67 68 71 74 76 78 80 81 82 86 87 94 95 96 
92: 0 9 10 16 23 28 29 31 33 35 36 43 52 59 63 65 68 75 76 94 95 97 98 
93: 1 7 9 14 15 19 20 21 29 32 35 39 41 43 48 49 50 51 53 54 60 69 78 83 85 90 95 98 
94: 0 3 4 5 8 10 11 27 28 30 34 35 51 54 55 57 61 65 67 68 71 72 73 74 76 82 84 89 91 92 98 
95: 2 9 14 18 19 21 22 26 28 29 30 38 39 40 46 49 50 51 53 58 70 73 75 77 81 82 83 85 89 91 92 93 96 98 
96: 2 4 5 7 10 14 17 25 26 29 34 37 38 39 40 44 48 49 51 52 55 56 57 61 66 81 84 85 87 91 95 97 98 
97: 3 9 11 21 26 32 33 43 45 47 48 54 55 58 64 66 71 80 83 84 89 92 96 99 
98: 1 5 6 11 15 24 33 38 50 55 59 62 64 76 79 81 82 90 92 93 94 95 96 
99: 0 10 12 14 15 19 25 28 29 30 36 37 38 48 49 51 52 54 55 58 62 64 69 70 71 72 73 74 76 77 81 85 87 97 
0: 6
1: 5
2: 7
3: 6
4: 1
5: 8
6: 8
7: 5
8: 6
9: 1
10: 3
11: 10
12: 6
13: 8
14: 5
15: 3
16: 3
17: 2
18: 10
19: 7
20: 2
21: 2
22: 8
23: 9
24: 1
25: 7
26: 7
27: 4
28: 8
29: 2
30: 4
31: 3
32: 8
33: 2
34: 10
35: 8
36: 1
37: 7
38: 3
39: 7
40: 8
41: 7
42: 8
43: 5
44: 4
45: 2
46: 7
47: 8
48: 6
49: 9
50: 4
51: 9
52: 2
53: 2
54: 7
55: 5
56: 10
57: 3
58: 8
59: 7
60: 6
61: 3
62: 2
63: 6
64: 5
65: 1
66: 3
67: 5
68: 8
69: 5
70: 3
71: 7
72: 4
73: 10
74: 1
75: 7
76: 4
77: 10
78: 7
79: 9
80: 8
81: 10
82: 7
83: 9
84: 1
85: 5
86: 3
87: 1
88: 9
89: 2
90: 9
91: 6
92: 5
93: 10
94: 1
95: 1
96: 3
97: 4
98: 7
99: 10
