200
0: 29 123 155 131 65 71 9
1: 87 182 66 197 193 89
2: 62 61 45 145
3: 18 121 39 136 134 80
4: 77 81 45 145
5: 19 28 77 56 7
6: 57 7 103 163 51 78
7: 47 51 70 103 77 56 5 6
8: 107 80 89 86
9: 186 29 60 131 199 0
10: 111 99 30
11: 151 128 181 196 199 60
12: 64 129 126 171 111
13: 63 150 31 141 38 16
14: 174 138 75 135 102
15: 102 138 150
16: 191 38 141 42 13
17: 106 100 125 192 144 154 119
18: 30 121 134 99 3
19: 77 198 81 178 28 20 5
20: 119 198 183 52 154 178 19
21: 44 165 148 92 174 158
22: 116 126 161 110 64
23: 177 79 196 190 185 32 192
24: 90 127 153 82 187 75 155
25: 120 40 112 114 168 137 59 76
26: 58 33
27: 142 85 54 37 198 154 103
28: 56 198 5 19
29: 48 123 115 199 0 9
30: 50 117 111 87 99 66 134 10 18
31: 63 102 82 169 150 75 13
32: 192 185 23
33: 188 58 86 121 189 80 26
34: 130 136 39 43 134 197 66
35: 53 108 164 46
36: 110 73 68 133 146
37: 67 142 176 57 179 103 49 27
38: 170 63 169 191 13 16
39: 134 136 3 34
40: 59 120 113 25
41: 152 72 84
42: 191 98 177 141 167 190 16
43: 107 130 80 136 34
44: 92 158 21
45: 62 73 145 140 2 4
46: 143 164 174 138 53 165 35
47: 70 103 7
48: 115 199 190 170 29
49: 67 54 181 196 142 37
50: 66 134 30
51: 166 163 172 175 97 6 7
52: 119 106 139 173 157 183 20
53: 184 72 162 138 108 109 35 46
54: 125 154 192 196 142 27 49
55: 139 157 195
56: 85 70 198 5 7 28
57: 78 103 176 6 37
58: 101 158 188 88 26 33
59: 76 167 144 113 100 171 195 25 40
60: 151 95 91 128 186 199 9 11
61: 104 93 160 96 62 178 145 140 2
62: 140 2 45 61
63: 169 13 31 38
64: 111 99 110 126 68 12 22
65: 123 82 155 0
66: 105 197 134 149 87 1 30 34 50
67: 179 181 37 49
68: 99 73 110 36 64
69: 168 117 137
70: 85 103 7 47 56
71: 155 90 131 0
72: 101 84 152 109 189 108 41 53
73: 121 140 118 133 99 36 45 68
74: 98 141 94 114 162
75: 135 153 82 102 14 24 31
76: 167 98 114 25 59
77: 81 4 5 7 19
78: 176 163 6 57
79: 196 192 23
80: 136 107 121 86 3 8 33 43
81: 145 178 83 4 19 77
82: 169 123 155 170 24 31 65 75
83: 160 178 145 93 81
84: 152 193 109 112 41 72
85: 198 103 27 56 70
86: 189 89 8 33 80
87: 182 112 117 1 30 66
88: 143 165 164 108 158 101 58
89: 107 193 197 189 1 8 86
90: 187 132 155 131 24 71
91: 122 147 175 176 124 128 95 60
92: 159 148 21 44
93: 145 160 61 83
94: 162 109 114 74
95: 132 122 186 180 131 60 91
96: 183 156 104 161 140 61
97: 172 187 132 180 51
98: 114 167 141 42 74 76
99: 111 121 10 18 30 64 68 73
100: 192 185 167 144 17 59
101: 188 108 189 58 72 88
102: 150 138 14 15 31 75
103: 6 7 27 37 47 57 70 85
104: 178 183 61 96
105: 149 66
106: 144 119 139 17 52
107: 197 130 8 43 80 89
108: 164 35 53 72 88 101
109: 114 112 162 53 72 84 94
110: 146 161 118 22 36 64 68
111: 117 129 10 12 30 64 99
112: 182 114 168 117 193 25 84 87 109
113: 120 137 171 40 59
114: 25 74 76 94 98 109 112
115: 170 123 29 48
116: 157 173 161 126 195 22
117: 129 171 168 137 30 69 87 111 112
118: 133 140 161 146 73 110
119: 154 17 20 52 106
120: 137 25 40 113
121: 3 18 33 73 80 99
122: 180 124 91 95
123: 170 0 29 65 82 115
124: 180 172 175 91 122
125: 154 192 17 54
126: 171 195 12 22 64 116
127: 153 187 24
128: 147 181 151 11 60 91
129: 171 12 111 117
130: 197 34 43 107
131: 186 132 0 9 71 90 95
132: 180 187 90 95 97 131
133: 146 36 73 118
134: 3 18 30 34 39 50 66
135: 194 148 153 174 14 75
136: 3 34 39 43 80
137: 168 171 25 69 113 117 120
138: 174 150 184 14 15 46 53 102
139: 144 195 157 52 55 106
140: 161 45 61 62 73 96 118
141: 184 150 162 13 16 42 74 98
142: 27 37 49 54
143: 164 165 46 88
144: 195 17 59 100 106 139
145: 2 4 45 61 81 83 93
146: 36 110 118 133
147: 176 179 181 91 128
148: 159 194 153 174 21 92 135
149: 66 105
150: 184 13 15 31 102 138 141
151: 11 60 128
152: 189 193 41 72 84
153: 194 159 187 24 75 127 135 148
154: 198 17 20 27 54 119 125
155: 0 24 65 71 82 90
156: 173 161 183 96
157: 195 173 52 55 116 139
158: 165 21 44 58 88
159: 187 92 148 153
160: 178 61 83 93
161: 173 22 96 110 116 118 140 156
162: 184 53 74 94 109 141
163: 175 176 6 51 78
164: 35 46 88 108 143
165: 174 21 46 88 143 158
166: 175 172 51
167: 185 177 42 59 76 98 100
168: 25 69 112 117 137
169: 170 31 38 63 82
170: 190 191 38 48 82 115 123 169
171: 195 12 59 113 117 126 129 137
172: 175 180 51 97 124 166
173: 183 52 116 156 157 161
174: 14 21 46 135 138 148 165
175: 176 51 91 124 163 166 172
176: 179 37 57 78 91 147 163 175
177: 185 190 23 42 167
178: 183 19 20 61 81 83 104 160
179: 181 37 67 147 176
180: 95 97 122 124 132 172
181: 196 11 49 67 128 147 179
182: 193 1 87 112
183: 20 52 96 104 156 173 178
184: 53 138 141 150 162
185: 192 23 32 100 167 177
186: 9 60 95 131
187: 24 90 97 127 132 153 159
188: 189 33 58 101
189: 193 33 72 86 89 101 152 188
190: 191 199 196 23 42 48 170 177
191: 16 38 42 170 190
192: 196 17 23 32 54 79 100 125 185
193: 1 84 89 112 152 182 189
194: 135 148 153
195: 55 59 116 126 139 144 157 171
196: 199 11 23 49 54 79 181 190 192
197: 1 34 66 89 107 130
198: 19 20 27 28 56 85 154
199: 9 11 29 48 60 190 196
0: 3
1: 6
2: 7
3: 9
4: 3
5: 5
6: 7
7: 7
8: 5
9: 9
10: 8
11: 4
12: 3
13: 9
14: 5
15: 1
16: 9
17: 5
18: 3
19: 2
20: 4
21: 8
22: 8
23: 4
24: 6
25: 4
26: 4
27: 2
28: 7
29: 4
30: 5
31: 4
32: 9
33: 1
34: 4
35: 8
36: 7
37: 8
38: 7
39: 5
40: 8
41: 4
42: 8
43: 4
44: 2
45: 4
46: 6
47: 4
48: 4
49: 4
50: 2
51: 8
52: 6
53: 4
54: 8
55: 7
56: 3
57: 5
58: 5
59: 9
60: 5
61: 5
62: 9
63: 8
64: 7
65: 8
66: 9
67: 1
68: 1
69: 1
70: 8
71: 4
72: 1
73: 3
74: 8
75: 5
76: 9
77: 3
78: 9
79: 2
80: 5
81: 2
82: 4
83: 8
84: 9
85: 5
86: 1
87: 1
88: 3
89: 2
90: 2
91: 7
92: 8
93: 9
94: 3
95: 4
96: 9
97: 5
98: 5
99: 2
100: 1
101: 6
102: 6
103: 7
104: 4
105: 8
106: 9
107: 8
108: 7
109: 2
110: 8
111: 2
112: 1
113: 3
114: 7
115: 8
116: 1
117: 9
118: 5
119: 6
120: 5
121: 9
122: 6
123: 3
124: 9
125: 8
126: 3
127: 4
128: 8
129: 6
130: 4
131: 8
132: 2
133: 2
134: 2
135: 4
136: 3
137: 7
138: 2
139: 6
140: 9
141: 8
142: 7
143: 9
144: 2
145: 7
146: 3
147: 9
148: 9
149: 2
150: 7
151: 3
152: 2
153: 1
154: 4
155: 3
156: 9
157: 1
158: 1
159: 3
160: 6
161: 3
162: 2
163: 9
164: 6
165: 7
166: 8
167: 5
168: 3
169: 6
170: 4
171: 8
172: 5
173: 3
174: 3
175: 7
176: 7
177: 6
178: 6
179: 2
180: 3
181: 7
182: 1
183: 3
184: 7
185: 8
186: 7
187: 9
188: 6
189: 6
190: 8
191: 1
192: 6
193: 1
194: 6
195: 3
196: 3
197: 6
198: 2
199: 4
