300
0: 241 287 266 272 31 230
1: 43 89 130
2: 62 133 202
3: 219 140 261 45 205 118
4: 149 211 22 249 227 295
5: 8 137 52 43
6: 179 31 162 190 46 57 210 240
7: 189 200 106 58 271
8: 52 43 5
9: 174 250 246
10: 99 61 134 146 18 257 228 39
11: 158 170 269 29 14 143 275
12: 104 50 202 160 156 237 93
13: 158 275
14: 284 29 235 170 11
15: 138 214 165
16: 46 57 181
17: 84 41 193 144
18: 228 73 99 256 61 10
19: 168 197 217 25 40 119 28
20: 182 195 273 154 193
21: 65 127 186 97 253 231
22: 81 83 227 145 295 4
23: 108 26 109 181 67 213 210 294
24: 194 172
25: 40 56 119 86 19
26: 109 167 259 108 23
27: 265 264 225 37 154 259 41
28: 112 168 157 223 40 80 19
29: 91 158 284 102 11 14
30: 262 220 247 34 285 36 105 93
31: 151 230 169 147 46 287 190 0 6
32: 240 290 162 33 142
33: 114 142 276 268 290 32
34: 130 220 43 93 30
35: 53 196 185 224 274
36: 270 247 105 30
37: 225 53 259 108 269 143 27
38: 215 48 170 196 235
39: 134 136 77 61 129 96 254 55 217 10
40: 112 56 19 25 28
41: 265 84 154 193 17 27
42: 79 164 98 103 184 299
43: 52 137 89 93 130 113 183 1 5 8 34
44: 92 90 221 266 208 95
45: 219 281 205 3
46: 147 57 181 6 16 31
47: 152 103 101 54 76 56
48: 82 235 215 150 174 38
49: 74 242 274 177
50: 160 267 104 183 12
51: 292 122 244 169 123 289 234
52: 120 232 137 89 279 5 8 43
53: 269 185 196 264 225 35 37
54: 216 299 103 56 290 162 47
55: 195 273 217 129 85 107 39
56: 112 86 290 223 152 25 40 47 54
57: 213 179 210 181 6 16 46
58: 238 141 271 200 177 7
59: 222 248 198 279 144 113 120 84
60: 115 163 75 201 63
61: 291 96 126 145 256 10 18 39
62: 202 133 245 297 2
63: 115 128 163 263 60
64: 262 285 93
65: 253 186 199 21
66: 249 117 161 100 236
67: 108 143 294 23
68: 133 297 121 111 245 283
69: 87 107 173 195 116 182
70: 154 259 85 109 273 167
71: 243 180 91 286 155
72: 100 282 76 212
73: 99 256 121 257 281 18
74: 224 274 242 49
75: 131 201 115 172 148 60
76: 101 212 152 100 236 47 72
77: 254 39
78: 191 263
79: 184 190 176 164 42
80: 260 157 236 223 171 117 28
81: 178 197 83 157 295 22
82: 174 246 150 186 166 48
83: 145 178 22 81
84: 265 192 188 248 144 17 41 59
85: 86 276 109 217 268 273 55 70
86: 268 290 119 217 25 56 85
87: 173 107 69
88: 141 231 199 177 150
89: 209 252 139 130 232 1 43 52
90: 95 286 155 221 92 187 44
91: 180 241 155 214 284 102 239 29 71
92: 203 187 208 44 90
93: 262 285 156 183 202 12 30 34 43 64
94: 185 192 264
95: 221 44 90
96: 296 291 136 39 61
97: 127 159 21
98: 212 103 164 263 101 42
99: 228 257 10 18 73
100: 236 161 298 282 66 72 76
101: 212 103 47 76 98
102: 158 214 294 165 275 29 91
103: 299 42 47 54 98 101
104: 156 183 12 50
105: 220 252 130 139 200 238 270 30 36
106: 232 229 189 139 200 255 209 7
107: 195 129 173 55 69 87
108: 143 259 23 26 37 67
109: 167 210 276 23 26 70 85
110: 118 256 278 205 140
111: 283 133 129 146 237 173 68
112: 223 28 40 56
113: 279 144 182 183 137 43 59
114: 276 210 142 240 33
115: 131 298 263 60 63 75
116: 173 183 237 182 267 69
117: 211 249 149 171 236 66 80
118: 140 227 261 256 249 3 110
119: 217 19 25 86
120: 255 198 232 279 52 59
121: 257 146 283 245 68 73
122: 175 289 123 51
123: 175 169 201 176 51 122
124: 218 172 289 175
125: 248 271 229 242 188
126: 178 291 197 145 61
127: 288 159 186 21 97
128: 176 263 163 164 201 63
129: 134 173 146 39 55 107 111
130: 252 220 1 34 43 89 105
131: 298 148 75 115
132: 280 234 208 203 148 187 244
133: 202 297 237 2 62 68 111
134: 146 10 39 129
135: 250 235 284 246 239 153
136: 296 217 197 39 96
137: 279 5 43 52 113
138: 287 147 165 214 15
139: 209 252 200 89 105 106
140: 205 3 110 118
141: 177 238 231 58 88
142: 240 32 33 114
143: 294 275 269 11 37 67 108
144: 193 182 17 59 84 113
145: 227 178 256 22 61 83 126
146: 283 257 10 111 121 129 134
147: 151 287 181 165 31 46 138
148: 172 280 75 131 132
149: 211 249 4 117
150: 199 177 186 274 215 48 82 88
151: 287 31 147
152: 223 236 47 56 76
153: 239 233 159 288 246 226 135
154: 273 193 259 20 27 41 70
155: 243 221 241 286 71 90 91
156: 183 12 93 104
157: 168 260 295 197 28 80 81
158: 275 11 13 29 102
159: 233 288 97 127 153
160: 237 267 12 50
161: 261 249 298 219 66 100
162: 216 290 240 184 190 6 32 54
163: 201 60 63 128
164: 176 263 42 79 98 128
165: 181 214 294 15 102 138 147
166: 288 186 246 82
167: 259 26 70 109
168: 197 19 28 157
169: 230 292 176 190 31 51 123
170: 269 235 196 11 14 38
171: 211 260 295 80 117
172: 175 194 201 280 218 24 75 124 148
173: 237 69 87 107 111 116 129
174: 246 250 235 9 48 82
175: 201 289 122 123 124 172
176: 201 190 79 123 128 164 169
177: 242 271 274 49 58 88 141 150
178: 197 81 83 126 145
179: 210 6 57
180: 258 286 239 187 71 91
181: 294 213 16 23 46 57 147 165
182: 193 195 183 20 69 113 116 144
183: 267 43 50 93 104 113 116 156 182
184: 190 299 216 42 79 162
185: 224 188 264 192 35 53 94
186: 288 199 21 65 82 127 150 166
187: 286 258 203 90 92 132 180
188: 192 224 248 242 84 125 185
189: 229 271 7 106
190: 6 31 79 162 169 176 184
191: 263 78
192: 265 264 84 94 185 188
193: 17 20 41 144 154 182
194: 24 172
195: 273 20 55 69 107 182
196: 274 215 269 35 38 53 170
197: 291 217 296 19 81 126 136 157 168 178
198: 222 255 229 248 59 120
199: 253 231 65 88 150 186
200: 238 7 58 105 106 139
201: 60 75 123 128 163 172 175 176
202: 245 285 237 251 2 12 62 93 133
203: 208 92 132 187
204: 207 251
205: 206 281 278 3 45 110 140
206: 281 278 205
207: 251 204
208: 244 272 266 44 92 132 203
209: 232 89 106 139
210: 240 213 276 6 23 57 109 114 179
211: 295 4 117 149 171
212: 263 282 72 76 98 101
213: 23 57 181 210
214: 287 241 15 91 102 138 165
215: 274 38 48 150 196
216: 299 54 162 184
217: 19 39 55 85 86 119 136 197
218: 289 280 124 172
219: 261 3 45 161
220: 30 34 105 130
221: 266 241 44 90 95 155
222: 59 198
223: 236 28 56 80 112 152
224: 274 242 35 74 185 188
225: 264 27 37 53
226: 258 239 233 153
227: 249 256 4 22 118 145
228: 10 18 99
229: 255 248 271 106 125 189 198
230: 272 292 0 31 169
231: 238 253 21 88 141 199
232: 255 52 89 106 120 209
233: 153 159 226
234: 244 280 289 51 132
235: 250 284 14 38 48 135 170 174
236: 66 76 80 100 117 152 223
237: 267 12 111 116 133 160 173 202
238: 58 105 141 200 231
239: 258 284 91 135 153 180 226
240: 6 32 114 142 162 210
241: 266 287 0 91 155 214 221
242: 271 49 74 125 177 188 224
243: 286 71 155
244: 272 292 51 132 208 234
245: 297 251 62 68 121 202
246: 250 288 9 82 135 153 166 174
247: 277 270 285 293 30 36
248: 59 84 125 188 198 229
249: 261 4 66 117 118 149 161 227
250: 9 135 174 235 246
251: 293 277 285 202 204 207 245
252: 89 105 130 139
253: 21 65 199 231
254: 39 77
255: 106 120 198 229 232
256: 278 281 18 61 73 110 118 145 227
257: 10 73 99 121 146
258: 180 187 226 239
259: 26 27 37 70 108 154 167
260: 295 80 157 171
261: 3 118 161 219 249
262: 285 30 64 93
263: 298 282 63 78 98 115 128 164 191 212
264: 265 27 53 94 185 192 225
265: 27 41 84 192 264
266: 272 0 44 208 221 241
267: 50 116 160 183 237
268: 290 276 33 85 86
269: 11 37 53 143 170 196
270: 277 36 105 247
271: 7 58 125 177 189 229 242
272: 292 0 208 230 244 266
273: 20 55 70 85 154 195
274: 35 49 74 150 177 196 215 224
275: 294 11 13 102 143 158
276: 33 85 109 114 210 268
277: 293 247 251 270
278: 281 110 205 206 256
279: 52 59 113 120 137
280: 289 132 148 172 218 234
281: 45 73 205 206 256 278
282: 298 72 100 212 263
283: 68 111 121 146
284: 14 29 91 135 235 239
285: 293 30 64 93 202 247 251 262
286: 71 90 155 180 187 243
287: 0 31 138 147 151 214 241
288: 127 153 159 166 186 246
289: 51 122 124 175 218 234 280
290: 32 33 54 56 86 162 268
291: 296 61 96 126 197
292: 51 169 230 244 272
293: 247 251 277 285
294: 23 67 102 143 165 181 275
295: 4 22 81 157 171 211 260
296: 96 136 197 291
297: 62 68 133 245
298: 100 115 131 161 263 282
299: 42 54 103 184 216
0: 6
1: 1
2: 6
3: 7
4: 2
5: 6
6: 8
7: 3
8: 7
9: 1
10: 3
11: 5
12: 8
13: 6
14: 3
15: 2
16: 9
17: 8
18: 3
19: 4
20: 1
21: 1
22: 9
23: 2
24: 2
25: 6
26: 3
27: 9
28: 6
29: 4
30: 7
31: 1
32: 2
33: 6
34: 2
35: 3
36: 9
37: 7
38: 3
39: 6
40: 2
41: 2
42: 2
43: 3
44: 6
45: 1
46: 1
47: 9
48: 8
49: 8
50: 6
51: 2
52: 1
53: 6
54: 3
55: 3
56: 1
57: 5
58: 3
59: 6
60: 8
61: 2
62: 8
63: 7
64: 9
65: 4
66: 6
67: 7
68: 9
69: 3
70: 3
71: 9
72: 4
73: 9
74: 2
75: 2
76: 5
77: 7
78: 1
79: 8
80: 4
81: 5
82: 1
83: 1
84: 9
85: 9
86: 4
87: 9
88: 4
89: 1
90: 1
91: 8
92: 2
93: 7
94: 2
95: 3
96: 2
97: 1
98: 7
99: 6
100: 3
101: 4
102: 2
103: 8
104: 9
105: 9
106: 6
107: 2
108: 7
109: 4
110: 4
111: 2
112: 2
113: 7
114: 6
115: 8
116: 3
117: 6
118: 9
119: 3
120: 9
121: 1
122: 6
123: 3
124: 7
125: 9
126: 6
127: 3
128: 8
129: 3
130: 7
131: 9
132: 7
133: 1
134: 1
135: 4
136: 9
137: 7
138: 2
139: 5
140: 5
141: 2
142: 7
143: 8
144: 5
145: 5
146: 5
147: 3
148: 9
149: 4
150: 4
151: 9
152: 6
153: 7
154: 7
155: 4
156: 7
157: 8
158: 7
159: 6
160: 1
161: 2
162: 9
163: 3
164: 3
165: 5
166: 1
167: 7
168: 1
169: 4
170: 9
171: 2
172: 9
173: 1
174: 3
175: 3
176: 7
177: 4
178: 1
179: 4
180: 8
181: 1
182: 8
183: 6
184: 7
185: 6
186: 8
187: 6
188: 1
189: 2
190: 5
191: 1
192: 9
193: 2
194: 3
195: 6
196: 6
197: 9
198: 8
199: 5
200: 1
201: 3
202: 4
203: 8
204: 8
205: 3
206: 4
207: 6
208: 9
209: 3
210: 3
211: 9
212: 8
213: 3
214: 4
215: 4
216: 8
217: 3
218: 1
219: 7
220: 7
221: 8
222: 3
223: 5
224: 6
225: 8
226: 2
227: 7
228: 9
229: 9
230: 6
231: 9
232: 5
233: 4
234: 4
235: 7
236: 8
237: 6
238: 3
239: 4
240: 6
241: 9
242: 4
243: 4
244: 8
245: 6
246: 8
247: 3
248: 1
249: 1
250: 3
251: 8
252: 1
253: 6
254: 5
255: 3
256: 5
257: 7
258: 8
259: 2
260: 4
261: 7
262: 6
263: 2
264: 3
265: 8
266: 8
267: 7
268: 2
269: 2
270: 6
271: 4
272: 8
273: 4
274: 4
275: 2
276: 5
277: 8
278: 1
279: 4
280: 5
281: 7
282: 6
283: 1
284: 4
285: 1
286: 5
287: 6
288: 6
289: 5
290: 9
291: 7
292: 3
293: 8
294: 5
295: 6
296: 9
297: 5
298: 3
299: 4
