100
0: 99 85 31 58
1: 41 7 90 55 17 95 56 74
2: 94 98 25 47 70 86
3: 6 69 49 59 5 58
4: 96 90 49 67
5: 58 76 49 93 92 3
6: 69 67 15 49 3
7: 74 41 37 25 94 1
8: 24 19 29 77 11 43
9: 61 46 56
10: 89 52 35 73 55
11: 43 24 54 75 88 29 8
12: 64 35 92 55 83 89 81
13: 20 88
14: 23 51 18 47
15: 34 69 79 67 65 22 6
16: 42 62 31 27 33
17: 46 95 29 56 61 72 1
18: 44 47 82 51 78 14
19: 98 86 57 24 70 75 77 8
20: 60 42 88 32 68 53 13
21: 70 61 77 29
22: 74 65 79 63 37 66 15
23: 47 57 51 86 14
24: 43 75 8 11 19
25: 37 47 82 94 2 7
26: 72 84 95 54 68 87
27: 83 33 40 31 16
28: 45 78 50 59 34 65 63
29: 77 80 61 72 54 8 11 17 21
30: 48 71 32 62 42
31: 40 91 99 42 0 16 27
32: 53 71 42 87 20 30
33: 62 35 83 48 16 27
34: 65 59 69 15 28
35: 89 83 97 52 36 48 10 12 33
36: 97 52 71 73 87 35
37: 66 82 74 7 22 25
38: 39 71
39: 71 38
40: 91 83 27 31
41: 56 61 94 1 7
42: 62 16 20 30 31 32
43: 8 11 24
44: 78 66 50 82 18
45: 59 78 28
46: 56 61 9 17
47: 82 86 2 14 18 23 25
48: 62 97 71 30 33 35
49: 76 90 81 67 3 4 5 6
50: 63 66 78 28 44
51: 57 78 75 14 18 23
52: 73 10 35 36
53: 87 60 68 20 32
54: 80 88 72 84 11 26 29
55: 89 90 73 81 95 1 10 12
56: 61 1 9 17 41 46
57: 86 75 19 23 51
58: 85 92 0 3 5
59: 69 78 3 28 34 45
60: 68 20 53
61: 70 94 9 17 21 29 41 46 56
62: 16 30 33 42 48
63: 66 65 22 28 50
64: 93 92 81 12
65: 15 22 28 34 63
66: 82 22 37 44 50 63
67: 79 96 4 6 15 49
68: 87 84 88 20 26 53 60
69: 3 6 15 34 59
70: 77 98 94 2 19 21 61
71: 97 87 30 32 36 38 39 48
72: 95 17 26 29 54
73: 87 95 10 36 52 55
74: 90 79 1 7 22 37
75: 11 19 24 51 57
76: 81 93 5 49
77: 8 19 21 29 70
78: 18 28 44 45 50 51 59
79: 90 96 15 22 67 74
80: 29 54
81: 93 90 12 49 55 64 76
82: 18 25 37 44 47 66
83: 91 92 12 27 33 35 40
84: 88 26 54 68
85: 92 91 99 0 58
86: 98 2 19 23 47 57
87: 95 26 32 36 53 68 71 73
88: 11 13 20 54 68 84
89: 10 12 35 55
90: 96 1 4 49 55 74 79 81
91: 99 92 31 40 83 85
92: 93 5 12 58 64 83 85 91
93: 5 64 76 81 92
94: 2 7 25 41 61 70
95: 1 17 26 55 72 73 87
96: 4 67 79 90
97: 35 36 48 71
98: 2 19 70 86
99: 0 31 85 91
0: 1
1: 9
2: 2
3: 1
4: 8
5: 4
6: 3
7: 3
8: 5
9: 4
10: 2
11: 8
12: 2
13: 3
14: 4
15: 6
16: 6
17: 2
18: 6
19: 1
20: 8
21: 2
22: 1
23: 8
24: 7
25: 8
26: 1
27: 2
28: 2
29: 9
30: 3
31: 4
32: 2
33: 3
34: 3
35: 4
36: 1
37: 9
38: 6
39: 5
40: 7
41: 2
42: 5
43: 7
44: 9
45: 2
46: 4
47: 4
48: 5
49: 8
50: 7
51: 2
52: 6
53: 5
54: 6
55: 8
56: 5
57: 6
58: 3
59: 8
60: 5
61: 7
62: 8
63: 9
64: 7
65: 9
66: 7
67: 3
68: 5
69: 2
70: 9
71: 1
72: 1
73: 4
74: 3
75: 1
76: 7
77: 4
78: 5
79: 6
80: 3
81: 9
82: 1
83: 1
84: 6
85: 5
86: 9
87: 1
88: 2
89: 7
90: 7
91: 3
92: 8
93: 9
94: 2
95: 5
96: 6
97: 3
98: 5
99: 8
