20 
133 
16  3  
8  16  
4  16  
15  16  
1  8  
9  8  
7  9  
18  15  
19  7  
12  16  
17  1  
11  8  
13  8  
2  16  
0  2  
10  9  
5  9  
14  16  
6  13  
2  9  
13  1  
19  4  
17  18  
4  15  
10  13  
6  11  
0  16  
13  2  
10  16  
1  5  
5  4  
7  16  
5  6  
9  13  
17  4  
15  2  
5  14  
7  14  
4  3  
10  7  
18  8  
11  14  
19  12  
8  19  
12  6  
6  14  
19  15  
10  14  
18  7  
2  17  
16  1  
0  6  
9  4  
19  0  
9  11  
11  1  
15  9  
16  17  
3  19  
4  8  
11  12  
9  3  
19  10  
15  0  
9  16  
3  18  
0  14  
11  7  
5  19  
11  17  
8  15  
1  18  
17  15  
13  18  
8  3  
3  13  
18  6  
0  4  
3  10  
10  5  
19  14  
6  9  
7  15  
11  2  
3  6  
8  0  
10  18  
5  0  
6  2  
5  8  
18  4  
10  8  
11  13  
1  19  
16  19  
15  6  
6  4  
0  10  
7  5  
12  8  
10  2  
7  6  
12  1  
11  0  
8  7  
10  4  
18  0  
4  2  
1  10  
4  12  
5  2  
2  18  
15  14  
2  19  
4  13  
7  4  
1  2  
9  12  
18  16  
6  8  
9  0  
17  9  
17  13  
5  12  
8  17  
1  0  
2  14  
17  19  
2  8  
3  0  
1  7  
18  19  
11  15
52
51
64
8
96
81
42
17
76
84
89
12
15
16
11
92
90
75
7
87  
