0 84043.0
1 77725.0
2 77347.0
3 76971.0
4 76971.0
5 76597.0
6 76264.0
7 75875.0
8 75487.0
9 75487.0
10 75487.0
11 75487.0
12 75100.0
13 75100.0
14 72440.0
15 72440.0
16 72390.0
17 72068.0
18 70194.0
19 70194.0
20 70194.0
21 70194.0
22 70194.0
23 70194.0
24 69450.0
25 69450.0
26 69450.0
27 69450.0
28 69450.0
29 69450.0
30 69450.0
31 69450.0
32 69450.0
33 69450.0
34 61380.0
35 61032.0
36 60360.0
37 60360.0
38 60360.0
39 60360.0
40 58646.0
41 57967.0
42 57967.0
43 57967.0
44 57967.0
45 57967.0
46 57967.0
47 57967.0
48 57967.0
49 57967.0
50 57967.0
51 57967.0
62 54333.0
63 54333.0
64 54333.0
65 54333.0
66 54333.0
67 54333.0
68 54333.0
69 54333.0
70 54333.0
71 53355.0
72 53355.0
73 53355.0
74 45590.0
75 45590.0
76 45590.0
77 45590.0
78 45292.0
79 45277.0
80 44985.0
81 44708.0
82 44477.0
83 44477.0
84 44477.0
85 44477.0
86 44477.0
87 44477.0
88 44477.0
89 44477.0
90 44477.0
91 44477.0
92 44182.0
93 44182.0
94 44182.0
95 44182.0
96 44182.0
97 44182.0
98 43306.0
99 42726.0
100 42726.0
101 42437.0
102 39355.0
103 39081.0
104 39078.0
105 38809.0
106 38809.0
107 38809.0
108 38809.0
109 38809.0
110 38809.0
111 38809.0
112 38809.0
113 38809.0
114 38809.0
115 38809.0
126 38809.0
127 38809.0
128 38809.0
129 38809.0
130 38809.0
131 38809.0
132 37990.0
133 37990.0
134 37990.0
135 37990.0
136 37990.0
137 37990.0
138 37990.0
139 37990.0
140 37718.0
141 37178.0
142 37178.0
143 37178.0
144 37178.0
145 37178.0
146 37178.0
147 37178.0
148 37178.0
149 36376.0
150 36376.0
151 35584.0
152 35584.0
153 35584.0
154 35584.0
155 35584.0
156 35584.0
157 35584.0
158 35584.0
159 35584.0
160 35584.0
161 35584.0
172 35584.0
173 34031.0
174 34031.0
175 34031.0
176 34031.0
177 31551.0
178 31551.0
179 31314.0
180 31213.0
181 31213.0
182 31213.0
183 31213.0
184 31213.0
185 31213.0
186 31213.0
187 28375.0
188 28375.0
189 28161.0
190 28161.0
191 28161.0
192 28161.0
193 28161.0
194 28161.0
195 28161.0
196 28161.0
197 28161.0
198 28161.0
199 28161.0
210 27929.0
211 27929.0
212 27929.0
213 27929.0
214 27929.0
215 27929.0
216 27929.0
217 27929.0
218 27929.0
219 27929.0
230 23760.0
231 23760.0
232 23563.0
233 23563.0
234 23563.0
235 23379.0
236 23199.0
237 23199.0
238 23199.0
239 23199.0
240 23199.0
241 23199.0
242 23199.0
243 23199.0
244 21166.0
245 21166.0
246 21166.0
247 21166.0
248 21166.0
249 21166.0
250 20769.0
251 20573.0
252 20573.0
253 20573.0
254 20557.0
255 20557.0
256 20557.0
257 20380.0
258 20206.0
259 20206.0
260 19442.0
261 19442.0
262 19433.0
263 19433.0
264 18688.0
265 18688.0
266 18688.0
267 18688.0
268 18688.0
269 18688.0
270 18688.0
271 17956.0
272 17940.0
273 17940.0
274 17940.0
275 17778.0
276 17778.0
277 17778.0
278 17778.0
279 17778.0
280 17778.0
281 17778.0
282 17778.0
283 17778.0
284 17778.0
285 17066.0
286 17066.0
287 17066.0
288 17066.0
289 17066.0
290 17066.0
291 17066.0
292 17066.0
293 17066.0
294 17066.0
295 17066.0
306 17066.0
307 17066.0
308 17066.0
309 17066.0
310 16367.0
311 16360.0
312 16360.0
313 16360.0
314 16360.0
315 16328.0
316 16022.0
317 16001.0
318 16001.0
319 16001.0
320 15851.0
321 15851.0
322 15851.0
323 15851.0
324 15851.0
325 15851.0
326 15851.0
327 15851.0
328 15851.0
329 15851.0
330 15851.0
341 15345.0
342 15189.0
343 15189.0
344 15189.0
345 14384.0
346 14384.0
347 14384.0
348 14384.0
349 14384.0
350 14384.0
351 14384.0
352 14384.0
353 14384.0
354 14223.0
355 14223.0
356 14223.0
357 14223.0
358 14223.0
359 14223.0
360 14223.0
361 14223.0
362 14223.0
363 14223.0
364 14223.0
375 12900.0
376 12763.0
377 12763.0
378 12683.0
379 12683.0
380 12683.0
381 12600.0
382 12600.0
383 12600.0
384 12600.0
385 12600.0
386 12546.0
387 12523.0
388 12523.0
389 12523.0
390 12523.0
391 12523.0
392 12523.0
393 12513.0
394 12513.0
395 12508.0
396 12508.0
397 12508.0
398 12508.0
399 12508.0
400 12508.0
401 12508.0
402 12508.0
403 12508.0
404 12508.0
405 12508.0
416 12266.0
417 12266.0
418 12266.0
419 12266.0
420 12266.0
421 12266.0
422 12266.0
423 12266.0
424 12266.0
425 12266.0
436 12488.0
437 12488.0
438 12488.0
439 12412.0
440 12412.0
441 12412.0
442 12412.0
443 12412.0
444 12407.0
445 12407.0
446 10768.0
447 10768.0
448 10637.0
449 10577.0
450 10577.0
451 10456.0
452 10351.0
453 10351.0
454 10291.0
455 10291.0
456 10291.0
457 10291.0
458 10291.0
459 10291.0
460 10291.0
461 10291.0
462 10291.0
463 10291.0
464 10291.0
475 10271.0
476 10271.0
477 10271.0
478 10271.0
479 10271.0
480 10271.0
481 10271.0
482 10271.0
483 10271.0
484 10271.0
495 9104.0
496 9104.0
497 8999.0
498 8999.0
499 8999.0
500 8999.0
501 8988.0
502 8890.0
503 8890.0
504 8890.0
505 8890.0
506 8890.0
507 8890.0
508 8801.0
509 8801.0
510 8801.0
511 8801.0
512 8801.0
513 8801.0
514 6841.0
515 6841.0
516 6841.0
517 6841.0
518 6841.0
519 6710.0
520 6710.0
521 6710.0
522 6710.0
523 6689.0
524 6689.0
525 6689.0
526 6689.0
527 6689.0
528 6689.0
529 6689.0
530 6630.0
531 6626.0
532 6626.0
533 6626.0
534 6626.0
535 6626.0
536 6626.0
537 6626.0
538 6626.0
539 6626.0
540 6626.0
541 6626.0
552 6668.0
553 6668.0
554 6668.0
555 6668.0
556 6668.0
557 6668.0
558 6668.0
559 6668.0
560 6668.0
561 6668.0
572 6598.0
573 6598.0
574 6598.0
575 6598.0
576 6598.0
577 6598.0
578 6598.0
579 5023.0
580 4962.0
581 4888.0
582 4880.0
583 4874.0
584 4874.0
585 4874.0
586 4871.0
587 4871.0
588 4871.0
589 4871.0
590 4809.0
591 4809.0
592 4809.0
593 4809.0
594 4800.0
595 4800.0
596 4750.0
597 4750.0
598 4750.0
599 4750.0
600 4750.0
601 4726.0
602 4726.0
603 4726.0
604 4726.0
605 4726.0
606 4726.0
607 4726.0
608 4726.0
609 4726.0
610 4726.0
611 4714.0
612 4714.0
613 4714.0
614 4714.0
615 4714.0
616 4714.0
617 4714.0
618 4714.0
619 4714.0
620 4714.0
621 4714.0
632 4714.0
633 4714.0
634 4714.0
635 4714.0
636 4714.0
637 4714.0
638 4714.0
639 4714.0
640 4714.0
641 4714.0
652 3837.0
653 3837.0
654 3837.0
655 3837.0
656 3837.0
657 3830.0
658 3803.0
659 3803.0
660 3792.0
661 3792.0
662 3792.0
663 3792.0
664 3792.0
665 3792.0
666 3771.0
667 3771.0
668 3771.0
669 3771.0
670 3771.0
671 3728.0
672 3728.0
673 3728.0
674 3728.0
675 3728.0
676 3728.0
677 3728.0
678 3728.0
679 3728.0
680 3689.0
681 3689.0
682 3689.0
683 3689.0
684 3689.0
685 3689.0
686 3689.0
687 3689.0
688 3689.0
689 3689.0
690 3689.0
701 3623.0
702 3623.0
703 3623.0
704 3623.0
705 3623.0
706 3623.0
707 3623.0
708 3623.0
709 3623.0
710 3580.0
711 3580.0
712 3571.0
713 3570.0
714 3570.0
715 3570.0
716 3570.0
717 3570.0
718 3567.0
719 3567.0
720 3567.0
721 3525.0
722 3525.0
723 3525.0
724 3525.0
725 3525.0
726 3522.0
727 3522.0
728 3522.0
729 3522.0
730 3522.0
731 3522.0
732 3522.0
733 3522.0
734 3522.0
735 3522.0
736 3522.0
747 2782.0
748 2769.0
749 2769.0
750 2769.0
751 2769.0
752 2767.0
753 2767.0
754 2767.0
755 2767.0
756 2743.0
757 2714.0
758 2714.0
759 2714.0
760 2711.0
761 2711.0
762 2711.0
763 2694.0
764 2694.0
765 2694.0
766 2600.0
767 2596.0
768 2587.0
769 2587.0
770 2587.0
771 2587.0
772 2580.0
773 2580.0
774 2567.0
775 2567.0
776 2567.0
777 2536.0
778 2536.0
779 2531.0
780 2531.0
781 2531.0
782 2531.0
783 2531.0
784 2530.0
785 2530.0
786 2530.0
787 2530.0
788 2530.0
789 2530.0
790 2485.0
791 2485.0
792 2463.0
793 2463.0
794 2463.0
795 2463.0
796 2462.0
797 2462.0
798 2462.0
799 2462.0
800 2462.0
801 2462.0
802 2462.0
803 2462.0
804 2462.0
805 2462.0
806 2462.0
817 2446.0
818 2446.0
819 2446.0
820 2446.0
821 2446.0
822 2446.0
823 2446.0
824 2446.0
825 2446.0
826 2446.0
837 2446.0
838 2446.0
839 2446.0
840 2446.0
841 2446.0
842 2446.0
843 2446.0
844 2446.0
845 2446.0
846 2446.0
857 2397.0
858 2397.0
859 2397.0
860 2397.0
861 2397.0
862 2397.0
863 2397.0
864 2397.0
865 2397.0
866 2397.0
877 2340.0
878 2340.0
879 2340.0
880 2340.0
881 2340.0
882 2340.0
883 2340.0
884 2340.0
885 2340.0
886 2340.0
887 2340.0
898 2340.0
899 2340.0
900 2340.0
901 2340.0
902 2340.0
903 2340.0
904 2340.0
905 2340.0
906 2340.0
907 1940.0
908 1940.0
909 1932.0
910 1932.0
911 1932.0
912 1923.0
913 1923.0
914 1923.0
915 1913.0
916 1913.0
917 1913.0
918 1913.0
919 1913.0
920 1913.0
921 1913.0
922 1913.0
923 1913.0
924 1913.0
925 1913.0
936 1750.0
937 1750.0
938 1750.0
939 1744.0
940 1744.0
941 1744.0
942 1744.0
943 1744.0
944 1744.0
945 1744.0
946 1744.0
947 1744.0
948 1744.0
949 1744.0
960 1742.0
961 1742.0
962 1742.0
963 1742.0
964 1742.0
965 1742.0
966 1742.0
967 1742.0
968 1742.0
969 1742.0
980 1664.0
981 1664.0
982 1664.0
983 1664.0
984 1664.0
985 1664.0
986 1663.0
987 1663.0
988 1663.0
989 1663.0
990 1663.0
991 1663.0
992 1663.0
993 1663.0
994 1663.0
995 1663.0
996 1663.0
1007 1709.0
1008 1709.0
1009 1709.0
1010 1697.0
1011 1697.0
1012 1697.0
1013 1697.0
1014 1697.0
1015 1697.0
1016 1697.0
1017 1697.0
1018 1697.0
1019 1697.0
1020 1697.0
1031 1690.0
1032 1690.0
1033 1690.0
1034 1690.0
1035 1690.0
1036 1690.0
1037 1690.0
1038 1690.0
1039 1690.0
1040 1690.0
1051 1679.0
1052 1679.0
1053 1679.0
1054 1679.0
1055 1679.0
1056 1679.0
1057 1678.0
1058 1678.0
1059 1678.0
1060 1678.0
1061 1678.0
1062 1678.0
1063 1678.0
1064 1678.0
1065 1678.0
1066 1678.0
1067 1678.0
1078 1684.0
1079 1684.0
1080 1684.0
1081 1684.0
1082 1684.0
1083 1684.0
1084 1684.0
1085 1684.0
1086 1684.0
1087 1684.0
1098 1669.0
1099 1669.0
1100 1669.0
1101 1669.0
1102 1669.0
1103 1669.0
1104 1669.0
1105 1669.0
1106 1669.0
1107 1669.0
1118 1607.0
1119 1607.0
1120 1606.0
1121 1606.0
1122 1606.0
1123 1606.0
1124 1606.0
1125 1606.0
1126 1606.0
1127 1606.0
1128 1606.0
1129 1606.0
1130 1606.0
1141 1620.0
1142 1620.0
1143 1620.0
1144 1620.0
1145 1612.0
1146 1612.0
1147 1612.0
1148 1612.0
1149 1612.0
1150 1612.0
1151 1612.0
1152 1612.0
1153 1612.0
1154 1612.0
1155 1605.0
1156 1605.0
1157 1605.0
1158 1605.0
1159 1605.0
1160 1605.0
1161 1605.0
1162 1605.0
1163 1598.0
1164 1598.0
1165 1598.0
1166 1598.0
1167 1598.0
1168 1598.0
1169 1598.0
1170 1598.0
1171 1598.0
1172 1598.0
1173 1598.0
1184 1623.0
1185 1623.0
1186 1623.0
1187 1623.0
1188 1623.0
1189 1623.0
1190 1623.0
1191 1623.0
1192 1623.0
1193 1623.0
1204 1618.0
1205 1618.0
1206 1618.0
1207 1618.0
1208 1618.0
1209 1618.0
1210 1618.0
1211 1618.0
1212 1618.0
1213 1618.0
1224 1642.0
1225 1636.0
1226 1636.0
1227 1636.0
1228 1636.0
1229 1636.0
1230 1636.0
1231 1636.0
1232 1636.0
1233 1636.0
1234 1636.0
1235 1636.0
1246 1637.0
1247 1637.0
1248 1637.0
1249 1637.0
1250 1637.0
1251 1637.0
1252 1637.0
1253 1619.0
1254 1619.0
1255 1619.0
1256 1619.0
1257 1619.0
1258 1619.0
1259 1619.0
1260 1619.0
1261 1619.0
1262 1619.0
1263 1619.0
1274 1629.0
1275 1629.0
1276 1629.0
1277 1623.0
1278 1623.0
1279 1623.0
1280 1623.0
1281 1621.0
1282 1621.0
1283 1621.0
1284 1611.0
1285 1611.0
1286 1611.0
1287 1611.0
1288 1611.0
1289 1611.0
1290 1611.0
1291 1611.0
1292 1611.0
1293 1611.0
1294 1611.0
1305 1620.0
1306 1620.0
1307 1620.0
1308 1556.0
1309 1556.0
1310 1556.0
1311 1556.0
1312 1556.0
1313 1556.0
1314 1556.0
1315 1556.0
1316 1556.0
1317 1556.0
1318 1556.0
1329 1565.0
1330 1565.0
1331 1565.0
1332 1565.0
1333 1565.0
1334 1565.0
1335 1565.0
1336 1565.0
1337 1565.0
1338 1561.0
1339 1561.0
1340 1561.0
1341 1561.0
1342 1561.0
1343 1561.0
1344 1561.0
1345 1561.0
1346 1561.0
1347 1561.0
1348 1561.0
1359 1565.0
1360 1565.0
1361 1565.0
1362 1565.0
1363 1565.0
1364 1565.0
1365 1565.0
1366 1565.0
1367 1565.0
1368 1565.0
1379 1557.0
1380 1557.0
1381 1557.0
1382 1557.0
1383 1557.0
1384 1557.0
1385 1557.0
1386 1557.0
1387 1557.0
1388 1557.0
1399 1563.0
1400 1563.0
1401 1563.0
1402 1550.0
1403 1550.0
1404 1514.0
1405 1514.0
1406 1514.0
1407 1514.0
1408 1514.0
1409 1514.0
1410 1514.0
1411 1514.0
1412 1514.0
1413 1514.0
1414 1514.0
1425 1522.0
1426 1522.0
1427 1522.0
1428 1522.0
1429 1522.0
1430 1522.0
1431 1522.0
1432 1522.0
1433 1522.0
1434 1522.0
1445 1520.0
1446 1520.0
1447 1520.0
1448 1520.0
1449 1520.0
1450 1520.0
1451 1520.0
1452 1520.0
1453 1520.0
1454 1520.0
1465 1517.0
1466 1517.0
1467 1517.0
1468 1517.0
1469 1517.0
1470 1517.0
1471 1517.0
1472 1517.0
1473 1517.0
1474 1517.0
1485 1517.0
1486 1517.0
1487 1517.0
1488 1517.0
1489 1517.0
1490 1517.0
1491 1517.0
1492 1517.0
1493 1517.0
1494 1517.0
1505 1527.0
1506 1527.0
1507 1404.0
1508 1404.0
1509 1404.0
1510 1404.0
1511 1404.0
1512 1404.0
1513 1404.0
1514 1404.0
1515 1404.0
1516 1404.0
1517 1404.0
1528 1404.0
1529 1404.0
1530 1404.0
1531 1404.0
1532 1404.0
1533 1404.0
1534 1404.0
1535 1404.0
1536 1404.0
1537 1404.0
1548 1408.0
1549 1408.0
1550 1408.0
1551 1408.0
1552 1408.0
1553 1408.0
1554 1404.0
1555 1398.0
1556 1398.0
1557 1398.0
1558 1398.0
1559 1398.0
1560 1398.0
1561 1398.0
1562 1398.0
1563 1398.0
1564 1398.0
1565 1398.0
1576 1402.0
1577 1402.0
1578 1402.0
1579 1402.0
1580 1402.0
1581 1402.0
1582 1402.0
1583 1402.0
1584 1402.0
1585 1402.0
1596 1431.0
1597 1431.0
1598 1431.0
1599 1431.0
1600 1431.0
1601 1431.0
1602 1431.0
1603 1431.0
1604 1421.0
1605 1421.0
1606 1421.0
1607 1421.0
1608 1421.0
1609 1421.0
1610 1421.0
1611 1421.0
1612 1421.0
1613 1421.0
1614 1421.0
1625 1389.0
1626 1389.0
1627 1384.0
1628 1384.0
1629 1384.0
1630 1384.0
1631 1384.0
1632 1384.0
1633 1384.0
1634 1384.0
1635 1384.0
1636 1384.0
1637 1384.0
1648 1394.0
1649 1394.0
1650 1394.0
1651 1394.0
1652 1394.0
1653 1394.0
1654 1394.0
1655 1394.0
1656 1394.0
1657 1394.0
1658 1394.0
1669 1392.0
1670 1392.0
1671 1392.0
1672 1392.0
1673 1392.0
1674 1392.0
1675 1392.0
1676 1390.0
1677 1390.0
1678 1390.0
1679 1390.0
1680 1388.0
1681 1388.0
1682 1388.0
1683 1388.0
1684 1388.0
1685 1381.0
1686 1381.0
1687 1381.0
1688 1381.0
1689 1381.0
1690 1381.0
1691 1381.0
1692 1381.0
1693 1381.0
1694 1381.0
1695 1381.0
1706 1395.0
1707 1395.0
1708 1374.0
1709 1374.0
1710 1374.0
1711 1374.0
1712 1374.0
1713 1374.0
1714 1374.0
1715 1374.0
1716 1374.0
1717 1374.0
1718 1374.0
1729 1326.0
1730 1326.0
1731 1326.0
1732 1326.0
1733 1326.0
1734 1326.0
1735 1326.0
1736 1324.0
1737 1324.0
1738 1324.0
1739 1324.0
1740 1324.0
1741 1324.0
1742 1324.0
1743 1324.0
1744 1324.0
1745 1324.0
1746 1324.0
1757 1330.0
1758 1330.0
1759 1330.0
1760 1330.0
1761 1330.0
1762 1330.0
1763 1330.0
1764 1330.0
1765 1330.0
1766 1330.0
1777 1330.0
1778 1330.0
1779 1330.0
1780 1330.0
1781 1330.0
1782 1330.0
1783 1330.0
1784 1322.0
1785 1322.0
1786 1322.0
1787 1322.0
1788 1322.0
1789 1322.0
1790 1322.0
1791 1322.0
1792 1322.0
1793 1322.0
1794 1322.0
1805 1279.0
1806 1279.0
1807 1279.0
1808 1279.0
1809 1279.0
1810 1260.0
1811 1260.0
1812 1260.0
1813 1260.0
1814 1260.0
1815 1260.0
1816 1260.0
1817 1260.0
1818 1260.0
1819 1260.0
1820 1242.0
1821 1242.0
1822 1242.0
1823 1242.0
1824 1242.0
1825 1242.0
1826 1242.0
1827 1242.0
1828 1242.0
1829 1242.0
1830 1242.0
1841 1257.0
1842 1257.0
1843 1257.0
1844 1257.0
1845 1245.0
1846 1245.0
1847 1245.0
1848 1245.0
1849 1245.0
1850 1245.0
1851 1245.0
1852 1245.0
1853 1245.0
1854 1245.0
1855 1245.0
1866 1253.0
1867 1253.0
1868 1253.0
1869 1253.0
1870 1253.0
1871 1253.0
1872 1253.0
1873 1253.0
1874 1253.0
1875 1253.0
1886 1235.0
1887 1235.0
1888 1235.0
1889 1235.0
1890 1235.0
1891 1235.0
1892 1235.0
1893 1235.0
1894 1235.0
1895 1235.0
1906 1247.0
1907 1247.0
1908 1247.0
1909 1247.0
1910 1247.0
1911 1247.0
1912 1247.0
1913 1247.0
1914 1247.0
1915 1247.0
1926 1247.0
1927 1247.0
1928 1238.0
1929 1238.0
1930 1238.0
1931 1238.0
1932 1238.0
1933 1238.0
1934 1238.0
1935 1238.0
1936 1238.0
1937 1238.0
1938 1238.0
1949 1245.0
1950 1245.0
1951 1245.0
1952 1245.0
1953 1245.0
1954 1245.0
1955 1245.0
1956 1241.0
1957 1241.0
1958 1241.0
1959 1241.0
1960 1241.0
1961 1241.0
1962 1241.0
1963 1241.0
1964 1241.0
1965 1241.0
1966 1241.0
1977 1252.0
1978 1252.0
1979 1252.0
1980 1223.0
1981 1223.0
1982 1223.0
1983 1223.0
1984 1215.0
1985 1215.0
1986 1215.0
1987 1215.0
1988 1215.0
1989 1215.0
1990 1215.0
1991 1215.0
1992 1215.0
1993 1215.0
1994 1215.0
2005 1212.0
2006 1212.0
2007 1212.0
2008 1212.0
2009 1212.0
2010 1212.0
2011 1212.0
2012 1212.0
2013 1212.0
2014 1212.0
2025 1229.0
2026 1229.0
2027 1229.0
2028 1229.0
2029 1210.0
2030 1210.0
2031 1210.0
2032 1210.0
2033 1210.0
2034 1210.0
2035 1210.0
2036 1210.0
2037 1210.0
2038 1210.0
2039 1210.0
2050 1228.0
2051 1228.0
2052 1228.0
2053 1228.0
2054 1228.0
2055 1222.0
2056 1222.0
2057 1222.0
2058 1222.0
2059 1209.0
2060 1209.0
2061 1209.0
2062 1209.0
2063 1209.0
2064 1209.0
2065 1209.0
2066 1209.0
2067 1209.0
2068 1209.0
2069 1209.0
2080 1229.0
2081 1229.0
2082 1229.0
2083 1229.0
2084 1229.0
2085 1229.0
2086 1229.0
2087 1229.0
2088 1229.0
2089 1229.0
2100 1228.0
2101 1228.0
2102 1228.0
2103 1228.0
2104 1228.0
2105 1228.0
2106 1228.0
2107 1228.0
2108 1228.0
2109 1228.0
2120 1216.0
2121 1216.0
2122 1216.0
2123 1216.0
2124 1216.0
2125 1216.0
2126 1216.0
2127 1216.0
2128 1216.0
2129 1216.0
2130 1216.0
2141 1226.0
2142 1226.0
2143 1226.0
2144 1226.0
2145 1226.0
2146 1226.0
2147 1226.0
2148 1226.0
2149 1226.0
2150 1226.0
2161 1226.0
2162 1226.0
2163 1226.0
2164 1226.0
2165 1226.0
2166 1226.0
2167 1226.0
2168 1226.0
2169 1226.0
2170 1226.0
2181 1222.0
2182 1222.0
2183 1222.0
2184 1222.0
2185 1220.0
2186 1220.0
2187 1220.0
2188 1220.0
2189 1220.0
2190 1220.0
2191 1220.0
2192 1220.0
2193 1220.0
2194 1220.0
2195 1220.0
2206 1222.0
2207 1222.0
2208 1222.0
2209 1222.0
2210 1222.0
2211 1222.0
2212 1222.0
2213 1222.0
2214 1222.0
2215 1222.0
2226 1230.0
2227 1230.0
2228 1230.0
2229 1229.0
2230 1229.0
2231 1229.0
2232 1229.0
2233 1229.0
2234 1229.0
2235 1229.0
2236 1229.0
2237 1229.0
2238 1229.0
2239 1229.0
2250 1227.0
2251 1227.0
2252 1227.0
2253 1211.0
2254 1211.0
2255 1211.0
2256 1211.0
2257 1211.0
2258 1211.0
2259 1211.0
2260 1211.0
2261 1211.0
2262 1211.0
2263 1211.0
2274 1223.0
2275 1223.0
2276 1223.0
2277 1223.0
2278 1223.0
2279 1223.0
2280 1223.0
2281 1223.0
2282 1223.0
2283 1223.0
2294 1216.0
2295 1216.0
2296 1216.0
2297 1216.0
2298 1216.0
2299 1216.0
2300 1216.0
2301 1216.0
2302 1216.0
2303 1216.0
2314 1203.0
2315 1203.0
2316 1203.0
2317 1203.0
2318 1199.0
2319 1199.0
2320 1199.0
2321 1199.0
2322 1199.0
2323 1199.0
2324 1199.0
2325 1199.0
2326 1199.0
2327 1199.0
2328 1199.0
2339 1214.0
2340 1214.0
2341 1214.0
2342 1214.0
2343 1214.0
2344 1214.0
2345 1214.0
2346 1214.0
2347 1214.0
2348 1214.0
2359 1248.0
2360 1248.0
2361 1248.0
2362 1248.0
2363 1248.0
2364 1248.0
2365 1248.0
2366 1248.0
2367 1248.0
2368 1248.0
2369 1248.0
2380 1230.0
2381 1230.0
2382 1230.0
2383 1230.0
2384 1230.0
2385 1230.0
2386 1230.0
2387 1230.0
2388 1230.0
2389 1230.0
2400 1225.0
2401 1225.0
2402 1219.0
2403 1219.0
2404 1219.0
2405 1219.0
2406 1219.0
2407 1219.0
2408 1219.0
2409 1219.0
2410 1219.0
2411 1219.0
2412 1219.0
2423 1230.0
2424 1216.0
2425 1216.0
2426 1216.0
2427 1216.0
2428 1216.0
2429 1216.0
2430 1216.0
2431 1216.0
2432 1216.0
2433 1216.0
2434 1216.0
2445 1233.0
2446 1233.0
2447 1233.0
2448 1232.0
2449 1232.0
2450 1232.0
2451 1232.0
2452 1231.0
2453 1229.0
2454 1229.0
2455 1229.0
2456 1229.0
2457 1208.0
2458 1208.0
2459 1208.0
2460 1208.0
2461 1208.0
2462 1208.0
2463 1208.0
2464 1208.0
2465 1208.0
2466 1208.0
2467 1208.0
2478 1208.0
2479 1208.0
2480 1208.0
2481 1208.0
2482 1208.0
2483 1208.0
2484 1208.0
2485 1208.0
2486 1208.0
2487 1208.0
2498 1220.0
2499 1220.0
2500 1220.0
2501 1220.0
2502 1220.0
2503 1220.0
2504 1220.0
2505 1220.0
2506 1220.0
2507 1220.0
2508 1220.0
2519 1208.0
2520 1208.0
2521 1208.0
2522 1208.0
2523 1208.0
2524 1208.0
2525 1208.0
2526 1208.0
2527 1208.0
2528 1208.0
2539 1219.0
2540 1219.0
2541 1219.0
2542 1219.0
2543 1219.0
2544 1208.0
2545 1208.0
2546 1208.0
2547 1208.0
2548 1207.0
2549 1207.0
2550 1207.0
2551 1207.0
2552 1207.0
2553 1207.0
2554 1207.0
2555 1207.0
2556 1207.0
2557 1207.0
2558 1207.0
2569 1219.0
2570 1219.0
2571 1219.0
2572 1219.0
2573 1219.0
2574 1219.0
2575 1219.0
2576 1219.0
2577 1219.0
2578 1219.0
2589 1223.0
2590 1223.0
2591 1223.0
2592 1223.0
2593 1223.0
2594 1223.0
2595 1223.0
2596 1223.0
2597 1217.0
2598 1217.0
2599 1217.0
2600 1201.0
2601 1201.0
2602 1201.0
2603 1201.0
2604 1201.0
2605 1201.0
2606 1201.0
2607 1201.0
2608 1201.0
2609 1201.0
2610 1201.0
2621 1204.0
2622 1204.0
2623 1204.0
2624 1204.0
2625 1204.0
2626 1204.0
2627 1204.0
2628 1204.0
2629 1204.0
2630 1204.0
2641 1210.0
2642 1210.0
2643 1210.0
2644 1210.0
2645 1210.0
2646 1210.0
2647 1210.0
2648 1210.0
2649 1210.0
2650 1210.0
2661 1222.0
2662 1222.0
2663 1222.0
2664 1222.0
2665 1222.0
2666 1222.0
2667 1222.0
2668 1222.0
2669 1222.0
2670 1222.0
2681 1206.0
2682 1206.0
2683 1206.0
2684 1206.0
2685 1206.0
2686 1206.0
2687 1206.0
2688 1206.0
2689 1206.0
2690 1206.0
2701 1222.0
2702 1222.0
2703 1222.0
2704 1222.0
2705 1216.0
2706 1216.0
2707 1216.0
2708 1216.0
2709 1216.0
2710 1216.0
2711 1216.0
2712 1216.0
2713 1207.0
2714 1207.0
2715 1207.0
2716 1207.0
2717 1207.0
2718 1207.0
2719 1207.0
2720 1207.0
2721 1207.0
2722 1207.0
2723 1207.0
2734 1216.0
2735 1216.0
2736 1210.0
2737 1210.0
2738 1210.0
2739 1210.0
2740 1210.0
2741 1210.0
2742 1210.0
2743 1210.0
2744 1210.0
2745 1210.0
2746 1210.0
2757 1223.0
2758 1223.0
2759 1223.0
2760 1223.0
2761 1223.0
2762 1223.0
2763 1223.0
2764 1223.0
2765 1223.0
2766 1223.0
2777 1223.0
2778 1219.0
2779 1219.0
2780 1219.0
2781 1215.0
2782 1215.0
2783 1215.0
2784 1215.0
2785 1215.0
2786 1215.0
2787 1215.0
2788 1215.0
2789 1215.0
2790 1215.0
2791 1215.0
2802 1223.0
2803 1223.0
2804 1223.0
2805 1223.0
2806 1223.0
2807 1223.0
2808 1223.0
2809 1223.0
2810 1223.0
2811 1206.0
2812 1206.0
2813 1206.0
2814 1206.0
2815 1206.0
2816 1206.0
2817 1206.0
2818 1206.0
2819 1206.0
2820 1206.0
2821 1206.0
2832 1222.0
2833 1222.0
2834 1222.0
2835 1222.0
2836 1222.0
2837 1222.0
2838 1222.0
2839 1222.0
2840 1222.0
2841 1222.0
2852 1218.0
2853 1218.0
2854 1218.0
2855 1218.0
2856 1218.0
2857 1218.0
2858 1218.0
2859 1218.0
2860 1218.0
2861 1218.0
2872 1220.0
2873 1220.0
2874 1220.0
2875 1220.0
2876 1220.0
2877 1220.0
2878 1218.0
2879 1218.0
2880 1218.0
2881 1218.0
2882 1218.0
2883 1218.0
2884 1218.0
2885 1218.0
2886 1218.0
2887 1218.0
2888 1218.0
2899 1220.0
2900 1220.0
2901 1220.0
2902 1220.0
2903 1220.0
2904 1220.0
2905 1220.0
2906 1220.0
2907 1220.0
2908 1220.0
2919 1312.0
2920 1312.0
2921 1312.0
2922 1312.0
2923 1312.0
2924 1312.0
2925 1312.0
2926 1312.0
2927 1312.0
2928 1312.0
2939 1302.0
2940 1302.0
2941 1302.0
2942 1302.0
2943 1302.0
2944 1302.0
2945 1302.0
2946 1302.0
2947 1302.0
2948 1302.0
2959 1304.0
2960 1304.0
2961 1304.0
2962 1304.0
2963 1304.0
2964 1304.0
2965 1304.0
2966 1304.0
2967 1304.0
2968 1304.0
2979 1209.0
2980 1209.0
2981 1209.0
2982 1209.0
2983 1209.0
2984 1209.0
2985 1209.0
2986 1209.0
2987 1209.0
2988 1209.0
2999 1216.0
3000 1216.0
3001 1210.0
3002 1210.0
3003 1210.0
3004 1210.0
3005 1210.0
3006 1210.0
3007 1210.0
3008 1210.0
3009 1210.0
3010 1210.0
3011 1210.0
3022 1222.0
3023 1222.0
3024 1222.0
3025 1222.0
3026 1222.0
3027 1222.0
3028 1222.0
3029 1222.0
3030 1222.0
3031 1222.0
3042 1214.0
3043 1214.0
3044 1214.0
3045 1214.0
3046 1214.0
3047 1214.0
3048 1214.0
3049 1214.0
3050 1209.0
3051 1209.0
3052 1209.0
3053 1209.0
3054 1209.0
3055 1198.0
3056 1198.0
3057 1198.0
3058 1198.0
3059 1198.0
3060 1198.0
3061 1198.0
3062 1198.0
3063 1198.0
3064 1198.0
3065 1198.0
3076 1210.0
3077 1210.0
3078 1210.0
3079 1210.0
3080 1210.0
3081 1210.0
3082 1210.0
3083 1210.0
3084 1210.0
3085 1210.0
3096 1208.0
3097 1208.0
3098 1208.0
3099 1208.0
3100 1208.0
3101 1204.0
3102 1204.0
3103 1204.0
3104 1204.0
3105 1204.0
3106 1204.0
3107 1204.0
3108 1204.0
3109 1204.0
3110 1204.0
3111 1204.0
3122 1204.0
3123 1204.0
3124 1204.0
3125 1204.0
3126 1204.0
3127 1204.0
3128 1204.0
3129 1200.0
3130 1200.0
3131 1200.0
3132 1200.0
3133 1200.0
3134 1200.0
3135 1200.0
3136 1200.0
3137 1200.0
3138 1200.0
3139 1200.0
3150 1198.0
3151 1198.0
3152 1198.0
3153 1198.0
3154 1198.0
3155 1198.0
3156 1198.0
3157 1198.0
3158 1198.0
3159 1198.0
3170 1221.0
3171 1218.0
3172 1218.0
3173 1218.0
3174 1218.0
3175 1218.0
3176 1218.0
3177 1218.0
3178 1217.0
3179 1217.0
3180 1217.0
3181 1217.0
3182 1217.0
3183 1207.0
3184 1207.0
3185 1207.0
3186 1201.0
3187 1201.0
3188 1201.0
3189 1199.0
3190 1199.0
3191 1199.0
3192 1199.0
3193 1199.0
3194 1199.0
3195 1199.0
3196 1199.0
3197 1199.0
3198 1199.0
3199 1199.0
3210 1216.0
3211 1216.0
3212 1216.0
3213 1216.0
3214 1216.0
3215 1216.0
3216 1216.0
3217 1216.0
3218 1216.0
3219 1216.0
3230 1202.0
3231 1202.0
3232 1202.0
3233 1202.0
3234 1202.0
3235 1202.0
3236 1202.0
3237 1202.0
3238 1202.0
3239 1202.0
3250 1338.0
3251 1332.0
3252 1332.0
3253 1250.0
3254 1250.0
3255 1250.0
3256 1250.0
3257 1250.0
3258 1250.0
3259 1250.0
3260 1250.0
3261 1250.0
3262 1250.0
3263 1250.0
3274 1218.0
3275 1218.0
3276 1218.0
3277 1218.0
3278 1218.0
3279 1218.0
3280 1218.0
3281 1218.0
3282 1218.0
3283 1218.0
3294 1218.0
3295 1218.0
3296 1218.0
3297 1218.0
3298 1218.0
3299 1218.0
3300 1218.0
3301 1218.0
3302 1218.0
3303 1218.0
3314 1239.0
3315 1239.0
3316 1239.0
3317 1239.0
3318 1239.0
3319 1239.0
3320 1239.0
3321 1239.0
3322 1229.0
3323 1229.0
3324 1229.0
3325 1229.0
3326 1229.0
3327 1229.0
3328 1229.0
3329 1229.0
3330 1229.0
3331 1229.0
3332 1229.0
3343 1199.0
3344 1199.0
3345 1199.0
3346 1199.0
3347 1199.0
3348 1199.0
3349 1199.0
3350 1199.0
3351 1199.0
3352 1199.0
3363 1197.0
3364 1197.0
3365 1197.0
3366 1197.0
3367 1197.0
3368 1197.0
3369 1197.0
3370 1197.0
3371 1197.0
3372 1197.0
3383 1204.0
3384 1204.0
3385 1204.0
3386 1204.0
3387 1204.0
3388 1204.0
3389 1204.0
3390 1204.0
3391 1204.0
3392 1204.0
3403 1182.0
3404 1182.0
3405 1179.0
3406 1179.0
3407 1179.0
3408 1179.0
3409 1179.0
3410 1179.0
3411 1179.0
3412 1179.0
3413 1179.0
3414 1179.0
3415 1179.0
3426 1180.0
3427 1180.0
3428 1180.0
3429 1180.0
3430 1180.0
3431 1180.0
3432 1180.0
3433 1180.0
3434 1180.0
3435 1180.0
3446 1192.0
3447 1192.0
3448 1192.0
3449 1192.0
3450 1192.0
3451 1192.0
3452 1192.0
3453 1192.0
3454 1192.0
3455 1192.0
3466 1194.0
3467 1194.0
3468 1194.0
3469 1194.0
3470 1194.0
3471 1194.0
3472 1194.0
3473 1192.0
3474 1192.0
3475 1178.0
3476 1178.0
3477 1178.0
3478 1178.0
3479 1178.0
3480 1178.0
3481 1174.0
3482 1174.0
3483 1174.0
3484 1174.0
3485 1174.0
3486 1174.0
3487 1174.0
3488 1174.0
3489 1174.0
3490 1174.0
3491 1174.0
3502 1191.0
3503 1191.0
3504 1174.0
3505 1174.0
3506 1174.0
3507 1174.0
3508 1174.0
3509 1174.0
3510 1174.0
3511 1174.0
3512 1174.0
3513 1174.0
3514 1174.0
3525 1184.0
3526 1184.0
3527 1184.0
3528 1184.0
3529 1184.0
3530 1184.0
3531 1184.0
3532 1184.0
3533 1184.0
3534 1184.0
3545 1172.0
3546 1170.0
3547 1170.0
3548 1170.0
3549 1170.0
3550 1170.0
3551 1170.0
3552 1170.0
3553 1170.0
3554 1170.0
3555 1170.0
3556 1170.0
3567 1163.0
3568 1163.0
3569 1163.0
3570 1163.0
3571 1163.0
3572 1163.0
3573 1163.0
3574 1163.0
3575 1163.0
3576 1163.0
3587 1170.0
3588 1170.0
3589 1170.0
3590 1170.0
3591 1170.0
3592 1170.0
3593 1170.0
3594 1170.0
3595 1170.0
3596 1170.0
3607 1178.0
3608 1178.0
3609 1178.0
3610 1178.0
3611 1178.0
3612 1178.0
3613 1178.0
3614 1178.0
3615 1178.0
3616 1178.0
3627 1164.0
3628 1164.0
3629 1164.0
3630 1164.0
3631 1160.0
3632 1160.0
3633 1160.0
3634 1160.0
3635 1160.0
3636 1160.0
3637 1160.0
3638 1160.0
3639 1160.0
3640 1160.0
3641 1160.0
3652 1160.0
3653 1160.0
3654 1160.0
3655 1160.0
3656 1160.0
3657 1160.0
3658 1160.0
3659 1160.0
3660 1160.0
3661 1160.0
3672 1157.0
3673 1157.0
3674 1157.0
3675 1157.0
3676 1157.0
3677 1157.0
3678 1157.0
3679 1157.0
3680 1157.0
3681 1157.0
3692 1177.0
3693 1177.0
3694 1177.0
3695 1177.0
3696 1177.0
3697 1174.0
3698 1174.0
3699 1155.0
3700 1155.0
3701 1155.0
3702 1155.0
3703 1155.0
3704 1155.0
3705 1155.0
3706 1155.0
3707 1155.0
3708 1155.0
3709 1155.0
3720 1173.0
3721 1173.0
3722 1173.0
3723 1173.0
3724 1161.0
3725 1161.0
3726 1161.0
3727 1161.0
3728 1161.0
3729 1161.0
3730 1161.0
3731 1153.0
3732 1153.0
3733 1153.0
3734 1153.0
3735 1153.0
3736 1153.0
3737 1153.0
3738 1153.0
3739 1153.0
3740 1153.0
3741 1153.0
3752 1176.0
3753 1174.0
3754 1174.0
3755 1174.0
3756 1174.0
3757 1174.0
3758 1174.0
3759 1174.0
3760 1174.0
3761 1174.0
3762 1174.0
3763 1174.0
3774 1159.0
3775 1159.0
3776 1159.0
3777 1159.0
3778 1159.0
3779 1159.0
3780 1159.0
3781 1159.0
3782 1159.0
3783 1159.0
3794 1175.0
3795 1175.0
3796 1175.0
3797 1175.0
3798 1175.0
3799 1175.0
3800 1175.0
3801 1175.0
3802 1175.0
3803 1175.0
3814 1180.0
3815 1180.0
3816 1180.0
3817 1180.0
3818 1180.0
3819 1180.0
3820 1180.0
3821 1180.0
3822 1180.0
3823 1180.0
3834 1176.0
3835 1176.0
3836 1176.0
3837 1176.0
3838 1176.0
3839 1176.0
3840 1176.0
3841 1176.0
3842 1176.0
3843 1176.0
3854 1190.0
3855 1190.0
3856 1190.0
3857 1180.0
3858 1180.0
3859 1180.0
3860 1164.0
3861 1164.0
3862 1164.0
3863 1164.0
3864 1164.0
3865 1164.0
3866 1164.0
3867 1164.0
3868 1164.0
3869 1164.0
3870 1164.0
3881 1171.0
3882 1171.0
3883 1171.0
3884 1171.0
3885 1171.0
3886 1171.0
3887 1171.0
3888 1160.0
3889 1160.0
3890 1160.0
3891 1160.0
3892 1160.0
3893 1160.0
3894 1160.0
3895 1160.0
3896 1160.0
3897 1160.0
3898 1160.0
3909 1158.0
3910 1158.0
3911 1158.0
3912 1158.0
3913 1158.0
3914 1158.0
3915 1158.0
3916 1158.0
3917 1158.0
3918 1158.0
3929 1172.0
3930 1172.0
3931 1171.0
3932 1171.0
3933 1171.0
3934 1171.0
3935 1171.0
3936 1171.0
3937 1171.0
3938 1158.0
3939 1158.0
3940 1158.0
3941 1158.0
3942 1158.0
3943 1158.0
3944 1158.0
3945 1158.0
3946 1158.0
3947 1158.0
3948 1158.0
3959 1168.0
3960 1168.0
3961 1168.0
3962 1168.0
3963 1168.0
3964 1168.0
3965 1168.0
3966 1168.0
3967 1161.0
3968 1161.0
3969 1161.0
3970 1161.0
3971 1161.0
3972 1161.0
3973 1161.0
3974 1161.0
3975 1161.0
3976 1161.0
3977 1161.0
3988 1171.0
3989 1171.0
3990 1171.0
3991 1171.0
3992 1171.0
3993 1171.0
3994 1171.0
3995 1171.0
3996 1171.0
3997 1171.0
4008 1161.0
4009 1161.0
4010 1161.0
4011 1161.0
4012 1161.0
4013 1161.0
4014 1161.0
4015 1161.0
4016 1161.0
4017 1161.0
4028 1174.0
4029 1174.0
4030 1174.0
4031 1174.0
4032 1174.0
4033 1174.0
4034 1174.0
4035 1174.0
4036 1174.0
4037 1174.0
4048 1176.0
4049 1176.0
4050 1156.0
4051 1156.0
4052 1156.0
4053 1156.0
4054 1156.0
4055 1156.0
4056 1156.0
4057 1156.0
4058 1156.0
4059 1156.0
4060 1156.0
4071 1161.0
4072 1161.0
4073 1161.0
4074 1161.0
4075 1161.0
4076 1161.0
4077 1161.0
4078 1161.0
4079 1161.0
4080 1161.0
4091 1176.0
4092 1176.0
4093 1176.0
4094 1176.0
4095 1176.0
4096 1176.0
4097 1176.0
4098 1176.0
4099 1176.0
4100 1176.0
4111 1170.0
4112 1170.0
4113 1170.0
4114 1170.0
4115 1170.0
4116 1170.0
4117 1170.0
4118 1170.0
4119 1170.0
4120 1170.0
4131 1168.0
4132 1163.0
4133 1163.0
4134 1163.0
4135 1163.0
4136 1163.0
4137 1163.0
4138 1163.0
4139 1163.0
4140 1163.0
4141 1163.0
4142 1163.0
4153 1168.0
4154 1168.0
4155 1168.0
4156 1168.0
4157 1168.0
4158 1168.0
4159 1168.0
4160 1168.0
4161 1168.0
4162 1168.0
4173 1166.0
4174 1166.0
4175 1166.0
4176 1166.0
4177 1166.0
4178 1166.0
4179 1166.0
4180 1166.0
4181 1166.0
4182 1166.0
4183 1166.0
4194 1164.0
4195 1164.0
4196 1164.0
4197 1164.0
4198 1158.0
4199 1158.0
4200 1158.0
4201 1158.0
4202 1158.0
4203 1158.0
4204 1158.0
4205 1158.0
4206 1158.0
4207 1158.0
4208 1158.0
4219 1175.0
4220 1175.0
4221 1175.0
4222 1175.0
4223 1175.0
4224 1175.0
4225 1175.0
4226 1175.0
4227 1175.0
4228 1175.0
4239 1175.0
4240 1175.0
4241 1175.0
4242 1168.0
4243 1168.0
4244 1168.0
4245 1168.0
4246 1168.0
4247 1168.0
4248 1168.0
4249 1168.0
4250 1168.0
4251 1168.0
4252 1168.0
4263 1170.0
4264 1170.0
4265 1170.0
4266 1170.0
4267 1168.0
4268 1168.0
4269 1168.0
4270 1158.0
4271 1158.0
4272 1158.0
4273 1158.0
4274 1158.0
4275 1158.0
4276 1158.0
4277 1158.0
4278 1158.0
4279 1158.0
4280 1158.0
4291 1177.0
4292 1177.0
4293 1177.0
4294 1177.0
4295 1168.0
4296 1168.0
4297 1168.0
4298 1168.0
4299 1168.0
4300 1168.0
4301 1168.0
4302 1168.0
4303 1168.0
4304 1168.0
4305 1168.0
4316 1173.0
4317 1168.0
4318 1168.0
4319 1168.0
4320 1168.0
4321 1168.0
4322 1168.0
4323 1168.0
4324 1168.0
4325 1168.0
4326 1168.0
4327 1168.0
4338 1165.0
4339 1165.0
4340 1165.0
4341 1165.0
4342 1165.0
4343 1165.0
4344 1165.0
4345 1165.0
4346 1165.0
4347 1165.0
4358 1168.0
4359 1168.0
4360 1168.0
4361 1168.0
4362 1168.0
4363 1168.0
4364 1168.0
4365 1168.0
4366 1168.0
4367 1168.0
4378 1176.0
4379 1176.0
4380 1176.0
4381 1176.0
4382 1176.0
4383 1176.0
4384 1176.0
4385 1175.0
4386 1175.0
4387 1175.0
4388 1175.0
4389 1175.0
4390 1159.0
4391 1159.0
4392 1159.0
4393 1159.0
4394 1159.0
4395 1159.0
4396 1159.0
4397 1159.0
4398 1159.0
4399 1159.0
4400 1159.0
4411 1171.0
4412 1171.0
4413 1171.0
4414 1171.0
4415 1171.0
4416 1171.0
4417 1171.0
4418 1171.0
4419 1156.0
4420 1156.0
4421 1156.0
4422 1156.0
4423 1156.0
4424 1156.0
4425 1156.0
4426 1156.0
4427 1156.0
4428 1156.0
4429 1156.0
4440 1178.0
4441 1178.0
4442 1178.0
4443 1178.0
4444 1178.0
4445 1177.0
4446 1177.0
4447 1177.0
4448 1177.0
4449 1177.0
4450 1170.0
4451 1170.0
4452 1170.0
4453 1170.0
4454 1170.0
4455 1170.0
4456 1170.0
4457 1170.0
4458 1170.0
4459 1170.0
4460 1158.0
4461 1158.0
4462 1158.0
4463 1158.0
4464 1158.0
4465 1158.0
4466 1158.0
4467 1158.0
4468 1158.0
4469 1158.0
4470 1158.0
4481 1176.0
4482 1176.0
4483 1176.0
4484 1176.0
4485 1176.0
4486 1176.0
4487 1176.0
4488 1176.0
4489 1176.0
4490 1176.0
4501 1167.0
4502 1167.0
4503 1166.0
4504 1166.0
4505 1166.0
4506 1166.0
4507 1166.0
4508 1166.0
4509 1166.0
4510 1166.0
4511 1166.0
4512 1166.0
4513 1166.0
4524 1154.0
4525 1154.0
4526 1154.0
4527 1154.0
4528 1154.0
4529 1154.0
4530 1154.0
4531 1154.0
4532 1154.0
4533 1154.0
4544 1156.0
4545 1156.0
4546 1156.0
4547 1156.0
4548 1156.0
4549 1156.0
4550 1156.0
4551 1156.0
4552 1156.0
4553 1156.0
4564 1175.0
4565 1175.0
4566 1175.0
4567 1175.0
4568 1175.0
4569 1175.0
4570 1175.0
4571 1175.0
4572 1175.0
4573 1175.0
4584 1174.0
4585 1174.0
4586 1174.0
4587 1174.0
4588 1174.0
4589 1174.0
4590 1174.0
4591 1174.0
4592 1174.0
4593 1174.0
4604 1154.0
4605 1154.0
4606 1154.0
4607 1154.0
4608 1154.0
4609 1154.0
4610 1154.0
4611 1154.0
4612 1154.0
4613 1154.0
4624 1166.0
4625 1166.0
4626 1166.0
4627 1166.0
4628 1166.0
4629 1166.0
4630 1165.0
4631 1165.0
4632 1165.0
4633 1165.0
4634 1165.0
4635 1165.0
4636 1165.0
4637 1165.0
4638 1165.0
4639 1165.0
4640 1165.0
4651 1161.0
4652 1158.0
4653 1158.0
4654 1158.0
4655 1158.0
4656 1158.0
4657 1158.0
4658 1155.0
4659 1155.0
4660 1155.0
4661 1155.0
4662 1155.0
4663 1155.0
4664 1155.0
4665 1155.0
4666 1155.0
4667 1155.0
4668 1155.0
4679 1144.0
4680 1144.0
4681 1144.0
4682 1144.0
4683 1144.0
4684 1144.0
4685 1144.0
4686 1144.0
4687 1144.0
4688 1144.0
4699 1160.0
4700 1160.0
4701 1160.0
4702 1160.0
4703 1160.0
4704 1160.0
4705 1160.0
4706 1160.0
4707 1160.0
4708 1160.0
4719 1175.0
4720 1175.0
4721 1175.0
4722 1175.0
4723 1174.0
4724 1174.0
4725 1174.0
4726 1174.0
4727 1174.0
4728 1174.0
4729 1174.0
4730 1174.0
4731 1174.0
4732 1174.0
4733 1172.0
4734 1172.0
4735 1172.0
4736 1165.0
4737 1162.0
4738 1162.0
4739 1162.0
4740 1162.0
4741 1162.0
4742 1162.0
4743 1160.0
4744 1160.0
4745 1160.0
4746 1160.0
4747 1160.0
4748 1160.0
4749 1160.0
4750 1160.0
4751 1160.0
4752 1160.0
4753 1160.0
4764 1161.0
4765 1161.0
4766 1161.0
4767 1161.0
4768 1161.0
4769 1161.0
4770 1161.0
4771 1161.0
4772 1161.0
4773 1161.0
4784 1159.0
4785 1159.0
4786 1159.0
4787 1159.0
4788 1159.0
4789 1159.0
4790 1159.0
4791 1159.0
4792 1159.0
4793 1159.0
4794 1159.0
4805 1174.0
4806 1174.0
4807 1166.0
4808 1166.0
4809 1166.0
4810 1166.0
4811 1166.0
4812 1166.0
4813 1166.0
4814 1166.0
4815 1166.0
4816 1166.0
4817 1166.0
4828 1166.0
4829 1166.0
4830 1166.0
4831 1166.0
4832 1166.0
4833 1166.0
4834 1166.0
4835 1166.0
4836 1166.0
4837 1166.0
4848 1168.0
4849 1166.0
4850 1166.0
4851 1166.0
4852 1166.0
4853 1166.0
4854 1166.0
4855 1166.0
4856 1166.0
4857 1166.0
4858 1166.0
4859 1166.0
4870 1165.0
4871 1165.0
4872 1165.0
4873 1165.0
4874 1165.0
4875 1165.0
4876 1165.0
4877 1165.0
4878 1165.0
4879 1165.0
4890 1166.0
4891 1166.0
4892 1166.0
4893 1166.0
4894 1166.0
4895 1166.0
4896 1166.0
4897 1166.0
4898 1166.0
4899 1166.0
4910 1165.0
4911 1164.0
4912 1164.0
4913 1164.0
4914 1164.0
4915 1164.0
4916 1164.0
4917 1164.0
4918 1164.0
4919 1160.0
4920 1160.0
4921 1160.0
4922 1160.0
4923 1160.0
4924 1160.0
4925 1160.0
4926 1160.0
4927 1160.0
4928 1160.0
4929 1160.0
4940 1164.0
4941 1164.0
4942 1164.0
4943 1164.0
4944 1164.0
4945 1163.0
4946 1163.0
4947 1163.0
4948 1163.0
4949 1163.0
4950 1163.0
4951 1163.0
4952 1163.0
4953 1163.0
4954 1163.0
4955 1163.0
4966 1148.0
4967 1148.0
4968 1148.0
4969 1148.0
4970 1148.0
4971 1148.0
4972 1148.0
4973 1148.0
4974 1148.0
4975 1148.0
4986 1152.0
4987 1152.0
4988 1152.0
4989 1152.0
4990 1152.0
4991 1152.0
4992 1152.0
4993 1152.0
4994 1152.0
4995 1152.0
