0 80319.0
1 79922.0
2 79527.0
3 78739.0
4 78354.0
5 77959.0
6 77566.0
7 77566.0
8 77566.0
9 75617.0
10 75617.0
11 75617.0
12 75617.0
13 75229.0
14 75227.0
15 74843.0
16 74843.0
17 74843.0
18 74843.0
19 74843.0
20 74843.0
21 74843.0
22 74843.0
23 74843.0
24 74457.0
25 74457.0
26 74457.0
27 74072.0
28 74072.0
29 74072.0
30 74072.0
31 74072.0
32 73306.0
33 73306.0
34 73306.0
35 73306.0
36 73306.0
37 73306.0
38 73306.0
39 73306.0
40 73306.0
41 73306.0
42 69905.0
43 48860.0
44 48556.0
45 48020.0
46 48020.0
47 46805.0
48 46785.0
49 45336.0
50 45336.0
51 45084.0
52 45084.0
53 44834.0
54 44586.0
55 44340.0
56 44096.0
57 43932.0
58 42082.0
59 42082.0
60 42082.0
61 42082.0
62 42082.0
63 42082.0
64 42082.0
65 42082.0
66 42082.0
67 42082.0
68 41596.0
69 41596.0
70 41596.0
71 41596.0
72 41596.0
73 39632.0
74 39355.0
75 39355.0
76 39337.0
77 39086.0
78 39086.0
79 39086.0
80 39086.0
81 39086.0
82 39086.0
83 39086.0
84 39086.0
85 39086.0
86 39086.0
87 39086.0
88 38811.0
89 38811.0
90 38811.0
91 30584.0
92 30377.0
93 30377.0
94 30172.0
95 30172.0
96 30172.0
97 29969.0
98 29805.0
99 29805.0
100 29805.0
101 29805.0
102 29805.0
103 29805.0
104 29805.0
105 29805.0
106 29685.0
107 29685.0
108 29685.0
109 29685.0
110 29685.0
111 17130.0
112 17130.0
113 17130.0
114 17130.0
115 17057.0
116 16986.0
117 16986.0
118 15468.0
119 15468.0
120 15468.0
121 15468.0
122 15411.0
123 15411.0
124 15411.0
125 15356.0
126 15356.0
127 15303.0
128 15303.0
129 15252.0
130 15252.0
131 15252.0
132 15203.0
133 15203.0
134 15156.0
135 15156.0
136 15156.0
137 15156.0
138 15111.0
139 15111.0
140 15111.0
141 15068.0
142 14711.0
143 14711.0
144 14586.0
145 11191.0
146 11091.0
147 11001.0
148 10990.0
149 10916.0
150 10860.0
151 10860.0
152 10300.0
153 10300.0
154 10300.0
155 10300.0
156 10300.0
157 10300.0
158 10300.0
159 10066.0
160 9997.0
161 9975.0
162 9975.0
163 9975.0
164 9975.0
165 9975.0
166 9975.0
167 9975.0
168 9975.0
169 9778.0
170 9778.0
171 9778.0
172 9778.0
173 9778.0
174 9778.0
175 9778.0
176 9778.0
177 9680.0
178 9398.0
179 9398.0
180 9398.0
181 9398.0
182 9398.0
183 9398.0
184 9398.0
185 9398.0
186 9398.0
187 9398.0
188 9398.0
189 9398.0
190 9398.0
191 9344.0
192 9344.0
193 9315.0
194 9315.0
195 9315.0
196 9315.0
197 9220.0
198 9220.0
199 9220.0
200 9220.0
201 9220.0
202 9220.0
203 9220.0
204 9220.0
205 9220.0
206 9220.0
207 9220.0
208 9220.0
209 9220.0
210 9220.0
211 9177.0
212 9177.0
213 9083.0
214 9055.0
215 9028.0
216 9028.0
217 8648.0
218 8648.0
219 8583.0
220 8558.0
221 8548.0
222 8548.0
223 8200.0
224 8164.0
225 8164.0
226 8134.0
227 7830.0
228 7830.0
229 7830.0
230 7830.0
231 7830.0
232 7830.0
233 7830.0
234 7830.0
235 7830.0
236 7830.0
237 7811.0
238 7793.0
239 7780.0
240 7780.0
241 7780.0
242 7780.0
243 6853.0
244 6853.0
245 6853.0
246 6853.0
247 6853.0
248 6853.0
249 6853.0
250 6853.0
251 6853.0
252 6853.0
253 6853.0
254 6853.0
255 6853.0
256 6853.0
257 6853.0
258 6853.0
259 6853.0
260 6853.0
261 6853.0
262 6853.0
263 6853.0
264 6853.0
265 6853.0
266 6853.0
267 6853.0
268 6853.0
269 6853.0
270 6853.0
271 6853.0
272 6853.0
273 6853.0
274 6853.0
275 6853.0
276 6853.0
277 6853.0
278 6853.0
279 6853.0
280 6769.0
281 6769.0
282 6769.0
283 6769.0
284 6769.0
285 6769.0
286 6769.0
287 6769.0
288 6447.0
289 6447.0
290 6447.0
291 6447.0
292 6447.0
293 6447.0
294 6447.0
295 6447.0
296 6447.0
297 6447.0
298 6447.0
299 6447.0
300 6447.0
301 6447.0
302 6447.0
303 6428.0
304 6415.0
305 6415.0
306 6415.0
307 6415.0
308 6415.0
309 6415.0
310 6415.0
311 6413.0
312 6413.0
313 6413.0
314 6413.0
315 6363.0
316 6363.0
317 6323.0
318 6323.0
319 6323.0
320 6323.0
321 6323.0
322 6323.0
323 6323.0
324 6323.0
325 6323.0
326 6323.0
327 6323.0
328 5589.0
329 5583.0
330 5583.0
331 5564.0
332 5558.0
333 5481.0
334 5481.0
335 5441.0
336 5373.0
337 5373.0
338 5373.0
339 5373.0
340 5337.0
341 5337.0
342 5337.0
343 5306.0
344 5306.0
345 5306.0
346 5306.0
347 5306.0
348 5306.0
349 5278.0
350 5278.0
351 5278.0
352 5256.0
353 5256.0
354 5256.0
355 5256.0
356 5173.0
357 5173.0
358 5173.0
359 4783.0
360 4779.0
361 4705.0
362 4703.0
363 4703.0
364 4701.0
365 4701.0
366 4694.0
367 4682.0
368 4682.0
369 4680.0
370 4619.0
371 4563.0
372 4563.0
373 4563.0
374 4563.0
375 4535.0
376 4535.0
377 4535.0
378 4535.0
379 4535.0
380 4517.0
381 4517.0
382 4517.0
383 4517.0
384 4517.0
385 4517.0
386 4517.0
387 4517.0
388 4517.0
389 4517.0
390 4517.0
391 4517.0
392 4517.0
393 4517.0
394 4517.0
395 4443.0
396 4439.0
397 4439.0
398 4374.0
399 4374.0
400 4374.0
401 4337.0
402 4337.0
403 4337.0
404 4337.0
405 4337.0
406 4337.0
407 4337.0
408 4337.0
409 4337.0
410 4337.0
411 4337.0
412 4337.0
413 4337.0
414 4337.0
415 4128.0
416 4114.0
417 4110.0
418 4110.0
419 4110.0
420 4062.0
421 4062.0
422 4062.0
423 4062.0
424 4062.0
425 4062.0
426 4062.0
427 4062.0
428 4062.0
429 4062.0
430 4062.0
431 4062.0
432 4062.0
433 4062.0
434 4062.0
435 4062.0
436 4062.0
437 3998.0
438 3942.0
439 3942.0
440 3942.0
441 3942.0
442 3942.0
443 2725.0
444 2725.0
445 2686.0
446 2686.0
447 2686.0
448 2686.0
449 2686.0
450 2686.0
451 2672.0
452 2672.0
453 2657.0
454 2657.0
455 2644.0
456 2644.0
457 2494.0
458 2492.0
459 2491.0
460 2482.0
461 2473.0
462 2359.0
463 2359.0
464 2359.0
465 2359.0
466 2359.0
467 2343.0
468 2343.0
469 2343.0
470 2343.0
471 2343.0
472 2324.0
473 2324.0
474 2322.0
475 2322.0
476 2322.0
477 2322.0
478 2322.0
479 2322.0
480 2322.0
481 2322.0
482 2308.0
483 2308.0
484 2307.0
485 2307.0
486 2307.0
487 2307.0
488 2307.0
489 2307.0
490 2307.0
491 2300.0
492 2300.0
493 2300.0
494 2300.0
495 2290.0
496 2290.0
497 2290.0
498 2290.0
499 2290.0
500 2290.0
501 2290.0
502 2290.0
503 2290.0
504 2237.0
505 2237.0
506 2237.0
507 2237.0
508 2237.0
509 2237.0
510 2237.0
511 2237.0
512 2237.0
513 2237.0
514 2237.0
515 2237.0
516 2237.0
517 2237.0
518 2237.0
519 2237.0
520 2237.0
521 2237.0
522 2227.0
523 2227.0
524 2227.0
525 2227.0
526 2227.0
527 2227.0
528 2227.0
529 2227.0
530 2227.0
531 2227.0
532 2227.0
533 2227.0
534 2227.0
535 2227.0
536 2227.0
537 2227.0
538 2227.0
539 2146.0
540 2143.0
541 2141.0
542 2083.0
543 2083.0
544 2083.0
545 2083.0
546 2037.0
547 2028.0
548 2024.0
549 2024.0
550 2024.0
551 2024.0
552 2024.0
553 2024.0
554 2004.0
555 2004.0
556 2004.0
557 2004.0
558 2004.0
559 2004.0
560 2004.0
561 2004.0
562 2004.0
563 2004.0
564 2004.0
565 2004.0
566 2004.0
567 2004.0
568 2004.0
569 2004.0
570 2004.0
571 2004.0
572 2004.0
573 2004.0
574 2004.0
575 2004.0
576 2004.0
577 2004.0
578 2004.0
579 2004.0
580 2004.0
581 2004.0
582 1987.0
583 1946.0
584 1946.0
585 1946.0
586 1946.0
587 1946.0
588 1946.0
589 1946.0
590 1946.0
591 1946.0
592 1946.0
593 1946.0
594 1946.0
595 1946.0
596 1946.0
597 1946.0
598 1946.0
599 1946.0
600 1946.0
601 1946.0
602 1946.0
603 1946.0
604 1946.0
605 1946.0
606 1946.0
607 1946.0
608 1946.0
609 1946.0
610 1946.0
611 1946.0
612 1946.0
613 1946.0
614 1946.0
615 1946.0
616 1946.0
617 1946.0
618 1946.0
619 1946.0
620 1946.0
621 1946.0
622 1946.0
623 1946.0
624 1946.0
625 1946.0
626 1946.0
627 1946.0
628 1946.0
629 1946.0
630 1946.0
631 1946.0
632 1946.0
633 1946.0
634 1946.0
635 1946.0
636 1946.0
637 1946.0
638 1946.0
639 1923.0
640 1923.0
641 1923.0
642 1923.0
643 1923.0
644 1923.0
645 1923.0
646 1923.0
647 1923.0
648 1923.0
649 1923.0
650 1923.0
651 1923.0
652 1920.0
653 1920.0
654 1920.0
655 1920.0
656 1913.0
657 1913.0
658 1913.0
659 1913.0
660 1913.0
661 1891.0
662 1891.0
663 1891.0
664 1891.0
665 1891.0
666 1891.0
667 1891.0
668 1891.0
669 1891.0
670 1891.0
671 1891.0
672 1891.0
673 1891.0
674 1891.0
675 1891.0
676 1891.0
677 1891.0
678 1891.0
679 1891.0
680 1891.0
681 1891.0
682 1891.0
683 1884.0
684 1884.0
685 1884.0
686 1884.0
687 1884.0
688 1865.0
689 1865.0
690 1865.0
691 1865.0
692 1865.0
693 1865.0
694 1865.0
695 1865.0
696 1865.0
697 1865.0
698 1865.0
699 1865.0
700 1865.0
701 1865.0
702 1865.0
703 1582.0
704 1582.0
705 1582.0
706 1582.0
707 1582.0
708 1582.0
709 1582.0
710 1582.0
711 1582.0
712 1554.0
713 1554.0
714 1554.0
715 1554.0
716 1554.0
717 1554.0
718 1554.0
719 1554.0
720 1554.0
721 1554.0
722 1554.0
723 1554.0
724 1554.0
725 1554.0
726 1554.0
727 1554.0
728 1554.0
729 1554.0
730 1554.0
731 1554.0
732 1554.0
733 1554.0
734 1554.0
735 1554.0
736 1554.0
737 1554.0
738 1554.0
739 1554.0
740 1554.0
741 1554.0
742 1554.0
743 1554.0
744 1554.0
745 1554.0
746 1554.0
747 1554.0
748 1554.0
749 1554.0
750 1554.0
751 1554.0
752 1554.0
753 1554.0
754 1554.0
755 1554.0
756 1554.0
757 1554.0
758 1554.0
759 1554.0
760 1554.0
761 1554.0
762 1554.0
763 1554.0
764 1554.0
765 1554.0
766 1554.0
767 1554.0
768 1554.0
769 1554.0
770 1554.0
771 1554.0
772 1554.0
773 1554.0
774 1554.0
775 1554.0
776 1554.0
777 1554.0
778 1554.0
779 1554.0
780 1554.0
781 1554.0
782 1554.0
783 1554.0
784 1554.0
785 1554.0
786 1554.0
787 1554.0
788 1554.0
789 1554.0
790 1554.0
791 1554.0
792 1554.0
793 1554.0
794 1554.0
795 1554.0
796 1554.0
797 1554.0
798 1554.0
799 1552.0
800 1552.0
801 1552.0
802 1552.0
803 1552.0
804 1552.0
805 1552.0
806 1552.0
807 1552.0
808 1552.0
809 1552.0
810 1552.0
811 1552.0
812 1552.0
813 1552.0
814 1552.0
815 1552.0
816 1552.0
817 1552.0
818 1552.0
819 1552.0
820 1552.0
821 1552.0
822 1552.0
823 1552.0
824 1552.0
825 1552.0
826 1552.0
827 1552.0
828 1552.0
829 1552.0
830 1552.0
831 1552.0
832 1552.0
833 1552.0
834 1552.0
835 1552.0
836 1552.0
837 1552.0
838 1552.0
839 1552.0
840 1552.0
841 1552.0
842 1552.0
843 1552.0
844 1552.0
845 1552.0
846 1552.0
847 1552.0
848 1552.0
849 1552.0
850 1552.0
851 1552.0
852 1552.0
853 1552.0
854 1552.0
855 1552.0
856 1552.0
857 1552.0
858 1552.0
859 1552.0
860 1552.0
861 1552.0
862 1552.0
863 1552.0
864 1552.0
865 1552.0
866 1552.0
867 1552.0
868 1552.0
869 1552.0
870 1552.0
871 1552.0
872 1552.0
873 1552.0
874 1552.0
875 1552.0
876 1552.0
877 1552.0
878 1552.0
879 1552.0
880 1552.0
881 1552.0
882 1552.0
883 1525.0
884 1525.0
885 1525.0
886 1521.0
887 1521.0
888 1521.0
889 1521.0
890 1521.0
891 1521.0
892 1521.0
893 1289.0
894 1284.0
895 1284.0
896 1264.0
897 1264.0
898 1264.0
899 1264.0
900 1264.0
901 1264.0
902 1264.0
903 1264.0
904 1264.0
905 1264.0
906 1264.0
907 1264.0
908 1264.0
909 1264.0
910 1264.0
911 1264.0
912 1264.0
913 1264.0
914 1264.0
915 1264.0
916 1264.0
917 1264.0
918 1264.0
919 1264.0
920 1264.0
921 1264.0
922 1264.0
923 1264.0
924 1264.0
925 1264.0
926 1264.0
927 1264.0
928 1264.0
929 1264.0
930 1264.0
931 1264.0
932 1264.0
933 1264.0
934 1264.0
935 1264.0
936 1264.0
937 1264.0
938 1264.0
939 1264.0
940 1264.0
941 1264.0
942 1264.0
943 1264.0
944 1264.0
945 1264.0
946 1264.0
947 1261.0
948 1261.0
949 1261.0
950 1261.0
951 1261.0
952 1261.0
953 1261.0
954 1261.0
955 1261.0
956 1261.0
957 1261.0
958 1261.0
959 1261.0
960 1261.0
961 1261.0
962 1261.0
963 1261.0
964 1261.0
965 1261.0
966 1261.0
967 1261.0
968 1261.0
969 1261.0
970 1261.0
971 1261.0
972 1261.0
973 1257.0
974 1257.0
975 1257.0
976 1257.0
977 1257.0
978 1257.0
979 1257.0
980 1257.0
981 1257.0
982 1257.0
983 1257.0
984 1257.0
985 1257.0
986 1257.0
987 1215.0
988 1215.0
989 1215.0
990 1215.0
991 1215.0
992 1215.0
993 1215.0
994 1215.0
995 1215.0
996 1215.0
997 1215.0
998 1215.0
999 1215.0
1000 1215.0
1001 1215.0
1002 1215.0
1003 1215.0
1004 1215.0
1005 1215.0
1006 1215.0
1007 1215.0
1008 1215.0
1009 1215.0
1010 1215.0
1011 1215.0
1012 1215.0
1013 1215.0
1014 1215.0
1015 1215.0
1016 1215.0
1017 1215.0
1018 1203.0
1019 1203.0
1020 1203.0
1021 1203.0
1022 1203.0
1023 1203.0
1024 1203.0
1025 1203.0
1026 1201.0
1027 1201.0
1028 1201.0
1029 1201.0
1030 1201.0
1031 1201.0
1032 1201.0
1033 1201.0
1034 1201.0
1035 1201.0
1036 1199.0
1037 1199.0
1038 1187.0
1039 1187.0
1040 1187.0
1041 1187.0
1042 1187.0
1043 1187.0
1044 1187.0
1045 1187.0
1046 1187.0
1047 1187.0
1048 1187.0
1049 1187.0
1050 1187.0
1051 1187.0
1052 1187.0
1053 1187.0
1054 1187.0
1055 1187.0
1056 1187.0
1057 1185.0
1058 1185.0
1059 1185.0
1060 1185.0
1061 1185.0
1062 1185.0
1063 1184.0
1064 1184.0
1065 1184.0
1066 1184.0
1067 1184.0
1068 1184.0
1069 1184.0
1070 1184.0
1071 1184.0
1072 1184.0
1073 1184.0
1074 1184.0
1075 1184.0
1076 1184.0
1077 1184.0
1078 1184.0
1079 1184.0
1080 1184.0
1081 1184.0
1082 1184.0
1083 1184.0
1084 1184.0
1085 1184.0
1086 1184.0
1087 1184.0
1088 1184.0
1089 1184.0
1090 1184.0
1091 1184.0
1092 1184.0
1093 1184.0
1094 1184.0
1095 1167.0
1096 1167.0
1097 1167.0
1098 1167.0
1099 1167.0
1100 1167.0
1101 1167.0
1102 1167.0
1103 1167.0
1104 1167.0
1105 1167.0
1106 1134.0
1107 1134.0
1108 1134.0
1109 1134.0
1110 1134.0
1111 1134.0
1112 1134.0
1113 1134.0
1114 1134.0
1115 1134.0
1116 1134.0
1117 1134.0
1118 1134.0
1119 1134.0
1120 1134.0
1121 1134.0
1122 1134.0
1123 1134.0
1124 1134.0
1125 1134.0
1126 1134.0
1127 1134.0
1128 1134.0
1129 1134.0
1130 1134.0
1131 1134.0
1132 1134.0
1133 1134.0
1134 1134.0
1135 1134.0
1136 1134.0
1137 1134.0
1138 1134.0
1139 1134.0
1140 1134.0
1141 1134.0
1142 1134.0
1143 1134.0
1144 1134.0
1145 1134.0
1146 1134.0
1147 1134.0
1148 1134.0
1149 1134.0
1150 1134.0
1151 1134.0
1152 1134.0
1153 1134.0
1154 1134.0
1155 1134.0
1156 1134.0
1157 1134.0
1158 1134.0
1159 1134.0
1160 1134.0
1161 1134.0
1162 1134.0
1163 1134.0
1164 1134.0
1165 1134.0
1166 1134.0
1167 1134.0
1168 1134.0
1169 1134.0
1170 1134.0
1171 1134.0
1172 1134.0
1173 1134.0
1174 1134.0
1175 1134.0
1176 1134.0
1177 1134.0
1178 1134.0
1179 1134.0
1180 1134.0
1181 1134.0
1182 1134.0
1183 1134.0
1184 1134.0
1185 1134.0
1186 1134.0
1187 1134.0
1188 1134.0
1189 1134.0
1190 1134.0
1191 1134.0
1192 1134.0
1193 1134.0
1194 1134.0
1195 1134.0
1196 1134.0
1197 1134.0
1198 1134.0
1199 1134.0
1200 1134.0
1201 1134.0
1202 1134.0
1203 1134.0
1204 1134.0
1205 1134.0
1206 1134.0
1207 1134.0
1208 1134.0
1209 1134.0
1210 1134.0
1211 1134.0
1212 1134.0
1213 1134.0
1214 1134.0
1215 1134.0
1216 1134.0
1217 1134.0
1218 1134.0
1219 1134.0
1220 1134.0
1221 1134.0
1222 1134.0
1223 1134.0
1224 1134.0
1225 1134.0
1226 1134.0
1227 1134.0
1228 1134.0
1229 1134.0
1230 1134.0
1231 1134.0
1232 1134.0
1233 1134.0
1234 1134.0
1235 1134.0
1236 1134.0
1237 1134.0
1238 1134.0
1239 1134.0
1240 1131.0
1241 1131.0
1242 1131.0
1243 1131.0
1244 1131.0
1245 1131.0
1246 1131.0
1247 1131.0
1248 1131.0
1249 1131.0
1250 1131.0
1251 1131.0
1252 1131.0
1253 1131.0
1254 1131.0
1255 1131.0
1256 1131.0
1257 1131.0
1258 1131.0
1259 1131.0
1260 1131.0
1261 1131.0
1262 1131.0
1263 1131.0
1264 1131.0
1265 1131.0
1266 1131.0
1267 1131.0
1268 1131.0
1269 1131.0
1270 1131.0
1271 1131.0
1272 1131.0
1273 1131.0
1274 1131.0
1275 1131.0
1276 1131.0
1277 1131.0
1278 1131.0
1279 1131.0
1280 1131.0
1281 1131.0
1282 1131.0
1283 1131.0
1284 1131.0
1285 1131.0
1286 1131.0
1287 1131.0
1288 1131.0
1289 1131.0
1290 1131.0
1291 1131.0
1292 1131.0
1293 1131.0
1294 1131.0
1295 1131.0
1296 1131.0
1297 1131.0
1298 1131.0
1299 1131.0
1300 1131.0
1301 1131.0
1302 1131.0
1303 1131.0
1304 1131.0
1305 1131.0
1306 1131.0
1307 1131.0
1308 1131.0
1309 1131.0
1310 1131.0
1311 1131.0
1312 1131.0
1313 1131.0
1314 1131.0
1315 1131.0
1316 1131.0
1317 1131.0
1318 1131.0
1319 1131.0
1320 1131.0
1321 1131.0
1322 1131.0
1323 1131.0
1324 1131.0
1325 1131.0
1326 1131.0
1327 1131.0
1328 1131.0
1329 1131.0
1330 1131.0
1331 1131.0
1332 1131.0
1333 1131.0
1334 1131.0
1335 1131.0
1336 1131.0
1337 1131.0
1338 1131.0
1339 1131.0
1340 1131.0
1341 1131.0
1342 1131.0
1343 1131.0
1344 1131.0
1345 1131.0
1346 1131.0
1347 1131.0
1348 1131.0
1349 1131.0
1350 1131.0
1351 1131.0
1352 1131.0
1353 1131.0
1354 1131.0
1355 1131.0
1356 1131.0
1357 1131.0
1358 1131.0
1359 1131.0
1360 1131.0
1361 1131.0
1362 1131.0
1363 1131.0
1364 1131.0
1365 1131.0
1366 1131.0
1367 1131.0
1368 1131.0
1369 1131.0
1370 1131.0
1371 1131.0
1372 1131.0
1373 1130.0
1374 1130.0
1375 1130.0
1376 1130.0
1377 1130.0
1378 1130.0
1379 1130.0
1380 1130.0
1381 1130.0
1382 1130.0
1383 1130.0
1384 1130.0
1385 1130.0
1386 1130.0
1387 1130.0
1388 1130.0
1389 1130.0
1390 1130.0
1391 1130.0
1392 1130.0
1393 1130.0
1394 1128.0
1395 1128.0
1396 1128.0
1397 1128.0
1398 1128.0
1399 1128.0
1400 1128.0
1401 1128.0
1402 1128.0
1403 1128.0
1404 1128.0
1405 1128.0
1406 1128.0
1407 1128.0
1408 1128.0
1409 1128.0
1410 1128.0
1411 1128.0
1412 1128.0
1413 1128.0
1414 1128.0
1415 1128.0
1416 1128.0
1417 1128.0
1418 1128.0
1419 1113.0
1420 1113.0
1421 1113.0
1422 1113.0
1423 1113.0
1424 1113.0
1425 1113.0
1426 1113.0
1427 1113.0
1428 1113.0
1429 1113.0
1430 1113.0
1431 1113.0
1432 1113.0
1433 1113.0
1434 1113.0
1435 1113.0
1436 1113.0
1437 1113.0
1438 1113.0
1439 1113.0
1440 1113.0
1441 1113.0
1442 1113.0
1443 1113.0
1444 1113.0
1445 1113.0
1446 1113.0
1447 1113.0
1448 1113.0
1449 1113.0
1450 1113.0
1451 1113.0
1452 1113.0
1453 1113.0
1454 1113.0
1455 1113.0
1456 1113.0
1457 1113.0
1458 1113.0
1459 1113.0
1460 1113.0
1461 1113.0
1462 1113.0
1463 1113.0
1464 1113.0
1465 1113.0
1466 1113.0
1467 1113.0
1468 1113.0
1469 1113.0
1470 1113.0
1471 1113.0
1472 1113.0
1473 1113.0
1474 1113.0
1475 1113.0
1476 1113.0
1477 1113.0
1478 1113.0
1479 1113.0
1480 1113.0
1481 1113.0
1482 1113.0
1483 1113.0
1484 1113.0
1485 1113.0
1486 1113.0
1487 1113.0
1488 1113.0
1489 1113.0
1490 1113.0
1491 1113.0
1492 1113.0
1493 1113.0
1494 1113.0
1495 1113.0
1496 1113.0
1497 1113.0
1498 1113.0
1499 1113.0
1500 1113.0
1501 1113.0
1502 1113.0
1503 1113.0
1504 1113.0
1505 1113.0
1506 1113.0
1507 1113.0
1508 1113.0
1509 1113.0
1510 1113.0
1511 1113.0
1512 1113.0
1513 1113.0
1514 1113.0
1515 1113.0
1516 1113.0
1517 1113.0
1518 1113.0
1519 1113.0
1520 1113.0
1521 1113.0
1522 1113.0
1523 1113.0
1524 1113.0
1525 1113.0
1526 1113.0
1527 1113.0
1528 1113.0
1529 1113.0
1530 1113.0
1531 1113.0
1532 1113.0
1533 1113.0
1534 1113.0
1535 1113.0
1536 1113.0
1537 1113.0
1538 1113.0
1539 1113.0
1540 1113.0
1541 1113.0
1542 1113.0
1543 1113.0
1544 1113.0
1545 1113.0
1546 1113.0
1547 1113.0
1548 1113.0
1549 1113.0
1550 1113.0
1551 1113.0
1552 1113.0
1553 1113.0
1554 1113.0
1555 1113.0
1556 1113.0
1557 1113.0
1558 1113.0
1559 1113.0
1560 1113.0
1561 1113.0
1562 1113.0
1563 1113.0
1564 1113.0
1565 1113.0
1566 1113.0
1567 1113.0
1568 1113.0
1569 1113.0
1570 1113.0
1571 1113.0
1572 1113.0
1573 1113.0
1574 1113.0
1575 1113.0
1576 1113.0
1577 1113.0
1578 1113.0
1579 1113.0
1580 1113.0
1581 1113.0
1582 1113.0
1583 1113.0
1584 1113.0
1585 1113.0
1586 1113.0
1587 1113.0
1588 1113.0
1589 1113.0
1590 1113.0
1591 1113.0
1592 1113.0
1593 1113.0
1594 1113.0
1595 1113.0
1596 1113.0
1597 1113.0
1598 1113.0
1599 1113.0
1600 1113.0
1601 1113.0
1602 1113.0
1603 1113.0
1604 1113.0
1605 1113.0
1606 1113.0
1607 1113.0
1608 1113.0
1609 1113.0
1610 1113.0
1611 1113.0
1612 1113.0
1613 1113.0
1614 1113.0
1615 1113.0
1616 1113.0
1617 1113.0
1618 1113.0
1619 1113.0
1620 1113.0
1621 1113.0
1622 1113.0
1623 1113.0
1624 1113.0
1625 1113.0
1626 1113.0
1627 1113.0
1628 1113.0
1629 1113.0
1630 1113.0
1631 1113.0
1632 1113.0
1633 1113.0
1634 1113.0
1635 1113.0
1636 1113.0
1637 1113.0
1638 1113.0
1639 1113.0
1640 1113.0
1641 1113.0
1642 1113.0
1643 1113.0
1644 1113.0
1645 1113.0
1646 1113.0
1647 1113.0
1648 1113.0
1649 1113.0
1650 1113.0
1651 1113.0
1652 1113.0
1653 1113.0
1654 1113.0
1655 1113.0
1656 1113.0
1657 1113.0
1658 1113.0
1659 1113.0
1660 1113.0
1661 1113.0
1662 1113.0
1663 1113.0
1664 1113.0
1665 1113.0
1666 1113.0
1667 1113.0
1668 1113.0
1669 1113.0
1670 1113.0
1671 1113.0
1672 1113.0
1673 1113.0
1674 1113.0
1675 1113.0
1676 1113.0
1677 1113.0
1678 1113.0
1679 1113.0
1680 1113.0
1681 1113.0
1682 1113.0
1683 1113.0
1684 1113.0
1685 1113.0
1686 1113.0
1687 1113.0
1688 1113.0
1689 1113.0
1690 1113.0
1691 1113.0
1692 1113.0
1693 1113.0
1694 1113.0
1695 1113.0
1696 1113.0
1697 1113.0
1698 1113.0
1699 1113.0
1700 1113.0
1701 1113.0
1702 1113.0
1703 1113.0
1704 1113.0
1705 1113.0
1706 1113.0
1707 1113.0
1708 1113.0
1709 1113.0
1710 1113.0
1711 1113.0
1712 1113.0
1713 1113.0
1714 1113.0
1715 1113.0
1716 1113.0
1717 1113.0
1718 1113.0
1719 1113.0
1720 1113.0
1721 1113.0
1722 1113.0
1723 1113.0
1724 1113.0
1725 1113.0
1726 1113.0
1727 1113.0
1728 1113.0
1729 1113.0
1730 1113.0
1731 1113.0
1732 1113.0
1733 1113.0
1734 1113.0
1735 1113.0
1736 1113.0
1737 1113.0
1738 1113.0
1739 1113.0
1740 1113.0
1741 1113.0
1742 1113.0
1743 1113.0
1744 1113.0
1745 1113.0
1746 1113.0
1747 1113.0
1748 1113.0
1749 1113.0
1750 1113.0
1751 1113.0
1752 1113.0
1753 1113.0
1754 1113.0
1755 1113.0
1756 1113.0
1757 1113.0
1758 1113.0
1759 1113.0
1760 1113.0
1761 1113.0
1762 1113.0
1763 1113.0
1764 1113.0
1765 1113.0
1766 1113.0
1767 1113.0
1768 1113.0
1769 1113.0
1770 1113.0
1771 1113.0
1772 1113.0
1773 1113.0
1774 1113.0
1775 1113.0
1776 1113.0
1777 1113.0
1778 1113.0
1779 1113.0
1780 1113.0
1781 1113.0
1782 1113.0
1783 1113.0
1784 1113.0
1785 1113.0
1786 1113.0
1787 1113.0
1788 1113.0
1789 1113.0
1790 1113.0
1791 1113.0
1792 1113.0
1793 1113.0
1794 1113.0
1795 1113.0
1796 1113.0
1797 1113.0
1798 1113.0
1799 1113.0
1800 1113.0
1801 1113.0
1802 1113.0
1803 1113.0
1804 1113.0
1805 1113.0
1806 1113.0
1807 1113.0
1808 1113.0
1809 1113.0
1810 1113.0
1811 1113.0
1812 1113.0
1813 1113.0
1814 1113.0
1815 1113.0
1816 1113.0
1817 1113.0
1818 1113.0
1819 1113.0
1820 1113.0
1821 1113.0
1822 1113.0
1823 1113.0
1824 1113.0
1825 1113.0
1826 1113.0
1827 1113.0
1828 1113.0
1829 1113.0
1830 1113.0
1831 1113.0
1832 1113.0
1833 1113.0
1834 1113.0
1835 1113.0
1836 1113.0
1837 1113.0
1838 1113.0
1839 1113.0
1840 1113.0
1841 1113.0
1842 1113.0
1843 1113.0
1844 1113.0
1845 1113.0
1846 1113.0
1847 1113.0
1848 1113.0
1849 1113.0
1850 1113.0
1851 1113.0
1852 1113.0
1853 1113.0
1854 1113.0
1855 1113.0
1856 1113.0
1857 1113.0
1858 1113.0
1859 1113.0
1860 1113.0
1861 1113.0
1862 1113.0
1863 1113.0
1864 1113.0
1865 1113.0
1866 1113.0
1867 1113.0
1868 1113.0
1869 1113.0
1870 1113.0
1871 1113.0
1872 1113.0
1873 1113.0
1874 1113.0
1875 1113.0
1876 1113.0
1877 1113.0
1878 1113.0
1879 1113.0
1880 1113.0
1881 1113.0
1882 1113.0
1883 1113.0
1884 1113.0
1885 1113.0
1886 1113.0
1887 1113.0
1888 1113.0
1889 1113.0
1890 1113.0
1891 1113.0
1892 1113.0
1893 1113.0
1894 1113.0
1895 1113.0
1896 1113.0
1897 1113.0
1898 1113.0
1899 1113.0
1900 1113.0
1901 1113.0
1902 1113.0
1903 1113.0
1904 1113.0
1905 1113.0
1906 1113.0
1907 1113.0
1908 1113.0
1909 1113.0
1910 1113.0
1911 1113.0
1912 1113.0
1913 1113.0
1914 1113.0
1915 1113.0
1916 1113.0
1917 1113.0
1918 1113.0
1919 1113.0
1920 1113.0
1921 1113.0
1922 1113.0
1923 1113.0
1924 1113.0
1925 1111.0
1926 1111.0
1927 1111.0
1928 1111.0
1929 1111.0
1930 1111.0
1931 1111.0
1932 1111.0
1933 1111.0
1934 1111.0
1935 1111.0
1936 1111.0
1937 1111.0
1938 1111.0
1939 1111.0
1940 1111.0
1941 1111.0
1942 1111.0
1943 1111.0
1944 1111.0
1945 1111.0
1946 1111.0
1947 1111.0
1948 1111.0
1949 1111.0
1950 1111.0
1951 1111.0
1952 1111.0
1953 1111.0
1954 1111.0
1955 1111.0
1956 1111.0
1957 1111.0
1958 1111.0
1959 1111.0
1960 1111.0
1961 1111.0
1962 1111.0
1963 1111.0
1964 1111.0
1965 1111.0
1966 1111.0
1967 1111.0
1968 1111.0
1969 1111.0
1970 1111.0
1971 1111.0
1972 1111.0
1973 1111.0
1974 1111.0
1975 1111.0
1976 1111.0
1977 1111.0
1978 1111.0
1979 1111.0
1980 1111.0
1981 1111.0
1982 1111.0
1983 1111.0
1984 1111.0
1985 1111.0
1986 1111.0
1987 1111.0
1988 1111.0
1989 1111.0
1990 1111.0
1991 1111.0
1992 1111.0
1993 1111.0
1994 1111.0
1995 1111.0
1996 1111.0
1997 1111.0
1998 1111.0
1999 1111.0
2000 1111.0
2001 1111.0
2002 1111.0
2003 1111.0
2004 1111.0
2005 1111.0
2006 1111.0
2007 1111.0
2008 1111.0
2009 1111.0
2010 1111.0
2011 1111.0
2012 1111.0
2013 1111.0
2014 1111.0
2015 1111.0
2016 1111.0
2017 1111.0
2018 1111.0
2019 1111.0
2020 1111.0
2021 1111.0
2022 1111.0
2023 1111.0
2024 1111.0
2025 1111.0
2026 1111.0
2027 1111.0
2028 1111.0
2029 1111.0
2030 1111.0
2031 1111.0
2032 1111.0
2033 1111.0
2034 1111.0
2035 1111.0
2036 1111.0
2037 1111.0
2038 1111.0
2039 1111.0
2040 1111.0
2041 1111.0
2042 1111.0
2043 1111.0
2044 1111.0
2045 1111.0
2046 1111.0
2047 1111.0
2048 1111.0
2049 1111.0
2050 1111.0
2051 1111.0
2052 1111.0
2053 1111.0
2054 1111.0
2055 1111.0
2056 1111.0
2057 1111.0
2058 1111.0
2059 1111.0
2060 1111.0
2061 1111.0
2062 1111.0
2063 1111.0
2064 1111.0
2065 1111.0
2066 1111.0
2067 1111.0
2068 1111.0
2069 1111.0
2070 1111.0
2071 1111.0
2072 1111.0
2073 1111.0
2074 1111.0
2075 1111.0
2076 1111.0
2077 1111.0
2078 1111.0
2079 1111.0
2080 1111.0
2081 1111.0
2082 1111.0
2083 1111.0
2084 1111.0
2085 1111.0
2086 1111.0
2087 1111.0
2088 1111.0
2089 1111.0
2090 1111.0
2091 1111.0
2092 1111.0
2093 1111.0
2094 1111.0
2095 1111.0
2096 1111.0
2097 1111.0
2098 1111.0
2099 1111.0
2100 1111.0
2101 1111.0
2102 1111.0
2103 1111.0
2104 1111.0
2105 1111.0
2106 1111.0
2107 1111.0
2108 1111.0
2109 1111.0
2110 1111.0
2111 1111.0
2112 1111.0
2113 1111.0
2114 1111.0
2115 1111.0
2116 1111.0
2117 1111.0
2118 1111.0
2119 1111.0
2120 1111.0
2121 1111.0
2122 1111.0
2123 1111.0
2124 1111.0
2125 1111.0
2126 1111.0
2127 1111.0
2128 1111.0
2129 1111.0
2130 1111.0
2131 1111.0
2132 1111.0
2133 1111.0
2134 1111.0
2135 1111.0
2136 1111.0
2137 1111.0
2138 1111.0
2139 1111.0
2140 1111.0
2141 1111.0
2142 1111.0
2143 1111.0
2144 1111.0
2145 1111.0
2146 1111.0
2147 1111.0
2148 1111.0
2149 1111.0
2150 1111.0
2151 1111.0
2152 1111.0
2153 1111.0
2154 1111.0
2155 1111.0
2156 1111.0
2157 1111.0
2158 1111.0
2159 1111.0
2160 1111.0
2161 1111.0
2162 1111.0
2163 1111.0
2164 1111.0
2165 1111.0
2166 1111.0
2167 1111.0
2168 1111.0
2169 1111.0
2170 1111.0
2171 1111.0
2172 1111.0
2173 1111.0
2174 1111.0
2175 1111.0
2176 1111.0
2177 1111.0
2178 1111.0
2179 1111.0
2180 1111.0
2181 1111.0
2182 1111.0
2183 1111.0
2184 1111.0
2185 1111.0
2186 1111.0
2187 1111.0
2188 1111.0
2189 1111.0
2190 1111.0
2191 1111.0
2192 1111.0
2193 1111.0
2194 1111.0
2195 1111.0
2196 1111.0
2197 1111.0
2198 1111.0
2199 1111.0
2200 1111.0
2201 1111.0
2202 1111.0
2203 1111.0
2204 1111.0
2205 1111.0
2206 1111.0
2207 1111.0
2208 1111.0
2209 1111.0
2210 1111.0
2211 1111.0
2212 1111.0
2213 1111.0
2214 1111.0
2215 1111.0
2216 1111.0
2217 1111.0
2218 1111.0
2219 1111.0
2220 1111.0
2221 1111.0
2222 1111.0
2223 1111.0
2224 1111.0
2225 1111.0
2226 1111.0
2227 1111.0
2228 1111.0
2229 1111.0
2230 1111.0
2231 1111.0
2232 1111.0
2233 1111.0
2234 1111.0
2235 1111.0
2236 1111.0
2237 1111.0
2238 1111.0
2239 1111.0
2240 1111.0
2241 1111.0
2242 1111.0
2243 1111.0
2244 1111.0
2245 1111.0
2246 1111.0
2247 1111.0
2248 1111.0
2249 1111.0
2250 1111.0
2251 1111.0
2252 1111.0
2253 1111.0
2254 1111.0
2255 1111.0
2256 1111.0
2257 1111.0
2258 1111.0
2259 1111.0
2260 1111.0
2261 1111.0
2262 1111.0
2263 1111.0
2264 1111.0
2265 1111.0
2266 1111.0
2267 1111.0
2268 1111.0
2269 1111.0
2270 1111.0
2271 1111.0
2272 1111.0
2273 1111.0
2274 1111.0
2275 1111.0
2276 1111.0
2277 1111.0
2278 1111.0
2279 1111.0
2280 1111.0
2281 1111.0
2282 1111.0
2283 1111.0
2284 1111.0
2285 1111.0
2286 1111.0
2287 1111.0
2288 1111.0
2289 1111.0
2290 1111.0
2291 1111.0
2292 1111.0
2293 1111.0
2294 1111.0
2295 1111.0
2296 1111.0
2297 1111.0
2298 1111.0
2299 1111.0
2300 1111.0
2301 1111.0
2302 1111.0
2303 1111.0
2304 1111.0
2305 1111.0
2306 1111.0
2307 1111.0
2308 1111.0
2309 1111.0
2310 1111.0
2311 1111.0
2312 1111.0
2313 1111.0
2314 1111.0
2315 1111.0
2316 1111.0
2317 1111.0
2318 1111.0
2319 1111.0
2320 1111.0
2321 1111.0
2322 1111.0
2323 1111.0
2324 1111.0
2325 1111.0
2326 1111.0
2327 1111.0
2328 1111.0
2329 1111.0
2330 1111.0
2331 1111.0
2332 1111.0
2333 1111.0
2334 1111.0
2335 1111.0
2336 1111.0
2337 1111.0
2338 1111.0
2339 1111.0
2340 1111.0
2341 1111.0
2342 1111.0
2343 1111.0
2344 1111.0
2345 1111.0
2346 1111.0
2347 1111.0
2348 1111.0
2349 1111.0
2350 1111.0
2351 1111.0
2352 1111.0
2353 1111.0
2354 1111.0
2355 1111.0
2356 1111.0
2357 1111.0
2358 1111.0
2359 1111.0
2360 1111.0
2361 1111.0
2362 1111.0
2363 1111.0
2364 1111.0
2365 1111.0
2366 1111.0
2367 1111.0
2368 1111.0
2369 1111.0
2370 1111.0
2371 1111.0
2372 1111.0
2373 1111.0
2374 1111.0
2375 1111.0
2376 1111.0
2377 1111.0
2378 1111.0
2379 1111.0
2380 1111.0
2381 1111.0
2382 1111.0
2383 1111.0
2384 1111.0
2385 1111.0
2386 1111.0
2387 1111.0
2388 1111.0
2389 1111.0
2390 1111.0
2391 1111.0
2392 1111.0
2393 1111.0
2394 1111.0
2395 1111.0
2396 1111.0
2397 1111.0
2398 1111.0
2399 1111.0
2400 1111.0
2401 1111.0
2402 1111.0
2403 1111.0
2404 1111.0
2405 1111.0
2406 1111.0
2407 1111.0
2408 1111.0
2409 1111.0
2410 1111.0
2411 1111.0
2412 1111.0
2413 1111.0
2414 1111.0
2415 1111.0
2416 1111.0
2417 1111.0
2418 1111.0
2419 1111.0
2420 1111.0
2421 1111.0
2422 1111.0
2423 1111.0
2424 1111.0
2425 1111.0
2426 1111.0
2427 1111.0
2428 1111.0
2429 1111.0
2430 1111.0
2431 1111.0
2432 1111.0
2433 1111.0
2434 1111.0
2435 1111.0
2436 1111.0
2437 1111.0
2438 1111.0
2439 1111.0
2440 1111.0
2441 1111.0
2442 1111.0
2443 1111.0
2444 1111.0
2445 1111.0
2446 1111.0
2447 1111.0
2448 1111.0
2449 1111.0
2450 1111.0
2451 1111.0
2452 1111.0
2453 1111.0
2454 1111.0
2455 1111.0
2456 1111.0
2457 1111.0
2458 1111.0
2459 1111.0
2460 1111.0
2461 1111.0
2462 1111.0
2463 1111.0
2464 1111.0
2465 1111.0
2466 1111.0
2467 1111.0
2468 1111.0
2469 1111.0
2470 1111.0
2471 1111.0
2472 1111.0
2473 1111.0
2474 1111.0
2475 1111.0
2476 1111.0
2477 1111.0
2478 1111.0
2479 1111.0
2480 1111.0
2481 1111.0
2482 1111.0
2483 1111.0
2484 1111.0
2485 1111.0
2486 1111.0
2487 1111.0
2488 1111.0
2489 1111.0
2490 1111.0
2491 1111.0
2492 1111.0
2493 1111.0
2494 1111.0
2495 1107.0
2496 1107.0
2497 1107.0
2498 1107.0
2499 1107.0
2500 1107.0
2501 1107.0
2502 1107.0
2503 1107.0
2504 1107.0
2505 1107.0
2506 1107.0
2507 1107.0
2508 1107.0
2509 1107.0
2510 1107.0
2511 1107.0
2512 1107.0
2513 1107.0
2514 1107.0
2515 1107.0
2516 1107.0
2517 1107.0
2518 1107.0
2519 1107.0
2520 1107.0
2521 1107.0
2522 1107.0
2523 1107.0
2524 1107.0
2525 1107.0
2526 1107.0
2527 1107.0
2528 1107.0
2529 1107.0
2530 1107.0
2531 1107.0
2532 1107.0
2533 1107.0
2534 1107.0
2535 1107.0
2536 1107.0
2537 1107.0
2538 1107.0
2539 1107.0
2540 1107.0
2541 1107.0
2542 1107.0
2543 1107.0
2544 1107.0
2545 1107.0
2546 1107.0
2547 1107.0
2548 1107.0
2549 1107.0
2550 1107.0
2551 1107.0
2552 1107.0
2553 1107.0
2554 1107.0
2555 1107.0
2556 1107.0
2557 1107.0
2558 1107.0
2559 1107.0
2560 1107.0
2561 1107.0
2562 1107.0
2563 1107.0
2564 1107.0
2565 1107.0
2566 1107.0
2567 1107.0
2568 1107.0
2569 1107.0
2570 1107.0
2571 1107.0
2572 1107.0
2573 1107.0
2574 1107.0
2575 1107.0
2576 1107.0
2577 1107.0
2578 1107.0
2579 1107.0
2580 1107.0
2581 1107.0
2582 1107.0
2583 1107.0
2584 1107.0
2585 1107.0
2586 1107.0
2587 1107.0
2588 1107.0
2589 1107.0
2590 1107.0
2591 1107.0
2592 1107.0
2593 1107.0
2594 1107.0
2595 1107.0
2596 1107.0
2597 1107.0
2598 1107.0
2599 1107.0
2600 1107.0
2601 1107.0
2602 1107.0
2603 1107.0
2604 1107.0
2605 1107.0
2606 1107.0
2607 1107.0
2608 1107.0
2609 1107.0
2610 1107.0
2611 1107.0
2612 1107.0
2613 1107.0
2614 1107.0
2615 1107.0
2616 1107.0
2617 1107.0
2618 1107.0
2619 1107.0
2620 1107.0
2621 1107.0
2622 1107.0
2623 1107.0
2624 1107.0
2625 1107.0
2626 1107.0
2627 1107.0
2628 1107.0
2629 1107.0
2630 1107.0
2631 1107.0
2632 1107.0
2633 1107.0
2634 1107.0
2635 1107.0
2636 1107.0
2637 1107.0
2638 1107.0
2639 1107.0
2640 1107.0
2641 1107.0
2642 1107.0
2643 1107.0
2644 1107.0
2645 1107.0
2646 1107.0
2647 1107.0
2648 1107.0
2649 1107.0
2650 1107.0
2651 1107.0
2652 1107.0
2653 1107.0
2654 1107.0
2655 1107.0
2656 1107.0
2657 1107.0
2658 1107.0
2659 1107.0
2660 1107.0
2661 1107.0
2662 1107.0
2663 1107.0
2664 1107.0
2665 1107.0
2666 1107.0
2667 1107.0
2668 1107.0
2669 1107.0
2670 1107.0
2671 1107.0
2672 1107.0
2673 1107.0
2674 1107.0
2675 1107.0
2676 1107.0
2677 1107.0
2678 1107.0
2679 1107.0
2680 1107.0
2681 1107.0
2682 1107.0
2683 1107.0
2684 1107.0
2685 1107.0
2686 1107.0
2687 1107.0
2688 1107.0
2689 1107.0
2690 1107.0
2691 1107.0
2692 1107.0
2693 1107.0
2694 1107.0
2695 1107.0
2696 1107.0
2697 1107.0
2698 1107.0
2699 1107.0
2700 1107.0
2701 1107.0
2702 1107.0
2703 1107.0
2704 1107.0
2705 1107.0
2706 1107.0
2707 1107.0
2708 1107.0
2709 1107.0
2710 1107.0
2711 1107.0
2712 1107.0
2713 1107.0
2714 1107.0
2715 1107.0
2716 1107.0
2717 1107.0
2718 1107.0
2719 1107.0
2720 1107.0
2721 1107.0
2722 1107.0
2723 1107.0
2724 1107.0
2725 1107.0
2726 1107.0
2727 1107.0
2728 1107.0
2729 1107.0
2730 1107.0
2731 1107.0
2732 1107.0
2733 1107.0
2734 1107.0
2735 1107.0
2736 1107.0
2737 1107.0
2738 1107.0
2739 1107.0
2740 1107.0
2741 1107.0
2742 1107.0
2743 1107.0
2744 1107.0
2745 1107.0
2746 1107.0
2747 1107.0
2748 1107.0
2749 1107.0
2750 1107.0
2751 1107.0
2752 1107.0
2753 1107.0
2754 1107.0
2755 1107.0
2756 1107.0
2757 1107.0
2758 1107.0
2759 1107.0
2760 1107.0
2761 1107.0
2762 1107.0
2763 1107.0
2764 1107.0
2765 1107.0
2766 1107.0
2767 1107.0
2768 1107.0
2769 1107.0
2770 1107.0
2771 1107.0
2772 1107.0
2773 1107.0
2774 1107.0
2775 1107.0
2776 1107.0
2777 1107.0
2778 1107.0
2779 1107.0
2780 1107.0
2781 1107.0
2782 1107.0
2783 1107.0
2784 1107.0
2785 1107.0
2786 1107.0
2787 1107.0
2788 1107.0
2789 1107.0
2790 1107.0
2791 1107.0
2792 1107.0
2793 1107.0
2794 1107.0
2795 1107.0
2796 1107.0
2797 1107.0
2798 1107.0
2799 1107.0
2800 1107.0
2801 1107.0
2802 1107.0
2803 1107.0
2804 1107.0
2805 1107.0
2806 1107.0
2807 1107.0
2808 1107.0
2809 1107.0
2810 1107.0
2811 1107.0
2812 1107.0
2813 1107.0
2814 1107.0
2815 1107.0
2816 1107.0
2817 1107.0
2818 1107.0
2819 1107.0
2820 1107.0
2821 1107.0
2822 1107.0
2823 1107.0
2824 1107.0
2825 1107.0
2826 1107.0
2827 1107.0
2828 1107.0
2829 1107.0
2830 1107.0
2831 1107.0
2832 1107.0
2833 1107.0
2834 1107.0
2835 1107.0
2836 1107.0
2837 1107.0
2838 1107.0
2839 1107.0
2840 1107.0
2841 1107.0
2842 1107.0
2843 1107.0
2844 1107.0
2845 1107.0
2846 1107.0
2847 1107.0
2848 1107.0
2849 1107.0
2850 1107.0
2851 1107.0
2852 1107.0
2853 1107.0
2854 1107.0
2855 1107.0
2856 1107.0
2857 1107.0
2858 1107.0
2859 1107.0
2860 1107.0
2861 1107.0
2862 1107.0
2863 1107.0
2864 1107.0
2865 1107.0
2866 1107.0
2867 1107.0
2868 1107.0
2869 1107.0
2870 1107.0
2871 1107.0
2872 1107.0
2873 1107.0
2874 1107.0
2875 1107.0
2876 1107.0
2877 1107.0
2878 1107.0
2879 1107.0
2880 1107.0
2881 1107.0
2882 1107.0
2883 1107.0
2884 1107.0
2885 1107.0
2886 1107.0
2887 1107.0
2888 1107.0
2889 1107.0
2890 1107.0
2891 1107.0
2892 1107.0
2893 1107.0
2894 1107.0
2895 1107.0
2896 1107.0
2897 1107.0
2898 1107.0
2899 1107.0
2900 1107.0
2901 1107.0
2902 1107.0
2903 1107.0
2904 1107.0
2905 1107.0
2906 1107.0
2907 1107.0
2908 1107.0
2909 1107.0
2910 1107.0
2911 1107.0
2912 1107.0
2913 1107.0
2914 1107.0
2915 1107.0
2916 1107.0
2917 1107.0
2918 1107.0
2919 1107.0
2920 1107.0
2921 1107.0
2922 1107.0
2923 1107.0
2924 1107.0
2925 1107.0
2926 1107.0
2927 1107.0
2928 1107.0
2929 1107.0
2930 1107.0
2931 1107.0
2932 1107.0
2933 1107.0
2934 1107.0
2935 1107.0
2936 1107.0
2937 1107.0
2938 1107.0
2939 1107.0
2940 1107.0
2941 1107.0
2942 1107.0
2943 1107.0
2944 1107.0
2945 1107.0
2946 1107.0
2947 1107.0
2948 1107.0
2949 1107.0
2950 1107.0
2951 1107.0
2952 1107.0
2953 1107.0
2954 1107.0
2955 1107.0
2956 1107.0
2957 1107.0
2958 1107.0
2959 1107.0
2960 1107.0
2961 1107.0
2962 1107.0
2963 1107.0
2964 1107.0
2965 1107.0
2966 1107.0
2967 1107.0
2968 1107.0
2969 1107.0
2970 1107.0
2971 1107.0
2972 1107.0
2973 1107.0
2974 1107.0
2975 1107.0
2976 1107.0
2977 1107.0
2978 1107.0
2979 1107.0
2980 1107.0
2981 1107.0
2982 1107.0
2983 1107.0
2984 1107.0
2985 1107.0
2986 1107.0
2987 1107.0
2988 1107.0
2989 1107.0
2990 1107.0
2991 1107.0
2992 1107.0
2993 1107.0
2994 1107.0
2995 1107.0
2996 1107.0
2997 1107.0
2998 1107.0
2999 1107.0
3000 1107.0
3001 1107.0
3002 1107.0
3003 1107.0
3004 1107.0
3005 1107.0
3006 1107.0
3007 1107.0
3008 1107.0
3009 1107.0
3010 1107.0
3011 1107.0
3012 1107.0
3013 1107.0
3014 1107.0
3015 1107.0
3016 1107.0
3017 1107.0
3018 1107.0
3019 1107.0
3020 1107.0
3021 1107.0
3022 1107.0
3023 1107.0
3024 1107.0
3025 1107.0
3026 1107.0
3027 1107.0
3028 1107.0
3029 1107.0
3030 1107.0
3031 1107.0
3032 1107.0
3033 1107.0
3034 1107.0
3035 1107.0
3036 1107.0
3037 1107.0
3038 1107.0
3039 1107.0
3040 1107.0
3041 1107.0
3042 1107.0
3043 1107.0
3044 1107.0
3045 1107.0
3046 1107.0
3047 1107.0
3048 1107.0
3049 1107.0
3050 1107.0
3051 1107.0
3052 1107.0
3053 1107.0
3054 1107.0
3055 1107.0
3056 1107.0
3057 1107.0
3058 1107.0
3059 1107.0
3060 1107.0
3061 1107.0
3062 1107.0
3063 1107.0
3064 1107.0
3065 1107.0
3066 1107.0
3067 1107.0
3068 1107.0
3069 1107.0
3070 1107.0
3071 1107.0
3072 1107.0
3073 1107.0
3074 1107.0
3075 1107.0
3076 1107.0
3077 1107.0
3078 1107.0
3079 1107.0
3080 1107.0
3081 1107.0
3082 1107.0
3083 1107.0
3084 1107.0
3085 1107.0
3086 1107.0
3087 1107.0
3088 1107.0
3089 1107.0
3090 1107.0
3091 1107.0
3092 1107.0
3093 1107.0
3094 1107.0
3095 1107.0
3096 1107.0
3097 1107.0
3098 1107.0
3099 1107.0
3100 1107.0
3101 1107.0
3102 1107.0
3103 1107.0
3104 1107.0
3105 1107.0
3106 1107.0
3107 1107.0
3108 1107.0
3109 1107.0
3110 1107.0
3111 1107.0
3112 1107.0
3113 1107.0
3114 1107.0
3115 1107.0
3116 1107.0
3117 1107.0
3118 1107.0
3119 1107.0
3120 1107.0
3121 1107.0
3122 1107.0
3123 1107.0
3124 1107.0
3125 1107.0
3126 1107.0
3127 1107.0
3128 1107.0
3129 1107.0
3130 1107.0
3131 1107.0
3132 1107.0
3133 1107.0
3134 1107.0
3135 1107.0
3136 1107.0
3137 1107.0
3138 1107.0
3139 1107.0
3140 1107.0
3141 1107.0
3142 1107.0
3143 1107.0
3144 1107.0
3145 1107.0
3146 1107.0
3147 1107.0
3148 1107.0
3149 1107.0
3150 1107.0
3151 1107.0
3152 1107.0
3153 1107.0
3154 1107.0
3155 1107.0
3156 1107.0
3157 1107.0
3158 1107.0
3159 1107.0
3160 1107.0
3161 1107.0
3162 1107.0
3163 1107.0
3164 1107.0
3165 1107.0
3166 1107.0
3167 1107.0
3168 1107.0
3169 1107.0
3170 1107.0
3171 1107.0
3172 1107.0
3173 1107.0
3174 1107.0
3175 1107.0
3176 1107.0
3177 1107.0
3178 1107.0
3179 1107.0
3180 1107.0
3181 1107.0
3182 1107.0
3183 1107.0
3184 1107.0
3185 1107.0
3186 1107.0
3187 1107.0
3188 1107.0
3189 1107.0
3190 1107.0
3191 1107.0
3192 1107.0
3193 1107.0
3194 1107.0
3195 1107.0
3196 1107.0
3197 1107.0
3198 1107.0
3199 1107.0
3200 1107.0
3201 1107.0
3202 1107.0
3203 1107.0
3204 1107.0
3205 1107.0
3206 1107.0
3207 1107.0
3208 1107.0
3209 1107.0
3210 1107.0
3211 1107.0
3212 1107.0
3213 1107.0
3214 1107.0
3215 1107.0
3216 1107.0
3217 1107.0
3218 1107.0
3219 1107.0
3220 1107.0
3221 1107.0
3222 1107.0
3223 1107.0
3224 1107.0
3225 1107.0
3226 1107.0
3227 1107.0
3228 1107.0
3229 1107.0
3230 1107.0
3231 1107.0
3232 1107.0
3233 1107.0
3234 1107.0
3235 1107.0
3236 1107.0
3237 1107.0
3238 1107.0
3239 1107.0
3240 1107.0
3241 1107.0
3242 1107.0
3243 1107.0
3244 1107.0
3245 1107.0
3246 1107.0
3247 1107.0
3248 1107.0
3249 1107.0
3250 1107.0
3251 1107.0
3252 1107.0
3253 1107.0
3254 1107.0
3255 1107.0
3256 1107.0
3257 1107.0
3258 1107.0
3259 1107.0
3260 1107.0
3261 1107.0
3262 1107.0
3263 1107.0
3264 1107.0
3265 1107.0
3266 1107.0
3267 1107.0
3268 1107.0
3269 1107.0
3270 1107.0
3271 1107.0
3272 1107.0
3273 1107.0
3274 1107.0
3275 1107.0
3276 1107.0
3277 1107.0
3278 1107.0
3279 1107.0
3280 1107.0
3281 1107.0
3282 1107.0
3283 1107.0
3284 1107.0
3285 1107.0
3286 1107.0
3287 1107.0
3288 1107.0
3289 1107.0
3290 1107.0
3291 1107.0
3292 1107.0
3293 1107.0
3294 1107.0
3295 1107.0
3296 1107.0
3297 1107.0
3298 1107.0
3299 1107.0
3300 1107.0
3301 1107.0
3302 1107.0
3303 1107.0
3304 1107.0
3305 1107.0
3306 1107.0
3307 1107.0
3308 1107.0
3309 1107.0
3310 1107.0
3311 1107.0
3312 1107.0
3313 1107.0
3314 1107.0
3315 1107.0
3316 1107.0
3317 1107.0
3318 1107.0
3319 1107.0
3320 1107.0
3321 1107.0
3322 1107.0
3323 1107.0
3324 1107.0
3325 1107.0
3326 1107.0
3327 1107.0
3328 1107.0
3329 1107.0
3330 1107.0
3331 1107.0
3332 1107.0
3333 1107.0
3334 1107.0
3335 1107.0
3336 1107.0
3337 1107.0
3338 1107.0
3339 1107.0
3340 1107.0
3341 1107.0
3342 1107.0
3343 1107.0
3344 1107.0
3345 1107.0
3346 1107.0
3347 1107.0
3348 1107.0
3349 1107.0
3350 1107.0
3351 1107.0
3352 1107.0
3353 1107.0
3354 1107.0
3355 1107.0
3356 1107.0
3357 1107.0
3358 1107.0
3359 1107.0
3360 1107.0
3361 1107.0
3362 1107.0
3363 1107.0
3364 1107.0
3365 1107.0
3366 1107.0
3367 1107.0
3368 1107.0
3369 1107.0
3370 1107.0
3371 1107.0
3372 1107.0
3373 1107.0
3374 1107.0
3375 1107.0
3376 1107.0
3377 1107.0
3378 1107.0
3379 1107.0
3380 1107.0
3381 1107.0
3382 1107.0
3383 1107.0
3384 1107.0
3385 1107.0
3386 1107.0
3387 1107.0
3388 1107.0
3389 1107.0
3390 1107.0
3391 1107.0
3392 1107.0
3393 1107.0
3394 1107.0
3395 1107.0
3396 1107.0
3397 1107.0
3398 1107.0
3399 1107.0
3400 1107.0
3401 1107.0
3402 1107.0
3403 1107.0
3404 1107.0
3405 1107.0
3406 1107.0
3407 1107.0
3408 1107.0
3409 1107.0
3410 1107.0
3411 1107.0
3412 1107.0
3413 1107.0
3414 1107.0
3415 1107.0
3416 1107.0
3417 1107.0
3418 1107.0
3419 1107.0
3420 1107.0
3421 1107.0
3422 1107.0
3423 1107.0
3424 1107.0
3425 1107.0
3426 1107.0
3427 1107.0
3428 1107.0
3429 1107.0
3430 1107.0
3431 1107.0
3432 1107.0
3433 1107.0
3434 1107.0
3435 1107.0
3436 1107.0
3437 1107.0
3438 1107.0
3439 1107.0
3440 1107.0
3441 1107.0
3442 1107.0
3443 1107.0
3444 1107.0
3445 1107.0
3446 1107.0
3447 1107.0
3448 1107.0
3449 1107.0
3450 1107.0
3451 1107.0
3452 1107.0
3453 1107.0
3454 1107.0
3455 1107.0
3456 1107.0
3457 1107.0
3458 1107.0
3459 1107.0
3460 1107.0
3461 1107.0
3462 1107.0
3463 1107.0
3464 1107.0
3465 1107.0
3466 1107.0
3467 1107.0
3468 1107.0
3469 1107.0
3470 1107.0
3471 1107.0
3472 1107.0
3473 1107.0
3474 1107.0
3475 1107.0
3476 1107.0
3477 1107.0
3478 1107.0
3479 1107.0
3480 1107.0
3481 1107.0
3482 1107.0
3483 1107.0
3484 1107.0
3485 1107.0
3486 1107.0
3487 1107.0
3488 1107.0
3489 1107.0
3490 1107.0
3491 1107.0
3492 1107.0
3493 1107.0
3494 1107.0
3495 1107.0
3496 1107.0
3497 1107.0
3498 1107.0
3499 1107.0
3500 1107.0
3501 1107.0
3502 1107.0
3503 1107.0
3504 1107.0
3505 1107.0
3506 1107.0
3507 1107.0
3508 1107.0
3509 1107.0
3510 1107.0
3511 1107.0
3512 1107.0
3513 1107.0
3514 1107.0
3515 1107.0
3516 1107.0
3517 1107.0
3518 1107.0
3519 1107.0
3520 1107.0
3521 1107.0
3522 1107.0
3523 1107.0
3524 1107.0
3525 1107.0
3526 1107.0
3527 1107.0
3528 1107.0
3529 1107.0
3530 1107.0
3531 1107.0
3532 1107.0
3533 1107.0
3534 1107.0
3535 1107.0
3536 1107.0
3537 1107.0
3538 1107.0
3539 1107.0
3540 1107.0
3541 1107.0
3542 1107.0
3543 1107.0
3544 1107.0
3545 1107.0
3546 1107.0
3547 1107.0
3548 1107.0
3549 1107.0
3550 1107.0
3551 1107.0
3552 1107.0
3553 1107.0
3554 1107.0
3555 1107.0
3556 1107.0
3557 1107.0
3558 1107.0
3559 1107.0
3560 1107.0
3561 1107.0
3562 1107.0
3563 1107.0
3564 1107.0
3565 1107.0
3566 1107.0
3567 1107.0
3568 1107.0
3569 1107.0
3570 1107.0
3571 1107.0
3572 1107.0
3573 1107.0
3574 1107.0
3575 1107.0
3576 1107.0
3577 1107.0
3578 1107.0
3579 1107.0
3580 1107.0
3581 1107.0
3582 1107.0
3583 1107.0
3584 1107.0
3585 1107.0
3586 1107.0
3587 1107.0
3588 1107.0
3589 1107.0
3590 1107.0
3591 1107.0
3592 1107.0
3593 1107.0
3594 1107.0
3595 1107.0
3596 1107.0
3597 1107.0
3598 1107.0
3599 1107.0
3600 1107.0
3601 1107.0
3602 1107.0
3603 1107.0
3604 1107.0
3605 1107.0
3606 1107.0
3607 1107.0
3608 1107.0
3609 1107.0
3610 1107.0
3611 1107.0
3612 1107.0
3613 1107.0
3614 1107.0
3615 1107.0
3616 1107.0
3617 1107.0
3618 1107.0
3619 1107.0
3620 1107.0
3621 1107.0
3622 1107.0
3623 1107.0
3624 1107.0
3625 1107.0
3626 1107.0
3627 1107.0
3628 1107.0
3629 1107.0
3630 1107.0
3631 1107.0
3632 1107.0
3633 1107.0
3634 1107.0
3635 1107.0
3636 1107.0
3637 1107.0
3638 1107.0
3639 1107.0
3640 1107.0
3641 1107.0
3642 1107.0
3643 1107.0
3644 1107.0
3645 1107.0
3646 1107.0
3647 1107.0
3648 1107.0
3649 1107.0
3650 1107.0
3651 1107.0
3652 1107.0
3653 1107.0
3654 1107.0
3655 1107.0
3656 1107.0
3657 1107.0
3658 1107.0
3659 1107.0
3660 1107.0
3661 1107.0
3662 1107.0
3663 1107.0
3664 1107.0
3665 1107.0
3666 1107.0
3667 1107.0
3668 1107.0
3669 1107.0
3670 1107.0
3671 1107.0
3672 1107.0
3673 1107.0
3674 1107.0
3675 1107.0
3676 1107.0
3677 1107.0
3678 1107.0
3679 1107.0
3680 1107.0
3681 1107.0
3682 1107.0
3683 1107.0
3684 1107.0
3685 1107.0
3686 1107.0
3687 1107.0
3688 1107.0
3689 1107.0
3690 1107.0
3691 1107.0
3692 1107.0
3693 1107.0
3694 1107.0
3695 1107.0
3696 1107.0
3697 1107.0
3698 1107.0
3699 1107.0
3700 1107.0
3701 1107.0
3702 1107.0
3703 1107.0
3704 1107.0
3705 1107.0
3706 1107.0
3707 1107.0
3708 1107.0
3709 1107.0
3710 1107.0
3711 1107.0
3712 1107.0
3713 1107.0
3714 1107.0
3715 1107.0
3716 1107.0
3717 1107.0
3718 1107.0
3719 1107.0
3720 1107.0
3721 1107.0
3722 1107.0
3723 1107.0
3724 1107.0
3725 1107.0
3726 1107.0
3727 1107.0
3728 1107.0
3729 1107.0
3730 1107.0
3731 1107.0
3732 1107.0
3733 1107.0
3734 1107.0
3735 1107.0
3736 1107.0
3737 1107.0
3738 1107.0
3739 1107.0
3740 1107.0
3741 1107.0
3742 1107.0
3743 1107.0
3744 1107.0
3745 1107.0
3746 1107.0
3747 1107.0
3748 1107.0
3749 1107.0
3750 1107.0
3751 1107.0
3752 1107.0
3753 1107.0
3754 1107.0
3755 1107.0
3756 1107.0
3757 1107.0
3758 1107.0
3759 1107.0
3760 1107.0
3761 1107.0
3762 1107.0
3763 1107.0
3764 1107.0
3765 1107.0
3766 1107.0
3767 1107.0
3768 1107.0
3769 1107.0
3770 1107.0
3771 1107.0
3772 1107.0
3773 1107.0
3774 1107.0
3775 1107.0
3776 1107.0
3777 1107.0
3778 1107.0
3779 1107.0
3780 1107.0
3781 1107.0
3782 1107.0
3783 1107.0
3784 1107.0
3785 1107.0
3786 1107.0
3787 1107.0
3788 1107.0
3789 1107.0
3790 1107.0
3791 1107.0
3792 1107.0
3793 1107.0
3794 1107.0
3795 1107.0
3796 1107.0
3797 1107.0
3798 1107.0
3799 1107.0
3800 1107.0
3801 1107.0
3802 1107.0
3803 1107.0
3804 1107.0
3805 1107.0
3806 1107.0
3807 1107.0
3808 1107.0
3809 1107.0
3810 1107.0
3811 1107.0
3812 1107.0
3813 1107.0
3814 1107.0
3815 1107.0
3816 1107.0
3817 1107.0
3818 1107.0
3819 1107.0
3820 1107.0
3821 1107.0
3822 1107.0
3823 1107.0
3824 1107.0
3825 1107.0
3826 1107.0
3827 1107.0
3828 1107.0
3829 1107.0
3830 1107.0
3831 1107.0
3832 1107.0
3833 1107.0
3834 1107.0
3835 1107.0
3836 1107.0
3837 1107.0
3838 1107.0
3839 1107.0
3840 1107.0
3841 1107.0
3842 1107.0
3843 1107.0
3844 1107.0
3845 1107.0
3846 1107.0
3847 1107.0
3848 1107.0
3849 1107.0
3850 1107.0
3851 1107.0
3852 1107.0
3853 1107.0
3854 1107.0
3855 1107.0
3856 1107.0
3857 1107.0
3858 1107.0
3859 1107.0
3860 1107.0
3861 1107.0
3862 1107.0
3863 1107.0
3864 1107.0
3865 1107.0
3866 1107.0
3867 1107.0
3868 1107.0
3869 1107.0
3870 1107.0
3871 1107.0
3872 1107.0
3873 1107.0
3874 1107.0
3875 1107.0
3876 1107.0
3877 1107.0
3878 1107.0
3879 1107.0
3880 1107.0
3881 1107.0
3882 1107.0
3883 1107.0
3884 1107.0
3885 1107.0
3886 1107.0
3887 1107.0
3888 1107.0
3889 1107.0
3890 1107.0
3891 1107.0
3892 1107.0
3893 1107.0
3894 1107.0
3895 1107.0
3896 1107.0
3897 1107.0
3898 1107.0
3899 1107.0
3900 1107.0
3901 1107.0
3902 1107.0
3903 1107.0
3904 1107.0
3905 1107.0
3906 1107.0
3907 1107.0
3908 1107.0
3909 1107.0
3910 1107.0
3911 1107.0
3912 1107.0
3913 1107.0
3914 1107.0
3915 1107.0
3916 1107.0
3917 1107.0
3918 1107.0
3919 1107.0
3920 1107.0
3921 1107.0
3922 1107.0
3923 1107.0
3924 1107.0
3925 1107.0
3926 1107.0
3927 1107.0
3928 1107.0
3929 1107.0
3930 1107.0
3931 1107.0
3932 1107.0
3933 1107.0
3934 1107.0
3935 1107.0
3936 1107.0
3937 1107.0
3938 1107.0
3939 1107.0
3940 1107.0
3941 1107.0
3942 1107.0
3943 1107.0
3944 1107.0
3945 1107.0
3946 1107.0
3947 1107.0
3948 1107.0
3949 1107.0
3950 1107.0
3951 1107.0
3952 1107.0
3953 1107.0
3954 1107.0
3955 1107.0
3956 1107.0
3957 1107.0
3958 1107.0
3959 1107.0
3960 1107.0
3961 1107.0
3962 1107.0
3963 1107.0
3964 1107.0
3965 1107.0
3966 1107.0
3967 1107.0
3968 1107.0
3969 1107.0
3970 1107.0
3971 1107.0
3972 1107.0
3973 1107.0
3974 1107.0
3975 1107.0
3976 1107.0
3977 1107.0
3978 1107.0
3979 1107.0
3980 1107.0
3981 1107.0
3982 1107.0
3983 1107.0
3984 1107.0
3985 1107.0
3986 1107.0
3987 1107.0
3988 1107.0
3989 1107.0
3990 1107.0
3991 1107.0
3992 1107.0
3993 1107.0
3994 1107.0
3995 1107.0
3996 1107.0
3997 1107.0
3998 1107.0
3999 1107.0
4000 1107.0
4001 1107.0
4002 1107.0
4003 1107.0
4004 1107.0
4005 1107.0
4006 1107.0
4007 1107.0
4008 1107.0
4009 1107.0
4010 1107.0
4011 1107.0
4012 1107.0
4013 1107.0
4014 1107.0
4015 1107.0
4016 1107.0
4017 1107.0
4018 1107.0
4019 1107.0
4020 1107.0
4021 1107.0
4022 1107.0
4023 1107.0
4024 1107.0
4025 1107.0
4026 1107.0
4027 1107.0
4028 1107.0
4029 1107.0
4030 1107.0
4031 1107.0
4032 1107.0
4033 1107.0
4034 1107.0
4035 1107.0
4036 1107.0
4037 1107.0
4038 1107.0
4039 1107.0
4040 1107.0
4041 1107.0
4042 1107.0
4043 1107.0
4044 1107.0
4045 1107.0
4046 1107.0
4047 1107.0
4048 1107.0
4049 1107.0
4050 1107.0
4051 1107.0
4052 1107.0
4053 1107.0
4054 1107.0
4055 1107.0
4056 1107.0
4057 1107.0
4058 1107.0
4059 1107.0
4060 1107.0
4061 1107.0
4062 1107.0
4063 1107.0
4064 1107.0
4065 1107.0
4066 1107.0
4067 1107.0
4068 1107.0
4069 1107.0
4070 1107.0
4071 1107.0
4072 1107.0
4073 1107.0
4074 1107.0
4075 1107.0
4076 1107.0
4077 1107.0
4078 1107.0
4079 1107.0
4080 1107.0
4081 1107.0
4082 1107.0
4083 1107.0
4084 1107.0
4085 1107.0
4086 1107.0
4087 1107.0
4088 1107.0
4089 1107.0
4090 1107.0
4091 1107.0
4092 1107.0
4093 1107.0
4094 1107.0
4095 1107.0
4096 1107.0
4097 1107.0
4098 1107.0
4099 1107.0
4100 1107.0
4101 1107.0
4102 1107.0
4103 1107.0
4104 1107.0
4105 1107.0
4106 1107.0
4107 1107.0
4108 1107.0
4109 1107.0
4110 1107.0
4111 1107.0
4112 1107.0
4113 1107.0
4114 1107.0
4115 1107.0
4116 1107.0
4117 1107.0
4118 1107.0
4119 1107.0
4120 1107.0
4121 1107.0
4122 1107.0
4123 1107.0
4124 1107.0
4125 1107.0
4126 1107.0
4127 1107.0
4128 1107.0
4129 1107.0
4130 1107.0
4131 1107.0
4132 1107.0
4133 1107.0
4134 1107.0
4135 1107.0
4136 1107.0
4137 1107.0
4138 1107.0
4139 1107.0
4140 1107.0
4141 1107.0
4142 1107.0
4143 1107.0
4144 1107.0
4145 1107.0
4146 1107.0
4147 1107.0
4148 1107.0
4149 1107.0
4150 1107.0
4151 1107.0
4152 1107.0
4153 1107.0
4154 1107.0
4155 1107.0
4156 1107.0
4157 1107.0
4158 1107.0
4159 1107.0
4160 1107.0
4161 1107.0
4162 1107.0
4163 1107.0
4164 1107.0
4165 1107.0
4166 1107.0
4167 1107.0
4168 1107.0
4169 1107.0
4170 1107.0
4171 1107.0
4172 1107.0
4173 1107.0
4174 1107.0
4175 1107.0
4176 1107.0
4177 1107.0
4178 1107.0
4179 1107.0
4180 1107.0
4181 1107.0
4182 1107.0
4183 1107.0
4184 1107.0
4185 1107.0
4186 1107.0
4187 1107.0
4188 1107.0
4189 1107.0
4190 1107.0
4191 1107.0
4192 1107.0
4193 1107.0
4194 1107.0
4195 1107.0
4196 1107.0
4197 1107.0
4198 1107.0
4199 1107.0
4200 1107.0
4201 1107.0
4202 1107.0
4203 1107.0
4204 1107.0
4205 1107.0
4206 1107.0
4207 1107.0
4208 1107.0
4209 1107.0
4210 1107.0
4211 1107.0
4212 1107.0
4213 1107.0
4214 1107.0
4215 1107.0
4216 1107.0
4217 1107.0
4218 1107.0
4219 1107.0
4220 1107.0
4221 1107.0
4222 1107.0
4223 1107.0
4224 1107.0
4225 1107.0
4226 1107.0
4227 1107.0
4228 1107.0
4229 1107.0
4230 1107.0
4231 1107.0
4232 1107.0
4233 1107.0
4234 1107.0
4235 1107.0
4236 1107.0
4237 1107.0
4238 1107.0
4239 1107.0
4240 1107.0
4241 1107.0
4242 1107.0
4243 1107.0
4244 1107.0
4245 1107.0
4246 1107.0
4247 1107.0
4248 1107.0
4249 1107.0
4250 1107.0
4251 1107.0
4252 1107.0
4253 1107.0
4254 1107.0
4255 1107.0
4256 1107.0
4257 1107.0
4258 1107.0
4259 1107.0
4260 1107.0
4261 1107.0
4262 1107.0
4263 1107.0
4264 1107.0
4265 1107.0
4266 1107.0
4267 1107.0
4268 1107.0
4269 1107.0
4270 1107.0
4271 1107.0
4272 1107.0
4273 1107.0
4274 1107.0
4275 1107.0
4276 1107.0
4277 1107.0
4278 1107.0
4279 1107.0
4280 1107.0
4281 1107.0
4282 1107.0
4283 1107.0
4284 1107.0
4285 1107.0
4286 1107.0
4287 1107.0
4288 1107.0
4289 1107.0
4290 1107.0
4291 1107.0
4292 1107.0
4293 1107.0
4294 1107.0
4295 1107.0
4296 1107.0
4297 1107.0
4298 1107.0
4299 1107.0
4300 1107.0
4301 1107.0
4302 1107.0
4303 1107.0
4304 1107.0
4305 1107.0
4306 1107.0
4307 1107.0
4308 1107.0
4309 1107.0
4310 1107.0
4311 1107.0
4312 1107.0
4313 1107.0
4314 1107.0
4315 1107.0
4316 1107.0
4317 1107.0
4318 1107.0
4319 1107.0
4320 1107.0
4321 1107.0
4322 1107.0
4323 1107.0
4324 1107.0
4325 1107.0
4326 1107.0
4327 1107.0
4328 1107.0
4329 1107.0
4330 1107.0
4331 1107.0
4332 1107.0
4333 1107.0
4334 1107.0
4335 1107.0
4336 1107.0
4337 1107.0
4338 1107.0
4339 1107.0
4340 1107.0
4341 1107.0
4342 1107.0
4343 1107.0
4344 1107.0
4345 1107.0
4346 1107.0
4347 1107.0
4348 1107.0
4349 1107.0
4350 1107.0
4351 1107.0
4352 1107.0
4353 1107.0
4354 1107.0
4355 1107.0
4356 1107.0
4357 1107.0
4358 1107.0
4359 1107.0
4360 1107.0
4361 1107.0
4362 1107.0
4363 1107.0
4364 1107.0
4365 1107.0
4366 1107.0
4367 1107.0
4368 1107.0
4369 1107.0
4370 1107.0
4371 1107.0
4372 1107.0
4373 1107.0
4374 1107.0
4375 1107.0
4376 1107.0
4377 1107.0
4378 1107.0
4379 1107.0
4380 1107.0
4381 1107.0
4382 1107.0
4383 1107.0
4384 1107.0
4385 1107.0
4386 1107.0
4387 1107.0
4388 1107.0
4389 1107.0
4390 1107.0
4391 1107.0
4392 1107.0
4393 1107.0
4394 1107.0
4395 1107.0
4396 1107.0
4397 1107.0
4398 1107.0
4399 1107.0
4400 1107.0
4401 1107.0
4402 1107.0
4403 1107.0
4404 1107.0
4405 1107.0
4406 1107.0
4407 1107.0
4408 1107.0
4409 1107.0
4410 1107.0
4411 1107.0
4412 1107.0
4413 1107.0
4414 1107.0
4415 1107.0
4416 1107.0
4417 1107.0
4418 1107.0
4419 1107.0
4420 1107.0
4421 1107.0
4422 1107.0
4423 1107.0
4424 1107.0
4425 1107.0
4426 1107.0
4427 1107.0
4428 1107.0
4429 1107.0
4430 1107.0
4431 1107.0
4432 1107.0
4433 1107.0
4434 1107.0
4435 1107.0
4436 1107.0
4437 1107.0
4438 1107.0
4439 1107.0
4440 1107.0
4441 1107.0
4442 1107.0
4443 1107.0
4444 1107.0
4445 1107.0
4446 1107.0
4447 1107.0
4448 1107.0
4449 1107.0
4450 1107.0
4451 1107.0
4452 1107.0
4453 1107.0
4454 1107.0
4455 1107.0
4456 1107.0
4457 1107.0
4458 1107.0
4459 1107.0
4460 1107.0
4461 1107.0
4462 1107.0
4463 1107.0
4464 1107.0
4465 1107.0
4466 1107.0
4467 1107.0
4468 1107.0
4469 1107.0
4470 1107.0
4471 1107.0
4472 1107.0
4473 1107.0
4474 1107.0
4475 1107.0
4476 1107.0
4477 1107.0
4478 1107.0
4479 1107.0
4480 1107.0
4481 1107.0
4482 1107.0
4483 1107.0
4484 1107.0
4485 1107.0
4486 1107.0
4487 1107.0
4488 1107.0
4489 1107.0
4490 1107.0
4491 1107.0
4492 1107.0
4493 1107.0
4494 1107.0
4495 1107.0
4496 1107.0
4497 1107.0
4498 1107.0
4499 1107.0
4500 1107.0
4501 1107.0
4502 1107.0
4503 1107.0
4504 1107.0
4505 1107.0
4506 1107.0
4507 1107.0
4508 1107.0
4509 1107.0
4510 1107.0
4511 1107.0
4512 1107.0
4513 1107.0
4514 1107.0
4515 1107.0
4516 1107.0
4517 1107.0
4518 1107.0
4519 1107.0
4520 1107.0
4521 1107.0
4522 1107.0
4523 1107.0
4524 1107.0
4525 1107.0
4526 1107.0
4527 1107.0
4528 1107.0
4529 1107.0
4530 1107.0
4531 1107.0
4532 1107.0
4533 1107.0
4534 1107.0
4535 1107.0
4536 1107.0
4537 1107.0
4538 1107.0
4539 1107.0
4540 1107.0
4541 1107.0
4542 1107.0
4543 1107.0
4544 1107.0
4545 1107.0
4546 1107.0
4547 1107.0
4548 1107.0
4549 1107.0
4550 1107.0
4551 1107.0
4552 1107.0
4553 1107.0
4554 1107.0
4555 1107.0
4556 1107.0
4557 1107.0
4558 1107.0
4559 1107.0
4560 1107.0
4561 1107.0
4562 1107.0
4563 1107.0
4564 1107.0
4565 1107.0
4566 1107.0
4567 1107.0
4568 1107.0
4569 1107.0
4570 1107.0
4571 1107.0
4572 1107.0
4573 1107.0
4574 1107.0
4575 1107.0
4576 1107.0
4577 1107.0
4578 1107.0
4579 1107.0
4580 1107.0
4581 1107.0
4582 1107.0
4583 1107.0
4584 1107.0
4585 1107.0
4586 1107.0
4587 1107.0
4588 1107.0
4589 1107.0
4590 1107.0
4591 1107.0
4592 1107.0
4593 1107.0
4594 1107.0
4595 1107.0
4596 1107.0
4597 1107.0
4598 1107.0
4599 1107.0
4600 1107.0
4601 1107.0
4602 1107.0
4603 1107.0
4604 1107.0
4605 1107.0
4606 1107.0
4607 1107.0
4608 1107.0
4609 1107.0
4610 1107.0
4611 1107.0
4612 1107.0
4613 1107.0
4614 1107.0
4615 1107.0
4616 1105.0
4617 1105.0
4618 1105.0
4619 1101.0
4620 1101.0
4621 1101.0
4622 1101.0
4623 1101.0
4624 1101.0
4625 1101.0
4626 1101.0
4627 1101.0
4628 1101.0
4629 1101.0
4630 1101.0
4631 1101.0
4632 1101.0
4633 1101.0
4634 1101.0
4635 1101.0
4636 1101.0
4637 1101.0
4638 1101.0
4639 1101.0
4640 1101.0
4641 1101.0
4642 1101.0
4643 1101.0
4644 1101.0
4645 1101.0
4646 1101.0
4647 1101.0
4648 1101.0
4649 1101.0
4650 1101.0
4651 1101.0
4652 1101.0
4653 1101.0
4654 1101.0
4655 1101.0
4656 1101.0
4657 1101.0
4658 1101.0
4659 1101.0
4660 1101.0
4661 1101.0
4662 1101.0
4663 1101.0
4664 1101.0
4665 1101.0
4666 1101.0
4667 1101.0
4668 1101.0
4669 1101.0
4670 1101.0
4671 1101.0
4672 1101.0
4673 1101.0
4674 1101.0
4675 1101.0
4676 1101.0
4677 1101.0
4678 1101.0
4679 1101.0
4680 1101.0
4681 1101.0
4682 1101.0
4683 1097.0
4684 1097.0
4685 1097.0
4686 1097.0
4687 1097.0
4688 1097.0
4689 1097.0
4690 1097.0
4691 1097.0
4692 1097.0
4693 1097.0
4694 1097.0
4695 1097.0
4696 1097.0
4697 1097.0
4698 1097.0
4699 1097.0
4700 1097.0
4701 1097.0
4702 1097.0
4703 1097.0
4704 1097.0
4705 1097.0
4706 1097.0
4707 1097.0
4708 1097.0
4709 1097.0
4710 1097.0
4711 1097.0
4712 1097.0
4713 1097.0
4714 1097.0
4715 1097.0
4716 1097.0
4717 1097.0
4718 1097.0
4719 1097.0
4720 1097.0
4721 1097.0
4722 1097.0
4723 1097.0
4724 1097.0
4725 1097.0
4726 1097.0
4727 1097.0
4728 1097.0
4729 1097.0
4730 1097.0
4731 1092.0
4732 1092.0
4733 1092.0
4734 1092.0
4735 1092.0
4736 1092.0
4737 1092.0
4738 1092.0
4739 1092.0
4740 1092.0
4741 1092.0
4742 1092.0
4743 1092.0
4744 1092.0
4745 1092.0
4746 1092.0
4747 1092.0
4748 1092.0
4749 1092.0
4750 1092.0
4751 1092.0
4752 1092.0
4753 1092.0
4754 1092.0
4755 1092.0
4756 1092.0
4757 1092.0
4758 1092.0
4759 1092.0
4760 1092.0
4761 1092.0
4762 1092.0
4763 1092.0
4764 1092.0
4765 1092.0
4766 1092.0
4767 1092.0
4768 1092.0
4769 1092.0
4770 1092.0
4771 1092.0
4772 1092.0
4773 1092.0
4774 1092.0
4775 1092.0
4776 1092.0
4777 1092.0
4778 1092.0
4779 1092.0
4780 1092.0
4781 1090.0
4782 1090.0
4783 1090.0
4784 1090.0
4785 1090.0
4786 1090.0
4787 1090.0
4788 1090.0
4789 1090.0
4790 1090.0
4791 1090.0
4792 1090.0
4793 1090.0
4794 1090.0
4795 1090.0
4796 1090.0
4797 1090.0
4798 1090.0
4799 1090.0
4800 1090.0
4801 1090.0
4802 1090.0
4803 1090.0
4804 1090.0
4805 1090.0
4806 1090.0
4807 1090.0
4808 1090.0
4809 1090.0
4810 1090.0
4811 1090.0
4812 1090.0
4813 1090.0
4814 1090.0
4815 1090.0
4816 1090.0
4817 1090.0
4818 1090.0
4819 1090.0
4820 1090.0
4821 1090.0
4822 1090.0
4823 1090.0
4824 1090.0
4825 1090.0
4826 1090.0
4827 1090.0
4828 1090.0
4829 1090.0
4830 1090.0
4831 1090.0
4832 1090.0
4833 1090.0
4834 1090.0
4835 1090.0
4836 1090.0
4837 1090.0
4838 1090.0
4839 1090.0
4840 1090.0
4841 1090.0
4842 1090.0
4843 1090.0
4844 1090.0
4845 1090.0
4846 1090.0
4847 1090.0
4848 1090.0
4849 1090.0
4850 1090.0
4851 1090.0
4852 1090.0
4853 1090.0
4854 1090.0
4855 1090.0
4856 1090.0
4857 1090.0
4858 1090.0
4859 1090.0
4860 1090.0
4861 1090.0
4862 1090.0
4863 1090.0
4864 1090.0
4865 1090.0
4866 1090.0
4867 1090.0
4868 1090.0
4869 1090.0
4870 1090.0
4871 1090.0
4872 1090.0
4873 1090.0
4874 1090.0
4875 1090.0
4876 1090.0
4877 1090.0
4878 1090.0
4879 1090.0
4880 1090.0
4881 1090.0
4882 1090.0
4883 1090.0
4884 1090.0
4885 1090.0
4886 1090.0
4887 1090.0
4888 1090.0
4889 1090.0
4890 1090.0
4891 1090.0
4892 1090.0
4893 1090.0
4894 1090.0
4895 1090.0
4896 1090.0
4897 1090.0
4898 1090.0
4899 1090.0
4900 1090.0
4901 1090.0
4902 1090.0
4903 1090.0
4904 1090.0
4905 1090.0
4906 1090.0
4907 1090.0
4908 1090.0
4909 1090.0
4910 1090.0
4911 1090.0
4912 1090.0
4913 1090.0
4914 1090.0
4915 1090.0
4916 1090.0
4917 1090.0
4918 1090.0
4919 1090.0
4920 1090.0
4921 1090.0
4922 1090.0
4923 1090.0
4924 1090.0
4925 1090.0
4926 1090.0
4927 1090.0
4928 1090.0
4929 1090.0
4930 1090.0
4931 1090.0
4932 1090.0
4933 1090.0
4934 1090.0
4935 1090.0
4936 1090.0
4937 1090.0
4938 1090.0
4939 1090.0
4940 1090.0
4941 1090.0
4942 1090.0
4943 1090.0
4944 1090.0
4945 1090.0
4946 1090.0
4947 1090.0
4948 1090.0
4949 1090.0
4950 1090.0
4951 1090.0
4952 1090.0
4953 1090.0
4954 1090.0
4955 1090.0
4956 1090.0
4957 1090.0
4958 1090.0
4959 1090.0
4960 1090.0
4961 1090.0
4962 1090.0
4963 1090.0
4964 1090.0
4965 1090.0
4966 1090.0
4967 1090.0
4968 1090.0
4969 1090.0
4970 1090.0
4971 1090.0
4972 1090.0
4973 1090.0
4974 1090.0
4975 1090.0
4976 1090.0
4977 1090.0
4978 1090.0
4979 1090.0
4980 1090.0
4981 1090.0
4982 1090.0
4983 1090.0
4984 1090.0
4985 1090.0
4986 1090.0
4987 1090.0
4988 1090.0
4989 1090.0
4990 1090.0
4991 1090.0
4992 1090.0
4993 1090.0
4994 1090.0
4995 1090.0
4996 1090.0
4997 1090.0
4998 1090.0
4999 1090.0
