0 6903.0
1 6903.0
2 6447.0
3 6447.0
4 6447.0
5 6447.0
6 6447.0
7 6447.0
8 6447.0
9 6447.0
10 6447.0
11 6447.0
12 6447.0
23 6334.0
24 6334.0
25 6334.0
26 6334.0
27 6334.0
28 6334.0
29 6334.0
30 6334.0
31 6334.0
32 6222.0
33 6222.0
34 6222.0
35 6222.0
36 6222.0
37 5893.0
38 5786.0
39 5786.0
40 5786.0
41 5786.0
42 5786.0
43 5786.0
44 5786.0
45 5786.0
46 5786.0
47 5786.0
48 5786.0
59 5786.0
60 4670.0
61 4670.0
62 4670.0
63 4670.0
64 4670.0
65 4670.0
66 4670.0
67 4670.0
68 4670.0
69 4670.0
70 4670.0
81 5058.0
82 5058.0
83 5058.0
84 5058.0
85 5058.0
86 5058.0
87 5058.0
88 5058.0
89 5058.0
90 5058.0
101 4670.0
102 4670.0
103 4670.0
104 4670.0
105 4670.0
106 4670.0
107 4578.0
108 4578.0
109 4578.0
110 4578.0
111 4578.0
112 4578.0
113 4578.0
114 4578.0
115 4578.0
116 4578.0
117 4578.0
128 5058.0
129 5058.0
130 5058.0
131 5058.0
132 5058.0
133 5058.0
134 5058.0
135 5058.0
136 5058.0
137 5058.0
148 3749.0
149 3749.0
150 3749.0
151 3749.0
152 3749.0
153 3749.0
154 3749.0
155 3749.0
156 3749.0
157 3749.0
168 268.0
169 268.0
170 268.0
171 268.0
172 268.0
173 268.0
174 268.0
175 268.0
176 268.0
177 268.0
188 968.0
189 968.0
190 968.0
191 960.0
192 960.0
193 960.0
194 960.0
195 960.0
196 960.0
197 960.0
198 960.0
199 960.0
200 960.0
201 960.0
212 955.0
213 955.0
214 955.0
215 955.0
216 955.0
217 955.0
218 955.0
219 955.0
220 955.0
221 955.0
232 968.0
233 968.0
234 968.0
235 968.0
236 968.0
237 968.0
238 968.0
239 968.0
240 968.0
241 960.0
242 960.0
243 960.0
244 960.0
245 960.0
246 960.0
247 960.0
248 960.0
249 960.0
250 960.0
251 960.0
262 968.0
263 968.0
264 968.0
265 968.0
266 968.0
267 968.0
268 968.0
269 968.0
270 968.0
271 968.0
282 268.0
283 268.0
284 268.0
285 268.0
286 268.0
287 268.0
288 268.0
289 268.0
290 268.0
291 268.0
302 268.0
303 268.0
304 268.0
305 268.0
306 268.0
307 268.0
308 268.0
309 268.0
310 268.0
311 268.0
322 960.0
323 960.0
324 960.0
325 960.0
326 960.0
327 960.0
328 960.0
329 960.0
330 960.0
331 960.0
342 927.0
343 927.0
344 927.0
345 927.0
346 927.0
347 927.0
348 927.0
349 927.0
350 927.0
351 927.0
362 960.0
363 960.0
364 960.0
365 960.0
366 960.0
367 960.0
368 960.0
369 960.0
370 960.0
371 960.0
382 968.0
383 968.0
384 968.0
385 968.0
386 968.0
387 968.0
388 968.0
389 968.0
390 968.0
391 968.0
402 968.0
403 968.0
404 968.0
405 968.0
406 968.0
407 968.0
408 968.0
409 968.0
410 968.0
411 968.0
422 927.0
423 927.0
424 927.0
425 927.0
426 927.0
427 927.0
428 927.0
429 927.0
430 927.0
431 927.0
442 968.0
443 968.0
444 968.0
445 968.0
446 968.0
447 968.0
448 968.0
449 968.0
450 968.0
451 968.0
462 968.0
463 968.0
464 968.0
465 968.0
466 968.0
467 968.0
468 955.0
469 955.0
470 955.0
471 955.0
472 955.0
473 955.0
474 955.0
475 955.0
476 955.0
477 955.0
478 955.0
489 968.0
490 968.0
491 968.0
492 968.0
493 968.0
494 968.0
495 968.0
496 968.0
497 968.0
498 968.0
509 968.0
510 968.0
511 968.0
512 968.0
513 968.0
514 968.0
515 968.0
516 968.0
517 968.0
518 968.0
529 968.0
530 968.0
531 968.0
532 968.0
533 968.0
534 968.0
535 968.0
536 968.0
537 968.0
538 968.0
549 955.0
550 955.0
551 955.0
552 955.0
553 955.0
554 955.0
555 955.0
556 955.0
557 955.0
558 955.0
569 968.0
570 968.0
571 968.0
572 968.0
573 968.0
574 968.0
575 968.0
576 968.0
577 968.0
578 968.0
589 927.0
590 927.0
591 927.0
592 927.0
593 927.0
594 927.0
595 927.0
596 927.0
597 927.0
598 927.0
609 968.0
610 968.0
611 968.0
612 968.0
613 968.0
614 968.0
615 968.0
616 968.0
617 968.0
618 968.0
629 968.0
630 968.0
631 968.0
632 968.0
633 968.0
634 968.0
635 968.0
636 968.0
637 968.0
638 968.0
649 968.0
650 968.0
651 968.0
652 968.0
653 968.0
654 968.0
655 968.0
656 968.0
657 968.0
658 968.0
669 968.0
670 968.0
671 968.0
672 968.0
673 968.0
674 968.0
675 968.0
676 968.0
677 968.0
678 968.0
689 968.0
690 968.0
691 968.0
692 968.0
693 968.0
694 968.0
695 968.0
696 968.0
697 968.0
698 968.0
709 968.0
710 968.0
711 968.0
712 968.0
713 968.0
714 968.0
715 968.0
716 968.0
717 968.0
718 968.0
729 968.0
730 968.0
731 968.0
732 968.0
733 968.0
734 968.0
735 968.0
736 968.0
737 968.0
738 968.0
749 968.0
750 968.0
751 968.0
752 968.0
753 268.0
754 268.0
755 268.0
756 268.0
757 268.0
758 268.0
759 268.0
760 268.0
761 268.0
762 268.0
763 268.0
774 968.0
775 968.0
776 968.0
777 968.0
778 968.0
779 968.0
780 968.0
781 968.0
782 968.0
783 968.0
794 968.0
795 968.0
796 968.0
797 968.0
798 968.0
799 968.0
800 968.0
801 968.0
802 968.0
803 968.0
814 968.0
815 927.0
816 927.0
817 927.0
818 268.0
819 268.0
820 268.0
821 268.0
822 268.0
823 268.0
824 268.0
825 268.0
826 268.0
827 268.0
828 268.0
839 968.0
840 968.0
841 968.0
842 968.0
843 968.0
844 968.0
845 968.0
846 968.0
847 968.0
848 968.0
859 968.0
860 968.0
861 968.0
862 968.0
863 968.0
864 968.0
865 968.0
866 968.0
867 968.0
868 968.0
879 968.0
880 968.0
881 968.0
882 968.0
883 968.0
884 968.0
885 968.0
886 968.0
887 968.0
888 968.0
899 968.0
900 968.0
901 968.0
902 968.0
903 968.0
904 968.0
905 968.0
906 968.0
907 968.0
908 960.0
909 960.0
910 960.0
911 960.0
912 960.0
913 960.0
914 960.0
915 960.0
916 960.0
917 960.0
918 960.0
929 268.0
930 268.0
931 268.0
932 268.0
933 268.0
934 268.0
935 268.0
936 268.0
937 268.0
938 268.0
949 968.0
950 968.0
951 968.0
952 968.0
953 968.0
954 968.0
955 968.0
956 968.0
957 968.0
958 968.0
969 968.0
970 968.0
971 968.0
972 968.0
973 968.0
974 968.0
975 968.0
976 968.0
977 968.0
978 968.0
989 268.0
990 268.0
991 268.0
992 268.0
993 268.0
994 268.0
995 268.0
996 268.0
997 268.0
998 268.0
1009 960.0
1010 960.0
1011 960.0
1012 960.0
1013 960.0
1014 960.0
1015 960.0
1016 960.0
1017 960.0
1018 960.0
1019 960.0
1030 968.0
1031 968.0
1032 968.0
1033 968.0
1034 968.0
1035 968.0
1036 968.0
1037 968.0
1038 968.0
1039 968.0
1050 968.0
1051 968.0
1052 968.0
1053 968.0
1054 968.0
1055 968.0
1056 968.0
1057 968.0
1058 968.0
1059 968.0
1070 968.0
1071 968.0
1072 968.0
1073 968.0
1074 968.0
1075 968.0
1076 968.0
1077 968.0
1078 968.0
1079 968.0
1090 968.0
1091 968.0
1092 968.0
1093 968.0
1094 968.0
1095 968.0
1096 968.0
1097 968.0
1098 968.0
1099 968.0
1110 968.0
1111 968.0
1112 968.0
1113 968.0
1114 968.0
1115 968.0
1116 968.0
1117 968.0
1118 968.0
1119 968.0
1130 968.0
1131 968.0
1132 968.0
1133 968.0
1134 968.0
1135 968.0
1136 968.0
1137 968.0
1138 968.0
1139 968.0
1150 968.0
1151 968.0
1152 968.0
1153 968.0
1154 968.0
1155 968.0
1156 968.0
1157 968.0
1158 968.0
1159 968.0
1170 960.0
1171 268.0
1172 268.0
1173 268.0
1174 268.0
1175 268.0
1176 268.0
1177 268.0
1178 268.0
1179 268.0
1180 268.0
1181 268.0
1192 968.0
1193 968.0
1194 968.0
1195 968.0
1196 968.0
1197 968.0
1198 968.0
1199 968.0
1200 968.0
1201 968.0
1212 968.0
1213 968.0
1214 968.0
1215 960.0
1216 960.0
1217 960.0
1218 960.0
1219 960.0
1220 960.0
1221 960.0
1222 960.0
1223 960.0
1224 960.0
1225 960.0
1236 968.0
1237 968.0
1238 968.0
1239 968.0
1240 968.0
1241 968.0
1242 968.0
1243 968.0
1244 968.0
1245 968.0
1256 268.0
1257 268.0
1258 268.0
1259 268.0
1260 268.0
1261 268.0
1262 268.0
1263 268.0
1264 268.0
1265 268.0
1276 960.0
1277 960.0
1278 960.0
1279 960.0
1280 960.0
1281 960.0
1282 960.0
1283 960.0
1284 960.0
1285 960.0
1296 968.0
1297 968.0
1298 968.0
1299 968.0
1300 968.0
1301 968.0
1302 968.0
1303 968.0
1304 968.0
1305 968.0
1316 955.0
1317 927.0
1318 927.0
1319 927.0
1320 927.0
1321 927.0
1322 927.0
1323 927.0
1324 927.0
1325 927.0
1326 927.0
1327 927.0
1338 968.0
1339 968.0
1340 968.0
1341 968.0
1342 968.0
1343 968.0
1344 968.0
1345 968.0
1346 968.0
1347 968.0
1358 968.0
1359 968.0
1360 968.0
1361 968.0
1362 968.0
1363 968.0
1364 968.0
1365 968.0
1366 968.0
1367 968.0
1378 968.0
1379 968.0
1380 968.0
1381 968.0
1382 968.0
1383 968.0
1384 968.0
1385 968.0
1386 968.0
1387 968.0
1398 968.0
1399 968.0
1400 968.0
1401 968.0
1402 968.0
1403 968.0
1404 968.0
1405 968.0
1406 968.0
1407 968.0
1418 968.0
1419 968.0
1420 968.0
1421 968.0
1422 968.0
1423 968.0
1424 968.0
1425 968.0
1426 968.0
1427 968.0
1438 960.0
1439 960.0
1440 960.0
1441 960.0
1442 960.0
1443 960.0
1444 960.0
1445 960.0
1446 960.0
1447 960.0
1458 268.0
1459 268.0
1460 268.0
1461 268.0
1462 268.0
1463 268.0
1464 268.0
1465 268.0
1466 268.0
1467 268.0
1478 968.0
1479 968.0
1480 968.0
1481 968.0
1482 968.0
1483 968.0
1484 968.0
1485 968.0
1486 968.0
1487 968.0
1498 968.0
1499 968.0
1500 968.0
1501 968.0
1502 968.0
1503 968.0
1504 968.0
1505 968.0
1506 968.0
1507 968.0
1518 968.0
1519 968.0
1520 968.0
1521 968.0
1522 968.0
1523 968.0
1524 968.0
1525 968.0
1526 968.0
1527 968.0
1538 968.0
1539 968.0
1540 968.0
1541 968.0
1542 968.0
1543 968.0
1544 968.0
1545 968.0
1546 968.0
1547 968.0
1558 268.0
1559 268.0
1560 268.0
1561 268.0
1562 268.0
1563 268.0
1564 268.0
1565 268.0
1566 268.0
1567 268.0
1578 927.0
1579 927.0
1580 927.0
1581 927.0
1582 927.0
1583 927.0
1584 927.0
1585 927.0
1586 927.0
1587 927.0
1598 268.0
1599 268.0
1600 268.0
1601 268.0
1602 268.0
1603 268.0
1604 268.0
1605 268.0
1606 268.0
1607 268.0
1608 268.0
1619 968.0
1620 968.0
1621 968.0
1622 968.0
1623 968.0
1624 968.0
1625 968.0
1626 968.0
1627 968.0
1628 968.0
1639 968.0
1640 968.0
1641 968.0
1642 968.0
1643 968.0
1644 968.0
1645 968.0
1646 968.0
1647 968.0
1648 968.0
1659 955.0
1660 955.0
1661 955.0
1662 955.0
1663 955.0
1664 955.0
1665 955.0
1666 955.0
1667 955.0
1668 955.0
1679 968.0
1680 968.0
1681 968.0
1682 968.0
1683 968.0
1684 968.0
1685 968.0
1686 968.0
1687 968.0
1688 968.0
1699 268.0
1700 268.0
1701 268.0
1702 268.0
1703 268.0
1704 268.0
1705 268.0
1706 268.0
1707 268.0
1708 268.0
1719 968.0
1720 968.0
1721 968.0
1722 968.0
1723 968.0
1724 968.0
1725 968.0
1726 968.0
1727 968.0
1728 968.0
1739 268.0
1740 268.0
1741 268.0
1742 268.0
1743 268.0
1744 268.0
1745 268.0
1746 268.0
1747 268.0
1748 268.0
1759 927.0
1760 927.0
1761 927.0
1762 927.0
1763 927.0
1764 927.0
1765 927.0
1766 927.0
1767 927.0
1768 927.0
1779 268.0
1780 268.0
1781 268.0
1782 268.0
1783 268.0
1784 268.0
1785 268.0
1786 268.0
1787 268.0
1788 268.0
1799 968.0
1800 968.0
1801 968.0
1802 968.0
1803 968.0
1804 968.0
1805 968.0
1806 968.0
1807 968.0
1808 968.0
1819 968.0
1820 968.0
1821 968.0
1822 968.0
1823 968.0
1824 968.0
1825 968.0
1826 968.0
1827 968.0
1828 968.0
1839 968.0
1840 968.0
1841 968.0
1842 968.0
1843 268.0
1844 268.0
1845 268.0
1846 268.0
1847 268.0
1848 268.0
1849 268.0
1850 268.0
1851 268.0
1852 268.0
1853 268.0
1864 968.0
1865 968.0
1866 968.0
1867 968.0
1868 968.0
1869 968.0
1870 968.0
1871 968.0
1872 968.0
1873 968.0
1884 968.0
1885 968.0
1886 968.0
1887 968.0
1888 968.0
1889 968.0
1890 968.0
1891 968.0
1892 968.0
1893 968.0
1904 968.0
1905 968.0
1906 968.0
1907 968.0
1908 968.0
1909 968.0
1910 968.0
1911 968.0
1912 968.0
1913 968.0
1924 268.0
1925 268.0
1926 268.0
1927 268.0
1928 268.0
1929 268.0
1930 268.0
1931 268.0
1932 268.0
1933 268.0
1944 968.0
1945 968.0
1946 968.0
1947 968.0
1948 968.0
1949 968.0
1950 968.0
1951 968.0
1952 968.0
1953 968.0
1964 968.0
1965 968.0
1966 968.0
1967 968.0
1968 968.0
1969 968.0
1970 968.0
1971 968.0
1972 968.0
1973 968.0
1984 968.0
1985 968.0
1986 968.0
1987 968.0
1988 968.0
1989 968.0
1990 968.0
1991 968.0
1992 968.0
1993 968.0
2004 968.0
2005 968.0
2006 968.0
2007 968.0
2008 968.0
2009 968.0
2010 968.0
2011 968.0
2012 968.0
2013 968.0
2024 955.0
2025 955.0
2026 955.0
2027 955.0
2028 955.0
2029 955.0
2030 927.0
2031 927.0
2032 927.0
2033 927.0
2034 927.0
2035 927.0
2036 927.0
2037 927.0
2038 927.0
2039 927.0
2040 927.0
2051 968.0
2052 968.0
2053 968.0
2054 968.0
2055 968.0
2056 968.0
2057 968.0
2058 968.0
2059 968.0
2060 968.0
2071 968.0
2072 968.0
2073 968.0
2074 968.0
2075 968.0
2076 968.0
2077 968.0
2078 968.0
2079 968.0
2080 968.0
2091 968.0
2092 968.0
2093 968.0
2094 968.0
2095 968.0
2096 968.0
2097 968.0
2098 968.0
2099 968.0
2100 968.0
2111 968.0
2112 968.0
2113 968.0
2114 968.0
2115 968.0
2116 968.0
2117 968.0
2118 968.0
2119 968.0
2120 968.0
2131 927.0
2132 927.0
2133 927.0
2134 927.0
2135 927.0
2136 927.0
2137 927.0
2138 927.0
2139 927.0
2140 927.0
2151 968.0
2152 968.0
2153 968.0
2154 268.0
2155 268.0
2156 268.0
2157 268.0
2158 268.0
2159 268.0
2160 268.0
2161 268.0
2162 268.0
2163 268.0
2164 268.0
2175 960.0
2176 960.0
2177 960.0
2178 960.0
2179 960.0
2180 960.0
2181 960.0
2182 960.0
2183 960.0
2184 960.0
2185 960.0
2196 968.0
2197 968.0
2198 968.0
2199 968.0
2200 968.0
2201 960.0
2202 960.0
2203 960.0
2204 960.0
2205 960.0
2206 955.0
2207 955.0
2208 955.0
2209 955.0
2210 955.0
2211 955.0
2212 955.0
2213 955.0
2214 955.0
2215 955.0
2216 955.0
2227 968.0
2228 968.0
2229 968.0
2230 968.0
2231 968.0
2232 968.0
2233 968.0
2234 968.0
2235 968.0
2236 968.0
2247 968.0
2248 968.0
2249 968.0
2250 968.0
2251 968.0
2252 968.0
2253 968.0
2254 968.0
2255 968.0
2256 968.0
2267 968.0
2268 968.0
2269 968.0
2270 955.0
2271 955.0
2272 955.0
2273 955.0
2274 955.0
2275 955.0
2276 955.0
2277 955.0
2278 955.0
2279 955.0
2280 955.0
2291 968.0
2292 968.0
2293 968.0
2294 968.0
2295 968.0
2296 968.0
2297 968.0
2298 968.0
2299 968.0
2300 968.0
2311 968.0
2312 968.0
2313 968.0
2314 968.0
2315 968.0
2316 968.0
2317 960.0
2318 960.0
2319 960.0
2320 960.0
2321 960.0
2322 960.0
2323 960.0
2324 960.0
2325 960.0
2326 960.0
2327 960.0
2338 927.0
2339 927.0
2340 927.0
2341 927.0
2342 927.0
2343 927.0
2344 927.0
2345 927.0
2346 927.0
2347 927.0
2358 268.0
2359 268.0
2360 268.0
2361 268.0
2362 268.0
2363 268.0
2364 268.0
2365 268.0
2366 268.0
2367 268.0
2378 955.0
2379 955.0
2380 955.0
2381 955.0
2382 955.0
2383 955.0
2384 955.0
2385 955.0
2386 955.0
2387 955.0
2398 960.0
2399 960.0
2400 960.0
2401 960.0
2402 960.0
2403 960.0
2404 960.0
2405 960.0
2406 960.0
2407 960.0
2418 968.0
2419 968.0
2420 968.0
2421 968.0
2422 968.0
2423 968.0
2424 968.0
2425 968.0
2426 968.0
2427 968.0
2438 968.0
2439 968.0
2440 968.0
2441 968.0
2442 968.0
2443 968.0
2444 968.0
2445 968.0
2446 968.0
2447 968.0
2458 968.0
2459 955.0
2460 955.0
2461 955.0
2462 955.0
2463 955.0
2464 955.0
2465 955.0
2466 955.0
2467 955.0
2468 955.0
2469 955.0
2480 268.0
2481 268.0
2482 268.0
2483 268.0
2484 268.0
2485 268.0
2486 268.0
2487 268.0
2488 268.0
2489 268.0
2490 268.0
2501 927.0
2502 927.0
2503 927.0
2504 927.0
2505 927.0
2506 927.0
2507 927.0
2508 927.0
2509 927.0
2510 927.0
2521 968.0
2522 968.0
2523 968.0
2524 968.0
2525 968.0
2526 968.0
2527 968.0
2528 968.0
2529 968.0
2530 968.0
2541 968.0
2542 968.0
2543 968.0
2544 968.0
2545 968.0
2546 968.0
2547 968.0
2548 968.0
2549 968.0
2550 968.0
2561 268.0
2562 268.0
2563 268.0
2564 268.0
2565 268.0
2566 268.0
2567 268.0
2568 268.0
2569 268.0
2570 268.0
2581 968.0
2582 968.0
2583 968.0
2584 968.0
2585 968.0
2586 968.0
2587 968.0
2588 968.0
2589 968.0
2590 968.0
2601 968.0
2602 968.0
2603 968.0
2604 968.0
2605 968.0
2606 968.0
2607 968.0
2608 968.0
2609 968.0
2610 968.0
2621 968.0
2622 968.0
2623 968.0
2624 968.0
2625 968.0
2626 968.0
2627 968.0
2628 968.0
2629 968.0
2630 968.0
2641 968.0
2642 968.0
2643 968.0
2644 955.0
2645 955.0
2646 955.0
2647 268.0
2648 268.0
2649 268.0
2650 268.0
2651 268.0
2652 268.0
2653 268.0
2654 268.0
2655 268.0
2656 268.0
2657 268.0
2668 968.0
2669 968.0
2670 968.0
2671 968.0
2672 968.0
2673 968.0
2674 968.0
2675 968.0
2676 968.0
2677 968.0
2688 968.0
2689 968.0
2690 968.0
2691 968.0
2692 968.0
2693 968.0
2694 968.0
2695 968.0
2696 968.0
2697 968.0
2708 968.0
2709 968.0
2710 968.0
2711 968.0
2712 968.0
2713 968.0
2714 968.0
2715 968.0
2716 968.0
2717 968.0
2728 968.0
2729 968.0
2730 968.0
2731 968.0
2732 968.0
2733 968.0
2734 968.0
2735 960.0
2736 960.0
2737 960.0
2738 960.0
2739 960.0
2740 960.0
2741 960.0
2742 960.0
2743 960.0
2744 960.0
2745 960.0
2756 960.0
2757 960.0
2758 960.0
2759 960.0
2760 960.0
2761 960.0
2762 960.0
2763 960.0
2764 960.0
2765 960.0
2776 968.0
2777 968.0
2778 968.0
2779 968.0
2780 968.0
2781 968.0
2782 968.0
2783 968.0
2784 968.0
2785 968.0
2796 955.0
2797 955.0
2798 955.0
2799 955.0
2800 955.0
2801 955.0
2802 955.0
2803 955.0
2804 955.0
2805 955.0
2816 268.0
2817 268.0
2818 268.0
2819 268.0
2820 268.0
2821 268.0
2822 268.0
2823 268.0
2824 268.0
2825 268.0
2836 968.0
2837 968.0
2838 968.0
2839 968.0
2840 968.0
2841 968.0
2842 968.0
2843 968.0
2844 968.0
2845 968.0
2856 968.0
2857 968.0
2858 968.0
2859 968.0
2860 968.0
2861 968.0
2862 968.0
2863 968.0
2864 968.0
2865 968.0
2876 968.0
2877 955.0
2878 955.0
2879 955.0
2880 955.0
2881 955.0
2882 955.0
2883 955.0
2884 955.0
2885 955.0
2886 955.0
2887 955.0
2898 968.0
2899 968.0
2900 968.0
2901 968.0
2902 968.0
2903 968.0
2904 968.0
2905 968.0
2906 968.0
2907 968.0
2918 968.0
2919 968.0
2920 968.0
2921 968.0
2922 968.0
2923 968.0
2924 968.0
2925 968.0
2926 927.0
2927 927.0
2928 927.0
2929 927.0
2930 927.0
2931 927.0
2932 927.0
2933 927.0
2934 927.0
2935 927.0
2936 927.0
2947 968.0
2948 968.0
2949 968.0
2950 968.0
2951 968.0
2952 968.0
2953 968.0
2954 968.0
2955 968.0
2956 968.0
2967 968.0
2968 968.0
2969 968.0
2970 968.0
2971 968.0
2972 968.0
2973 968.0
2974 968.0
2975 968.0
2976 968.0
2987 968.0
2988 968.0
2989 968.0
2990 968.0
2991 968.0
2992 968.0
2993 968.0
2994 968.0
2995 968.0
2996 968.0
3007 968.0
3008 968.0
3009 968.0
3010 968.0
3011 968.0
3012 968.0
3013 968.0
3014 968.0
3015 968.0
3016 968.0
3027 968.0
3028 968.0
3029 968.0
3030 968.0
3031 968.0
3032 968.0
3033 968.0
3034 968.0
3035 968.0
3036 968.0
3047 268.0
3048 268.0
3049 268.0
3050 268.0
3051 268.0
3052 268.0
3053 268.0
3054 268.0
3055 268.0
3056 268.0
3067 927.0
3068 927.0
3069 927.0
3070 927.0
3071 927.0
3072 927.0
3073 927.0
3074 927.0
3075 927.0
3076 927.0
3087 968.0
3088 968.0
3089 968.0
3090 968.0
3091 968.0
3092 968.0
3093 968.0
3094 968.0
3095 968.0
3096 968.0
3107 268.0
3108 268.0
3109 268.0
3110 268.0
3111 268.0
3112 268.0
3113 268.0
3114 268.0
3115 268.0
3116 268.0
3127 968.0
3128 968.0
3129 968.0
3130 968.0
3131 960.0
3132 960.0
3133 960.0
3134 960.0
3135 960.0
3136 960.0
3137 960.0
3138 960.0
3139 960.0
3140 960.0
3141 960.0
3152 968.0
3153 968.0
3154 968.0
3155 968.0
3156 968.0
3157 968.0
3158 968.0
3159 968.0
3160 968.0
3161 968.0
3172 968.0
3173 968.0
3174 968.0
3175 968.0
3176 968.0
3177 968.0
3178 968.0
3179 968.0
3180 968.0
3181 968.0
3192 968.0
3193 968.0
3194 968.0
3195 968.0
3196 968.0
3197 968.0
3198 968.0
3199 968.0
3200 968.0
3201 968.0
3212 955.0
3213 955.0
3214 955.0
3215 955.0
3216 955.0
3217 955.0
3218 955.0
3219 955.0
3220 955.0
3221 955.0
3222 955.0
3233 927.0
3234 927.0
3235 927.0
3236 927.0
3237 927.0
3238 927.0
3239 927.0
3240 927.0
3241 927.0
3242 927.0
3253 927.0
3254 927.0
3255 927.0
3256 927.0
3257 927.0
3258 927.0
3259 927.0
3260 927.0
3261 927.0
3262 927.0
3273 955.0
3274 955.0
3275 955.0
3276 955.0
3277 955.0
3278 955.0
3279 955.0
3280 955.0
3281 955.0
3282 955.0
3293 968.0
3294 968.0
3295 968.0
3296 968.0
3297 968.0
3298 968.0
3299 968.0
3300 968.0
3301 968.0
3302 968.0
3313 968.0
3314 968.0
3315 968.0
3316 968.0
3317 968.0
3318 968.0
3319 968.0
3320 968.0
3321 968.0
3322 968.0
3333 268.0
3334 268.0
3335 268.0
3336 268.0
3337 268.0
3338 268.0
3339 268.0
3340 268.0
3341 268.0
3342 268.0
3353 968.0
3354 968.0
3355 968.0
3356 968.0
3357 968.0
3358 968.0
3359 968.0
3360 968.0
3361 968.0
3362 968.0
3373 968.0
3374 968.0
3375 968.0
3376 968.0
3377 968.0
3378 968.0
3379 968.0
3380 968.0
3381 968.0
3382 968.0
3393 968.0
3394 968.0
3395 968.0
3396 968.0
3397 968.0
3398 968.0
3399 968.0
3400 960.0
3401 960.0
3402 960.0
3403 960.0
3404 960.0
3405 960.0
3406 960.0
3407 960.0
3408 960.0
3409 960.0
3410 960.0
3421 955.0
3422 955.0
3423 955.0
3424 955.0
3425 955.0
3426 955.0
3427 955.0
3428 955.0
3429 955.0
3430 955.0
3441 968.0
3442 968.0
3443 968.0
3444 968.0
3445 968.0
3446 968.0
3447 968.0
3448 968.0
3449 968.0
3450 968.0
3461 968.0
3462 968.0
3463 968.0
3464 968.0
3465 968.0
3466 968.0
3467 968.0
3468 968.0
3469 968.0
3470 968.0
3481 268.0
3482 268.0
3483 268.0
3484 268.0
3485 268.0
3486 268.0
3487 268.0
3488 268.0
3489 268.0
3490 268.0
3501 968.0
3502 968.0
3503 968.0
3504 968.0
3505 968.0
3506 968.0
3507 968.0
3508 968.0
3509 968.0
3510 968.0
3521 268.0
3522 268.0
3523 268.0
3524 268.0
3525 268.0
3526 268.0
3527 268.0
3528 268.0
3529 268.0
3530 268.0
3541 968.0
3542 968.0
3543 968.0
3544 968.0
3545 968.0
3546 968.0
3547 968.0
3548 968.0
3549 968.0
3550 968.0
3561 968.0
3562 968.0
3563 968.0
3564 968.0
3565 968.0
3566 968.0
3567 968.0
3568 968.0
3569 968.0
3570 968.0
3581 968.0
3582 968.0
3583 968.0
3584 968.0
3585 968.0
3586 968.0
3587 968.0
3588 968.0
3589 968.0
3590 968.0
3601 968.0
3602 968.0
3603 968.0
3604 968.0
3605 927.0
3606 927.0
3607 927.0
3608 927.0
3609 927.0
3610 927.0
3611 927.0
3612 927.0
3613 927.0
3614 927.0
3615 927.0
3626 968.0
3627 968.0
3628 968.0
3629 968.0
3630 968.0
3631 968.0
3632 968.0
3633 968.0
3634 968.0
3635 968.0
3646 968.0
3647 968.0
3648 968.0
3649 968.0
3650 955.0
3651 955.0
3652 955.0
3653 955.0
3654 955.0
3655 927.0
3656 927.0
3657 927.0
3658 927.0
3659 927.0
3660 927.0
3661 927.0
3662 927.0
3663 927.0
3664 927.0
3665 927.0
3676 927.0
3677 927.0
3678 927.0
3679 927.0
3680 927.0
3681 927.0
3682 927.0
3683 927.0
3684 927.0
3685 927.0
3696 968.0
3697 968.0
3698 968.0
3699 968.0
3700 968.0
3701 968.0
3702 968.0
3703 968.0
3704 968.0
3705 968.0
3716 968.0
3717 968.0
3718 968.0
3719 968.0
3720 968.0
3721 968.0
3722 968.0
3723 968.0
3724 968.0
3725 968.0
3736 968.0
3737 968.0
3738 968.0
3739 968.0
3740 968.0
3741 968.0
3742 968.0
3743 968.0
3744 968.0
3745 968.0
3756 968.0
3757 968.0
3758 968.0
3759 968.0
3760 968.0
3761 968.0
3762 968.0
3763 968.0
3764 968.0
3765 968.0
3776 968.0
3777 968.0
3778 268.0
3779 268.0
3780 268.0
3781 268.0
3782 268.0
3783 268.0
3784 268.0
3785 268.0
3786 268.0
3787 268.0
3788 268.0
3799 927.0
3800 927.0
3801 927.0
3802 927.0
3803 927.0
3804 927.0
3805 927.0
3806 927.0
3807 927.0
3808 927.0
3819 955.0
3820 955.0
3821 955.0
3822 955.0
3823 955.0
3824 955.0
3825 955.0
3826 955.0
3827 955.0
3828 955.0
3839 968.0
3840 968.0
3841 968.0
3842 968.0
3843 968.0
3844 968.0
3845 968.0
3846 968.0
3847 968.0
3848 968.0
3859 955.0
3860 955.0
3861 955.0
3862 955.0
3863 955.0
3864 955.0
3865 955.0
3866 955.0
3867 955.0
3868 955.0
3879 968.0
3880 968.0
3881 968.0
3882 968.0
3883 268.0
3884 268.0
3885 268.0
3886 268.0
3887 268.0
3888 268.0
3889 268.0
3890 268.0
3891 268.0
3892 268.0
3893 268.0
3904 968.0
3905 968.0
3906 968.0
3907 968.0
3908 968.0
3909 968.0
3910 968.0
3911 968.0
3912 968.0
3913 968.0
3924 968.0
3925 968.0
3926 968.0
3927 968.0
3928 968.0
3929 968.0
3930 968.0
3931 968.0
3932 968.0
3933 968.0
3944 268.0
3945 268.0
3946 268.0
3947 268.0
3948 268.0
3949 268.0
3950 268.0
3951 268.0
3952 268.0
3953 268.0
3964 968.0
3965 968.0
3966 968.0
3967 968.0
3968 968.0
3969 968.0
3970 968.0
3971 968.0
3972 968.0
3973 968.0
3984 968.0
3985 968.0
3986 968.0
3987 968.0
3988 968.0
3989 968.0
3990 968.0
3991 968.0
3992 968.0
3993 968.0
4004 268.0
4005 268.0
4006 268.0
4007 268.0
4008 268.0
4009 268.0
4010 268.0
4011 268.0
4012 268.0
4013 268.0
4024 968.0
4025 968.0
4026 968.0
4027 968.0
4028 968.0
4029 968.0
4030 968.0
4031 968.0
4032 968.0
4033 968.0
4044 968.0
4045 955.0
4046 955.0
4047 955.0
4048 955.0
4049 955.0
4050 955.0
4051 955.0
4052 955.0
4053 955.0
4054 955.0
4055 955.0
4066 968.0
4067 968.0
4068 960.0
4069 960.0
4070 960.0
4071 960.0
4072 960.0
4073 960.0
4074 960.0
4075 960.0
4076 960.0
4077 960.0
4078 960.0
4089 968.0
4090 968.0
4091 968.0
4092 968.0
4093 968.0
4094 968.0
4095 968.0
4096 968.0
4097 968.0
4098 968.0
4109 968.0
4110 968.0
4111 968.0
4112 968.0
4113 968.0
4114 968.0
4115 968.0
4116 968.0
4117 968.0
4118 968.0
4129 968.0
4130 968.0
4131 968.0
4132 927.0
4133 927.0
4134 927.0
4135 927.0
4136 927.0
4137 927.0
4138 927.0
4139 927.0
4140 927.0
4141 927.0
4142 927.0
4153 968.0
4154 968.0
4155 968.0
4156 968.0
4157 968.0
4158 968.0
4159 968.0
4160 968.0
4161 968.0
4162 968.0
4173 982.0
4174 982.0
4175 982.0
4176 968.0
4177 968.0
4178 968.0
4179 968.0
4180 968.0
4181 968.0
4182 968.0
4183 968.0
4184 968.0
4185 955.0
4186 955.0
4187 955.0
4188 955.0
4189 955.0
4190 955.0
4191 955.0
4192 955.0
4193 955.0
4194 955.0
4195 955.0
4206 968.0
4207 968.0
4208 968.0
4209 968.0
4210 968.0
4211 968.0
4212 968.0
4213 968.0
4214 968.0
4215 968.0
4226 927.0
4227 927.0
4228 927.0
4229 927.0
4230 927.0
4231 927.0
4232 927.0
4233 927.0
4234 927.0
4235 927.0
4246 968.0
4247 968.0
4248 968.0
4249 968.0
4250 968.0
4251 968.0
4252 968.0
4253 268.0
4254 268.0
4255 268.0
4256 268.0
4257 268.0
4258 268.0
4259 268.0
4260 268.0
4261 268.0
4262 268.0
4263 268.0
4274 960.0
4275 960.0
4276 955.0
4277 955.0
4278 955.0
4279 955.0
4280 955.0
4281 955.0
4282 955.0
4283 955.0
4284 927.0
4285 927.0
4286 927.0
4287 927.0
4288 927.0
4289 927.0
4290 927.0
4291 927.0
4292 927.0
4293 927.0
4294 927.0
4305 968.0
4306 968.0
4307 968.0
4308 968.0
4309 968.0
4310 968.0
4311 968.0
4312 968.0
4313 968.0
4314 968.0
4325 968.0
4326 968.0
4327 968.0
4328 968.0
4329 968.0
4330 968.0
4331 968.0
4332 968.0
4333 968.0
4334 968.0
4345 955.0
4346 955.0
4347 955.0
4348 955.0
4349 955.0
4350 955.0
4351 955.0
4352 955.0
4353 955.0
4354 955.0
4365 268.0
4366 268.0
4367 268.0
4368 268.0
4369 268.0
4370 268.0
4371 268.0
4372 268.0
4373 268.0
4374 268.0
4385 955.0
4386 955.0
4387 955.0
4388 955.0
4389 955.0
4390 955.0
4391 955.0
4392 955.0
4393 955.0
4394 955.0
4405 955.0
4406 955.0
4407 955.0
4408 955.0
4409 955.0
4410 955.0
4411 955.0
4412 955.0
4413 955.0
4414 955.0
4425 960.0
4426 960.0
4427 960.0
4428 960.0
4429 960.0
4430 960.0
4431 960.0
4432 960.0
4433 960.0
4434 960.0
4445 968.0
4446 968.0
4447 968.0
4448 968.0
4449 968.0
4450 927.0
4451 927.0
4452 927.0
4453 927.0
4454 927.0
4455 268.0
4456 268.0
4457 268.0
4458 268.0
4459 268.0
4460 268.0
4461 268.0
4462 268.0
4463 268.0
4464 268.0
4465 268.0
4476 955.0
4477 955.0
4478 955.0
4479 955.0
4480 955.0
4481 955.0
4482 955.0
4483 955.0
4484 955.0
4485 955.0
4496 968.0
4497 955.0
4498 955.0
4499 955.0
4500 955.0
4501 955.0
4502 955.0
4503 955.0
4504 955.0
4505 268.0
4506 268.0
4507 268.0
4508 268.0
4509 268.0
4510 268.0
4511 268.0
4512 268.0
4513 268.0
4514 268.0
4515 268.0
4526 968.0
4527 968.0
4528 968.0
4529 968.0
4530 968.0
4531 968.0
4532 968.0
4533 968.0
4534 955.0
4535 955.0
4536 955.0
4537 955.0
4538 955.0
4539 955.0
4540 955.0
4541 955.0
4542 955.0
4543 955.0
4544 955.0
4555 268.0
4556 268.0
4557 268.0
4558 268.0
4559 268.0
4560 268.0
4561 268.0
4562 268.0
4563 268.0
4564 268.0
4575 960.0
4576 960.0
4577 960.0
4578 960.0
4579 960.0
4580 960.0
4581 960.0
4582 960.0
4583 960.0
4584 960.0
4595 968.0
4596 968.0
4597 968.0
4598 968.0
4599 968.0
4600 968.0
4601 968.0
4602 968.0
4603 968.0
4604 968.0
4615 968.0
4616 968.0
4617 968.0
4618 968.0
4619 968.0
4620 968.0
4621 968.0
4622 968.0
4623 968.0
4624 968.0
4635 968.0
4636 968.0
4637 968.0
4638 968.0
4639 968.0
4640 968.0
4641 968.0
4642 968.0
4643 968.0
4644 968.0
4655 968.0
4656 968.0
4657 968.0
4658 968.0
4659 968.0
4660 968.0
4661 968.0
4662 968.0
4663 968.0
4664 968.0
4675 968.0
4676 968.0
4677 968.0
4678 968.0
4679 968.0
4680 968.0
4681 968.0
4682 968.0
4683 968.0
4684 968.0
4695 968.0
4696 968.0
4697 968.0
4698 968.0
4699 968.0
4700 968.0
4701 968.0
4702 968.0
4703 968.0
4704 968.0
4715 968.0
4716 968.0
4717 968.0
4718 968.0
4719 968.0
4720 968.0
4721 968.0
4722 968.0
4723 968.0
4724 968.0
4735 968.0
4736 968.0
4737 968.0
4738 968.0
4739 968.0
4740 968.0
4741 968.0
4742 968.0
4743 968.0
4744 968.0
4755 968.0
4756 960.0
4757 960.0
4758 960.0
4759 960.0
4760 960.0
4761 955.0
4762 955.0
4763 955.0
4764 955.0
4765 955.0
4766 955.0
4767 955.0
4768 955.0
4769 955.0
4770 955.0
4771 955.0
4782 927.0
4783 927.0
4784 927.0
4785 927.0
4786 927.0
4787 927.0
4788 927.0
4789 927.0
4790 927.0
4791 927.0
4802 268.0
4803 268.0
4804 268.0
4805 268.0
4806 268.0
4807 268.0
4808 268.0
4809 268.0
4810 268.0
4811 268.0
4822 995.0
4823 995.0
4824 995.0
4825 968.0
4826 968.0
4827 968.0
4828 968.0
4829 968.0
4830 968.0
4831 968.0
4832 968.0
4833 968.0
4834 968.0
4835 968.0
4846 927.0
4847 927.0
4848 927.0
4849 927.0
4850 927.0
4851 927.0
4852 927.0
4853 927.0
4854 927.0
4855 927.0
4866 968.0
4867 968.0
4868 968.0
4869 955.0
4870 955.0
4871 955.0
4872 955.0
4873 955.0
4874 955.0
4875 955.0
4876 955.0
4877 955.0
4878 955.0
4879 955.0
4890 968.0
4891 968.0
4892 968.0
4893 968.0
4894 968.0
4895 968.0
4896 968.0
4897 968.0
4898 968.0
4899 968.0
4910 968.0
4911 968.0
4912 968.0
4913 968.0
4914 968.0
4915 968.0
4916 968.0
4917 968.0
4918 968.0
4919 968.0
4930 968.0
4931 968.0
4932 968.0
4933 968.0
4934 968.0
4935 968.0
4936 968.0
4937 968.0
4938 968.0
4939 968.0
4950 968.0
4951 968.0
4952 968.0
4953 968.0
4954 968.0
4955 968.0
4956 968.0
4957 968.0
4958 968.0
4959 968.0
4970 968.0
4971 968.0
4972 968.0
4973 968.0
4974 968.0
4975 968.0
4976 968.0
4977 968.0
4978 968.0
4979 968.0
4990 968.0
4991 968.0
4992 968.0
4993 968.0
4994 968.0
4995 968.0
4996 968.0
4997 968.0
4998 968.0
4999 968.0
