0 5460.0
1 5460.0
2 5460.0
3 5460.0
4 5460.0
5 5460.0
6 5460.0
7 5460.0
8 5460.0
9 5460.0
10 5460.0
21 5460.0
22 5051.0
23 4952.0
24 4952.0
25 4280.0
26 4280.0
27 4280.0
28 4280.0
29 4280.0
30 4280.0
31 4280.0
32 4280.0
33 4280.0
34 4280.0
35 4280.0
46 4851.0
47 4851.0
48 4753.0
49 4753.0
50 4753.0
51 4753.0
52 4753.0
53 4753.0
54 4753.0
55 4753.0
56 4753.0
57 4753.0
58 4753.0
69 1276.0
70 1276.0
71 1276.0
72 1276.0
73 1276.0
74 1276.0
75 1276.0
76 1276.0
77 268.0
78 268.0
79 268.0
80 268.0
81 268.0
82 268.0
83 268.0
84 268.0
85 268.0
86 268.0
87 268.0
98 968.0
99 968.0
100 968.0
101 968.0
102 968.0
103 968.0
104 927.0
105 927.0
106 927.0
107 927.0
108 927.0
109 927.0
110 927.0
111 927.0
112 927.0
113 927.0
114 927.0
125 968.0
126 968.0
127 968.0
128 968.0
129 968.0
130 968.0
131 968.0
132 968.0
133 968.0
134 968.0
145 968.0
146 968.0
147 968.0
148 968.0
149 968.0
150 968.0
151 968.0
152 968.0
153 960.0
154 960.0
155 955.0
156 955.0
157 268.0
158 268.0
159 268.0
160 268.0
161 268.0
162 268.0
163 268.0
164 268.0
165 268.0
166 268.0
167 268.0
178 960.0
179 960.0
180 960.0
181 960.0
182 960.0
183 960.0
184 960.0
185 960.0
186 960.0
187 960.0
198 955.0
199 955.0
200 955.0
201 955.0
202 955.0
203 955.0
204 955.0
205 955.0
206 955.0
207 955.0
208 955.0
219 968.0
220 968.0
221 968.0
222 968.0
223 968.0
224 968.0
225 968.0
226 968.0
227 968.0
228 968.0
239 955.0
240 955.0
241 955.0
242 955.0
243 955.0
244 955.0
245 955.0
246 955.0
247 955.0
248 955.0
259 968.0
260 968.0
261 968.0
262 968.0
263 968.0
264 968.0
265 968.0
266 968.0
267 968.0
268 968.0
279 968.0
280 968.0
281 968.0
282 968.0
283 927.0
284 927.0
285 927.0
286 927.0
287 927.0
288 927.0
289 927.0
290 927.0
291 927.0
292 927.0
293 927.0
304 960.0
305 960.0
306 960.0
307 960.0
308 960.0
309 960.0
310 960.0
311 960.0
312 960.0
313 960.0
324 927.0
325 927.0
326 927.0
327 927.0
328 927.0
329 927.0
330 927.0
331 927.0
332 927.0
333 927.0
344 927.0
345 927.0
346 927.0
347 927.0
348 927.0
349 927.0
350 927.0
351 927.0
352 927.0
353 927.0
364 268.0
365 268.0
366 268.0
367 268.0
368 268.0
369 268.0
370 268.0
371 268.0
372 268.0
373 268.0
384 968.0
385 968.0
386 968.0
387 968.0
388 968.0
389 960.0
390 960.0
391 960.0
392 960.0
393 960.0
394 960.0
395 960.0
396 960.0
397 960.0
398 960.0
399 960.0
410 960.0
411 960.0
412 960.0
413 960.0
414 960.0
415 960.0
416 960.0
417 960.0
418 960.0
419 960.0
430 268.0
431 268.0
432 268.0
433 268.0
434 268.0
435 268.0
436 268.0
437 268.0
438 268.0
439 268.0
450 968.0
451 968.0
452 968.0
453 968.0
454 968.0
455 968.0
456 968.0
457 968.0
458 968.0
459 968.0
470 927.0
471 927.0
472 927.0
473 927.0
474 927.0
475 927.0
476 927.0
477 927.0
478 927.0
479 927.0
480 927.0
491 968.0
492 968.0
493 968.0
494 968.0
495 968.0
496 968.0
497 968.0
498 968.0
499 968.0
500 968.0
511 268.0
512 268.0
513 268.0
514 268.0
515 268.0
516 268.0
517 268.0
518 268.0
519 268.0
520 268.0
531 968.0
532 968.0
533 968.0
534 968.0
535 968.0
536 968.0
537 968.0
538 968.0
539 968.0
540 968.0
551 968.0
552 968.0
553 968.0
554 968.0
555 968.0
556 968.0
557 968.0
558 968.0
559 968.0
560 968.0
571 968.0
572 968.0
573 968.0
574 968.0
575 968.0
576 968.0
577 968.0
578 968.0
579 968.0
580 968.0
591 968.0
592 968.0
593 968.0
594 968.0
595 968.0
596 968.0
597 968.0
598 968.0
599 968.0
600 968.0
611 968.0
612 968.0
613 968.0
614 960.0
615 960.0
616 960.0
617 960.0
618 960.0
619 960.0
620 960.0
621 960.0
622 960.0
623 960.0
624 960.0
635 968.0
636 968.0
637 968.0
638 968.0
639 968.0
640 968.0
641 968.0
642 968.0
643 968.0
644 968.0
655 960.0
656 960.0
657 960.0
658 960.0
659 960.0
660 960.0
661 960.0
662 960.0
663 960.0
664 960.0
675 968.0
676 968.0
677 968.0
678 968.0
679 968.0
680 968.0
681 968.0
682 968.0
683 968.0
684 968.0
695 968.0
696 968.0
697 968.0
698 968.0
699 968.0
700 968.0
701 968.0
702 968.0
703 968.0
704 968.0
715 968.0
716 968.0
717 968.0
718 968.0
719 968.0
720 968.0
721 968.0
722 968.0
723 968.0
724 968.0
735 955.0
736 955.0
737 955.0
738 955.0
739 955.0
740 955.0
741 955.0
742 955.0
743 955.0
744 955.0
755 927.0
756 927.0
757 927.0
758 927.0
759 927.0
760 927.0
761 927.0
762 927.0
763 927.0
764 927.0
775 982.0
776 968.0
777 968.0
778 968.0
779 968.0
780 968.0
781 968.0
782 968.0
783 968.0
784 968.0
785 968.0
786 968.0
797 968.0
798 968.0
799 968.0
800 927.0
801 927.0
802 927.0
803 927.0
804 927.0
805 927.0
806 268.0
807 268.0
808 268.0
809 268.0
810 268.0
811 268.0
812 268.0
813 268.0
814 268.0
815 268.0
816 268.0
827 268.0
828 268.0
829 268.0
830 268.0
831 268.0
832 268.0
833 268.0
834 268.0
835 268.0
836 268.0
847 268.0
848 268.0
849 268.0
850 268.0
851 268.0
852 268.0
853 268.0
854 268.0
855 268.0
856 268.0
867 960.0
868 960.0
869 960.0
870 960.0
871 960.0
872 960.0
873 960.0
874 960.0
875 960.0
876 960.0
887 968.0
888 968.0
889 968.0
890 968.0
891 968.0
892 968.0
893 968.0
894 968.0
895 968.0
896 968.0
907 927.0
908 927.0
909 927.0
910 927.0
911 927.0
912 927.0
913 927.0
914 927.0
915 927.0
916 268.0
917 268.0
918 268.0
919 268.0
920 268.0
921 268.0
922 268.0
923 268.0
924 268.0
925 268.0
926 268.0
937 968.0
938 968.0
939 968.0
940 968.0
941 968.0
942 968.0
943 968.0
944 968.0
945 968.0
946 968.0
957 968.0
958 968.0
959 968.0
960 968.0
961 968.0
962 968.0
963 968.0
964 968.0
965 968.0
966 968.0
977 960.0
978 960.0
979 960.0
980 960.0
981 960.0
982 960.0
983 960.0
984 960.0
985 960.0
986 960.0
997 968.0
998 968.0
999 968.0
1000 968.0
1001 968.0
1002 968.0
1003 968.0
1004 968.0
1005 968.0
1006 968.0
1017 968.0
1018 927.0
1019 927.0
1020 927.0
1021 927.0
1022 927.0
1023 927.0
1024 927.0
1025 927.0
1026 927.0
1027 927.0
1028 927.0
1039 968.0
1040 927.0
1041 927.0
1042 927.0
1043 927.0
1044 927.0
1045 927.0
1046 927.0
1047 927.0
1048 927.0
1049 927.0
1050 927.0
1061 968.0
1062 968.0
1063 968.0
1064 968.0
1065 960.0
1066 960.0
1067 960.0
1068 960.0
1069 960.0
1070 960.0
1071 960.0
1072 960.0
1073 960.0
1074 960.0
1075 960.0
1086 268.0
1087 268.0
1088 268.0
1089 268.0
1090 268.0
1091 268.0
1092 268.0
1093 268.0
1094 268.0
1095 268.0
1106 268.0
1107 268.0
1108 268.0
1109 268.0
1110 268.0
1111 268.0
1112 268.0
1113 268.0
1114 268.0
1115 268.0
1126 968.0
1127 968.0
1128 968.0
1129 968.0
1130 968.0
1131 968.0
1132 968.0
1133 968.0
1134 968.0
1135 968.0
1146 968.0
1147 968.0
1148 968.0
1149 968.0
1150 968.0
1151 968.0
1152 968.0
1153 968.0
1154 968.0
1155 968.0
1166 968.0
1167 968.0
1168 968.0
1169 968.0
1170 927.0
1171 927.0
1172 927.0
1173 927.0
1174 927.0
1175 927.0
1176 927.0
1177 927.0
1178 927.0
1179 927.0
1180 927.0
1191 968.0
1192 968.0
1193 968.0
1194 968.0
1195 968.0
1196 968.0
1197 968.0
1198 968.0
1199 968.0
1200 968.0
1211 968.0
1212 968.0
1213 968.0
1214 968.0
1215 968.0
1216 968.0
1217 968.0
1218 968.0
1219 968.0
1220 968.0
1231 968.0
1232 968.0
1233 968.0
1234 968.0
1235 968.0
1236 968.0
1237 968.0
1238 968.0
1239 968.0
1240 968.0
1251 968.0
1252 968.0
1253 968.0
1254 968.0
1255 968.0
1256 968.0
1257 968.0
1258 968.0
1259 955.0
1260 955.0
1261 955.0
1262 955.0
1263 955.0
1264 955.0
1265 955.0
1266 955.0
1267 955.0
1268 955.0
1269 955.0
1280 968.0
1281 968.0
1282 968.0
1283 968.0
1284 968.0
1285 968.0
1286 968.0
1287 968.0
1288 968.0
1289 968.0
1290 968.0
1301 968.0
1302 968.0
1303 968.0
1304 968.0
1305 968.0
1306 968.0
1307 968.0
1308 968.0
1309 968.0
1310 927.0
1311 927.0
1312 927.0
1313 927.0
1314 927.0
1315 927.0
1316 927.0
1317 927.0
1318 927.0
1319 927.0
1320 927.0
1331 968.0
1332 968.0
1333 968.0
1334 968.0
1335 968.0
1336 968.0
1337 968.0
1338 968.0
1339 968.0
1340 968.0
1351 968.0
1352 968.0
1353 968.0
1354 968.0
1355 968.0
1356 968.0
1357 968.0
1358 968.0
1359 968.0
1360 968.0
1371 968.0
1372 968.0
1373 968.0
1374 968.0
1375 968.0
1376 968.0
1377 968.0
1378 968.0
1379 968.0
1380 968.0
1391 927.0
1392 927.0
1393 927.0
1394 927.0
1395 927.0
1396 927.0
1397 927.0
1398 927.0
1399 927.0
1400 927.0
1401 268.0
1402 268.0
1403 268.0
1404 268.0
1405 268.0
1406 268.0
1407 268.0
1408 268.0
1409 268.0
1410 268.0
1411 268.0
1422 955.0
1423 955.0
1424 955.0
1425 955.0
1426 955.0
1427 955.0
1428 955.0
1429 955.0
1430 955.0
1431 955.0
1442 968.0
1443 968.0
1444 968.0
1445 968.0
1446 968.0
1447 968.0
1448 968.0
1449 968.0
1450 968.0
1451 968.0
1462 968.0
1463 968.0
1464 968.0
1465 968.0
1466 968.0
1467 968.0
1468 968.0
1469 968.0
1470 968.0
1471 968.0
1482 968.0
1483 968.0
1484 968.0
1485 968.0
1486 968.0
1487 968.0
1488 968.0
1489 968.0
1490 968.0
1491 968.0
1502 968.0
1503 968.0
1504 968.0
1505 968.0
1506 968.0
1507 968.0
1508 968.0
1509 968.0
1510 968.0
1511 968.0
1522 968.0
1523 968.0
1524 968.0
1525 968.0
1526 968.0
1527 968.0
1528 968.0
1529 968.0
1530 968.0
1531 968.0
1542 968.0
1543 968.0
1544 968.0
1545 968.0
1546 968.0
1547 927.0
1548 927.0
1549 927.0
1550 927.0
1551 927.0
1552 927.0
1553 927.0
1554 927.0
1555 927.0
1556 927.0
1557 927.0
1568 968.0
1569 968.0
1570 968.0
1571 968.0
1572 968.0
1573 968.0
1574 968.0
1575 968.0
1576 968.0
1577 968.0
1588 968.0
1589 968.0
1590 968.0
1591 960.0
1592 960.0
1593 960.0
1594 960.0
1595 960.0
1596 960.0
1597 960.0
1598 960.0
1599 960.0
1600 960.0
1601 960.0
1612 968.0
1613 968.0
1614 968.0
1615 968.0
1616 968.0
1617 968.0
1618 968.0
1619 968.0
1620 968.0
1621 968.0
1632 955.0
1633 955.0
1634 955.0
1635 955.0
1636 955.0
1637 955.0
1638 955.0
1639 955.0
1640 955.0
1641 927.0
1642 927.0
1643 927.0
1644 927.0
1645 927.0
1646 927.0
1647 927.0
1648 927.0
1649 927.0
1650 927.0
1651 927.0
1662 968.0
1663 968.0
1664 968.0
1665 968.0
1666 968.0
1667 968.0
1668 968.0
1669 968.0
1670 968.0
1671 927.0
1672 927.0
1673 927.0
1674 927.0
1675 927.0
1676 927.0
1677 927.0
1678 927.0
1679 927.0
1680 927.0
1681 927.0
1692 968.0
1693 968.0
1694 968.0
1695 968.0
1696 968.0
1697 968.0
1698 968.0
1699 268.0
1700 268.0
1701 268.0
1702 268.0
1703 268.0
1704 268.0
1705 268.0
1706 268.0
1707 268.0
1708 268.0
1709 268.0
1720 968.0
1721 968.0
1722 968.0
1723 968.0
1724 968.0
1725 968.0
1726 968.0
1727 968.0
1728 968.0
1729 968.0
1740 968.0
1741 927.0
1742 927.0
1743 927.0
1744 927.0
1745 927.0
1746 927.0
1747 927.0
1748 927.0
1749 927.0
1750 927.0
1751 927.0
1762 268.0
1763 268.0
1764 268.0
1765 268.0
1766 268.0
1767 268.0
1768 268.0
1769 268.0
1770 268.0
1771 268.0
1782 927.0
1783 927.0
1784 927.0
1785 927.0
1786 927.0
1787 927.0
1788 927.0
1789 927.0
1790 927.0
1791 927.0
1802 955.0
1803 955.0
1804 955.0
1805 955.0
1806 955.0
1807 955.0
1808 955.0
1809 955.0
1810 955.0
1811 955.0
1822 968.0
1823 968.0
1824 968.0
1825 968.0
1826 968.0
1827 968.0
1828 968.0
1829 968.0
1830 968.0
1831 968.0
1842 955.0
1843 955.0
1844 955.0
1845 955.0
1846 955.0
1847 955.0
1848 955.0
1849 955.0
1850 955.0
1851 955.0
1862 268.0
1863 268.0
1864 268.0
1865 268.0
1866 268.0
1867 268.0
1868 268.0
1869 268.0
1870 268.0
1871 268.0
1882 968.0
1883 968.0
1884 968.0
1885 968.0
1886 968.0
1887 968.0
1888 968.0
1889 968.0
1890 968.0
1891 968.0
1902 927.0
1903 927.0
1904 927.0
1905 927.0
1906 927.0
1907 927.0
1908 927.0
1909 927.0
1910 927.0
1911 927.0
1922 960.0
1923 960.0
1924 960.0
1925 960.0
1926 960.0
1927 960.0
1928 960.0
1929 960.0
1930 960.0
1931 960.0
1942 268.0
1943 268.0
1944 268.0
1945 268.0
1946 268.0
1947 268.0
1948 268.0
1949 268.0
1950 268.0
1951 268.0
1962 968.0
1963 968.0
1964 968.0
1965 968.0
1966 968.0
1967 968.0
1968 968.0
1969 968.0
1970 968.0
1971 968.0
1982 968.0
1983 968.0
1984 968.0
1985 968.0
1986 968.0
1987 968.0
1988 955.0
1989 955.0
1990 955.0
1991 955.0
1992 955.0
1993 955.0
1994 955.0
1995 955.0
1996 955.0
1997 955.0
1998 268.0
1999 268.0
2000 268.0
2001 268.0
2002 268.0
2003 268.0
2004 268.0
2005 268.0
2006 268.0
2007 268.0
2008 268.0
2019 927.0
2020 927.0
2021 927.0
2022 927.0
2023 927.0
2024 927.0
2025 927.0
2026 927.0
2027 927.0
2028 927.0
2039 968.0
2040 968.0
2041 968.0
2042 968.0
2043 968.0
2044 968.0
2045 968.0
2046 968.0
2047 968.0
2048 968.0
2059 968.0
2060 968.0
2061 968.0
2062 968.0
2063 968.0
2064 968.0
2065 968.0
2066 968.0
2067 968.0
2068 968.0
2079 927.0
2080 927.0
2081 927.0
2082 927.0
2083 927.0
2084 927.0
2085 927.0
2086 927.0
2087 927.0
2088 927.0
2099 968.0
2100 968.0
2101 968.0
2102 968.0
2103 968.0
2104 968.0
2105 968.0
2106 968.0
2107 968.0
2108 968.0
2119 968.0
2120 968.0
2121 968.0
2122 968.0
2123 968.0
2124 968.0
2125 968.0
2126 968.0
2127 968.0
2128 968.0
2139 968.0
2140 968.0
2141 968.0
2142 968.0
2143 968.0
2144 968.0
2145 968.0
2146 955.0
2147 955.0
2148 955.0
2149 955.0
2150 955.0
2151 955.0
2152 955.0
2153 955.0
2154 955.0
2155 955.0
2156 955.0
2167 968.0
2168 968.0
2169 968.0
2170 968.0
2171 960.0
2172 960.0
2173 960.0
2174 960.0
2175 960.0
2176 960.0
2177 960.0
2178 960.0
2179 960.0
2180 960.0
2181 960.0
2192 968.0
2193 968.0
2194 968.0
2195 968.0
2196 968.0
2197 968.0
2198 968.0
2199 968.0
2200 968.0
2201 968.0
2212 968.0
2213 968.0
2214 968.0
2215 968.0
2216 968.0
2217 968.0
2218 968.0
2219 968.0
2220 968.0
2221 968.0
2232 968.0
2233 968.0
2234 968.0
2235 968.0
2236 968.0
2237 968.0
2238 968.0
2239 968.0
2240 968.0
2241 968.0
2252 968.0
2253 968.0
2254 968.0
2255 968.0
2256 968.0
2257 968.0
2258 968.0
2259 968.0
2260 968.0
2261 968.0
2272 968.0
2273 968.0
2274 968.0
2275 968.0
2276 968.0
2277 968.0
2278 968.0
2279 968.0
2280 968.0
2281 968.0
2292 968.0
2293 968.0
2294 968.0
2295 968.0
2296 968.0
2297 968.0
2298 968.0
2299 968.0
2300 968.0
2301 968.0
2312 968.0
2313 968.0
2314 968.0
2315 968.0
2316 968.0
2317 968.0
2318 968.0
2319 968.0
2320 968.0
2321 968.0
2332 268.0
2333 268.0
2334 268.0
2335 268.0
2336 268.0
2337 268.0
2338 268.0
2339 268.0
2340 268.0
2341 268.0
2342 268.0
2353 268.0
2354 268.0
2355 268.0
2356 268.0
2357 268.0
2358 268.0
2359 268.0
2360 268.0
2361 268.0
2362 268.0
2373 955.0
2374 955.0
2375 955.0
2376 955.0
2377 955.0
2378 955.0
2379 955.0
2380 955.0
2381 955.0
2382 955.0
2393 968.0
2394 968.0
2395 968.0
2396 968.0
2397 968.0
2398 968.0
2399 968.0
2400 968.0
2401 968.0
2402 968.0
2413 927.0
2414 927.0
2415 927.0
2416 927.0
2417 927.0
2418 927.0
2419 927.0
2420 927.0
2421 927.0
2422 927.0
2433 968.0
2434 968.0
2435 968.0
2436 968.0
2437 968.0
2438 968.0
2439 968.0
2440 968.0
2441 968.0
2442 968.0
2453 968.0
2454 968.0
2455 968.0
2456 968.0
2457 968.0
2458 968.0
2459 968.0
2460 968.0
2461 968.0
2462 968.0
2473 968.0
2474 968.0
2475 968.0
2476 968.0
2477 968.0
2478 968.0
2479 968.0
2480 968.0
2481 927.0
2482 927.0
2483 927.0
2484 927.0
2485 927.0
2486 927.0
2487 268.0
2488 268.0
2489 268.0
2490 268.0
2491 268.0
2492 268.0
2493 268.0
2494 268.0
2495 268.0
2496 268.0
2497 268.0
2508 927.0
2509 927.0
2510 927.0
2511 927.0
2512 927.0
2513 927.0
2514 927.0
2515 927.0
2516 927.0
2517 927.0
2528 968.0
2529 968.0
2530 968.0
2531 968.0
2532 968.0
2533 968.0
2534 968.0
2535 968.0
2536 968.0
2537 968.0
2548 968.0
2549 968.0
2550 968.0
2551 968.0
2552 968.0
2553 968.0
2554 968.0
2555 968.0
2556 960.0
2557 960.0
2558 960.0
2559 268.0
2560 268.0
2561 268.0
2562 268.0
2563 268.0
2564 268.0
2565 268.0
2566 268.0
2567 268.0
2568 268.0
2569 268.0
2580 968.0
2581 968.0
2582 968.0
2583 968.0
2584 968.0
2585 968.0
2586 968.0
2587 968.0
2588 968.0
2589 968.0
2600 968.0
2601 968.0
2602 968.0
2603 968.0
2604 968.0
2605 968.0
2606 968.0
2607 968.0
2608 968.0
2609 968.0
2620 968.0
2621 968.0
2622 968.0
2623 968.0
2624 968.0
2625 968.0
2626 968.0
2627 968.0
2628 968.0
2629 968.0
2640 968.0
2641 960.0
2642 960.0
2643 960.0
2644 960.0
2645 960.0
2646 960.0
2647 960.0
2648 960.0
2649 960.0
2650 960.0
2651 960.0
2662 968.0
2663 968.0
2664 968.0
2665 968.0
2666 968.0
2667 968.0
2668 968.0
2669 955.0
2670 955.0
2671 955.0
2672 927.0
2673 927.0
2674 927.0
2675 927.0
2676 927.0
2677 927.0
2678 927.0
2679 927.0
2680 927.0
2681 927.0
2682 927.0
2693 968.0
2694 968.0
2695 968.0
2696 968.0
2697 968.0
2698 968.0
2699 968.0
2700 968.0
2701 968.0
2702 968.0
2713 955.0
2714 955.0
2715 955.0
2716 955.0
2717 955.0
2718 955.0
2719 955.0
2720 955.0
2721 955.0
2722 955.0
2733 960.0
2734 960.0
2735 960.0
2736 960.0
2737 960.0
2738 960.0
2739 960.0
2740 960.0
2741 960.0
2742 960.0
2753 968.0
2754 968.0
2755 968.0
2756 968.0
2757 968.0
2758 968.0
2759 968.0
2760 968.0
2761 968.0
2762 968.0
2773 968.0
2774 968.0
2775 968.0
2776 968.0
2777 968.0
2778 968.0
2779 968.0
2780 968.0
2781 968.0
2782 968.0
2793 268.0
2794 268.0
2795 268.0
2796 268.0
2797 268.0
2798 268.0
2799 268.0
2800 268.0
2801 268.0
2802 268.0
2813 968.0
2814 968.0
2815 968.0
2816 968.0
2817 968.0
2818 968.0
2819 968.0
2820 968.0
2821 968.0
2822 968.0
2833 968.0
2834 968.0
2835 968.0
2836 968.0
2837 968.0
2838 968.0
2839 968.0
2840 968.0
2841 968.0
2842 968.0
2853 968.0
2854 968.0
2855 968.0
2856 968.0
2857 968.0
2858 968.0
2859 927.0
2860 927.0
2861 927.0
2862 927.0
2863 927.0
2864 927.0
2865 927.0
2866 927.0
2867 927.0
2868 927.0
2869 927.0
2880 268.0
2881 268.0
2882 268.0
2883 268.0
2884 268.0
2885 268.0
2886 268.0
2887 268.0
2888 268.0
2889 268.0
2890 268.0
2901 968.0
2902 968.0
2903 968.0
2904 968.0
2905 968.0
2906 968.0
2907 968.0
2908 968.0
2909 968.0
2910 968.0
2921 968.0
2922 968.0
2923 968.0
2924 968.0
2925 968.0
2926 968.0
2927 968.0
2928 968.0
2929 968.0
2930 968.0
2941 968.0
2942 968.0
2943 968.0
2944 968.0
2945 968.0
2946 968.0
2947 968.0
2948 968.0
2949 968.0
2950 968.0
2961 968.0
2962 968.0
2963 968.0
2964 968.0
2965 968.0
2966 968.0
2967 968.0
2968 968.0
2969 968.0
2970 968.0
2981 968.0
2982 968.0
2983 968.0
2984 968.0
2985 968.0
2986 968.0
2987 968.0
2988 968.0
2989 968.0
2990 968.0
3001 968.0
3002 968.0
3003 968.0
3004 968.0
3005 968.0
3006 968.0
3007 968.0
3008 968.0
3009 968.0
3010 968.0
3021 268.0
3022 268.0
3023 268.0
3024 268.0
3025 268.0
3026 268.0
3027 268.0
3028 268.0
3029 268.0
3030 268.0
3041 968.0
3042 968.0
3043 968.0
3044 968.0
3045 968.0
3046 968.0
3047 968.0
3048 968.0
3049 968.0
3050 960.0
3051 960.0
3052 960.0
3053 960.0
3054 960.0
3055 960.0
3056 960.0
3057 960.0
3058 960.0
3059 960.0
3060 960.0
3071 927.0
3072 927.0
3073 927.0
3074 927.0
3075 927.0
3076 927.0
3077 927.0
3078 927.0
3079 927.0
3080 927.0
3091 968.0
3092 968.0
3093 968.0
3094 968.0
3095 968.0
3096 968.0
3097 968.0
3098 968.0
3099 968.0
3100 968.0
3111 968.0
3112 968.0
3113 968.0
3114 968.0
3115 968.0
3116 968.0
3117 968.0
3118 968.0
3119 968.0
3120 968.0
3131 960.0
3132 960.0
3133 960.0
3134 960.0
3135 960.0
3136 960.0
3137 960.0
3138 960.0
3139 960.0
3140 960.0
3151 927.0
3152 927.0
3153 927.0
3154 927.0
3155 927.0
3156 927.0
3157 927.0
3158 927.0
3159 927.0
3160 927.0
3161 927.0
3172 1001.0
3173 1001.0
3174 1001.0
3175 1001.0
3176 1001.0
3177 1001.0
3178 1001.0
3179 968.0
3180 968.0
3181 968.0
3182 968.0
3183 968.0
3184 968.0
3185 968.0
3186 968.0
3187 968.0
3188 968.0
3189 960.0
3190 960.0
3191 960.0
3192 960.0
3193 960.0
3194 960.0
3195 960.0
3196 960.0
3197 960.0
3198 960.0
3199 960.0
3210 955.0
3211 955.0
3212 955.0
3213 955.0
3214 955.0
3215 955.0
3216 955.0
3217 955.0
3218 955.0
3219 955.0
3230 968.0
3231 968.0
3232 968.0
3233 968.0
3234 968.0
3235 968.0
3236 968.0
3237 968.0
3238 968.0
3239 968.0
3250 968.0
3251 968.0
3252 968.0
3253 968.0
3254 968.0
3255 968.0
3256 968.0
3257 968.0
3258 968.0
3259 968.0
3270 968.0
3271 968.0
3272 968.0
3273 968.0
3274 968.0
3275 968.0
3276 968.0
3277 968.0
3278 968.0
3279 968.0
3290 968.0
3291 968.0
3292 968.0
3293 968.0
3294 268.0
3295 268.0
3296 268.0
3297 268.0
3298 268.0
3299 268.0
3300 268.0
3301 268.0
3302 268.0
3303 268.0
3304 268.0
3315 927.0
3316 927.0
3317 927.0
3318 927.0
3319 927.0
3320 927.0
3321 927.0
3322 927.0
3323 927.0
3324 927.0
3335 968.0
3336 968.0
3337 968.0
3338 968.0
3339 968.0
3340 968.0
3341 968.0
3342 968.0
3343 968.0
3344 968.0
3355 968.0
3356 968.0
3357 968.0
3358 968.0
3359 968.0
3360 968.0
3361 968.0
3362 968.0
3363 968.0
3364 968.0
3375 968.0
3376 968.0
3377 960.0
3378 960.0
3379 960.0
3380 960.0
3381 960.0
3382 960.0
3383 960.0
3384 960.0
3385 960.0
3386 960.0
3387 960.0
3398 968.0
3399 968.0
3400 968.0
3401 968.0
3402 968.0
3403 968.0
3404 968.0
3405 968.0
3406 968.0
3407 968.0
3418 968.0
3419 968.0
3420 968.0
3421 968.0
3422 968.0
3423 968.0
3424 968.0
3425 968.0
3426 968.0
3427 968.0
3438 968.0
3439 968.0
3440 968.0
3441 968.0
3442 968.0
3443 968.0
3444 968.0
3445 968.0
3446 968.0
3447 968.0
3458 960.0
3459 960.0
3460 960.0
3461 960.0
3462 960.0
3463 960.0
3464 960.0
3465 960.0
3466 960.0
3467 960.0
3478 955.0
3479 955.0
3480 955.0
3481 955.0
3482 955.0
3483 955.0
3484 955.0
3485 955.0
3486 955.0
3487 955.0
3498 268.0
3499 268.0
3500 268.0
3501 268.0
3502 268.0
3503 268.0
3504 268.0
3505 268.0
3506 268.0
3507 268.0
3518 968.0
3519 968.0
3520 968.0
3521 968.0
3522 968.0
3523 968.0
3524 968.0
3525 968.0
3526 968.0
3527 968.0
3538 927.0
3539 927.0
3540 927.0
3541 927.0
3542 927.0
3543 927.0
3544 927.0
3545 927.0
3546 927.0
3547 927.0
3558 268.0
3559 268.0
3560 268.0
3561 268.0
3562 268.0
3563 268.0
3564 268.0
3565 268.0
3566 268.0
3567 268.0
3578 968.0
3579 968.0
3580 968.0
3581 968.0
3582 968.0
3583 968.0
3584 968.0
3585 968.0
3586 968.0
3587 968.0
3598 968.0
3599 968.0
3600 968.0
3601 968.0
3602 968.0
3603 968.0
3604 968.0
3605 968.0
3606 968.0
3607 968.0
3618 968.0
3619 968.0
3620 968.0
3621 968.0
3622 968.0
3623 968.0
3624 968.0
3625 268.0
3626 268.0
3627 268.0
3628 268.0
3629 268.0
3630 268.0
3631 268.0
3632 268.0
3633 268.0
3634 268.0
3635 268.0
3646 968.0
3647 968.0
3648 968.0
3649 968.0
3650 968.0
3651 968.0
3652 968.0
3653 968.0
3654 968.0
3655 968.0
3656 968.0
3667 968.0
3668 968.0
3669 968.0
3670 968.0
3671 968.0
3672 968.0
3673 968.0
3674 968.0
3675 968.0
3676 968.0
3687 968.0
3688 968.0
3689 968.0
3690 968.0
3691 968.0
3692 968.0
3693 968.0
3694 968.0
3695 968.0
3696 968.0
3707 927.0
3708 927.0
3709 927.0
3710 927.0
3711 927.0
3712 927.0
3713 927.0
3714 927.0
3715 927.0
3716 927.0
3717 927.0
3728 968.0
3729 968.0
3730 968.0
3731 968.0
3732 968.0
3733 968.0
3734 968.0
3735 968.0
3736 968.0
3737 968.0
3748 968.0
3749 968.0
3750 968.0
3751 968.0
3752 968.0
3753 968.0
3754 968.0
3755 968.0
3756 968.0
3757 968.0
3768 968.0
3769 968.0
3770 968.0
3771 968.0
3772 968.0
3773 968.0
3774 968.0
3775 968.0
3776 968.0
3777 968.0
3788 968.0
3789 968.0
3790 968.0
3791 968.0
3792 968.0
3793 968.0
3794 968.0
3795 968.0
3796 968.0
3797 968.0
3808 268.0
3809 268.0
3810 268.0
3811 268.0
3812 268.0
3813 268.0
3814 268.0
3815 268.0
3816 268.0
3817 268.0
3828 968.0
3829 968.0
3830 968.0
3831 968.0
3832 968.0
3833 968.0
3834 968.0
3835 968.0
3836 968.0
3837 968.0
3848 968.0
3849 968.0
3850 968.0
3851 960.0
3852 960.0
3853 960.0
3854 960.0
3855 927.0
3856 927.0
3857 927.0
3858 927.0
3859 927.0
3860 927.0
3861 927.0
3862 927.0
3863 927.0
3864 927.0
3865 927.0
3876 968.0
3877 968.0
3878 968.0
3879 968.0
3880 968.0
3881 968.0
3882 968.0
3883 968.0
3884 968.0
3885 968.0
3896 968.0
3897 968.0
3898 968.0
3899 968.0
3900 968.0
3901 968.0
3902 968.0
3903 968.0
3904 968.0
3905 968.0
3916 968.0
3917 968.0
3918 968.0
3919 968.0
3920 968.0
3921 968.0
3922 968.0
3923 968.0
3924 968.0
3925 968.0
3936 968.0
3937 968.0
3938 968.0
3939 968.0
3940 968.0
3941 968.0
3942 968.0
3943 968.0
3944 968.0
3945 968.0
3956 955.0
3957 955.0
3958 955.0
3959 955.0
3960 955.0
3961 955.0
3962 955.0
3963 955.0
3964 955.0
3965 955.0
3976 968.0
3977 968.0
3978 968.0
3979 968.0
3980 968.0
3981 968.0
3982 968.0
3983 968.0
3984 968.0
3985 968.0
3996 968.0
3997 968.0
3998 968.0
3999 968.0
4000 968.0
4001 968.0
4002 968.0
4003 968.0
4004 968.0
4005 968.0
4016 268.0
4017 268.0
4018 268.0
4019 268.0
4020 268.0
4021 268.0
4022 268.0
4023 268.0
4024 268.0
4025 268.0
4036 968.0
4037 968.0
4038 968.0
4039 968.0
4040 968.0
4041 968.0
4042 968.0
4043 960.0
4044 960.0
4045 960.0
4046 960.0
4047 960.0
4048 960.0
4049 960.0
4050 960.0
4051 960.0
4052 960.0
4053 960.0
4064 955.0
4065 955.0
4066 955.0
4067 268.0
4068 268.0
4069 268.0
4070 268.0
4071 268.0
4072 268.0
4073 268.0
4074 268.0
4075 268.0
4076 268.0
4077 268.0
4088 973.0
4089 973.0
4090 973.0
4091 973.0
4092 973.0
4093 973.0
4094 968.0
4095 968.0
4096 968.0
4097 968.0
4098 968.0
4099 968.0
4100 968.0
4101 968.0
4102 968.0
4103 968.0
4104 968.0
4115 968.0
4116 968.0
4117 968.0
4118 968.0
4119 968.0
4120 968.0
4121 968.0
4122 968.0
4123 968.0
4124 968.0
4135 968.0
4136 968.0
4137 968.0
4138 968.0
4139 968.0
4140 968.0
4141 968.0
4142 968.0
4143 968.0
4144 968.0
4155 927.0
4156 927.0
4157 927.0
4158 927.0
4159 927.0
4160 927.0
4161 927.0
4162 927.0
4163 927.0
4164 927.0
4165 927.0
4176 968.0
4177 968.0
4178 968.0
4179 968.0
4180 968.0
4181 968.0
4182 968.0
4183 968.0
4184 968.0
4185 968.0
4196 268.0
4197 268.0
4198 268.0
4199 268.0
4200 268.0
4201 268.0
4202 268.0
4203 268.0
4204 268.0
4205 268.0
4216 968.0
4217 968.0
4218 968.0
4219 968.0
4220 968.0
4221 968.0
4222 968.0
4223 968.0
4224 968.0
4225 968.0
4236 927.0
4237 927.0
4238 927.0
4239 927.0
4240 927.0
4241 927.0
4242 927.0
4243 927.0
4244 927.0
4245 927.0
4256 968.0
4257 968.0
4258 968.0
4259 968.0
4260 968.0
4261 968.0
4262 968.0
4263 968.0
4264 968.0
4265 968.0
4276 968.0
4277 968.0
4278 968.0
4279 968.0
4280 968.0
4281 968.0
4282 968.0
4283 968.0
4284 968.0
4285 968.0
4296 968.0
4297 968.0
4298 968.0
4299 968.0
4300 968.0
4301 968.0
4302 968.0
4303 968.0
4304 968.0
4305 968.0
4316 968.0
4317 968.0
4318 968.0
4319 968.0
4320 968.0
4321 968.0
4322 968.0
4323 968.0
4324 968.0
4325 968.0
4336 960.0
4337 960.0
4338 960.0
4339 960.0
4340 960.0
4341 960.0
4342 960.0
4343 960.0
4344 960.0
4345 960.0
4356 968.0
4357 968.0
4358 968.0
4359 968.0
4360 955.0
4361 955.0
4362 955.0
4363 955.0
4364 955.0
4365 955.0
4366 955.0
4367 955.0
4368 955.0
4369 955.0
4370 955.0
4381 968.0
4382 968.0
4383 968.0
4384 968.0
4385 968.0
4386 968.0
4387 968.0
4388 968.0
4389 968.0
4390 968.0
4401 968.0
4402 968.0
4403 968.0
4404 968.0
4405 968.0
4406 968.0
4407 968.0
4408 968.0
4409 968.0
4410 968.0
4421 960.0
4422 960.0
4423 960.0
4424 960.0
4425 960.0
4426 960.0
4427 960.0
4428 960.0
4429 960.0
4430 960.0
4441 927.0
4442 927.0
4443 927.0
4444 927.0
4445 927.0
4446 927.0
4447 927.0
4448 927.0
4449 927.0
4450 927.0
4461 268.0
4462 268.0
4463 268.0
4464 268.0
4465 268.0
4466 268.0
4467 268.0
4468 268.0
4469 268.0
4470 268.0
4481 968.0
4482 968.0
4483 968.0
4484 927.0
4485 927.0
4486 927.0
4487 927.0
4488 927.0
4489 927.0
4490 927.0
4491 927.0
4492 927.0
4493 927.0
4494 927.0
4505 968.0
4506 968.0
4507 968.0
4508 968.0
4509 968.0
4510 968.0
4511 968.0
4512 968.0
4513 968.0
4514 968.0
4525 968.0
4526 968.0
4527 968.0
4528 968.0
4529 968.0
4530 968.0
4531 968.0
4532 968.0
4533 968.0
4534 968.0
4545 968.0
4546 968.0
4547 968.0
4548 968.0
4549 968.0
4550 968.0
4551 968.0
4552 968.0
4553 968.0
4554 968.0
4565 268.0
4566 268.0
4567 268.0
4568 268.0
4569 268.0
4570 268.0
4571 268.0
4572 268.0
4573 268.0
4574 268.0
4585 927.0
4586 927.0
4587 927.0
4588 927.0
4589 927.0
4590 927.0
4591 927.0
4592 927.0
4593 927.0
4594 927.0
4605 968.0
4606 968.0
4607 968.0
4608 968.0
4609 968.0
4610 968.0
4611 968.0
4612 968.0
4613 968.0
4614 968.0
4625 968.0
4626 968.0
4627 968.0
4628 968.0
4629 968.0
4630 968.0
4631 968.0
4632 968.0
4633 968.0
4634 968.0
4645 968.0
4646 968.0
4647 968.0
4648 968.0
4649 968.0
4650 968.0
4651 968.0
4652 968.0
4653 968.0
4654 968.0
4665 968.0
4666 968.0
4667 968.0
4668 968.0
4669 968.0
4670 968.0
4671 968.0
4672 968.0
4673 968.0
4674 968.0
4685 968.0
4686 968.0
4687 968.0
4688 968.0
4689 968.0
4690 968.0
4691 968.0
4692 968.0
4693 968.0
4694 968.0
4705 268.0
4706 268.0
4707 268.0
4708 268.0
4709 268.0
4710 268.0
4711 268.0
4712 268.0
4713 268.0
4714 268.0
4725 968.0
4726 968.0
4727 968.0
4728 968.0
4729 968.0
4730 968.0
4731 968.0
4732 968.0
4733 968.0
4734 968.0
4745 968.0
4746 968.0
4747 968.0
4748 968.0
4749 968.0
4750 968.0
4751 968.0
4752 968.0
4753 968.0
4754 968.0
4765 960.0
4766 960.0
4767 960.0
4768 960.0
4769 960.0
4770 960.0
4771 960.0
4772 960.0
4773 960.0
4774 960.0
4785 968.0
4786 968.0
4787 968.0
4788 968.0
4789 968.0
4790 968.0
4791 968.0
4792 968.0
4793 968.0
4794 968.0
4805 968.0
4806 968.0
4807 968.0
4808 968.0
4809 968.0
4810 927.0
4811 927.0
4812 927.0
4813 927.0
4814 927.0
4815 927.0
4816 927.0
4817 927.0
4818 927.0
4819 927.0
4820 927.0
4831 968.0
4832 968.0
4833 968.0
4834 968.0
4835 968.0
4836 968.0
4837 968.0
4838 968.0
4839 968.0
4840 968.0
4851 968.0
4852 968.0
4853 968.0
4854 968.0
4855 968.0
4856 968.0
4857 968.0
4858 968.0
4859 968.0
4860 968.0
4871 968.0
4872 968.0
4873 968.0
4874 968.0
4875 968.0
4876 968.0
4877 968.0
4878 968.0
4879 968.0
4880 968.0
4891 960.0
4892 960.0
4893 960.0
4894 960.0
4895 960.0
4896 960.0
4897 960.0
4898 960.0
4899 960.0
4900 960.0
4911 968.0
4912 968.0
4913 968.0
4914 968.0
4915 968.0
4916 968.0
4917 968.0
4918 968.0
4919 968.0
4920 968.0
4931 968.0
4932 968.0
4933 968.0
4934 968.0
4935 968.0
4936 968.0
4937 968.0
4938 968.0
4939 968.0
4940 968.0
4951 968.0
4952 968.0
4953 968.0
4954 968.0
4955 968.0
4956 968.0
4957 968.0
4958 968.0
4959 968.0
4960 968.0
4971 968.0
4972 968.0
4973 968.0
4974 968.0
4975 968.0
4976 968.0
4977 968.0
4978 968.0
4979 968.0
4980 968.0
4991 960.0
4992 960.0
4993 955.0
4994 955.0
4995 955.0
4996 955.0
4997 955.0
4998 955.0
4999 955.0
