0 6903.0
1 6903.0
2 6903.0
3 6903.0
4 6903.0
5 6903.0
6 6903.0
7 6903.0
8 6903.0
9 6903.0
20 6786.0
21 6786.0
22 6786.0
23 6786.0
24 6786.0
25 6786.0
26 6786.0
27 6786.0
28 6786.0
29 6786.0
40 6786.0
41 6670.0
42 6670.0
43 6670.0
44 6670.0
45 6670.0
46 6670.0
47 6670.0
48 6670.0
49 6670.0
50 6670.0
51 6670.0
62 6670.0
63 5466.0
64 4192.0
65 4192.0
66 4192.0
67 4192.0
68 4192.0
69 4192.0
70 4192.0
71 4192.0
72 4192.0
73 4192.0
74 4192.0
85 4192.0
86 4192.0
87 4192.0
88 4192.0
89 4192.0
90 4192.0
91 4192.0
92 4192.0
93 4192.0
94 4192.0
105 4284.0
106 4284.0
107 4284.0
108 4284.0
109 4284.0
110 4284.0
111 4284.0
112 4284.0
113 4284.0
114 4284.0
125 3928.0
126 3928.0
127 3928.0
128 3928.0
129 3928.0
130 3928.0
131 3928.0
132 3928.0
133 3928.0
134 3928.0
145 4284.0
146 4284.0
147 4284.0
148 4284.0
149 4284.0
150 4284.0
151 4284.0
152 4284.0
153 4284.0
154 4192.0
155 4192.0
156 4192.0
157 4192.0
158 4192.0
159 4192.0
160 4192.0
161 4192.0
162 4192.0
163 4192.0
164 4192.0
175 4284.0
176 4284.0
177 4284.0
178 4284.0
179 4284.0
180 4284.0
181 4284.0
182 4284.0
183 4284.0
184 4284.0
195 268.0
196 268.0
197 268.0
198 268.0
199 268.0
200 268.0
201 268.0
202 268.0
203 268.0
204 268.0
215 968.0
216 968.0
217 968.0
218 968.0
219 968.0
220 968.0
221 968.0
222 968.0
223 968.0
224 968.0
235 968.0
236 968.0
237 968.0
238 968.0
239 968.0
240 968.0
241 968.0
242 968.0
243 968.0
244 968.0
255 927.0
256 927.0
257 927.0
258 927.0
259 927.0
260 927.0
261 927.0
262 927.0
263 927.0
264 927.0
275 968.0
276 968.0
277 968.0
278 968.0
279 968.0
280 968.0
281 968.0
282 968.0
283 968.0
284 927.0
285 927.0
286 927.0
287 927.0
288 927.0
289 927.0
290 927.0
291 927.0
292 927.0
293 927.0
294 927.0
305 968.0
306 968.0
307 968.0
308 968.0
309 968.0
310 968.0
311 968.0
312 968.0
313 968.0
314 968.0
325 968.0
326 968.0
327 968.0
328 968.0
329 968.0
330 968.0
331 968.0
332 968.0
333 968.0
334 968.0
345 968.0
346 968.0
347 968.0
348 968.0
349 968.0
350 968.0
351 968.0
352 968.0
353 968.0
354 968.0
365 968.0
366 968.0
367 968.0
368 968.0
369 968.0
370 968.0
371 968.0
372 968.0
373 968.0
374 968.0
385 968.0
386 968.0
387 968.0
388 968.0
389 968.0
390 968.0
391 968.0
392 968.0
393 968.0
394 968.0
405 968.0
406 968.0
407 968.0
408 968.0
409 968.0
410 968.0
411 968.0
412 968.0
413 968.0
414 968.0
425 968.0
426 968.0
427 968.0
428 968.0
429 968.0
430 968.0
431 968.0
432 968.0
433 968.0
434 968.0
445 968.0
446 968.0
447 968.0
448 968.0
449 968.0
450 968.0
451 968.0
452 968.0
453 968.0
454 968.0
465 968.0
466 968.0
467 968.0
468 968.0
469 968.0
470 968.0
471 968.0
472 968.0
473 968.0
474 968.0
485 968.0
486 968.0
487 968.0
488 968.0
489 968.0
490 968.0
491 968.0
492 968.0
493 968.0
494 968.0
505 968.0
506 968.0
507 968.0
508 968.0
509 968.0
510 968.0
511 927.0
512 927.0
513 927.0
514 927.0
515 927.0
516 927.0
517 927.0
518 927.0
519 927.0
520 927.0
521 927.0
532 968.0
533 968.0
534 968.0
535 968.0
536 968.0
537 968.0
538 968.0
539 968.0
540 968.0
541 968.0
552 968.0
553 968.0
554 968.0
555 968.0
556 968.0
557 968.0
558 968.0
559 968.0
560 968.0
561 968.0
572 968.0
573 968.0
574 968.0
575 968.0
576 968.0
577 968.0
578 968.0
579 968.0
580 968.0
581 968.0
592 955.0
593 955.0
594 955.0
595 955.0
596 955.0
597 955.0
598 955.0
599 955.0
600 955.0
601 955.0
612 268.0
613 268.0
614 268.0
615 268.0
616 268.0
617 268.0
618 268.0
619 268.0
620 268.0
621 268.0
632 955.0
633 955.0
634 955.0
635 955.0
636 955.0
637 955.0
638 955.0
639 955.0
640 955.0
641 955.0
652 968.0
653 968.0
654 968.0
655 968.0
656 268.0
657 268.0
658 268.0
659 268.0
660 268.0
661 268.0
662 268.0
663 268.0
664 268.0
665 268.0
666 268.0
677 968.0
678 968.0
679 968.0
680 968.0
681 968.0
682 968.0
683 927.0
684 927.0
685 927.0
686 927.0
687 927.0
688 927.0
689 927.0
690 927.0
691 927.0
692 927.0
693 927.0
704 968.0
705 968.0
706 968.0
707 968.0
708 968.0
709 955.0
710 955.0
711 955.0
712 955.0
713 955.0
714 955.0
715 955.0
716 955.0
717 955.0
718 955.0
719 955.0
730 968.0
731 968.0
732 968.0
733 968.0
734 968.0
735 968.0
736 968.0
737 968.0
738 968.0
739 968.0
750 968.0
751 968.0
752 968.0
753 968.0
754 968.0
755 968.0
756 968.0
757 968.0
758 968.0
759 968.0
770 968.0
771 968.0
772 968.0
773 968.0
774 968.0
775 968.0
776 968.0
777 968.0
778 968.0
779 968.0
790 968.0
791 968.0
792 968.0
793 968.0
794 968.0
795 968.0
796 968.0
797 968.0
798 968.0
799 968.0
810 268.0
811 268.0
812 268.0
813 268.0
814 268.0
815 268.0
816 268.0
817 268.0
818 268.0
819 268.0
830 968.0
831 968.0
832 968.0
833 968.0
834 968.0
835 968.0
836 968.0
837 968.0
838 968.0
839 968.0
850 960.0
851 960.0
852 960.0
853 960.0
854 960.0
855 960.0
856 960.0
857 960.0
858 960.0
859 960.0
860 960.0
871 268.0
872 268.0
873 268.0
874 268.0
875 268.0
876 268.0
877 268.0
878 268.0
879 268.0
880 268.0
891 968.0
892 968.0
893 968.0
894 968.0
895 968.0
896 968.0
897 968.0
898 968.0
899 968.0
900 968.0
911 268.0
912 268.0
913 268.0
914 268.0
915 268.0
916 268.0
917 268.0
918 268.0
919 268.0
920 268.0
931 968.0
932 968.0
933 968.0
934 968.0
935 968.0
936 968.0
937 955.0
938 955.0
939 955.0
940 955.0
941 955.0
942 955.0
943 955.0
944 955.0
945 955.0
946 955.0
947 955.0
958 960.0
959 960.0
960 960.0
961 960.0
962 960.0
963 960.0
964 960.0
965 960.0
966 960.0
967 960.0
978 968.0
979 968.0
980 968.0
981 968.0
982 968.0
983 968.0
984 968.0
985 968.0
986 968.0
987 968.0
998 927.0
999 927.0
1000 927.0
1001 927.0
1002 927.0
1003 927.0
1004 927.0
1005 927.0
1006 927.0
1007 927.0
1018 960.0
1019 960.0
1020 960.0
1021 960.0
1022 960.0
1023 960.0
1024 960.0
1025 960.0
1026 960.0
1027 960.0
1038 968.0
1039 968.0
1040 968.0
1041 968.0
1042 968.0
1043 968.0
1044 968.0
1045 968.0
1046 968.0
1047 968.0
1058 968.0
1059 968.0
1060 968.0
1061 968.0
1062 968.0
1063 968.0
1064 968.0
1065 968.0
1066 968.0
1067 968.0
1078 927.0
1079 927.0
1080 927.0
1081 927.0
1082 927.0
1083 927.0
1084 927.0
1085 927.0
1086 927.0
1087 927.0
1098 968.0
1099 968.0
1100 968.0
1101 968.0
1102 968.0
1103 968.0
1104 968.0
1105 968.0
1106 968.0
1107 968.0
1118 968.0
1119 968.0
1120 968.0
1121 968.0
1122 968.0
1123 968.0
1124 968.0
1125 968.0
1126 968.0
1127 968.0
1138 968.0
1139 968.0
1140 968.0
1141 968.0
1142 968.0
1143 955.0
1144 955.0
1145 955.0
1146 955.0
1147 955.0
1148 955.0
1149 955.0
1150 955.0
1151 955.0
1152 955.0
1153 955.0
1164 968.0
1165 968.0
1166 968.0
1167 968.0
1168 968.0
1169 968.0
1170 968.0
1171 968.0
1172 968.0
1173 968.0
1184 968.0
1185 968.0
1186 968.0
1187 968.0
1188 968.0
1189 968.0
1190 968.0
1191 968.0
1192 968.0
1193 968.0
1204 968.0
1205 968.0
1206 968.0
1207 968.0
1208 968.0
1209 968.0
1210 968.0
1211 968.0
1212 968.0
1213 968.0
1224 968.0
1225 968.0
1226 968.0
1227 968.0
1228 955.0
1229 955.0
1230 955.0
1231 955.0
1232 955.0
1233 955.0
1234 955.0
1235 955.0
1236 955.0
1237 955.0
1238 955.0
1249 968.0
1250 968.0
1251 968.0
1252 968.0
1253 968.0
1254 968.0
1255 968.0
1256 968.0
1257 968.0
1258 968.0
1269 968.0
1270 968.0
1271 968.0
1272 968.0
1273 968.0
1274 968.0
1275 968.0
1276 968.0
1277 968.0
1278 968.0
1289 968.0
1290 968.0
1291 968.0
1292 968.0
1293 968.0
1294 968.0
1295 968.0
1296 968.0
1297 968.0
1298 968.0
1309 968.0
1310 968.0
1311 968.0
1312 968.0
1313 968.0
1314 968.0
1315 968.0
1316 968.0
1317 927.0
1318 927.0
1319 927.0
1320 927.0
1321 927.0
1322 927.0
1323 927.0
1324 927.0
1325 927.0
1326 927.0
1327 927.0
1338 268.0
1339 268.0
1340 268.0
1341 268.0
1342 268.0
1343 268.0
1344 268.0
1345 268.0
1346 268.0
1347 268.0
1358 968.0
1359 968.0
1360 968.0
1361 968.0
1362 968.0
1363 968.0
1364 968.0
1365 968.0
1366 968.0
1367 968.0
1378 968.0
1379 968.0
1380 968.0
1381 968.0
1382 968.0
1383 968.0
1384 968.0
1385 968.0
1386 968.0
1387 268.0
1388 268.0
1389 268.0
1390 268.0
1391 268.0
1392 268.0
1393 268.0
1394 268.0
1395 268.0
1396 268.0
1397 268.0
1408 968.0
1409 968.0
1410 968.0
1411 968.0
1412 968.0
1413 968.0
1414 968.0
1415 968.0
1416 968.0
1417 968.0
1428 968.0
1429 968.0
1430 968.0
1431 968.0
1432 968.0
1433 968.0
1434 968.0
1435 968.0
1436 968.0
1437 968.0
1448 968.0
1449 968.0
1450 968.0
1451 968.0
1452 968.0
1453 968.0
1454 968.0
1455 968.0
1456 968.0
1457 968.0
1468 968.0
1469 968.0
1470 968.0
1471 968.0
1472 968.0
1473 968.0
1474 968.0
1475 968.0
1476 968.0
1477 968.0
1488 927.0
1489 927.0
1490 927.0
1491 927.0
1492 927.0
1493 927.0
1494 927.0
1495 927.0
1496 927.0
1497 927.0
1508 927.0
1509 927.0
1510 927.0
1511 927.0
1512 927.0
1513 927.0
1514 927.0
1515 927.0
1516 927.0
1517 927.0
1528 960.0
1529 960.0
1530 960.0
1531 960.0
1532 960.0
1533 960.0
1534 960.0
1535 960.0
1536 960.0
1537 960.0
1548 968.0
1549 968.0
1550 968.0
1551 968.0
1552 968.0
1553 968.0
1554 968.0
1555 968.0
1556 968.0
1557 968.0
1568 968.0
1569 968.0
1570 968.0
1571 960.0
1572 960.0
1573 960.0
1574 960.0
1575 960.0
1576 960.0
1577 960.0
1578 960.0
1579 960.0
1580 960.0
1581 960.0
1592 968.0
1593 968.0
1594 968.0
1595 968.0
1596 968.0
1597 968.0
1598 968.0
1599 968.0
1600 968.0
1601 968.0
1612 955.0
1613 955.0
1614 955.0
1615 955.0
1616 955.0
1617 955.0
1618 955.0
1619 955.0
1620 955.0
1621 955.0
1632 968.0
1633 968.0
1634 968.0
1635 968.0
1636 968.0
1637 968.0
1638 968.0
1639 968.0
1640 968.0
1641 968.0
1652 968.0
1653 968.0
1654 927.0
1655 927.0
1656 927.0
1657 927.0
1658 927.0
1659 927.0
1660 927.0
1661 927.0
1662 927.0
1663 927.0
1664 927.0
1675 968.0
1676 968.0
1677 968.0
1678 968.0
1679 968.0
1680 968.0
1681 968.0
1682 968.0
1683 968.0
1684 968.0
1695 968.0
1696 968.0
1697 968.0
1698 968.0
1699 968.0
1700 968.0
1701 968.0
1702 968.0
1703 968.0
1704 968.0
1715 968.0
1716 968.0
1717 968.0
1718 968.0
1719 968.0
1720 968.0
1721 968.0
1722 968.0
1723 968.0
1724 968.0
1735 968.0
1736 968.0
1737 968.0
1738 968.0
1739 968.0
1740 968.0
1741 968.0
1742 968.0
1743 968.0
1744 968.0
1755 968.0
1756 968.0
1757 968.0
1758 968.0
1759 968.0
1760 968.0
1761 968.0
1762 968.0
1763 968.0
1764 968.0
1775 927.0
1776 927.0
1777 927.0
1778 927.0
1779 927.0
1780 927.0
1781 927.0
1782 927.0
1783 927.0
1784 927.0
1795 268.0
1796 268.0
1797 268.0
1798 268.0
1799 268.0
1800 268.0
1801 268.0
1802 268.0
1803 268.0
1804 268.0
1815 968.0
1816 968.0
1817 968.0
1818 968.0
1819 968.0
1820 955.0
1821 955.0
1822 955.0
1823 955.0
1824 955.0
1825 955.0
1826 955.0
1827 955.0
1828 955.0
1829 955.0
1830 955.0
1841 268.0
1842 268.0
1843 268.0
1844 268.0
1845 268.0
1846 268.0
1847 268.0
1848 268.0
1849 268.0
1850 268.0
1861 955.0
1862 955.0
1863 955.0
1864 955.0
1865 955.0
1866 955.0
1867 955.0
1868 955.0
1869 955.0
1870 955.0
1881 968.0
1882 968.0
1883 968.0
1884 968.0
1885 968.0
1886 968.0
1887 968.0
1888 968.0
1889 968.0
1890 927.0
1891 927.0
1892 927.0
1893 927.0
1894 927.0
1895 927.0
1896 927.0
1897 927.0
1898 927.0
1899 927.0
1900 927.0
1911 968.0
1912 968.0
1913 968.0
1914 968.0
1915 968.0
1916 968.0
1917 968.0
1918 968.0
1919 968.0
1920 968.0
1931 968.0
1932 927.0
1933 927.0
1934 927.0
1935 927.0
1936 927.0
1937 927.0
1938 927.0
1939 927.0
1940 927.0
1941 927.0
1942 927.0
1953 268.0
1954 268.0
1955 268.0
1956 268.0
1957 268.0
1958 268.0
1959 268.0
1960 268.0
1961 268.0
1962 268.0
1973 968.0
1974 968.0
1975 968.0
1976 968.0
1977 968.0
1978 968.0
1979 968.0
1980 968.0
1981 968.0
1982 968.0
1993 968.0
1994 968.0
1995 968.0
1996 968.0
1997 968.0
1998 968.0
1999 960.0
2000 960.0
2001 960.0
2002 960.0
2003 960.0
2004 268.0
2005 268.0
2006 268.0
2007 268.0
2008 268.0
2009 268.0
2010 268.0
2011 268.0
2012 268.0
2013 268.0
2014 268.0
2025 955.0
2026 955.0
2027 955.0
2028 955.0
2029 955.0
2030 955.0
2031 955.0
2032 927.0
2033 927.0
2034 927.0
2035 927.0
2036 927.0
2037 927.0
2038 927.0
2039 927.0
2040 927.0
2041 927.0
2042 927.0
2053 927.0
2054 927.0
2055 927.0
2056 927.0
2057 927.0
2058 927.0
2059 927.0
2060 927.0
2061 927.0
2062 927.0
2073 968.0
2074 968.0
2075 968.0
2076 968.0
2077 968.0
2078 968.0
2079 968.0
2080 968.0
2081 968.0
2082 968.0
2093 968.0
2094 968.0
2095 968.0
2096 968.0
2097 968.0
2098 968.0
2099 968.0
2100 968.0
2101 968.0
2102 968.0
2113 968.0
2114 955.0
2115 955.0
2116 955.0
2117 955.0
2118 955.0
2119 955.0
2120 955.0
2121 955.0
2122 955.0
2123 955.0
2124 955.0
2135 968.0
2136 968.0
2137 968.0
2138 968.0
2139 968.0
2140 968.0
2141 968.0
2142 968.0
2143 968.0
2144 968.0
2155 968.0
2156 968.0
2157 968.0
2158 968.0
2159 968.0
2160 968.0
2161 968.0
2162 968.0
2163 968.0
2164 968.0
2175 968.0
2176 968.0
2177 968.0
2178 968.0
2179 968.0
2180 968.0
2181 968.0
2182 968.0
2183 968.0
2184 968.0
2195 955.0
2196 955.0
2197 955.0
2198 955.0
2199 955.0
2200 955.0
2201 955.0
2202 927.0
2203 927.0
2204 927.0
2205 927.0
2206 927.0
2207 927.0
2208 927.0
2209 927.0
2210 927.0
2211 927.0
2212 927.0
2223 968.0
2224 968.0
2225 968.0
2226 968.0
2227 968.0
2228 968.0
2229 968.0
2230 968.0
2231 968.0
2232 968.0
2243 960.0
2244 960.0
2245 960.0
2246 960.0
2247 960.0
2248 960.0
2249 960.0
2250 960.0
2251 960.0
2252 960.0
2263 968.0
2264 968.0
2265 968.0
2266 968.0
2267 968.0
2268 968.0
2269 968.0
2270 968.0
2271 968.0
2272 968.0
2283 968.0
2284 968.0
2285 968.0
2286 968.0
2287 968.0
2288 968.0
2289 968.0
2290 968.0
2291 968.0
2292 968.0
2303 968.0
2304 968.0
2305 968.0
2306 927.0
2307 927.0
2308 927.0
2309 927.0
2310 927.0
2311 927.0
2312 927.0
2313 927.0
2314 927.0
2315 927.0
2316 927.0
2327 960.0
2328 960.0
2329 960.0
2330 960.0
2331 960.0
2332 960.0
2333 960.0
2334 960.0
2335 960.0
2336 960.0
2347 968.0
2348 968.0
2349 968.0
2350 968.0
2351 968.0
2352 968.0
2353 968.0
2354 968.0
2355 968.0
2356 968.0
2367 968.0
2368 968.0
2369 968.0
2370 968.0
2371 968.0
2372 927.0
2373 927.0
2374 927.0
2375 927.0
2376 927.0
2377 927.0
2378 927.0
2379 927.0
2380 927.0
2381 927.0
2382 927.0
2393 968.0
2394 968.0
2395 968.0
2396 968.0
2397 968.0
2398 968.0
2399 968.0
2400 968.0
2401 968.0
2402 968.0
2413 968.0
2414 968.0
2415 968.0
2416 968.0
2417 968.0
2418 968.0
2419 968.0
2420 968.0
2421 968.0
2422 968.0
2433 968.0
2434 968.0
2435 968.0
2436 968.0
2437 968.0
2438 968.0
2439 968.0
2440 968.0
2441 968.0
2442 968.0
2453 960.0
2454 960.0
2455 960.0
2456 960.0
2457 960.0
2458 960.0
2459 960.0
2460 960.0
2461 960.0
2462 960.0
2473 960.0
2474 960.0
2475 960.0
2476 960.0
2477 960.0
2478 960.0
2479 960.0
2480 960.0
2481 960.0
2482 960.0
2483 960.0
2494 960.0
2495 960.0
2496 960.0
2497 960.0
2498 960.0
2499 960.0
2500 960.0
2501 960.0
2502 960.0
2503 960.0
2514 268.0
2515 268.0
2516 268.0
2517 268.0
2518 268.0
2519 268.0
2520 268.0
2521 268.0
2522 268.0
2523 268.0
2534 268.0
2535 268.0
2536 268.0
2537 268.0
2538 268.0
2539 268.0
2540 268.0
2541 268.0
2542 268.0
2543 268.0
2554 968.0
2555 968.0
2556 968.0
2557 968.0
2558 968.0
2559 968.0
2560 968.0
2561 968.0
2562 968.0
2563 968.0
2574 968.0
2575 968.0
2576 955.0
2577 955.0
2578 955.0
2579 955.0
2580 955.0
2581 955.0
2582 955.0
2583 955.0
2584 955.0
2585 955.0
2586 955.0
2597 968.0
2598 968.0
2599 968.0
2600 968.0
2601 968.0
2602 968.0
2603 968.0
2604 968.0
2605 968.0
2606 968.0
2617 968.0
2618 968.0
2619 968.0
2620 968.0
2621 968.0
2622 968.0
2623 968.0
2624 968.0
2625 968.0
2626 968.0
2637 968.0
2638 968.0
2639 968.0
2640 968.0
2641 968.0
2642 968.0
2643 968.0
2644 968.0
2645 968.0
2646 968.0
2657 927.0
2658 927.0
2659 927.0
2660 927.0
2661 927.0
2662 927.0
2663 927.0
2664 927.0
2665 927.0
2666 927.0
2677 968.0
2678 968.0
2679 968.0
2680 968.0
2681 968.0
2682 968.0
2683 968.0
2684 968.0
2685 968.0
2686 968.0
2697 927.0
2698 927.0
2699 927.0
2700 927.0
2701 927.0
2702 927.0
2703 268.0
2704 268.0
2705 268.0
2706 268.0
2707 268.0
2708 268.0
2709 268.0
2710 268.0
2711 268.0
2712 268.0
2713 268.0
2724 968.0
2725 968.0
2726 968.0
2727 968.0
2728 968.0
2729 968.0
2730 968.0
2731 968.0
2732 968.0
2733 968.0
2744 927.0
2745 927.0
2746 927.0
2747 927.0
2748 927.0
2749 927.0
2750 927.0
2751 927.0
2752 927.0
2753 927.0
2764 927.0
2765 927.0
2766 927.0
2767 927.0
2768 927.0
2769 927.0
2770 927.0
2771 927.0
2772 927.0
2773 927.0
2784 968.0
2785 968.0
2786 968.0
2787 968.0
2788 968.0
2789 968.0
2790 968.0
2791 968.0
2792 968.0
2793 968.0
2804 927.0
2805 927.0
2806 927.0
2807 927.0
2808 927.0
2809 927.0
2810 927.0
2811 927.0
2812 927.0
2813 927.0
2824 927.0
2825 927.0
2826 927.0
2827 927.0
2828 927.0
2829 927.0
2830 927.0
2831 927.0
2832 927.0
2833 927.0
2844 968.0
2845 968.0
2846 968.0
2847 968.0
2848 968.0
2849 968.0
2850 968.0
2851 268.0
2852 268.0
2853 268.0
2854 268.0
2855 268.0
2856 268.0
2857 268.0
2858 268.0
2859 268.0
2860 268.0
2861 268.0
2872 968.0
2873 968.0
2874 968.0
2875 968.0
2876 968.0
2877 968.0
2878 968.0
2879 968.0
2880 968.0
2881 968.0
2882 968.0
2893 968.0
2894 968.0
2895 968.0
2896 968.0
2897 968.0
2898 968.0
2899 968.0
2900 968.0
2901 268.0
2902 268.0
2903 268.0
2904 268.0
2905 268.0
2906 268.0
2907 268.0
2908 268.0
2909 268.0
2910 268.0
2911 268.0
2922 968.0
2923 968.0
2924 968.0
2925 968.0
2926 968.0
2927 968.0
2928 968.0
2929 968.0
2930 968.0
2931 968.0
2942 268.0
2943 268.0
2944 268.0
2945 268.0
2946 268.0
2947 268.0
2948 268.0
2949 268.0
2950 268.0
2951 268.0
2962 968.0
2963 968.0
2964 968.0
2965 968.0
2966 968.0
2967 968.0
2968 968.0
2969 968.0
2970 968.0
2971 968.0
2982 968.0
2983 968.0
2984 968.0
2985 968.0
2986 968.0
2987 968.0
2988 968.0
2989 968.0
2990 968.0
2991 968.0
3002 927.0
3003 927.0
3004 927.0
3005 927.0
3006 927.0
3007 927.0
3008 927.0
3009 927.0
3010 927.0
3011 927.0
3022 968.0
3023 968.0
3024 968.0
3025 968.0
3026 968.0
3027 968.0
3028 968.0
3029 968.0
3030 955.0
3031 955.0
3032 955.0
3033 955.0
3034 955.0
3035 955.0
3036 955.0
3037 955.0
3038 955.0
3039 955.0
3040 955.0
3051 968.0
3052 968.0
3053 968.0
3054 968.0
3055 968.0
3056 968.0
3057 968.0
3058 968.0
3059 968.0
3060 968.0
3071 968.0
3072 968.0
3073 968.0
3074 968.0
3075 968.0
3076 955.0
3077 955.0
3078 955.0
3079 955.0
3080 955.0
3081 955.0
3082 955.0
3083 955.0
3084 955.0
3085 955.0
3086 955.0
3097 968.0
3098 968.0
3099 927.0
3100 927.0
3101 927.0
3102 927.0
3103 927.0
3104 927.0
3105 927.0
3106 927.0
3107 927.0
3108 927.0
3109 927.0
3120 955.0
3121 955.0
3122 955.0
3123 955.0
3124 955.0
3125 955.0
3126 955.0
3127 955.0
3128 955.0
3129 955.0
3140 968.0
3141 968.0
3142 968.0
3143 968.0
3144 968.0
3145 968.0
3146 968.0
3147 968.0
3148 968.0
3149 968.0
3160 968.0
3161 968.0
3162 968.0
3163 968.0
3164 968.0
3165 968.0
3166 968.0
3167 968.0
3168 968.0
3169 968.0
3180 960.0
3181 960.0
3182 960.0
3183 960.0
3184 960.0
3185 960.0
3186 960.0
3187 960.0
3188 960.0
3189 960.0
3200 927.0
3201 927.0
3202 927.0
3203 927.0
3204 927.0
3205 927.0
3206 927.0
3207 927.0
3208 927.0
3209 927.0
3220 968.0
3221 968.0
3222 968.0
3223 968.0
3224 968.0
3225 968.0
3226 968.0
3227 968.0
3228 968.0
3229 968.0
3240 968.0
3241 968.0
3242 968.0
3243 968.0
3244 968.0
3245 968.0
3246 968.0
3247 968.0
3248 968.0
3249 968.0
3260 968.0
3261 968.0
3262 968.0
3263 968.0
3264 968.0
3265 968.0
3266 968.0
3267 968.0
3268 968.0
3269 968.0
3280 968.0
3281 968.0
3282 968.0
3283 968.0
3284 968.0
3285 968.0
3286 968.0
3287 968.0
3288 968.0
3289 968.0
3300 968.0
3301 968.0
3302 968.0
3303 968.0
3304 968.0
3305 968.0
3306 968.0
3307 968.0
3308 968.0
3309 968.0
3320 968.0
3321 968.0
3322 968.0
3323 968.0
3324 968.0
3325 968.0
3326 968.0
3327 968.0
3328 968.0
3329 968.0
3340 968.0
3341 968.0
3342 968.0
3343 968.0
3344 955.0
3345 955.0
3346 955.0
3347 955.0
3348 955.0
3349 955.0
3350 927.0
3351 927.0
3352 927.0
3353 927.0
3354 927.0
3355 927.0
3356 927.0
3357 927.0
3358 927.0
3359 927.0
3360 927.0
3371 968.0
3372 968.0
3373 968.0
3374 968.0
3375 968.0
3376 968.0
3377 968.0
3378 968.0
3379 968.0
3380 968.0
3391 968.0
3392 968.0
3393 968.0
3394 968.0
3395 968.0
3396 968.0
3397 968.0
3398 968.0
3399 968.0
3400 968.0
3411 968.0
3412 968.0
3413 968.0
3414 968.0
3415 955.0
3416 955.0
3417 955.0
3418 955.0
3419 955.0
3420 955.0
3421 955.0
3422 955.0
3423 955.0
3424 955.0
3425 955.0
3436 968.0
3437 968.0
3438 968.0
3439 968.0
3440 968.0
3441 968.0
3442 968.0
3443 968.0
3444 968.0
3445 968.0
3456 968.0
3457 968.0
3458 968.0
3459 968.0
3460 968.0
3461 968.0
3462 968.0
3463 955.0
3464 955.0
3465 955.0
3466 955.0
3467 955.0
3468 955.0
3469 955.0
3470 955.0
3471 955.0
3472 955.0
3473 955.0
3484 968.0
3485 968.0
3486 968.0
3487 968.0
3488 968.0
3489 968.0
3490 968.0
3491 968.0
3492 968.0
3493 968.0
3504 968.0
3505 968.0
3506 968.0
3507 968.0
3508 955.0
3509 955.0
3510 955.0
3511 955.0
3512 955.0
3513 955.0
3514 955.0
3515 955.0
3516 955.0
3517 955.0
3518 927.0
3519 927.0
3520 927.0
3521 927.0
3522 927.0
3523 927.0
3524 927.0
3525 927.0
3526 927.0
3527 927.0
3528 927.0
3539 968.0
3540 968.0
3541 968.0
3542 968.0
3543 968.0
3544 968.0
3545 968.0
3546 968.0
3547 968.0
3548 968.0
3559 968.0
3560 968.0
3561 968.0
3562 968.0
3563 968.0
3564 968.0
3565 968.0
3566 968.0
3567 968.0
3568 968.0
3579 268.0
3580 268.0
3581 268.0
3582 268.0
3583 268.0
3584 268.0
3585 268.0
3586 268.0
3587 268.0
3588 268.0
3599 968.0
3600 968.0
3601 968.0
3602 968.0
3603 968.0
3604 968.0
3605 968.0
3606 968.0
3607 968.0
3608 968.0
3619 968.0
3620 968.0
3621 968.0
3622 968.0
3623 968.0
3624 968.0
3625 968.0
3626 968.0
3627 968.0
3628 968.0
3639 968.0
3640 968.0
3641 968.0
3642 968.0
3643 968.0
3644 968.0
3645 968.0
3646 968.0
3647 968.0
3648 968.0
3659 968.0
3660 968.0
3661 968.0
3662 968.0
3663 968.0
3664 968.0
3665 968.0
3666 968.0
3667 968.0
3668 968.0
3679 968.0
3680 968.0
3681 968.0
3682 968.0
3683 968.0
3684 968.0
3685 968.0
3686 968.0
3687 968.0
3688 968.0
3699 968.0
3700 968.0
3701 968.0
3702 968.0
3703 968.0
3704 968.0
3705 968.0
3706 968.0
3707 968.0
3708 955.0
3709 955.0
3710 955.0
3711 955.0
3712 955.0
3713 955.0
3714 955.0
3715 955.0
3716 955.0
3717 955.0
3718 955.0
3729 927.0
3730 927.0
3731 927.0
3732 927.0
3733 927.0
3734 927.0
3735 927.0
3736 927.0
3737 927.0
3738 927.0
3749 968.0
3750 968.0
3751 968.0
3752 968.0
3753 968.0
3754 968.0
3755 968.0
3756 968.0
3757 968.0
3758 968.0
3769 968.0
3770 968.0
3771 968.0
3772 968.0
3773 968.0
3774 968.0
3775 968.0
3776 968.0
3777 968.0
3778 968.0
3789 968.0
3790 968.0
3791 968.0
3792 968.0
3793 968.0
3794 968.0
3795 968.0
3796 968.0
3797 968.0
3798 968.0
3809 968.0
3810 968.0
3811 968.0
3812 968.0
3813 968.0
3814 968.0
3815 968.0
3816 968.0
3817 968.0
3818 927.0
3819 927.0
3820 927.0
3821 927.0
3822 927.0
3823 927.0
3824 927.0
3825 927.0
3826 927.0
3827 927.0
3828 927.0
3839 268.0
3840 268.0
3841 268.0
3842 268.0
3843 268.0
3844 268.0
3845 268.0
3846 268.0
3847 268.0
3848 268.0
3859 955.0
3860 955.0
3861 955.0
3862 955.0
3863 955.0
3864 955.0
3865 955.0
3866 955.0
3867 955.0
3868 955.0
3879 968.0
3880 268.0
3881 268.0
3882 268.0
3883 268.0
3884 268.0
3885 268.0
3886 268.0
3887 268.0
3888 268.0
3889 268.0
3890 268.0
3901 968.0
3902 968.0
3903 968.0
3904 960.0
3905 960.0
3906 960.0
3907 960.0
3908 960.0
3909 960.0
3910 960.0
3911 960.0
3912 960.0
3913 960.0
3914 960.0
3925 968.0
3926 968.0
3927 968.0
3928 968.0
3929 927.0
3930 927.0
3931 927.0
3932 927.0
3933 927.0
3934 927.0
3935 927.0
3936 927.0
3937 927.0
3938 927.0
3939 927.0
3950 268.0
3951 268.0
3952 268.0
3953 268.0
3954 268.0
3955 268.0
3956 268.0
3957 268.0
3958 268.0
3959 268.0
3970 968.0
3971 968.0
3972 968.0
3973 968.0
3974 968.0
3975 968.0
3976 968.0
3977 968.0
3978 968.0
3979 968.0
3990 968.0
3991 968.0
3992 927.0
3993 927.0
3994 927.0
3995 927.0
3996 927.0
3997 927.0
3998 927.0
3999 927.0
4000 927.0
4001 927.0
4002 927.0
4013 960.0
4014 960.0
4015 960.0
4016 960.0
4017 960.0
4018 960.0
4019 960.0
4020 960.0
4021 960.0
4022 960.0
4033 968.0
4034 968.0
4035 268.0
4036 268.0
4037 268.0
4038 268.0
4039 268.0
4040 268.0
4041 268.0
4042 268.0
4043 268.0
4044 268.0
4045 268.0
4056 968.0
4057 968.0
4058 968.0
4059 968.0
4060 968.0
4061 968.0
4062 968.0
4063 968.0
4064 968.0
4065 968.0
4076 968.0
4077 968.0
4078 968.0
4079 968.0
4080 968.0
4081 968.0
4082 968.0
4083 968.0
4084 968.0
4085 955.0
4086 955.0
4087 955.0
4088 955.0
4089 955.0
4090 955.0
4091 955.0
4092 955.0
4093 955.0
4094 955.0
4095 955.0
4106 927.0
4107 927.0
4108 927.0
4109 927.0
4110 927.0
4111 927.0
4112 927.0
4113 927.0
4114 927.0
4115 927.0
4126 927.0
4127 927.0
4128 927.0
4129 927.0
4130 927.0
4131 927.0
4132 927.0
4133 927.0
4134 927.0
4135 927.0
4146 927.0
4147 927.0
4148 927.0
4149 927.0
4150 927.0
4151 927.0
4152 927.0
4153 927.0
4154 927.0
4155 927.0
4166 968.0
4167 968.0
4168 968.0
4169 968.0
4170 968.0
4171 968.0
4172 968.0
4173 968.0
4174 968.0
4175 968.0
4186 960.0
4187 960.0
4188 960.0
4189 960.0
4190 960.0
4191 960.0
4192 960.0
4193 960.0
4194 960.0
4195 960.0
4206 968.0
4207 968.0
4208 968.0
4209 968.0
4210 968.0
4211 968.0
4212 968.0
4213 968.0
4214 968.0
4215 968.0
4226 960.0
4227 960.0
4228 960.0
4229 960.0
4230 960.0
4231 960.0
4232 955.0
4233 955.0
4234 955.0
4235 955.0
4236 955.0
4237 955.0
4238 955.0
4239 955.0
4240 955.0
4241 955.0
4242 955.0
4253 960.0
4254 960.0
4255 960.0
4256 960.0
4257 960.0
4258 960.0
4259 960.0
4260 960.0
4261 960.0
4262 960.0
4273 968.0
4274 968.0
4275 968.0
4276 968.0
4277 968.0
4278 968.0
4279 968.0
4280 968.0
4281 968.0
4282 968.0
4293 968.0
4294 968.0
4295 968.0
4296 968.0
4297 968.0
4298 968.0
4299 968.0
4300 968.0
4301 968.0
4302 968.0
4313 968.0
4314 968.0
4315 968.0
4316 968.0
4317 968.0
4318 968.0
4319 960.0
4320 960.0
4321 960.0
4322 960.0
4323 960.0
4324 960.0
4325 960.0
4326 960.0
4327 960.0
4328 960.0
4329 960.0
4340 968.0
4341 968.0
4342 968.0
4343 968.0
4344 968.0
4345 968.0
4346 968.0
4347 968.0
4348 968.0
4349 968.0
4360 968.0
4361 968.0
4362 968.0
4363 968.0
4364 968.0
4365 968.0
4366 968.0
4367 968.0
4368 968.0
4369 968.0
4380 968.0
4381 968.0
4382 968.0
4383 968.0
4384 968.0
4385 968.0
4386 968.0
4387 968.0
4388 968.0
4389 968.0
4400 968.0
4401 968.0
4402 968.0
4403 968.0
4404 968.0
4405 968.0
4406 968.0
4407 968.0
4408 968.0
4409 968.0
4420 960.0
4421 960.0
4422 960.0
4423 960.0
4424 960.0
4425 960.0
4426 960.0
4427 960.0
4428 960.0
4429 960.0
4440 955.0
4441 955.0
4442 955.0
4443 955.0
4444 955.0
4445 955.0
4446 955.0
4447 955.0
4448 955.0
4449 955.0
4460 955.0
4461 955.0
4462 955.0
4463 955.0
4464 955.0
4465 955.0
4466 955.0
4467 955.0
4468 955.0
4469 955.0
4480 968.0
4481 968.0
4482 968.0
4483 968.0
4484 968.0
4485 968.0
4486 968.0
4487 968.0
4488 968.0
4489 968.0
4500 968.0
4501 968.0
4502 968.0
4503 968.0
4504 968.0
4505 968.0
4506 968.0
4507 968.0
4508 968.0
4509 968.0
4520 968.0
4521 960.0
4522 960.0
4523 960.0
4524 960.0
4525 960.0
4526 960.0
4527 960.0
4528 960.0
4529 960.0
4530 960.0
4531 960.0
4542 968.0
4543 968.0
4544 968.0
4545 968.0
4546 968.0
4547 968.0
4548 968.0
4549 968.0
4550 968.0
4551 968.0
4562 968.0
4563 968.0
4564 268.0
4565 268.0
4566 268.0
4567 268.0
4568 268.0
4569 268.0
4570 268.0
4571 268.0
4572 268.0
4573 268.0
4574 268.0
4585 968.0
4586 968.0
4587 968.0
4588 968.0
4589 968.0
4590 968.0
4591 968.0
4592 968.0
4593 968.0
4594 968.0
4605 968.0
4606 968.0
4607 968.0
4608 968.0
4609 968.0
4610 968.0
4611 968.0
4612 968.0
4613 968.0
4614 968.0
4625 927.0
4626 927.0
4627 927.0
4628 927.0
4629 927.0
4630 927.0
4631 927.0
4632 927.0
4633 927.0
4634 927.0
4645 968.0
4646 968.0
4647 968.0
4648 968.0
4649 960.0
4650 960.0
4651 960.0
4652 960.0
4653 960.0
4654 960.0
4655 960.0
4656 960.0
4657 960.0
4658 960.0
4659 960.0
4670 968.0
4671 968.0
4672 968.0
4673 968.0
4674 968.0
4675 968.0
4676 968.0
4677 968.0
4678 968.0
4679 968.0
4690 968.0
4691 968.0
4692 968.0
4693 968.0
4694 968.0
4695 968.0
4696 968.0
4697 968.0
4698 968.0
4699 968.0
4710 927.0
4711 927.0
4712 927.0
4713 927.0
4714 927.0
4715 927.0
4716 927.0
4717 927.0
4718 927.0
4719 927.0
4730 955.0
4731 955.0
4732 955.0
4733 955.0
4734 955.0
4735 955.0
4736 955.0
4737 955.0
4738 955.0
4739 955.0
4750 968.0
4751 968.0
4752 968.0
4753 968.0
4754 968.0
4755 968.0
4756 968.0
4757 968.0
4758 968.0
4759 968.0
4770 968.0
4771 968.0
4772 968.0
4773 968.0
4774 968.0
4775 968.0
4776 968.0
4777 968.0
4778 968.0
4779 968.0
4790 968.0
4791 968.0
4792 968.0
4793 968.0
4794 968.0
4795 968.0
4796 968.0
4797 968.0
4798 968.0
4799 968.0
4810 927.0
4811 927.0
4812 927.0
4813 927.0
4814 927.0
4815 927.0
4816 927.0
4817 927.0
4818 927.0
4819 927.0
4830 968.0
4831 968.0
4832 968.0
4833 968.0
4834 968.0
4835 968.0
4836 968.0
4837 968.0
4838 968.0
4839 968.0
4850 268.0
4851 268.0
4852 268.0
4853 268.0
4854 268.0
4855 268.0
4856 268.0
4857 268.0
4858 268.0
4859 268.0
4870 268.0
4871 268.0
4872 268.0
4873 268.0
4874 268.0
4875 268.0
4876 268.0
4877 268.0
4878 268.0
4879 268.0
4890 968.0
4891 968.0
4892 968.0
4893 968.0
4894 968.0
4895 968.0
4896 968.0
4897 968.0
4898 968.0
4899 968.0
4910 968.0
4911 968.0
4912 968.0
4913 927.0
4914 927.0
4915 927.0
4916 927.0
4917 927.0
4918 927.0
4919 927.0
4920 927.0
4921 927.0
4922 927.0
4923 927.0
4934 968.0
4935 968.0
4936 968.0
4937 968.0
4938 968.0
4939 968.0
4940 968.0
4941 968.0
4942 968.0
4943 968.0
4954 955.0
4955 955.0
4956 955.0
4957 955.0
4958 955.0
4959 955.0
4960 955.0
4961 955.0
4962 955.0
4963 955.0
4964 955.0
4975 968.0
4976 968.0
4977 968.0
4978 968.0
4979 968.0
4980 968.0
4981 968.0
4982 968.0
4983 968.0
4984 968.0
4995 968.0
4996 968.0
4997 968.0
4998 968.0
4999 968.0
