0 6556.0
1 6556.0
2 6556.0
3 6556.0
4 6556.0
5 6556.0
6 6556.0
7 6556.0
8 6556.0
9 6556.0
10 6556.0
11 6556.0
12 6556.0
13 6556.0
14 6556.0
15 6556.0
16 6556.0
17 6556.0
18 6556.0
19 6556.0
20 6556.0
21 6556.0
22 6556.0
23 6556.0
24 6556.0
25 6556.0
26 6556.0
27 6556.0
28 6556.0
29 6556.0
30 6556.0
31 6556.0
32 6556.0
33 6556.0
34 6556.0
35 6556.0
36 6556.0
37 6556.0
38 6556.0
39 6556.0
40 6556.0
41 6556.0
42 6556.0
43 6556.0
44 6556.0
45 6556.0
46 6556.0
47 6556.0
48 6556.0
49 6330.0
50 6330.0
51 6330.0
52 6330.0
53 6330.0
54 6330.0
55 3487.0
56 3487.0
57 3487.0
58 3487.0
59 3487.0
60 3487.0
61 3487.0
62 3487.0
63 3487.0
64 3487.0
65 3487.0
66 3487.0
67 3487.0
68 3487.0
69 3487.0
70 3487.0
71 3487.0
72 3487.0
73 3487.0
74 3487.0
75 3487.0
76 3487.0
77 3487.0
78 3487.0
79 3487.0
80 3487.0
81 3487.0
82 3487.0
83 3487.0
84 3487.0
85 3487.0
86 3487.0
87 3487.0
88 3487.0
89 3487.0
90 3487.0
91 3487.0
92 3487.0
93 3487.0
94 3487.0
95 3487.0
96 3487.0
97 3487.0
98 3487.0
99 3487.0
100 3487.0
101 3487.0
102 3487.0
103 3487.0
104 3487.0
105 3487.0
106 3487.0
107 3487.0
108 3487.0
109 3487.0
110 3487.0
111 3487.0
112 3487.0
113 3487.0
114 3487.0
115 3487.0
116 3487.0
117 3487.0
118 3487.0
119 3487.0
120 3487.0
121 3487.0
122 3487.0
123 3487.0
124 1009.0
125 1009.0
126 1009.0
127 1009.0
128 1009.0
129 1009.0
130 1009.0
131 1009.0
132 1009.0
133 1009.0
134 1009.0
135 1009.0
136 1009.0
137 1009.0
138 1009.0
139 1009.0
140 1009.0
141 1009.0
142 1009.0
143 1009.0
144 1009.0
145 1009.0
146 1009.0
147 1009.0
148 1009.0
149 1009.0
150 1009.0
151 1009.0
152 1009.0
153 1009.0
154 1009.0
155 1009.0
156 1009.0
157 1009.0
158 1009.0
159 1009.0
160 1009.0
161 1009.0
162 1009.0
163 1009.0
164 1009.0
165 1009.0
166 1009.0
167 1009.0
168 1009.0
169 1009.0
170 1009.0
171 1009.0
172 1009.0
173 1009.0
174 1009.0
175 1009.0
176 1009.0
177 1009.0
178 1009.0
179 1009.0
180 1009.0
181 1009.0
182 1009.0
183 1009.0
184 1009.0
185 1009.0
186 1009.0
187 1009.0
188 1009.0
189 1009.0
190 1009.0
191 1009.0
192 1009.0
193 1009.0
194 1009.0
195 1009.0
196 1009.0
197 1009.0
198 1009.0
199 1009.0
200 1009.0
201 1009.0
202 1009.0
203 1009.0
204 1009.0
205 1009.0
206 1009.0
207 1009.0
208 1009.0
209 1009.0
210 1009.0
211 1009.0
212 1009.0
213 1009.0
214 1009.0
215 1009.0
216 1009.0
217 1009.0
218 1009.0
219 1009.0
220 1009.0
221 1009.0
222 1009.0
223 1009.0
224 1009.0
225 1009.0
226 1009.0
227 1009.0
228 1009.0
229 1009.0
230 1009.0
231 1009.0
232 1009.0
233 1009.0
234 1009.0
235 1009.0
236 1009.0
237 1009.0
238 1009.0
239 1009.0
240 1009.0
241 1009.0
242 1009.0
243 1009.0
244 1009.0
245 1009.0
246 1009.0
247 1009.0
248 1009.0
249 1009.0
250 1009.0
251 1009.0
252 1009.0
253 1009.0
254 1009.0
255 1009.0
256 1009.0
257 1009.0
258 1009.0
259 1009.0
260 1009.0
261 1009.0
262 1009.0
263 1009.0
264 1009.0
265 1009.0
266 1009.0
267 1009.0
268 1009.0
269 1009.0
270 1009.0
271 1009.0
272 1009.0
273 1009.0
274 1009.0
275 1009.0
276 1009.0
277 1009.0
278 1009.0
279 1009.0
280 1009.0
281 1009.0
282 1009.0
283 1009.0
284 1009.0
285 1009.0
286 1009.0
287 1009.0
288 1009.0
289 1009.0
290 1009.0
291 1009.0
292 1009.0
293 1009.0
294 1009.0
295 1009.0
296 1009.0
297 1009.0
298 1009.0
299 1009.0
300 1009.0
301 1009.0
302 1009.0
303 1009.0
304 1009.0
305 1009.0
306 1009.0
307 1009.0
308 1009.0
309 1009.0
310 1009.0
311 1009.0
312 1009.0
313 1009.0
314 1009.0
315 1009.0
316 1009.0
317 1009.0
318 1009.0
319 1009.0
320 1009.0
321 1009.0
322 1009.0
323 1009.0
324 1009.0
325 1009.0
326 1009.0
327 1009.0
328 1009.0
329 1009.0
330 1009.0
331 1009.0
332 1009.0
333 1009.0
334 1009.0
335 1009.0
336 1009.0
337 1009.0
338 1009.0
339 1009.0
340 1009.0
341 1009.0
342 1009.0
343 1009.0
344 1009.0
345 1009.0
346 1009.0
347 1009.0
348 1009.0
349 1009.0
350 1009.0
351 1009.0
352 1009.0
353 1009.0
354 1009.0
355 1009.0
356 1009.0
357 1009.0
358 1009.0
359 1009.0
360 1009.0
361 1009.0
362 1009.0
363 1009.0
364 1009.0
365 1009.0
366 1009.0
367 1009.0
368 1009.0
369 1009.0
370 1009.0
371 1009.0
372 1009.0
373 1009.0
374 1009.0
375 1009.0
376 1009.0
377 1009.0
378 1009.0
379 1009.0
380 1009.0
381 1009.0
382 1009.0
383 1009.0
384 1009.0
385 1009.0
386 1009.0
387 1009.0
388 1009.0
389 1009.0
390 1009.0
391 1009.0
392 1009.0
393 1009.0
394 1009.0
395 1009.0
396 1009.0
397 1009.0
398 1009.0
399 1009.0
400 1009.0
401 1009.0
402 1009.0
403 1009.0
404 1009.0
405 1009.0
406 1009.0
407 1009.0
408 1009.0
409 1009.0
410 1009.0
411 1009.0
412 1009.0
413 1009.0
414 1009.0
415 1009.0
416 1009.0
417 1009.0
418 1009.0
419 1009.0
420 1009.0
421 1009.0
422 1009.0
423 1009.0
424 1009.0
425 1009.0
426 1009.0
427 1009.0
428 1009.0
429 1009.0
430 1009.0
431 1009.0
432 1009.0
433 1009.0
434 1009.0
435 1009.0
436 1009.0
437 1009.0
438 1009.0
439 1009.0
440 1009.0
441 1009.0
442 1009.0
443 1009.0
444 1009.0
445 1009.0
446 1009.0
447 1009.0
448 1009.0
449 1009.0
450 1009.0
451 1009.0
452 1009.0
453 1009.0
454 1009.0
455 1009.0
456 1009.0
457 1009.0
458 1009.0
459 1009.0
460 1009.0
461 1009.0
462 1009.0
463 1009.0
464 1009.0
465 1009.0
466 1009.0
467 1009.0
468 1009.0
469 1009.0
470 1009.0
471 1009.0
472 1009.0
473 1009.0
474 1009.0
475 1009.0
476 1009.0
477 1009.0
478 1009.0
479 1009.0
480 1009.0
481 1009.0
482 1009.0
483 1009.0
484 1009.0
485 1009.0
486 1009.0
487 1009.0
488 1009.0
489 1009.0
490 1009.0
491 1009.0
492 1009.0
493 1009.0
494 1009.0
495 1009.0
496 1009.0
497 1009.0
498 1009.0
499 1009.0
500 1009.0
501 1009.0
502 1009.0
503 1009.0
504 1009.0
505 1009.0
506 1009.0
507 1009.0
508 1009.0
509 1009.0
510 1009.0
511 1009.0
512 1009.0
513 1009.0
514 1009.0
515 1009.0
516 1009.0
517 1009.0
518 1009.0
519 1009.0
520 1009.0
521 1009.0
522 1009.0
523 1009.0
524 1009.0
525 1009.0
526 1009.0
527 1009.0
528 1009.0
529 1009.0
530 1009.0
531 1009.0
532 1009.0
533 1009.0
534 1009.0
535 1009.0
536 1009.0
537 1009.0
538 1009.0
539 1009.0
540 1009.0
541 1009.0
542 1009.0
543 1009.0
544 1009.0
545 1009.0
546 1009.0
547 1009.0
548 1009.0
549 1009.0
550 1009.0
551 1009.0
552 1009.0
553 1009.0
554 1009.0
555 1009.0
556 1009.0
557 1009.0
558 1009.0
559 1009.0
560 1009.0
561 1009.0
562 1009.0
563 1009.0
564 1009.0
565 1009.0
566 1009.0
567 1009.0
568 1009.0
569 1009.0
570 1009.0
571 1009.0
572 1009.0
573 1009.0
574 1009.0
575 1009.0
576 1009.0
577 1009.0
578 1009.0
579 1009.0
580 1009.0
581 1009.0
582 1009.0
583 1009.0
584 1009.0
585 1009.0
586 1009.0
587 1009.0
588 1009.0
589 1009.0
590 1009.0
591 1009.0
592 1009.0
593 1009.0
594 1009.0
595 1009.0
596 1009.0
597 1009.0
598 1009.0
599 1009.0
600 1009.0
601 1009.0
602 1009.0
603 1009.0
604 1009.0
605 1009.0
606 1009.0
607 1009.0
608 1009.0
609 1009.0
610 1009.0
611 1009.0
612 1009.0
613 1009.0
614 1009.0
615 1009.0
616 1009.0
617 1009.0
618 1009.0
619 1009.0
620 1009.0
621 1009.0
622 1009.0
623 1009.0
624 1009.0
625 1009.0
626 1009.0
627 1009.0
628 1009.0
629 1009.0
630 1009.0
631 1009.0
632 1009.0
633 1009.0
634 1009.0
635 1009.0
636 1009.0
637 1009.0
638 1009.0
639 1009.0
640 1009.0
641 1009.0
642 1009.0
643 1009.0
644 1009.0
645 1009.0
646 1009.0
647 1009.0
648 1009.0
649 1009.0
650 1009.0
651 1009.0
652 1009.0
653 1009.0
654 1009.0
655 1009.0
656 1009.0
657 1009.0
658 1009.0
659 1009.0
660 1009.0
661 1009.0
662 1009.0
663 1009.0
664 1009.0
665 1009.0
666 1009.0
667 1009.0
668 1009.0
669 1009.0
670 1009.0
671 1009.0
672 1009.0
673 1009.0
674 1009.0
675 1009.0
676 1009.0
677 1009.0
678 1009.0
679 1009.0
680 1009.0
681 1009.0
682 1009.0
683 1009.0
684 1009.0
685 1009.0
686 1009.0
687 1009.0
688 1009.0
689 1009.0
690 1009.0
691 1009.0
692 1009.0
693 1009.0
694 1009.0
695 1009.0
696 1009.0
697 1009.0
698 1009.0
699 1009.0
700 1009.0
701 1009.0
702 1009.0
703 1009.0
704 1009.0
705 1009.0
706 1009.0
707 1009.0
708 1009.0
709 1009.0
710 1009.0
711 1009.0
712 1009.0
713 1009.0
714 1009.0
715 1009.0
716 1009.0
717 1009.0
718 1009.0
719 1009.0
720 1009.0
721 1009.0
722 1009.0
723 1009.0
724 1009.0
725 1009.0
726 1009.0
727 1009.0
728 1009.0
729 1009.0
730 1009.0
731 1009.0
732 1009.0
733 1009.0
734 1009.0
735 1009.0
736 1009.0
737 1009.0
738 1009.0
739 1009.0
740 1009.0
741 1009.0
742 1009.0
743 1009.0
744 1009.0
745 1009.0
746 1009.0
747 1009.0
748 1009.0
749 1009.0
750 1009.0
751 1009.0
752 1009.0
753 1009.0
754 1009.0
755 1009.0
756 1009.0
757 1009.0
758 1009.0
759 1009.0
760 1009.0
761 1009.0
762 1009.0
763 1009.0
764 1009.0
765 1009.0
766 1009.0
767 1009.0
768 1009.0
769 1009.0
770 1009.0
771 1009.0
772 1009.0
773 1009.0
774 1009.0
775 1009.0
776 1009.0
777 1009.0
778 1009.0
779 1009.0
780 1009.0
781 1009.0
782 1009.0
783 1009.0
784 1009.0
785 1009.0
786 1009.0
787 1009.0
788 1009.0
789 1009.0
790 1009.0
791 1009.0
792 1009.0
793 1009.0
794 1009.0
795 1009.0
796 1009.0
797 1009.0
798 1009.0
799 1009.0
800 1009.0
801 1009.0
802 1009.0
803 1009.0
804 1009.0
805 1009.0
806 1009.0
807 1009.0
808 1009.0
809 1009.0
810 1009.0
811 1009.0
812 1009.0
813 1009.0
814 1009.0
815 1009.0
816 1009.0
817 1009.0
818 1009.0
819 1009.0
820 1009.0
821 1009.0
822 1009.0
823 1009.0
824 1009.0
825 1009.0
826 1009.0
827 1009.0
828 1009.0
829 1009.0
830 1009.0
831 1009.0
832 1009.0
833 1009.0
834 1009.0
835 1009.0
836 1009.0
837 1009.0
838 1009.0
839 1009.0
840 1009.0
841 1009.0
842 1009.0
843 1009.0
844 1009.0
845 1009.0
846 1009.0
847 1009.0
848 1009.0
849 1009.0
850 1009.0
851 1009.0
852 1009.0
853 1009.0
854 1009.0
855 1009.0
856 1009.0
857 1009.0
858 1009.0
859 1009.0
860 1009.0
861 1009.0
862 1009.0
863 1009.0
864 1009.0
865 1009.0
866 1009.0
867 1009.0
868 1009.0
869 1009.0
870 1009.0
871 1009.0
872 1009.0
873 1009.0
874 1009.0
875 1009.0
876 1009.0
877 1009.0
878 1009.0
879 1009.0
880 1009.0
881 1009.0
882 1009.0
883 1009.0
884 1009.0
885 1009.0
886 1009.0
887 1009.0
888 1009.0
889 1009.0
890 1009.0
891 1009.0
892 1009.0
893 1009.0
894 1009.0
895 1009.0
896 1009.0
897 1009.0
898 1009.0
899 1009.0
900 1009.0
901 1009.0
902 1009.0
903 1009.0
904 1009.0
905 1009.0
906 1009.0
907 1009.0
908 1009.0
909 1009.0
910 1009.0
911 1009.0
912 1009.0
913 1009.0
914 1009.0
915 1009.0
916 1009.0
917 1009.0
918 1009.0
919 1009.0
920 1009.0
921 1009.0
922 1009.0
923 1009.0
924 1009.0
925 1009.0
926 1009.0
927 1009.0
928 1009.0
929 1009.0
930 1009.0
931 1009.0
932 1009.0
933 1009.0
934 1009.0
935 1009.0
936 1009.0
937 1009.0
938 1009.0
939 1009.0
940 1009.0
941 1009.0
942 1009.0
943 1009.0
944 1009.0
945 1009.0
946 1009.0
947 1009.0
948 1009.0
949 1009.0
950 1009.0
951 1009.0
952 1009.0
953 1009.0
954 1009.0
955 1009.0
956 1009.0
957 1009.0
958 1009.0
959 1009.0
960 1009.0
961 1009.0
962 1009.0
963 1009.0
964 1009.0
965 1009.0
966 1009.0
967 1009.0
968 1009.0
969 1009.0
970 1009.0
971 1009.0
972 1009.0
973 1009.0
974 1009.0
975 1009.0
976 1009.0
977 1009.0
978 1009.0
979 1009.0
980 1009.0
981 1009.0
982 1009.0
983 1009.0
984 1009.0
985 1009.0
986 1009.0
987 1009.0
988 1009.0
989 1009.0
990 1009.0
991 1009.0
992 1009.0
993 1009.0
994 1009.0
995 1009.0
996 1009.0
997 1009.0
998 1009.0
999 1009.0
1000 1009.0
1001 1009.0
1002 1009.0
1003 1009.0
1004 1009.0
1005 1009.0
1006 1009.0
1007 1009.0
1008 1009.0
1009 1009.0
1010 1009.0
1011 1009.0
1012 1009.0
1013 1009.0
1014 1009.0
1015 1009.0
1016 1009.0
1017 1009.0
1018 1009.0
1019 1009.0
1020 1009.0
1021 1009.0
1022 1009.0
1023 1009.0
1024 1009.0
1025 1009.0
1026 1009.0
1027 1009.0
1028 1009.0
1029 1009.0
1030 1009.0
1031 1009.0
1032 1009.0
1033 1009.0
1034 1009.0
1035 1009.0
1036 1009.0
1037 1009.0
1038 1009.0
1039 1009.0
1040 1009.0
1041 1009.0
1042 1009.0
1043 1009.0
1044 1009.0
1045 1009.0
1046 1009.0
1047 1009.0
1048 1009.0
1049 1009.0
1050 1009.0
1051 1009.0
1052 1009.0
1053 1009.0
1054 1009.0
1055 1009.0
1056 1009.0
1057 1009.0
1058 1009.0
1059 1009.0
1060 1009.0
1061 1009.0
1062 1009.0
1063 1009.0
1064 1009.0
1065 1009.0
1066 1009.0
1067 1009.0
1068 1009.0
1069 1009.0
1070 1009.0
1071 1009.0
1072 1009.0
1073 1009.0
1074 1009.0
1075 1009.0
1076 1009.0
1077 1009.0
1078 1009.0
1079 1009.0
1080 1009.0
1081 1009.0
1082 1009.0
1083 1009.0
1084 1009.0
1085 1009.0
1086 1009.0
1087 1009.0
1088 1009.0
1089 1009.0
1090 1009.0
1091 1009.0
1092 1009.0
1093 1009.0
1094 1009.0
1095 1009.0
1096 1009.0
1097 1009.0
1098 1009.0
1099 1009.0
1100 1009.0
1101 1009.0
1102 1009.0
1103 1009.0
1104 1009.0
1105 1009.0
1106 1009.0
1107 1009.0
1108 1009.0
1109 1009.0
1110 1009.0
1111 1009.0
1112 1009.0
1113 1009.0
1114 1009.0
1115 1009.0
1116 1009.0
1117 1009.0
1118 1009.0
1119 1009.0
1120 1009.0
1121 1009.0
1122 1009.0
1123 1009.0
1124 1009.0
1125 1009.0
1126 1009.0
1127 1009.0
1128 1009.0
1129 1009.0
1130 1009.0
1131 1009.0
1132 1009.0
1133 1009.0
1134 1009.0
1135 1009.0
1136 1009.0
1137 1009.0
1138 1009.0
1139 1009.0
1140 1009.0
1141 1009.0
1142 1009.0
1143 1009.0
1144 1009.0
1145 1009.0
1146 1009.0
1147 1009.0
1148 1009.0
1149 1009.0
1150 1009.0
1151 1009.0
1152 1009.0
1153 1009.0
1154 1009.0
1155 1009.0
1156 1009.0
1157 1009.0
1158 1009.0
1159 1009.0
1160 1009.0
1161 1009.0
1162 1009.0
1163 1009.0
1164 1009.0
1165 1009.0
1166 1009.0
1167 1009.0
1168 1009.0
1169 1009.0
1170 1009.0
1171 1009.0
1172 1009.0
1173 1009.0
1174 1009.0
1175 1009.0
1176 1009.0
1177 1009.0
1178 1009.0
1179 1009.0
1180 1009.0
1181 1009.0
1182 1009.0
1183 1009.0
1184 1009.0
1185 1009.0
1186 1009.0
1187 1009.0
1188 1009.0
1189 1009.0
1190 1009.0
1191 1009.0
1192 1009.0
1193 1009.0
1194 1009.0
1195 1009.0
1196 1009.0
1197 1009.0
1198 1009.0
1199 1009.0
1200 1009.0
1201 1009.0
1202 1009.0
1203 1009.0
1204 1009.0
1205 1009.0
1206 1009.0
1207 1009.0
1208 1009.0
1209 1009.0
1210 1009.0
1211 1009.0
1212 1009.0
1213 1009.0
1214 1009.0
1215 1009.0
1216 1009.0
1217 1009.0
1218 1009.0
1219 1009.0
1220 1009.0
1221 1009.0
1222 1009.0
1223 1009.0
1224 1009.0
1225 1009.0
1226 1009.0
1227 1009.0
1228 1009.0
1229 1009.0
1230 1009.0
1231 1009.0
1232 1009.0
1233 1009.0
1234 1009.0
1235 1009.0
1236 1009.0
1237 1009.0
1238 1009.0
1239 1009.0
1240 1009.0
1241 1009.0
1242 1009.0
1243 1009.0
1244 1009.0
1245 1009.0
1246 1009.0
1247 1009.0
1248 1009.0
1249 1009.0
1250 1009.0
1251 1009.0
1252 1009.0
1253 1009.0
1254 1009.0
1255 1009.0
1256 1009.0
1257 1009.0
1258 1009.0
1259 1009.0
1260 1009.0
1261 1009.0
1262 1009.0
1263 1009.0
1264 1009.0
1265 1009.0
1266 1009.0
1267 1009.0
1268 1009.0
1269 1009.0
1270 1009.0
1271 1009.0
1272 1009.0
1273 1009.0
1274 1009.0
1275 1009.0
1276 1009.0
1277 1009.0
1278 1009.0
1279 1009.0
1280 1009.0
1281 1009.0
1282 1009.0
1283 1009.0
1284 1009.0
1285 1009.0
1286 1009.0
1287 1009.0
1288 1009.0
1289 1009.0
1290 1009.0
1291 1009.0
1292 1009.0
1293 1009.0
1294 1009.0
1295 1009.0
1296 1009.0
1297 1009.0
1298 1009.0
1299 1009.0
1300 1009.0
1301 1009.0
1302 1009.0
1303 1009.0
1304 1009.0
1305 1009.0
1306 1009.0
1307 1009.0
1308 1009.0
1309 1009.0
1310 1009.0
1311 1009.0
1312 1009.0
1313 1009.0
1314 1009.0
1315 1009.0
1316 1009.0
1317 1009.0
1318 1009.0
1319 1009.0
1320 1009.0
1321 1009.0
1322 1009.0
1323 1009.0
1324 1009.0
1325 1009.0
1326 1009.0
1327 1009.0
1328 1009.0
1329 1009.0
1330 1009.0
1331 1009.0
1332 1009.0
1333 1009.0
1334 1009.0
1335 1009.0
1336 1009.0
1337 1009.0
1338 1009.0
1339 1009.0
1340 1009.0
1341 1009.0
1342 1009.0
1343 1009.0
1344 1009.0
1345 1009.0
1346 1009.0
1347 1009.0
1348 1009.0
1349 1009.0
1350 1009.0
1351 1009.0
1352 1009.0
1353 1009.0
1354 1009.0
1355 1009.0
1356 1009.0
1357 1009.0
1358 1009.0
1359 1009.0
1360 1009.0
1361 1009.0
1362 1009.0
1363 1009.0
1364 1009.0
1365 1009.0
1366 1009.0
1367 1009.0
1368 1009.0
1369 1009.0
1370 1009.0
1371 1009.0
1372 1009.0
1373 1009.0
1374 1009.0
1375 1009.0
1376 1009.0
1377 1009.0
1378 1009.0
1379 1009.0
1380 1009.0
1381 1009.0
1382 1009.0
1383 1009.0
1384 1009.0
1385 1009.0
1386 1009.0
1387 1009.0
1388 1009.0
1389 1009.0
1390 1009.0
1391 1009.0
1392 1009.0
1393 1009.0
1394 1009.0
1395 1009.0
1396 1009.0
1397 1009.0
1398 1009.0
1399 1009.0
1400 1009.0
1401 1009.0
1402 1009.0
1403 1009.0
1404 1009.0
1405 1009.0
1406 1009.0
1407 1009.0
1408 1009.0
1409 1009.0
1410 1009.0
1411 1009.0
1412 1009.0
1413 1009.0
1414 1009.0
1415 1009.0
1416 1009.0
1417 1009.0
1418 1009.0
1419 1009.0
1420 1009.0
1421 1009.0
1422 1009.0
1423 1009.0
1424 1009.0
1425 1009.0
1426 1009.0
1427 1009.0
1428 1009.0
1429 1009.0
1430 1009.0
1431 1009.0
1432 1009.0
1433 1009.0
1434 1009.0
1435 1009.0
1436 1009.0
1437 1009.0
1438 1009.0
1439 1009.0
1440 1009.0
1441 1009.0
1442 1009.0
1443 1009.0
1444 1009.0
1445 1009.0
1446 1009.0
1447 1009.0
1448 1009.0
1449 1009.0
1450 1009.0
1451 1009.0
1452 1009.0
1453 1009.0
1454 1009.0
1455 1009.0
1456 1009.0
1457 1009.0
1458 1009.0
1459 1009.0
1460 1009.0
1461 1009.0
1462 1009.0
1463 1009.0
1464 1009.0
1465 1009.0
1466 1009.0
1467 1009.0
1468 1009.0
1469 1009.0
1470 1009.0
1471 1009.0
1472 1009.0
1473 1009.0
1474 1009.0
1475 1009.0
1476 1009.0
1477 1009.0
1478 1009.0
1479 1009.0
1480 1009.0
1481 1009.0
1482 1009.0
1483 1009.0
1484 1009.0
1485 1009.0
1486 1009.0
1487 1009.0
1488 1009.0
1489 1009.0
1490 1009.0
1491 1009.0
1492 1009.0
1493 1009.0
1494 1009.0
1495 1009.0
1496 1009.0
1497 1009.0
1498 1009.0
1499 1009.0
1500 1009.0
1501 1009.0
1502 1009.0
1503 1009.0
1504 1009.0
1505 1009.0
1506 1009.0
1507 1009.0
1508 1009.0
1509 1009.0
1510 1009.0
1511 1009.0
1512 1009.0
1513 1009.0
1514 1009.0
1515 1009.0
1516 1009.0
1517 1009.0
1518 1009.0
1519 1009.0
1520 1009.0
1521 1009.0
1522 1009.0
1523 1009.0
1524 1009.0
1525 1009.0
1526 1009.0
1527 1009.0
1528 1009.0
1529 1009.0
1530 1009.0
1531 1009.0
1532 1009.0
1533 1009.0
1534 1009.0
1535 1009.0
1536 1009.0
1537 1009.0
1538 1009.0
1539 1009.0
1540 1009.0
1541 1009.0
1542 1009.0
1543 1009.0
1544 1009.0
1545 1009.0
1546 1009.0
1547 1009.0
1548 1009.0
1549 1009.0
1550 1009.0
1551 1009.0
1552 1009.0
1553 1009.0
1554 1009.0
1555 1009.0
1556 1009.0
1557 1009.0
1558 1009.0
1559 1009.0
1560 1009.0
1561 1009.0
1562 1009.0
1563 1009.0
1564 1009.0
1565 1009.0
1566 1009.0
1567 1009.0
1568 1009.0
1569 1009.0
1570 1009.0
1571 1009.0
1572 1009.0
1573 1009.0
1574 1009.0
1575 1009.0
1576 1009.0
1577 1009.0
1578 1009.0
1579 1009.0
1580 1009.0
1581 1009.0
1582 1009.0
1583 1009.0
1584 1009.0
1585 1009.0
1586 1009.0
1587 1009.0
1588 1009.0
1589 1009.0
1590 1009.0
1591 1009.0
1592 1009.0
1593 1009.0
1594 1009.0
1595 1009.0
1596 1009.0
1597 1009.0
1598 1009.0
1599 1009.0
1600 1009.0
1601 1009.0
1602 1009.0
1603 1009.0
1604 1009.0
1605 1009.0
1606 1009.0
1607 1009.0
1608 1009.0
1609 1009.0
1610 1009.0
1611 1009.0
1612 1009.0
1613 1009.0
1614 1009.0
1615 1009.0
1616 1009.0
1617 1009.0
1618 1009.0
1619 1009.0
1620 1009.0
1621 1009.0
1622 1009.0
1623 1009.0
1624 1009.0
1625 1009.0
1626 1009.0
1627 1009.0
1628 1009.0
1629 1009.0
1630 1009.0
1631 1009.0
1632 1009.0
1633 1009.0
1634 1009.0
1635 1009.0
1636 1009.0
1637 1009.0
1638 1009.0
1639 1009.0
1640 1009.0
1641 1009.0
1642 1009.0
1643 1009.0
1644 1009.0
1645 1009.0
1646 1009.0
1647 1009.0
1648 1009.0
1649 1009.0
1650 1009.0
1651 1009.0
1652 1009.0
1653 1009.0
1654 1009.0
1655 1009.0
1656 1009.0
1657 1009.0
1658 1009.0
1659 1009.0
1660 1009.0
1661 1009.0
1662 1009.0
1663 1009.0
1664 1009.0
1665 1009.0
1666 1009.0
1667 1009.0
1668 1009.0
1669 1009.0
1670 1009.0
1671 1009.0
1672 1009.0
1673 1009.0
1674 1009.0
1675 1009.0
1676 1009.0
1677 1009.0
1678 1009.0
1679 1009.0
1680 1009.0
1681 1009.0
1682 1009.0
1683 1009.0
1684 1009.0
1685 1009.0
1686 1009.0
1687 1009.0
1688 1009.0
1689 1009.0
1690 1009.0
1691 1009.0
1692 1009.0
1693 1009.0
1694 1009.0
1695 1009.0
1696 1009.0
1697 1009.0
1698 1009.0
1699 1009.0
1700 1009.0
1701 1009.0
1702 1009.0
1703 1009.0
1704 1009.0
1705 1009.0
1706 1009.0
1707 1009.0
1708 1009.0
1709 1009.0
1710 1009.0
1711 1009.0
1712 1009.0
1713 1009.0
1714 1009.0
1715 1009.0
1716 1009.0
1717 1009.0
1718 1009.0
1719 1009.0
1720 1009.0
1721 1009.0
1722 1009.0
1723 1009.0
1724 1009.0
1725 1009.0
1726 1009.0
1727 1009.0
1728 1009.0
1729 1009.0
1730 1009.0
1731 1009.0
1732 1009.0
1733 1009.0
1734 1009.0
1735 1009.0
1736 1009.0
1737 1009.0
1738 1009.0
1739 1009.0
1740 1009.0
1741 1009.0
1742 1009.0
1743 1009.0
1744 1009.0
1745 1009.0
1746 1009.0
1747 1009.0
1748 1009.0
1749 1009.0
1750 1009.0
1751 1009.0
1752 1009.0
1753 1009.0
1754 1009.0
1755 1009.0
1756 1009.0
1757 1009.0
1758 1009.0
1759 1009.0
1760 1009.0
1761 1009.0
1762 1009.0
1763 1009.0
1764 1009.0
1765 1009.0
1766 1009.0
1767 1009.0
1768 1009.0
1769 1009.0
1770 1009.0
1771 1009.0
1772 1009.0
1773 1009.0
1774 1009.0
1775 1009.0
1776 1009.0
1777 1009.0
1778 1009.0
1779 1009.0
1780 1009.0
1781 1009.0
1782 1009.0
1783 1009.0
1784 1009.0
1785 1009.0
1786 1009.0
1787 1009.0
1788 1009.0
1789 1009.0
1790 1009.0
1791 1009.0
1792 1009.0
1793 1009.0
1794 1009.0
1795 1009.0
1796 1009.0
1797 1009.0
1798 1009.0
1799 1009.0
1800 1009.0
1801 1009.0
1802 1009.0
1803 1009.0
1804 1009.0
1805 1009.0
1806 1009.0
1807 1009.0
1808 1009.0
1809 1009.0
1810 1009.0
1811 1009.0
1812 1009.0
1813 1009.0
1814 1009.0
1815 1009.0
1816 1009.0
1817 1009.0
1818 1009.0
1819 1009.0
1820 1009.0
1821 1009.0
1822 1009.0
1823 1009.0
1824 1009.0
1825 1009.0
1826 1009.0
1827 1009.0
1828 1009.0
1829 1009.0
1830 1009.0
1831 1009.0
1832 1009.0
1833 1009.0
1834 1009.0
1835 1009.0
1836 1009.0
1837 1009.0
1838 1009.0
1839 1009.0
1840 1009.0
1841 1009.0
1842 1009.0
1843 1009.0
1844 1009.0
1845 1009.0
1846 1009.0
1847 1009.0
1848 1009.0
1849 1009.0
1850 1009.0
1851 1009.0
1852 1009.0
1853 1009.0
1854 1009.0
1855 1009.0
1856 1009.0
1857 1009.0
1858 1009.0
1859 1009.0
1860 1009.0
1861 1009.0
1862 1009.0
1863 1009.0
1864 1009.0
1865 1009.0
1866 1009.0
1867 1009.0
1868 1009.0
1869 1009.0
1870 1009.0
1871 1009.0
1872 1009.0
1873 1009.0
1874 1009.0
1875 1009.0
1876 1009.0
1877 1009.0
1878 1009.0
1879 1009.0
1880 1009.0
1881 1009.0
1882 1009.0
1883 1009.0
1884 1009.0
1885 1009.0
1886 1009.0
1887 1009.0
1888 1009.0
1889 1009.0
1890 1009.0
1891 1009.0
1892 1009.0
1893 1009.0
1894 1009.0
1895 1009.0
1896 1009.0
1897 1009.0
1898 1009.0
1899 1009.0
1900 1009.0
1901 1009.0
1902 1009.0
1903 1009.0
1904 1009.0
1905 1009.0
1906 1009.0
1907 1009.0
1908 1009.0
1909 1009.0
1910 1009.0
1911 1009.0
1912 1009.0
1913 1009.0
1914 1009.0
1915 1009.0
1916 1009.0
1917 1009.0
1918 1009.0
1919 1009.0
1920 1009.0
1921 1009.0
1922 1009.0
1923 1009.0
1924 1009.0
1925 1009.0
1926 1009.0
1927 1009.0
1928 1009.0
1929 1009.0
1930 1009.0
1931 1009.0
1932 1009.0
1933 1009.0
1934 1009.0
1935 1009.0
1936 1009.0
1937 1009.0
1938 1009.0
1939 1009.0
1940 1009.0
1941 1009.0
1942 1009.0
1943 1009.0
1944 1009.0
1945 1009.0
1946 1009.0
1947 1009.0
1948 1009.0
1949 1009.0
1950 1009.0
1951 1009.0
1952 1009.0
1953 1009.0
1954 1009.0
1955 1009.0
1956 1009.0
1957 1009.0
1958 1009.0
1959 1009.0
1960 1009.0
1961 1009.0
1962 1009.0
1963 1009.0
1964 1009.0
1965 1009.0
1966 1009.0
1967 1009.0
1968 1009.0
1969 1009.0
1970 1009.0
1971 1009.0
1972 1009.0
1973 1009.0
1974 1009.0
1975 1009.0
1976 1009.0
1977 1009.0
1978 1009.0
1979 1009.0
1980 1009.0
1981 1009.0
1982 1009.0
1983 1009.0
1984 1009.0
1985 1009.0
1986 1009.0
1987 1009.0
1988 1009.0
1989 1009.0
1990 1009.0
1991 1009.0
1992 1009.0
1993 1009.0
1994 1009.0
1995 1009.0
1996 1009.0
1997 1009.0
1998 1009.0
1999 1009.0
2000 1009.0
2001 1009.0
2002 1009.0
2003 1009.0
2004 1009.0
2005 1009.0
2006 1009.0
2007 1009.0
2008 1009.0
2009 1009.0
2010 1009.0
2011 1009.0
2012 1009.0
2013 1009.0
2014 1009.0
2015 1009.0
2016 1009.0
2017 1009.0
2018 1009.0
2019 1009.0
2020 1009.0
2021 1009.0
2022 1009.0
2023 1009.0
2024 1009.0
2025 1009.0
2026 1009.0
2027 1009.0
2028 1009.0
2029 1009.0
2030 1009.0
2031 1009.0
2032 1009.0
2033 1009.0
2034 1009.0
2035 1009.0
2036 1009.0
2037 1009.0
2038 1009.0
2039 1009.0
2040 1009.0
2041 1009.0
2042 1009.0
2043 1009.0
2044 1009.0
2045 1009.0
2046 1009.0
2047 1009.0
2048 1009.0
2049 1009.0
2050 1009.0
2051 1009.0
2052 1009.0
2053 1009.0
2054 1009.0
2055 1009.0
2056 1009.0
2057 1009.0
2058 1009.0
2059 1009.0
2060 1009.0
2061 1009.0
2062 1009.0
2063 1009.0
2064 1009.0
2065 1009.0
2066 1009.0
2067 1009.0
2068 1009.0
2069 1009.0
2070 1009.0
2071 1009.0
2072 1009.0
2073 1009.0
2074 1009.0
2075 1009.0
2076 1009.0
2077 1009.0
2078 1009.0
2079 1009.0
2080 1009.0
2081 1009.0
2082 1009.0
2083 1009.0
2084 1009.0
2085 1009.0
2086 1009.0
2087 1009.0
2088 1009.0
2089 1009.0
2090 1009.0
2091 1009.0
2092 1009.0
2093 1009.0
2094 1009.0
2095 1009.0
2096 1009.0
2097 1009.0
2098 1009.0
2099 1009.0
2100 1009.0
2101 1009.0
2102 1009.0
2103 1009.0
2104 1009.0
2105 1009.0
2106 1009.0
2107 1009.0
2108 1009.0
2109 1009.0
2110 1009.0
2111 1009.0
2112 1009.0
2113 1009.0
2114 1009.0
2115 1009.0
2116 1009.0
2117 1009.0
2118 1009.0
2119 1009.0
2120 1009.0
2121 1009.0
2122 1009.0
2123 1009.0
2124 1009.0
2125 1009.0
2126 1009.0
2127 1009.0
2128 1009.0
2129 1009.0
2130 1009.0
2131 1009.0
2132 1009.0
2133 1009.0
2134 1009.0
2135 1009.0
2136 1009.0
2137 1009.0
2138 1009.0
2139 1009.0
2140 1009.0
2141 1009.0
2142 1009.0
2143 1009.0
2144 1009.0
2145 1009.0
2146 1009.0
2147 1009.0
2148 1009.0
2149 1009.0
2150 1009.0
2151 1009.0
2152 1009.0
2153 1009.0
2154 1009.0
2155 1009.0
2156 1009.0
2157 1009.0
2158 1009.0
2159 1009.0
2160 1009.0
2161 1009.0
2162 1009.0
2163 1009.0
2164 1009.0
2165 1009.0
2166 1009.0
2167 1009.0
2168 1009.0
2169 1009.0
2170 1009.0
2171 1009.0
2172 1009.0
2173 1009.0
2174 1009.0
2175 1009.0
2176 1009.0
2177 1009.0
2178 1009.0
2179 1009.0
2180 1009.0
2181 1009.0
2182 1009.0
2183 1009.0
2184 1009.0
2185 1009.0
2186 1009.0
2187 1009.0
2188 1009.0
2189 1009.0
2190 1009.0
2191 1009.0
2192 1009.0
2193 1009.0
2194 1009.0
2195 1009.0
2196 1009.0
2197 1009.0
2198 1009.0
2199 1009.0
2200 1009.0
2201 1009.0
2202 1009.0
2203 1009.0
2204 1009.0
2205 1009.0
2206 1009.0
2207 1009.0
2208 1009.0
2209 1009.0
2210 1009.0
2211 1009.0
2212 1009.0
2213 1009.0
2214 1009.0
2215 1009.0
2216 1009.0
2217 1009.0
2218 1009.0
2219 1009.0
2220 1009.0
2221 1009.0
2222 1009.0
2223 1009.0
2224 1009.0
2225 1009.0
2226 1009.0
2227 1009.0
2228 1009.0
2229 1009.0
2230 1009.0
2231 1009.0
2232 1009.0
2233 1009.0
2234 1009.0
2235 1009.0
2236 1009.0
2237 1009.0
2238 1009.0
2239 1009.0
2240 1009.0
2241 1009.0
2242 1009.0
2243 1009.0
2244 1009.0
2245 1009.0
2246 1009.0
2247 1009.0
2248 1009.0
2249 1009.0
2250 1009.0
2251 1009.0
2252 1009.0
2253 1009.0
2254 1009.0
2255 1009.0
2256 1009.0
2257 1009.0
2258 1009.0
2259 1009.0
2260 1009.0
2261 1009.0
2262 1009.0
2263 1009.0
2264 1009.0
2265 1009.0
2266 1009.0
2267 1009.0
2268 1009.0
2269 1009.0
2270 1009.0
2271 1009.0
2272 1009.0
2273 1009.0
2274 1009.0
2275 1009.0
2276 1009.0
2277 1009.0
2278 1009.0
2279 1009.0
2280 1009.0
2281 1009.0
2282 1009.0
2283 1009.0
2284 1009.0
2285 1009.0
2286 1009.0
2287 1009.0
2288 1009.0
2289 1009.0
2290 1009.0
2291 1009.0
2292 1009.0
2293 1009.0
2294 1009.0
2295 1009.0
2296 1009.0
2297 1009.0
2298 1009.0
2299 1009.0
2300 1009.0
2301 1009.0
2302 1009.0
2303 1009.0
2304 1009.0
2305 1009.0
2306 1009.0
2307 1009.0
2308 1009.0
2309 1009.0
2310 1009.0
2311 1009.0
2312 1009.0
2313 1009.0
2314 1009.0
2315 1009.0
2316 1009.0
2317 1009.0
2318 1009.0
2319 1009.0
2320 1009.0
2321 1009.0
2322 1009.0
2323 1009.0
2324 1009.0
2325 1009.0
2326 1009.0
2327 1009.0
2328 1009.0
2329 1009.0
2330 1009.0
2331 1009.0
2332 1009.0
2333 1009.0
2334 1009.0
2335 1009.0
2336 1009.0
2337 1009.0
2338 1009.0
2339 1009.0
2340 1009.0
2341 1009.0
2342 1009.0
2343 1009.0
2344 1009.0
2345 1009.0
2346 1009.0
2347 1009.0
2348 1009.0
2349 1009.0
2350 1009.0
2351 1009.0
2352 1009.0
2353 1009.0
2354 1009.0
2355 1009.0
2356 1009.0
2357 1009.0
2358 1009.0
2359 1009.0
2360 1009.0
2361 1009.0
2362 1009.0
2363 1009.0
2364 1009.0
2365 1009.0
2366 1009.0
2367 1009.0
2368 1009.0
2369 1009.0
2370 1009.0
2371 1009.0
2372 1009.0
2373 1009.0
2374 1009.0
2375 1009.0
2376 1009.0
2377 1009.0
2378 1009.0
2379 1009.0
2380 1009.0
2381 1009.0
2382 1009.0
2383 1009.0
2384 1009.0
2385 1009.0
2386 1009.0
2387 1009.0
2388 1009.0
2389 1009.0
2390 1009.0
2391 1009.0
2392 1009.0
2393 1009.0
2394 1009.0
2395 1009.0
2396 1009.0
2397 1009.0
2398 1009.0
2399 1009.0
2400 1009.0
2401 1009.0
2402 1009.0
2403 1009.0
2404 1009.0
2405 1009.0
2406 1009.0
2407 1009.0
2408 1009.0
2409 1009.0
2410 1009.0
2411 1009.0
2412 1009.0
2413 1009.0
2414 1009.0
2415 1009.0
2416 1009.0
2417 1009.0
2418 1009.0
2419 1009.0
2420 1009.0
2421 1009.0
2422 1009.0
2423 1009.0
2424 1009.0
2425 1009.0
2426 1009.0
2427 1009.0
2428 1009.0
2429 1009.0
2430 1009.0
2431 1009.0
2432 1009.0
2433 1009.0
2434 1009.0
2435 1009.0
2436 1009.0
2437 1009.0
2438 1009.0
2439 1009.0
2440 1009.0
2441 1009.0
2442 1009.0
2443 1009.0
2444 1009.0
2445 1009.0
2446 1009.0
2447 1009.0
2448 1009.0
2449 1009.0
2450 1009.0
2451 1009.0
2452 1009.0
2453 1009.0
2454 1009.0
2455 1009.0
2456 1009.0
2457 1009.0
2458 1009.0
2459 1009.0
2460 1009.0
2461 1009.0
2462 1009.0
2463 1009.0
2464 1009.0
2465 1009.0
2466 1009.0
2467 1009.0
2468 1009.0
2469 1009.0
2470 1009.0
2471 1009.0
2472 1009.0
2473 1009.0
2474 1009.0
2475 1009.0
2476 1009.0
2477 1009.0
2478 1009.0
2479 1009.0
2480 1009.0
2481 1009.0
2482 1009.0
2483 1009.0
2484 1009.0
2485 1009.0
2486 1009.0
2487 1009.0
2488 1009.0
2489 1009.0
2490 1009.0
2491 1009.0
2492 1009.0
2493 1009.0
2494 1009.0
2495 1009.0
2496 1009.0
2497 1009.0
2498 1009.0
2499 1009.0
2500 1009.0
2501 1009.0
2502 1009.0
2503 1009.0
2504 1009.0
2505 1009.0
2506 1009.0
2507 1009.0
2508 1009.0
2509 1009.0
2510 1009.0
2511 1009.0
2512 1009.0
2513 1009.0
2514 1009.0
2515 1009.0
2516 1009.0
2517 1009.0
2518 1009.0
2519 1009.0
2520 1009.0
2521 1009.0
2522 1009.0
2523 1009.0
2524 1009.0
2525 1009.0
2526 1009.0
2527 1009.0
2528 1009.0
2529 1009.0
2530 1009.0
2531 1009.0
2532 1009.0
2533 1009.0
2534 1009.0
2535 1009.0
2536 1009.0
2537 1009.0
2538 1009.0
2539 1009.0
2540 1009.0
2541 1009.0
2542 1009.0
2543 1009.0
2544 1009.0
2545 1009.0
2546 1009.0
2547 1009.0
2548 1009.0
2549 1009.0
2550 1009.0
2551 1009.0
2552 1009.0
2553 1009.0
2554 1009.0
2555 1009.0
2556 1009.0
2557 1009.0
2558 1009.0
2559 1009.0
2560 1009.0
2561 1009.0
2562 1009.0
2563 1009.0
2564 1009.0
2565 1009.0
2566 1009.0
2567 1009.0
2568 1009.0
2569 1009.0
2570 1009.0
2571 1009.0
2572 1009.0
2573 1009.0
2574 1009.0
2575 1009.0
2576 1009.0
2577 1009.0
2578 1009.0
2579 1009.0
2580 1009.0
2581 1009.0
2582 1009.0
2583 1009.0
2584 1009.0
2585 1009.0
2586 1009.0
2587 1009.0
2588 1009.0
2589 1009.0
2590 1009.0
2591 1009.0
2592 1009.0
2593 1009.0
2594 1009.0
2595 1009.0
2596 1009.0
2597 1009.0
2598 1009.0
2599 1009.0
2600 1009.0
2601 1009.0
2602 1009.0
2603 1009.0
2604 1009.0
2605 1009.0
2606 1009.0
2607 1009.0
2608 1009.0
2609 1009.0
2610 1009.0
2611 1009.0
2612 1009.0
2613 1009.0
2614 1009.0
2615 1009.0
2616 1009.0
2617 1009.0
2618 1009.0
2619 1009.0
2620 1009.0
2621 1009.0
2622 1009.0
2623 1009.0
2624 1009.0
2625 1009.0
2626 1009.0
2627 1009.0
2628 1009.0
2629 1009.0
2630 1009.0
2631 1009.0
2632 1009.0
2633 1009.0
2634 1009.0
2635 1009.0
2636 1009.0
2637 1009.0
2638 1009.0
2639 1009.0
2640 1009.0
2641 1009.0
2642 1009.0
2643 1009.0
2644 1009.0
2645 1009.0
2646 1009.0
2647 1009.0
2648 1009.0
2649 1009.0
2650 1009.0
2651 1009.0
2652 1009.0
2653 1009.0
2654 1009.0
2655 1009.0
2656 1009.0
2657 1009.0
2658 1009.0
2659 1009.0
2660 1009.0
2661 1009.0
2662 1009.0
2663 1009.0
2664 1009.0
2665 1009.0
2666 1009.0
2667 1009.0
2668 1009.0
2669 1009.0
2670 1009.0
2671 1009.0
2672 1009.0
2673 1009.0
2674 1009.0
2675 1009.0
2676 1009.0
2677 1009.0
2678 1009.0
2679 1009.0
2680 1009.0
2681 1009.0
2682 1009.0
2683 1009.0
2684 1009.0
2685 1009.0
2686 1009.0
2687 1009.0
2688 1009.0
2689 1009.0
2690 1009.0
2691 1009.0
2692 1009.0
2693 1009.0
2694 1009.0
2695 1009.0
2696 1009.0
2697 1009.0
2698 1009.0
2699 1009.0
2700 1009.0
2701 1009.0
2702 1009.0
2703 1009.0
2704 1009.0
2705 1009.0
2706 1009.0
2707 1009.0
2708 1009.0
2709 1009.0
2710 1009.0
2711 1009.0
2712 1009.0
2713 1009.0
2714 1009.0
2715 1009.0
2716 1009.0
2717 1009.0
2718 1009.0
2719 1009.0
2720 1009.0
2721 1009.0
2722 1009.0
2723 1009.0
2724 1009.0
2725 1009.0
2726 1009.0
2727 1009.0
2728 1009.0
2729 1009.0
2730 1009.0
2731 1009.0
2732 1009.0
2733 1009.0
2734 1009.0
2735 1009.0
2736 1009.0
2737 1009.0
2738 1009.0
2739 1009.0
2740 1009.0
2741 1009.0
2742 1009.0
2743 1009.0
2744 1009.0
2745 1009.0
2746 1009.0
2747 1009.0
2748 1009.0
2749 1009.0
2750 1009.0
2751 1009.0
2752 1009.0
2753 1009.0
2754 1009.0
2755 1009.0
2756 1009.0
2757 1009.0
2758 1009.0
2759 1009.0
2760 1009.0
2761 1009.0
2762 1009.0
2763 1009.0
2764 1009.0
2765 1009.0
2766 1009.0
2767 1009.0
2768 1009.0
2769 1009.0
2770 1009.0
2771 1009.0
2772 1009.0
2773 1009.0
2774 1009.0
2775 1009.0
2776 1009.0
2777 1009.0
2778 1009.0
2779 1009.0
2780 1009.0
2781 1009.0
2782 1009.0
2783 1009.0
2784 1009.0
2785 1009.0
2786 1009.0
2787 1009.0
2788 1009.0
2789 1009.0
2790 1009.0
2791 1009.0
2792 1009.0
2793 1009.0
2794 1009.0
2795 1009.0
2796 1009.0
2797 1009.0
2798 1009.0
2799 1009.0
2800 1009.0
2801 1009.0
2802 1009.0
2803 1009.0
2804 1009.0
2805 1009.0
2806 1009.0
2807 1009.0
2808 1009.0
2809 1009.0
2810 1009.0
2811 1009.0
2812 1009.0
2813 1009.0
2814 1009.0
2815 1009.0
2816 1009.0
2817 1009.0
2818 1009.0
2819 1009.0
2820 1009.0
2821 1009.0
2822 1009.0
2823 1009.0
2824 1009.0
2825 1009.0
2826 1009.0
2827 1009.0
2828 1009.0
2829 1009.0
2830 1009.0
2831 1009.0
2832 1009.0
2833 1009.0
2834 1009.0
2835 1009.0
2836 1009.0
2837 1009.0
2838 1009.0
2839 1009.0
2840 1009.0
2841 1009.0
2842 1009.0
2843 1009.0
2844 1009.0
2845 1009.0
2846 1009.0
2847 1009.0
2848 1009.0
2849 1009.0
2850 1009.0
2851 1009.0
2852 1009.0
2853 1009.0
2854 1009.0
2855 1009.0
2856 1009.0
2857 1009.0
2858 1009.0
2859 1009.0
2860 1009.0
2861 1009.0
2862 1009.0
2863 1009.0
2864 1009.0
2865 1009.0
2866 1009.0
2867 1009.0
2868 1009.0
2869 1009.0
2870 1009.0
2871 1009.0
2872 1009.0
2873 1009.0
2874 1009.0
2875 1009.0
2876 1009.0
2877 1009.0
2878 1009.0
2879 1009.0
2880 1009.0
2881 1009.0
2882 1009.0
2883 1009.0
2884 1009.0
2885 1009.0
2886 1009.0
2887 1009.0
2888 1009.0
2889 1009.0
2890 1009.0
2891 1009.0
2892 1009.0
2893 1009.0
2894 1009.0
2895 1009.0
2896 1009.0
2897 1009.0
2898 1009.0
2899 1009.0
2900 1009.0
2901 1009.0
2902 1009.0
2903 1009.0
2904 1009.0
2905 1009.0
2906 1009.0
2907 1009.0
2908 1009.0
2909 1009.0
2910 1009.0
2911 1009.0
2912 1009.0
2913 1009.0
2914 1009.0
2915 1009.0
2916 1009.0
2917 1009.0
2918 1009.0
2919 1009.0
2920 1009.0
2921 1009.0
2922 1009.0
2923 1009.0
2924 1009.0
2925 1009.0
2926 1009.0
2927 1009.0
2928 1009.0
2929 1009.0
2930 1009.0
2931 1009.0
2932 1009.0
2933 1009.0
2934 1009.0
2935 1009.0
2936 1009.0
2937 1009.0
2938 1009.0
2939 1009.0
2940 1009.0
2941 1009.0
2942 1009.0
2943 1009.0
2944 1009.0
2945 1009.0
2946 1009.0
2947 1009.0
2948 1009.0
2949 1009.0
2950 1009.0
2951 1009.0
2952 1009.0
2953 1009.0
2954 1009.0
2955 1009.0
2956 1009.0
2957 1009.0
2958 1009.0
2959 1009.0
2960 1009.0
2961 1009.0
2962 1009.0
2963 1009.0
2964 1009.0
2965 1009.0
2966 1009.0
2967 1009.0
2968 1009.0
2969 1009.0
2970 1009.0
2971 1009.0
2972 1009.0
2973 1009.0
2974 1009.0
2975 1009.0
2976 1009.0
2977 1009.0
2978 1009.0
2979 1009.0
2980 1009.0
2981 1009.0
2982 1009.0
2983 1009.0
2984 1009.0
2985 1009.0
2986 1009.0
2987 1009.0
2988 1009.0
2989 1009.0
2990 1009.0
2991 1009.0
2992 1009.0
2993 1009.0
2994 1009.0
2995 1009.0
2996 1009.0
2997 1009.0
2998 1009.0
2999 1009.0
3000 1009.0
3001 1009.0
3002 1009.0
3003 1009.0
3004 1009.0
3005 1009.0
3006 1009.0
3007 1009.0
3008 1009.0
3009 1009.0
3010 1009.0
3011 1009.0
3012 1009.0
3013 1009.0
3014 1009.0
3015 1009.0
3016 1009.0
3017 1009.0
3018 1009.0
3019 1009.0
3020 1009.0
3021 1009.0
3022 1009.0
3023 1009.0
3024 1009.0
3025 1009.0
3026 1009.0
3027 1009.0
3028 1009.0
3029 1009.0
3030 1009.0
3031 1009.0
3032 1009.0
3033 1009.0
3034 1009.0
3035 1009.0
3036 1009.0
3037 1009.0
3038 1009.0
3039 1009.0
3040 1009.0
3041 1009.0
3042 1009.0
3043 1009.0
3044 1009.0
3045 1009.0
3046 1009.0
3047 1009.0
3048 1009.0
3049 1009.0
3050 1009.0
3051 1009.0
3052 1009.0
3053 1009.0
3054 1009.0
3055 1009.0
3056 1009.0
3057 1009.0
3058 1009.0
3059 1009.0
3060 1009.0
3061 1009.0
3062 1009.0
3063 1009.0
3064 1009.0
3065 1009.0
3066 1009.0
3067 1009.0
3068 1009.0
3069 1009.0
3070 1009.0
3071 1009.0
3072 1009.0
3073 1009.0
3074 1009.0
3075 1009.0
3076 1009.0
3077 1009.0
3078 1009.0
3079 1009.0
3080 1009.0
3081 1009.0
3082 1009.0
3083 1009.0
3084 1009.0
3085 1009.0
3086 1009.0
3087 1009.0
3088 1009.0
3089 1009.0
3090 1009.0
3091 1009.0
3092 1009.0
3093 1009.0
3094 1009.0
3095 1009.0
3096 1009.0
3097 1009.0
3098 1009.0
3099 1009.0
3100 1009.0
3101 1009.0
3102 1009.0
3103 1009.0
3104 1009.0
3105 1009.0
3106 1009.0
3107 1009.0
3108 1009.0
3109 1009.0
3110 1009.0
3111 1009.0
3112 1009.0
3113 1009.0
3114 1009.0
3115 1009.0
3116 1009.0
3117 1009.0
3118 1009.0
3119 1009.0
3120 1009.0
3121 1009.0
3122 1009.0
3123 1009.0
3124 1009.0
3125 1009.0
3126 1009.0
3127 1009.0
3128 1009.0
3129 1009.0
3130 1009.0
3131 1009.0
3132 1009.0
3133 1009.0
3134 1009.0
3135 1009.0
3136 1009.0
3137 1009.0
3138 1009.0
3139 1009.0
3140 1009.0
3141 1009.0
3142 1009.0
3143 1009.0
3144 1009.0
3145 1009.0
3146 1009.0
3147 1009.0
3148 1009.0
3149 1009.0
3150 1009.0
3151 1009.0
3152 1009.0
3153 1009.0
3154 1009.0
3155 1009.0
3156 1009.0
3157 1009.0
3158 1009.0
3159 1009.0
3160 1009.0
3161 1009.0
3162 1009.0
3163 1009.0
3164 1009.0
3165 1009.0
3166 1009.0
3167 1009.0
3168 1009.0
3169 1009.0
3170 1009.0
3171 1009.0
3172 1009.0
3173 1009.0
3174 1009.0
3175 1009.0
3176 1009.0
3177 1009.0
3178 1009.0
3179 1009.0
3180 1009.0
3181 1009.0
3182 1009.0
3183 1009.0
3184 1009.0
3185 1009.0
3186 1009.0
3187 1009.0
3188 1009.0
3189 1009.0
3190 1009.0
3191 1009.0
3192 1009.0
3193 1009.0
3194 1009.0
3195 1009.0
3196 1009.0
3197 1009.0
3198 1009.0
3199 1009.0
3200 1009.0
3201 1009.0
3202 1009.0
3203 1009.0
3204 1009.0
3205 1009.0
3206 1009.0
3207 1009.0
3208 1009.0
3209 1009.0
3210 1009.0
3211 1009.0
3212 1009.0
3213 1009.0
3214 1009.0
3215 1009.0
3216 1009.0
3217 1009.0
3218 1009.0
3219 1009.0
3220 1009.0
3221 1009.0
3222 1009.0
3223 1009.0
3224 1009.0
3225 1009.0
3226 1009.0
3227 1009.0
3228 1009.0
3229 1009.0
3230 1009.0
3231 1009.0
3232 1009.0
3233 1009.0
3234 1009.0
3235 1009.0
3236 1009.0
3237 1009.0
3238 1009.0
3239 1009.0
3240 1009.0
3241 1009.0
3242 1009.0
3243 1009.0
3244 1009.0
3245 1009.0
3246 1009.0
3247 1009.0
3248 1009.0
3249 1009.0
3250 1009.0
3251 1009.0
3252 1009.0
3253 1009.0
3254 1009.0
3255 1009.0
3256 1009.0
3257 1009.0
3258 1009.0
3259 1009.0
3260 1009.0
3261 1009.0
3262 1009.0
3263 1009.0
3264 1009.0
3265 1009.0
3266 1009.0
3267 1009.0
3268 1009.0
3269 1009.0
3270 1009.0
3271 1009.0
3272 1009.0
3273 1009.0
3274 1009.0
3275 1009.0
3276 1009.0
3277 1009.0
3278 1009.0
3279 1009.0
3280 1009.0
3281 1009.0
3282 1009.0
3283 1009.0
3284 1009.0
3285 1009.0
3286 1009.0
3287 1009.0
3288 1009.0
3289 1009.0
3290 1009.0
3291 1009.0
3292 1009.0
3293 1009.0
3294 1009.0
3295 1009.0
3296 1009.0
3297 1009.0
3298 1009.0
3299 1009.0
3300 1009.0
3301 1009.0
3302 1009.0
3303 1009.0
3304 1009.0
3305 1009.0
3306 1009.0
3307 1009.0
3308 1009.0
3309 1009.0
3310 1009.0
3311 1009.0
3312 1009.0
3313 1009.0
3314 1009.0
3315 1009.0
3316 1009.0
3317 1009.0
3318 1009.0
3319 1009.0
3320 1009.0
3321 1009.0
3322 1009.0
3323 1009.0
3324 1009.0
3325 1009.0
3326 1009.0
3327 1009.0
3328 1009.0
3329 1009.0
3330 1009.0
3331 1009.0
3332 1009.0
3333 1009.0
3334 1009.0
3335 1009.0
3336 1009.0
3337 1009.0
3338 1009.0
3339 1009.0
3340 1009.0
3341 1009.0
3342 1009.0
3343 1009.0
3344 1009.0
3345 1009.0
3346 1009.0
3347 1009.0
3348 1009.0
3349 1009.0
3350 1009.0
3351 1009.0
3352 1009.0
3353 1009.0
3354 1009.0
3355 1009.0
3356 1009.0
3357 1009.0
3358 1009.0
3359 1009.0
3360 1009.0
3361 1009.0
3362 1009.0
3363 1009.0
3364 1009.0
3365 1009.0
3366 1009.0
3367 1009.0
3368 1009.0
3369 1009.0
3370 1009.0
3371 1009.0
3372 1009.0
3373 1009.0
3374 1009.0
3375 1009.0
3376 1009.0
3377 1009.0
3378 1009.0
3379 1009.0
3380 1009.0
3381 1009.0
3382 1009.0
3383 1009.0
3384 1009.0
3385 1009.0
3386 1009.0
3387 1009.0
3388 1009.0
3389 1009.0
3390 1009.0
3391 1009.0
3392 1009.0
3393 1009.0
3394 1009.0
3395 1009.0
3396 1009.0
3397 1009.0
3398 1009.0
3399 1009.0
3400 1009.0
3401 1009.0
3402 1009.0
3403 1009.0
3404 1009.0
3405 1009.0
3406 1009.0
3407 1009.0
3408 1009.0
3409 1009.0
3410 1009.0
3411 1009.0
3412 1009.0
3413 1009.0
3414 1009.0
3415 1009.0
3416 1009.0
3417 1009.0
3418 1009.0
3419 1009.0
3420 1009.0
3421 1009.0
3422 1009.0
3423 1009.0
3424 1009.0
3425 1009.0
3426 1009.0
3427 1009.0
3428 1009.0
3429 1009.0
3430 1009.0
3431 1009.0
3432 1009.0
3433 1009.0
3434 1009.0
3435 1009.0
3436 1009.0
3437 1009.0
3438 1009.0
3439 1009.0
3440 1009.0
3441 1009.0
3442 1009.0
3443 1009.0
3444 1009.0
3445 1009.0
3446 1009.0
3447 1009.0
3448 1009.0
3449 1009.0
3450 1009.0
3451 1009.0
3452 1009.0
3453 1009.0
3454 1009.0
3455 1009.0
3456 1009.0
3457 1009.0
3458 1009.0
3459 1009.0
3460 1009.0
3461 1009.0
3462 1009.0
3463 1009.0
3464 1009.0
3465 1009.0
3466 1009.0
3467 1009.0
3468 1009.0
3469 1009.0
3470 1009.0
3471 1009.0
3472 1009.0
3473 1009.0
3474 1009.0
3475 1009.0
3476 1009.0
3477 1009.0
3478 1009.0
3479 1009.0
3480 1009.0
3481 1009.0
3482 1009.0
3483 1009.0
3484 1009.0
3485 1009.0
3486 1009.0
3487 1009.0
3488 1009.0
3489 1009.0
3490 1009.0
3491 1009.0
3492 1009.0
3493 1009.0
3494 1009.0
3495 1009.0
3496 1009.0
3497 1009.0
3498 1009.0
3499 1009.0
3500 1009.0
3501 1009.0
3502 1009.0
3503 1009.0
3504 1009.0
3505 1009.0
3506 1009.0
3507 1009.0
3508 1009.0
3509 1009.0
3510 1009.0
3511 1009.0
3512 1009.0
3513 1009.0
3514 1009.0
3515 1009.0
3516 1009.0
3517 1009.0
3518 1009.0
3519 1009.0
3520 1009.0
3521 1009.0
3522 1009.0
3523 1009.0
3524 1009.0
3525 1009.0
3526 1009.0
3527 1009.0
3528 1009.0
3529 1009.0
3530 1009.0
3531 1009.0
3532 1009.0
3533 1009.0
3534 1009.0
3535 1009.0
3536 1009.0
3537 1009.0
3538 1009.0
3539 1009.0
3540 1009.0
3541 1009.0
3542 1009.0
3543 1009.0
3544 1009.0
3545 1009.0
3546 1009.0
3547 1009.0
3548 1009.0
3549 1009.0
3550 1009.0
3551 1009.0
3552 1009.0
3553 1009.0
3554 1009.0
3555 1009.0
3556 1009.0
3557 1009.0
3558 1009.0
3559 1009.0
3560 1009.0
3561 1009.0
3562 1009.0
3563 1009.0
3564 1009.0
3565 1009.0
3566 1009.0
3567 1009.0
3568 1009.0
3569 1009.0
3570 1009.0
3571 1009.0
3572 1009.0
3573 1009.0
3574 1009.0
3575 1009.0
3576 1009.0
3577 1009.0
3578 1009.0
3579 1009.0
3580 1009.0
3581 1009.0
3582 1009.0
3583 1009.0
3584 1009.0
3585 1009.0
3586 1009.0
3587 1009.0
3588 1009.0
3589 1009.0
3590 1009.0
3591 1009.0
3592 1009.0
3593 1009.0
3594 1009.0
3595 1009.0
3596 1009.0
3597 1009.0
3598 1009.0
3599 1009.0
3600 1009.0
3601 1009.0
3602 1009.0
3603 1009.0
3604 1009.0
3605 1009.0
3606 1009.0
3607 1009.0
3608 1009.0
3609 1009.0
3610 1009.0
3611 1009.0
3612 1009.0
3613 1009.0
3614 1009.0
3615 1009.0
3616 1009.0
3617 1009.0
3618 1009.0
3619 1009.0
3620 1009.0
3621 1009.0
3622 1009.0
3623 1009.0
3624 1009.0
3625 1009.0
3626 1009.0
3627 1009.0
3628 1009.0
3629 1009.0
3630 1009.0
3631 1009.0
3632 1009.0
3633 1009.0
3634 1009.0
3635 1009.0
3636 1009.0
3637 1009.0
3638 1009.0
3639 1009.0
3640 1009.0
3641 1009.0
3642 1009.0
3643 1009.0
3644 1009.0
3645 1009.0
3646 1009.0
3647 1009.0
3648 1009.0
3649 1009.0
3650 1009.0
3651 1009.0
3652 1009.0
3653 1009.0
3654 1009.0
3655 1009.0
3656 1009.0
3657 1009.0
3658 1009.0
3659 1009.0
3660 1009.0
3661 1009.0
3662 1009.0
3663 1009.0
3664 1009.0
3665 1009.0
3666 1009.0
3667 1009.0
3668 1009.0
3669 1009.0
3670 1009.0
3671 1009.0
3672 1009.0
3673 1009.0
3674 1009.0
3675 1009.0
3676 1009.0
3677 1009.0
3678 1009.0
3679 1009.0
3680 1009.0
3681 1009.0
3682 1009.0
3683 1009.0
3684 1009.0
3685 1009.0
3686 1009.0
3687 1009.0
3688 1009.0
3689 1009.0
3690 1009.0
3691 1009.0
3692 1009.0
3693 1009.0
3694 1009.0
3695 1009.0
3696 1009.0
3697 1009.0
3698 1009.0
3699 1009.0
3700 1009.0
3701 1009.0
3702 1009.0
3703 1009.0
3704 1009.0
3705 1009.0
3706 1009.0
3707 1009.0
3708 1009.0
3709 1009.0
3710 1009.0
3711 1009.0
3712 1009.0
3713 1009.0
3714 1009.0
3715 1009.0
3716 1009.0
3717 1009.0
3718 1009.0
3719 1009.0
3720 1009.0
3721 1009.0
3722 1009.0
3723 1009.0
3724 1009.0
3725 1009.0
3726 1009.0
3727 1009.0
3728 1009.0
3729 1009.0
3730 1009.0
3731 1009.0
3732 1009.0
3733 1009.0
3734 1009.0
3735 1009.0
3736 1009.0
3737 1009.0
3738 1009.0
3739 1009.0
3740 1009.0
3741 1009.0
3742 1009.0
3743 1009.0
3744 1009.0
3745 1009.0
3746 1009.0
3747 1009.0
3748 1009.0
3749 1009.0
3750 1009.0
3751 1009.0
3752 1009.0
3753 1009.0
3754 1009.0
3755 1009.0
3756 1009.0
3757 1009.0
3758 1009.0
3759 1009.0
3760 1009.0
3761 1009.0
3762 1009.0
3763 1009.0
3764 1009.0
3765 1009.0
3766 1009.0
3767 1009.0
3768 1009.0
3769 1009.0
3770 1009.0
3771 1009.0
3772 1009.0
3773 1009.0
3774 1009.0
3775 1009.0
3776 1009.0
3777 1009.0
3778 1009.0
3779 1009.0
3780 1009.0
3781 1009.0
3782 1009.0
3783 1009.0
3784 1009.0
3785 1009.0
3786 1009.0
3787 1009.0
3788 1009.0
3789 1009.0
3790 1009.0
3791 1009.0
3792 1009.0
3793 1009.0
3794 1009.0
3795 1009.0
3796 1009.0
3797 1009.0
3798 1009.0
3799 1009.0
3800 1009.0
3801 1009.0
3802 1009.0
3803 1009.0
3804 1009.0
3805 1009.0
3806 1009.0
3807 1009.0
3808 1009.0
3809 1009.0
3810 1009.0
3811 1009.0
3812 1009.0
3813 1009.0
3814 1009.0
3815 1009.0
3816 1009.0
3817 1009.0
3818 1009.0
3819 1009.0
3820 1009.0
3821 1009.0
3822 1009.0
3823 1009.0
3824 1009.0
3825 1009.0
3826 1009.0
3827 1009.0
3828 1009.0
3829 1009.0
3830 1009.0
3831 1009.0
3832 1009.0
3833 1009.0
3834 1009.0
3835 1009.0
3836 1009.0
3837 1009.0
3838 1009.0
3839 1009.0
3840 1009.0
3841 1009.0
3842 1009.0
3843 1009.0
3844 1009.0
3845 1009.0
3846 1009.0
3847 1009.0
3848 1009.0
3849 1009.0
3850 1009.0
3851 1009.0
3852 1009.0
3853 1009.0
3854 1009.0
3855 1009.0
3856 1009.0
3857 1009.0
3858 1009.0
3859 1009.0
3860 1009.0
3861 1009.0
3862 1009.0
3863 1009.0
3864 1009.0
3865 1009.0
3866 1009.0
3867 1009.0
3868 1009.0
3869 1009.0
3870 1009.0
3871 1009.0
3872 1009.0
3873 1009.0
3874 1009.0
3875 1009.0
3876 1009.0
3877 1009.0
3878 1009.0
3879 1009.0
3880 1009.0
3881 1009.0
3882 1009.0
3883 1009.0
3884 1009.0
3885 1009.0
3886 1009.0
3887 1009.0
3888 1009.0
3889 1009.0
3890 1009.0
3891 1009.0
3892 1009.0
3893 1009.0
3894 1009.0
3895 1009.0
3896 1009.0
3897 1009.0
3898 1009.0
3899 1009.0
3900 1009.0
3901 1009.0
3902 1009.0
3903 1009.0
3904 1009.0
3905 1009.0
3906 1009.0
3907 1009.0
3908 1009.0
3909 1009.0
3910 1009.0
3911 1009.0
3912 1009.0
3913 1009.0
3914 1009.0
3915 1009.0
3916 1009.0
3917 1009.0
3918 1009.0
3919 1009.0
3920 1009.0
3921 1009.0
3922 1009.0
3923 1009.0
3924 1009.0
3925 1009.0
3926 1009.0
3927 1009.0
3928 1009.0
3929 1009.0
3930 1009.0
3931 1009.0
3932 1009.0
3933 1009.0
3934 1009.0
3935 1009.0
3936 1009.0
3937 1009.0
3938 1009.0
3939 1009.0
3940 1009.0
3941 1009.0
3942 1009.0
3943 1009.0
3944 1009.0
3945 1009.0
3946 1009.0
3947 1009.0
3948 1009.0
3949 1009.0
3950 1009.0
3951 1009.0
3952 1009.0
3953 1009.0
3954 1009.0
3955 1009.0
3956 1009.0
3957 1009.0
3958 1009.0
3959 1009.0
3960 1009.0
3961 1009.0
3962 1009.0
3963 1009.0
3964 1009.0
3965 1009.0
3966 1009.0
3967 1009.0
3968 1009.0
3969 1009.0
3970 1009.0
3971 1009.0
3972 1009.0
3973 1009.0
3974 1009.0
3975 1009.0
3976 1009.0
3977 1009.0
3978 1009.0
3979 1009.0
3980 1009.0
3981 1009.0
3982 1009.0
3983 1009.0
3984 1009.0
3985 1009.0
3986 1009.0
3987 1009.0
3988 1009.0
3989 1009.0
3990 1009.0
3991 1009.0
3992 1009.0
3993 1009.0
3994 1009.0
3995 1009.0
3996 1009.0
3997 1009.0
3998 1009.0
3999 1009.0
4000 1009.0
4001 1009.0
4002 1009.0
4003 1009.0
4004 1009.0
4005 1009.0
4006 1009.0
4007 1009.0
4008 1009.0
4009 1009.0
4010 1009.0
4011 1009.0
4012 1009.0
4013 1009.0
4014 1009.0
4015 1009.0
4016 1009.0
4017 1009.0
4018 1009.0
4019 1009.0
4020 1009.0
4021 1009.0
4022 1009.0
4023 1009.0
4024 1009.0
4025 1009.0
4026 1009.0
4027 1009.0
4028 1009.0
4029 1009.0
4030 1009.0
4031 1009.0
4032 1009.0
4033 1009.0
4034 1009.0
4035 1009.0
4036 1009.0
4037 1009.0
4038 1009.0
4039 1009.0
4040 1009.0
4041 1009.0
4042 1009.0
4043 1009.0
4044 1009.0
4045 1009.0
4046 1009.0
4047 1009.0
4048 1009.0
4049 1009.0
4050 1009.0
4051 1009.0
4052 1009.0
4053 1009.0
4054 1009.0
4055 1009.0
4056 1009.0
4057 1009.0
4058 1009.0
4059 1009.0
4060 1009.0
4061 1009.0
4062 1009.0
4063 1009.0
4064 1009.0
4065 1009.0
4066 1009.0
4067 1009.0
4068 1009.0
4069 1009.0
4070 1009.0
4071 1009.0
4072 1009.0
4073 1009.0
4074 1009.0
4075 1009.0
4076 1009.0
4077 1009.0
4078 1009.0
4079 1009.0
4080 1009.0
4081 1009.0
4082 1009.0
4083 1009.0
4084 1009.0
4085 1009.0
4086 1009.0
4087 1009.0
4088 1009.0
4089 1009.0
4090 1009.0
4091 1009.0
4092 1009.0
4093 1009.0
4094 1009.0
4095 1009.0
4096 1009.0
4097 1009.0
4098 1009.0
4099 1009.0
4100 1009.0
4101 1009.0
4102 1009.0
4103 1009.0
4104 1009.0
4105 1009.0
4106 1009.0
4107 1009.0
4108 1009.0
4109 1009.0
4110 1009.0
4111 1009.0
4112 1009.0
4113 1009.0
4114 1009.0
4115 1009.0
4116 1009.0
4117 1009.0
4118 1009.0
4119 1009.0
4120 1009.0
4121 1009.0
4122 1009.0
4123 1009.0
4124 1009.0
4125 1009.0
4126 1009.0
4127 1009.0
4128 1009.0
4129 1009.0
4130 1009.0
4131 1009.0
4132 1009.0
4133 1009.0
4134 1009.0
4135 1009.0
4136 1009.0
4137 1009.0
4138 1009.0
4139 1009.0
4140 1009.0
4141 1009.0
4142 1009.0
4143 1009.0
4144 1009.0
4145 1009.0
4146 1009.0
4147 1009.0
4148 1009.0
4149 1009.0
4150 1009.0
4151 1009.0
4152 1009.0
4153 1009.0
4154 1009.0
4155 1009.0
4156 1009.0
4157 1009.0
4158 1009.0
4159 1009.0
4160 1009.0
4161 1009.0
4162 1009.0
4163 1009.0
4164 1009.0
4165 1009.0
4166 1009.0
4167 1009.0
4168 1009.0
4169 1009.0
4170 1009.0
4171 1009.0
4172 1009.0
4173 1009.0
4174 1009.0
4175 1009.0
4176 1009.0
4177 1009.0
4178 1009.0
4179 1009.0
4180 1009.0
4181 1009.0
4182 1009.0
4183 1009.0
4184 1009.0
4185 1009.0
4186 1009.0
4187 1009.0
4188 1009.0
4189 1009.0
4190 1009.0
4191 1009.0
4192 1009.0
4193 1009.0
4194 1009.0
4195 1009.0
4196 1009.0
4197 1009.0
4198 1009.0
4199 1009.0
4200 1009.0
4201 1009.0
4202 1009.0
4203 1009.0
4204 1009.0
4205 1009.0
4206 1009.0
4207 1009.0
4208 1009.0
4209 1009.0
4210 1009.0
4211 1009.0
4212 1009.0
4213 1009.0
4214 1009.0
4215 1009.0
4216 1009.0
4217 1009.0
4218 1009.0
4219 1009.0
4220 1009.0
4221 1009.0
4222 1009.0
4223 1009.0
4224 1009.0
4225 1009.0
4226 1009.0
4227 1009.0
4228 1009.0
4229 1009.0
4230 1009.0
4231 1009.0
4232 1009.0
4233 1009.0
4234 1009.0
4235 1009.0
4236 1009.0
4237 1009.0
4238 1009.0
4239 1009.0
4240 1009.0
4241 1009.0
4242 1009.0
4243 1009.0
4244 1009.0
4245 1009.0
4246 1009.0
4247 1009.0
4248 1009.0
4249 1009.0
4250 1009.0
4251 1009.0
4252 1009.0
4253 1009.0
4254 1009.0
4255 1009.0
4256 1009.0
4257 1009.0
4258 1009.0
4259 1009.0
4260 1009.0
4261 1009.0
4262 1009.0
4263 1009.0
4264 1009.0
4265 1009.0
4266 1009.0
4267 1009.0
4268 1009.0
4269 1009.0
4270 1009.0
4271 1009.0
4272 1009.0
4273 1009.0
4274 1009.0
4275 1009.0
4276 1009.0
4277 1009.0
4278 1009.0
4279 1009.0
4280 1009.0
4281 1009.0
4282 1009.0
4283 1009.0
4284 1009.0
4285 1009.0
4286 1009.0
4287 1009.0
4288 1009.0
4289 1009.0
4290 1009.0
4291 1009.0
4292 1009.0
4293 1009.0
4294 1009.0
4295 1009.0
4296 1009.0
4297 1009.0
4298 1009.0
4299 1009.0
4300 1009.0
4301 1009.0
4302 1009.0
4303 1009.0
4304 1009.0
4305 1009.0
4306 1009.0
4307 1009.0
4308 1009.0
4309 1009.0
4310 1009.0
4311 1009.0
4312 1009.0
4313 1009.0
4314 1009.0
4315 1009.0
4316 1009.0
4317 1009.0
4318 1009.0
4319 1009.0
4320 1009.0
4321 1009.0
4322 1009.0
4323 1009.0
4324 1009.0
4325 1009.0
4326 1009.0
4327 1009.0
4328 1009.0
4329 1009.0
4330 1009.0
4331 1009.0
4332 1009.0
4333 1009.0
4334 1009.0
4335 1009.0
4336 1009.0
4337 1009.0
4338 1009.0
4339 1009.0
4340 1009.0
4341 1009.0
4342 1009.0
4343 1009.0
4344 1009.0
4345 1009.0
4346 1009.0
4347 1009.0
4348 1009.0
4349 1009.0
4350 1009.0
4351 1009.0
4352 1009.0
4353 1009.0
4354 1009.0
4355 1009.0
4356 1009.0
4357 1009.0
4358 1009.0
4359 1009.0
4360 1009.0
4361 1009.0
4362 1009.0
4363 1009.0
4364 1009.0
4365 1009.0
4366 1009.0
4367 1009.0
4368 1009.0
4369 1009.0
4370 1009.0
4371 1009.0
4372 1009.0
4373 1009.0
4374 1009.0
4375 1009.0
4376 1009.0
4377 1009.0
4378 1009.0
4379 1009.0
4380 1009.0
4381 1009.0
4382 1009.0
4383 1009.0
4384 1009.0
4385 1009.0
4386 1009.0
4387 1009.0
4388 1009.0
4389 1009.0
4390 1009.0
4391 1009.0
4392 1009.0
4393 1009.0
4394 1009.0
4395 1009.0
4396 1009.0
4397 1009.0
4398 1009.0
4399 1009.0
4400 1009.0
4401 1009.0
4402 1009.0
4403 1009.0
4404 1009.0
4405 1009.0
4406 1009.0
4407 1009.0
4408 1009.0
4409 1009.0
4410 1009.0
4411 1009.0
4412 1009.0
4413 1009.0
4414 1009.0
4415 1009.0
4416 1009.0
4417 1009.0
4418 1009.0
4419 1009.0
4420 1009.0
4421 1009.0
4422 1009.0
4423 1009.0
4424 1009.0
4425 1009.0
4426 1009.0
4427 1009.0
4428 1009.0
4429 1009.0
4430 1009.0
4431 1009.0
4432 1009.0
4433 1009.0
4434 1009.0
4435 1009.0
4436 1009.0
4437 1009.0
4438 1009.0
4439 1009.0
4440 1009.0
4441 1009.0
4442 1009.0
4443 1009.0
4444 1009.0
4445 1009.0
4446 1009.0
4447 1009.0
4448 1009.0
4449 1009.0
4450 1009.0
4451 1009.0
4452 1009.0
4453 1009.0
4454 1009.0
4455 1009.0
4456 1009.0
4457 1009.0
4458 1009.0
4459 1009.0
4460 1009.0
4461 1009.0
4462 1009.0
4463 1009.0
4464 1009.0
4465 1009.0
4466 1009.0
4467 1009.0
4468 1009.0
4469 1009.0
4470 1009.0
4471 1009.0
4472 1009.0
4473 1009.0
4474 1009.0
4475 1009.0
4476 1009.0
4477 1009.0
4478 1009.0
4479 1009.0
4480 1009.0
4481 1009.0
4482 1009.0
4483 1009.0
4484 1009.0
4485 1009.0
4486 1009.0
4487 1009.0
4488 1009.0
4489 1009.0
4490 1009.0
4491 1009.0
4492 1009.0
4493 1009.0
4494 1009.0
4495 1009.0
4496 1009.0
4497 1009.0
4498 1009.0
4499 1009.0
4500 1009.0
4501 1009.0
4502 1009.0
4503 1009.0
4504 1009.0
4505 1009.0
4506 1009.0
4507 1009.0
4508 1009.0
4509 1009.0
4510 1009.0
4511 1009.0
4512 1009.0
4513 1009.0
4514 1009.0
4515 1009.0
4516 1009.0
4517 1009.0
4518 1009.0
4519 1009.0
4520 1009.0
4521 1009.0
4522 1009.0
4523 1009.0
4524 1009.0
4525 1009.0
4526 1009.0
4527 1009.0
4528 1009.0
4529 1009.0
4530 1009.0
4531 1009.0
4532 1009.0
4533 1009.0
4534 1009.0
4535 1009.0
4536 1009.0
4537 1009.0
4538 1009.0
4539 1009.0
4540 1009.0
4541 1009.0
4542 1009.0
4543 1009.0
4544 1009.0
4545 1009.0
4546 1009.0
4547 1009.0
4548 1009.0
4549 1009.0
4550 1009.0
4551 1009.0
4552 1009.0
4553 1009.0
4554 1009.0
4555 1009.0
4556 1009.0
4557 1009.0
4558 1009.0
4559 1009.0
4560 1009.0
4561 1009.0
4562 1009.0
4563 1009.0
4564 1009.0
4565 1009.0
4566 1009.0
4567 1009.0
4568 1009.0
4569 1009.0
4570 1009.0
4571 1009.0
4572 1009.0
4573 1009.0
4574 1009.0
4575 1009.0
4576 1009.0
4577 1009.0
4578 1009.0
4579 1009.0
4580 1009.0
4581 1009.0
4582 1009.0
4583 1009.0
4584 1009.0
4585 1009.0
4586 1009.0
4587 1009.0
4588 1009.0
4589 1009.0
4590 1009.0
4591 1009.0
4592 1009.0
4593 1009.0
4594 1009.0
4595 1009.0
4596 1009.0
4597 1009.0
4598 1009.0
4599 1009.0
4600 1009.0
4601 1009.0
4602 1009.0
4603 1009.0
4604 1009.0
4605 1009.0
4606 1009.0
4607 1009.0
4608 1009.0
4609 1009.0
4610 1009.0
4611 1009.0
4612 1009.0
4613 1009.0
4614 1009.0
4615 1009.0
4616 1009.0
4617 1009.0
4618 1009.0
4619 1009.0
4620 1009.0
4621 1009.0
4622 1009.0
4623 1009.0
4624 1009.0
4625 1009.0
4626 1009.0
4627 1009.0
4628 1009.0
4629 1009.0
4630 1009.0
4631 1009.0
4632 1009.0
4633 1009.0
4634 1009.0
4635 1009.0
4636 1009.0
4637 1009.0
4638 1009.0
4639 1009.0
4640 1009.0
4641 1009.0
4642 1009.0
4643 1009.0
4644 1009.0
4645 1009.0
4646 1009.0
4647 1009.0
4648 1009.0
4649 1009.0
4650 1009.0
4651 1009.0
4652 1009.0
4653 1009.0
4654 1009.0
4655 1009.0
4656 1009.0
4657 1009.0
4658 1009.0
4659 1009.0
4660 1009.0
4661 1009.0
4662 1009.0
4663 1009.0
4664 1009.0
4665 1009.0
4666 1009.0
4667 1009.0
4668 1009.0
4669 1009.0
4670 1009.0
4671 1009.0
4672 1009.0
4673 1009.0
4674 1009.0
4675 1009.0
4676 1009.0
4677 1009.0
4678 1009.0
4679 1009.0
4680 1009.0
4681 1009.0
4682 1009.0
4683 1009.0
4684 1009.0
4685 1009.0
4686 1009.0
4687 1009.0
4688 1009.0
4689 1009.0
4690 1009.0
4691 1009.0
4692 1009.0
4693 1009.0
4694 1009.0
4695 1009.0
4696 1009.0
4697 1009.0
4698 1009.0
4699 1009.0
4700 1009.0
4701 1009.0
4702 1009.0
4703 1009.0
4704 1009.0
4705 1009.0
4706 1009.0
4707 1009.0
4708 1009.0
4709 1009.0
4710 1009.0
4711 1009.0
4712 1009.0
4713 1009.0
4714 1009.0
4715 1009.0
4716 1009.0
4717 1009.0
4718 1009.0
4719 1009.0
4720 1009.0
4721 1009.0
4722 1009.0
4723 1009.0
4724 1009.0
4725 1009.0
4726 1009.0
4727 1009.0
4728 1009.0
4729 1009.0
4730 1009.0
4731 1009.0
4732 1009.0
4733 1009.0
4734 1009.0
4735 1009.0
4736 1009.0
4737 1009.0
4738 1009.0
4739 1009.0
4740 1009.0
4741 1009.0
4742 1009.0
4743 1009.0
4744 1009.0
4745 1009.0
4746 1009.0
4747 1009.0
4748 1009.0
4749 1009.0
4750 1009.0
4751 1009.0
4752 1009.0
4753 1009.0
4754 1009.0
4755 1009.0
4756 1009.0
4757 1009.0
4758 1009.0
4759 1009.0
4760 1009.0
4761 1009.0
4762 1009.0
4763 1009.0
4764 1009.0
4765 1009.0
4766 1009.0
4767 1009.0
4768 1009.0
4769 1009.0
4770 1009.0
4771 1009.0
4772 1009.0
4773 1009.0
4774 1009.0
4775 1009.0
4776 1009.0
4777 1009.0
4778 1009.0
4779 1009.0
4780 1009.0
4781 1009.0
4782 1009.0
4783 1009.0
4784 1009.0
4785 1009.0
4786 1009.0
4787 1009.0
4788 1009.0
4789 1009.0
4790 1009.0
4791 1009.0
4792 1009.0
4793 1009.0
4794 1009.0
4795 1009.0
4796 1009.0
4797 1009.0
4798 1009.0
4799 1009.0
4800 1009.0
4801 1009.0
4802 1009.0
4803 1009.0
4804 1009.0
4805 1009.0
4806 1009.0
4807 1009.0
4808 1009.0
4809 1009.0
4810 1009.0
4811 1009.0
4812 1009.0
4813 1009.0
4814 1009.0
4815 1009.0
4816 1009.0
4817 1009.0
4818 1009.0
4819 1009.0
4820 1009.0
4821 1009.0
4822 1009.0
4823 1009.0
4824 1009.0
4825 1009.0
4826 1009.0
4827 1009.0
4828 1009.0
4829 1009.0
4830 1009.0
4831 1009.0
4832 1009.0
4833 1009.0
4834 1009.0
4835 1009.0
4836 1009.0
4837 1009.0
4838 1009.0
4839 1009.0
4840 1009.0
4841 1009.0
4842 1009.0
4843 1009.0
4844 1009.0
4845 1009.0
4846 1009.0
4847 1009.0
4848 1009.0
4849 1009.0
4850 1009.0
4851 1009.0
4852 1009.0
4853 1009.0
4854 1009.0
4855 1009.0
4856 1009.0
4857 1009.0
4858 1009.0
4859 1009.0
4860 1009.0
4861 1009.0
4862 1009.0
4863 1009.0
4864 1009.0
4865 1009.0
4866 1009.0
4867 1009.0
4868 1009.0
4869 1009.0
4870 1009.0
4871 1009.0
4872 1009.0
4873 1009.0
4874 1009.0
4875 1009.0
4876 1009.0
4877 1009.0
4878 1009.0
4879 1009.0
4880 1009.0
4881 1009.0
4882 1009.0
4883 1009.0
4884 1009.0
4885 1009.0
4886 1009.0
4887 1009.0
4888 1009.0
4889 1009.0
4890 1009.0
4891 1009.0
4892 1009.0
4893 1009.0
4894 1009.0
4895 1009.0
4896 1009.0
4897 1009.0
4898 1009.0
4899 1009.0
4900 1009.0
4901 1009.0
4902 1009.0
4903 1009.0
4904 1009.0
4905 1009.0
4906 1009.0
4907 1009.0
4908 1009.0
4909 1009.0
4910 1009.0
4911 1009.0
4912 1009.0
4913 1009.0
4914 1009.0
4915 1009.0
4916 1009.0
4917 1009.0
4918 1009.0
4919 1009.0
4920 1009.0
4921 1009.0
4922 1009.0
4923 1009.0
4924 1009.0
4925 1009.0
4926 1009.0
4927 1009.0
4928 1009.0
4929 1009.0
4930 1009.0
4931 1009.0
4932 1009.0
4933 1009.0
4934 1009.0
4935 1009.0
4936 1009.0
4937 1009.0
4938 1009.0
4939 1009.0
4940 1009.0
4941 1009.0
4942 1009.0
4943 1009.0
4944 1009.0
4945 1009.0
4946 1009.0
4947 1009.0
4948 1009.0
4949 1009.0
4950 1009.0
4951 1009.0
4952 1009.0
4953 1009.0
4954 1009.0
4955 1009.0
4956 1009.0
4957 1009.0
4958 1009.0
4959 1009.0
4960 1009.0
4961 1009.0
4962 1009.0
4963 1009.0
4964 1009.0
4965 1009.0
4966 1009.0
4967 1009.0
4968 1009.0
4969 1009.0
4970 1009.0
4971 1009.0
4972 1009.0
4973 1009.0
4974 1009.0
4975 1009.0
4976 1009.0
4977 1009.0
4978 1009.0
4979 1009.0
4980 1009.0
4981 1009.0
4982 1009.0
4983 1009.0
4984 1009.0
4985 1009.0
4986 1009.0
4987 1009.0
4988 1009.0
4989 1009.0
4990 1009.0
4991 1009.0
4992 1009.0
4993 1009.0
4994 1009.0
4995 1009.0
4996 1009.0
4997 1009.0
4998 1009.0
4999 1009.0
