0 1
1 1
2 1
3 1
4 1
5 1
6 1
7 2
8 2
9 2
10 2
11 2
12 2
13 2
14 2
15 2
16 2
17 2
28 3
29 3
30 3
31 3
32 3
33 3
34 3
35 3
36 3
37 3
48 3
49 3
50 3
51 3
52 3
53 3
54 3
55 3
56 3
57 3
68 3
69 3
70 3
71 3
72 3
73 3
74 3
75 3
76 3
77 3
88 3
89 3
90 3
91 3
92 3
93 3
94 3
95 3
96 3
97 3
108 3
109 3
110 3
111 3
112 3
113 3
114 3
115 3
116 3
117 3
128 3
129 3
130 3
131 3
132 3
133 3
134 3
135 3
136 3
137 3
148 3
149 3
150 3
151 3
152 3
153 3
154 3
155 3
156 3
157 3
168 3
169 3
170 3
171 3
172 3
173 3
174 3
175 3
176 3
177 3
188 3
189 3
190 3
191 3
192 3
193 3
194 3
195 3
196 3
197 3
208 3
209 3
210 3
211 3
212 3
213 3
214 3
215 3
216 3
217 3
218 3
229 3
230 3
231 3
232 3
233 3
234 3
235 3
236 3
237 3
238 3
249 3
250 3
251 3
252 3
253 3
254 3
255 3
256 3
257 3
258 3
269 4
270 4
271 4
272 4
273 4
274 4
275 4
276 4
277 4
278 4
289 4
290 4
291 4
292 4
293 4
294 4
295 4
296 4
297 4
298 4
309 4
310 4
311 4
312 4
313 4
314 4
315 4
316 4
317 4
318 4
329 4
330 4
331 4
332 4
333 4
334 4
335 4
336 4
337 4
338 4
349 4
350 4
351 4
352 4
353 4
354 4
355 4
356 4
357 4
358 4
369 4
370 4
371 4
372 4
373 4
374 4
375 4
376 4
377 4
378 4
389 4
390 4
391 4
392 4
393 4
394 4
395 4
396 4
397 4
398 4
409 4
410 4
411 4
412 4
413 4
414 4
415 4
416 4
417 4
418 4
429 4
430 4
431 4
432 4
433 4
434 4
435 4
436 4
437 4
438 4
449 4
450 4
451 4
452 4
453 4
454 4
455 4
456 4
457 4
458 4
469 4
470 4
471 4
472 4
473 4
474 4
475 4
476 4
477 4
478 4
489 4
490 4
491 4
492 4
493 4
494 4
495 4
496 4
497 4
498 4
509 5
510 5
511 5
512 5
513 5
514 5
515 5
516 5
517 5
518 5
519 5
530 5
531 5
532 5
533 5
534 5
535 5
536 5
537 5
538 5
539 5
550 5
551 5
552 5
553 5
554 5
555 5
556 5
557 5
558 5
559 5
570 5
571 5
572 5
573 5
574 5
575 5
576 5
577 5
578 5
579 5
590 5
591 5
592 5
593 5
594 5
595 5
596 5
597 5
598 5
599 5
610 5
611 5
612 5
613 5
614 5
615 5
616 5
617 5
618 5
619 5
630 5
631 5
632 5
633 5
634 5
635 5
636 5
637 5
638 5
639 5
650 4
651 4
652 4
653 4
654 4
655 5
656 5
657 5
658 5
659 5
660 5
661 5
662 5
663 5
664 5
665 5
676 5
677 5
678 5
679 5
680 5
681 5
682 5
683 5
684 5
685 5
696 4
697 4
698 4
699 4
700 4
701 4
702 4
703 4
704 4
705 4
716 4
717 4
718 4
719 4
720 4
721 4
722 4
723 4
724 4
725 4
736 4
737 4
738 4
739 4
740 4
741 4
742 4
743 4
744 4
745 4
756 4
757 4
758 4
759 4
760 4
761 4
762 4
763 4
764 4
765 4
776 4
777 4
778 4
779 4
780 4
781 4
782 4
783 4
784 4
785 4
796 4
797 4
798 4
799 4
800 4
801 4
802 4
803 4
804 5
805 5
806 5
807 5
808 5
809 5
810 5
811 5
812 5
813 5
814 5
825 5
826 5
827 5
828 5
829 5
830 5
831 5
832 5
833 5
834 5
845 4
846 4
847 4
848 4
849 4
850 4
851 4
852 4
853 4
854 4
865 4
866 4
867 4
868 4
869 4
870 4
871 4
872 4
873 4
874 4
885 5
886 5
887 5
888 5
889 5
890 5
891 5
892 5
893 5
894 5
905 5
906 5
907 5
908 5
909 5
910 5
911 5
912 5
913 5
914 5
925 5
926 5
927 5
928 5
929 5
930 5
931 5
932 5
933 5
934 5
945 5
946 5
947 5
948 5
949 5
950 5
951 5
952 5
953 5
954 5
965 4
966 4
967 4
968 4
969 4
970 4
971 4
972 4
973 4
974 4
985 4
986 4
987 4
988 4
989 4
990 4
991 4
992 4
993 4
994 4
1005 4
1006 4
1007 4
1008 4
1009 4
1010 4
1011 4
1012 4
1013 4
1014 4
1025 4
1026 4
1027 4
1028 4
1029 4
1030 4
1031 4
1032 4
1033 4
1034 4
1045 4
1046 4
1047 4
1048 4
1049 4
1050 4
1051 4
1052 4
1053 4
1054 4
1065 4
1066 4
1067 4
1068 4
1069 4
1070 4
1071 4
1072 4
1073 4
1074 4
1085 4
1086 4
1087 4
1088 4
1089 4
1090 4
1091 4
1092 4
1093 4
1094 4
1105 4
1106 4
1107 4
1108 4
1109 4
1110 4
1111 4
1112 4
1113 4
1114 4
1125 4
1126 4
1127 4
1128 4
1129 4
1130 4
1131 4
1132 4
1133 4
1134 4
1145 4
1146 4
1147 4
1148 4
1149 4
1150 4
1151 4
1152 4
1153 4
1154 4
1165 6
1166 6
1167 6
1168 6
1169 6
1170 6
1171 6
1172 6
1173 6
1174 6
1175 6
1186 6
1187 6
1188 6
1189 6
1190 6
1191 6
1192 6
1193 6
1194 6
1195 6
1206 6
1207 6
1208 6
1209 6
1210 6
1211 6
1212 6
1213 6
1214 6
1215 6
1226 6
1227 6
1228 6
1229 6
1230 6
1231 6
1232 6
1233 6
1234 6
1235 6
1246 5
1247 5
1248 5
1249 5
1250 5
1251 5
1252 5
1253 5
1254 5
1255 5
1266 5
1267 5
1268 5
1269 5
1270 5
1271 5
1272 5
1273 5
1274 6
1275 6
1276 6
1277 6
1278 6
1279 6
1280 6
1281 6
1282 6
1283 6
1284 6
1295 6
1296 6
1297 6
1298 6
1299 6
1300 6
1301 6
1302 6
1303 6
1304 6
1315 7
1316 7
1317 7
1318 7
1319 7
1320 7
1321 7
1322 7
1323 7
1324 7
1335 7
1336 8
1337 8
1338 8
1339 8
1340 8
1341 8
1342 8
1343 8
1344 8
1345 8
1346 8
1357 8
1358 8
1359 8
1360 8
1361 8
1362 8
1363 8
1364 8
1365 8
1366 8
1377 8
1378 8
1379 8
1380 8
1381 8
1382 8
1383 8
1384 8
1385 8
1386 8
1397 8
1398 8
1399 8
1400 8
1401 8
1402 8
1403 8
1404 8
1405 8
1406 8
1417 9
1418 9
1419 9
1420 9
1421 9
1422 9
1423 9
1424 9
1425 9
1426 9
1437 9
1438 9
1439 9
1440 9
1441 9
1442 9
1443 9
1444 9
1445 9
1446 9
1457 9
1458 9
1459 9
1460 9
1461 9
1462 9
1463 9
1464 9
1465 9
1466 9
1477 9
1478 9
1479 9
1480 9
1481 9
1482 9
1483 9
1484 9
1485 9
1486 9
1497 9
1498 9
1499 9
1500 9
1501 9
1502 9
1503 9
1504 9
1505 9
1506 9
1517 9
1518 9
1519 9
1520 9
1521 9
1522 9
1523 9
1524 9
1525 9
1526 9
1537 9
1538 9
1539 9
1540 9
1541 9
1542 9
1543 9
1544 9
1545 9
1546 9
1557 9
1558 9
1559 9
1560 9
1561 9
1562 9
1563 9
1564 9
1565 9
1566 9
1577 9
1578 9
1579 9
1580 9
1581 9
1582 9
1583 9
1584 9
1585 9
1586 9
1597 9
1598 9
1599 9
1600 9
1601 9
1602 9
1603 9
1604 9
1605 9
1606 9
1617 8
1618 8
1619 8
1620 8
1621 8
1622 8
1623 8
1624 8
1625 8
1626 8
1637 8
1638 8
1639 8
1640 8
1641 8
1642 8
1643 8
1644 8
1645 8
1646 8
1657 8
1658 8
1659 8
1660 8
1661 8
1662 8
1663 8
1664 8
1665 8
1666 8
1677 8
1678 8
1679 8
1680 8
1681 8
1682 8
1683 8
1684 8
1685 8
1686 8
1697 8
1698 8
1699 8
1700 8
1701 8
1702 8
1703 8
1704 8
1705 8
1706 8
1717 8
1718 8
1719 8
1720 8
1721 8
1722 8
1723 8
1724 8
1725 8
1726 8
1737 7
1738 7
1739 7
1740 7
1741 7
1742 7
1743 7
1744 7
1745 7
1746 7
1757 7
1758 7
1759 7
1760 7
1761 7
1762 7
1763 7
1764 7
1765 7
1766 7
1777 7
1778 7
1779 7
1780 7
1781 7
1782 7
1783 7
1784 7
1785 7
1786 7
1797 7
1798 7
1799 7
1800 7
1801 7
1802 7
1803 7
1804 7
1805 7
1806 7
1817 6
1818 6
1819 6
1820 6
1821 6
1822 6
1823 6
1824 6
1825 6
1826 6
1837 6
1838 6
1839 6
1840 6
1841 6
1842 6
1843 6
1844 6
1845 6
1846 6
1857 6
1858 6
1859 6
1860 6
1861 6
1862 6
1863 6
1864 6
1865 6
1866 6
1877 6
1878 6
1879 6
1880 6
1881 6
1882 6
1883 6
1884 6
1885 6
1886 6
1897 6
1898 6
1899 6
1900 7
1901 7
1902 7
1903 7
1904 7
1905 7
1906 7
1907 7
1908 7
1909 7
1910 7
1921 8
1922 8
1923 8
1924 8
1925 8
1926 8
1927 8
1928 8
1929 8
1930 8
1931 8
1942 8
1943 8
1944 8
1945 8
1946 8
1947 8
1948 8
1949 8
1950 8
1951 8
1962 8
1963 8
1964 8
1965 8
1966 8
1967 8
1968 8
1969 8
1970 8
1971 8
1982 8
1983 8
1984 8
1985 8
1986 8
1987 8
1988 8
1989 8
1990 8
1991 8
2002 8
2003 8
2004 8
2005 8
2006 8
2007 8
2008 8
2009 8
2010 8
2011 8
2022 7
2023 7
2024 7
2025 7
2026 7
2027 7
2028 7
2029 7
2030 7
2031 7
2042 7
2043 7
2044 7
2045 7
2046 7
2047 7
2048 7
2049 7
2050 7
2051 7
2062 7
2063 7
2064 7
2065 7
2066 7
2067 7
2068 7
2069 7
2070 7
2071 7
2082 7
2083 7
2084 7
2085 7
2086 7
2087 7
2088 7
2089 7
2090 7
2091 7
2102 6
2103 6
2104 6
2105 6
2106 6
2107 6
2108 6
2109 6
2110 6
2111 6
2122 6
2123 6
2124 6
2125 6
2126 6
2127 6
2128 6
2129 6
2130 6
2131 6
2142 6
2143 6
2144 6
2145 6
2146 6
2147 6
2148 6
2149 6
2150 6
2151 6
2162 5
2163 5
2164 5
2165 5
2166 5
2167 5
2168 5
2169 5
2170 5
2171 5
2182 5
2183 5
2184 5
2185 5
2186 5
2187 5
2188 5
2189 5
2190 5
2191 5
2202 6
2203 6
2204 6
2205 6
2206 6
2207 6
2208 6
2209 6
2210 6
2211 6
2222 6
2223 6
2224 7
2225 7
2226 7
2227 7
2228 7
2229 7
2230 7
2231 7
2232 7
2233 7
2234 7
2245 7
2246 7
2247 7
2248 7
2249 7
2250 7
2251 7
2252 7
2253 7
2254 7
2265 7
2266 7
2267 7
2268 7
2269 7
2270 7
2271 7
2272 7
2273 7
2274 7
2285 8
2286 8
2287 8
2288 8
2289 8
2290 8
2291 8
2292 8
2293 8
2294 8
2305 8
2306 8
2307 8
2308 8
2309 8
2310 8
2311 8
2312 8
2313 8
2314 8
2325 8
2326 8
2327 8
2328 8
2329 8
2330 8
2331 8
2332 8
2333 8
2334 8
2345 8
2346 8
2347 8
2348 8
2349 8
2350 8
2351 8
2352 8
2353 9
2354 9
2355 9
2356 9
2357 9
2358 9
2359 9
2360 9
2361 9
2362 9
2363 9
2374 9
2375 9
2376 9
2377 9
2378 9
2379 9
2380 9
2381 9
2382 9
2383 9
2394 9
2395 9
2396 9
2397 9
2398 9
2399 9
2400 9
2401 9
2402 9
2403 9
2414 9
2415 9
2416 9
2417 9
2418 9
2419 9
2420 9
2421 9
2422 9
2423 9
2434 9
2435 9
2436 9
2437 9
2438 9
2439 9
2440 9
2441 9
2442 9
2443 9
2454 9
2455 9
2456 9
2457 9
2458 9
2459 9
2460 9
2461 9
2462 9
2463 9
2474 9
2475 9
2476 9
2477 9
2478 9
2479 9
2480 9
2481 9
2482 9
2483 9
2494 8
2495 8
2496 8
2497 8
2498 8
2499 8
2500 8
2501 8
2502 8
2503 8
2514 7
2515 7
2516 7
2517 7
2518 7
2519 7
2520 7
2521 7
2522 7
2523 7
2534 7
2535 7
2536 7
2537 7
2538 7
2539 7
2540 7
2541 7
2542 7
2543 7
2554 7
2555 7
2556 7
2557 7
2558 7
2559 7
2560 7
2561 7
2562 7
2563 7
2574 7
2575 7
2576 7
2577 7
2578 7
2579 7
2580 7
2581 7
2582 7
2583 7
2594 6
2595 6
2596 6
2597 6
2598 6
2599 6
2600 6
2601 6
2602 6
2603 6
2614 6
2615 6
2616 6
2617 6
2618 6
2619 7
2620 7
2621 7
2622 7
2623 7
2624 7
2625 7
2626 7
2627 7
2628 7
2629 7
2640 7
2641 7
2642 7
2643 7
2644 7
2645 7
2646 7
2647 7
2648 7
2649 7
2660 7
2661 7
2662 7
2663 7
2664 7
2665 7
2666 7
2667 7
2668 7
2669 7
2680 7
2681 7
2682 7
2683 7
2684 7
2685 7
2686 7
2687 7
2688 7
2689 7
2700 7
2701 7
2702 7
2703 7
2704 7
2705 7
2706 7
2707 7
2708 7
2709 7
2720 7
2721 7
2722 7
2723 7
2724 7
2725 7
2726 7
2727 7
2728 7
2729 7
2740 8
2741 8
2742 8
2743 8
2744 8
2745 8
2746 9
2747 9
2748 9
2749 9
2750 9
2751 9
2752 9
2753 9
2754 9
2755 9
2756 9
2767 9
2768 9
2769 9
2770 9
2771 9
2772 9
2773 9
2774 9
2775 9
2776 10
2777 10
2778 10
2779 10
2780 10
2781 10
2782 10
2783 10
2784 10
2785 10
2786 10
2797 10
2798 10
2799 10
2800 10
2801 10
2802 10
2803 10
2804 10
2805 10
2806 10
2817 10
2818 10
2819 10
2820 10
2821 10
2822 10
2823 10
2824 10
2825 10
2826 10
2837 10
2838 10
2839 10
2840 10
2841 10
2842 10
2843 10
2844 10
2845 10
2846 10
2857 10
2858 10
2859 10
2860 10
2861 10
2862 10
2863 10
2864 10
2865 10
2866 10
2877 10
2878 10
2879 10
2880 10
2881 10
2882 10
2883 10
2884 10
2885 10
2886 10
2897 10
2898 10
2899 10
2900 10
2901 10
2902 10
2903 10
2904 10
2905 10
2906 10
2917 10
2918 10
2919 10
2920 10
2921 10
2922 10
2923 10
2924 10
2925 10
2926 10
2937 10
2938 10
2939 10
2940 10
2941 10
2942 10
2943 10
2944 10
2945 10
2946 10
2957 10
2958 10
2959 10
2960 10
2961 10
2962 10
2963 10
2964 10
2965 10
2966 10
2977 10
2978 10
2979 10
2980 10
2981 10
2982 10
2983 10
2984 10
2985 10
2986 10
2997 10
2998 10
2999 10
3000 10
3001 10
3002 10
3003 10
3004 10
3005 10
3006 10
3017 10
3018 10
3019 10
3020 10
3021 10
3022 10
3023 10
3024 10
3025 10
3026 10
3037 10
3038 10
3039 10
3040 10
3041 10
3042 10
3043 10
3044 10
3045 10
3046 10
3057 10
3058 10
3059 10
3060 10
3061 10
3062 10
3063 10
3064 10
3065 10
3066 10
3077 10
3078 10
3079 10
3080 10
3081 10
3082 10
3083 10
3084 10
3085 10
3086 10
3097 10
3098 10
3099 10
3100 10
3101 10
3102 10
3103 10
3104 10
3105 10
3106 10
3117 11
3118 11
3119 11
3120 11
3121 11
3122 11
3123 11
3124 11
3125 12
3126 12
3127 12
3128 12
3129 12
3130 12
3131 12
3132 12
3133 12
3134 12
3135 12
3146 12
3147 12
3148 12
3149 12
3150 12
3151 12
3152 12
3153 12
3154 12
3155 12
3166 12
3167 12
3168 12
3169 12
3170 12
3171 12
3172 12
3173 12
3174 12
3175 12
3186 12
3187 12
3188 12
3189 12
3190 12
3191 12
3192 12
3193 12
3194 12
3195 12
3206 9
3207 9
3208 9
3209 9
3210 9
3211 9
3212 9
3213 9
3214 9
3215 9
3226 9
3227 9
3228 9
3229 9
3230 9
3231 9
3232 9
3233 9
3234 9
3235 9
3246 10
3247 10
3248 10
3249 10
3250 10
3251 10
3252 10
3253 10
3254 10
3255 10
3266 11
3267 11
3268 11
3269 11
3270 11
3271 11
3272 11
3273 11
3274 11
3275 11
3286 11
3287 11
3288 11
3289 11
3290 11
3291 11
3292 11
3293 11
3294 11
3295 11
3306 11
3307 11
3308 11
3309 11
3310 11
3311 11
3312 11
3313 11
3314 11
3315 11
3326 11
3327 11
3328 11
3329 11
3330 11
3331 11
3332 11
3333 11
3334 11
3335 11
3346 11
3347 11
3348 11
3349 11
3350 11
3351 11
3352 11
3353 11
3354 11
3355 11
3366 10
3367 10
3368 10
3369 10
3370 10
3371 10
3372 10
3373 10
3374 10
3375 10
3386 10
3387 10
3388 10
3389 10
3390 10
3391 10
3392 10
3393 10
3394 10
3395 10
3406 10
3407 10
3408 10
3409 10
3410 10
3411 10
3412 10
3413 10
3414 10
3415 10
3426 10
3427 10
3428 10
3429 10
3430 10
3431 10
3432 10
3433 10
3434 10
3435 10
3446 10
3447 10
3448 10
3449 10
3450 10
3451 10
3452 10
3453 10
3454 10
3455 10
3466 10
3467 10
3468 10
3469 10
3470 10
3471 10
3472 10
3473 10
3474 10
3475 10
3486 8
3487 8
3488 8
3489 8
3490 8
3491 8
3492 8
3493 8
3494 8
3495 8
3506 8
3507 8
3508 8
3509 9
3510 9
3511 9
3512 9
3513 9
3514 9
3515 10
3516 10
3517 10
3518 10
3519 10
3520 10
3521 10
3522 10
3523 10
3524 10
3525 10
3536 10
3537 10
3538 10
3539 10
3540 10
3541 10
3542 10
3543 10
3544 10
3545 10
3556 10
3557 10
3558 10
3559 10
3560 10
3561 10
3562 10
3563 10
3564 10
3565 10
3576 9
3577 9
3578 9
3579 9
3580 9
3581 9
3582 9
3583 9
3584 9
3585 9
3596 9
3597 9
3598 9
3599 9
3600 9
3601 9
3602 9
3603 9
3604 9
3605 9
3616 9
3617 9
3618 9
3619 9
3620 9
3621 9
3622 9
3623 9
3624 9
3625 9
3636 8
3637 8
3638 8
3639 8
3640 8
3641 8
3642 8
3643 8
3644 8
3645 8
3656 8
3657 8
3658 8
3659 8
3660 8
3661 8
3662 8
3663 8
3664 8
3665 8
3676 8
3677 8
3678 8
3679 8
3680 8
3681 8
3682 8
3683 8
3684 8
3685 8
3696 8
3697 8
3698 8
3699 8
3700 8
3701 8
3702 8
3703 8
3704 8
3705 8
3716 8
3717 8
3718 8
3719 8
3720 8
3721 8
3722 8
3723 8
3724 8
3725 9
3726 9
3727 9
3728 9
3729 9
3730 9
3731 9
3732 9
3733 9
3734 9
3735 9
3746 9
3747 9
3748 9
3749 9
3750 9
3751 9
3752 9
3753 9
3754 10
3755 10
3756 10
3757 10
3758 10
3759 10
3760 10
3761 10
3762 10
3763 10
3764 10
3775 10
3776 10
3777 10
3778 10
3779 10
3780 10
3781 10
3782 10
3783 10
3784 10
3795 10
3796 10
3797 10
3798 10
3799 10
3800 10
3801 10
3802 10
3803 10
3804 10
3815 9
3816 9
3817 9
3818 9
3819 9
3820 9
3821 9
3822 9
3823 9
3824 9
3835 9
3836 9
3837 9
3838 9
3839 9
3840 9
3841 9
3842 9
3843 9
3844 9
3855 10
3856 10
3857 10
3858 10
3859 10
3860 10
3861 10
3862 10
3863 10
3864 10
3875 10
3876 10
3877 10
3878 10
3879 10
3880 10
3881 10
3882 10
3883 10
3884 10
3895 10
3896 10
3897 10
3898 10
3899 10
3900 10
3901 10
3902 10
3903 10
3904 10
3915 10
3916 10
3917 10
3918 10
3919 10
3920 10
3921 10
3922 10
3923 10
3924 10
3925 10
3936 10
3937 10
3938 10
3939 10
3940 10
3941 10
3942 10
3943 11
3944 11
3945 11
3946 11
3947 11
3948 11
3949 11
3950 11
3951 11
3952 11
3953 11
3964 11
3965 11
3966 11
3967 11
3968 11
3969 11
3970 11
3971 11
3972 11
3973 11
3984 12
3985 12
3986 12
3987 12
3988 12
3989 12
3990 12
3991 12
3992 12
3993 12
4004 12
4005 12
4006 12
4007 12
4008 12
4009 12
4010 12
4011 12
4012 12
4013 12
4024 11
4025 11
4026 11
4027 11
4028 11
4029 11
4030 11
4031 11
4032 11
4033 12
4034 12
4035 12
4036 12
4037 12
4038 12
4039 12
4040 12
4041 12
4042 12
4043 12
4054 12
4055 12
4056 12
4057 12
4058 12
4059 12
4060 12
4061 12
4062 12
4063 12
4074 13
4075 13
4076 13
4077 13
4078 13
4079 13
4080 13
4081 13
4082 13
4083 13
4094 13
4095 13
4096 13
4097 13
4098 13
4099 13
4100 13
4101 13
4102 13
4103 13
4114 12
4115 12
4116 12
4117 12
4118 12
4119 12
4120 12
4121 12
4122 12
4123 12
4134 11
4135 11
4136 11
4137 11
4138 11
4139 11
4140 11
4141 11
4142 13
4143 13
4144 13
4145 13
4146 13
4147 13
4148 14
4149 14
4150 15
4151 15
4152 15
4153 15
4154 15
4155 15
4156 15
4157 15
4158 15
4159 15
4160 15
4171 15
4172 15
4173 15
4174 15
4175 15
4176 15
4177 15
4178 15
4179 15
4180 15
4191 14
4192 14
4193 14
4194 14
4195 14
4196 14
4197 14
4198 14
4199 14
4200 14
4211 14
4212 14
4213 14
4214 14
4215 14
4216 14
4217 14
4218 14
4219 14
4220 14
4231 13
4232 13
4233 13
4234 13
4235 13
4236 13
4237 13
4238 13
4239 13
4240 13
4251 12
4252 12
4253 12
4254 12
4255 12
4256 12
4257 12
4258 12
4259 12
4260 12
4271 13
4272 13
4273 13
4274 13
4275 13
4276 13
4277 13
4278 13
4279 13
4280 13
4291 13
4292 13
4293 13
4294 13
4295 13
4296 13
4297 13
4298 13
4299 13
4300 13
4311 13
4312 13
4313 13
4314 13
4315 13
4316 13
4317 13
4318 13
4319 13
4320 13
4331 14
4332 14
4333 14
4334 14
4335 14
4336 14
4337 14
4338 14
4339 14
4340 14
4351 14
4352 14
4353 14
4354 14
4355 14
4356 14
4357 14
4358 14
4359 14
4360 14
4371 15
4372 15
4373 15
4374 15
4375 15
4376 15
4377 15
4378 15
4379 15
4380 15
4391 15
4392 15
4393 15
4394 15
4395 15
4396 15
4397 15
4398 15
4399 15
4400 15
4411 15
4412 15
4413 15
4414 15
4415 15
4416 15
4417 15
4418 15
4419 15
4420 15
4431 15
4432 15
4433 15
4434 15
4435 15
4436 15
4437 15
4438 15
4439 16
4440 16
4441 16
4442 16
4443 16
4444 16
4445 16
4446 16
4447 16
4448 16
4449 16
4460 16
4461 16
4462 16
4463 16
4464 16
4465 16
4466 16
4467 16
4468 16
4469 16
4480 16
4481 16
4482 16
4483 16
4484 16
4485 16
4486 16
4487 16
4488 16
4489 16
4500 16
4501 16
4502 16
4503 16
4504 16
4505 16
4506 16
4507 16
4508 16
4509 16
4520 17
4521 17
4522 17
4523 17
4524 17
4525 17
4526 17
4527 17
4528 17
4529 17
4540 17
4541 17
4542 17
4543 17
4544 17
4545 17
4546 17
4547 17
4548 17
4549 17
4560 16
4561 16
4562 16
4563 16
4564 16
4565 16
4566 16
4567 16
4568 16
4569 16
4580 17
4581 17
4582 17
4583 17
4584 17
4585 17
4586 17
4587 17
4588 17
4589 17
4600 17
4601 17
4602 17
4603 17
4604 17
4605 17
4606 17
4607 17
4608 17
4609 17
4620 17
4621 17
4622 17
4623 17
4624 17
4625 17
4626 17
4627 17
4628 17
4629 17
4640 17
4641 17
4642 17
4643 17
4644 17
4645 17
4646 17
4647 17
4648 17
4649 17
4660 17
4661 17
4662 17
4663 17
4664 17
4665 17
4666 17
4667 17
4668 17
4669 17
4680 17
4681 17
4682 17
4683 17
4684 17
4685 17
4686 17
4687 17
4688 17
4689 17
4700 17
4701 17
4702 17
4703 17
4704 17
4705 17
4706 17
4707 17
4708 17
4709 17
4720 17
4721 18
4722 18
4723 18
4724 18
4725 18
4726 18
4727 18
4728 18
4729 18
4730 18
4731 18
4742 19
4743 19
4744 19
4745 19
4746 19
4747 19
4748 19
4749 19
4750 19
4751 19
4762 19
4763 19
4764 19
4765 19
4766 19
4767 19
4768 19
4769 19
4770 19
4771 19
4782 19
4783 20
4784 20
4785 20
4786 20
4787 20
4788 20
4789 20
4790 20
4791 20
4792 20
4793 20
4804 20
4805 20
4806 20
4807 20
4808 20
4809 20
4810 20
4811 20
4812 20
4813 20
4824 21
4825 21
4826 21
4827 21
4828 21
4829 21
4830 21
4831 21
4832 21
4833 21
4844 21
4845 21
4846 21
4847 21
4848 21
4849 21
4850 21
4851 21
4852 21
4853 21
4864 21
4865 21
4866 21
4867 21
4868 21
4869 21
4870 21
4871 21
4872 21
4873 22
4874 22
4875 22
4876 22
4877 22
4878 22
4879 22
4880 22
4881 22
4882 22
4883 22
4894 22
4895 22
4896 22
4897 22
4898 22
4899 22
4900 22
4901 22
4902 22
4903 22
4914 22
4915 22
4916 22
4917 22
4918 22
4919 22
4920 22
4921 22
4922 22
4923 22
4934 22
4935 22
4936 22
4937 22
4938 22
4939 22
4940 22
4941 22
4942 22
4943 22
4954 22
4955 22
4956 22
4957 22
4958 22
4959 22
4960 22
4961 22
4962 22
4963 22
4974 21
4975 21
4976 21
4977 21
4978 21
4979 21
4980 21
4981 21
4982 21
4983 21
4994 20
4995 20
4996 20
4997 20
4998 20
4999 20
