0 2
1 2
2 2
3 2
4 2
5 2
6 2
7 2
8 2
9 2
20 2
21 2
22 2
23 2
24 2
25 2
26 2
27 2
28 2
29 2
40 2
41 2
42 2
43 2
44 2
45 2
46 2
47 2
48 2
49 2
60 2
61 2
62 2
63 2
64 2
65 2
66 2
67 2
68 2
69 2
80 1
81 1
82 1
83 1
84 1
85 1
86 1
87 1
88 1
89 1
100 1
101 1
102 1
103 1
104 1
105 1
106 1
107 1
108 1
109 1
120 1
121 1
122 1
123 1
124 1
125 1
126 1
127 1
128 1
129 1
140 1
141 1
142 1
143 1
144 1
145 1
146 1
147 1
148 1
149 1
160 1
161 1
162 1
163 1
164 1
165 1
166 1
167 1
168 1
169 1
180 1
181 1
182 1
183 1
184 1
185 1
186 1
187 1
188 1
189 1
200 1
201 1
202 1
203 1
204 1
205 1
206 1
207 1
208 1
209 1
220 1
221 1
222 1
223 1
224 1
225 1
226 1
227 1
228 1
229 1
240 2
241 2
242 2
243 2
244 2
245 2
246 2
247 2
248 2
249 2
260 2
261 2
262 2
263 2
264 2
265 2
266 2
267 2
268 2
269 2
280 2
281 2
282 2
283 2
284 2
285 2
286 2
287 2
288 2
289 2
300 2
301 2
302 2
303 2
304 2
305 2
306 2
307 2
308 2
309 2
320 2
321 2
322 2
323 2
324 2
325 2
326 2
327 2
328 2
329 2
340 2
341 2
342 2
343 2
344 2
345 2
346 2
347 2
348 2
349 2
360 2
361 2
362 2
363 2
364 2
365 2
366 2
367 2
368 2
369 2
380 2
381 2
382 2
383 2
384 2
385 2
386 2
387 2
388 2
389 2
400 2
401 2
402 2
403 2
404 2
405 2
406 2
407 2
408 2
409 2
420 2
421 2
422 2
423 2
424 2
425 2
426 2
427 2
428 2
429 2
440 2
441 2
442 3
443 3
444 3
445 3
446 3
447 3
448 3
449 3
450 3
451 3
452 3
463 4
464 4
465 4
466 4
467 4
468 4
469 4
470 4
471 4
472 4
483 4
484 4
485 4
486 4
487 4
488 4
489 4
490 4
491 4
492 4
503 4
504 4
505 4
506 4
507 4
508 4
509 4
510 4
511 4
512 5
513 5
514 5
515 5
516 5
517 5
518 5
519 5
520 5
521 5
522 5
533 6
534 6
535 6
536 6
537 6
538 6
539 6
540 6
541 6
542 6
553 8
554 8
555 8
556 8
557 8
558 8
559 8
560 8
561 8
562 8
573 8
574 8
575 8
576 8
577 8
578 8
579 8
580 8
581 8
582 8
593 7
594 7
595 7
596 7
597 7
598 7
599 7
600 7
601 7
602 7
613 7
614 7
615 7
616 7
617 7
618 7
619 7
620 7
621 7
622 7
633 8
634 8
635 8
636 8
637 8
638 8
639 8
640 8
641 8
642 8
653 8
654 8
655 8
656 8
657 8
658 8
659 8
660 8
661 8
662 8
673 8
674 8
675 8
676 8
677 8
678 8
679 8
680 8
681 8
682 8
693 9
694 9
695 9
696 9
697 9
698 10
699 10
700 10
701 10
702 10
703 10
704 10
705 10
706 10
707 10
708 10
719 10
720 10
721 11
722 11
723 11
724 11
725 11
726 11
727 11
728 11
729 11
730 11
731 12
732 12
733 12
734 12
735 12
736 12
737 12
738 12
739 12
740 12
741 12
752 12
753 12
754 12
755 12
756 12
757 12
758 12
759 12
760 12
761 12
772 12
773 12
774 12
775 12
776 12
777 12
778 12
779 12
780 12
781 12
792 11
793 11
794 11
795 11
796 11
797 11
798 11
799 12
800 12
801 12
802 12
803 12
804 12
805 12
806 12
807 12
808 12
809 12
820 12
821 12
822 12
823 12
824 12
825 12
826 12
827 12
828 12
829 12
840 11
841 11
842 11
843 11
844 11
845 11
846 11
847 11
848 11
849 11
860 11
861 11
862 11
863 11
864 11
865 11
866 11
867 11
868 11
869 11
880 11
881 11
882 11
883 11
884 11
885 11
886 11
887 11
888 11
889 11
900 11
901 11
902 11
903 11
904 11
905 11
906 11
907 11
908 11
909 11
920 11
921 11
922 11
923 11
924 11
925 11
926 11
927 11
928 11
929 11
940 11
941 11
942 11
943 11
944 11
945 11
946 11
947 11
948 11
949 11
960 11
961 11
962 11
963 11
964 11
965 12
966 12
967 12
968 12
969 12
970 12
971 12
972 12
973 12
974 12
975 12
986 13
987 13
988 13
989 13
990 13
991 13
992 13
993 13
994 13
995 13
1006 13
1007 13
1008 13
1009 13
1010 13
1011 13
1012 13
1013 13
1014 13
1015 13
1026 13
1027 13
1028 13
1029 13
1030 13
1031 13
1032 13
1033 13
1034 13
1035 13
1046 13
1047 13
1048 13
1049 13
1050 13
1051 13
1052 13
1053 13
1054 13
1055 13
1066 13
1067 13
1068 13
1069 13
1070 13
1071 13
1072 13
1073 13
1074 13
1075 13
1086 13
1087 13
1088 13
1089 13
1090 13
1091 13
1092 13
1093 13
1094 13
1095 13
1106 13
1107 13
1108 13
1109 13
1110 13
1111 13
1112 13
1113 13
1114 13
1115 13
1126 13
1127 13
1128 13
1129 13
1130 13
1131 13
1132 13
1133 13
1134 13
1135 13
1146 13
1147 13
1148 13
1149 13
1150 13
1151 13
1152 13
1153 13
1154 13
1155 13
1166 13
1167 13
1168 13
1169 13
1170 13
1171 13
1172 13
1173 13
1174 13
1175 13
1186 13
1187 13
1188 13
1189 13
1190 13
1191 13
1192 13
1193 13
1194 13
1195 13
1206 12
1207 12
1208 12
1209 12
1210 12
1211 12
1212 12
1213 12
1214 12
1215 12
1226 12
1227 12
1228 12
1229 12
1230 12
1231 12
1232 12
1233 12
1234 12
1235 12
1246 12
1247 12
1248 12
1249 12
1250 12
1251 12
1252 12
1253 12
1254 12
1255 12
1266 12
1267 12
1268 12
1269 12
1270 12
1271 12
1272 12
1273 12
1274 12
1275 12
1286 12
1287 12
1288 12
1289 12
1290 12
1291 12
1292 12
1293 12
1294 12
1295 12
1306 12
1307 12
1308 12
1309 12
1310 12
1311 12
1312 13
1313 13
1314 13
1315 13
1316 13
1317 13
1318 13
1319 13
1320 13
1321 13
1322 13
1333 15
1334 15
1335 15
1336 15
1337 15
1338 15
1339 15
1340 15
1341 15
1342 15
1353 16
1354 16
1355 16
1356 16
1357 16
1358 16
1359 16
1360 16
1361 16
1362 16
1373 16
1374 16
1375 16
1376 16
1377 16
1378 16
1379 16
1380 16
1381 16
1382 16
1393 16
1394 16
1395 16
1396 16
1397 16
1398 16
1399 16
1400 16
1401 16
1402 16
1413 16
1414 16
1415 16
1416 16
1417 16
1418 16
1419 16
1420 16
1421 16
1422 16
1433 16
1434 16
1435 16
1436 16
1437 16
1438 16
1439 16
1440 16
1441 16
1442 16
1453 16
1454 16
1455 16
1456 16
1457 16
1458 16
1459 16
1460 16
1461 16
1462 16
1473 16
1474 16
1475 16
1476 16
1477 16
1478 16
1479 16
1480 16
1481 16
1482 16
1493 16
1494 16
1495 16
1496 16
1497 16
1498 16
1499 16
1500 16
1501 16
1502 16
1513 16
1514 16
1515 16
1516 16
1517 16
1518 16
1519 16
1520 16
1521 16
1522 16
1533 16
1534 16
1535 16
1536 16
1537 16
1538 16
1539 16
1540 16
1541 16
1542 16
1553 16
1554 16
1555 16
1556 16
1557 16
1558 16
1559 16
1560 16
1561 16
1562 16
1573 16
1574 16
1575 16
1576 16
1577 16
1578 16
1579 16
1580 16
1581 16
1582 16
1593 14
1594 14
1595 14
1596 14
1597 14
1598 14
1599 14
1600 14
1601 14
1602 14
1613 14
1614 14
1615 14
1616 14
1617 14
1618 14
1619 14
1620 14
1621 14
1622 14
1633 15
1634 15
1635 15
1636 15
1637 15
1638 15
1639 15
1640 15
1641 15
1642 15
1653 15
1654 15
1655 15
1656 15
1657 15
1658 15
1659 15
1660 15
1661 15
1662 15
1673 15
1674 15
1675 15
1676 15
1677 15
1678 15
1679 15
1680 15
1681 15
1682 15
1693 13
1694 13
1695 13
1696 13
1697 13
1698 13
1699 13
1700 13
1701 13
1702 13
1713 13
1714 13
1715 13
1716 13
1717 13
1718 13
1719 13
1720 13
1721 13
1722 13
1733 13
1734 13
1735 13
1736 13
1737 13
1738 13
1739 13
1740 13
1741 13
1742 13
1753 13
1754 13
1755 13
1756 14
1757 14
1758 14
1759 14
1760 14
1761 14
1762 14
1763 14
1764 14
1765 14
1766 14
1777 14
1778 14
1779 14
1780 14
1781 14
1782 14
1783 15
1784 15
1785 15
1786 15
1787 15
1788 15
1789 15
1790 15
1791 15
1792 15
1793 15
1804 15
1805 15
1806 15
1807 15
1808 15
1809 15
1810 15
1811 15
1812 15
1813 15
1824 15
1825 15
1826 15
1827 15
1828 15
1829 15
1830 15
1831 15
1832 15
1833 15
1844 15
1845 15
1846 15
1847 15
1848 15
1849 15
1850 15
1851 15
1852 15
1853 15
1864 15
1865 15
1866 15
1867 15
1868 15
1869 15
1870 15
1871 15
1872 15
1873 15
1884 15
1885 15
1886 15
1887 15
1888 15
1889 15
1890 15
1891 15
1892 15
1893 15
1904 14
1905 14
1906 14
1907 14
1908 14
1909 14
1910 14
1911 14
1912 14
1913 14
1924 14
1925 14
1926 14
1927 14
1928 14
1929 14
1930 14
1931 14
1932 14
1933 14
1944 13
1945 13
1946 13
1947 13
1948 13
1949 13
1950 13
1951 13
1952 13
1953 13
1964 13
1965 13
1966 13
1967 13
1968 13
1969 13
1970 13
1971 13
1972 13
1973 13
1984 13
1985 13
1986 13
1987 14
1988 14
1989 14
1990 14
1991 14
1992 14
1993 14
1994 14
1995 14
1996 14
1997 14
2008 14
2009 14
2010 15
2011 15
2012 15
2013 15
2014 15
2015 15
2016 15
2017 15
2018 15
2019 15
2020 15
2031 15
2032 15
2033 15
2034 15
2035 15
2036 15
2037 15
2038 15
2039 16
2040 16
2041 16
2042 16
2043 16
2044 16
2045 16
2046 16
2047 16
2048 16
2049 16
2060 16
2061 16
2062 16
2063 16
2064 16
2065 16
2066 16
2067 16
2068 16
2069 16
2080 16
2081 16
2082 16
2083 16
2084 16
2085 16
2086 16
2087 16
2088 16
2089 16
2100 15
2101 15
2102 15
2103 15
2104 15
2105 15
2106 15
2107 15
2108 15
2109 15
2120 15
2121 15
2122 15
2123 15
2124 15
2125 15
2126 15
2127 15
2128 15
2129 15
2140 15
2141 15
2142 15
2143 15
2144 15
2145 15
2146 15
2147 15
2148 15
2149 15
2160 15
2161 15
2162 15
2163 15
2164 15
2165 15
2166 15
2167 15
2168 15
2169 15
2180 15
2181 15
2182 15
2183 15
2184 15
2185 15
2186 15
2187 15
2188 15
2189 16
2190 16
2191 16
2192 16
2193 16
2194 16
2195 16
2196 16
2197 16
2198 16
2199 16
2210 16
2211 16
2212 16
2213 16
2214 16
2215 16
2216 16
2217 16
2218 16
2219 16
2230 15
2231 15
2232 15
2233 15
2234 15
2235 15
2236 15
2237 15
2238 15
2239 15
2250 15
2251 15
2252 15
2253 15
2254 15
2255 15
2256 15
2257 15
2258 15
2259 15
2270 14
2271 14
2272 14
2273 14
2274 14
2275 14
2276 14
2277 14
2278 14
2279 14
2290 14
2291 14
2292 14
2293 14
2294 14
2295 14
2296 14
2297 14
2298 14
2299 14
2310 14
2311 14
2312 14
2313 14
2314 14
2315 14
2316 14
2317 14
2318 14
2319 14
2330 14
2331 14
2332 14
2333 14
2334 14
2335 14
2336 14
2337 14
2338 14
2339 14
2350 14
2351 14
2352 14
2353 14
2354 14
2355 14
2356 14
2357 14
2358 14
2359 14
2370 13
2371 13
2372 13
2373 13
2374 13
2375 13
2376 13
2377 13
2378 13
2379 13
2390 13
2391 13
2392 13
2393 13
2394 13
2395 13
2396 13
2397 13
2398 13
2399 13
2410 13
2411 14
2412 14
2413 14
2414 14
2415 14
2416 14
2417 14
2418 14
2419 14
2420 14
2421 14
2432 14
2433 14
2434 14
2435 14
2436 14
2437 14
2438 14
2439 14
2440 14
2441 14
2452 14
2453 14
2454 14
2455 14
2456 14
2457 14
2458 14
2459 14
2460 14
2461 14
2472 15
2473 15
2474 15
2475 15
2476 15
2477 15
2478 15
2479 15
2480 15
2481 15
2492 15
2493 15
2494 15
2495 15
2496 15
2497 15
2498 15
2499 15
2500 15
2501 15
2512 15
2513 15
2514 15
2515 15
2516 15
2517 15
2518 15
2519 15
2520 15
2521 15
2532 15
2533 15
2534 15
2535 15
2536 15
2537 15
2538 15
2539 15
2540 15
2541 15
2552 15
2553 15
2554 15
2555 15
2556 15
2557 15
2558 15
2559 15
2560 15
2561 15
2572 15
2573 15
2574 15
2575 15
2576 15
2577 15
2578 15
2579 15
2580 15
2581 15
2592 15
2593 15
2594 15
2595 15
2596 15
2597 15
2598 15
2599 15
2600 15
2601 15
2612 14
2613 14
2614 14
2615 14
2616 14
2617 14
2618 14
2619 14
2620 14
2621 14
2632 17
2633 17
2634 17
2635 17
2636 17
2637 17
2638 17
2639 17
2640 17
2641 17
2652 17
2653 17
2654 17
2655 17
2656 17
2657 17
2658 17
2659 17
2660 17
2661 17
2672 18
2673 18
2674 18
2675 18
2676 18
2677 18
2678 18
2679 18
2680 18
2681 18
2692 18
2693 18
2694 18
2695 18
2696 18
2697 18
2698 18
2699 18
2700 18
2701 18
2712 18
2713 18
2714 18
2715 18
2716 18
2717 18
2718 18
2719 18
2720 18
2721 18
2732 18
2733 18
2734 18
2735 18
2736 18
2737 18
2738 18
2739 18
2740 18
2741 18
2752 18
2753 18
2754 18
2755 18
2756 18
2757 18
2758 18
2759 18
2760 18
2761 18
2772 17
2773 17
2774 17
2775 17
2776 17
2777 17
2778 17
2779 17
2780 17
2781 17
2792 17
2793 17
2794 17
2795 17
2796 17
2797 17
2798 17
2799 17
2800 17
2801 17
2812 17
2813 17
2814 17
2815 17
2816 17
2817 18
2818 18
2819 18
2820 18
2821 18
2822 18
2823 18
2824 18
2825 18
2826 18
2827 18
2838 18
2839 18
2840 18
2841 18
2842 18
2843 18
2844 18
2845 18
2846 18
2847 18
2858 18
2859 18
2860 18
2861 18
2862 18
2863 18
2864 18
2865 18
2866 18
2867 18
2878 18
2879 18
2880 18
2881 18
2882 18
2883 18
2884 18
2885 18
2886 18
2887 18
2898 18
2899 18
2900 18
2901 18
2902 18
2903 18
2904 18
2905 18
2906 18
2907 18
2918 17
2919 17
2920 17
2921 17
2922 17
2923 17
2924 17
2925 17
2926 17
2927 17
2938 16
2939 16
2940 16
2941 16
2942 16
2943 16
2944 16
2945 16
2946 16
2947 16
2958 16
2959 16
2960 16
2961 16
2962 16
2963 16
2964 16
2965 16
2966 16
2967 16
2978 16
2979 16
2980 16
2981 16
2982 16
2983 16
2984 16
2985 16
2986 16
2987 16
2998 17
2999 17
3000 17
3001 17
3002 17
3003 17
3004 17
3005 17
3006 17
3007 17
3008 17
3019 18
3020 18
3021 18
3022 18
3023 18
3024 18
3025 18
3026 18
3027 18
3028 18
3039 18
3040 18
3041 18
3042 18
3043 18
3044 18
3045 18
3046 18
3047 18
3048 18
3059 18
3060 18
3061 18
3062 18
3063 18
3064 18
3065 18
3066 18
3067 18
3068 18
3079 18
3080 18
3081 18
3082 18
3083 18
3084 18
3085 18
3086 18
3087 18
3088 18
3099 18
3100 18
3101 18
3102 18
3103 18
3104 18
3105 18
3106 18
3107 18
3108 18
3119 18
3120 18
3121 18
3122 18
3123 18
3124 18
3125 18
3126 18
3127 18
3128 18
3139 18
3140 18
3141 18
3142 18
3143 18
3144 18
3145 18
3146 18
3147 18
3148 18
3159 17
3160 17
3161 17
3162 17
3163 17
3164 17
3165 17
3166 17
3167 17
3168 17
3179 17
3180 17
3181 17
3182 17
3183 17
3184 17
3185 17
3186 17
3187 17
3188 17
3199 17
3200 17
3201 17
3202 17
3203 17
3204 17
3205 17
3206 17
3207 17
3208 17
3219 17
3220 17
3221 17
3222 17
3223 17
3224 17
3225 17
3226 17
3227 17
3228 17
3239 17
3240 17
3241 17
3242 17
3243 17
3244 17
3245 17
3246 17
3247 17
3248 17
3259 17
3260 17
3261 17
3262 17
3263 17
3264 17
3265 17
3266 17
3267 17
3268 17
3279 17
3280 17
3281 17
3282 17
3283 17
3284 17
3285 17
3286 17
3287 17
3288 17
3299 17
3300 17
3301 17
3302 17
3303 17
3304 17
3305 17
3306 17
3307 17
3308 17
3319 17
3320 17
3321 17
3322 17
3323 17
3324 17
3325 17
3326 17
3327 17
3328 17
3339 16
3340 16
3341 16
3342 16
3343 16
3344 16
3345 16
3346 16
3347 16
3348 16
3359 15
3360 15
3361 15
3362 15
3363 15
3364 15
3365 15
3366 15
3367 15
3368 15
3379 14
3380 14
3381 14
3382 14
3383 14
3384 14
3385 14
3386 14
3387 14
3388 14
3399 14
3400 14
3401 14
3402 14
3403 14
3404 14
3405 14
3406 14
3407 14
3408 14
3419 14
3420 14
3421 14
3422 14
3423 14
3424 14
3425 14
3426 14
3427 14
3428 14
3439 14
3440 14
3441 14
3442 14
3443 14
3444 14
3445 14
3446 14
3447 14
3448 14
3459 14
3460 14
3461 14
3462 14
3463 14
3464 14
3465 14
3466 14
3467 14
3468 14
3479 14
3480 14
3481 14
3482 14
3483 14
3484 14
3485 14
3486 14
3487 14
3488 14
3499 13
3500 13
3501 13
3502 13
3503 13
3504 13
3505 13
3506 13
3507 13
3508 13
3519 13
3520 13
3521 13
3522 13
3523 13
3524 13
3525 13
3526 13
3527 13
3528 13
3539 13
3540 13
3541 14
3542 15
3543 15
3544 15
3545 15
3546 15
3547 15
3548 15
3549 15
3550 15
3551 15
3552 15
3563 15
3564 15
3565 15
3566 15
3567 15
3568 15
3569 15
3570 15
3571 15
3572 15
3583 15
3584 15
3585 15
3586 15
3587 15
3588 15
3589 15
3590 15
3591 15
3592 15
3603 15
3604 15
3605 15
3606 15
3607 15
3608 15
3609 15
3610 15
3611 15
3612 15
3623 15
3624 15
3625 15
3626 15
3627 15
3628 15
3629 15
3630 15
3631 15
3632 15
3643 15
3644 15
3645 15
3646 15
3647 15
3648 15
3649 15
3650 15
3651 15
3652 15
3663 14
3664 14
3665 14
3666 14
3667 14
3668 14
3669 14
3670 14
3671 14
3672 14
3683 13
3684 13
3685 13
3686 13
3687 13
3688 13
3689 13
3690 13
3691 14
3692 14
3693 14
3694 14
3695 14
3696 14
3697 14
3698 14
3699 14
3700 14
3701 14
3712 14
3713 14
3714 14
3715 14
3716 14
3717 14
3718 14
3719 14
3720 14
3721 14
3732 13
3733 13
3734 13
3735 13
3736 13
3737 13
3738 13
3739 13
3740 13
3741 13
3752 14
3753 14
3754 14
3755 14
3756 14
3757 14
3758 14
3759 14
3760 14
3761 14
3772 14
3773 14
3774 14
3775 14
3776 14
3777 14
3778 14
3779 14
3780 14
3781 14
3792 14
3793 14
3794 14
3795 14
3796 14
3797 14
3798 14
3799 14
3800 14
3801 14
3812 14
3813 14
3814 14
3815 14
3816 14
3817 14
3818 14
3819 14
3820 14
3821 14
3832 14
3833 14
3834 14
3835 14
3836 14
3837 14
3838 14
3839 14
3840 14
3841 14
3852 13
3853 13
3854 13
3855 13
3856 13
3857 13
3858 13
3859 13
3860 13
3861 13
3872 13
3873 13
3874 13
3875 13
3876 13
3877 13
3878 13
3879 13
3880 13
3881 13
3892 13
3893 13
3894 13
3895 13
3896 13
3897 13
3898 13
3899 13
3900 13
3901 13
3912 14
3913 14
3914 14
3915 14
3916 14
3917 14
3918 14
3919 14
3920 14
3921 14
3922 14
3933 14
3934 14
3935 14
3936 14
3937 15
3938 15
3939 15
3940 15
3941 15
3942 15
3943 15
3944 15
3945 15
3946 15
3947 15
3958 15
3959 15
3960 15
3961 15
3962 15
3963 15
3964 15
3965 15
3966 15
3967 15
3978 14
3979 14
3980 14
3981 14
3982 14
3983 14
3984 14
3985 14
3986 14
3987 14
3998 13
3999 13
4000 13
4001 13
4002 13
4003 13
4004 13
4005 13
4006 13
4007 13
4018 12
4019 12
4020 12
4021 12
4022 12
4023 12
4024 12
4025 12
4026 12
4027 12
4038 12
4039 12
4040 12
4041 12
4042 12
4043 13
4044 13
4045 13
4046 13
4047 13
4048 13
4049 13
4050 13
4051 13
4052 13
4053 13
4064 13
4065 13
4066 13
4067 13
4068 13
4069 13
4070 13
4071 13
4072 13
4073 13
4084 13
4085 13
4086 13
4087 13
4088 13
4089 13
4090 13
4091 13
4092 13
4093 13
4104 14
4105 14
4106 14
4107 14
4108 14
4109 14
4110 14
4111 14
4112 14
4113 14
4124 15
4125 15
4126 15
4127 15
4128 15
4129 15
4130 15
4131 15
4132 15
4133 15
4144 15
4145 15
4146 15
4147 15
4148 15
4149 15
4150 15
4151 15
4152 15
4153 15
4164 15
4165 15
4166 15
4167 15
4168 15
4169 15
4170 16
4171 16
4172 16
4173 16
4174 16
4175 16
4176 16
4177 16
4178 16
4179 16
4180 16
4191 16
4192 16
4193 16
4194 16
4195 16
4196 16
4197 16
4198 16
4199 16
4200 16
4211 16
4212 16
4213 16
4214 16
4215 16
4216 16
4217 16
4218 16
4219 16
4220 16
4231 16
4232 16
4233 16
4234 16
4235 16
4236 16
4237 16
4238 16
4239 16
4240 16
4251 16
4252 16
4253 16
4254 16
4255 16
4256 16
4257 16
4258 16
4259 16
4260 16
4271 16
4272 16
4273 16
4274 16
4275 16
4276 16
4277 16
4278 16
4279 16
4280 16
4291 16
4292 16
4293 16
4294 16
4295 16
4296 16
4297 16
4298 16
4299 16
4300 16
4311 15
4312 15
4313 15
4314 15
4315 15
4316 15
4317 15
4318 15
4319 15
4320 15
4331 15
4332 15
4333 15
4334 15
4335 15
4336 15
4337 15
4338 15
4339 15
4340 15
4351 15
4352 15
4353 15
4354 15
4355 15
4356 15
4357 15
4358 15
4359 15
4360 15
4371 15
4372 15
4373 15
4374 15
4375 15
4376 15
4377 15
4378 15
4379 15
4380 15
4391 15
4392 15
4393 15
4394 15
4395 15
4396 15
4397 15
4398 15
4399 15
4400 15
4411 15
4412 15
4413 15
4414 16
4415 16
4416 16
4417 16
4418 16
4419 16
4420 16
4421 16
4422 16
4423 16
4424 16
4435 16
4436 16
4437 16
4438 16
4439 16
4440 16
4441 16
4442 16
4443 16
4444 16
4455 15
4456 15
4457 15
4458 15
4459 15
4460 15
4461 15
4462 15
4463 15
4464 15
4475 15
4476 15
4477 15
4478 15
4479 15
4480 15
4481 15
4482 15
4483 15
4484 15
4495 15
4496 15
4497 15
4498 15
4499 15
4500 15
4501 15
4502 15
4503 15
4504 15
4515 14
4516 14
4517 14
4518 14
4519 14
4520 14
4521 14
4522 14
4523 14
4524 14
4535 14
4536 14
4537 14
4538 14
4539 14
4540 14
4541 14
4542 14
4543 14
4544 14
4555 14
4556 14
4557 14
4558 14
4559 14
4560 14
4561 14
4562 14
4563 14
4564 14
4575 14
4576 14
4577 14
4578 14
4579 14
4580 14
4581 14
4582 14
4583 14
4584 14
4595 14
4596 14
4597 14
4598 15
4599 15
4600 15
4601 15
4602 15
4603 15
4604 15
4605 15
4606 15
4607 15
4608 15
4619 15
4620 15
4621 15
4622 15
4623 15
4624 15
4625 15
4626 15
4627 15
4628 15
4639 15
4640 15
4641 15
4642 15
4643 15
4644 15
4645 15
4646 15
4647 15
4648 15
4659 14
4660 14
4661 14
4662 14
4663 14
4664 14
4665 14
4666 14
4667 14
4668 14
4679 14
4680 14
4681 14
4682 14
4683 14
4684 14
4685 14
4686 14
4687 14
4688 14
4699 13
4700 13
4701 13
4702 13
4703 13
4704 13
4705 13
4706 13
4707 13
4708 13
4719 13
4720 13
4721 13
4722 13
4723 13
4724 13
4725 13
4726 13
4727 13
4728 13
4739 13
4740 13
4741 13
4742 13
4743 13
4744 13
4745 13
4746 13
4747 13
4748 13
4759 13
4760 13
4761 13
4762 13
4763 13
4764 13
4765 13
4766 13
4767 13
4768 13
4779 12
4780 12
4781 12
4782 12
4783 12
4784 12
4785 12
4786 12
4787 12
4788 12
4799 12
4800 12
4801 12
4802 12
4803 13
4804 13
4805 13
4806 13
4807 13
4808 13
4809 13
4810 13
4811 13
4812 13
4813 13
4824 13
4825 13
4826 13
4827 13
4828 13
4829 13
4830 13
4831 13
4832 13
4833 13
4844 13
4845 13
4846 14
4847 14
4848 14
4849 14
4850 14
4851 14
4852 14
4853 14
4854 14
4855 14
4856 14
4867 14
4868 14
4869 14
4870 14
4871 14
4872 14
4873 14
4874 14
4875 14
4876 14
4887 13
4888 13
4889 13
4890 13
4891 13
4892 13
4893 13
4894 13
4895 13
4896 13
4907 13
4908 13
4909 13
4910 13
4911 13
4912 13
4913 13
4914 13
4915 13
4916 14
4917 14
4918 14
4919 14
4920 14
4921 14
4922 14
4923 14
4924 14
4925 14
4926 14
4937 15
4938 15
4939 15
4940 15
4941 15
4942 15
4943 15
4944 15
4945 15
4946 15
4957 15
4958 15
4959 15
4960 15
4961 15
4962 15
4963 15
4964 15
4965 15
4966 15
4977 15
4978 15
4979 15
4980 15
4981 15
4982 15
4983 15
4984 15
4985 15
4986 15
4997 15
4998 15
4999 15
