0 3
1 3
2 3
3 3
4 3
5 3
6 3
7 3
8 3
9 3
20 3
21 3
22 3
23 3
24 3
25 3
26 3
27 3
28 3
29 3
40 3
41 3
42 3
43 3
44 3
45 3
46 3
47 3
48 3
49 3
60 3
61 3
62 3
63 3
64 3
65 3
66 3
67 3
68 3
69 3
80 3
81 3
82 3
83 3
84 3
85 3
86 3
87 3
88 3
89 3
100 3
101 3
102 3
103 3
104 3
105 3
106 3
107 3
108 3
109 3
120 3
121 3
122 3
123 3
124 3
125 3
126 3
127 3
128 3
129 3
140 3
141 3
142 3
143 3
144 3
145 3
146 3
147 3
148 3
149 3
160 4
161 4
162 4
163 4
164 4
165 4
166 4
167 4
168 4
169 4
180 5
181 5
182 5
183 5
184 5
185 5
186 5
187 5
188 5
189 5
200 5
201 5
202 5
203 5
204 5
205 5
206 5
207 5
208 5
209 5
220 5
221 5
222 5
223 5
224 5
225 5
226 5
227 5
228 5
229 5
240 5
241 5
242 5
243 5
244 5
245 5
246 5
247 5
248 5
249 5
260 5
261 5
262 5
263 5
264 5
265 5
266 5
267 5
268 5
269 5
280 5
281 5
282 5
283 5
284 5
285 5
286 5
287 5
288 5
289 5
300 5
301 5
302 5
303 5
304 5
305 5
306 5
307 5
308 5
309 5
320 5
321 5
322 5
323 5
324 5
325 5
326 5
327 5
328 5
329 5
340 6
341 6
342 6
343 6
344 6
345 6
346 6
347 6
348 6
349 6
360 7
361 7
362 7
363 7
364 7
365 7
366 7
367 7
368 7
369 7
380 7
381 7
382 7
383 7
384 7
385 7
386 7
387 7
388 7
389 7
400 7
401 7
402 7
403 7
404 7
405 7
406 7
407 7
408 7
409 7
420 7
421 7
422 7
423 7
424 7
425 7
426 7
427 7
428 7
429 7
440 7
441 7
442 7
443 7
444 7
445 7
446 7
447 7
448 7
449 7
460 7
461 7
462 7
463 7
464 7
465 7
466 7
467 7
468 7
469 7
480 8
481 8
482 8
483 8
484 8
485 8
486 8
487 8
488 8
489 8
500 8
501 8
502 8
503 8
504 8
505 8
506 8
507 8
508 8
509 8
520 10
521 10
522 10
523 10
524 10
525 10
526 10
527 10
528 10
529 10
540 10
541 10
542 10
543 10
544 10
545 10
546 10
547 10
548 10
549 11
550 11
551 11
552 11
553 11
554 11
555 11
556 11
557 11
558 11
559 11
570 12
571 12
572 12
573 13
574 13
575 13
576 13
577 13
578 13
579 13
580 13
581 13
582 13
583 13
594 14
595 14
596 14
597 14
598 14
599 14
600 14
601 14
602 14
603 14
614 14
615 14
616 14
617 14
618 14
619 14
620 14
621 14
622 14
623 14
634 14
635 14
636 14
637 14
638 14
639 14
640 14
641 14
642 14
643 14
654 13
655 13
656 13
657 13
658 13
659 13
660 13
661 13
662 13
663 13
674 13
675 13
676 13
677 13
678 13
679 13
680 13
681 13
682 13
683 13
694 14
695 14
696 14
697 14
698 14
699 14
700 14
701 14
702 14
703 14
714 14
715 14
716 14
717 14
718 14
719 14
720 14
721 14
722 14
723 14
734 15
735 15
736 15
737 15
738 15
739 15
740 15
741 15
742 15
743 15
754 15
755 15
756 15
757 15
758 15
759 15
760 15
761 15
762 15
763 15
774 15
775 15
776 15
777 15
778 15
779 15
780 15
781 15
782 15
783 15
794 15
795 15
796 15
797 15
798 15
799 15
800 15
801 15
802 15
803 15
814 15
815 15
816 15
817 15
818 15
819 15
820 15
821 15
822 15
823 15
834 16
835 16
836 16
837 16
838 16
839 16
840 16
841 16
842 16
843 16
844 16
855 16
856 17
857 17
858 17
859 17
860 17
861 17
862 17
863 17
864 17
865 17
866 17
877 17
878 17
879 17
880 17
881 17
882 17
883 17
884 17
885 17
886 17
897 16
898 16
899 16
900 16
901 16
902 16
903 16
904 16
905 17
906 17
907 17
908 17
909 17
910 17
911 17
912 17
913 17
914 17
915 17
926 17
927 17
928 17
929 17
930 17
931 17
932 17
933 17
934 17
935 17
946 17
947 17
948 17
949 17
950 17
951 17
952 17
953 17
954 17
955 17
966 17
967 17
968 17
969 18
970 18
971 18
972 18
973 18
974 18
975 18
976 18
977 18
978 18
979 18
990 19
991 19
992 19
993 19
994 19
995 19
996 19
997 19
998 19
999 19
1010 20
1011 20
1012 20
1013 20
1014 20
1015 20
1016 20
1017 20
1018 20
1019 20
1020 20
1031 21
1032 21
1033 21
1034 21
1035 21
1036 21
1037 21
1038 21
1039 21
1040 21
1051 21
1052 21
1053 21
1054 21
1055 21
1056 21
1057 21
1058 21
1059 21
1060 21
1071 22
1072 22
1073 22
1074 22
1075 22
1076 22
1077 22
1078 22
1079 22
1080 22
1091 22
1092 22
1093 22
1094 22
1095 22
1096 22
1097 22
1098 22
1099 22
1100 22
1111 22
1112 22
1113 22
1114 22
1115 22
1116 22
1117 22
1118 22
1119 22
1120 22
1131 22
1132 22
1133 22
1134 22
1135 22
1136 22
1137 22
1138 22
1139 22
1140 22
1151 22
1152 22
1153 22
1154 22
1155 22
1156 22
1157 22
1158 22
1159 22
1160 22
1171 21
1172 21
1173 21
1174 21
1175 21
1176 21
1177 21
1178 21
1179 21
1180 21
1191 22
1192 22
1193 22
1194 22
1195 22
1196 22
1197 22
1198 22
1199 22
1200 22
1211 22
1212 22
1213 22
1214 22
1215 22
1216 22
1217 22
1218 22
1219 22
1220 22
1231 22
1232 22
1233 22
1234 22
1235 22
1236 22
1237 22
1238 22
1239 22
1240 22
1251 23
1252 23
1253 23
1254 23
1255 23
1256 23
1257 23
1258 23
1259 23
1260 23
1271 23
1272 23
1273 23
1274 23
1275 23
1276 23
1277 23
1278 23
1279 23
1280 23
1291 23
1292 23
1293 23
1294 23
1295 23
1296 23
1297 23
1298 23
1299 23
1300 23
1311 22
1312 22
1313 22
1314 22
1315 22
1316 22
1317 22
1318 22
1319 22
1320 22
1331 22
1332 22
1333 22
1334 23
1335 23
1336 23
1337 23
1338 23
1339 23
1340 23
1341 23
1342 23
1343 23
1344 23
1355 24
1356 24
1357 24
1358 24
1359 24
1360 24
1361 24
1362 24
1363 24
1364 24
1365 24
1376 24
1377 24
1378 24
1379 24
1380 24
1381 24
1382 24
1383 24
1384 24
1385 24
1396 24
1397 24
1398 24
1399 24
1400 24
1401 24
1402 24
1403 24
1404 24
1405 24
1416 24
1417 24
1418 24
1419 24
1420 24
1421 24
1422 24
1423 24
1424 24
1425 24
1436 25
1437 25
1438 25
1439 25
1440 25
1441 25
1442 25
1443 25
1444 25
1445 25
1456 25
1457 25
1458 25
1459 25
1460 25
1461 25
1462 25
1463 25
1464 25
1465 25
1476 25
1477 25
1478 25
1479 25
1480 25
1481 25
1482 25
1483 25
1484 25
1485 25
1496 25
1497 25
1498 25
1499 25
1500 25
1501 25
1502 25
1503 25
1504 25
1505 25
1516 24
1517 24
1518 24
1519 24
1520 24
1521 24
1522 24
1523 24
1524 24
1525 24
1536 24
1537 24
1538 24
1539 25
1540 25
1541 25
1542 25
1543 25
1544 25
1545 25
1546 25
1547 25
1548 26
1549 26
1550 26
1551 26
1552 26
1553 26
1554 26
1555 26
1556 26
1557 26
1558 26
1569 26
1570 26
1571 26
1572 26
1573 26
1574 26
1575 26
1576 26
1577 26
1578 26
1589 26
1590 26
1591 26
1592 26
1593 26
1594 26
1595 26
1596 26
1597 26
1598 26
1609 25
1610 25
1611 25
1612 25
1613 25
1614 25
1615 25
1616 25
1617 25
1618 25
1629 25
1630 25
1631 25
1632 25
1633 25
1634 25
1635 25
1636 25
1637 25
1638 25
1649 24
1650 24
1651 24
1652 24
1653 24
1654 24
1655 24
1656 24
1657 24
1658 24
1669 24
1670 24
1671 24
1672 24
1673 24
1674 24
1675 24
1676 24
1677 24
1678 24
1689 24
1690 24
1691 24
1692 24
1693 24
1694 24
1695 24
1696 24
1697 24
1698 24
1709 24
1710 24
1711 24
1712 24
1713 24
1714 24
1715 24
1716 24
1717 24
1718 24
1729 24
1730 24
1731 24
1732 24
1733 25
1734 25
1735 25
1736 25
1737 25
1738 25
1739 25
1740 25
1741 25
1742 25
1743 25
1754 25
1755 25
1756 25
1757 25
1758 25
1759 25
1760 25
1761 25
1762 25
1763 25
1774 25
1775 25
1776 25
1777 25
1778 26
1779 26
1780 26
1781 26
1782 26
1783 26
1784 26
1785 26
1786 26
1787 26
1788 26
1799 24
1800 24
1801 24
1802 24
1803 24
1804 24
1805 24
1806 24
1807 24
1808 24
1819 24
1820 24
1821 24
1822 24
1823 24
1824 24
1825 24
1826 24
1827 24
1828 24
1839 25
1840 25
1841 25
1842 25
1843 25
1844 25
1845 25
1846 25
1847 25
1848 25
1859 25
1860 25
1861 25
1862 25
1863 25
1864 25
1865 25
1866 25
1867 25
1868 25
1879 24
1880 24
1881 24
1882 24
1883 24
1884 24
1885 24
1886 24
1887 24
1888 24
1899 24
1900 24
1901 24
1902 24
1903 24
1904 24
1905 24
1906 24
1907 24
1908 24
1919 24
1920 24
1921 24
1922 24
1923 24
1924 24
1925 24
1926 24
1927 24
1928 24
1939 24
1940 24
1941 24
1942 24
1943 24
1944 24
1945 24
1946 24
1947 24
1948 24
1959 22
1960 22
1961 22
1962 22
1963 22
1964 22
1965 22
1966 22
1967 22
1968 22
1979 22
1980 22
1981 22
1982 22
1983 22
1984 22
1985 22
1986 22
1987 22
1988 22
1999 22
2000 22
2001 22
2002 22
2003 22
2004 22
2005 22
2006 23
2007 23
2008 23
2009 23
2010 23
2011 23
2012 23
2013 23
2014 23
2015 23
2016 23
2027 23
2028 23
2029 23
2030 23
2031 23
2032 23
2033 23
2034 23
2035 23
2036 23
2047 22
2048 22
2049 22
2050 22
2051 22
2052 22
2053 22
2054 22
2055 22
2056 22
2067 22
2068 22
2069 22
2070 22
2071 22
2072 22
2073 22
2074 22
2075 22
2076 22
2087 21
2088 21
2089 21
2090 21
2091 21
2092 21
2093 21
2094 21
2095 21
2096 21
2107 21
2108 21
2109 21
2110 21
2111 21
2112 21
2113 21
2114 21
2115 21
2116 21
2127 19
2128 19
2129 19
2130 19
2131 19
2132 19
2133 19
2134 19
2135 19
2136 19
2147 19
2148 19
2149 19
2150 19
2151 19
2152 19
2153 19
2154 19
2155 19
2156 19
2167 18
2168 18
2169 18
2170 18
2171 18
2172 18
2173 18
2174 18
2175 18
2176 18
2187 18
2188 18
2189 18
2190 18
2191 18
2192 18
2193 18
2194 18
2195 18
2196 18
2207 18
2208 18
2209 18
2210 18
2211 18
2212 18
2213 18
2214 18
2215 18
2216 18
2227 17
2228 17
2229 17
2230 17
2231 17
2232 17
2233 17
2234 17
2235 17
2236 17
2247 17
2248 17
2249 17
2250 17
2251 17
2252 17
2253 17
2254 17
2255 17
2256 18
2257 18
2258 18
2259 18
2260 18
2261 18
2262 18
2263 18
2264 18
2265 19
2266 19
2267 19
2268 19
2269 19
2270 19
2271 19
2272 19
2273 19
2274 19
2275 19
2286 19
2287 19
2288 19
2289 20
2290 20
2291 20
2292 20
2293 20
2294 20
2295 20
2296 20
2297 20
2298 20
2299 20
2310 20
2311 20
2312 20
2313 20
2314 20
2315 20
2316 20
2317 20
2318 20
2319 20
2330 19
2331 19
2332 19
2333 20
2334 20
2335 20
2336 20
2337 20
2338 20
2339 20
2340 21
2341 21
2342 21
2343 21
2344 21
2345 21
2346 21
2347 21
2348 21
2349 21
2350 21
2361 21
2362 21
2363 21
2364 21
2365 21
2366 21
2367 21
2368 21
2369 21
2370 21
2381 20
2382 20
2383 20
2384 20
2385 20
2386 20
2387 20
2388 20
2389 20
2390 20
2401 20
2402 20
2403 20
2404 20
2405 20
2406 20
2407 20
2408 20
2409 20
2410 20
2421 19
2422 19
2423 19
2424 19
2425 19
2426 19
2427 19
2428 19
2429 19
2430 19
2441 19
2442 19
2443 19
2444 19
2445 19
2446 19
2447 19
2448 19
2449 19
2450 20
2451 20
2452 20
2453 20
2454 20
2455 20
2456 20
2457 20
2458 20
2459 20
2460 20
2471 20
2472 20
2473 20
2474 20
2475 20
2476 20
2477 20
2478 20
2479 20
2480 20
2491 20
2492 20
2493 20
2494 20
2495 20
2496 21
2497 21
2498 21
2499 22
2500 22
2501 22
2502 22
2503 22
2504 22
2505 22
2506 22
2507 22
2508 22
2509 22
2520 22
2521 22
2522 22
2523 22
2524 22
2525 22
2526 22
2527 22
2528 22
2529 22
2540 22
2541 22
2542 22
2543 22
2544 22
2545 22
2546 22
2547 22
2548 22
2549 22
2560 21
2561 21
2562 21
2563 21
2564 21
2565 21
2566 21
2567 21
2568 21
2569 21
2580 20
2581 20
2582 20
2583 20
2584 20
2585 20
2586 20
2587 20
2588 20
2589 20
2600 20
2601 21
2602 21
2603 21
2604 21
2605 21
2606 21
2607 21
2608 21
2609 21
2610 21
2611 22
2612 22
2613 22
2614 22
2615 22
2616 22
2617 22
2618 22
2619 22
2620 22
2621 22
2632 22
2633 22
2634 22
2635 22
2636 22
2637 22
2638 22
2639 22
2640 22
2641 22
2652 22
2653 22
2654 22
2655 22
2656 22
2657 22
2658 22
2659 22
2660 22
2661 22
2672 21
2673 21
2674 21
2675 21
2676 21
2677 21
2678 21
2679 21
2680 21
2681 21
2692 20
2693 20
2694 20
2695 20
2696 20
2697 20
2698 20
2699 20
2700 20
2701 20
2712 19
2713 19
2714 19
2715 19
2716 19
2717 19
2718 19
2719 19
2720 19
2721 19
2732 19
2733 19
2734 19
2735 19
2736 19
2737 19
2738 19
2739 19
2740 19
2741 19
2752 19
2753 19
2754 19
2755 19
2756 19
2757 19
2758 20
2759 20
2760 20
2761 20
2762 20
2763 20
2764 20
2765 20
2766 20
2767 20
2768 20
2779 20
2780 20
2781 20
2782 20
2783 20
2784 20
2785 20
2786 20
2787 20
2788 20
2799 20
2800 20
2801 20
2802 20
2803 20
2804 20
2805 20
2806 20
2807 20
2808 20
2819 20
2820 20
2821 20
2822 21
2823 21
2824 21
2825 21
2826 21
2827 21
2828 21
2829 21
2830 21
2831 21
2832 21
2843 22
2844 22
2845 22
2846 22
2847 22
2848 22
2849 22
2850 22
2851 22
2852 22
2863 22
2864 22
2865 22
2866 22
2867 22
2868 22
2869 22
2870 22
2871 22
2872 22
2883 21
2884 21
2885 21
2886 21
2887 21
2888 21
2889 21
2890 21
2891 21
2892 21
2903 21
2904 21
2905 21
2906 21
2907 21
2908 21
2909 21
2910 21
2911 21
2912 21
2923 21
2924 21
2925 21
2926 21
2927 21
2928 21
2929 21
2930 21
2931 21
2932 21
2943 21
2944 21
2945 21
2946 21
2947 21
2948 21
2949 21
2950 21
2951 21
2952 21
2963 21
2964 21
2965 21
2966 21
2967 21
2968 21
2969 21
2970 21
2971 21
2972 21
2983 22
2984 22
2985 22
2986 22
2987 22
2988 22
2989 22
2990 22
2991 22
2992 22
3003 22
3004 22
3005 22
3006 22
3007 22
3008 22
3009 22
3010 22
3011 22
3012 22
3023 21
3024 21
3025 21
3026 22
3027 22
3028 22
3029 22
3030 22
3031 22
3032 22
3033 22
3034 22
3035 22
3036 22
3047 22
3048 22
3049 22
3050 22
3051 22
3052 22
3053 22
3054 22
3055 22
3056 22
3067 22
3068 22
3069 22
3070 22
3071 22
3072 22
3073 22
3074 22
3075 22
3076 22
3087 22
3088 22
3089 22
3090 22
3091 22
3092 22
3093 22
3094 22
3095 22
3096 22
3107 22
3108 22
3109 22
3110 22
3111 22
3112 22
3113 22
3114 22
3115 22
3116 22
3127 21
3128 21
3129 21
3130 21
3131 21
3132 21
3133 21
3134 21
3135 21
3136 21
3147 21
3148 21
3149 21
3150 21
3151 21
3152 21
3153 21
3154 21
3155 21
3156 21
3167 21
3168 21
3169 21
3170 21
3171 21
3172 21
3173 21
3174 21
3175 21
3176 21
3187 20
3188 20
3189 20
3190 20
3191 20
3192 20
3193 20
3194 20
3195 20
3196 20
3207 20
3208 20
3209 20
3210 20
3211 20
3212 20
3213 20
3214 20
3215 20
3216 20
3227 20
3228 20
3229 20
3230 20
3231 20
3232 20
3233 20
3234 20
3235 20
3236 20
3247 20
3248 20
3249 20
3250 20
3251 20
3252 20
3253 20
3254 20
3255 20
3256 20
3267 20
3268 20
3269 20
3270 20
3271 20
3272 20
3273 20
3274 21
3275 21
3276 21
3277 21
3278 21
3279 21
3280 21
3281 21
3282 21
3283 21
3284 21
3295 21
3296 21
3297 21
3298 21
3299 21
3300 21
3301 21
3302 21
3303 21
3304 21
3315 21
3316 21
3317 21
3318 21
3319 21
3320 21
3321 21
3322 21
3323 21
3324 21
3335 20
3336 20
3337 20
3338 20
3339 20
3340 20
3341 20
3342 20
3343 20
3344 20
3355 21
3356 21
3357 21
3358 21
3359 21
3360 21
3361 21
3362 21
3363 21
3364 21
3375 21
3376 21
3377 21
3378 21
3379 21
3380 21
3381 21
3382 21
3383 21
3384 21
3395 21
3396 21
3397 21
3398 22
3399 22
3400 22
3401 22
3402 22
3403 22
3404 22
3405 22
3406 22
3407 22
3408 22
3419 22
3420 22
3421 22
3422 22
3423 22
3424 22
3425 22
3426 22
3427 22
3428 22
3439 21
3440 21
3441 21
3442 21
3443 21
3444 21
3445 21
3446 21
3447 21
3448 21
3459 21
3460 21
3461 21
3462 21
3463 22
3464 22
3465 22
3466 22
3467 22
3468 22
3469 22
3470 22
3471 22
3472 22
3473 22
3484 22
3485 22
3486 22
3487 22
3488 22
3489 22
3490 22
3491 22
3492 23
3493 23
3494 23
3495 23
3496 23
3497 23
3498 23
3499 23
3500 23
3501 23
3502 23
3513 23
3514 23
3515 23
3516 23
3517 23
3518 23
3519 23
3520 23
3521 23
3522 23
3533 23
3534 23
3535 23
3536 23
3537 23
3538 23
3539 23
3540 23
3541 23
3542 23
3553 23
3554 23
3555 23
3556 23
3557 23
3558 23
3559 23
3560 23
3561 23
3562 23
3573 22
3574 22
3575 22
3576 22
3577 22
3578 22
3579 22
3580 22
3581 22
3582 22
3593 21
3594 21
3595 21
3596 21
3597 21
3598 21
3599 21
3600 21
3601 21
3602 21
3613 21
3614 21
3615 21
3616 21
3617 21
3618 21
3619 21
3620 21
3621 21
3622 21
3633 21
3634 21
3635 21
3636 21
3637 21
3638 21
3639 21
3640 21
3641 22
3642 22
3643 22
3644 22
3645 22
3646 22
3647 22
3648 22
3649 22
3650 22
3651 23
3652 23
3653 23
3654 23
3655 23
3656 23
3657 23
3658 23
3659 23
3660 23
3661 23
3672 23
3673 23
3674 23
3675 23
3676 23
3677 23
3678 23
3679 23
3680 23
3681 23
3692 23
3693 23
3694 23
3695 23
3696 23
3697 23
3698 23
3699 23
3700 23
3701 23
3712 23
3713 23
3714 23
3715 23
3716 23
3717 23
3718 23
3719 23
3720 23
3721 23
3732 22
3733 22
3734 22
3735 22
3736 22
3737 22
3738 22
3739 22
3740 22
3741 22
3752 22
3753 22
3754 22
3755 22
3756 22
3757 22
3758 22
3759 22
3760 22
3761 22
3772 22
3773 22
3774 22
3775 22
3776 22
3777 22
3778 22
3779 22
3780 22
3781 22
3792 22
3793 22
3794 22
3795 22
3796 22
3797 22
3798 22
3799 22
3800 22
3801 22
3812 22
3813 22
3814 22
3815 22
3816 22
3817 22
3818 22
3819 22
3820 22
3821 22
3832 20
3833 20
3834 20
3835 20
3836 20
3837 20
3838 20
3839 20
3840 20
3841 20
3852 20
3853 20
3854 20
3855 20
3856 20
3857 20
3858 20
3859 20
3860 20
3861 20
3872 20
3873 20
3874 20
3875 20
3876 20
3877 20
3878 20
3879 20
3880 20
3881 20
3892 19
3893 19
3894 19
3895 19
3896 19
3897 19
3898 19
3899 19
3900 19
3901 19
3912 19
3913 19
3914 19
3915 19
3916 19
3917 19
3918 19
3919 19
3920 19
3921 19
3932 20
3933 20
3934 20
3935 20
3936 20
3937 20
3938 20
3939 20
3940 20
3941 20
3952 21
3953 21
3954 21
3955 21
3956 21
3957 21
3958 21
3959 21
3960 21
3961 21
3972 21
3973 21
3974 21
3975 21
3976 21
3977 21
3978 21
3979 21
3980 21
3981 21
3992 22
3993 22
3994 22
3995 22
3996 22
3997 22
3998 22
3999 22
4000 22
4001 22
4012 22
4013 22
4014 22
4015 22
4016 22
4017 22
4018 22
4019 22
4020 22
4021 22
4032 21
4033 21
4034 21
4035 21
4036 21
4037 21
4038 21
4039 21
4040 21
4041 21
4052 20
4053 20
4054 20
4055 20
4056 20
4057 20
4058 20
4059 20
4060 20
4061 20
4072 20
4073 20
4074 20
4075 20
4076 20
4077 20
4078 20
4079 20
4080 20
4081 20
4092 20
4093 20
4094 20
4095 20
4096 20
4097 20
4098 20
4099 20
4100 20
4101 20
4112 20
4113 20
4114 20
4115 20
4116 20
4117 20
4118 20
4119 20
4120 20
4121 21
4122 21
4123 21
4124 21
4125 21
4126 21
4127 21
4128 21
4129 21
4130 22
4131 22
4132 22
4133 22
4134 22
4135 22
4136 22
4137 22
4138 22
4139 22
4140 22
4151 22
4152 22
4153 22
4154 22
4155 22
4156 22
4157 22
4158 22
4159 22
4160 22
4171 23
4172 23
4173 23
4174 23
4175 23
4176 23
4177 23
4178 23
4179 23
4180 23
4191 24
4192 24
4193 24
4194 24
4195 24
4196 24
4197 24
4198 24
4199 24
4200 24
4211 24
4212 24
4213 24
4214 24
4215 24
4216 24
4217 24
4218 24
4219 24
4220 24
4231 23
4232 23
4233 23
4234 23
4235 23
4236 23
4237 23
4238 23
4239 23
4240 23
4251 23
4252 23
4253 23
4254 23
4255 23
4256 23
4257 23
4258 23
4259 23
4260 23
4271 22
4272 22
4273 22
4274 22
4275 22
4276 22
4277 22
4278 22
4279 22
4280 22
4291 22
4292 22
4293 22
4294 22
4295 22
4296 22
4297 22
4298 22
4299 22
4300 22
4311 22
4312 22
4313 22
4314 22
4315 22
4316 22
4317 22
4318 22
4319 22
4320 22
4331 22
4332 22
4333 22
4334 22
4335 22
4336 22
4337 22
4338 22
4339 22
4340 22
4351 22
4352 22
4353 22
4354 22
4355 22
4356 22
4357 22
4358 22
4359 22
4360 22
4371 22
4372 22
4373 22
4374 22
4375 22
4376 22
4377 22
4378 22
4379 22
4380 22
4391 21
4392 21
4393 21
4394 21
4395 21
4396 21
4397 21
4398 21
4399 21
4400 21
4411 21
4412 21
4413 21
4414 21
4415 21
4416 21
4417 21
4418 21
4419 21
4420 21
4431 21
4432 21
4433 21
4434 21
4435 21
4436 21
4437 21
4438 21
4439 21
4440 21
4451 21
4452 21
4453 21
4454 21
4455 21
4456 21
4457 21
4458 21
4459 21
4460 21
4471 21
4472 21
4473 21
4474 21
4475 21
4476 21
4477 21
4478 21
4479 21
4480 21
4491 21
4492 21
4493 21
4494 21
4495 21
4496 21
4497 21
4498 21
4499 21
4500 21
4511 21
4512 21
4513 21
4514 21
4515 21
4516 21
4517 21
4518 21
4519 21
4520 21
4531 21
4532 21
4533 21
4534 21
4535 21
4536 21
4537 21
4538 21
4539 21
4540 21
4551 21
4552 21
4553 21
4554 21
4555 21
4556 21
4557 21
4558 21
4559 21
4560 21
4571 21
4572 21
4573 21
4574 21
4575 21
4576 21
4577 21
4578 21
4579 21
4580 21
4591 21
4592 21
4593 21
4594 21
4595 21
4596 21
4597 21
4598 21
4599 21
4600 21
4611 21
4612 21
4613 21
4614 21
4615 21
4616 21
4617 21
4618 21
4619 21
4620 21
4631 21
4632 21
4633 21
4634 21
4635 21
4636 21
4637 21
4638 21
4639 21
4640 21
4651 21
4652 21
4653 21
4654 21
4655 21
4656 21
4657 21
4658 21
4659 21
4660 21
4671 20
4672 20
4673 20
4674 20
4675 20
4676 20
4677 20
4678 20
4679 20
4680 20
4691 20
4692 20
4693 20
4694 20
4695 20
4696 20
4697 20
4698 20
4699 20
4700 20
4711 19
4712 19
4713 19
4714 19
4715 19
4716 19
4717 19
4718 19
4719 19
4720 19
4731 16
4732 16
4733 16
4734 16
4735 16
4736 16
4737 16
4738 16
4739 16
4740 16
4751 16
4752 16
4753 16
4754 16
4755 16
4756 16
4757 16
4758 16
4759 16
4760 16
4771 16
4772 16
4773 16
4774 16
4775 16
4776 16
4777 16
4778 16
4779 16
4780 16
4791 15
4792 15
4793 15
4794 15
4795 15
4796 15
4797 15
4798 15
4799 15
4800 15
4811 14
4812 14
4813 14
4814 14
4815 14
4816 14
4817 14
4818 14
4819 14
4820 14
4831 14
4832 14
4833 15
4834 15
4835 15
4836 15
4837 15
4838 15
4839 15
4840 15
4841 15
4842 15
4843 15
4854 15
4855 15
4856 15
4857 15
4858 15
4859 15
4860 15
4861 15
4862 15
4863 15
4874 15
4875 15
4876 15
4877 15
4878 15
4879 15
4880 15
4881 15
4882 15
4883 15
4894 15
4895 15
4896 15
4897 15
4898 15
4899 15
4900 15
4901 15
4902 15
4903 15
4914 15
4915 15
4916 15
4917 15
4918 15
4919 15
4920 15
4921 15
4922 15
4923 15
4934 15
4935 15
4936 15
4937 15
4938 15
4939 15
4940 15
4941 15
4942 15
4943 15
4954 15
4955 15
4956 15
4957 15
4958 15
4959 15
4960 15
4961 15
4962 15
4963 15
4974 15
4975 15
4976 15
4977 15
4978 15
4979 15
4980 15
4981 15
4982 15
4983 15
4994 15
4995 15
4996 15
4997 15
4998 15
4999 15
