0 2650843.0
1 2648541.0
2 2643940.0
3 2643940.0
4 2643940.0
5 2643940.0
6 2643940.0
7 2643940.0
8 2643940.0
9 2643940.0
10 2643940.0
11 2643940.0
12 2643940.0
23 2643940.0
24 2643940.0
25 2639343.0
26 2639343.0
27 2634750.0
28 2634750.0
29 2630162.0
30 2630162.0
31 2630162.0
32 2630162.0
33 2630162.0
34 2630162.0
35 2630162.0
36 2618708.0
37 2618708.0
38 2618708.0
39 2548365.0
40 2546108.0
41 2543852.0
42 2541597.0
43 2541597.0
44 2541597.0
45 2541597.0
46 2539343.0
47 2537090.0
48 2537090.0
49 2537090.0
50 2537090.0
51 2537090.0
52 2537090.0
53 2537090.0
54 2537090.0
55 2537090.0
56 2537090.0
57 2537090.0
68 2496742.0
69 2490043.0
70 2481127.0
71 2478903.0
72 2478903.0
73 2476677.0
74 2476677.0
75 2476677.0
76 2447838.0
77 2447838.0
78 2445629.0
79 2443418.0
80 2408203.0
81 2406016.0
82 2403831.0
83 2403831.0
84 2403831.0
85 2403831.0
86 2403831.0
87 2401639.0
88 2401639.0
89 2401639.0
90 2401639.0
91 2399448.0
92 2399448.0
93 2397258.0
94 2377600.0
95 2377600.0
96 2377600.0
97 2377600.0
98 2377600.0
99 2377600.0
100 2375420.0
101 2375420.0
102 2362367.0
103 2362367.0
104 2362367.0
105 2362367.0
106 2353681.0
107 2353681.0
108 2349344.0
109 2349344.0
110 2345011.0
111 2345011.0
112 2345011.0
113 2345011.0
114 2342846.0
115 2116235.0
116 2114223.0
117 2112416.0
118 2110846.0
119 2109620.0
120 2109620.0
121 2109620.0
122 2109620.0
123 2109620.0
124 2109620.0
125 2109620.0
126 2105517.0
127 2105517.0
128 2105517.0
129 2103467.0
130 2103467.0
131 2103467.0
132 2103467.0
133 2103467.0
134 2103467.0
135 2103467.0
136 2101418.0
137 2101418.0
138 2101418.0
139 2101418.0
140 2101418.0
141 2101418.0
142 2097323.0
143 2093233.0
144 2093233.0
145 2070811.0
146 2066746.0
147 2066746.0
148 2064715.0
149 2064715.0
150 2064715.0
151 2064715.0
152 2062685.0
153 2062685.0
154 2062685.0
155 2062685.0
156 2058628.0
157 2058628.0
158 2058628.0
159 2058628.0
160 2056601.0
161 2056601.0
162 2056601.0
163 2056601.0
164 2056601.0
165 2054575.0
166 2054575.0
167 2054575.0
168 2054575.0
169 2054575.0
170 2054575.0
171 2054575.0
172 2044461.0
173 2042441.0
174 2042441.0
175 2040422.0
176 2040422.0
177 2040422.0
178 2040422.0
179 2040422.0
180 2040422.0
181 2040422.0
182 2040422.0
183 2040422.0
184 2034371.0
185 2034371.0
186 2032356.0
187 2032324.0
188 2028329.0
189 2028329.0
190 2028329.0
191 2028329.0
192 2028329.0
193 2018285.0
194 2014273.0
195 2004262.0
196 2004262.0
197 2004262.0
198 2004262.0
199 2004262.0
200 1998266.0
201 1998266.0
202 1998266.0
203 1998266.0
204 1992279.0
205 1992279.0
206 1974400.0
207 1972415.0
208 1972415.0
209 400799.0
210 400799.0
211 400651.0
212 400626.0
213 400626.0
214 399799.0
215 399779.0
216 399579.0
217 399358.0
218 397708.0
219 394421.0
220 393604.0
221 393604.0
222 393462.0
223 393382.0
224 392574.0
225 391768.0
226 391670.0
227 391578.0
228 391489.0
229 390697.0
230 390697.0
231 390697.0
232 390634.0
233 390542.0
234 390222.0
235 390169.0
236 389408.0
237 389388.0
238 389388.0
239 387816.0
240 387816.0
241 387061.0
242 378256.0
243 378072.0
244 378072.0
245 378072.0
246 378022.0
247 377980.0
248 377254.0
249 377233.0
250 377233.0
251 377233.0
252 376522.0
253 375813.0
254 375796.0
255 375670.0
256 375670.0
257 375670.0
258 374973.0
259 374284.0
260 374201.0
261 373515.0
262 373515.0
263 372831.0
264 372831.0
265 372831.0
266 372831.0
267 372225.0
268 371546.0
269 338041.0
270 337292.0
271 336545.0
272 336545.0
273 335824.0
274 335824.0
275 335710.0
276 335050.0
277 335050.0
278 335050.0
279 334421.0
280 334421.0
281 333051.0
282 333051.0
283 333051.0
284 333051.0
285 332438.0
286 331836.0
287 331831.0
288 330493.0
289 330254.0
290 329659.0
291 329659.0
292 329659.0
293 329659.0
294 329659.0
295 329624.0
296 329624.0
297 329031.0
298 329031.0
299 324804.0
300 324804.0
301 324804.0
302 324804.0
303 324433.0
304 324433.0
305 324433.0
306 324198.0
307 324198.0
308 324198.0
309 324198.0
310 324198.0
311 323651.0
312 323651.0
313 323651.0
314 323651.0
315 323651.0
316 323651.0
317 323106.0
318 323106.0
319 320381.0
320 320021.0
321 319482.0
322 318945.0
323 318411.0
324 318411.0
325 317926.0
326 317926.0
327 317926.0
328 317926.0
329 317926.0
330 317926.0
331 317926.0
332 317926.0
333 317926.0
334 317926.0
335 317926.0
346 314945.0
347 314945.0
348 314519.0
349 314519.0
350 314519.0
351 314305.0
352 314305.0
353 314305.0
354 314305.0
355 313241.0
356 313241.0
357 313241.0
358 313241.0
359 312900.0
360 312900.0
361 312900.0
362 312564.0
363 312232.0
364 312232.0
365 311902.0
366 311902.0
367 305237.0
368 303837.0
369 303837.0
370 303837.0
371 303837.0
372 303837.0
373 302158.0
374 301908.0
375 301908.0
376 300369.0
377 300272.0
378 300271.0
379 299581.0
380 298282.0
381 296996.0
382 296887.0
383 296789.0
384 296701.0
385 296701.0
386 296616.0
387 296614.0
388 296415.0
389 296415.0
390 276026.0
391 275391.0
392 275391.0
393 275391.0
394 275391.0
395 275391.0
396 274041.0
397 274041.0
398 274041.0
399 273390.0
400 273390.0
401 273390.0
402 273390.0
403 273390.0
404 273390.0
405 273390.0
406 273390.0
407 273260.0
408 273260.0
409 273260.0
410 273260.0
411 273260.0
412 273260.0
413 273260.0
414 273260.0
415 273260.0
416 273260.0
417 273260.0
428 270662.0
429 270015.0
430 270015.0
431 270015.0
432 270015.0
433 269369.0
434 269369.0
435 269369.0
436 269369.0
437 269369.0
438 269369.0
439 269369.0
440 269369.0
441 269369.0
442 269369.0
443 269369.0
454 270255.0
455 270255.0
456 270052.0
457 270052.0
458 266392.0
459 264878.0
460 264878.0
461 264767.0
462 264240.0
463 264240.0
464 259178.0
465 258564.0
466 258564.0
467 258564.0
468 258564.0
469 258564.0
470 258564.0
471 258564.0
472 258564.0
473 258564.0
474 257936.0
475 257309.0
476 257309.0
477 257309.0
478 257309.0
479 257309.0
480 257309.0
481 257309.0
482 257309.0
483 257309.0
484 257309.0
485 257309.0
496 230732.0
497 226744.0
498 226586.0
499 226561.0
500 226561.0
501 226561.0
502 226122.0
503 226122.0
504 225781.0
505 225781.0
506 225622.0
507 225611.0
508 225454.0
509 225454.0
510 223709.0
511 223709.0
512 223630.0
513 223630.0
514 223630.0
515 223630.0
516 223630.0
517 223630.0
518 223630.0
519 223373.0
520 223373.0
521 223373.0
522 223373.0
523 223373.0
524 223373.0
525 223373.0
526 223373.0
527 222539.0
528 222539.0
529 222539.0
530 221422.0
531 221422.0
532 221422.0
533 218573.0
534 218372.0
535 215747.0
536 215747.0
537 215747.0
538 215747.0
539 215747.0
540 215747.0
541 215747.0
542 215747.0
543 215747.0
544 215747.0
545 215747.0
556 220198.0
557 220198.0
558 219696.0
559 219614.0
560 219154.0
561 218753.0
562 218577.0
563 218577.0
564 218577.0
565 218577.0
566 218577.0
567 218577.0
568 218577.0
569 218577.0
570 218577.0
571 218577.0
572 218577.0
583 219146.0
584 219146.0
585 219146.0
586 219146.0
587 219146.0
588 219146.0
589 219146.0
590 219146.0
591 219146.0
592 219146.0
603 216318.0
604 216318.0
605 216318.0
606 216318.0
607 212959.0
608 212401.0
609 212401.0
610 212334.0
611 212202.0
612 212140.0
613 211589.0
614 210492.0
615 210426.0
616 210426.0
617 210426.0
618 210426.0
619 210426.0
620 209449.0
621 209449.0
622 209393.0
623 209393.0
624 209393.0
625 209393.0
626 209393.0
627 209363.0
628 209363.0
629 209363.0
630 209363.0
631 209363.0
632 209363.0
633 209363.0
634 209363.0
635 209030.0
636 205182.0
637 205121.0
638 204637.0
639 204637.0
640 204637.0
641 204092.0
642 204092.0
643 204092.0
644 204092.0
645 204092.0
646 204092.0
647 204092.0
648 204092.0
649 204092.0
650 204092.0
651 204067.0
652 204067.0
653 204067.0
654 204067.0
655 203963.0
656 203963.0
657 203963.0
658 203963.0
659 203963.0
660 203963.0
661 203417.0
662 203417.0
663 203417.0
664 203417.0
665 203417.0
666 203417.0
667 203417.0
668 203417.0
669 203417.0
670 203417.0
671 203417.0
682 204932.0
683 204932.0
684 204486.0
685 204486.0
686 204486.0
687 204299.0
688 204126.0
689 203969.0
690 203969.0
691 203969.0
692 203423.0
693 203423.0
694 203423.0
695 202878.0
696 202878.0
697 202334.0
698 202334.0
699 202232.0
700 201951.0
701 201951.0
702 198556.0
703 198556.0
704 198556.0
705 198556.0
706 198556.0
707 198556.0
708 198556.0
709 198556.0
710 198556.0
711 198556.0
712 180055.0
713 178958.0
714 178955.0
715 178951.0
716 178783.0
717 178783.0
718 178727.0
719 178727.0
720 178727.0
721 177731.0
722 177566.0
723 177566.0
724 177566.0
725 177450.0
726 177089.0
727 177089.0
728 176761.0
729 176742.0
730 174768.0
731 174351.0
732 174351.0
733 174351.0
734 174351.0
735 174351.0
736 174351.0
737 174050.0
738 174050.0
739 174050.0
740 174050.0
741 174050.0
742 174050.0
743 173062.0
744 172978.0
745 172570.0
746 172570.0
747 172570.0
748 172570.0
749 172570.0
750 172570.0
751 172570.0
752 172570.0
753 172570.0
754 172570.0
755 172570.0
766 170119.0
767 170119.0
768 170119.0
769 170119.0
770 170119.0
771 170119.0
772 170119.0
773 164797.0
774 164797.0
775 164422.0
776 163939.0
777 163939.0
778 163466.0
779 163400.0
780 163400.0
781 163400.0
782 163400.0
783 163400.0
784 163400.0
785 163324.0
786 163324.0
787 163324.0
788 163324.0
789 163016.0
790 163016.0
791 162915.0
792 162915.0
793 162915.0
794 162915.0
795 162915.0
796 162915.0
797 162915.0
798 162440.0
799 162440.0
800 162440.0
801 160083.0
802 160083.0
803 160083.0
804 160083.0
805 160083.0
806 160083.0
807 160083.0
808 160083.0
809 160083.0
810 160083.0
811 160083.0
822 155909.0
823 155824.0
824 155449.0
825 155449.0
826 155449.0
827 155449.0
828 155449.0
829 155449.0
830 155449.0
831 155449.0
832 155449.0
833 155449.0
834 155449.0
845 164265.0
846 164265.0
847 164265.0
848 164265.0
849 164265.0
850 163679.0
851 163679.0
852 163679.0
853 163679.0
854 163230.0
855 163230.0
856 163230.0
857 163230.0
858 163230.0
859 163230.0
860 163230.0
861 163230.0
862 163230.0
863 163230.0
864 163230.0
875 163873.0
876 163579.0
877 163579.0
878 163579.0
879 163579.0
880 163579.0
881 163493.0
882 163493.0
883 162165.0
884 162165.0
885 162165.0
886 162165.0
887 162165.0
888 162165.0
889 162165.0
890 162165.0
891 162165.0
892 162165.0
893 162165.0
904 162121.0
905 162121.0
906 162121.0
907 162121.0
908 162121.0
909 162121.0
910 162121.0
911 162121.0
912 162121.0
913 162121.0
924 163696.0
925 163696.0
926 163696.0
927 163696.0
928 163696.0
929 163696.0
930 163667.0
931 163667.0
932 163667.0
933 163667.0
934 163667.0
935 163667.0
936 163667.0
937 163667.0
938 163667.0
939 163667.0
940 163667.0
951 163667.0
952 163667.0
953 163667.0
954 163600.0
955 163186.0
956 163186.0
957 163186.0
958 162983.0
959 162983.0
960 162983.0
961 162983.0
962 162983.0
963 162983.0
964 162983.0
965 160107.0
966 160107.0
967 154489.0
968 154392.0
969 153017.0
970 152901.0
971 152749.0
972 152749.0
973 152749.0
974 152749.0
975 152393.0
976 152051.0
977 151761.0
978 151761.0
979 151761.0
980 151761.0
981 151761.0
982 151303.0
983 151303.0
984 151303.0
985 151303.0
986 151303.0
987 151303.0
988 151303.0
989 151303.0
990 151303.0
991 151303.0
992 151303.0
1003 151359.0
1004 151359.0
1005 151359.0
1006 151359.0
1007 151359.0
1008 151359.0
1009 145168.0
1010 145146.0
1011 145146.0
1012 145146.0
1013 145042.0
1014 143430.0
1015 143430.0
1016 143430.0
1017 143362.0
1018 143362.0
1019 143362.0
1020 142914.0
1021 142914.0
1022 142914.0
1023 142914.0
1024 142914.0
1025 142833.0
1026 142833.0
1027 142833.0
1028 142833.0
1029 142833.0
1030 142833.0
1031 142833.0
1032 142833.0
1033 142833.0
1034 142833.0
1035 142833.0
1046 152995.0
1047 152995.0
1048 152995.0
1049 152995.0
1050 152995.0
1051 152862.0
1052 152862.0
1053 152862.0
1054 152862.0
1055 152862.0
1056 152862.0
1057 151440.0
1058 151440.0
1059 151440.0
1060 151440.0
1061 148807.0
1062 148807.0
1063 148385.0
1064 148385.0
1065 147831.0
1066 147831.0
1067 147831.0
1068 147831.0
1069 147831.0
1070 147831.0
1071 147831.0
1072 147831.0
1073 147831.0
1074 147831.0
1075 145484.0
1076 145484.0
1077 145484.0
1078 145484.0
1079 145484.0
1080 145484.0
1081 145484.0
1082 145484.0
1083 145484.0
1084 145484.0
1085 145484.0
1096 144583.0
1097 144583.0
1098 144583.0
1099 144257.0
1100 144257.0
1101 144257.0
1102 144257.0
1103 144257.0
1104 144257.0
1105 144257.0
1106 144257.0
1107 144257.0
1108 144257.0
1109 144257.0
1120 143002.0
1121 142528.0
1122 142528.0
1123 142298.0
1124 142298.0
1125 142298.0
1126 142298.0
1127 142298.0
1128 142298.0
1129 142298.0
1130 142298.0
1131 142298.0
1132 142298.0
1133 142298.0
1144 144693.0
1145 144693.0
1146 144693.0
1147 144693.0
1148 144693.0
1149 144693.0
1150 144693.0
1151 144693.0
1152 144326.0
1153 144326.0
1154 144326.0
1155 144326.0
1156 144326.0
1157 143497.0
1158 143497.0
1159 143438.0
1160 143438.0
1161 143438.0
1162 143174.0
1163 143174.0
1164 143174.0
1165 143027.0
1166 143027.0
1167 143027.0
1168 143027.0
1169 142452.0
1170 137875.0
1171 137875.0
1172 137875.0
1173 137875.0
1174 136968.0
1175 136968.0
1176 136968.0
1177 136968.0
1178 136968.0
1179 136968.0
1180 136968.0
1181 136968.0
1182 136968.0
1183 136968.0
1184 136968.0
1195 137875.0
1196 137875.0
1197 137875.0
1198 137875.0
1199 137875.0
1200 137875.0
1201 137875.0
1202 137875.0
1203 135618.0
1204 135618.0
1205 135618.0
1206 135618.0
1207 135618.0
1208 135618.0
1209 135618.0
1210 135618.0
1211 135618.0
1212 135618.0
1213 135618.0
1224 138579.0
1225 138435.0
1226 138099.0
1227 138099.0
1228 138099.0
1229 138099.0
1230 138099.0
1231 137900.0
1232 137900.0
1233 137900.0
1234 137900.0
1235 137900.0
1236 137900.0
1237 137334.0
1238 137334.0
1239 137334.0
1240 137253.0
1241 137253.0
1242 137253.0
1243 137253.0
1244 136918.0
1245 136900.0
1246 135636.0
1247 135636.0
1248 135636.0
1249 135636.0
1250 135636.0
1251 135636.0
1252 135636.0
1253 135636.0
1254 135636.0
1255 135636.0
1256 135636.0
1267 135636.0
1268 135636.0
1269 135636.0
1270 135211.0
1271 135211.0
1272 135211.0
1273 135211.0
1274 135211.0
1275 135211.0
1276 135211.0
1277 135211.0
1278 135211.0
1279 135211.0
1280 135211.0
1291 135211.0
1292 135211.0
1293 135211.0
1294 135211.0
1295 135211.0
1296 135211.0
1297 135208.0
1298 135208.0
1299 135208.0
1300 135208.0
1301 135208.0
1302 135208.0
1303 135208.0
1304 135208.0
1305 134300.0
1306 134300.0
1307 134300.0
1308 134300.0
1309 134300.0
1310 134300.0
1311 134300.0
1312 134300.0
1313 134300.0
1314 134300.0
1315 134300.0
1326 136032.0
1327 136017.0
1328 136017.0
1329 135979.0
1330 132872.0
1331 132528.0
1332 132528.0
1333 132502.0
1334 132502.0
1335 132502.0
1336 132502.0
1337 132502.0
1338 132502.0
1339 132493.0
1340 132493.0
1341 132493.0
1342 132493.0
1343 132493.0
1344 132493.0
1345 132029.0
1346 131602.0
1347 131602.0
1348 131593.0
1349 131593.0
1350 131593.0
1351 131144.0
1352 131144.0
1353 130696.0
1354 130696.0
1355 130696.0
1356 130696.0
1357 130696.0
1358 125842.0
1359 125409.0
1360 125237.0
1361 125237.0
1362 124979.0
1363 124979.0
1364 124979.0
1365 124979.0
1366 124979.0
1367 124979.0
1368 124979.0
1369 124979.0
1370 124979.0
1371 124979.0
1372 124979.0
1383 132045.0
1384 132045.0
1385 132045.0
1386 132045.0
1387 132045.0
1388 132045.0
1389 132045.0
1390 132045.0
1391 132045.0
1392 132045.0
1403 134787.0
1404 134787.0
1405 134787.0
1406 134787.0
1407 134787.0
1408 134787.0
1409 134787.0
1410 134787.0
1411 134444.0
1412 134444.0
1413 134444.0
1414 134444.0
1415 134444.0
1416 134444.0
1417 134444.0
1418 134209.0
1419 134209.0
1420 134209.0
1421 134209.0
1422 133296.0
1423 133296.0
1424 133296.0
1425 133296.0
1426 132845.0
1427 132845.0
1428 132395.0
1429 132395.0
1430 132395.0
1431 132395.0
1432 132395.0
1433 132395.0
1434 132395.0
1435 132395.0
1436 132395.0
1437 131499.0
1438 131499.0
1439 131499.0
1440 131499.0
1441 131499.0
1442 131499.0
1443 131499.0
1444 131499.0
1445 131499.0
1446 131499.0
1447 131499.0
1458 131499.0
1459 131499.0
1460 131499.0
1461 131499.0
1462 131499.0
1463 129402.0
1464 129400.0
1465 128974.0
1466 128974.0
1467 128974.0
1468 128974.0
1469 128974.0
1470 128974.0
1471 128974.0
1472 128974.0
1473 128974.0
1474 128974.0
1475 128974.0
1486 143462.0
1487 143462.0
1488 140652.0
1489 140652.0
1490 140652.0
1491 140652.0
1492 140652.0
1493 140652.0
1494 140652.0
1495 140178.0
1496 140178.0
1497 139252.0
1498 139252.0
1499 139252.0
1500 139252.0
1501 139252.0
1502 139252.0
1503 139252.0
1504 138790.0
1505 138790.0
1506 138790.0
1507 138790.0
1508 138790.0
1509 138790.0
1510 138790.0
1511 138790.0
1512 138790.0
1513 138790.0
1514 138790.0
1525 139714.0
1526 139714.0
1527 139714.0
1528 139714.0
1529 139714.0
1530 130714.0
1531 129389.0
1532 129286.0
1533 129286.0
1534 129286.0
1535 129286.0
1536 129286.0
1537 129090.0
1538 128315.0
1539 123707.0
1540 123707.0
1541 123707.0
1542 123707.0
1543 123707.0
1544 123707.0
1545 123645.0
1546 123425.0
1547 123425.0
1548 123425.0
1549 123425.0
1550 123425.0
1551 123425.0
1552 123425.0
1553 123425.0
1554 123425.0
1555 123425.0
1556 123210.0
1557 123210.0
1558 123210.0
1559 123210.0
1560 123210.0
1561 123210.0
1562 123210.0
1563 123210.0
1564 123210.0
1565 123210.0
1566 123210.0
1577 123210.0
1578 123210.0
1579 123210.0
1580 123210.0
1581 123210.0
1582 123210.0
1583 123210.0
1584 123210.0
1585 123210.0
1586 123210.0
1597 123635.0
1598 123635.0
1599 123635.0
1600 123542.0
1601 123542.0
1602 123542.0
1603 123542.0
1604 123542.0
1605 123542.0
1606 123542.0
1607 123542.0
1608 123542.0
1609 123542.0
1610 123542.0
1621 124612.0
1622 124612.0
1623 124612.0
1624 124612.0
1625 124612.0
1626 124612.0
1627 124612.0
1628 124612.0
1629 124612.0
1630 124612.0
1641 117546.0
1642 117546.0
1643 117536.0
1644 117536.0
1645 117536.0
1646 117536.0
1647 117536.0
1648 117536.0
1649 117536.0
1650 117536.0
1651 117536.0
1652 117536.0
1653 117484.0
1654 117484.0
1655 117484.0
1656 117451.0
1657 116299.0
1658 116299.0
1659 116299.0
1660 116299.0
1661 115988.0
1662 115679.0
1663 115679.0
1664 115679.0
1665 115679.0
1666 112232.0
1667 112232.0
1668 112232.0
1669 112232.0
1670 112232.0
1671 112089.0
1672 112089.0
1673 112089.0
1674 112089.0
1675 112089.0
1676 112089.0
1677 112089.0
1678 112089.0
1679 112089.0
1680 112089.0
1681 112089.0
1692 113440.0
1693 113440.0
1694 113440.0
1695 113440.0
1696 113440.0
1697 113137.0
1698 113137.0
1699 113137.0
1700 113137.0
1701 113137.0
1702 113137.0
1703 113137.0
1704 113137.0
1705 112937.0
1706 112937.0
1707 112937.0
1708 112937.0
1709 112937.0
1710 112937.0
1711 112937.0
1712 112937.0
1713 112937.0
1714 112937.0
1715 112937.0
1726 114029.0
1727 114029.0
1728 114029.0
1729 114029.0
1730 113697.0
1731 113697.0
1732 113697.0
1733 113697.0
1734 113697.0
1735 110954.0
1736 110954.0
1737 110776.0
1738 110776.0
1739 110776.0
1740 110776.0
1741 110634.0
1742 110634.0
1743 110634.0
1744 110634.0
1745 110634.0
1746 110634.0
1747 110634.0
1748 110229.0
1749 110229.0
1750 110229.0
1751 109825.0
1752 109825.0
1753 109825.0
1754 109422.0
1755 109422.0
1756 109033.0
1757 109033.0
1758 109033.0
1759 109033.0
1760 109033.0
1761 109033.0
1762 109033.0
1763 109033.0
1764 109033.0
1765 109033.0
1766 109033.0
1777 109436.0
1778 109436.0
1779 109436.0
1780 109436.0
1781 109436.0
1782 109436.0
1783 109436.0
1784 109436.0
1785 109436.0
1786 109436.0
1797 110535.0
1798 110245.0
1799 110245.0
1800 110245.0
1801 110245.0
1802 110245.0
1803 109840.0
1804 109840.0
1805 109036.0
1806 109036.0
1807 109036.0
1808 109036.0
1809 109036.0
1810 109036.0
1811 109036.0
1812 109036.0
1813 109036.0
1814 109036.0
1815 109036.0
1826 109338.0
1827 109338.0
1828 109036.0
1829 109036.0
1830 109036.0
1831 109036.0
1832 109036.0
1833 109036.0
1834 109036.0
1835 109036.0
1836 109036.0
1837 109036.0
1838 109036.0
1849 109974.0
1850 109974.0
1851 109974.0
1852 109208.0
1853 109208.0
1854 109036.0
1855 109036.0
1856 109036.0
1857 109036.0
1858 108432.0
1859 108432.0
1860 108432.0
1861 108432.0
1862 108432.0
1863 108432.0
1864 108432.0
1865 108432.0
1866 108432.0
1867 108432.0
1868 108432.0
1879 109908.0
1880 109908.0
1881 109908.0
1882 109859.0
1883 109859.0
1884 109859.0
1885 109686.0
1886 109326.0
1887 109326.0
1888 109326.0
1889 109326.0
1890 109326.0
1891 109326.0
1892 109326.0
1893 109326.0
1894 109326.0
1895 109326.0
1896 109326.0
1907 110189.0
1908 110189.0
1909 109981.0
1910 109981.0
1911 109970.0
1912 109970.0
1913 109970.0
1914 109970.0
1915 109970.0
1916 109970.0
1917 109970.0
1918 109970.0
1919 109970.0
1920 109970.0
1921 109970.0
1932 109074.0
1933 103524.0
1934 103431.0
1935 103431.0
1936 103431.0
1937 103431.0
1938 103431.0
1939 103431.0
1940 103431.0
1941 103431.0
1942 103431.0
1943 103431.0
1944 103431.0
1955 101313.0
1956 101313.0
1957 101313.0
1958 101313.0
1959 99991.0
1960 99991.0
1961 99220.0
1962 99220.0
1963 99220.0
1964 99220.0
1965 99220.0
1966 99220.0
1967 99220.0
1968 99220.0
1969 99220.0
1970 99220.0
1971 99220.0
1982 100765.0
1983 100765.0
1984 100765.0
1985 100765.0
1986 100765.0
1987 100765.0
1988 100765.0
1989 100765.0
1990 100765.0
1991 100765.0
2002 106060.0
2003 106060.0
2004 106060.0
2005 106060.0
2006 106060.0
2007 106060.0
2008 106060.0
2009 106060.0
2010 106060.0
2011 104471.0
2012 104448.0
2013 104371.0
2014 104075.0
2015 104075.0
2016 104075.0
2017 104075.0
2018 104075.0
2019 104075.0
2020 104075.0
2021 104075.0
2022 104075.0
2023 104075.0
2024 104075.0
2035 106322.0
2036 106322.0
2037 106322.0
2038 106322.0
2039 106322.0
2040 106322.0
2041 105970.0
2042 105669.0
2043 105669.0
2044 105269.0
2045 105269.0
2046 105269.0
2047 105269.0
2048 105269.0
2049 105269.0
2050 105269.0
2051 105269.0
2052 105269.0
2053 105269.0
2054 105269.0
2065 103522.0
2066 103522.0
2067 103124.0
2068 103124.0
2069 103124.0
2070 102727.0
2071 102727.0
2072 102722.0
2073 102720.0
2074 102709.0
2075 102709.0
2076 102709.0
2077 102700.0
2078 102700.0
2079 102583.0
2080 101936.0
2081 101936.0
2082 101936.0
2083 101936.0
2084 101936.0
2085 101936.0
2086 101936.0
2087 101936.0
2088 101936.0
2089 101936.0
2090 101936.0
2101 101936.0
2102 101936.0
2103 101936.0
2104 101936.0
2105 101936.0
2106 101936.0
2107 101936.0
2108 101936.0
2109 101936.0
2110 101936.0
2121 103720.0
2122 103720.0
2123 102627.0
2124 102627.0
2125 102627.0
2126 102627.0
2127 102627.0
2128 102627.0
2129 102627.0
2130 102331.0
2131 102331.0
2132 102331.0
2133 102331.0
2134 102331.0
2135 102331.0
2136 102331.0
2137 102331.0
2138 102331.0
2139 102331.0
2140 102331.0
2151 103438.0
2152 102744.0
2153 102744.0
2154 102744.0
2155 102744.0
2156 102744.0
2157 102744.0
2158 102744.0
2159 102744.0
2160 102455.0
2161 102455.0
2162 102455.0
2163 102455.0
2164 102455.0
2165 102455.0
2166 102455.0
2167 102455.0
2168 102455.0
2169 102455.0
2170 102455.0
2181 102455.0
2182 102455.0
2183 102455.0
2184 102455.0
2185 102455.0
2186 102455.0
2187 102455.0
2188 102455.0
2189 102455.0
2190 102455.0
2201 102726.0
2202 102726.0
2203 102726.0
2204 102726.0
2205 102726.0
2206 102726.0
2207 102726.0
2208 102726.0
2209 102726.0
2210 102726.0
2221 102726.0
2222 102726.0
2223 102726.0
2224 102726.0
2225 101943.0
2226 101943.0
2227 101943.0
2228 101943.0
2229 101943.0
2230 101943.0
2231 101943.0
2232 101943.0
2233 101943.0
2234 101943.0
2235 101943.0
2246 102569.0
2247 102569.0
2248 102569.0
2249 102569.0
2250 102569.0
2251 102569.0
2252 102569.0
2253 102569.0
2254 102569.0
2255 102569.0
2266 102196.0
2267 102196.0
2268 102196.0
2269 102196.0
2270 102196.0
2271 102196.0
2272 102196.0
2273 102196.0
2274 102196.0
2275 102196.0
2286 94904.0
2287 94904.0
2288 94904.0
2289 94904.0
2290 94904.0
2291 94904.0
2292 94904.0
2293 94904.0
2294 94904.0
2295 94904.0
2306 95087.0
2307 95087.0
2308 95087.0
2309 95087.0
2310 95087.0
2311 95087.0
2312 95087.0
2313 95087.0
2314 95067.0
2315 93951.0
2316 93951.0
2317 93951.0
2318 93951.0
2319 93951.0
2320 93951.0
2321 93951.0
2322 93951.0
2323 93951.0
2324 93951.0
2325 93951.0
2336 87471.0
2337 87119.0
2338 87119.0
2339 87119.0
2340 87119.0
2341 87119.0
2342 87119.0
2343 87119.0
2344 87119.0
2345 87119.0
2346 87119.0
2347 87119.0
2358 87821.0
2359 87821.0
2360 87821.0
2361 87821.0
2362 87821.0
2363 87821.0
2364 87821.0
2365 87821.0
2366 87821.0
2367 87821.0
2378 88780.0
2379 88780.0
2380 88780.0
2381 87319.0
2382 87319.0
2383 87319.0
2384 87319.0
2385 87225.0
2386 87225.0
2387 87225.0
2388 87225.0
2389 87225.0
2390 87225.0
2391 87225.0
2392 86975.0
2393 86975.0
2394 86975.0
2395 86587.0
2396 86587.0
2397 86587.0
2398 86587.0
2399 86587.0
2400 85531.0
2401 85531.0
2402 85428.0
2403 85428.0
2404 85184.0
2405 85184.0
2406 85184.0
2407 85184.0
2408 85184.0
2409 85184.0
2410 85184.0
2411 85184.0
2412 85184.0
2413 85184.0
2414 85184.0
2425 86586.0
2426 86586.0
2427 86586.0
2428 86347.0
2429 86347.0
2430 86347.0
2431 86347.0
2432 86347.0
2433 86347.0
2434 86347.0
2435 86175.0
2436 86175.0
2437 86175.0
2438 86175.0
2439 86175.0
2440 86175.0
2441 86175.0
2442 86175.0
2443 86175.0
2444 86175.0
2445 86175.0
2456 87684.0
2457 87684.0
2458 87684.0
2459 87684.0
2460 87684.0
2461 87669.0
2462 87669.0
2463 87669.0
2464 87507.0
2465 87507.0
2466 87507.0
2467 87507.0
2468 85825.0
2469 85825.0
2470 85825.0
2471 85825.0
2472 85825.0
2473 85825.0
2474 85825.0
2475 85825.0
2476 85825.0
2477 85825.0
2478 85825.0
2489 85471.0
2490 85471.0
2491 85471.0
2492 85471.0
2493 85471.0
2494 85471.0
2495 85471.0
2496 85471.0
2497 85471.0
2498 85471.0
2509 85824.0
2510 85824.0
2511 85824.0
2512 85824.0
2513 85824.0
2514 85824.0
2515 85824.0
2516 85824.0
2517 85824.0
2518 85824.0
2529 89027.0
2530 89027.0
2531 89027.0
2532 89027.0
2533 89027.0
2534 89027.0
2535 89027.0
2536 89027.0
2537 89027.0
2538 89027.0
2549 95294.0
2550 95294.0
2551 95294.0
2552 95294.0
2553 95294.0
2554 95294.0
2555 95294.0
2556 95294.0
2557 95294.0
2558 95294.0
2569 101164.0
2570 101164.0
2571 101164.0
2572 101164.0
2573 101164.0
2574 101164.0
2575 101027.0
2576 101027.0
2577 101027.0
2578 101027.0
2579 101027.0
2580 101027.0
2581 101027.0
2582 101027.0
2583 101027.0
2584 101027.0
2585 101027.0
2596 102210.0
2597 102210.0
2598 102210.0
2599 102210.0
2600 102210.0
2601 102210.0
2602 102210.0
2603 102210.0
2604 102210.0
2605 102210.0
2616 104482.0
2617 104482.0
2618 104482.0
2619 104482.0
2620 104482.0
2621 104482.0
2622 104482.0
2623 104482.0
2624 104482.0
2625 104482.0
2636 107170.0
2637 107170.0
2638 107159.0
2639 106762.0
2640 106597.0
2641 106597.0
2642 106597.0
2643 106597.0
2644 106597.0
2645 106597.0
2646 106597.0
2647 106597.0
2648 106597.0
2649 106597.0
2650 106597.0
2661 109847.0
2662 109847.0
2663 109847.0
2664 109847.0
2665 109847.0
2666 109847.0
2667 109847.0
2668 109847.0
2669 109847.0
2670 109847.0
2681 109435.0
2682 109435.0
2683 109435.0
2684 109435.0
2685 109435.0
2686 109435.0
2687 109435.0
2688 109435.0
2689 109435.0
2690 109435.0
2701 112746.0
2702 112746.0
2703 112746.0
2704 112746.0
2705 112746.0
2706 112746.0
2707 112746.0
2708 112746.0
2709 112746.0
2710 112746.0
2721 114847.0
2722 114847.0
2723 114771.0
2724 114769.0
2725 114769.0
2726 114769.0
2727 114769.0
2728 113540.0
2729 113540.0
2730 113540.0
2731 113168.0
2732 113168.0
2733 112858.0
2734 112858.0
2735 112858.0
2736 112858.0
2737 112858.0
2738 112858.0
2739 112437.0
2740 112437.0
2741 112437.0
2742 112437.0
2743 112437.0
2744 112437.0
2745 112437.0
2746 112437.0
2747 112437.0
2748 112437.0
2749 112437.0
2760 109114.0
2761 109034.0
2762 109034.0
2763 107068.0
2764 107068.0
2765 107068.0
2766 107068.0
2767 107068.0
2768 107068.0
2769 107068.0
2770 107068.0
2771 107068.0
2772 107068.0
2773 107068.0
2784 107068.0
2785 107068.0
2786 107068.0
2787 107068.0
2788 107068.0
2789 107068.0
2790 107068.0
2791 107068.0
2792 107068.0
2793 107068.0
2804 100916.0
2805 100916.0
2806 100916.0
2807 99792.0
2808 99792.0
2809 99758.0
2810 99758.0
2811 99758.0
2812 99236.0
2813 99236.0
2814 99236.0
2815 99236.0
2816 99236.0
2817 98956.0
2818 98956.0
2819 98956.0
2820 98956.0
2821 98714.0
2822 98714.0
2823 98714.0
2824 98714.0
2825 98714.0
2826 98714.0
2827 98714.0
2828 98714.0
2829 98714.0
2830 98714.0
2831 98714.0
2842 101721.0
2843 101721.0
2844 101370.0
2845 101370.0
2846 101370.0
2847 101024.0
2848 101024.0
2849 101024.0
2850 101024.0
2851 101024.0
2852 101024.0
2853 101024.0
2854 101024.0
2855 101024.0
2856 101024.0
2857 100986.0
2858 100986.0
2859 100986.0
2860 100986.0
2861 100986.0
2862 100986.0
2863 99891.0
2864 99891.0
2865 99891.0
2866 99891.0
2867 99891.0
2868 99891.0
2869 99891.0
2870 99891.0
2871 99891.0
2872 99891.0
2873 99891.0
2884 102555.0
2885 102555.0
2886 102555.0
2887 102555.0
2888 102555.0
2889 101868.0
2890 101868.0
2891 101868.0
2892 101868.0
2893 101868.0
2894 101868.0
2895 101868.0
2896 101868.0
2897 101868.0
2898 101868.0
2899 101868.0
2910 99889.0
2911 99889.0
2912 99889.0
2913 99889.0
2914 99889.0
2915 99889.0
2916 99889.0
2917 99889.0
2918 99889.0
2919 99889.0
2930 100724.0
2931 100353.0
2932 100353.0
2933 100353.0
2934 100353.0
2935 100353.0
2936 100353.0
2937 100353.0
2938 100353.0
2939 100353.0
2940 100353.0
2941 100353.0
2952 101397.0
2953 101397.0
2954 101397.0
2955 101397.0
2956 101003.0
2957 101003.0
2958 100219.0
2959 100219.0
2960 100219.0
2961 100219.0
2962 100219.0
2963 100219.0
2964 100219.0
2965 100219.0
2966 100219.0
2967 100219.0
2968 100219.0
2979 100958.0
2980 100958.0
2981 100958.0
2982 100958.0
2983 100611.0
2984 100611.0
2985 100611.0
2986 100611.0
2987 100611.0
2988 100611.0
2989 99829.0
2990 99829.0
2991 99829.0
2992 99829.0
2993 99829.0
2994 99829.0
2995 99829.0
2996 99829.0
2997 99829.0
2998 99829.0
2999 99829.0
3010 99439.0
3011 99439.0
3012 99439.0
3013 99439.0
3014 99439.0
3015 99439.0
3016 99439.0
3017 99439.0
3018 99439.0
3019 99439.0
3030 100505.0
3031 100505.0
3032 100454.0
3033 100220.0
3034 100220.0
3035 100220.0
3036 100220.0
3037 100220.0
3038 100220.0
3039 100220.0
3040 100220.0
3041 100220.0
3042 100220.0
3043 100220.0
3054 101209.0
3055 101209.0
3056 100220.0
3057 100219.0
3058 100219.0
3059 100219.0
3060 100219.0
3061 100219.0
3062 100219.0
3063 100219.0
3064 100219.0
3065 100219.0
3066 100219.0
3067 100219.0
3078 100363.0
3079 100363.0
3080 100363.0
3081 100131.0
3082 100131.0
3083 100131.0
3084 100121.0
3085 100121.0
3086 100121.0
3087 100121.0
3088 100121.0
3089 100121.0
3090 100121.0
3091 100121.0
3092 100121.0
3093 100121.0
3094 100121.0
3105 103015.0
3106 103015.0
3107 103015.0
3108 103015.0
3109 103015.0
3110 103015.0
3111 103015.0
3112 103015.0
3113 103015.0
3114 103015.0
3125 103049.0
3126 102812.0
3127 102812.0
3128 102812.0
3129 102812.0
3130 102812.0
3131 102812.0
3132 102812.0
3133 102812.0
3134 102812.0
3135 102812.0
3136 102812.0
3147 102417.0
3148 102417.0
3149 101929.0
3150 101929.0
3151 101929.0
3152 101929.0
3153 101929.0
3154 101532.0
3155 101532.0
3156 101532.0
3157 101501.0
3158 101489.0
3159 101489.0
3160 101489.0
3161 101489.0
3162 101139.0
3163 101139.0
3164 101139.0
3165 101139.0
3166 100350.0
3167 100350.0
3168 100350.0
3169 100350.0
3170 100350.0
3171 100350.0
3172 100350.0
3173 100350.0
3174 100350.0
3175 100350.0
3176 100350.0
3187 100350.0
3188 100350.0
3189 100350.0
3190 100350.0
3191 100350.0
3192 100350.0
3193 100350.0
3194 100350.0
3195 100350.0
3196 100350.0
3207 101538.0
3208 101538.0
3209 101538.0
3210 101235.0
3211 101235.0
3212 101235.0
3213 100967.0
3214 100967.0
3215 100967.0
3216 100967.0
3217 100967.0
3218 100967.0
3219 100967.0
3220 100967.0
3221 100967.0
3222 100967.0
3223 100967.0
3234 99955.0
3235 99955.0
3236 99955.0
3237 99955.0
3238 99955.0
3239 99955.0
3240 99955.0
3241 99889.0
3242 99889.0
3243 99889.0
3244 99889.0
3245 99889.0
3246 99889.0
3247 99889.0
3248 99889.0
3249 99889.0
3250 99889.0
3251 99889.0
3262 98795.0
3263 98789.0
3264 98789.0
3265 98789.0
3266 97637.0
3267 97530.0
3268 97326.0
3269 97326.0
3270 97047.0
3271 97047.0
3272 97047.0
3273 97047.0
3274 97047.0
3275 97047.0
3276 97047.0
3277 97047.0
3278 96749.0
3279 96749.0
3280 96749.0
3281 96749.0
3282 96749.0
3283 96749.0
3284 96749.0
3285 96749.0
3286 93728.0
3287 93728.0
3288 93690.0
3289 93690.0
3290 93690.0
3291 93690.0
3292 93354.0
3293 93354.0
3294 93354.0
3295 93354.0
3296 93354.0
3297 93354.0
3298 93354.0
3299 93354.0
3300 93354.0
3301 93354.0
3302 93354.0
3313 94561.0
3314 94561.0
3315 94561.0
3316 94561.0
3317 94561.0
3318 94561.0
3319 94544.0
3320 94544.0
3321 94544.0
3322 94544.0
3323 94544.0
3324 94544.0
3325 94544.0
3326 93856.0
3327 93480.0
3328 93480.0
3329 93480.0
3330 93187.0
3331 93187.0
3332 92980.0
3333 92980.0
3334 92980.0
3335 92980.0
3336 92980.0
3337 92980.0
3338 92980.0
3339 92980.0
3340 92980.0
3341 92980.0
3342 92980.0
3353 94813.0
3354 94813.0
3355 94804.0
3356 94804.0
3357 94750.0
3358 94750.0
3359 94479.0
3360 94479.0
3361 94479.0
3362 94479.0
3363 94479.0
3364 94479.0
3365 94479.0
3366 94479.0
3367 94479.0
3368 92236.0
3369 92228.0
3370 92194.0
3371 91830.0
3372 91470.0
3373 91400.0
3374 91362.0
3375 91362.0
3376 91138.0
3377 91138.0
3378 91138.0
3379 91138.0
3380 91138.0
3381 91138.0
3382 91138.0
3383 91138.0
3384 91138.0
3385 91138.0
3386 91138.0
3397 92099.0
3398 92099.0
3399 92099.0
3400 92099.0
3401 92099.0
3402 92099.0
3403 92099.0
3404 92099.0
3405 92099.0
3406 92099.0
3407 92099.0
3418 89909.0
3419 89909.0
3420 89909.0
3421 89909.0
3422 89909.0
3423 89909.0
3424 89909.0
3425 89909.0
3426 89909.0
3427 89909.0
3438 100929.0
3439 100929.0
3440 100929.0
3441 100612.0
3442 100612.0
3443 100612.0
3444 100612.0
3445 100612.0
3446 100612.0
3447 100612.0
3448 100612.0
3449 100612.0
3450 100612.0
3451 100612.0
3462 100909.0
3463 100909.0
3464 100909.0
3465 100909.0
3466 100909.0
3467 100768.0
3468 100768.0
3469 100768.0
3470 100768.0
3471 100768.0
3472 100768.0
3473 100768.0
3474 100768.0
3475 100768.0
3476 100768.0
3477 100768.0
3488 105841.0
3489 105522.0
3490 105522.0
3491 30557.0
3492 30555.0
3493 30502.0
3494 30470.0
3495 30454.0
3496 30423.0
3497 30418.0
3498 30335.0
3499 30243.0
3500 30229.0
3501 30215.0
3502 30177.0
3503 30171.0
3504 30171.0
3505 30157.0
3506 30069.0
3507 30051.0
3508 30049.0
3509 29935.0
3510 29926.0
3511 29926.0
3512 29915.0
3513 29886.0
3514 29886.0
3515 29875.0
3516 29763.0
3517 25709.0
3518 25595.0
3519 25512.0
3520 25507.0
3521 25493.0
3522 25450.0
3523 25434.0
3524 25406.0
3525 25406.0
3526 25306.0
3527 25295.0
3528 25295.0
3529 25290.0
3530 25244.0
3531 25244.0
3532 25244.0
3533 20939.0
3534 20934.0
3535 20934.0
3536 20934.0
3537 20934.0
3538 20856.0
3539 20841.0
3540 20840.0
3541 20826.0
3542 20826.0
3543 20826.0
3544 20734.0
3545 20551.0
3546 20543.0
3547 20543.0
3548 20543.0
3549 20475.0
3550 20464.0
3551 20464.0
3552 20464.0
3553 20413.0
3554 20413.0
3555 20380.0
3556 20380.0
3557 20376.0
3558 20326.0
3559 20311.0
3560 20195.0
3561 20195.0
3562 20195.0
3563 20195.0
3564 20195.0
3565 20195.0
3566 20174.0
3567 20174.0
3568 20169.0
3569 20109.0
3570 20109.0
3571 20093.0
3572 20087.0
3573 20019.0
3574 20019.0
3575 20017.0
3576 20017.0
3577 20017.0
3578 20017.0
3579 20017.0
3580 19998.0
3581 19998.0
3582 19981.0
3583 19981.0
3584 19909.0
3585 19808.0
3586 19782.0
3587 19659.0
3588 19643.0
3589 19643.0
3590 19626.0
3591 19626.0
3592 19626.0
3593 19626.0
3594 19623.0
3595 19623.0
3596 19623.0
3597 19608.0
3598 19607.0
3599 19607.0
3600 19607.0
3601 19382.0
3602 19319.0
3603 19275.0
3604 19275.0
3605 19275.0
3606 19190.0
3607 19165.0
3608 19125.0
3609 19117.0
3610 19117.0
3611 19117.0
3612 18808.0
3613 18808.0
3614 18805.0
3615 18805.0
3616 18805.0
3617 18805.0
3618 18805.0
3619 18703.0
3620 18703.0
3621 18643.0
3622 18643.0
3623 18643.0
3624 18643.0
3625 18599.0
3626 18599.0
3627 18599.0
3628 18599.0
3629 18599.0
3630 18599.0
3631 18599.0
3632 18599.0
3633 18599.0
3634 18591.0
3635 18581.0
3636 18581.0
3637 18581.0
3638 18581.0
3639 18581.0
3640 18581.0
3641 18581.0
3642 18581.0
3643 18579.0
3644 18579.0
3645 18579.0
3646 18579.0
3647 18579.0
3648 18545.0
3649 18435.0
3650 18435.0
3651 18435.0
3652 18435.0
3653 18083.0
3654 18083.0
3655 18081.0
3656 18081.0
3657 18080.0
3658 18080.0
3659 17979.0
3660 17979.0
3661 17949.0
3662 17948.0
3663 17948.0
3664 17920.0
3665 17920.0
3666 17920.0
3667 17920.0
3668 17920.0
3669 17914.0
3670 17914.0
3671 17914.0
3672 17914.0
3673 17914.0
3674 17914.0
3675 17914.0
3676 17914.0
3677 17914.0
3678 17886.0
3679 17886.0
3680 17886.0
3681 17886.0
3682 17874.0
3683 17874.0
3684 17874.0
3685 17874.0
3686 17848.0
3687 17848.0
3688 17508.0
3689 17508.0
3690 17404.0
3691 17404.0
3692 17404.0
3693 17404.0
3694 17402.0
3695 17402.0
3696 17399.0
3697 17396.0
3698 17376.0
3699 17376.0
3700 17376.0
3701 17376.0
3702 17189.0
3703 17189.0
3704 17189.0
3705 17189.0
3706 17189.0
3707 17189.0
3708 17150.0
3709 17150.0
3710 17150.0
3711 17150.0
3712 17150.0
3713 17126.0
3714 17126.0
3715 17126.0
3716 17126.0
3717 16954.0
3718 16954.0
3719 16946.0
3720 16923.0
3721 16923.0
3722 16916.0
3723 16916.0
3724 16916.0
3725 16916.0
3726 16916.0
3727 16916.0
3728 16916.0
3729 16916.0
3730 16916.0
3731 16916.0
3732 16916.0
3743 16960.0
3744 16960.0
3745 16960.0
3746 16960.0
3747 16959.0
3748 16959.0
3749 16959.0
3750 16959.0
3751 16959.0
3752 16959.0
3753 16928.0
3754 16927.0
3755 16837.0
3756 16837.0
3757 16837.0
3758 16837.0
3759 16837.0
3760 16837.0
3761 16827.0
3762 16827.0
3763 16827.0
3764 16827.0
3765 16827.0
3766 16827.0
3767 16827.0
3768 16827.0
3769 16827.0
3770 16683.0
3771 16683.0
3772 16683.0
3773 16683.0
3774 16610.0
3775 16582.0
3776 16582.0
3777 16580.0
3778 16580.0
3779 16580.0
3780 16580.0
3781 16580.0
3782 16341.0
3783 16337.0
3784 16337.0
3785 16326.0
3786 16326.0
3787 16253.0
3788 16253.0
3789 16253.0
3790 16253.0
3791 16253.0
3792 16253.0
3793 16253.0
3794 16253.0
3795 16253.0
3796 16241.0
3797 16241.0
3798 15780.0
3799 15780.0
3800 15780.0
3801 15780.0
3802 15780.0
3803 15780.0
3804 15756.0
3805 15756.0
3806 15756.0
3807 15743.0
3808 15743.0
3809 15743.0
3810 15743.0
3811 15743.0
3812 15743.0
3813 15743.0
3814 15743.0
3815 15743.0
3816 15743.0
3817 15743.0
3828 15561.0
3829 15561.0
3830 15561.0
3831 15561.0
3832 15561.0
3833 15561.0
3834 15561.0
3835 15561.0
3836 15561.0
3837 15561.0
3838 15555.0
3839 15555.0
3840 15555.0
3841 15555.0
3842 15555.0
3843 15555.0
3844 15555.0
3845 15555.0
3846 15555.0
3847 15555.0
3848 15496.0
3849 15496.0
3850 15496.0
3851 15496.0
3852 15496.0
3853 15496.0
3854 15496.0
3855 15496.0
3856 15496.0
3857 15496.0
3858 15496.0
3869 15801.0
3870 15801.0
3871 15801.0
3872 15801.0
3873 15801.0
3874 15772.0
3875 15772.0
3876 15772.0
3877 15772.0
3878 15772.0
3879 15772.0
3880 15772.0
3881 15772.0
3882 15486.0
3883 15486.0
3884 15486.0
3885 15486.0
3886 15430.0
3887 15430.0
3888 15420.0
3889 15420.0
3890 15420.0
3891 15420.0
3892 15420.0
3893 15420.0
3894 15420.0
3895 15416.0
3896 15416.0
3897 15416.0
3898 15416.0
3899 15416.0
3900 15416.0
3901 15416.0
3902 15416.0
3903 15416.0
3904 15416.0
3905 15416.0
3916 15321.0
3917 15321.0
3918 15321.0
3919 15321.0
3920 15321.0
3921 15321.0
3922 15321.0
3923 15321.0
3924 15310.0
3925 15310.0
3926 15310.0
3927 15310.0
3928 15310.0
3929 15310.0
3930 15310.0
3931 15310.0
3932 15310.0
3933 15310.0
3934 15310.0
3945 15514.0
3946 15492.0
3947 15492.0
3948 15454.0
3949 15319.0
3950 15319.0
3951 15319.0
3952 15319.0
3953 15319.0
3954 15319.0
3955 15319.0
3956 15319.0
3957 15319.0
3958 15319.0
3959 15282.0
3960 15282.0
3961 15282.0
3962 15282.0
3963 15282.0
3964 15282.0
3965 15282.0
3966 15282.0
3967 15282.0
3968 15282.0
3969 15262.0
3970 15243.0
3971 15243.0
3972 15243.0
3973 15243.0
3974 15243.0
3975 15243.0
3976 15243.0
3977 15243.0
3978 15243.0
3979 15225.0
3980 15225.0
3981 15225.0
3982 15225.0
3983 15225.0
3984 15225.0
3985 15225.0
3986 15225.0
3987 14670.0
3988 14670.0
3989 14670.0
3990 14667.0
3991 14667.0
3992 14667.0
3993 14667.0
3994 14667.0
3995 14667.0
3996 14667.0
3997 14667.0
3998 14667.0
3999 14667.0
4000 14667.0
4011 14761.0
4012 14751.0
4013 14751.0
4014 14751.0
4015 14751.0
4016 14751.0
4017 14751.0
4018 14751.0
4019 14751.0
4020 14751.0
4021 14751.0
4022 14678.0
4023 14678.0
4024 14678.0
4025 14678.0
4026 14678.0
4027 14678.0
4028 14678.0
4029 14678.0
4030 14678.0
4031 14678.0
4032 14620.0
4033 14620.0
4034 14620.0
4035 14620.0
4036 14620.0
4037 14620.0
4038 14620.0
4039 14539.0
4040 14333.0
4041 14333.0
4042 14333.0
4043 14333.0
4044 14333.0
4045 14333.0
4046 14333.0
4047 14333.0
4048 14333.0
4049 14333.0
4050 14333.0
4061 14321.0
4062 14321.0
4063 14321.0
4064 14321.0
4065 14321.0
4066 14321.0
4067 14321.0
4068 14321.0
4069 14321.0
4070 14321.0
4081 14439.0
4082 14439.0
4083 14439.0
4084 14437.0
4085 14437.0
4086 14437.0
4087 14437.0
4088 14437.0
4089 14437.0
4090 14437.0
4091 14437.0
4092 14437.0
4093 14437.0
4094 14437.0
4105 14459.0
4106 14459.0
4107 14426.0
4108 14426.0
4109 14426.0
4110 14426.0
4111 14426.0
4112 14426.0
4113 14410.0
4114 14292.0
4115 14292.0
4116 14292.0
4117 14292.0
4118 14292.0
4119 14292.0
4120 14292.0
4121 14292.0
4122 14292.0
4123 14292.0
4124 14292.0
4135 14189.0
4136 14189.0
4137 14189.0
4138 14189.0
4139 14189.0
4140 14189.0
4141 14189.0
4142 14189.0
4143 14189.0
4144 14189.0
4155 13948.0
4156 13948.0
4157 13948.0
4158 13948.0
4159 13948.0
4160 13948.0
4161 13948.0
4162 13948.0
4163 13948.0
4164 13948.0
4175 14084.0
4176 14078.0
4177 14078.0
4178 14078.0
4179 14078.0
4180 14078.0
4181 14078.0
4182 14078.0
4183 14078.0
4184 14078.0
4185 14078.0
4186 14078.0
4197 13523.0
4198 13523.0
4199 13523.0
4200 13523.0
4201 13523.0
4202 13523.0
4203 13523.0
4204 13523.0
4205 13523.0
4206 13523.0
4217 13531.0
4218 13531.0
4219 13531.0
4220 13381.0
4221 13324.0
4222 13324.0
4223 13324.0
4224 13324.0
4225 13324.0
4226 13324.0
4227 13324.0
4228 13324.0
4229 13324.0
4230 13324.0
4231 13324.0
4242 13333.0
4243 13333.0
4244 13333.0
4245 13333.0
4246 13333.0
4247 13333.0
4248 13333.0
4249 13333.0
4250 13333.0
4251 13333.0
4262 13352.0
4263 13352.0
4264 13352.0
4265 13352.0
4266 13352.0
4267 13352.0
4268 13352.0
4269 13352.0
4270 13352.0
4271 13320.0
4272 13320.0
4273 13320.0
4274 13320.0
4275 13320.0
4276 13320.0
4277 13320.0
4278 13320.0
4279 13320.0
4280 13320.0
4281 13314.0
4282 13200.0
4283 13149.0
4284 13147.0
4285 13129.0
4286 13129.0
4287 13129.0
4288 13020.0
4289 13020.0
4290 13020.0
4291 13020.0
4292 13020.0
4293 13020.0
4294 13020.0
4295 13020.0
4296 13020.0
4297 13020.0
4298 13020.0
4309 13020.0
4310 13020.0
4311 13020.0
4312 13020.0
4313 13020.0
4314 13020.0
4315 13020.0
4316 13020.0
4317 13020.0
4318 13020.0
4329 12781.0
4330 12781.0
4331 12781.0
4332 12781.0
4333 12781.0
4334 12781.0
4335 12781.0
4336 12781.0
4337 12781.0
4338 12781.0
4349 12962.0
4350 12962.0
4351 12962.0
4352 12962.0
4353 12962.0
4354 12962.0
4355 12962.0
4356 12962.0
4357 12962.0
4358 12962.0
4369 13596.0
4370 13596.0
4371 13596.0
4372 13596.0
4373 13576.0
4374 13576.0
4375 13576.0
4376 13570.0
4377 13570.0
4378 13570.0
4379 13570.0
4380 13570.0
4381 13570.0
4382 13533.0
4383 13533.0
4384 13533.0
4385 13533.0
4386 13533.0
4387 13533.0
4388 13533.0
4389 12849.0
4390 12849.0
4391 12849.0
4392 12849.0
4393 12849.0
4394 12849.0
4395 12849.0
4396 12849.0
4397 12849.0
4398 12849.0
4399 12849.0
4410 12685.0
4411 12685.0
4412 12684.0
4413 12684.0
4414 12684.0
4415 12658.0
4416 12658.0
4417 12658.0
4418 12658.0
4419 12658.0
4420 12658.0
4421 12658.0
4422 12612.0
4423 12612.0
4424 12570.0
4425 12570.0
4426 12555.0
4427 12555.0
4428 12555.0
4429 12555.0
4430 12555.0
4431 12555.0
4432 12555.0
4433 12555.0
4434 12555.0
4435 12555.0
4436 12555.0
4447 12447.0
4448 12447.0
4449 12447.0
4450 12447.0
4451 12447.0
4452 12447.0
4453 12447.0
4454 12447.0
4455 12447.0
4456 12447.0
4457 12447.0
4468 12452.0
4469 12452.0
4470 12452.0
4471 12452.0
4472 12452.0
4473 12452.0
4474 12452.0
4475 12452.0
4476 12452.0
4477 12452.0
4488 12560.0
4489 12560.0
4490 12560.0
4491 12560.0
4492 12554.0
4493 12554.0
4494 12554.0
4495 12554.0
4496 12548.0
4497 12548.0
4498 12548.0
4499 12548.0
4500 12548.0
4501 12548.0
4502 12548.0
4503 12548.0
4504 12548.0
4505 12548.0
4506 12548.0
4517 12482.0
4518 12482.0
4519 12482.0
4520 12482.0
4521 12482.0
4522 12482.0
4523 12482.0
4524 12482.0
4525 12482.0
4526 12482.0
4537 12612.0
4538 12612.0
4539 12612.0
4540 12561.0
4541 12561.0
4542 12561.0
4543 12561.0
4544 12561.0
4545 12561.0
4546 12548.0
4547 12548.0
4548 12548.0
4549 12548.0
4550 12548.0
4551 12548.0
4552 12548.0
4553 12396.0
4554 12396.0
4555 12396.0
4556 12009.0
4557 11977.0
4558 11977.0
4559 11977.0
4560 11977.0
4561 11976.0
4562 11976.0
4563 11976.0
4564 11767.0
4565 11767.0
4566 11767.0
4567 11664.0
4568 11664.0
4569 11664.0
4570 11664.0
4571 11642.0
4572 11642.0
4573 11642.0
4574 11642.0
4575 11642.0
4576 11583.0
4577 11583.0
4578 11583.0
4579 11583.0
4580 11583.0
4581 11583.0
4582 11583.0
4583 11583.0
4584 11583.0
4585 11583.0
4586 11583.0
4597 11231.0
4598 11231.0
4599 11218.0
4600 11218.0
4601 11218.0
4602 11218.0
4603 11218.0
4604 11206.0
4605 11185.0
4606 11185.0
4607 11156.0
4608 11156.0
4609 11156.0
4610 11156.0
4611 11151.0
4612 11151.0
4613 11151.0
4614 11151.0
4615 11102.0
4616 11102.0
4617 11087.0
4618 11087.0
4619 11087.0
4620 11087.0
4621 11082.0
4622 11055.0
4623 10997.0
4624 10918.0
4625 10918.0
4626 10918.0
4627 10918.0
4628 10918.0
4629 10918.0
4630 10918.0
4631 10907.0
4632 10907.0
4633 10907.0
4634 10877.0
4635 10877.0
4636 10877.0
4637 10877.0
4638 10877.0
4639 10877.0
4640 10877.0
4641 10872.0
4642 10872.0
4643 10872.0
4644 10872.0
4645 10872.0
4646 10872.0
4647 10872.0
4648 10872.0
4649 10872.0
4650 10872.0
4651 10872.0
4662 11124.0
4663 11124.0
4664 11124.0
4665 11124.0
4666 11124.0
4667 11124.0
4668 11069.0
4669 11069.0
4670 11069.0
4671 11069.0
4672 11069.0
4673 11069.0
4674 11061.0
4675 11061.0
4676 11061.0
4677 11061.0
4678 11061.0
4679 11061.0
4680 11061.0
4681 11061.0
4682 11061.0
4683 11061.0
4684 11061.0
4695 10875.0
4696 10875.0
4697 10875.0
4698 10875.0
4699 10875.0
4700 10875.0
4701 10875.0
4702 10875.0
4703 10875.0
4704 10875.0
4715 10852.0
4716 10852.0
4717 10852.0
4718 10852.0
4719 10852.0
4720 10852.0
4721 10852.0
4722 10852.0
4723 10852.0
4724 10852.0
4735 10829.0
4736 10829.0
4737 10829.0
4738 10829.0
4739 10829.0
4740 10829.0
4741 10829.0
4742 10829.0
4743 10829.0
4744 10829.0
4755 10653.0
4756 10653.0
4757 10653.0
4758 10653.0
4759 10653.0
4760 10653.0
4761 10653.0
4762 10653.0
4763 10653.0
4764 10653.0
4775 10660.0
4776 10660.0
4777 10660.0
4778 10660.0
4779 10660.0
4780 10660.0
4781 10660.0
4782 10660.0
4783 10660.0
4784 10660.0
4795 10683.0
4796 10352.0
4797 10343.0
4798 10343.0
4799 10343.0
4800 10336.0
4801 10336.0
4802 10336.0
4803 10330.0
4804 10330.0
4805 10302.0
4806 10302.0
4807 10302.0
4808 10302.0
4809 10293.0
4810 10291.0
4811 10262.0
4812 10259.0
4813 10259.0
4814 10259.0
4815 10259.0
4816 10259.0
4817 10259.0
4818 10256.0
4819 10256.0
4820 10256.0
4821 10256.0
4822 10256.0
4823 10256.0
4824 10166.0
4825 10166.0
4826 10166.0
4827 10166.0
4828 10166.0
4829 10164.0
4830 10164.0
4831 10164.0
4832 10136.0
4833 10136.0
4834 10136.0
4835 10136.0
4836 10136.0
4837 10136.0
4838 10131.0
4839 10131.0
4840 10122.0
4841 10117.0
4842 10117.0
4843 10117.0
4844 10117.0
4845 10117.0
4846 10117.0
4847 10117.0
4848 10117.0
4849 10117.0
4850 10117.0
4851 10117.0
4862 10196.0
4863 10196.0
4864 10196.0
4865 10196.0
4866 10196.0
4867 10179.0
4868 10179.0
4869 10179.0
4870 10179.0
4871 10179.0
4872 10179.0
4873 10165.0
4874 10165.0
4875 10165.0
4876 10165.0
4877 10165.0
4878 10165.0
4879 10165.0
4880 10165.0
4881 10165.0
4882 10165.0
4883 10165.0
4894 10108.0
4895 10108.0
4896 10091.0
4897 10091.0
4898 10077.0
4899 10077.0
4900 10077.0
4901 10077.0
4902 10077.0
4903 10077.0
4904 10070.0
4905 10070.0
4906 10070.0
4907 10070.0
4908 10070.0
4909 10070.0
4910 10070.0
4911 10070.0
4912 10070.0
4913 10070.0
4914 10070.0
4925 10091.0
4926 10091.0
4927 10091.0
4928 10091.0
4929 10091.0
4930 10091.0
4931 10091.0
4932 10091.0
4933 10062.0
4934 10062.0
4935 10062.0
4936 10062.0
4937 10062.0
4938 10062.0
4939 10062.0
4940 10062.0
4941 10062.0
4942 10062.0
4943 10062.0
4954 10084.0
4955 10084.0
4956 10084.0
4957 10084.0
4958 10084.0
4959 10084.0
4960 10084.0
4961 10084.0
4962 10084.0
4963 10084.0
4974 10089.0
4975 10021.0
4976 10014.0
4977 10014.0
4978 10013.0
4979 10013.0
4980 10013.0
4981 10013.0
4982 10013.0
4983 10011.0
4984 10011.0
4985 10011.0
4986 10011.0
4987 9986.0
4988 9986.0
4989 9986.0
4990 9986.0
4991 9986.0
4992 9986.0
4993 9986.0
4994 9986.0
4995 9986.0
4996 9978.0
4997 9978.0
4998 9978.0
4999 9978.0
