0 2543832.0
1 2532570.0
2 2528071.0
3 2525823.0
4 2523576.0
5 2519086.0
6 2516843.0
7 2514603.0
8 2512366.0
9 2507899.0
10 2505684.0
11 2505684.0
12 2503446.0
13 2503446.0
14 2503446.0
15 2503446.0
16 2501209.0
17 2403906.0
18 2403906.0
19 2401720.0
20 2399542.0
21 2397352.0
22 2397352.0
23 2397352.0
24 2397352.0
25 2397352.0
26 2395163.0
27 2392975.0
28 2392975.0
29 2392975.0
30 2392975.0
31 2392975.0
32 2392975.0
33 2392975.0
34 2392975.0
35 2390788.0
36 2390788.0
37 2390788.0
38 2390788.0
39 2390788.0
40 2386417.0
41 2384233.0
42 2384233.0
43 2384233.0
44 2384233.0
45 2135492.0
46 2133485.0
47 2131480.0
48 2129538.0
49 2129538.0
50 2129538.0
51 2125415.0
52 2123355.0
53 2123355.0
54 2123355.0
55 2123355.0
56 2123355.0
57 2123355.0
58 2123355.0
59 2123355.0
60 2123355.0
61 2123355.0
62 2100767.0
63 2096675.0
64 2096675.0
65 2096675.0
66 2070163.0
67 2066098.0
68 2066098.0
69 2066098.0
70 2064067.0
71 2064067.0
72 2060008.0
73 2029710.0
74 2029710.0
75 2021665.0
76 2009627.0
77 2007626.0
78 2003623.0
79 1999624.0
80 1999624.0
81 1989645.0
82 1989645.0
83 1989645.0
84 1989645.0
85 1989645.0
86 1989645.0
87 1989645.0
88 1977705.0
89 1975721.0
90 1971755.0
91 1971755.0
92 1969771.0
93 1887510.0
94 1887510.0
95 1885578.0
96 1885578.0
97 1885578.0
98 1881700.0
99 1881700.0
100 1879762.0
101 1879762.0
102 1879762.0
103 1879762.0
104 1879762.0
105 1879762.0
106 1875890.0
107 1875890.0
108 1875890.0
109 1875890.0
110 1875890.0
111 1875890.0
112 1875890.0
113 1868157.0
114 1868157.0
115 1864296.0
116 1864296.0
117 1864296.0
118 1864296.0
119 1864296.0
120 1864296.0
121 1864296.0
122 1835489.0
123 1835489.0
124 1835489.0
125 1835489.0
126 1835489.0
127 1833575.0
128 1833575.0
129 1774968.0
130 1774968.0
131 1774968.0
132 1774968.0
133 1771205.0
134 1771205.0
135 1771205.0
136 1769325.0
137 1769325.0
138 1761821.0
139 1759946.0
140 1759946.0
141 1743116.0
142 1728235.0
143 1724523.0
144 1722675.0
145 1722675.0
146 1722675.0
147 1722675.0
148 1722675.0
149 1722675.0
150 1722675.0
151 1722675.0
152 1722675.0
153 1718968.0
154 1718968.0
155 1718968.0
156 1718968.0
157 1713416.0
158 1713416.0
159 1713416.0
160 1696839.0
161 1696839.0
162 1685837.0
163 1685837.0
164 1685837.0
165 1685837.0
166 1682171.0
167 1682171.0
168 1682171.0
169 1682171.0
170 1671209.0
171 1669383.0
172 1669383.0
173 1669383.0
174 1645773.0
175 1643963.0
176 1640361.0
177 1640361.0
178 1640361.0
179 1640361.0
180 1638553.0
181 1622324.0
182 1622324.0
183 1620525.0
184 1620525.0
185 1620525.0
186 1620525.0
187 1615134.0
188 1606170.0
189 1606170.0
190 1606170.0
191 1512886.0
192 1480106.0
193 1478415.0
194 1476746.0
195 1476746.0
196 1469894.0
197 1468183.0
198 1464763.0
199 1464763.0
200 1464763.0
201 1464763.0
202 1464763.0
203 1459640.0
204 1457934.0
205 1457934.0
206 1457934.0
207 1243630.0
208 1243611.0
209 1242059.0
210 1235949.0
211 1168370.0
212 1168287.0
213 1168287.0
214 1166850.0
215 1166850.0
216 1166850.0
217 1165489.0
218 1164413.0
219 1163924.0
220 1163924.0
221 1163924.0
222 1163924.0
223 1163924.0
224 1163924.0
225 1163924.0
226 1163924.0
227 1163924.0
228 1160887.0
229 1160887.0
230 1160887.0
231 1160887.0
232 1160887.0
233 1160887.0
234 1160887.0
235 1160887.0
236 1160887.0
237 1160887.0
238 1157855.0
239 1157855.0
240 1157855.0
241 1157855.0
242 1157855.0
243 1157855.0
244 1157855.0
245 1157855.0
246 1157855.0
247 1157855.0
248 1157855.0
259 1150397.0
260 1150397.0
261 1150397.0
262 1142859.0
263 1142851.0
264 1141359.0
265 1141359.0
266 1141359.0
267 1139855.0
268 1139855.0
269 1139855.0
270 1139855.0
271 1139855.0
272 1139855.0
273 1139855.0
274 1136851.0
275 1136851.0
276 1136851.0
277 1136851.0
278 1136851.0
279 1136851.0
280 1136851.0
281 1136851.0
282 1136851.0
283 1136851.0
284 1136851.0
295 1139856.0
296 1139856.0
297 1138353.0
298 1136851.0
299 1136851.0
300 1136851.0
301 1136851.0
302 1136851.0
303 1136851.0
304 1136851.0
305 1136851.0
306 1105552.0
307 1105552.0
308 1105552.0
309 1101116.0
310 1099639.0
311 1093744.0
312 1093744.0
313 1093744.0
314 1093744.0
315 1093744.0
316 1093744.0
317 1093744.0
318 1090801.0
319 1090801.0
320 1084928.0
321 1083463.0
322 1083433.0
323 1082000.0
324 1082000.0
325 1082000.0
326 1082000.0
327 1082000.0
328 1082000.0
329 1082000.0
330 1082000.0
331 1082000.0
332 1082000.0
333 1082000.0
344 1090803.0
345 1090803.0
346 1090803.0
347 1090803.0
348 1079073.0
349 1079015.0
350 1077614.0
351 1067408.0
352 1067408.0
353 1067408.0
354 1067408.0
355 1067408.0
356 1054367.0
357 1054367.0
358 1054367.0
359 1054367.0
360 1054367.0
361 1054367.0
362 1052924.0
363 1052924.0
364 1052924.0
365 1052924.0
366 1050038.0
367 1050017.0
368 1048602.0
369 1047161.0
370 1047161.0
371 1047161.0
372 1047161.0
373 1047161.0
374 1047161.0
375 1047161.0
376 1047161.0
377 1047161.0
378 1047161.0
379 1045721.0
380 1045721.0
381 1045721.0
382 1045721.0
383 1045721.0
384 1045721.0
385 1045721.0
386 1044282.0
387 1044282.0
388 1044282.0
389 1044282.0
390 1044282.0
391 1044282.0
392 1044282.0
393 1042844.0
394 1042843.0
395 1041408.0
396 1041408.0
397 1041408.0
398 1037103.0
399 1037103.0
400 1034239.0
401 1034239.0
402 1034239.0
403 1034239.0
404 342110.0
405 342058.0
406 342032.0
407 341251.0
408 341143.0
409 340371.0
410 339610.0
411 339578.0
412 338832.0
413 315779.0
414 315024.0
415 315024.0
416 314808.0
417 314808.0
418 314808.0
419 314808.0
420 314808.0
421 314115.0
422 314115.0
423 313912.0
424 313223.0
425 313161.0
426 313161.0
427 312498.0
428 311843.0
429 308206.0
430 308206.0
431 308206.0
432 295893.0
433 295883.0
434 289397.0
435 286410.0
436 286410.0
437 286410.0
438 285821.0
439 285821.0
440 285821.0
441 285821.0
442 285821.0
443 285821.0
444 285821.0
445 285243.0
446 281099.0
447 280970.0
448 277597.0
449 277597.0
450 277597.0
451 277597.0
452 277597.0
453 277597.0
454 277597.0
455 276421.0
456 276179.0
457 276179.0
458 276179.0
459 276179.0
460 276179.0
461 275713.0
462 275713.0
463 275713.0
464 275713.0
465 275713.0
466 275713.0
467 275713.0
468 274571.0
469 274571.0
470 274571.0
471 274571.0
472 271341.0
473 270917.0
474 270917.0
475 270917.0
476 270917.0
477 270498.0
478 270498.0
479 236417.0
480 236415.0
481 236357.0
482 236357.0
483 236318.0
484 236318.0
485 236318.0
486 236318.0
487 236318.0
488 236206.0
489 236102.0
490 236102.0
491 236030.0
492 236000.0
493 225312.0
494 224806.0
495 224806.0
496 224806.0
497 224115.0
498 224115.0
499 223630.0
500 223630.0
501 223507.0
502 223352.0
503 219916.0
504 219916.0
505 219916.0
506 219299.0
507 219299.0
508 219299.0
509 219299.0
510 219299.0
511 219299.0
512 219299.0
513 219299.0
514 219299.0
515 219299.0
516 218996.0
517 218996.0
518 218996.0
519 218996.0
520 218084.0
521 217815.0
522 217556.0
523 217307.0
524 217307.0
525 217307.0
526 217307.0
527 217307.0
528 217063.0
529 217063.0
530 216872.0
531 216872.0
532 216872.0
533 216872.0
534 216239.0
535 216125.0
536 216031.0
537 216031.0
538 216031.0
539 216031.0
540 216031.0
541 216031.0
542 216031.0
543 216031.0
544 216031.0
545 216031.0
546 216005.0
547 216005.0
548 216005.0
549 216005.0
550 216005.0
551 216005.0
552 216005.0
553 216005.0
554 216005.0
555 216005.0
556 216005.0
567 205904.0
568 205904.0
569 205904.0
570 205904.0
571 205904.0
572 205904.0
573 205904.0
574 205904.0
575 205904.0
576 205904.0
587 206213.0
588 205900.0
589 205900.0
590 205900.0
591 205557.0
592 205557.0
593 205557.0
594 205348.0
595 205348.0
596 205348.0
597 205348.0
598 205284.0
599 205284.0
600 205284.0
601 205132.0
602 205130.0
603 205130.0
604 205130.0
605 205090.0
606 205090.0
607 205090.0
608 205090.0
609 204563.0
610 204563.0
611 204563.0
612 204563.0
613 204563.0
614 204563.0
615 204563.0
616 204563.0
617 204563.0
618 204563.0
619 204563.0
630 206348.0
631 206348.0
632 206348.0
633 206348.0
634 205752.0
635 205752.0
636 205752.0
637 205752.0
638 205752.0
639 205157.0
640 205157.0
641 205157.0
642 205157.0
643 205157.0
644 205157.0
645 205157.0
646 205157.0
647 205157.0
648 205157.0
649 202198.0
650 202198.0
651 202198.0
652 202198.0
653 202198.0
654 202198.0
655 202198.0
656 202198.0
657 202198.0
658 202198.0
659 202198.0
670 202198.0
671 202198.0
672 202198.0
673 202198.0
674 202198.0
675 201021.0
676 201021.0
677 201021.0
678 201021.0
679 201021.0
680 201021.0
681 201021.0
682 201021.0
683 201021.0
684 201021.0
685 198679.0
686 198679.0
687 198679.0
688 198679.0
689 198679.0
690 198096.0
691 198096.0
692 198096.0
693 198096.0
694 198096.0
695 198096.0
696 198096.0
697 198096.0
698 198096.0
699 198096.0
700 198096.0
711 198096.0
712 198096.0
713 197514.0
714 197514.0
715 197514.0
716 197514.0
717 197514.0
718 197514.0
719 197514.0
720 197514.0
721 197514.0
722 197514.0
723 197514.0
734 199264.0
735 199264.0
736 199264.0
737 199264.0
738 199264.0
739 198097.0
740 198097.0
741 198097.0
742 198097.0
743 198097.0
744 196825.0
745 196825.0
746 196825.0
747 196825.0
748 196825.0
749 196825.0
750 196825.0
751 196339.0
752 195910.0
753 195910.0
754 195910.0
755 195910.0
756 195910.0
757 195910.0
758 195910.0
759 195910.0
760 195910.0
761 195910.0
762 195910.0
773 197801.0
774 197801.0
775 197801.0
776 197801.0
777 197801.0
778 197801.0
779 197801.0
780 197801.0
781 197801.0
782 197801.0
793 194929.0
794 194929.0
795 194929.0
796 194929.0
797 140037.0
798 140019.0
799 140006.0
800 139539.0
801 139539.0
802 139539.0
803 138608.0
804 138608.0
805 138605.0
806 138604.0
807 138596.0
808 138137.0
809 138137.0
810 137683.0
811 135307.0
812 135305.0
813 135303.0
814 135256.0
815 135256.0
816 134808.0
817 134808.0
818 134362.0
819 133918.0
820 133918.0
821 133907.0
822 133907.0
823 133468.0
824 133032.0
825 133032.0
826 132796.0
827 132629.0
828 132629.0
829 132198.0
830 132052.0
831 132052.0
832 131634.0
833 124816.0
834 124816.0
835 124455.0
836 124455.0
837 124455.0
838 124429.0
839 124097.0
840 124097.0
841 124097.0
842 124097.0
843 124097.0
844 124024.0
845 124024.0
846 124024.0
847 124024.0
848 123876.0
849 123876.0
850 123641.0
851 123641.0
852 115904.0
853 115904.0
854 115487.0
855 115487.0
856 115054.0
857 115054.0
858 115054.0
859 115034.0
860 115034.0
861 115034.0
862 115034.0
863 115000.0
864 114967.0
865 114572.0
866 114572.0
867 114572.0
868 114192.0
869 114146.0
870 114146.0
871 113820.0
872 113820.0
873 113820.0
874 113820.0
875 113820.0
876 113820.0
877 113820.0
878 109811.0
879 109800.0
880 109799.0
881 109799.0
882 109771.0
883 109392.0
884 109310.0
885 109310.0
886 109310.0
887 109310.0
888 109288.0
889 109288.0
890 109288.0
891 109288.0
892 108869.0
893 108869.0
894 108869.0
895 108869.0
896 108869.0
897 108869.0
898 108869.0
899 108869.0
900 108869.0
901 108869.0
902 108869.0
913 108869.0
914 108869.0
915 108869.0
916 108869.0
917 108869.0
918 108869.0
919 108869.0
920 108869.0
921 108869.0
922 108869.0
933 108715.0
934 108715.0
935 108325.0
936 108325.0
937 108325.0
938 108325.0
939 107958.0
940 107958.0
941 107958.0
942 107625.0
943 107625.0
944 107625.0
945 107625.0
946 107625.0
947 107625.0
948 107625.0
949 107625.0
950 107625.0
951 107625.0
952 107625.0
963 108194.0
964 108194.0
965 108194.0
966 108194.0
967 108194.0
968 108194.0
969 108194.0
970 108194.0
971 108041.0
972 108041.0
973 108041.0
974 108041.0
975 108041.0
976 108041.0
977 108041.0
978 108041.0
979 108041.0
980 108041.0
981 108041.0
992 109294.0
993 109294.0
994 109294.0
995 109294.0
996 109294.0
997 109294.0
998 109294.0
999 109294.0
1000 109294.0
1001 109294.0
1012 109299.0
1013 109299.0
1014 109299.0
1015 109299.0
1016 109299.0
1017 109299.0
1018 109299.0
1019 109299.0
1020 109299.0
1021 109299.0
1032 112533.0
1033 112533.0
1034 111727.0
1035 111727.0
1036 101614.0
1037 101614.0
1038 101552.0
1039 101552.0
1040 101552.0
1041 101549.0
1042 101549.0
1043 101549.0
1044 101549.0
1045 101549.0
1046 101275.0
1047 101275.0
1048 100911.0
1049 100911.0
1050 99773.0
1051 99771.0
1052 99441.0
1053 99441.0
1054 99418.0
1055 99418.0
1056 99418.0
1057 99418.0
1058 99418.0
1059 99418.0
1060 99418.0
1061 99418.0
1062 99113.0
1063 99113.0
1064 99113.0
1065 99058.0
1066 99058.0
1067 99058.0
1068 99058.0
1069 99058.0
1070 99058.0
1071 97640.0
1072 97640.0
1073 97542.0
1074 97542.0
1075 97542.0
1076 95623.0
1077 95590.0
1078 95213.0
1079 94489.0
1080 94476.0
1081 94140.0
1082 94140.0
1083 94140.0
1084 94140.0
1085 94140.0
1086 94140.0
1087 92287.0
1088 92287.0
1089 92287.0
1090 92287.0
1091 92287.0
1092 92287.0
1093 92287.0
1094 92287.0
1095 92287.0
1096 92287.0
1097 92287.0
1108 92287.0
1109 78811.0
1110 78811.0
1111 78811.0
1112 78473.0
1113 78131.0
1114 78100.0
1115 78060.0
1116 78060.0
1117 78060.0
1118 78060.0
1119 77621.0
1120 77621.0
1121 77621.0
1122 77621.0
1123 77621.0
1124 77621.0
1125 77621.0
1126 77621.0
1127 77612.0
1128 77612.0
1129 77612.0
1130 77571.0
1131 77275.0
1132 77275.0
1133 77275.0
1134 75638.0
1135 75591.0
1136 75256.0
1137 75256.0
1138 75256.0
1139 75230.0
1140 75230.0
1141 75230.0
1142 75230.0
1143 75230.0
1144 75230.0
1145 75230.0
1146 74957.0
1147 74957.0
1148 74697.0
1149 74697.0
1150 74697.0
1151 74449.0
1152 74449.0
1153 74449.0
1154 74449.0
1155 74449.0
1156 74449.0
1157 74449.0
1158 74449.0
1159 74366.0
1160 74366.0
1161 74366.0
1162 74366.0
1163 74366.0
1164 74366.0
1165 74366.0
1166 74366.0
1167 74366.0
1168 74366.0
1169 74278.0
1170 74278.0
1171 74278.0
1172 74278.0
1173 74278.0
1174 74278.0
1175 74278.0
1176 74278.0
1177 74278.0
1178 74278.0
1179 74278.0
1190 75269.0
1191 75269.0
1192 75269.0
1193 75269.0
1194 75269.0
1195 75269.0
1196 75269.0
1197 75269.0
1198 75045.0
1199 75045.0
1200 74817.0
1201 74817.0
1202 74817.0
1203 74817.0
1204 74817.0
1205 74817.0
1206 74817.0
1207 74817.0
1208 74817.0
1209 74817.0
1210 74817.0
1221 75864.0
1222 75864.0
1223 75864.0
1224 75836.0
1225 75836.0
1226 75836.0
1227 75836.0
1228 75836.0
1229 75836.0
1230 75836.0
1231 75836.0
1232 75743.0
1233 75595.0
1234 75595.0
1235 75595.0
1236 75595.0
1237 75595.0
1238 75595.0
1239 75149.0
1240 75149.0
1241 74818.0
1242 74818.0
1243 74818.0
1244 74818.0
1245 74818.0
1246 74818.0
1247 74818.0
1248 74818.0
1249 74818.0
1250 68707.0
1251 68398.0
1252 68372.0
1253 68090.0
1254 68090.0
1255 68090.0
1256 68090.0
1257 68090.0
1258 68090.0
1259 68090.0
1260 68090.0
1261 68090.0
1262 68090.0
1263 68090.0
1274 68604.0
1275 68604.0
1276 64734.0
1277 64710.0
1278 64710.0
1279 52631.0
1280 52631.0
1281 52599.0
1282 52571.0
1283 52571.0
1284 52571.0
1285 52302.0
1286 52275.0
1287 52155.0
1288 52154.0
1289 52154.0
1290 51891.0
1291 51891.0
1292 51875.0
1293 49028.0
1294 49028.0
1295 49028.0
1296 48997.0
1297 48997.0
1298 48997.0
1299 48768.0
1300 48768.0
1301 48768.0
1302 48768.0
1303 48768.0
1304 48768.0
1305 48768.0
1306 48768.0
1307 48707.0
1308 48707.0
1309 48707.0
1310 48707.0
1311 48704.0
1312 48704.0
1313 48704.0
1314 48704.0
1315 48673.0
1316 48673.0
1317 48654.0
1318 48654.0
1319 48432.0
1320 48408.0
1321 48408.0
1322 48408.0
1323 48205.0
1324 48205.0
1325 48005.0
1326 48005.0
1327 48005.0
1328 48005.0
1329 48005.0
1330 47812.0
1331 47812.0
1332 47812.0
1333 47812.0
1334 47812.0
1335 47812.0
1336 47812.0
1337 47812.0
1338 47812.0
1339 47812.0
1340 47622.0
1341 47619.0
1342 47619.0
1343 47619.0
1344 47619.0
1345 47619.0
1346 47316.0
1347 47316.0
1348 47316.0
1349 47316.0
1350 47316.0
1351 47316.0
1352 47316.0
1353 47316.0
1354 47316.0
1355 47316.0
1356 47316.0
1367 47515.0
1368 47515.0
1369 47515.0
1370 47515.0
1371 47318.0
1372 47318.0
1373 47155.0
1374 47155.0
1375 47004.0
1376 47004.0
1377 47004.0
1378 47004.0
1379 47004.0
1380 46968.0
1381 46968.0
1382 46857.0
1383 46857.0
1384 46857.0
1385 46857.0
1386 46857.0
1387 46857.0
1388 46857.0
1389 46857.0
1390 46857.0
1391 46857.0
1392 46857.0
1403 46725.0
1404 46725.0
1405 46725.0
1406 46725.0
1407 46725.0
1408 46351.0
1409 46351.0
1410 46327.0
1411 46327.0
1412 46316.0
1413 46316.0
1414 46316.0
1415 46316.0
1416 46316.0
1417 46316.0
1418 46103.0
1419 46103.0
1420 46103.0
1421 46103.0
1422 45995.0
1423 45892.0
1424 45892.0
1425 45892.0
1426 45866.0
1427 45866.0
1428 45774.0
1429 45670.0
1430 45670.0
1431 45670.0
1432 45670.0
1433 45670.0
1434 45670.0
1435 45670.0
1436 45670.0
1437 45670.0
1438 45670.0
1439 45670.0
1450 45944.0
1451 45944.0
1452 45944.0
1453 45944.0
1454 45944.0
1455 45944.0
1456 45944.0
1457 45944.0
1458 45944.0
1459 45944.0
1470 46379.0
1471 46379.0
1472 46379.0
1473 46379.0
1474 46379.0
1475 46379.0
1476 46379.0
1477 46379.0
1478 46379.0
1479 46379.0
1490 46499.0
1491 46499.0
1492 46499.0
1493 46499.0
1494 46499.0
1495 46499.0
1496 46499.0
1497 46499.0
1498 46499.0
1499 46499.0
1510 46420.0
1511 46420.0
1512 46420.0
1513 46420.0
1514 46420.0
1515 46420.0
1516 46420.0
1517 46420.0
1518 46420.0
1519 46327.0
1520 46327.0
1521 46327.0
1522 46327.0
1523 46327.0
1524 46327.0
1525 46327.0
1526 46327.0
1527 46327.0
1528 46327.0
1529 46327.0
1540 47158.0
1541 47158.0
1542 47046.0
1543 47046.0
1544 47046.0
1545 47046.0
1546 47046.0
1547 47046.0
1548 47031.0
1549 47031.0
1550 47031.0
1551 47031.0
1552 47031.0
1553 47031.0
1554 47031.0
1555 47031.0
1556 47031.0
1557 47031.0
1558 47031.0
1569 45453.0
1570 45421.0
1571 45181.0
1572 45181.0
1573 45181.0
1574 45181.0
1575 45181.0
1576 45181.0
1577 45181.0
1578 45181.0
1579 45181.0
1580 45181.0
1581 45181.0
1592 44369.0
1593 44358.0
1594 44165.0
1595 44165.0
1596 44165.0
1597 44165.0
1598 44165.0
1599 44165.0
1600 44165.0
1601 44032.0
1602 44032.0
1603 44032.0
1604 44032.0
1605 44032.0
1606 44032.0
1607 44032.0
1608 44032.0
1609 44032.0
1610 44032.0
1611 44032.0
1622 43939.0
1623 43939.0
1624 43939.0
1625 43939.0
1626 43939.0
1627 43939.0
1628 43939.0
1629 43939.0
1630 43551.0
1631 43551.0
1632 43551.0
1633 43551.0
1634 43551.0
1635 43551.0
1636 43551.0
1637 43551.0
1638 43551.0
1639 43551.0
1640 43551.0
1651 43551.0
1652 43551.0
1653 43551.0
1654 43551.0
1655 43551.0
1656 43551.0
1657 43551.0
1658 43551.0
1659 43312.0
1660 43312.0
1661 43312.0
1662 43312.0
1663 43312.0
1664 43312.0
1665 43312.0
1666 43312.0
1667 43312.0
1668 43312.0
1669 43312.0
1680 43649.0
1681 43649.0
1682 43649.0
1683 43649.0
1684 43649.0
1685 43596.0
1686 43596.0
1687 43596.0
1688 43596.0
1689 43596.0
1690 43596.0
1691 43596.0
1692 43460.0
1693 43460.0
1694 43460.0
1695 43426.0
1696 43426.0
1697 43426.0
1698 43426.0
1699 43426.0
1700 43426.0
1701 43330.0
1702 43330.0
1703 43330.0
1704 43330.0
1705 43330.0
1706 43330.0
1707 43330.0
1708 43330.0
1709 43330.0
1710 43330.0
1711 43330.0
1722 43509.0
1723 43509.0
1724 43334.0
1725 43334.0
1726 43334.0
1727 43334.0
1728 43334.0
1729 43334.0
1730 43334.0
1731 43334.0
1732 43334.0
1733 43334.0
1734 43334.0
1745 43235.0
1746 43235.0
1747 43235.0
1748 43235.0
1749 43235.0
1750 43235.0
1751 43235.0
1752 43235.0
1753 42997.0
1754 42997.0
1755 42997.0
1756 42997.0
1757 42760.0
1758 42760.0
1759 42760.0
1760 42760.0
1761 42760.0
1762 42760.0
1763 42760.0
1764 42760.0
1765 42760.0
1766 42760.0
1767 42760.0
1778 42056.0
1779 42039.0
1780 42019.0
1781 42019.0
1782 42011.0
1783 42011.0
1784 42011.0
1785 42011.0
1786 42008.0
1787 41935.0
1788 41935.0
1789 41495.0
1790 41495.0
1791 41495.0
1792 41495.0
1793 41495.0
1794 41495.0
1795 41495.0
1796 41495.0
1797 41495.0
1798 41495.0
1799 41495.0
1810 40416.0
1811 40416.0
1812 40416.0
1813 40416.0
1814 40416.0
1815 40416.0
1816 40253.0
1817 40253.0
1818 40253.0
1819 40253.0
1820 40253.0
1821 40253.0
1822 40253.0
1823 40253.0
1824 40253.0
1825 40253.0
1826 40253.0
1837 40641.0
1838 40555.0
1839 40376.0
1840 40376.0
1841 40376.0
1842 40376.0
1843 40376.0
1844 40376.0
1845 40376.0
1846 40253.0
1847 40253.0
1848 40253.0
1849 40253.0
1850 40253.0
1851 40253.0
1852 40225.0
1853 40225.0
1854 40225.0
1855 40194.0
1856 40194.0
1857 40194.0
1858 40044.0
1859 40044.0
1860 40044.0
1861 40044.0
1862 40024.0
1863 40024.0
1864 39796.0
1865 39796.0
1866 39796.0
1867 39758.0
1868 39758.0
1869 39758.0
1870 39758.0
1871 39758.0
1872 39758.0
1873 39758.0
1874 39758.0
1875 39758.0
1876 39758.0
1877 39758.0
1888 39744.0
1889 39744.0
1890 39744.0
1891 39152.0
1892 39152.0
1893 39152.0
1894 39152.0
1895 39152.0
1896 39152.0
1897 39152.0
1898 39152.0
1899 39152.0
1900 39152.0
1901 39152.0
1912 38353.0
1913 38194.0
1914 38194.0
1915 38191.0
1916 38191.0
1917 38191.0
1918 38191.0
1919 38191.0
1920 38004.0
1921 38004.0
1922 38004.0
1923 38004.0
1924 38004.0
1925 38004.0
1926 38004.0
1927 38004.0
1928 38004.0
1929 38004.0
1930 37647.0
1931 37642.0
1932 37625.0
1933 37612.0
1934 37612.0
1935 37612.0
1936 37612.0
1937 37582.0
1938 37582.0
1939 37582.0
1940 37577.0
1941 37561.0
1942 37561.0
1943 37561.0
1944 37561.0
1945 37544.0
1946 37544.0
1947 37544.0
1948 37544.0
1949 37544.0
1950 37544.0
1951 37544.0
1952 37154.0
1953 37154.0
1954 37098.0
1955 37098.0
1956 37098.0
1957 37098.0
1958 37098.0
1959 37098.0
1960 37098.0
1961 37098.0
1962 37098.0
1963 37098.0
1964 37098.0
1975 37142.0
1976 37093.0
1977 37093.0
1978 37093.0
1979 37093.0
1980 37093.0
1981 37093.0
1982 37093.0
1983 37093.0
1984 37093.0
1985 37093.0
1986 37093.0
1997 36902.0
1998 36902.0
1999 36902.0
2000 36902.0
2001 36902.0
2002 36902.0
2003 36902.0
2004 36902.0
2005 36902.0
2006 36902.0
2017 35819.0
2018 35819.0
2019 35819.0
2020 35808.0
2021 35808.0
2022 35808.0
2023 35710.0
2024 35710.0
2025 35710.0
2026 35710.0
2027 35710.0
2028 35710.0
2029 35710.0
2030 35534.0
2031 35534.0
2032 35534.0
2033 35534.0
2034 35534.0
2035 35534.0
2036 35534.0
2037 35534.0
2038 35534.0
2039 35534.0
2040 35534.0
2051 35596.0
2052 35596.0
2053 35596.0
2054 35596.0
2055 35596.0
2056 35596.0
2057 35596.0
2058 35596.0
2059 35596.0
2060 35596.0
2071 35398.0
2072 35397.0
2073 35391.0
2074 35391.0
2075 35391.0
2076 35391.0
2077 35391.0
2078 35389.0
2079 35369.0
2080 35369.0
2081 35369.0
2082 35369.0
2083 35364.0
2084 35364.0
2085 35364.0
2086 35364.0
2087 35287.0
2088 35287.0
2089 35287.0
2090 35287.0
2091 35287.0
2092 35287.0
2093 35287.0
2094 35287.0
2095 35287.0
2096 35287.0
2097 35287.0
2108 34329.0
2109 34310.0
2110 34310.0
2111 34310.0
2112 34310.0
2113 34310.0
2114 34280.0
2115 34280.0
2116 34280.0
2117 34136.0
2118 34136.0
2119 34136.0
2120 34136.0
2121 34136.0
2122 34136.0
2123 34136.0
2124 34136.0
2125 34136.0
2126 34136.0
2127 34136.0
2138 34290.0
2139 34290.0
2140 34290.0
2141 34290.0
2142 34290.0
2143 34290.0
2144 34136.0
2145 34136.0
2146 34136.0
2147 34136.0
2148 33929.0
2149 33913.0
2150 33876.0
2151 33873.0
2152 33873.0
2153 33867.0
2154 33687.0
2155 33524.0
2156 33524.0
2157 33524.0
2158 33524.0
2159 33524.0
2160 33524.0
2161 33524.0
2162 33524.0
2163 33524.0
2164 33524.0
2165 33524.0
2176 33729.0
2177 33729.0
2178 33729.0
2179 33729.0
2180 33729.0
2181 33729.0
2182 33729.0
2183 33729.0
2184 33729.0
2185 33729.0
2196 34202.0
2197 34202.0
2198 34202.0
2199 34202.0
2200 34114.0
2201 34114.0
2202 33992.0
2203 33992.0
2204 33992.0
2205 33992.0
2206 33992.0
2207 33992.0
2208 33992.0
2209 33992.0
2210 33992.0
2211 33992.0
2212 33992.0
2223 33969.0
2224 33969.0
2225 33969.0
2226 33923.0
2227 33923.0
2228 33923.0
2229 33923.0
2230 33923.0
2231 33923.0
2232 33923.0
2233 33923.0
2234 33923.0
2235 33923.0
2236 33923.0
2247 35316.0
2248 35316.0
2249 35313.0
2250 35313.0
2251 35313.0
2252 35288.0
2253 35283.0
2254 35283.0
2255 35283.0
2256 35283.0
2257 35279.0
2258 35259.0
2259 35259.0
2260 35259.0
2261 35259.0
2262 35259.0
2263 35259.0
2264 35259.0
2265 35259.0
2266 35259.0
2267 35259.0
2268 35259.0
2279 35232.0
2280 35232.0
2281 35232.0
2282 35232.0
2283 35232.0
2284 35060.0
2285 35060.0
2286 35060.0
2287 35060.0
2288 35060.0
2289 35060.0
2290 35060.0
2291 35060.0
2292 35060.0
2293 35041.0
2294 35041.0
2295 35041.0
2296 35041.0
2297 35041.0
2298 35041.0
2299 35041.0
2300 35041.0
2301 35041.0
2302 35041.0
2303 34895.0
2304 34895.0
2305 34895.0
2306 34895.0
2307 34895.0
2308 34895.0
2309 34895.0
2310 34895.0
2311 34761.0
2312 34761.0
2313 34761.0
2314 34761.0
2315 34761.0
2316 34761.0
2317 34761.0
2318 34761.0
2319 34761.0
2320 34761.0
2321 34761.0
2332 34550.0
2333 34550.0
2334 34550.0
2335 34550.0
2336 34550.0
2337 34550.0
2338 34550.0
2339 34550.0
2340 34550.0
2341 34550.0
2352 34376.0
2353 34376.0
2354 34376.0
2355 34376.0
2356 34376.0
2357 34376.0
2358 34376.0
2359 34352.0
2360 34352.0
2361 34352.0
2362 34352.0
2363 34352.0
2364 34352.0
2365 34207.0
2366 34207.0
2367 34207.0
2368 34207.0
2369 34207.0
2370 34207.0
2371 34207.0
2372 34207.0
2373 34207.0
2374 34207.0
2375 34207.0
2386 35669.0
2387 35669.0
2388 35669.0
2389 35669.0
2390 35669.0
2391 35669.0
2392 35669.0
2393 35669.0
2394 35669.0
2395 35669.0
2406 35678.0
2407 35678.0
2408 35678.0
2409 35678.0
2410 35678.0
2411 35678.0
2412 35678.0
2413 35678.0
2414 35678.0
2415 35678.0
2426 36987.0
2427 36807.0
2428 36807.0
2429 36807.0
2430 36807.0
2431 36807.0
2432 36807.0
2433 36807.0
2434 36807.0
2435 36807.0
2436 36807.0
2437 36631.0
2438 36336.0
2439 36336.0
2440 36336.0
2441 36336.0
2442 36336.0
2443 36336.0
2444 36336.0
2445 36336.0
2446 36336.0
2447 36336.0
2448 36336.0
2459 37779.0
2460 37779.0
2461 37362.0
2462 37362.0
2463 37362.0
2464 37362.0
2465 37362.0
2466 37362.0
2467 37362.0
2468 37116.0
2469 37116.0
2470 37116.0
2471 37116.0
2472 37116.0
2473 37116.0
2474 37116.0
2475 37116.0
2476 37116.0
2477 37116.0
2478 37116.0
2489 36906.0
2490 36906.0
2491 36906.0
2492 36906.0
2493 36813.0
2494 36813.0
2495 36813.0
2496 36813.0
2497 36813.0
2498 36634.0
2499 36634.0
2500 36634.0
2501 36634.0
2502 36634.0
2503 36634.0
2504 36634.0
2505 36634.0
2506 36634.0
2507 36545.0
2508 36545.0
2509 36545.0
2510 36545.0
2511 36545.0
2512 36545.0
2513 36545.0
2514 36545.0
2515 36545.0
2516 36545.0
2517 36545.0
2528 37421.0
2529 37421.0
2530 37421.0
2531 37421.0
2532 37421.0
2533 37421.0
2534 37421.0
2535 37421.0
2536 37421.0
2537 37421.0
2548 37232.0
2549 37232.0
2550 37232.0
2551 37232.0
2552 37179.0
2553 37179.0
2554 37179.0
2555 36998.0
2556 36998.0
2557 36998.0
2558 36998.0
2559 36998.0
2560 36998.0
2561 36998.0
2562 36998.0
2563 36998.0
2564 36998.0
2565 36998.0
2576 39727.0
2577 39727.0
2578 39727.0
2579 39727.0
2580 39727.0
2581 39727.0
2582 39727.0
2583 39727.0
2584 39727.0
2585 39727.0
2596 39928.0
2597 39928.0
2598 39928.0
2599 39928.0
2600 39928.0
2601 39928.0
2602 39928.0
2603 39928.0
2604 39928.0
2605 39928.0
2616 41388.0
2617 41388.0
2618 41388.0
2619 41387.0
2620 41387.0
2621 41387.0
2622 41387.0
2623 41166.0
2624 40946.0
2625 40945.0
2626 40944.0
2627 40700.0
2628 40700.0
2629 40700.0
2630 40700.0
2631 40700.0
2632 40700.0
2633 40700.0
2634 40700.0
2635 40700.0
2636 40700.0
2637 40700.0
2648 41468.0
2649 41468.0
2650 41468.0
2651 41468.0
2652 41238.0
2653 41238.0
2654 41238.0
2655 41238.0
2656 41238.0
2657 41238.0
2658 41238.0
2659 41238.0
2660 41238.0
2661 41238.0
2662 41238.0
2673 41346.0
2674 41193.0
2675 41193.0
2676 41193.0
2677 41193.0
2678 41193.0
2679 41193.0
2680 41193.0
2681 40700.0
2682 40693.0
2683 40686.0
2684 40686.0
2685 40686.0
2686 40686.0
2687 40288.0
2688 40288.0
2689 40288.0
2690 40288.0
2691 40053.0
2692 40053.0
2693 40053.0
2694 40053.0
2695 40053.0
2696 40053.0
2697 40053.0
2698 40053.0
2699 40053.0
2700 40053.0
2701 40053.0
2712 40053.0
2713 40053.0
2714 40053.0
2715 40053.0
2716 40053.0
2717 40053.0
2718 40053.0
2719 40053.0
2720 40053.0
2721 40053.0
2722 40053.0
2733 40052.0
2734 39808.0
2735 39771.0
2736 39768.0
2737 39629.0
2738 39629.0
2739 39629.0
2740 39629.0
2741 39629.0
2742 39629.0
2743 39629.0
2744 39424.0
2745 39424.0
2746 39424.0
2747 39424.0
2748 39424.0
2749 39424.0
2750 39424.0
2751 39424.0
2752 39424.0
2753 39424.0
2754 39424.0
2765 39327.0
2766 36740.0
2767 36729.0
2768 36725.0
2769 36722.0
2770 36722.0
2771 36722.0
2772 36701.0
2773 36701.0
2774 36701.0
2775 36701.0
2776 36281.0
2777 36281.0
2778 36281.0
2779 36281.0
2780 36281.0
2781 36281.0
2782 36281.0
2783 36281.0
2784 36281.0
2785 36281.0
2786 36281.0
2797 38182.0
2798 38182.0
2799 38182.0
2800 38172.0
2801 38165.0
2802 37961.0
2803 37961.0
2804 37961.0
2805 37905.0
2806 37905.0
2807 37691.0
2808 37528.0
2809 37528.0
2810 37528.0
2811 37528.0
2812 37528.0
2813 37528.0
2814 37528.0
2815 37528.0
2816 37446.0
2817 37446.0
2818 37446.0
2819 37446.0
2820 37446.0
2821 37446.0
2822 37446.0
2823 36875.0
2824 36875.0
2825 36875.0
2826 36875.0
2827 36875.0
2828 36875.0
2829 36875.0
2830 36875.0
2831 36875.0
2832 36875.0
2833 36875.0
2844 38110.0
2845 38110.0
2846 38110.0
2847 38110.0
2848 38110.0
2849 38110.0
2850 38073.0
2851 38073.0
2852 37866.0
2853 37866.0
2854 37866.0
2855 37473.0
2856 37473.0
2857 37427.0
2858 37427.0
2859 37427.0
2860 37427.0
2861 37427.0
2862 37427.0
2863 37427.0
2864 37427.0
2865 37427.0
2866 37427.0
2867 37427.0
2878 37681.0
2879 37681.0
2880 37681.0
2881 37470.0
2882 37321.0
2883 37321.0
2884 37321.0
2885 37321.0
2886 37321.0
2887 37321.0
2888 37321.0
2889 37321.0
2890 37321.0
2891 37321.0
2892 37321.0
2903 37301.0
2904 37301.0
2905 37301.0
2906 37301.0
2907 37301.0
2908 37301.0
2909 37301.0
2910 37301.0
2911 37243.0
2912 37243.0
2913 37243.0
2914 37243.0
2915 37243.0
2916 37243.0
2917 37243.0
2918 37056.0
2919 37056.0
2920 37056.0
2921 37056.0
2922 37056.0
2923 37056.0
2924 37056.0
2925 37056.0
2926 37056.0
2927 37056.0
2928 37056.0
2939 37374.0
2940 37374.0
2941 37374.0
2942 37374.0
2943 37291.0
2944 37291.0
2945 37291.0
2946 37291.0
2947 37291.0
2948 37291.0
2949 37291.0
2950 37291.0
2951 37291.0
2952 37291.0
2953 37291.0
2964 37291.0
2965 37291.0
2966 37291.0
2967 37291.0
2968 37291.0
2969 37291.0
2970 37291.0
2971 37291.0
2972 37291.0
2973 37291.0
2984 35625.0
2985 35625.0
2986 35625.0
2987 35551.0
2988 35551.0
2989 35551.0
2990 35386.0
2991 35386.0
2992 35386.0
2993 35386.0
2994 35328.0
2995 35261.0
2996 35261.0
2997 35261.0
2998 35261.0
2999 35261.0
3000 35261.0
3001 35261.0
3002 35261.0
3003 35261.0
3004 35261.0
3005 35261.0
3016 35419.0
3017 35414.0
3018 35414.0
3019 35261.0
3020 35261.0
3021 35261.0
3022 35261.0
3023 35261.0
3024 35261.0
3025 35261.0
3026 35261.0
3027 35261.0
3028 35261.0
3029 35261.0
3040 35223.0
3041 35223.0
3042 35160.0
3043 35160.0
3044 35160.0
3045 35160.0
3046 35160.0
3047 35160.0
3048 35160.0
3049 35160.0
3050 35160.0
3051 35160.0
3052 35160.0
3063 34087.0
3064 34087.0
3065 34087.0
3066 34087.0
3067 34087.0
3068 34087.0
3069 34087.0
3070 34087.0
3071 34050.0
3072 34050.0
3073 34050.0
3074 34050.0
3075 34050.0
3076 34042.0
3077 34042.0
3078 34042.0
3079 34042.0
3080 34042.0
3081 33497.0
3082 33497.0
3083 33497.0
3084 33497.0
3085 33497.0
3086 33497.0
3087 33497.0
3088 33497.0
3089 33497.0
3090 33497.0
3091 33497.0
3102 33608.0
3103 33608.0
3104 33608.0
3105 33608.0
3106 33608.0
3107 33608.0
3108 33608.0
3109 33608.0
3110 33608.0
3111 33608.0
3122 34011.0
3123 34011.0
3124 34011.0
3125 33825.0
3126 33825.0
3127 33825.0
3128 33825.0
3129 33825.0
3130 33825.0
3131 33825.0
3132 33825.0
3133 33825.0
3134 33825.0
3135 33825.0
3146 33897.0
3147 33897.0
3148 33897.0
3149 33833.0
3150 33715.0
3151 33715.0
3152 33715.0
3153 33715.0
3154 33715.0
3155 33715.0
3156 33715.0
3157 33715.0
3158 33715.0
3159 33715.0
3160 33715.0
3171 33883.0
3172 33715.0
3173 33715.0
3174 33715.0
3175 33715.0
3176 33715.0
3177 33715.0
3178 33715.0
3179 32852.0
3180 32833.0
3181 32833.0
3182 32833.0
3183 32833.0
3184 32832.0
3185 32825.0
3186 32825.0
3187 32788.0
3188 32638.0
3189 32638.0
3190 32638.0
3191 32638.0
3192 32638.0
3193 32638.0
3194 32638.0
3195 32638.0
3196 32638.0
3197 32638.0
3198 32638.0
3209 32832.0
3210 32832.0
3211 32832.0
3212 32832.0
3213 32832.0
3214 32832.0
3215 32832.0
3216 32832.0
3217 32815.0
3218 32815.0
3219 32795.0
3220 32794.0
3221 32638.0
3222 32638.0
3223 32638.0
3224 32638.0
3225 32638.0
3226 32638.0
3227 32638.0
3228 32638.0
3229 32638.0
3230 32638.0
3231 32638.0
3242 32638.0
3243 32638.0
3244 32638.0
3245 32638.0
3246 32638.0
3247 32638.0
3248 32638.0
3249 32638.0
3250 32638.0
3251 32638.0
3262 32786.0
3263 32786.0
3264 32786.0
3265 32786.0
3266 32786.0
3267 32786.0
3268 32786.0
3269 32786.0
3270 32786.0
3271 32786.0
3282 33356.0
3283 33356.0
3284 33356.0
3285 33356.0
3286 33356.0
3287 33356.0
3288 33350.0
3289 33350.0
3290 33350.0
3291 33350.0
3292 33343.0
3293 33343.0
3294 33343.0
3295 33343.0
3296 33343.0
3297 33343.0
3298 33343.0
3299 33343.0
3300 33343.0
3301 33343.0
3302 33343.0
3313 33338.0
3314 33337.0
3315 33337.0
3316 33337.0
3317 33337.0
3318 33160.0
3319 33160.0
3320 33160.0
3321 33160.0
3322 33160.0
3323 33160.0
3324 33160.0
3325 33063.0
3326 33063.0
3327 33063.0
3328 33063.0
3329 33063.0
3330 33063.0
3331 33063.0
3332 33063.0
3333 33063.0
3334 33063.0
3335 33063.0
3346 32988.0
3347 32988.0
3348 32988.0
3349 32988.0
3350 32988.0
3351 32988.0
3352 32988.0
3353 32988.0
3354 32988.0
3355 32988.0
3356 32988.0
3367 33299.0
3368 33299.0
3369 33299.0
3370 33299.0
3371 33299.0
3372 33299.0
3373 33299.0
3374 33299.0
3375 33299.0
3376 33299.0
3387 33051.0
3388 33051.0
3389 33051.0
3390 33051.0
3391 33051.0
3392 33051.0
3393 33051.0
3394 33051.0
3395 33051.0
3396 33051.0
3407 32915.0
3408 32915.0
3409 32915.0
3410 32915.0
3411 32915.0
3412 32915.0
3413 32915.0
3414 32915.0
3415 32915.0
3416 32915.0
3417 32915.0
3428 32844.0
3429 32844.0
3430 32844.0
3431 32844.0
3432 32844.0
3433 32844.0
3434 32844.0
3435 32844.0
3436 32844.0
3437 32844.0
3448 34512.0
3449 34110.0
3450 34110.0
3451 34110.0
3452 34110.0
3453 34110.0
3454 34110.0
3455 34110.0
3456 34110.0
3457 34110.0
3458 34110.0
3459 34110.0
3470 33250.0
3471 33243.0
3472 33210.0
3473 33184.0
3474 33183.0
3475 33180.0
3476 33139.0
3477 32970.0
3478 32970.0
3479 32970.0
3480 32970.0
3481 32970.0
3482 32970.0
3483 32970.0
3484 32970.0
3485 32970.0
3486 32970.0
3487 32970.0
3498 33026.0
3499 33026.0
3500 33026.0
3501 32830.0
3502 32830.0
3503 32830.0
3504 32830.0
3505 32830.0
3506 32830.0
3507 32830.0
3508 32830.0
3509 32830.0
3510 32830.0
3511 32830.0
3522 33305.0
3523 33282.0
3524 33282.0
3525 33282.0
3526 33282.0
3527 33282.0
3528 33282.0
3529 32045.0
3530 32045.0
3531 31984.0
3532 31984.0
3533 31984.0
3534 31984.0
3535 31984.0
3536 31984.0
3537 31984.0
3538 31259.0
3539 31259.0
3540 31259.0
3541 31259.0
3542 31259.0
3543 31259.0
3544 31259.0
3545 31259.0
3546 31259.0
3547 31259.0
3548 31259.0
3559 30965.0
3560 30965.0
3561 30965.0
3562 30965.0
3563 30965.0
3564 30965.0
3565 30965.0
3566 30965.0
3567 30965.0
3568 30965.0
3579 29625.0
3580 29625.0
3581 29625.0
3582 29625.0
3583 29625.0
3584 29625.0
3585 29625.0
3586 29371.0
3587 29371.0
3588 29371.0
3589 29371.0
3590 29371.0
3591 29371.0
3592 29371.0
3593 29371.0
3594 29371.0
3595 29371.0
3596 29371.0
3607 29371.0
3608 29371.0
3609 29371.0
3610 29176.0
3611 29176.0
3612 29176.0
3613 29176.0
3614 29176.0
3615 29176.0
3616 29176.0
3617 29176.0
3618 29176.0
3619 29176.0
3620 29176.0
3631 29318.0
3632 29318.0
3633 29318.0
3634 29318.0
3635 29318.0
3636 29318.0
3637 29318.0
3638 29318.0
3639 29318.0
3640 29186.0
3641 29186.0
3642 29152.0
3643 29152.0
3644 29152.0
3645 29152.0
3646 29152.0
3647 29152.0
3648 29152.0
3649 29152.0
3650 29152.0
3651 29152.0
3652 29152.0
3663 29152.0
3664 28790.0
3665 28790.0
3666 28790.0
3667 28790.0
3668 28790.0
3669 28790.0
3670 28790.0
3671 28790.0
3672 28790.0
3673 28790.0
3674 28790.0
3685 30496.0
3686 30496.0
3687 30496.0
3688 30496.0
3689 30496.0
3690 30496.0
3691 30496.0
3692 30496.0
3693 30496.0
3694 30496.0
3705 30327.0
3706 30327.0
3707 30327.0
3708 30327.0
3709 30327.0
3710 30327.0
3711 30327.0
3712 30159.0
3713 30159.0
3714 30159.0
3715 30159.0
3716 30159.0
3717 30159.0
3718 30159.0
3719 30159.0
3720 30159.0
3721 29175.0
3722 29175.0
3723 29175.0
3724 29175.0
3725 28981.0
3726 28981.0
3727 28981.0
3728 28981.0
3729 28981.0
3730 28981.0
3731 28981.0
3732 26370.0
3733 26303.0
3734 26301.0
3735 26298.0
3736 26294.0
3737 26291.0
3738 26116.0
3739 26116.0
3740 26094.0
3741 26085.0
3742 26085.0
3743 26085.0
3744 26085.0
3745 26085.0
3746 26085.0
3747 26085.0
3748 26085.0
3749 26085.0
3750 26085.0
3751 26084.0
3752 26084.0
3753 26048.0
3754 26048.0
3755 25897.0
3756 25897.0
3757 25897.0
3758 25897.0
3759 25897.0
3760 25897.0
3761 25890.0
3762 25890.0
3763 25890.0
3764 25890.0
3765 25890.0
3766 25890.0
3767 25890.0
3768 25890.0
3769 25890.0
3770 25890.0
3771 25890.0
3782 25889.0
3783 25889.0
3784 25889.0
3785 25889.0
3786 25889.0
3787 25889.0
3788 25889.0
3789 25889.0
3790 25771.0
3791 25771.0
3792 25771.0
3793 25662.0
3794 25662.0
3795 25662.0
3796 25662.0
3797 25662.0
3798 25662.0
3799 25662.0
3800 25662.0
3801 25662.0
3802 25662.0
3803 25662.0
3814 25785.0
3815 25785.0
3816 25785.0
3817 25785.0
3818 25785.0
3819 25785.0
3820 25785.0
3821 25662.0
3822 25662.0
3823 25662.0
3824 25662.0
3825 25662.0
3826 25662.0
3827 25662.0
3828 25662.0
3829 25662.0
3830 25662.0
3831 25662.0
3842 25662.0
3843 25662.0
3844 25662.0
3845 25662.0
3846 25662.0
3847 25662.0
3848 25662.0
3849 25662.0
3850 25662.0
3851 25662.0
3862 28219.0
3863 28219.0
3864 28219.0
3865 28219.0
3866 28219.0
3867 28219.0
3868 28219.0
3869 28219.0
3870 28219.0
3871 28219.0
3882 27877.0
3883 27877.0
3884 27877.0
3885 27877.0
3886 27877.0
3887 27877.0
3888 27877.0
3889 27877.0
3890 27877.0
3891 27877.0
3902 27784.0
3903 27784.0
3904 27784.0
3905 27784.0
3906 27784.0
3907 27784.0
3908 27784.0
3909 27784.0
3910 27784.0
3911 27784.0
3922 28414.0
3923 28414.0
3924 28414.0
3925 28414.0
3926 28414.0
3927 28414.0
3928 28414.0
3929 28414.0
3930 28414.0
3931 28414.0
3942 28874.0
3943 28868.0
3944 28868.0
3945 28868.0
3946 28868.0
3947 28868.0
3948 28868.0
3949 28868.0
3950 28868.0
3951 28868.0
3952 28868.0
3953 28868.0
3964 28604.0
3965 28604.0
3966 28604.0
3967 28604.0
3968 28604.0
3969 28604.0
3970 28604.0
3971 28604.0
3972 28604.0
3973 28604.0
3984 28716.0
3985 28716.0
3986 28716.0
3987 28716.0
3988 28716.0
3989 28716.0
3990 28716.0
3991 28716.0
3992 28716.0
3993 28716.0
3994 28716.0
4005 28930.0
4006 28930.0
4007 28920.0
4008 28920.0
4009 28920.0
4010 28920.0
4011 28920.0
4012 28920.0
4013 28920.0
4014 28920.0
4015 28920.0
4016 28920.0
4017 28604.0
4018 28604.0
4019 28604.0
4020 28604.0
4021 28604.0
4022 28604.0
4023 28604.0
4024 28604.0
4025 28604.0
4026 28604.0
4027 28604.0
4038 28538.0
4039 28538.0
4040 28538.0
4041 28538.0
4042 28538.0
4043 28538.0
4044 28538.0
4045 28538.0
4046 28538.0
4047 28538.0
4058 28400.0
4059 28400.0
4060 28400.0
4061 28396.0
4062 28396.0
4063 28396.0
4064 28396.0
4065 28293.0
4066 28293.0
4067 28293.0
4068 28293.0
4069 28293.0
4070 28293.0
4071 28293.0
4072 28293.0
4073 28293.0
4074 28293.0
4075 28293.0
4086 28246.0
4087 28246.0
4088 28246.0
4089 28246.0
4090 28246.0
4091 28246.0
4092 28246.0
4093 28246.0
4094 28246.0
4095 28246.0
4106 28748.0
4107 28748.0
4108 28748.0
4109 28748.0
4110 28748.0
4111 28748.0
4112 28401.0
4113 28401.0
4114 28401.0
4115 28401.0
4116 28401.0
4117 28401.0
4118 28401.0
4119 28246.0
4120 28246.0
4121 28246.0
4122 28246.0
4123 28246.0
4124 28246.0
4125 28246.0
4126 28246.0
4127 28246.0
4128 28246.0
4129 28246.0
4140 28167.0
4141 28167.0
4142 28167.0
4143 28167.0
4144 28167.0
4145 28167.0
4146 28167.0
4147 28167.0
4148 28167.0
4149 28167.0
4160 28323.0
4161 28323.0
4162 28323.0
4163 28323.0
4164 28323.0
4165 28323.0
4166 28318.0
4167 28318.0
4168 28167.0
4169 28167.0
4170 28167.0
4171 28167.0
4172 28167.0
4173 28167.0
4174 28167.0
4175 28167.0
4176 28167.0
4177 28167.0
4178 28167.0
4189 27790.0
4190 27790.0
4191 27790.0
4192 27790.0
4193 27790.0
4194 27790.0
4195 27790.0
4196 27790.0
4197 27790.0
4198 27790.0
4209 27603.0
4210 27603.0
4211 24837.0
4212 24832.0
4213 24828.0
4214 24828.0
4215 24828.0
4216 24818.0
4217 24818.0
4218 24815.0
4219 24813.0
4220 24813.0
4221 24797.0
4222 24797.0
4223 24783.0
4224 24621.0
4225 24533.0
4226 24503.0
4227 24271.0
4228 24269.0
4229 24256.0
4230 24256.0
4231 24256.0
4232 24256.0
4233 24256.0
4234 24256.0
4235 24256.0
4236 24256.0
4237 24256.0
4238 24256.0
4239 24256.0
4250 24558.0
4251 24558.0
4252 24558.0
4253 24558.0
4254 24558.0
4255 24558.0
4256 24558.0
4257 24558.0
4258 24558.0
4259 24558.0
4270 25764.0
4271 25764.0
4272 25764.0
4273 25764.0
4274 25764.0
4275 25764.0
4276 25764.0
4277 25762.0
4278 25762.0
4279 25762.0
4280 25761.0
4281 25761.0
4282 25600.0
4283 25600.0
4284 25600.0
4285 25600.0
4286 25600.0
4287 25600.0
4288 25600.0
4289 25600.0
4290 25595.0
4291 25595.0
4292 25595.0
4293 25595.0
4294 25595.0
4295 25595.0
4296 25595.0
4297 25595.0
4298 25595.0
4299 25550.0
4300 25550.0
4301 25550.0
4302 25550.0
4303 25550.0
4304 25529.0
4305 25529.0
4306 25529.0
4307 25529.0
4308 25529.0
4309 25529.0
4310 25529.0
4311 25529.0
4312 25529.0
4313 25529.0
4314 25529.0
4325 24975.0
4326 24975.0
4327 24975.0
4328 24975.0
4329 24975.0
4330 24975.0
4331 24975.0
4332 24930.0
4333 24930.0
4334 24930.0
4335 24930.0
4336 24930.0
4337 24930.0
4338 24930.0
4339 24930.0
4340 24930.0
4341 24930.0
4342 24930.0
4353 24970.0
4354 24970.0
4355 24970.0
4356 24970.0
4357 24970.0
4358 24965.0
4359 24965.0
4360 24952.0
4361 24823.0
4362 24823.0
4363 24823.0
4364 24823.0
4365 24823.0
4366 24823.0
4367 24823.0
4368 24823.0
4369 24823.0
4370 24823.0
4371 24823.0
4382 25360.0
4383 25336.0
4384 25336.0
4385 25336.0
4386 25336.0
4387 25325.0
4388 25309.0
4389 25309.0
4390 25309.0
4391 25309.0
4392 25309.0
4393 25153.0
4394 25153.0
4395 25153.0
4396 25153.0
4397 25153.0
4398 25153.0
4399 25153.0
4400 25153.0
4401 25153.0
4402 25153.0
4403 25020.0
4404 25020.0
4405 25019.0
4406 25019.0
4407 25019.0
4408 25019.0
4409 25019.0
4410 25019.0
4411 25019.0
4412 25019.0
4413 25019.0
4414 24890.0
4415 24890.0
4416 24890.0
4417 24890.0
4418 24890.0
4419 24890.0
4420 24890.0
4421 24890.0
4422 24811.0
4423 24811.0
4424 24811.0
4425 24811.0
4426 24811.0
4427 24811.0
4428 24811.0
4429 24811.0
4430 24811.0
4431 24811.0
4432 24811.0
4443 24747.0
4444 24747.0
4445 24747.0
4446 24736.0
4447 24736.0
4448 24736.0
4449 24736.0
4450 24736.0
4451 24736.0
4452 24736.0
4453 24736.0
4454 24736.0
4455 24736.0
4456 24736.0
4467 24813.0
4468 24813.0
4469 24813.0
4470 24813.0
4471 24813.0
4472 24813.0
4473 24813.0
4474 24813.0
4475 24809.0
4476 24809.0
4477 24809.0
4478 24809.0
4479 24809.0
4480 24736.0
4481 24736.0
4482 24736.0
4483 24736.0
4484 24736.0
4485 24736.0
4486 24736.0
4487 24736.0
4488 24736.0
4489 24736.0
4490 24736.0
4501 25915.0
4502 25915.0
4503 25915.0
4504 25915.0
4505 25915.0
4506 25915.0
4507 25915.0
4508 25915.0
4509 25915.0
4510 25915.0
4521 25779.0
4522 25779.0
4523 25779.0
4524 25779.0
4525 25779.0
4526 25779.0
4527 25779.0
4528 25602.0
4529 25602.0
4530 25602.0
4531 25602.0
4532 25602.0
4533 25602.0
4534 25602.0
4535 25602.0
4536 25602.0
4537 25602.0
4538 25602.0
4549 25602.0
4550 25602.0
4551 25602.0
4552 25602.0
4553 25602.0
4554 25602.0
4555 25602.0
4556 25602.0
4557 25426.0
4558 25426.0
4559 25426.0
4560 25426.0
4561 25426.0
4562 25426.0
4563 25426.0
4564 24905.0
4565 24898.0
4566 24889.0
4567 24889.0
4568 24882.0
4569 24546.0
4570 24546.0
4571 24546.0
4572 24543.0
4573 24543.0
4574 24542.0
4575 24542.0
4576 24382.0
4577 24382.0
4578 24364.0
4579 24360.0
4580 24360.0
4581 24360.0
4582 24360.0
4583 24360.0
4584 24360.0
4585 24360.0
4586 24360.0
4587 24360.0
4588 24360.0
4589 24360.0
4600 24057.0
4601 24057.0
4602 24057.0
4603 24057.0
4604 24057.0
4605 24057.0
4606 24057.0
4607 24057.0
4608 24057.0
4609 24057.0
4620 21558.0
4621 21155.0
4622 21155.0
4623 21137.0
4624 20567.0
4625 20567.0
4626 20567.0
4627 20567.0
4628 20567.0
4629 20567.0
4630 20567.0
4631 20567.0
4632 20567.0
4633 20567.0
4634 20567.0
4645 20573.0
4646 20573.0
4647 20573.0
4648 20573.0
4649 20573.0
4650 20573.0
4651 20573.0
4652 20573.0
4653 20573.0
4654 20573.0
4665 21748.0
4666 21748.0
4667 21748.0
4668 21748.0
4669 21748.0
4670 21748.0
4671 21748.0
4672 21748.0
4673 21748.0
4674 21748.0
4685 21233.0
4686 21233.0
4687 21233.0
4688 21233.0
4689 21233.0
4690 21233.0
4691 21233.0
4692 21233.0
4693 21233.0
4694 21233.0
4705 21330.0
4706 21330.0
4707 21330.0
4708 21330.0
4709 21330.0
4710 21330.0
4711 21330.0
4712 21330.0
4713 21330.0
4714 21330.0
4725 21446.0
4726 21446.0
4727 21446.0
4728 21426.0
4729 21426.0
4730 21426.0
4731 21330.0
4732 21330.0
4733 21330.0
4734 21330.0
4735 21330.0
4736 21330.0
4737 21330.0
4738 21330.0
4739 21330.0
4740 21330.0
4741 21330.0
4752 21398.0
4753 21398.0
4754 21398.0
4755 21398.0
4756 21398.0
4757 21398.0
4758 21332.0
4759 21332.0
4760 21332.0
4761 21332.0
4762 21332.0
4763 21332.0
4764 21332.0
4765 21332.0
4766 21332.0
4767 21332.0
4768 21332.0
4779 21620.0
4780 21620.0
4781 21620.0
4782 21620.0
4783 21620.0
4784 21620.0
4785 21620.0
4786 21620.0
4787 21620.0
4788 21620.0
4799 22091.0
4800 22091.0
4801 22091.0
4802 22091.0
4803 22091.0
4804 22091.0
4805 22091.0
4806 22091.0
4807 22091.0
4808 22091.0
4819 22086.0
4820 22086.0
4821 22086.0
4822 22086.0
4823 21997.0
4824 21997.0
4825 21997.0
4826 21997.0
4827 21997.0
4828 21629.0
4829 21629.0
4830 21629.0
4831 21629.0
4832 21629.0
4833 21629.0
4834 21629.0
4835 21629.0
4836 21629.0
4837 21629.0
4838 21629.0
4849 23981.0
4850 23981.0
4851 23981.0
4852 23981.0
4853 23981.0
4854 23981.0
4855 23981.0
4856 23691.0
4857 23691.0
4858 23674.0
4859 23674.0
4860 23643.0
4861 23643.0
4862 23643.0
4863 23643.0
4864 23643.0
4865 23643.0
4866 23527.0
4867 23527.0
4868 23527.0
4869 23527.0
4870 23515.0
4871 23515.0
4872 23515.0
4873 23515.0
4874 23515.0
4875 23515.0
4876 23515.0
4877 23515.0
4878 23515.0
4879 23515.0
4880 23515.0
4891 23890.0
4892 23890.0
4893 23890.0
4894 23890.0
4895 23890.0
4896 23847.0
4897 23847.0
4898 23847.0
4899 23847.0
4900 23847.0
4901 23847.0
4902 23828.0
4903 23828.0
4904 23828.0
4905 23828.0
4906 23828.0
4907 23828.0
4908 23828.0
4909 23828.0
4910 23828.0
4911 23828.0
4912 23828.0
4923 22586.0
4924 22586.0
4925 22586.0
4926 22586.0
4927 22586.0
4928 22586.0
4929 22586.0
4930 22586.0
4931 22586.0
4932 22586.0
4943 22615.0
4944 22615.0
4945 22615.0
4946 22615.0
4947 22615.0
4948 22615.0
4949 22615.0
4950 22615.0
4951 22615.0
4952 22615.0
4963 23586.0
4964 23586.0
4965 23543.0
4966 23543.0
4967 23543.0
4968 23543.0
4969 23543.0
4970 23543.0
4971 23543.0
4972 23543.0
4973 23467.0
4974 23467.0
4975 23467.0
4976 23467.0
4977 23467.0
4978 23467.0
4979 23467.0
4980 23467.0
4981 23467.0
4982 23467.0
4983 23467.0
4994 23743.0
4995 23743.0
4996 23743.0
4997 23743.0
4998 23743.0
4999 23743.0
