0 661383.0
1 660270.0
2 660129.0
3 660048.0
4 660048.0
5 659466.0
6 658124.0
7 654793.0
8 654770.0
9 654217.0
10 648690.0
11 648647.0
12 647552.0
13 647509.0
14 645410.0
15 644318.0
16 644318.0
17 644247.0
18 639859.0
19 638778.0
20 636603.0
21 636541.0
22 635467.0
23 621351.0
24 620295.0
25 619240.0
26 619240.0
27 618188.0
28 614985.0
29 611792.0
30 611792.0
31 610750.0
32 610729.0
33 596944.0
34 595886.0
35 503647.0
36 501725.0
37 500511.0
38 499581.0
39 497699.0
40 497689.0
41 497685.0
42 497685.0
43 496770.0
44 495857.0
45 495857.0
46 495857.0
47 495853.0
48 495782.0
49 494886.0
50 494851.0
51 493939.0
52 493939.0
53 493939.0
54 493939.0
55 492073.0
56 491169.0
57 491169.0
58 491169.0
59 490266.0
60 489365.0
61 489365.0
62 488465.0
63 487567.0
64 486671.0
65 486671.0
66 486646.0
67 486646.0
68 485752.0
69 485752.0
70 485752.0
71 485752.0
72 484860.0
73 483992.0
74 483891.0
75 483891.0
76 483772.0
77 483772.0
78 482907.0
79 482907.0
80 482907.0
81 481100.0
82 480240.0
83 478441.0
84 478441.0
85 475709.0
86 475616.0
87 475605.0
88 475605.0
89 475605.0
90 475443.0
91 475443.0
92 474002.0
93 474002.0
94 474002.0
95 465696.0
96 465595.0
97 465595.0
98 465512.0
99 464677.0
100 464677.0
101 464677.0
102 451892.0
103 451836.0
104 450924.0
105 450068.0
106 450068.0
107 450068.0
108 448351.0
109 447547.0
110 447547.0
111 447547.0
112 447547.0
113 446745.0
114 445945.0
115 445945.0
116 445945.0
117 445147.0
118 445147.0
119 443506.0
120 443419.0
121 441701.0
122 441701.0
123 441701.0
124 441701.0
125 441701.0
126 441701.0
127 441701.0
128 441701.0
129 441701.0
130 441701.0
131 440072.0
132 440072.0
133 439346.0
134 439346.0
135 439263.0
136 439260.0
137 438536.0
138 436918.0
139 436840.0
140 436840.0
141 436023.0
142 436023.0
143 435305.0
144 433697.0
145 432806.0
146 430318.0
147 430318.0
148 430284.0
149 429595.0
150 429595.0
151 429595.0
152 421878.0
153 419485.0
154 419485.0
155 419485.0
156 418874.0
157 418874.0
158 418360.0
159 416159.0
160 416159.0
161 415815.0
162 415492.0
163 415241.0
164 415241.0
165 415241.0
166 410001.0
167 409894.0
168 409143.0
169 409143.0
170 409143.0
171 409143.0
172 404017.0
173 404017.0
174 404017.0
175 404017.0
176 404017.0
177 404017.0
178 404017.0
179 404017.0
180 398935.0
181 398785.0
182 398785.0
183 398785.0
184 398089.0
185 397244.0
186 397244.0
187 397244.0
188 397244.0
189 397244.0
190 379097.0
191 379096.0
192 378295.0
193 377495.0
194 375856.0
195 375856.0
196 375856.0
197 375856.0
198 375856.0
199 375856.0
200 375856.0
201 375856.0
202 375856.0
203 365307.0
204 363699.0
205 362901.0
206 362901.0
207 362901.0
208 362901.0
209 362648.0
210 362648.0
211 362648.0
212 361845.0
213 361845.0
214 361845.0
215 361845.0
216 361845.0
217 361845.0
218 361845.0
219 361845.0
220 361845.0
221 361845.0
222 361845.0
233 362906.0
234 362906.0
235 362906.0
236 362906.0
237 362906.0
238 362906.0
239 362906.0
240 362906.0
241 362906.0
242 362906.0
253 384634.0
254 384565.0
255 383911.0
256 380780.0
257 380780.0
258 377717.0
259 377717.0
260 377717.0
261 377717.0
262 377717.0
263 377717.0
264 377717.0
265 377263.0
266 377263.0
267 377263.0
268 377263.0
269 375623.0
270 375623.0
271 375623.0
272 375623.0
273 375623.0
274 375623.0
275 375623.0
276 375623.0
277 375623.0
278 375623.0
279 375623.0
290 374804.0
291 374804.0
292 374804.0
293 374804.0
294 374804.0
295 374804.0
296 374804.0
297 374804.0
298 374804.0
299 374804.0
310 342496.0
311 341948.0
312 341770.0
313 341754.0
314 341010.0
315 335014.0
316 334750.0
317 333982.0
318 333982.0
319 333982.0
320 333982.0
321 333982.0
322 333982.0
323 328904.0
324 328904.0
325 328904.0
326 328904.0
327 328904.0
328 328904.0
329 328695.0
330 328695.0
331 328695.0
332 328695.0
333 328695.0
334 328695.0
335 282485.0
336 282419.0
337 282419.0
338 281748.0
339 281574.0
340 281574.0
341 281481.0
342 281481.0
343 281481.0
344 280840.0
345 280233.0
346 279630.0
347 279630.0
348 279630.0
349 279057.0
350 279057.0
351 278235.0
352 278235.0
353 278235.0
354 278235.0
355 278235.0
356 278235.0
357 276168.0
358 276168.0
359 274795.0
360 274795.0
361 274795.0
362 274795.0
363 274795.0
364 274795.0
365 274795.0
366 272744.0
367 272744.0
368 272744.0
369 272744.0
370 272744.0
371 272744.0
372 258655.0
373 258654.0
374 258633.0
375 258613.0
376 258437.0
377 258398.0
378 258307.0
379 257207.0
380 256606.0
381 256606.0
382 256606.0
383 256059.0
384 256059.0
385 255583.0
386 255583.0
387 255583.0
388 255400.0
389 255400.0
390 254741.0
391 254741.0
392 254741.0
393 254083.0
394 254083.0
395 254083.0
396 254083.0
397 252770.0
398 252770.0
399 252592.0
400 252592.0
401 252592.0
402 252592.0
403 252592.0
404 252592.0
405 252347.0
406 252347.0
407 252347.0
408 252347.0
409 252347.0
410 252347.0
411 252347.0
412 252347.0
413 252347.0
414 252347.0
415 252347.0
426 250379.0
427 250379.0
428 250379.0
429 250379.0
430 250379.0
431 250379.0
432 250379.0
433 250379.0
434 250379.0
435 249952.0
436 248643.0
437 248643.0
438 248643.0
439 248643.0
440 248643.0
441 244096.0
442 244096.0
443 244096.0
444 243492.0
445 243492.0
446 243492.0
447 243492.0
448 243433.0
449 243433.0
450 243433.0
451 243433.0
452 243433.0
453 243433.0
454 243433.0
455 243433.0
456 243433.0
457 243433.0
458 243433.0
469 242147.0
470 242147.0
471 242147.0
472 242147.0
473 242147.0
474 242147.0
475 242147.0
476 242147.0
477 242147.0
478 242147.0
489 241503.0
490 241503.0
491 241503.0
492 241503.0
493 241503.0
494 241503.0
495 241503.0
496 241503.0
497 241503.0
498 241503.0
509 247981.0
510 247981.0
511 247981.0
512 247911.0
513 247911.0
514 247774.0
515 247453.0
516 247453.0
517 247453.0
518 247453.0
519 247328.0
520 247328.0
521 247328.0
522 247328.0
523 247328.0
524 247328.0
525 247328.0
526 247328.0
527 247328.0
528 247328.0
529 247328.0
540 254508.0
541 254508.0
542 254502.0
543 254502.0
544 254502.0
545 251914.0
546 251914.0
547 251914.0
548 251914.0
549 251914.0
550 251914.0
551 249940.0
552 247325.0
553 247323.0
554 247306.0
555 247306.0
556 246674.0
557 246674.0
558 246674.0
559 246674.0
560 246674.0
561 246674.0
562 246674.0
563 246674.0
564 246674.0
565 246674.0
566 246674.0
577 245589.0
578 245589.0
579 245589.0
580 245589.0
581 245589.0
582 245589.0
583 245589.0
584 245589.0
585 245589.0
586 245589.0
597 249211.0
598 249211.0
599 249211.0
600 249211.0
601 249211.0
602 249211.0
603 249211.0
604 249211.0
605 249211.0
606 249211.0
617 262015.0
618 262015.0
619 262015.0
620 262015.0
621 262015.0
622 262015.0
623 262015.0
624 262015.0
625 262015.0
626 260129.0
627 258293.0
628 257624.0
629 257624.0
630 257624.0
631 257624.0
632 257624.0
633 257624.0
634 257624.0
635 257624.0
636 257624.0
637 257624.0
638 257624.0
649 257624.0
650 257624.0
651 257624.0
652 257624.0
653 257624.0
654 257624.0
655 257624.0
656 257624.0
657 257624.0
658 257624.0
669 238675.0
670 238674.0
671 238674.0
672 238042.0
673 238029.0
674 238029.0
675 235493.0
676 235493.0
677 235493.0
678 235469.0
679 234856.0
680 234263.0
681 234263.0
682 233676.0
683 232488.0
684 232488.0
685 232488.0
686 232488.0
687 232488.0
688 232488.0
689 232488.0
690 232488.0
691 232488.0
692 232471.0
693 232471.0
694 232471.0
695 231859.0
696 231859.0
697 231859.0
698 231859.0
699 231859.0
700 231859.0
701 231859.0
702 231859.0
703 231859.0
704 231859.0
705 231859.0
716 236913.0
717 236913.0
718 236913.0
719 236913.0
720 236913.0
721 236913.0
722 236913.0
723 236913.0
724 236913.0
725 236913.0
736 237677.0
737 237677.0
738 237677.0
739 209564.0
740 209564.0
741 209564.0
742 209564.0
743 209564.0
744 209564.0
745 209564.0
746 208384.0
747 206620.0
748 206620.0
749 206620.0
750 206620.0
751 206620.0
752 206620.0
753 206620.0
754 206620.0
755 206620.0
756 206302.0
757 206302.0
758 206302.0
759 205909.0
760 205909.0
761 205909.0
762 205909.0
763 205909.0
764 205909.0
765 205909.0
766 205909.0
767 205909.0
768 200657.0
769 200657.0
770 173888.0
771 173799.0
772 173791.0
773 173791.0
774 173658.0
775 173658.0
776 173604.0
777 173604.0
778 173163.0
779 173163.0
780 173163.0
781 173163.0
782 173163.0
783 173163.0
784 172727.0
785 172727.0
786 172727.0
787 172727.0
788 172727.0
789 172727.0
790 172727.0
791 172727.0
792 172727.0
793 172321.0
794 172321.0
795 172321.0
796 172321.0
797 172321.0
798 172321.0
799 172321.0
800 172321.0
801 172321.0
802 172321.0
803 172321.0
814 171429.0
815 171429.0
816 171429.0
817 171429.0
818 171429.0
819 171429.0
820 171429.0
821 171429.0
822 170710.0
823 170710.0
824 170710.0
825 170710.0
826 170710.0
827 170710.0
828 170710.0
829 169665.0
830 169665.0
831 169665.0
832 169665.0
833 169665.0
834 169665.0
835 168105.0
836 167070.0
837 167070.0
838 167070.0
839 167070.0
840 166040.0
841 166040.0
842 166040.0
843 166040.0
844 166040.0
845 166040.0
846 166040.0
847 166040.0
848 166040.0
849 166040.0
850 166040.0
861 166982.0
862 166982.0
863 166982.0
864 166910.0
865 166750.0
866 166750.0
867 166750.0
868 166750.0
869 166750.0
870 166750.0
871 166750.0
872 166750.0
873 166750.0
874 166750.0
875 166555.0
876 166555.0
877 166555.0
878 166555.0
879 166555.0
880 166555.0
881 166555.0
882 166555.0
883 166555.0
884 166555.0
885 166555.0
896 166555.0
897 166555.0
898 166555.0
899 166555.0
900 165526.0
901 165402.0
902 165402.0
903 165402.0
904 165402.0
905 165402.0
906 165402.0
907 165402.0
908 165402.0
909 165402.0
910 165402.0
911 164375.0
912 164375.0
913 164375.0
914 164375.0
915 164375.0
916 164375.0
917 164375.0
918 164375.0
919 164375.0
920 164375.0
921 164375.0
932 165194.0
933 165194.0
934 163154.0
935 163154.0
936 162649.0
937 146497.0
938 146343.0
939 144929.0
940 144897.0
941 144442.0
942 144442.0
943 144442.0
944 143050.0
945 143050.0
946 140298.0
947 140214.0
948 140214.0
949 140214.0
950 140214.0
951 140214.0
952 140214.0
953 139378.0
954 139378.0
955 139378.0
956 139332.0
957 139175.0
958 139175.0
959 139082.0
960 139082.0
961 139082.0
962 139082.0
963 138777.0
964 138159.0
965 138159.0
966 138159.0
967 138159.0
968 138159.0
969 138159.0
970 138159.0
971 138159.0
972 138159.0
973 137947.0
974 137947.0
975 137764.0
976 137764.0
977 137764.0
978 137764.0
979 137764.0
980 137764.0
981 137764.0
982 137764.0
983 137764.0
984 137306.0
985 137306.0
986 137306.0
987 137306.0
988 137306.0
989 137306.0
990 137306.0
991 137306.0
992 137306.0
993 137306.0
994 137306.0
1005 138220.0
1006 138220.0
1007 138220.0
1008 138220.0
1009 138220.0
1010 131578.0
1011 131578.0
1012 131578.0
1013 131578.0
1014 131578.0
1015 131578.0
1016 131578.0
1017 131578.0
1018 131578.0
1019 131578.0
1020 131578.0
1031 131138.0
1032 128523.0
1033 128523.0
1034 128523.0
1035 128523.0
1036 128523.0
1037 128523.0
1038 128523.0
1039 128523.0
1040 128523.0
1041 128523.0
1042 128523.0
1053 132223.0
1054 132223.0
1055 132223.0
1056 132223.0
1057 131752.0
1058 131752.0
1059 131462.0
1060 131462.0
1061 131462.0
1062 131462.0
1063 131462.0
1064 131462.0
1065 131462.0
1066 131462.0
1067 131462.0
1068 131462.0
1069 131462.0
1080 131092.0
1081 131092.0
1082 130960.0
1083 130960.0
1084 130302.0
1085 130302.0
1086 130302.0
1087 130302.0
1088 130302.0
1089 128556.0
1090 128556.0
1091 128122.0
1092 128122.0
1093 128122.0
1094 128122.0
1095 128122.0
1096 128122.0
1097 128122.0
1098 128122.0
1099 125860.0
1100 125860.0
1101 125758.0
1102 125758.0
1103 125758.0
1104 125758.0
1105 125736.0
1106 125736.0
1107 125435.0
1108 125435.0
1109 125435.0
1110 125435.0
1111 125435.0
1112 125435.0
1113 125435.0
1114 125435.0
1115 122020.0
1116 121596.0
1117 121596.0
1118 121590.0
1119 120754.0
1120 120754.0
1121 120754.0
1122 120754.0
1123 120754.0
1124 120754.0
1125 120754.0
1126 120754.0
1127 120754.0
1128 120754.0
1129 120754.0
1140 122324.0
1141 122324.0
1142 121890.0
1143 121890.0
1144 119773.0
1145 119741.0
1146 119335.0
1147 119335.0
1148 119334.0
1149 119324.0
1150 119324.0
1151 119324.0
1152 119324.0
1153 119324.0
1154 119235.0
1155 118948.0
1156 118948.0
1157 118948.0
1158 118948.0
1159 118948.0
1160 118948.0
1161 118948.0
1162 118948.0
1163 118948.0
1164 118948.0
1165 118948.0
1176 116456.0
1177 116456.0
1178 116456.0
1179 116456.0
1180 116456.0
1181 116456.0
1182 116043.0
1183 116043.0
1184 116043.0
1185 116043.0
1186 116043.0
1187 116043.0
1188 116043.0
1189 116043.0
1190 116043.0
1191 116043.0
1192 116043.0
1203 120071.0
1204 120071.0
1205 120071.0
1206 120051.0
1207 119738.0
1208 119738.0
1209 119730.0
1210 119730.0
1211 119720.0
1212 116024.0
1213 116024.0
1214 116024.0
1215 116024.0
1216 116024.0
1217 116024.0
1218 116024.0
1219 116024.0
1220 116024.0
1221 116024.0
1222 115976.0
1223 115976.0
1224 115976.0
1225 115975.0
1226 115873.0
1227 115322.0
1228 115322.0
1229 115322.0
1230 115322.0
1231 115322.0
1232 115322.0
1233 115322.0
1234 115322.0
1235 115322.0
1236 115322.0
1237 115322.0
1248 116115.0
1249 116067.0
1250 116067.0
1251 116067.0
1252 116067.0
1253 116067.0
1254 116067.0
1255 116067.0
1256 116067.0
1257 116067.0
1258 116067.0
1259 116067.0
1270 102200.0
1271 97681.0
1272 97617.0
1273 97187.0
1274 97187.0
1275 97187.0
1276 97187.0
1277 97187.0
1278 97187.0
1279 97187.0
1280 95407.0
1281 95407.0
1282 95407.0
1283 95407.0
1284 95407.0
1285 95407.0
1286 95407.0
1287 95407.0
1288 95407.0
1289 95407.0
1290 95407.0
1301 95750.0
1302 95750.0
1303 95750.0
1304 95750.0
1305 95750.0
1306 95750.0
1307 95750.0
1308 95750.0
1309 95750.0
1310 95750.0
1321 96481.0
1322 96481.0
1323 96481.0
1324 96481.0
1325 96481.0
1326 96461.0
1327 96461.0
1328 96461.0
1329 96461.0
1330 96461.0
1331 96461.0
1332 96461.0
1333 96461.0
1334 96461.0
1335 96461.0
1336 96461.0
1347 61821.0
1348 61821.0
1349 61565.0
1350 61507.0
1351 61507.0
1352 61474.0
1353 61452.0
1354 61449.0
1355 61396.0
1356 61396.0
1357 61189.0
1358 61189.0
1359 61189.0
1360 60885.0
1361 60885.0
1362 60791.0
1363 60757.0
1364 60757.0
1365 60754.0
1366 60754.0
1367 60754.0
1368 60754.0
1369 60754.0
1370 60754.0
1371 60729.0
1372 60692.0
1373 60692.0
1374 60679.0
1375 60606.0
1376 60606.0
1377 60383.0
1378 60383.0
1379 60380.0
1380 60366.0
1381 60366.0
1382 60150.0
1383 60150.0
1384 60150.0
1385 60150.0
1386 59681.0
1387 59681.0
1388 59681.0
1389 59681.0
1390 59681.0
1391 59602.0
1392 59602.0
1393 59602.0
1394 59602.0
1395 59602.0
1396 59396.0
1397 59333.0
1398 59333.0
1399 59264.0
1400 59264.0
1401 59135.0
1402 59135.0
1403 59135.0
1404 59135.0
1405 59135.0
1406 59135.0
1407 59135.0
1408 59135.0
1409 59104.0
1410 59104.0
1411 59104.0
1412 59104.0
1413 59104.0
1414 58944.0
1415 58944.0
1416 58944.0
1417 58944.0
1418 58944.0
1419 58795.0
1420 58795.0
1421 58795.0
1422 58795.0
1423 58399.0
1424 58399.0
1425 58303.0
1426 58303.0
1427 58303.0
1428 58303.0
1429 58303.0
1430 58303.0
1431 58303.0
1432 58303.0
1433 58172.0
1434 58172.0
1435 58172.0
1436 58043.0
1437 58043.0
1438 58043.0
1439 58043.0
1440 58043.0
1441 58043.0
1442 58043.0
1443 58043.0
1444 58043.0
1445 58043.0
1446 58043.0
1457 58480.0
1458 58480.0
1459 58480.0
1460 58480.0
1461 58480.0
1462 58480.0
1463 58338.0
1464 58338.0
1465 58338.0
1466 58338.0
1467 58338.0
1468 58338.0
1469 58338.0
1470 58338.0
1471 58338.0
1472 58338.0
1473 58338.0
1484 58551.0
1485 58551.0
1486 58551.0
1487 58357.0
1488 58357.0
1489 58357.0
1490 58357.0
1491 58357.0
1492 58357.0
1493 58357.0
1494 58205.0
1495 58205.0
1496 58205.0
1497 58205.0
1498 58205.0
1499 58205.0
1500 58205.0
1501 58205.0
1502 57831.0
1503 57831.0
1504 57831.0
1505 57831.0
1506 57831.0
1507 57708.0
1508 57708.0
1509 57708.0
1510 57708.0
1511 57708.0
1512 57708.0
1513 57708.0
1514 57708.0
1515 57708.0
1516 57708.0
1517 57335.0
1518 57335.0
1519 57335.0
1520 57335.0
1521 57335.0
1522 57335.0
1523 57335.0
1524 57335.0
1525 57139.0
1526 56942.0
1527 56942.0
1528 56942.0
1529 56419.0
1530 56419.0
1531 56390.0
1532 56390.0
1533 56390.0
1534 56390.0
1535 56154.0
1536 56154.0
1537 56154.0
1538 56154.0
1539 56154.0
1540 56154.0
1541 56154.0
1542 56154.0
1543 56154.0
1544 56154.0
1545 56142.0
1546 56142.0
1547 56142.0
1548 56142.0
1549 56142.0
1550 56142.0
1551 56142.0
1552 56142.0
1553 56142.0
1554 55663.0
1555 55663.0
1556 55663.0
1557 55663.0
1558 55663.0
1559 55663.0
1560 55663.0
1561 55663.0
1562 55663.0
1563 55663.0
1564 55663.0
1575 54887.0
1576 54887.0
1577 54887.0
1578 54887.0
1579 54718.0
1580 54718.0
1581 54718.0
1582 54718.0
1583 54252.0
1584 54252.0
1585 54252.0
1586 54252.0
1587 54252.0
1588 54252.0
1589 54252.0
1590 54252.0
1591 54252.0
1592 54252.0
1593 54252.0
1604 53198.0
1605 53198.0
1606 53198.0
1607 53198.0
1608 53198.0
1609 53198.0
1610 53198.0
1611 53198.0
1612 53198.0
1613 53198.0
1624 53631.0
1625 53631.0
1626 53631.0
1627 53631.0
1628 53524.0
1629 53524.0
1630 53524.0
1631 53524.0
1632 53524.0
1633 53524.0
1634 53524.0
1635 53524.0
1636 53524.0
1637 53524.0
1638 53524.0
1649 54012.0
1650 54012.0
1651 54012.0
1652 54012.0
1653 54012.0
1654 54012.0
1655 54012.0
1656 54012.0
1657 54012.0
1658 54012.0
1669 53906.0
1670 53906.0
1671 53906.0
1672 53906.0
1673 53906.0
1674 53906.0
1675 53906.0
1676 53906.0
1677 53906.0
1678 53906.0
1689 53748.0
1690 53748.0
1691 53748.0
1692 53748.0
1693 53572.0
1694 53572.0
1695 53572.0
1696 53572.0
1697 53572.0
1698 53361.0
1699 53361.0
1700 53361.0
1701 53357.0
1702 53357.0
1703 53357.0
1704 53357.0
1705 53357.0
1706 53357.0
1707 53357.0
1708 53357.0
1709 53357.0
1710 53357.0
1711 53357.0
1722 53446.0
1723 53446.0
1724 53446.0
1725 53446.0
1726 53446.0
1727 53446.0
1728 53446.0
1729 53446.0
1730 53446.0
1731 53446.0
1742 54534.0
1743 54534.0
1744 54534.0
1745 54106.0
1746 53924.0
1747 53924.0
1748 53924.0
1749 53443.0
1750 53443.0
1751 53443.0
1752 53443.0
1753 53443.0
1754 53443.0
1755 53443.0
1756 53443.0
1757 53443.0
1758 53443.0
1759 53443.0
1770 53798.0
1771 53798.0
1772 53798.0
1773 53798.0
1774 53798.0
1775 53798.0
1776 53798.0
1777 53798.0
1778 53798.0
1779 53798.0
1790 52510.0
1791 52510.0
1792 52478.0
1793 52421.0
1794 52421.0
1795 52421.0
1796 52204.0
1797 52204.0
1798 52204.0
1799 52204.0
1800 52191.0
1801 52191.0
1802 52191.0
1803 52191.0
1804 52191.0
1805 52191.0
1806 52116.0
1807 51991.0
1808 51816.0
1809 51728.0
1810 51728.0
1811 51728.0
1812 51728.0
1813 51717.0
1814 51717.0
1815 51717.0
1816 51717.0
1817 51717.0
1818 51649.0
1819 51649.0
1820 51649.0
1821 51649.0
1822 51649.0
1823 51649.0
1824 51649.0
1825 51649.0
1826 51649.0
1827 51649.0
1828 51649.0
1839 51528.0
1840 51528.0
1841 51528.0
1842 51528.0
1843 51528.0
1844 51528.0
1845 51528.0
1846 51498.0
1847 51335.0
1848 51335.0
1849 51335.0
1850 51335.0
1851 51279.0
1852 51279.0
1853 51279.0
1854 51279.0
1855 51279.0
1856 51279.0
1857 51279.0
1858 51279.0
1859 51279.0
1860 51279.0
1861 51279.0
1872 50982.0
1873 50982.0
1874 50982.0
1875 50982.0
1876 50982.0
1877 50982.0
1878 50982.0
1879 50982.0
1880 50982.0
1881 48849.0
1882 48849.0
1883 48849.0
1884 48849.0
1885 48849.0
1886 48849.0
1887 48849.0
1888 48828.0
1889 48653.0
1890 48653.0
1891 48653.0
1892 48653.0
1893 48653.0
1894 48653.0
1895 48653.0
1896 48551.0
1897 48551.0
1898 48551.0
1899 48551.0
1900 48551.0
1901 48551.0
1902 48551.0
1903 48551.0
1904 48551.0
1905 48551.0
1906 48551.0
1917 48551.0
1918 48551.0
1919 48551.0
1920 48551.0
1921 48551.0
1922 48551.0
1923 48551.0
1924 48551.0
1925 48551.0
1926 48551.0
1937 48539.0
1938 48539.0
1939 48539.0
1940 48221.0
1941 48221.0
1942 48221.0
1943 48221.0
1944 48221.0
1945 48221.0
1946 48221.0
1947 48221.0
1948 48221.0
1949 48221.0
1950 48196.0
1951 48196.0
1952 48196.0
1953 48196.0
1954 48196.0
1955 48196.0
1956 48126.0
1957 48126.0
1958 48126.0
1959 48126.0
1960 48126.0
1961 48126.0
1962 48126.0
1963 48126.0
1964 48126.0
1965 48126.0
1966 48126.0
1977 49090.0
1978 49090.0
1979 49090.0
1980 49090.0
1981 49090.0
1982 49090.0
1983 49090.0
1984 49090.0
1985 49090.0
1986 49090.0
1987 49090.0
1998 24757.0
1999 24744.0
2000 24744.0
2001 24733.0
2002 24731.0
2003 24723.0
2004 24722.0
2005 24722.0
2006 24666.0
2007 24666.0
2008 24666.0
2009 24664.0
2010 24664.0
2011 24664.0
2012 24547.0
2013 24547.0
2014 24528.0
2015 24528.0
2016 24527.0
2017 24527.0
2018 24527.0
2019 24487.0
2020 24469.0
2021 24431.0
2022 24428.0
2023 24408.0
2024 24408.0
2025 24294.0
2026 24284.0
2027 23261.0
2028 23258.0
2029 23258.0
2030 23256.0
2031 23246.0
2032 23228.0
2033 23217.0
2034 23185.0
2035 23183.0
2036 23183.0
2037 23183.0
2038 23153.0
2039 23153.0
2040 23153.0
2041 23127.0
2042 23122.0
2043 23122.0
2044 23118.0
2045 23118.0
2046 23118.0
2047 23091.0
2048 23087.0
2049 23087.0
2050 22972.0
2051 22972.0
2052 22947.0
2053 22947.0
2054 22775.0
2055 22713.0
2056 22712.0
2057 22711.0
2058 22711.0
2059 22711.0
2060 22711.0
2061 22711.0
2062 22711.0
2063 22658.0
2064 22658.0
2065 22651.0
2066 22651.0
2067 22651.0
2068 22551.0
2069 22551.0
2070 22455.0
2071 22455.0
2072 22360.0
2073 22360.0
2074 22360.0
2075 22360.0
2076 22010.0
2077 21999.0
2078 21964.0
2079 21964.0
2080 21964.0
2081 21964.0
2082 21964.0
2083 21964.0
2084 21964.0
2085 21962.0
2086 21932.0
2087 21905.0
2088 21905.0
2089 21813.0
2090 21797.0
2091 21788.0
2092 21788.0
2093 21752.0
2094 21752.0
2095 21752.0
2096 21737.0
2097 21737.0
2098 21720.0
2099 21720.0
2100 21720.0
2101 21637.0
2102 21637.0
2103 21637.0
2104 21637.0
2105 21622.0
2106 21616.0
2107 21616.0
2108 21616.0
2109 21616.0
2110 21616.0
2111 21616.0
2112 21616.0
2113 21616.0
2114 21561.0
2115 21558.0
2116 21558.0
2117 21558.0
2118 21558.0
2119 21558.0
2120 21558.0
2121 21558.0
2122 21558.0
2123 21541.0
2124 21245.0
2125 21245.0
2126 21245.0
2127 21245.0
2128 21205.0
2129 21205.0
2130 21205.0
2131 21205.0
2132 21205.0
2133 21205.0
2134 21205.0
2135 21113.0
2136 21113.0
2137 21113.0
2138 21113.0
2139 21113.0
2140 20992.0
2141 20992.0
2142 20992.0
2143 20992.0
2144 20992.0
2145 20992.0
2146 20992.0
2147 20992.0
2148 20938.0
2149 20938.0
2150 20938.0
2151 20938.0
2152 20938.0
2153 20925.0
2154 20821.0
2155 20821.0
2156 20821.0
2157 20821.0
2158 20821.0
2159 20821.0
2160 20821.0
2161 20821.0
2162 20821.0
2163 20821.0
2164 20821.0
2175 20866.0
2176 20239.0
2177 20239.0
2178 20195.0
2179 20149.0
2180 20145.0
2181 20070.0
2182 20070.0
2183 20070.0
2184 20002.0
2185 19899.0
2186 19899.0
2187 19899.0
2188 19899.0
2189 19899.0
2190 19899.0
2191 19767.0
2192 19767.0
2193 19767.0
2194 19767.0
2195 19767.0
2196 19767.0
2197 19767.0
2198 19767.0
2199 19767.0
2200 19767.0
2201 19767.0
2212 19775.0
2213 19775.0
2214 19775.0
2215 19775.0
2216 19775.0
2217 19775.0
2218 19775.0
2219 19775.0
2220 19767.0
2221 19767.0
2222 19767.0
2223 19767.0
2224 19767.0
2225 19767.0
2226 19686.0
2227 19686.0
2228 19686.0
2229 19511.0
2230 19511.0
2231 19511.0
2232 19511.0
2233 19511.0
2234 19511.0
2235 19511.0
2236 19511.0
2237 19455.0
2238 19455.0
2239 19455.0
2240 19437.0
2241 19437.0
2242 19437.0
2243 19437.0
2244 19437.0
2245 19437.0
2246 19437.0
2247 19373.0
2248 19373.0
2249 19373.0
2250 19373.0
2251 19373.0
2252 19373.0
2253 19373.0
2254 19373.0
2255 19373.0
2256 19373.0
2257 19373.0
2268 18875.0
2269 18875.0
2270 18875.0
2271 18875.0
2272 18875.0
2273 18875.0
2274 18875.0
2275 18875.0
2276 18875.0
2277 18875.0
2278 18875.0
2289 18665.0
2290 18345.0
2291 18345.0
2292 18282.0
2293 18277.0
2294 18277.0
2295 18277.0
2296 18277.0
2297 18247.0
2298 18247.0
2299 18247.0
2300 18247.0
2301 18188.0
2302 18188.0
2303 18146.0
2304 18146.0
2305 18141.0
2306 18141.0
2307 18141.0
2308 18141.0
2309 18141.0
2310 18141.0
2311 18141.0
2312 18141.0
2313 18141.0
2314 18135.0
2315 18135.0
2316 18131.0
2317 18113.0
2318 18113.0
2319 18113.0
2320 18113.0
2321 18113.0
2322 18113.0
2323 18113.0
2324 18113.0
2325 18113.0
2326 18113.0
2327 18113.0
2338 18101.0
2339 18101.0
2340 18101.0
2341 18099.0
2342 18099.0
2343 18097.0
2344 18097.0
2345 18097.0
2346 18097.0
2347 18097.0
2348 18097.0
2349 18097.0
2350 18097.0
2351 18097.0
2352 18097.0
2353 18097.0
2364 18603.0
2365 18603.0
2366 18603.0
2367 18603.0
2368 18452.0
2369 18452.0
2370 18452.0
2371 18160.0
2372 18160.0
2373 18160.0
2374 18081.0
2375 18081.0
2376 18081.0
2377 18081.0
2378 18081.0
2379 18081.0
2380 18081.0
2381 18081.0
2382 18074.0
2383 18074.0
2384 18074.0
2385 18074.0
2386 18074.0
2387 18074.0
2388 18074.0
2389 18074.0
2390 18074.0
2391 18074.0
2392 18074.0
2403 17901.0
2404 17901.0
2405 17901.0
2406 17901.0
2407 17733.0
2408 17733.0
2409 17733.0
2410 17639.0
2411 17639.0
2412 17639.0
2413 17639.0
2414 17639.0
2415 17639.0
2416 17639.0
2417 17639.0
2418 17639.0
2419 17639.0
2420 17522.0
2421 17522.0
2422 17522.0
2423 17522.0
2424 17522.0
2425 17522.0
2426 17522.0
2427 17522.0
2428 17522.0
2429 17522.0
2430 17461.0
2431 17461.0
2432 17461.0
2433 17461.0
2434 17461.0
2435 17219.0
2436 17219.0
2437 17219.0
2438 17219.0
2439 17197.0
2440 17197.0
2441 17197.0
2442 17197.0
2443 17197.0
2444 17094.0
2445 17094.0
2446 17094.0
2447 17094.0
2448 17085.0
2449 17085.0
2450 17085.0
2451 17075.0
2452 17073.0
2453 17073.0
2454 17073.0
2455 17073.0
2456 17071.0
2457 17071.0
2458 17071.0
2459 17071.0
2460 17042.0
2461 17042.0
2462 17042.0
2463 17042.0
2464 17042.0
2465 17042.0
2466 17042.0
2467 17042.0
2468 17042.0
2469 17042.0
2470 17042.0
2481 17287.0
2482 17287.0
2483 17287.0
2484 17287.0
2485 17287.0
2486 17287.0
2487 17287.0
2488 17287.0
2489 17275.0
2490 17275.0
2491 17275.0
2492 17179.0
2493 17153.0
2494 17153.0
2495 17153.0
2496 17153.0
2497 17153.0
2498 17114.0
2499 17114.0
2500 17114.0
2501 17114.0
2502 17114.0
2503 17114.0
2504 17114.0
2505 17114.0
2506 17057.0
2507 17057.0
2508 17057.0
2509 17057.0
2510 17057.0
2511 17057.0
2512 17057.0
2513 17057.0
2514 17057.0
2515 17057.0
2516 17057.0
2527 17088.0
2528 17088.0
2529 17088.0
2530 17088.0
2531 17088.0
2532 17088.0
2533 17088.0
2534 17088.0
2535 17077.0
2536 17077.0
2537 17077.0
2538 17077.0
2539 17077.0
2540 17077.0
2541 17077.0
2542 17077.0
2543 17077.0
2544 17077.0
2545 17077.0
2556 17194.0
2557 16507.0
2558 16482.0
2559 16482.0
2560 16482.0
2561 16482.0
2562 16482.0
2563 16438.0
2564 16438.0
2565 16438.0
2566 16378.0
2567 16378.0
2568 16378.0
2569 16378.0
2570 16378.0
2571 16378.0
2572 16378.0
2573 16378.0
2574 16378.0
2575 16378.0
2576 16378.0
2587 16351.0
2588 16351.0
2589 16351.0
2590 16351.0
2591 16351.0
2592 16351.0
2593 16316.0
2594 16316.0
2595 16316.0
2596 16306.0
2597 16306.0
2598 16306.0
2599 16306.0
2600 16306.0
2601 16306.0
2602 16306.0
2603 16306.0
2604 16306.0
2605 16306.0
2606 16306.0
2617 16080.0
2618 16003.0
2619 15974.0
2620 15974.0
2621 15974.0
2622 15974.0
2623 15974.0
2624 15974.0
2625 15974.0
2626 15974.0
2627 15974.0
2628 15974.0
2629 15956.0
2630 15956.0
2631 15956.0
2632 15956.0
2633 15956.0
2634 15956.0
2635 15956.0
2636 15956.0
2637 15956.0
2638 15956.0
2639 15956.0
2650 16159.0
2651 16159.0
2652 13288.0
2653 13288.0
2654 13219.0
2655 13184.0
2656 13163.0
2657 13163.0
2658 13151.0
2659 13151.0
2660 13151.0
2661 13077.0
2662 13066.0
2663 13064.0
2664 13047.0
2665 12570.0
2666 12567.0
2667 12567.0
2668 12566.0
2669 12561.0
2670 12429.0
2671 12429.0
2672 12428.0
2673 12393.0
2674 12392.0
2675 12346.0
2676 12346.0
2677 12346.0
2678 12346.0
2679 12341.0
2680 12336.0
2681 12336.0
2682 12237.0
2683 12237.0
2684 12237.0
2685 12235.0
2686 12220.0
2687 12220.0
2688 12220.0
2689 12217.0
2690 12217.0
2691 12217.0
2692 12194.0
2693 12194.0
2694 12194.0
2695 12194.0
2696 12194.0
2697 12194.0
2698 12190.0
2699 12162.0
2700 12158.0
2701 12158.0
2702 12158.0
2703 12158.0
2704 12157.0
2705 12157.0
2706 12132.0
2707 12132.0
2708 12127.0
2709 12127.0
2710 12127.0
2711 12127.0
2712 12127.0
2713 12127.0
2714 12127.0
2715 12091.0
2716 11700.0
2717 11700.0
2718 11700.0
2719 11700.0
2720 11688.0
2721 11686.0
2722 11647.0
2723 11647.0
2724 11643.0
2725 11622.0
2726 11622.0
2727 11622.0
2728 11622.0
2729 11622.0
2730 11622.0
2731 11602.0
2732 11602.0
2733 11602.0
2734 11573.0
2735 11546.0
2736 11501.0
2737 11501.0
2738 11501.0
2739 11501.0
2740 11501.0
2741 11501.0
2742 11501.0
2743 11501.0
2744 11501.0
2745 11501.0
2746 11501.0
2757 11451.0
2758 11451.0
2759 11451.0
2760 11451.0
2761 11436.0
2762 11422.0
2763 11368.0
2764 11368.0
2765 11368.0
2766 10997.0
2767 10977.0
2768 10977.0
2769 10977.0
2770 10963.0
2771 10963.0
2772 10963.0
2773 10963.0
2774 10963.0
2775 10963.0
2776 10963.0
2777 10959.0
2778 10959.0
2779 10959.0
2780 10959.0
2781 10931.0
2782 10916.0
2783 10916.0
2784 10916.0
2785 10903.0
2786 10887.0
2787 10887.0
2788 10862.0
2789 10862.0
2790 10862.0
2791 10839.0
2792 10839.0
2793 10839.0
2794 10839.0
2795 10839.0
2796 10839.0
2797 10839.0
2798 10839.0
2799 10839.0
2800 10839.0
2801 10839.0
2812 10784.0
2813 10784.0
2814 10784.0
2815 10784.0
2816 10784.0
2817 10784.0
2818 10784.0
2819 10784.0
2820 10784.0
2821 10784.0
2832 10804.0
2833 10804.0
2834 10804.0
2835 10804.0
2836 10804.0
2837 10804.0
2838 10804.0
2839 10804.0
2840 10804.0
2841 10804.0
2852 10789.0
2853 10789.0
2854 10788.0
2855 10764.0
2856 10764.0
2857 10764.0
2858 10764.0
2859 10764.0
2860 10741.0
2861 10741.0
2862 10741.0
2863 10735.0
2864 10735.0
2865 10735.0
2866 10735.0
2867 10735.0
2868 10714.0
2869 10714.0
2870 10711.0
2871 10440.0
2872 10406.0
2873 10406.0
2874 10378.0
2875 10378.0
2876 10378.0
2877 10378.0
2878 10378.0
2879 10378.0
2880 10378.0
2881 10378.0
2882 10378.0
2883 10378.0
2884 10378.0
2895 10419.0
2896 10419.0
2897 10419.0
2898 10419.0
2899 10419.0
2900 10419.0
2901 10419.0
2902 10419.0
2903 10419.0
2904 10419.0
2915 10293.0
2916 10293.0
2917 10293.0
2918 10293.0
2919 10293.0
2920 10293.0
2921 10287.0
2922 10287.0
2923 10287.0
2924 10287.0
2925 10287.0
2926 10287.0
2927 10287.0
2928 10287.0
2929 10287.0
2930 10287.0
2931 10287.0
2942 10308.0
2943 10291.0
2944 10291.0
2945 10291.0
2946 10291.0
2947 10291.0
2948 10202.0
2949 10202.0
2950 10202.0
2951 10202.0
2952 10202.0
2953 10202.0
2954 10202.0
2955 10202.0
2956 10202.0
2957 10200.0
2958 10094.0
2959 10094.0
2960 10094.0
2961 10094.0
2962 10094.0
2963 10084.0
2964 10084.0
2965 10084.0
2966 10041.0
2967 10041.0
2968 10041.0
2969 10041.0
2970 10041.0
2971 10041.0
2972 10041.0
2973 10041.0
2974 10041.0
2975 10041.0
2976 10041.0
2987 9930.0
2988 9930.0
2989 9930.0
2990 9930.0
2991 9930.0
2992 9930.0
2993 9930.0
2994 9930.0
2995 9930.0
2996 9930.0
3007 9930.0
3008 9930.0
3009 9930.0
3010 9927.0
3011 9927.0
3012 9927.0
3013 9927.0
3014 9927.0
3015 9927.0
3016 9927.0
3017 9910.0
3018 9910.0
3019 9910.0
3020 9910.0
3021 9910.0
3022 9910.0
3023 9910.0
3024 9910.0
3025 9910.0
3026 9910.0
3027 9910.0
3038 9914.0
3039 9914.0
3040 9914.0
3041 9914.0
3042 9914.0
3043 9914.0
3044 9914.0
3045 9914.0
3046 9914.0
3047 9914.0
3058 9882.0
3059 9874.0
3060 9868.0
3061 9868.0
3062 9868.0
3063 9868.0
3064 9868.0
3065 9868.0
3066 9868.0
3067 9868.0
3068 9868.0
3069 9868.0
3070 9868.0
3081 9966.0
3082 9966.0
3083 9966.0
3084 9966.0
3085 9966.0
3086 9966.0
3087 9966.0
3088 9966.0
3089 9966.0
3090 9966.0
3101 9227.0
3102 9227.0
3103 9227.0
3104 9227.0
3105 9227.0
3106 9227.0
3107 9214.0
3108 9214.0
3109 9203.0
3110 9203.0
3111 9203.0
3112 9203.0
3113 9203.0
3114 9203.0
3115 9198.0
3116 8974.0
3117 8936.0
3118 8936.0
3119 8936.0
3120 8936.0
3121 8918.0
3122 8918.0
3123 8889.0
3124 8889.0
3125 8889.0
3126 8889.0
3127 8889.0
3128 8889.0
3129 8889.0
3130 8889.0
3131 8863.0
3132 8863.0
3133 8863.0
3134 8863.0
3135 8863.0
3136 8863.0
3137 8863.0
3138 8863.0
3139 8863.0
3140 8863.0
3141 8862.0
3142 8847.0
3143 8847.0
3144 8847.0
3145 8847.0
3146 8847.0
3147 8847.0
3148 8836.0
3149 8836.0
3150 8836.0
3151 8836.0
3152 8836.0
3153 8836.0
3154 8836.0
3155 8813.0
3156 8813.0
3157 8813.0
3158 8805.0
3159 8805.0
3160 8805.0
3161 8805.0
3162 8805.0
3163 8805.0
3164 8805.0
3165 8805.0
3166 8805.0
3167 8805.0
3168 8805.0
3179 8837.0
3180 8837.0
3181 8837.0
3182 8837.0
3183 8837.0
3184 8837.0
3185 8837.0
3186 8837.0
3187 8837.0
3188 8837.0
3199 8748.0
3200 8748.0
3201 8748.0
3202 8733.0
3203 8733.0
3204 8733.0
3205 8733.0
3206 8733.0
3207 8733.0
3208 8733.0
3209 8733.0
3210 8733.0
3211 8733.0
3212 8733.0
3223 8758.0
3224 8758.0
3225 8758.0
3226 8758.0
3227 8758.0
3228 8758.0
3229 8758.0
3230 8758.0
3231 8758.0
3232 8758.0
3243 8777.0
3244 8707.0
3245 8707.0
3246 8707.0
3247 8707.0
3248 8707.0
3249 8707.0
3250 8707.0
3251 8707.0
3252 8707.0
3253 8690.0
3254 8690.0
3255 8383.0
3256 8383.0
3257 8378.0
3258 8378.0
3259 8378.0
3260 8378.0
3261 8378.0
3262 8369.0
3263 8369.0
3264 8349.0
3265 8349.0
3266 8349.0
3267 8322.0
3268 8322.0
3269 8322.0
3270 8322.0
3271 8322.0
3272 8322.0
3273 8322.0
3274 8322.0
3275 8322.0
3276 8322.0
3277 8322.0
3288 8198.0
3289 8198.0
3290 8198.0
3291 8198.0
3292 8198.0
3293 8198.0
3294 8198.0
3295 8198.0
3296 8198.0
3297 8198.0
3308 8211.0
3309 8211.0
3310 8211.0
3311 8211.0
3312 8211.0
3313 8211.0
3314 8197.0
3315 8197.0
3316 8197.0
3317 8197.0
3318 8143.0
3319 8143.0
3320 8143.0
3321 8143.0
3322 8143.0
3323 8143.0
3324 8143.0
3325 8143.0
3326 8143.0
3327 8143.0
3328 8143.0
3339 8144.0
3340 8144.0
3341 8144.0
3342 8144.0
3343 8144.0
3344 8144.0
3345 8144.0
3346 8144.0
3347 8144.0
3348 8144.0
3359 8128.0
3360 8128.0
3361 8128.0
3362 8128.0
3363 8128.0
3364 8128.0
3365 8128.0
3366 8128.0
3367 8128.0
3368 8128.0
3379 8119.0
3380 8119.0
3381 8119.0
3382 8119.0
3383 8119.0
3384 8119.0
3385 8119.0
3386 8119.0
3387 8119.0
3388 8085.0
3389 8068.0
3390 8068.0
3391 8068.0
3392 8067.0
3393 8067.0
3394 8067.0
3395 8067.0
3396 8067.0
3397 8067.0
3398 8067.0
3399 8067.0
3400 8067.0
3401 8067.0
3402 8067.0
3413 8064.0
3414 8028.0
3415 8028.0
3416 8028.0
3417 7973.0
3418 7973.0
3419 7973.0
3420 7973.0
3421 7973.0
3422 7933.0
3423 7933.0
3424 7933.0
3425 7933.0
3426 7933.0
3427 7906.0
3428 7906.0
3429 7906.0
3430 7906.0
3431 7906.0
3432 7906.0
3433 7906.0
3434 7906.0
3435 7906.0
3436 7906.0
3437 7906.0
3448 7906.0
3449 7906.0
3450 7906.0
3451 7906.0
3452 7906.0
3453 7906.0
3454 7906.0
3455 7906.0
3456 7906.0
3457 7906.0
3468 7955.0
3469 7955.0
3470 7927.0
3471 7927.0
3472 7895.0
3473 7895.0
3474 7895.0
3475 7895.0
3476 7895.0
3477 7895.0
3478 7895.0
3479 7895.0
3480 7895.0
3481 7895.0
3482 7895.0
3493 7885.0
3494 7885.0
3495 7885.0
3496 7885.0
3497 7885.0
3498 7885.0
3499 7885.0
3500 7885.0
3501 7885.0
3502 7885.0
3513 7889.0
3514 7889.0
3515 7889.0
3516 7889.0
3517 7889.0
3518 7889.0
3519 7889.0
3520 7889.0
3521 7889.0
3522 7889.0
3533 7972.0
3534 7972.0
3535 7972.0
3536 7972.0
3537 7972.0
3538 7972.0
3539 7972.0
3540 7946.0
3541 7946.0
3542 7921.0
3543 7921.0
3544 7921.0
3545 7921.0
3546 7921.0
3547 7921.0
3548 7921.0
3549 7921.0
3550 7921.0
3551 7921.0
3552 7921.0
3563 7938.0
3564 7938.0
3565 7938.0
3566 7933.0
3567 7933.0
3568 7933.0
3569 7919.0
3570 7919.0
3571 7919.0
3572 7919.0
3573 7919.0
3574 7919.0
3575 7704.0
3576 7639.0
3577 7639.0
3578 7639.0
3579 7639.0
3580 7639.0
3581 7639.0
3582 7639.0
3583 7639.0
3584 7639.0
3585 7609.0
3586 7609.0
3587 7609.0
3588 7578.0
3589 7554.0
3590 7554.0
3591 7554.0
3592 7554.0
3593 7551.0
3594 7551.0
3595 7551.0
3596 7551.0
3597 7551.0
3598 7551.0
3599 7551.0
3600 7551.0
3601 7551.0
3602 7551.0
3603 7551.0
3614 7562.0
3615 7562.0
3616 7562.0
3617 7545.0
3618 7545.0
3619 7545.0
3620 7545.0
3621 7545.0
3622 7545.0
3623 7545.0
3624 7545.0
3625 7545.0
3626 7545.0
3627 7545.0
3638 7379.0
3639 7379.0
3640 7379.0
3641 7379.0
3642 7379.0
3643 7379.0
3644 7379.0
3645 7379.0
3646 7379.0
3647 7379.0
3658 7376.0
3659 7353.0
3660 7347.0
3661 7339.0
3662 7339.0
3663 7339.0
3664 7339.0
3665 7339.0
3666 7007.0
3667 7007.0
3668 7007.0
3669 7002.0
3670 6990.0
3671 6990.0
3672 6939.0
3673 6939.0
3674 6939.0
3675 6934.0
3676 6934.0
3677 6934.0
3678 6934.0
3679 6934.0
3680 6934.0
3681 6934.0
3682 6901.0
3683 6901.0
3684 6901.0
3685 6901.0
3686 6901.0
3687 6901.0
3688 6901.0
3689 6901.0
3690 6901.0
3691 6890.0
3692 6890.0
3693 6890.0
3694 6890.0
3695 6890.0
3696 6890.0
3697 6890.0
3698 6890.0
3699 6890.0
3700 6890.0
3701 6890.0
3712 6930.0
3713 6930.0
3714 6930.0
3715 6926.0
3716 6926.0
3717 6926.0
3718 6926.0
3719 6926.0
3720 6926.0
3721 6926.0
3722 6926.0
3723 6926.0
3724 6926.0
3725 6926.0
3736 6839.0
3737 6839.0
3738 6839.0
3739 6839.0
3740 6839.0
3741 6839.0
3742 6839.0
3743 6839.0
3744 6839.0
3745 6839.0
3756 6865.0
3757 6861.0
3758 6853.0
3759 6853.0
3760 6853.0
3761 6853.0
3762 6853.0
3763 6853.0
3764 6843.0
3765 6843.0
3766 6843.0
3767 6843.0
3768 6843.0
3769 6807.0
3770 6807.0
3771 6807.0
3772 6807.0
3773 6807.0
3774 6807.0
3775 6807.0
3776 6807.0
3777 6807.0
3778 6807.0
3779 6807.0
3790 6784.0
3791 6784.0
3792 6784.0
3793 6784.0
3794 6784.0
3795 6784.0
3796 6784.0
3797 6784.0
3798 6784.0
3799 6784.0
3810 6858.0
3811 6858.0
3812 6858.0
3813 6858.0
3814 6858.0
3815 6858.0
3816 6858.0
3817 6858.0
3818 6858.0
3819 6858.0
3830 6847.0
3831 6847.0
3832 6847.0
3833 6847.0
3834 6847.0
3835 6847.0
3836 6845.0
3837 6845.0
3838 6845.0
3839 6845.0
3840 6845.0
3841 6845.0
3842 6845.0
3843 6845.0
3844 6845.0
3845 6845.0
3846 6845.0
3857 6859.0
3858 6859.0
3859 6859.0
3860 6859.0
3861 6859.0
3862 6859.0
3863 6859.0
3864 6859.0
3865 6859.0
3866 6859.0
3877 6840.0
3878 6840.0
3879 6840.0
3880 6840.0
3881 6840.0
3882 6840.0
3883 6840.0
3884 6840.0
3885 6840.0
3886 6840.0
3897 6841.0
3898 6841.0
3899 6841.0
3900 6841.0
3901 6841.0
3902 6841.0
3903 6841.0
3904 6841.0
3905 6841.0
3906 6841.0
3907 6841.0
3918 6843.0
3919 6843.0
3920 6843.0
3921 6843.0
3922 6843.0
3923 6843.0
3924 6843.0
3925 6843.0
3926 6843.0
3927 6843.0
3938 6746.0
3939 6746.0
3940 6746.0
3941 6746.0
3942 6746.0
3943 6746.0
3944 6746.0
3945 6746.0
3946 6746.0
3947 6746.0
3948 6746.0
3959 6712.0
3960 6712.0
3961 6712.0
3962 6712.0
3963 6712.0
3964 6712.0
3965 6712.0
3966 6712.0
3967 6712.0
3968 6712.0
3979 6715.0
3980 6715.0
3981 6715.0
3982 6715.0
3983 6715.0
3984 6715.0
3985 6715.0
3986 6715.0
3987 6715.0
3988 6715.0
3999 6757.0
4000 6757.0
4001 6757.0
4002 6751.0
4003 6751.0
4004 6751.0
4005 6751.0
4006 6751.0
4007 6751.0
4008 6751.0
4009 6751.0
4010 6751.0
4011 6751.0
4012 6751.0
4023 6739.0
4024 6733.0
4025 6720.0
4026 6720.0
4027 6720.0
4028 6720.0
4029 6720.0
4030 6720.0
4031 6720.0
4032 6720.0
4033 6720.0
4034 6720.0
4035 6720.0
4046 6774.0
4047 6774.0
4048 6760.0
4049 6760.0
4050 6760.0
4051 6760.0
4052 6757.0
4053 6757.0
4054 6757.0
4055 6757.0
4056 6757.0
4057 6757.0
4058 6757.0
4059 6757.0
4060 6757.0
4061 6757.0
4062 6757.0
4073 6771.0
4074 6771.0
4075 6731.0
4076 6731.0
4077 6731.0
4078 6731.0
4079 6731.0
4080 6731.0
4081 6731.0
4082 6731.0
4083 6731.0
4084 6731.0
4085 6731.0
4096 6749.0
4097 6749.0
4098 6743.0
4099 6743.0
4100 6743.0
4101 6734.0
4102 6734.0
4103 6734.0
4104 6734.0
4105 6734.0
4106 6734.0
4107 6734.0
4108 6734.0
4109 6734.0
4110 6734.0
4111 6734.0
4122 6559.0
4123 6559.0
4124 6559.0
4125 6559.0
4126 6559.0
4127 6559.0
4128 6559.0
4129 6559.0
4130 6559.0
4131 6559.0
4142 6600.0
4143 6600.0
4144 6600.0
4145 6600.0
4146 6600.0
4147 6600.0
4148 6600.0
4149 6600.0
4150 6600.0
4151 6600.0
4152 6600.0
4163 6593.0
4164 6593.0
4165 6593.0
4166 6593.0
4167 6593.0
4168 6593.0
4169 6593.0
4170 6593.0
4171 6593.0
4172 6593.0
4183 6608.0
4184 6608.0
4185 6608.0
4186 6608.0
4187 6608.0
4188 6608.0
4189 6608.0
4190 6608.0
4191 6608.0
4192 6608.0
4203 6584.0
4204 6584.0
4205 6584.0
4206 6584.0
4207 6584.0
4208 6584.0
4209 6584.0
4210 6584.0
4211 6584.0
4212 6584.0
4223 6609.0
4224 6609.0
4225 6609.0
4226 6609.0
4227 6609.0
4228 6609.0
4229 6609.0
4230 6609.0
4231 6609.0
4232 6609.0
4243 6600.0
4244 6600.0
4245 6600.0
4246 6600.0
4247 6600.0
4248 6600.0
4249 6600.0
4250 6600.0
4251 6600.0
4252 6600.0
4263 6621.0
4264 6621.0
4265 6621.0
4266 6621.0
4267 6621.0
4268 6621.0
4269 6613.0
4270 6613.0
4271 6613.0
4272 6613.0
4273 6613.0
4274 6613.0
4275 6613.0
4276 6613.0
4277 6613.0
4278 6613.0
4279 6613.0
4290 6560.0
4291 6560.0
4292 6560.0
4293 6560.0
4294 6560.0
4295 6560.0
4296 6560.0
4297 6560.0
4298 6560.0
4299 6560.0
4310 6670.0
4311 6670.0
4312 6670.0
4313 6670.0
4314 6670.0
4315 6670.0
4316 6670.0
4317 6670.0
4318 6670.0
4319 6670.0
4330 6668.0
4331 6668.0
4332 6668.0
4333 6668.0
4334 6668.0
4335 6668.0
4336 6668.0
4337 6668.0
4338 6668.0
4339 6643.0
4340 6637.0
4341 6637.0
4342 6637.0
4343 6637.0
4344 6637.0
4345 6637.0
4346 6637.0
4347 6637.0
4348 6637.0
4349 6637.0
4350 6637.0
4361 6647.0
4362 6647.0
4363 6647.0
4364 6647.0
4365 6647.0
4366 6647.0
4367 6647.0
4368 6647.0
4369 6647.0
4370 6647.0
4381 6662.0
4382 6662.0
4383 6662.0
4384 6656.0
4385 6656.0
4386 6656.0
4387 6656.0
4388 6656.0
4389 6656.0
4390 6656.0
4391 6656.0
4392 6656.0
4393 6656.0
4394 6656.0
4405 6652.0
4406 6652.0
4407 6652.0
4408 6652.0
4409 6652.0
4410 6652.0
4411 6652.0
4412 6652.0
4413 6652.0
4414 6652.0
4425 6650.0
4426 6650.0
4427 6650.0
4428 6650.0
4429 6650.0
4430 6650.0
4431 6650.0
4432 6650.0
4433 6650.0
4434 6415.0
4435 6410.0
4436 6404.0
4437 6399.0
4438 6399.0
4439 6399.0
4440 6375.0
4441 6366.0
4442 6366.0
4443 6339.0
4444 6339.0
4445 6312.0
4446 6312.0
4447 6310.0
4448 6310.0
4449 6310.0
4450 6310.0
4451 6310.0
4452 6310.0
4453 6310.0
4454 6310.0
4455 6310.0
4456 6310.0
4457 6310.0
4468 6308.0
4469 6308.0
4470 6308.0
4471 6308.0
4472 6308.0
4473 6308.0
4474 6308.0
4475 6308.0
4476 6308.0
4477 6308.0
4488 6310.0
4489 6310.0
4490 6310.0
4491 6309.0
4492 6309.0
4493 6309.0
4494 6309.0
4495 6309.0
4496 6309.0
4497 6309.0
4498 6309.0
4499 6309.0
4500 6309.0
4501 6309.0
4512 6289.0
4513 6289.0
4514 6289.0
4515 6289.0
4516 6289.0
4517 6279.0
4518 6279.0
4519 6279.0
4520 6279.0
4521 6279.0
4522 6268.0
4523 6268.0
4524 6268.0
4525 6267.0
4526 6267.0
4527 6267.0
4528 6267.0
4529 6267.0
4530 6267.0
4531 6267.0
4532 6267.0
4533 6267.0
4534 6267.0
4535 6267.0
4546 6247.0
4547 6247.0
4548 6247.0
4549 6247.0
4550 6247.0
4551 6246.0
4552 6246.0
4553 6246.0
4554 6246.0
4555 6228.0
4556 6228.0
4557 6228.0
4558 6228.0
4559 6228.0
4560 6228.0
4561 6228.0
4562 6228.0
4563 6228.0
4564 6228.0
4565 6228.0
4576 6278.0
4577 6278.0
4578 6278.0
4579 6278.0
4580 6278.0
4581 6278.0
4582 6278.0
4583 6263.0
4584 6263.0
4585 6263.0
4586 6263.0
4587 6263.0
4588 6239.0
4589 6239.0
4590 6239.0
4591 6239.0
4592 6239.0
4593 6239.0
4594 6239.0
4595 6239.0
4596 6239.0
4597 6239.0
4598 6239.0
4609 6207.0
4610 6207.0
4611 6207.0
4612 6207.0
4613 6207.0
4614 6207.0
4615 6207.0
4616 6207.0
4617 6207.0
4618 6207.0
4629 6219.0
4630 6219.0
4631 6219.0
4632 6219.0
4633 6219.0
4634 6219.0
4635 6219.0
4636 6207.0
4637 6207.0
4638 6207.0
4639 6207.0
4640 6207.0
4641 6135.0
4642 6127.0
4643 6115.0
4644 6115.0
4645 6115.0
4646 6115.0
4647 6115.0
4648 6115.0
4649 6115.0
4650 6115.0
4651 6115.0
4652 6115.0
4653 6115.0
4664 6085.0
4665 6085.0
4666 6085.0
4667 6085.0
4668 6085.0
4669 6085.0
4670 6085.0
4671 6085.0
4672 6077.0
4673 6077.0
4674 6077.0
4675 6077.0
4676 6077.0
4677 6077.0
4678 6077.0
4679 6077.0
4680 6077.0
4681 6077.0
4682 6077.0
4693 6068.0
4694 6068.0
4695 6068.0
4696 6068.0
4697 6068.0
4698 6068.0
4699 6068.0
4700 6068.0
4701 6068.0
4702 6068.0
4713 6092.0
4714 6092.0
4715 6092.0
4716 6092.0
4717 6092.0
4718 6092.0
4719 6092.0
4720 6092.0
4721 6092.0
4722 6092.0
4733 6061.0
4734 6061.0
4735 6061.0
4736 6061.0
4737 6061.0
4738 6060.0
4739 6060.0
4740 6060.0
4741 6060.0
4742 6060.0
4743 6060.0
4744 6060.0
4745 6060.0
4746 6060.0
4747 6060.0
4748 6060.0
4759 6119.0
4760 6119.0
4761 6119.0
4762 6119.0
4763 6119.0
4764 6119.0
4765 6119.0
4766 6119.0
4767 6119.0
4768 6119.0
4779 6173.0
4780 6173.0
4781 6165.0
4782 6165.0
4783 6165.0
4784 6165.0
4785 6165.0
4786 6165.0
4787 6165.0
4788 6165.0
4789 6165.0
4790 6165.0
4791 6165.0
4802 5979.0
4803 5979.0
4804 5979.0
4805 5979.0
4806 5979.0
4807 5978.0
4808 5978.0
4809 5978.0
4810 5978.0
4811 5978.0
4812 5978.0
4813 5978.0
4814 5978.0
4815 5978.0
4816 5977.0
4817 5977.0
4818 5977.0
4819 5977.0
4820 5977.0
4821 5977.0
4822 5977.0
4823 5977.0
4824 5977.0
4825 5977.0
4826 5977.0
4837 5912.0
4838 5912.0
4839 5833.0
4840 5833.0
4841 5833.0
4842 5833.0
4843 5833.0
4844 5833.0
4845 5833.0
4846 5833.0
4847 5833.0
4848 5833.0
4849 5833.0
4860 5973.0
4861 5973.0
4862 5973.0
4863 5973.0
4864 5973.0
4865 5915.0
4866 5915.0
4867 5915.0
4868 5915.0
4869 5915.0
4870 5915.0
4871 5915.0
4872 5915.0
4873 5915.0
4874 5915.0
4875 5915.0
4886 5920.0
4887 5920.0
4888 5918.0
4889 5918.0
4890 5918.0
4891 5918.0
4892 5918.0
4893 5918.0
4894 5918.0
4895 5918.0
4896 5918.0
4897 5918.0
4898 5918.0
4909 5829.0
4910 5829.0
4911 5829.0
4912 5829.0
4913 5829.0
4914 5829.0
4915 5829.0
4916 5829.0
4917 5829.0
4918 5829.0
4929 5830.0
4930 5830.0
4931 5830.0
4932 5830.0
4933 5830.0
4934 5798.0
4935 5798.0
4936 5798.0
4937 5798.0
4938 5798.0
4939 5798.0
4940 5798.0
4941 5798.0
4942 5798.0
4943 5798.0
4944 5798.0
4955 5888.0
4956 5888.0
4957 5888.0
4958 5888.0
4959 5884.0
4960 5868.0
4961 5868.0
4962 5868.0
4963 5868.0
4964 5868.0
4965 5868.0
4966 5868.0
4967 5868.0
4968 5861.0
4969 5861.0
4970 5861.0
4971 5861.0
4972 5861.0
4973 5861.0
4974 5861.0
4975 5861.0
4976 5858.0
4977 5858.0
4978 5858.0
4979 5858.0
4980 5858.0
4981 5858.0
4982 5858.0
4983 5858.0
4984 5858.0
4985 5858.0
4986 5858.0
4997 5865.0
4998 5865.0
4999 5865.0
