0 2646234.0
1 2643934.0
2 2641636.0
3 2641636.0
4 2634745.0
5 2632450.0
6 2632450.0
7 2630156.0
8 2630156.0
9 2630156.0
10 2630156.0
11 2630156.0
12 2630156.0
13 2630156.0
14 2625571.0
15 2625571.0
16 2620990.0
17 2620990.0
18 2620990.0
19 2620990.0
20 2618701.0
21 2616413.0
22 2614126.0
23 2614126.0
24 2614126.0
25 2611840.0
26 2611840.0
27 2611840.0
28 2611840.0
29 2611840.0
30 2611840.0
31 2611840.0
32 2611840.0
33 2611840.0
34 2611840.0
35 2611840.0
36 2609555.0
37 2609555.0
38 2598151.0
39 2593598.0
40 2593598.0
41 2570874.0
42 2570874.0
43 2570874.0
44 2559555.0
45 2559555.0
46 2559555.0
47 2559555.0
48 2559555.0
49 2555033.0
50 2550515.0
51 2550515.0
52 2550515.0
53 2548257.0
54 605043.0
55 602245.0
56 599116.0
57 599045.0
58 598004.0
59 596964.0
60 596747.0
61 596568.0
62 596568.0
63 595864.0
64 594828.0
65 594693.0
66 591586.0
67 591582.0
68 591298.0
69 590273.0
70 590213.0
71 590213.0
72 590157.0
73 589152.0
74 586090.0
75 586058.0
76 586058.0
77 566833.0
78 566752.0
79 565809.0
80 565699.0
81 565699.0
82 565699.0
83 560735.0
84 559801.0
85 559586.0
86 559128.0
87 559128.0
88 558919.0
89 558857.0
90 558826.0
91 556912.0
92 556008.0
93 555927.0
94 555927.0
95 555107.0
96 555076.0
97 552186.0
98 552122.0
99 552113.0
100 552113.0
101 552106.0
102 548252.0
103 548211.0
104 547351.0
105 545504.0
106 545504.0
107 544652.0
108 544618.0
109 543768.0
110 542920.0
111 542074.0
112 542074.0
113 541230.0
114 540388.0
115 537609.0
116 536800.0
117 519496.0
118 517577.0
119 517577.0
120 517577.0
121 516631.0
122 516631.0
123 516236.0
124 516175.0
125 516175.0
126 515391.0
127 514609.0
128 507155.0
129 506205.0
130 505499.0
131 505499.0
132 504725.0
133 504725.0
134 504725.0
135 501116.0
136 500940.0
137 499583.0
138 498906.0
139 496255.0
140 496135.0
141 495419.0
142 494708.0
143 494003.0
144 492558.0
145 492558.0
146 490928.0
147 489328.0
148 489328.0
149 488667.0
150 488667.0
151 486148.0
152 485499.0
153 484889.0
154 484889.0
155 484889.0
156 484889.0
157 484889.0
158 484889.0
159 484889.0
160 481543.0
161 481543.0
162 480980.0
163 480980.0
164 479519.0
165 479519.0
166 479519.0
167 479146.0
168 479146.0
169 478784.0
170 478439.0
171 478439.0
172 478439.0
173 477299.0
174 477299.0
175 476202.0
176 476202.0
177 476202.0
178 476053.0
179 476053.0
180 476053.0
181 476053.0
182 476053.0
183 476053.0
184 475963.0
185 475963.0
186 475963.0
187 475963.0
188 475963.0
189 475963.0
190 475963.0
191 475963.0
192 475963.0
193 475963.0
194 475963.0
195 475051.0
196 475051.0
197 475051.0
198 475051.0
199 475051.0
200 475051.0
201 465092.0
202 465092.0
203 465092.0
204 465092.0
205 465092.0
206 465092.0
207 465092.0
208 465092.0
209 465092.0
210 465092.0
211 465092.0
212 465092.0
213 465092.0
214 465092.0
215 465092.0
216 464663.0
217 464663.0
218 464663.0
219 464663.0
220 464663.0
221 464663.0
222 464663.0
223 464663.0
224 464663.0
225 464663.0
226 464663.0
227 464663.0
228 461066.0
229 461042.0
230 461042.0
231 460879.0
232 460169.0
233 453920.0
234 453920.0
235 449485.0
236 448928.0
237 448047.0
238 448047.0
239 448047.0
240 447722.0
241 447722.0
242 447722.0
243 447722.0
244 447722.0
245 447722.0
246 447722.0
247 447722.0
248 447722.0
249 442455.0
250 442041.0
251 442041.0
252 441584.0
253 441584.0
254 441584.0
255 441584.0
256 441584.0
257 441584.0
258 441584.0
259 441584.0
260 441584.0
261 441584.0
262 441584.0
263 441111.0
264 441111.0
265 441111.0
266 440235.0
267 438486.0
268 435000.0
269 435000.0
270 433264.0
271 433264.0
272 433264.0
273 433264.0
274 433264.0
275 433264.0
276 433264.0
277 433264.0
278 433264.0
279 433264.0
280 433264.0
281 432397.0
282 432397.0
283 432397.0
284 427039.0
285 426990.0
286 426692.0
287 426269.0
288 418427.0
289 417576.0
290 417576.0
291 417576.0
292 417576.0
293 417576.0
294 417576.0
295 416098.0
296 416098.0
297 416098.0
298 416098.0
299 416098.0
300 332191.0
301 332177.0
302 332151.0
303 332151.0
304 332151.0
305 331405.0
306 329925.0
307 328463.0
308 327749.0
309 327749.0
310 327749.0
311 327056.0
312 326370.0
313 326286.0
314 326190.0
315 326190.0
316 325512.0
317 325512.0
318 325512.0
319 324891.0
320 324891.0
321 320601.0
322 320323.0
323 319744.0
324 319744.0
325 319744.0
326 317744.0
327 317744.0
328 317744.0
329 317744.0
330 317561.0
331 317561.0
332 317561.0
333 317216.0
334 316180.0
335 314729.0
336 314729.0
337 311840.0
338 311718.0
339 311120.0
340 311120.0
341 311120.0
342 311120.0
343 311120.0
344 311120.0
345 311120.0
346 311120.0
347 311120.0
348 311120.0
349 311120.0
350 311120.0
351 285395.0
352 285378.0
353 285378.0
354 285375.0
355 284382.0
356 284101.0
357 284025.0
358 284025.0
359 282679.0
360 282644.0
361 282036.0
362 282036.0
363 282036.0
364 279404.0
365 279404.0
366 279404.0
367 279404.0
368 279404.0
369 274782.0
370 274379.0
371 274379.0
372 273993.0
373 273993.0
374 273993.0
375 273993.0
376 273993.0
377 273993.0
378 273993.0
379 272662.0
380 272662.0
381 272662.0
382 272662.0
383 272662.0
384 180307.0
385 179798.0
386 179796.0
387 179291.0
388 179271.0
389 179267.0
390 179261.0
391 174026.0
392 173537.0
393 173509.0
394 173473.0
395 173471.0
396 173471.0
397 173347.0
398 173278.0
399 172282.0
400 171791.0
401 171791.0
402 171304.0
403 171177.0
404 171177.0
405 171177.0
406 170695.0
407 170676.0
408 170676.0
409 170676.0
410 169702.0
411 169702.0
412 169702.0
413 169571.0
414 169535.0
415 169531.0
416 169531.0
417 169531.0
418 168568.0
419 168107.0
420 167652.0
421 167333.0
422 167333.0
423 167333.0
424 167333.0
425 166883.0
426 166883.0
427 166883.0
428 166883.0
429 166825.0
430 166768.0
431 166768.0
432 166768.0
433 166340.0
434 166340.0
435 166340.0
436 166340.0
437 166340.0
438 166140.0
439 166140.0
440 166140.0
441 166140.0
442 163812.0
443 163677.0
444 163309.0
445 163304.0
446 161990.0
447 158766.0
448 158764.0
449 158764.0
450 158735.0
451 158735.0
452 158735.0
453 157806.0
454 157450.0
455 157450.0
456 157450.0
457 157450.0
458 157450.0
459 141507.0
460 141507.0
461 141472.0
462 141463.0
463 141463.0
464 141034.0
465 140739.0
466 140612.0
467 140612.0
468 140346.0
469 140340.0
470 139965.0
471 139611.0
472 135404.0
473 135404.0
474 135404.0
475 135404.0
476 135404.0
477 135404.0
478 134667.0
479 134667.0
480 134667.0
481 134667.0
482 134612.0
483 134382.0
484 134382.0
485 134382.0
486 134382.0
487 134382.0
488 133886.0
489 133751.0
490 133751.0
491 133751.0
492 133751.0
493 133751.0
494 133751.0
495 133751.0
496 133751.0
497 133751.0
498 133751.0
499 133751.0
500 133751.0
501 133751.0
502 133751.0
503 133751.0
504 133751.0
505 133641.0
506 133641.0
507 133641.0
508 133641.0
509 133641.0
510 133641.0
511 133550.0
512 133550.0
513 133550.0
514 133550.0
515 133550.0
516 133550.0
517 133550.0
518 132635.0
519 132635.0
520 132635.0
521 132635.0
522 132635.0
523 132635.0
524 132635.0
525 132635.0
526 132635.0
527 132635.0
528 132210.0
529 132210.0
530 132210.0
531 132210.0
532 132210.0
533 132210.0
534 132210.0
535 132210.0
536 132210.0
537 132210.0
538 132210.0
539 132210.0
540 132210.0
541 132210.0
542 132210.0
543 132210.0
544 132210.0
545 132210.0
546 132210.0
547 132210.0
548 132210.0
549 132210.0
550 132210.0
551 132210.0
552 132210.0
553 132210.0
554 132210.0
555 132210.0
556 132210.0
557 118529.0
558 118521.0
559 118498.0
560 118491.0
561 110163.0
562 109795.0
563 109795.0
564 109794.0
565 109790.0
566 109654.0
567 109626.0
568 109626.0
569 109626.0
570 109626.0
571 109492.0
572 109492.0
573 109418.0
574 109071.0
575 109071.0
576 109071.0
577 109071.0
578 108949.0
579 108947.0
580 107875.0
581 107875.0
582 107857.0
583 107857.0
584 107857.0
585 107857.0
586 107857.0
587 107531.0
588 107211.0
589 107211.0
590 107211.0
591 107196.0
592 107196.0
593 107196.0
594 106895.0
595 106895.0
596 106610.0
597 106561.0
598 105626.0
599 105626.0
600 105626.0
601 105626.0
602 105626.0
603 105626.0
604 105626.0
605 105626.0
606 105626.0
607 105412.0
608 105200.0
609 102542.0
610 102535.0
611 102516.0
612 102516.0
613 101834.0
614 101765.0
615 101765.0
616 101714.0
617 101714.0
618 101714.0
619 101714.0
620 101714.0
621 101468.0
622 101468.0
623 101468.0
624 101468.0
625 101269.0
626 101269.0
627 101269.0
628 100898.0
629 100898.0
630 100898.0
631 100898.0
632 100898.0
633 100898.0
634 100898.0
635 100898.0
636 100898.0
637 100898.0
638 100898.0
639 100898.0
640 100898.0
641 100898.0
642 100898.0
643 100898.0
644 97854.0
645 97166.0
646 97067.0
647 97067.0
648 97067.0
649 96868.0
650 96868.0
651 96868.0
652 96868.0
653 96868.0
654 96868.0
655 96868.0
656 96868.0
657 96868.0
658 96868.0
659 96834.0
660 96834.0
661 96834.0
662 96834.0
663 96834.0
664 96712.0
665 96712.0
666 96712.0
667 96712.0
668 96712.0
669 96712.0
670 96712.0
671 96712.0
672 96712.0
673 96712.0
674 96712.0
675 96712.0
676 96712.0
677 96712.0
678 96712.0
679 96712.0
680 96712.0
681 96712.0
682 96712.0
683 96712.0
684 96712.0
685 96712.0
686 96712.0
687 96712.0
688 96712.0
689 96712.0
690 96712.0
691 96712.0
692 96712.0
693 96712.0
694 96712.0
695 96376.0
696 96376.0
697 96376.0
698 96376.0
699 96376.0
700 96376.0
701 96376.0
702 96262.0
703 96262.0
704 96262.0
705 96262.0
706 96262.0
707 96262.0
708 96262.0
709 96262.0
710 96262.0
711 96262.0
712 96262.0
713 96262.0
714 96262.0
715 96262.0
716 96262.0
717 96262.0
718 96262.0
719 95926.0
720 95926.0
721 95926.0
722 95926.0
723 95926.0
724 95926.0
725 95926.0
726 95926.0
727 95926.0
728 95926.0
729 95577.0
730 95565.0
731 95075.0
732 94488.0
733 94488.0
734 94488.0
735 94267.0
736 94267.0
737 94267.0
738 94267.0
739 94267.0
740 94267.0
741 94267.0
742 94267.0
743 94267.0
744 94267.0
745 94267.0
746 94267.0
747 94267.0
748 94267.0
749 94207.0
750 94207.0
751 94207.0
752 94134.0
753 94131.0
754 94131.0
755 94131.0
756 94131.0
757 93598.0
758 93336.0
759 93336.0
760 93327.0
761 93276.0
762 93004.0
763 93004.0
764 93004.0
765 93004.0
766 93004.0
767 93004.0
768 93004.0
769 93004.0
770 93004.0
771 93004.0
772 93004.0
773 93004.0
774 93004.0
775 89080.0
776 88950.0
777 88950.0
778 88950.0
779 88803.0
780 88803.0
781 88803.0
782 88803.0
783 88803.0
784 88803.0
785 88803.0
786 88803.0
787 88803.0
788 88803.0
789 88545.0
790 88545.0
791 88545.0
792 87585.0
793 87571.0
794 87268.0
795 87268.0
796 87268.0
797 87268.0
798 87268.0
799 87268.0
800 87268.0
801 87268.0
802 87268.0
803 87268.0
804 87268.0
805 86951.0
806 86951.0
807 86951.0
808 86951.0
809 86951.0
810 86951.0
811 86951.0
812 86951.0
813 86951.0
814 86951.0
815 86951.0
816 86951.0
817 86951.0
818 86951.0
819 86006.0
820 85836.0
821 85836.0
822 85696.0
823 85696.0
824 85696.0
825 85696.0
826 85696.0
827 85696.0
828 85696.0
829 85696.0
830 85696.0
831 85696.0
832 85696.0
833 85696.0
834 85696.0
835 85696.0
836 85696.0
837 85696.0
838 85696.0
839 85696.0
840 85696.0
841 85696.0
842 85696.0
843 85696.0
844 85696.0
845 85696.0
846 85696.0
847 85696.0
848 85696.0
849 85696.0
850 85696.0
851 85696.0
852 85696.0
853 85696.0
854 85696.0
855 85696.0
856 85696.0
857 85696.0
858 85696.0
859 85696.0
860 85696.0
861 84764.0
862 83239.0
863 82940.0
864 82940.0
865 82940.0
866 82940.0
867 82940.0
868 82940.0
869 82827.0
870 82827.0
871 82827.0
872 82827.0
873 82827.0
874 82827.0
875 82827.0
876 82827.0
877 82827.0
878 82827.0
879 82827.0
880 82523.0
881 82523.0
882 82523.0
883 82523.0
884 82478.0
885 82478.0
886 82108.0
887 82108.0
888 82108.0
889 82108.0
890 82108.0
891 82108.0
892 82108.0
893 82108.0
894 82108.0
895 81742.0
896 81742.0
897 81742.0
898 81742.0
899 81742.0
900 81742.0
901 81742.0
902 81742.0
903 81742.0
904 81742.0
905 81742.0
906 81742.0
907 81742.0
908 81742.0
909 81742.0
910 81742.0
911 81742.0
912 81742.0
913 81742.0
914 81742.0
915 81742.0
916 81742.0
917 81742.0
918 81742.0
919 81742.0
920 81742.0
921 81742.0
922 81742.0
923 81439.0
924 81439.0
925 81439.0
926 81439.0
927 81439.0
928 81439.0
929 81439.0
930 80110.0
931 80110.0
932 80110.0
933 80110.0
934 80110.0
935 80110.0
936 80110.0
937 80110.0
938 80110.0
939 80110.0
940 80110.0
941 80110.0
942 80110.0
943 80110.0
944 80110.0
945 80110.0
946 80110.0
947 80110.0
948 80022.0
949 80022.0
950 80022.0
951 80022.0
952 80022.0
953 80022.0
954 80022.0
955 80022.0
956 80022.0
957 80022.0
958 80022.0
959 80022.0
960 80022.0
961 80022.0
962 79415.0
963 79414.0
964 79113.0
965 79082.0
966 79082.0
967 78513.0
968 78513.0
969 78513.0
970 78513.0
971 78513.0
972 78513.0
973 78513.0
974 78513.0
975 78513.0
976 77916.0
977 76266.0
978 76266.0
979 75645.0
980 75645.0
981 75645.0
982 75645.0
983 75425.0
984 75425.0
985 75425.0
986 75425.0
987 75425.0
988 75425.0
989 75425.0
990 75425.0
991 75425.0
992 75425.0
993 75425.0
994 75425.0
995 75425.0
996 75425.0
997 75425.0
998 75425.0
999 75425.0
1000 75425.0
1001 75425.0
1002 75425.0
1003 75425.0
1004 75425.0
1005 75425.0
1006 75425.0
1007 75425.0
1008 75425.0
1009 75425.0
1010 75425.0
1011 75425.0
1012 75425.0
1013 75425.0
1014 75425.0
1015 75425.0
1016 75425.0
1017 75425.0
1018 75256.0
1019 75256.0
1020 75256.0
1021 75256.0
1022 75256.0
1023 75256.0
1024 75256.0
1025 75256.0
1026 75256.0
1027 75256.0
1028 75256.0
1029 75256.0
1030 75256.0
1031 75256.0
1032 75256.0
1033 75256.0
1034 75256.0
1035 75256.0
1036 75256.0
1037 75256.0
1038 75256.0
1039 75256.0
1040 74956.0
1041 74956.0
1042 74956.0
1043 74934.0
1044 74934.0
1045 74934.0
1046 74658.0
1047 74658.0
1048 74658.0
1049 74658.0
1050 74658.0
1051 74658.0
1052 74658.0
1053 74658.0
1054 74658.0
1055 74658.0
1056 74658.0
1057 74658.0
1058 74658.0
1059 74658.0
1060 74658.0
1061 74658.0
1062 74658.0
1063 74658.0
1064 74658.0
1065 74658.0
1066 74658.0
1067 74658.0
1068 74658.0
1069 74658.0
1070 74658.0
1071 74658.0
1072 74658.0
1073 74658.0
1074 74658.0
1075 74658.0
1076 74606.0
1077 74606.0
1078 74606.0
1079 74606.0
1080 74606.0
1081 74606.0
1082 74606.0
1083 74606.0
1084 74606.0
1085 74606.0
1086 74606.0
1087 74606.0
1088 74606.0
1089 74606.0
1090 74606.0
1091 74606.0
1092 74606.0
1093 74606.0
1094 74416.0
1095 74416.0
1096 74416.0
1097 74416.0
1098 74416.0
1099 74416.0
1100 74416.0
1101 74416.0
1102 74416.0
1103 74416.0
1104 74416.0
1105 74416.0
1106 74416.0
1107 74416.0
1108 74416.0
1109 74416.0
1110 74416.0
1111 70324.0
1112 70324.0
1113 70305.0
1114 70193.0
1115 70193.0
1116 70193.0
1117 70193.0
1118 70192.0
1119 70192.0
1120 70181.0
1121 70084.0
1122 70079.0
1123 70012.0
1124 69750.0
1125 69750.0
1126 69750.0
1127 69750.0
1128 69552.0
1129 69552.0
1130 69552.0
1131 69551.0
1132 69551.0
1133 69551.0
1134 69551.0
1135 69551.0
1136 69551.0
1137 69551.0
1138 69551.0
1139 69551.0
1140 69551.0
1141 69551.0
1142 69551.0
1143 69551.0
1144 69551.0
1145 69551.0
1146 69551.0
1147 69551.0
1148 69551.0
1149 69551.0
1150 69551.0
1151 68254.0
1152 68254.0
1153 68089.0
1154 68089.0
1155 68089.0
1156 68089.0
1157 68089.0
1158 68089.0
1159 68089.0
1160 68089.0
1161 68089.0
1162 68089.0
1163 68089.0
1164 68089.0
1165 67940.0
1166 67940.0
1167 67940.0
1168 67914.0
1169 67914.0
1170 67257.0
1171 67257.0
1172 67257.0
1173 67257.0
1174 67257.0
1175 67257.0
1176 67257.0
1177 67257.0
1178 67257.0
1179 67257.0
1180 67257.0
1181 67257.0
1182 67257.0
1183 67257.0
1184 67257.0
1185 67257.0
1186 67257.0
1187 67257.0
1188 67257.0
1189 67257.0
1190 67193.0
1191 67193.0
1192 67193.0
1193 67193.0
1194 67193.0
1195 67193.0
1196 66638.0
1197 66638.0
1198 66638.0
1199 66638.0
1200 66638.0
1201 66638.0
1202 66638.0
1203 66638.0
1204 66638.0
1205 66638.0
1206 66638.0
1207 66638.0
1208 66638.0
1209 65813.0
1210 64999.0
1211 64999.0
1212 64999.0
1213 64999.0
1214 64999.0
1215 64999.0
1216 64999.0
1217 64999.0
1218 64999.0
1219 64999.0
1220 64999.0
1221 64999.0
1222 64999.0
1223 64999.0
1224 64999.0
1225 64999.0
1226 64999.0
1227 64999.0
1228 64999.0
1229 64999.0
1230 64999.0
1231 64999.0
1232 64999.0
1233 64999.0
1234 64999.0
1235 64999.0
1236 64999.0
1237 64729.0
1238 64729.0
1239 64729.0
1240 64729.0
1241 64729.0
1242 64729.0
1243 64729.0
1244 64729.0
1245 64729.0
1246 64729.0
1247 64729.0
1248 64729.0
1249 64729.0
1250 64729.0
1251 64729.0
1252 64729.0
1253 64729.0
1254 64729.0
1255 64594.0
1256 64594.0
1257 64594.0
1258 64594.0
1259 64594.0
1260 64594.0
1261 63788.0
1262 63255.0
1263 63255.0
1264 63255.0
1265 63255.0
1266 63255.0
1267 63255.0
1268 63255.0
1269 63255.0
1270 63255.0
1271 63255.0
1272 63255.0
1273 63255.0
1274 63255.0
1275 63255.0
1276 63255.0
1277 63255.0
1278 63255.0
1279 63255.0
1280 63255.0
1281 63255.0
1282 62874.0
1283 62874.0
1284 62874.0
1285 62874.0
1286 62874.0
1287 62874.0
1288 62874.0
1289 62608.0
1290 62583.0
1291 62534.0
1292 62343.0
1293 62343.0
1294 62343.0
1295 62343.0
1296 62343.0
1297 62343.0
1298 62343.0
1299 62343.0
1300 62343.0
1301 62343.0
1302 62343.0
1303 62343.0
1304 61555.0
1305 61555.0
1306 61555.0
1307 61555.0
1308 61555.0
1309 61555.0
1310 61555.0
1311 61555.0
1312 61555.0
1313 61555.0
1314 61502.0
1315 61502.0
1316 61502.0
1317 61502.0
1318 61502.0
1319 61404.0
1320 61404.0
1321 61358.0
1322 61358.0
1323 61358.0
1324 61358.0
1325 61358.0
1326 61160.0
1327 61160.0
1328 61008.0
1329 61008.0
1330 61008.0
1331 61008.0
1332 61008.0
1333 61008.0
1334 61008.0
1335 60936.0
1336 60936.0
1337 60936.0
1338 60936.0
1339 60936.0
1340 60936.0
1341 60936.0
1342 60936.0
1343 60936.0
1344 60936.0
1345 60936.0
1346 60936.0
1347 60936.0
1348 60936.0
1349 60936.0
1350 60936.0
1351 55213.0
1352 55213.0
1353 55213.0
1354 55213.0
1355 55213.0
1356 55213.0
1357 55213.0
1358 55213.0
1359 55213.0
1360 55213.0
1361 55213.0
1362 55213.0
1363 55213.0
1364 55213.0
1365 55213.0
1366 55213.0
1367 55213.0
1368 55213.0
1369 55213.0
1370 55213.0
1371 55213.0
1372 55213.0
1373 55213.0
1374 55213.0
1375 54850.0
1376 54850.0
1377 54850.0
1378 54850.0
1379 54850.0
1380 54850.0
1381 54850.0
1382 54850.0
1383 54850.0
1384 54850.0
1385 54850.0
1386 54611.0
1387 53698.0
1388 53674.0
1389 53667.0
1390 53667.0
1391 53667.0
1392 53667.0
1393 53667.0
1394 53466.0
1395 53466.0
1396 53466.0
1397 53466.0
1398 53466.0
1399 53466.0
1400 53466.0
1401 53466.0
1402 53466.0
1403 53466.0
1404 53466.0
1405 53466.0
1406 53466.0
1407 53466.0
1408 53466.0
1409 53466.0
1410 53466.0
1411 53466.0
1412 53466.0
1413 53466.0
1414 53466.0
1415 49139.0
1416 49139.0
1417 49139.0
1418 49105.0
1419 49094.0
1420 49094.0
1421 49094.0
1422 49094.0
1423 48945.0
1424 48945.0
1425 48945.0
1426 48945.0
1427 48785.0
1428 48785.0
1429 48785.0
1430 48727.0
1431 48727.0
1432 48727.0
1433 48727.0
1434 48727.0
1435 48727.0
1436 48613.0
1437 48595.0
1438 48595.0
1439 48595.0
1440 48595.0
1441 48595.0
1442 48595.0
1443 48595.0
1444 48595.0
1445 48595.0
1446 48595.0
1447 48595.0
1448 48595.0
1449 48595.0
1450 48595.0
1451 48595.0
1452 48595.0
1453 48595.0
1454 48595.0
1455 48595.0
1456 48595.0
1457 48595.0
1458 48595.0
1459 48595.0
1460 48595.0
1461 48595.0
1462 48595.0
1463 48595.0
1464 48595.0
1465 48595.0
1466 48595.0
1467 48595.0
1468 48595.0
1469 48595.0
1470 48595.0
1471 48595.0
1472 48595.0
1473 48595.0
1474 48595.0
1475 48595.0
1476 48595.0
1477 48595.0
1478 48595.0
1479 48595.0
1480 48595.0
1481 48595.0
1482 46747.0
1483 46635.0
1484 46635.0
1485 46612.0
1486 46610.0
1487 45000.0
1488 45000.0
1489 45000.0
1490 44938.0
1491 44620.0
1492 44620.0
1493 44620.0
1494 44620.0
1495 44620.0
1496 44620.0
1497 44620.0
1498 44620.0
1499 44620.0
1500 44620.0
1501 44620.0
1502 44620.0
1503 44620.0
1504 44620.0
1505 44620.0
1506 44620.0
1507 44507.0
1508 44507.0
1509 44507.0
1510 44419.0
1511 44419.0
1512 44419.0
1513 44419.0
1514 44419.0
1515 44419.0
1516 44419.0
1517 44419.0
1518 44419.0
1519 44419.0
1520 44419.0
1521 44419.0
1522 44419.0
1523 44419.0
1524 44419.0
1525 44419.0
1526 44419.0
1527 44419.0
1528 44419.0
1529 44419.0
1530 44419.0
1531 44419.0
1532 44419.0
1533 44419.0
1534 44419.0
1535 44316.0
1536 44316.0
1537 44316.0
1538 44316.0
1539 44316.0
1540 44316.0
1541 44316.0
1542 44316.0
1543 44316.0
1544 44316.0
1545 44316.0
1546 44316.0
1547 44316.0
1548 44316.0
1549 44301.0
1550 44301.0
1551 44301.0
1552 44301.0
1553 44301.0
1554 44301.0
1555 44301.0
1556 44301.0
1557 44011.0
1558 44011.0
1559 44011.0
1560 44011.0
1561 44011.0
1562 44011.0
1563 44011.0
1564 44011.0
1565 44011.0
1566 44011.0
1567 44011.0
1568 44011.0
1569 44011.0
1570 44011.0
1571 44011.0
1572 44011.0
1573 44011.0
1574 44011.0
1575 44011.0
1576 44011.0
1577 44011.0
1578 44011.0
1579 44011.0
1580 44011.0
1581 44011.0
1582 44011.0
1583 44011.0
1584 44011.0
1585 44011.0
1586 44011.0
1587 44011.0
1588 44011.0
1589 44011.0
1590 44011.0
1591 44011.0
1592 44011.0
1593 44011.0
1594 44011.0
1595 44011.0
1596 44011.0
1597 44011.0
1598 44011.0
1599 44011.0
1600 44011.0
1601 44011.0
1602 44011.0
1603 44011.0
1604 44011.0
1605 44011.0
1606 44011.0
1607 44011.0
1608 44011.0
1609 44011.0
1610 44011.0
1611 44011.0
1612 44011.0
1613 44011.0
1614 43062.0
1615 42645.0
1616 42645.0
1617 42645.0
1618 42645.0
1619 42645.0
1620 42566.0
1621 42566.0
1622 42566.0
1623 41114.0
1624 41087.0
1625 41072.0
1626 41072.0
1627 41072.0
1628 41072.0
1629 41072.0
1630 40863.0
1631 40818.0
1632 40446.0
1633 40394.0
1634 40394.0
1635 40394.0
1636 40394.0
1637 40394.0
1638 40394.0
1639 40394.0
1640 40394.0
1641 40394.0
1642 40394.0
1643 40394.0
1644 40394.0
1645 40394.0
1646 40394.0
1647 40394.0
1648 40394.0
1649 40394.0
1650 40394.0
1651 40394.0
1652 40394.0
1653 40394.0
1654 40394.0
1655 40394.0
1656 40394.0
1657 40394.0
1658 40394.0
1659 40394.0
1660 40394.0
1661 40394.0
1662 40394.0
1663 40394.0
1664 40394.0
1665 40394.0
1666 40394.0
1667 40394.0
1668 40394.0
1669 40394.0
1670 40394.0
1671 40394.0
1672 40394.0
1673 40360.0
1674 40360.0
1675 40360.0
1676 40360.0
1677 40360.0
1678 40360.0
1679 40323.0
1680 40323.0
1681 40323.0
1682 40323.0
1683 40323.0
1684 40323.0
1685 40323.0
1686 40323.0
1687 40323.0
1688 40323.0
1689 40323.0
1690 40323.0
1691 40323.0
1692 40323.0
1693 40323.0
1694 40323.0
1695 40323.0
1696 40323.0
1697 40323.0
1698 40323.0
1699 40323.0
1700 40323.0
1701 40323.0
1702 40180.0
1703 40018.0
1704 40017.0
1705 39986.0
1706 39986.0
1707 39986.0
1708 39986.0
1709 39986.0
1710 39986.0
1711 39986.0
1712 39986.0
1713 39984.0
1714 39984.0
1715 39984.0
1716 39984.0
1717 39984.0
1718 39984.0
1719 39984.0
1720 39984.0
1721 39984.0
1722 39984.0
1723 39449.0
1724 39449.0
1725 39449.0
1726 39449.0
1727 39449.0
1728 39449.0
1729 39449.0
1730 39449.0
1731 39449.0
1732 39449.0
1733 39449.0
1734 39449.0
1735 39449.0
1736 39449.0
1737 39449.0
1738 39449.0
1739 39449.0
1740 39449.0
1741 39449.0
1742 39449.0
1743 39449.0
1744 39449.0
1745 39449.0
1746 39449.0
1747 39449.0
1748 39449.0
1749 39449.0
1750 39449.0
1751 39449.0
1752 39449.0
1753 39449.0
1754 39449.0
1755 39449.0
1756 39449.0
1757 39324.0
1758 39324.0
1759 39324.0
1760 39324.0
1761 39324.0
1762 39324.0
1763 39324.0
1764 39324.0
1765 39227.0
1766 39227.0
1767 39227.0
1768 39227.0
1769 39153.0
1770 39153.0
1771 39153.0
1772 39153.0
1773 39153.0
1774 39153.0
1775 39153.0
1776 39153.0
1777 39153.0
1778 39153.0
1779 39153.0
1780 39153.0
1781 39153.0
1782 39153.0
1783 39153.0
1784 39153.0
1785 39153.0
1786 39153.0
1787 39153.0
1788 39153.0
1789 39153.0
1790 39153.0
1791 39153.0
1792 39153.0
1793 39153.0
1794 39153.0
1795 39153.0
1796 39153.0
1797 39153.0
1798 39153.0
1799 39153.0
1800 39153.0
1801 39153.0
1802 39153.0
1803 39153.0
1804 39153.0
1805 39153.0
1806 39153.0
1807 39153.0
1808 39153.0
1809 39153.0
1810 39153.0
1811 39153.0
1812 39153.0
1813 39153.0
1814 39153.0
1815 39153.0
1816 39153.0
1817 39153.0
1818 39153.0
1819 39153.0
1820 39153.0
1821 39153.0
1822 39153.0
1823 39153.0
1824 39153.0
1825 39153.0
1826 39153.0
1827 39153.0
1828 39153.0
1829 39153.0
1830 39153.0
1831 39153.0
1832 39153.0
1833 39124.0
1834 39124.0
1835 39124.0
1836 39124.0
1837 39124.0
1838 39124.0
1839 39124.0
1840 39124.0
1841 39124.0
1842 39124.0
1843 39124.0
1844 39124.0
1845 39124.0
1846 39124.0
1847 38828.0
1848 38828.0
1849 38828.0
1850 38828.0
1851 38828.0
1852 38828.0
1853 38828.0
1854 38828.0
1855 38828.0
1856 38828.0
1857 38828.0
1858 38828.0
1859 38828.0
1860 38828.0
1861 38828.0
1862 38828.0
1863 38828.0
1864 38828.0
1865 38828.0
1866 38828.0
1867 38828.0
1868 38828.0
1869 38828.0
1870 38828.0
1871 38828.0
1872 38828.0
1873 38828.0
1874 38828.0
1875 38828.0
1876 38828.0
1877 38828.0
1878 38828.0
1879 38828.0
1880 38828.0
1881 38828.0
1882 38828.0
1883 38828.0
1884 38828.0
1885 38828.0
1886 38828.0
1887 38828.0
1888 38828.0
1889 38828.0
1890 38828.0
1891 38828.0
1892 38828.0
1893 38828.0
1894 38828.0
1895 38828.0
1896 38828.0
1897 38828.0
1898 38828.0
1899 38828.0
1900 38828.0
1901 38828.0
1902 38828.0
1903 38828.0
1904 38828.0
1905 38828.0
1906 38828.0
1907 38828.0
1908 38828.0
1909 38828.0
1910 38581.0
1911 38581.0
1912 38581.0
1913 38581.0
1914 38581.0
1915 38581.0
1916 38581.0
1917 38581.0
1918 38581.0
1919 38581.0
1920 38581.0
1921 38581.0
1922 38581.0
1923 38581.0
1924 38581.0
1925 38581.0
1926 38581.0
1927 38581.0
1928 38581.0
1929 38581.0
1930 38581.0
1931 38581.0
1932 38581.0
1933 38581.0
1934 38576.0
1935 38576.0
1936 38576.0
1937 38576.0
1938 38576.0
1939 38576.0
1940 38576.0
1941 38576.0
1942 38576.0
1943 38576.0
1944 38576.0
1945 38576.0
1946 38576.0
1947 38576.0
1948 38576.0
1949 38576.0
1950 38576.0
1951 38478.0
1952 38478.0
1953 38478.0
1954 38478.0
1955 38478.0
1956 38478.0
1957 38478.0
1958 38478.0
1959 38478.0
1960 38478.0
1961 38478.0
1962 38478.0
1963 38478.0
1964 38478.0
1965 38478.0
1966 38478.0
1967 38478.0
1968 38478.0
1969 38157.0
1970 38157.0
1971 38157.0
1972 38157.0
1973 38157.0
1974 38157.0
1975 38157.0
1976 38157.0
1977 38139.0
1978 38139.0
1979 38139.0
1980 38139.0
1981 38139.0
1982 38139.0
1983 38139.0
1984 38139.0
1985 38139.0
1986 38139.0
1987 38139.0
1988 38139.0
1989 38139.0
1990 38139.0
1991 38139.0
1992 38139.0
1993 38139.0
1994 38139.0
1995 38139.0
1996 38139.0
1997 38139.0
1998 38139.0
1999 38139.0
2000 38139.0
2001 38139.0
2002 38139.0
2003 38139.0
2004 38139.0
2005 38139.0
2006 38139.0
2007 38139.0
2008 38139.0
2009 38139.0
2010 38139.0
2011 38139.0
2012 38139.0
2013 38139.0
2014 38139.0
2015 38135.0
2016 38135.0
2017 38135.0
2018 38135.0
2019 37691.0
2020 37691.0
2021 37691.0
2022 37691.0
2023 37691.0
2024 37691.0
2025 37691.0
2026 37691.0
2027 37691.0
2028 37691.0
2029 37691.0
2030 37691.0
2031 37691.0
2032 37691.0
2033 37691.0
2034 37691.0
2035 37691.0
2036 37580.0
2037 37580.0
2038 36844.0
2039 36844.0
2040 36844.0
2041 36844.0
2042 36844.0
2043 36844.0
2044 36844.0
2045 36844.0
2046 20915.0
2047 20898.0
2048 20898.0
2049 20882.0
2050 20872.0
2051 20808.0
2052 20789.0
2053 20748.0
2054 20748.0
2055 20422.0
2056 20409.0
2057 20386.0
2058 20386.0
2059 20386.0
2060 20339.0
2061 20310.0
2062 20297.0
2063 20292.0
2064 20292.0
2065 20290.0
2066 20288.0
2067 20288.0
2068 20284.0
2069 20284.0
2070 20264.0
2071 20195.0
2072 20195.0
2073 20195.0
2074 20195.0
2075 20159.0
2076 20057.0
2077 20048.0
2078 20015.0
2079 19976.0
2080 19976.0
2081 19971.0
2082 19965.0
2083 19965.0
2084 19965.0
2085 19965.0
2086 19965.0
2087 19965.0
2088 19957.0
2089 19957.0
2090 19935.0
2091 19831.0
2092 19801.0
2093 19736.0
2094 19734.0
2095 19734.0
2096 19734.0
2097 19734.0
2098 19734.0
2099 19734.0
2100 19641.0
2101 19624.0
2102 19624.0
2103 19624.0
2104 19624.0
2105 19624.0
2106 19624.0
2107 19613.0
2108 19613.0
2109 19610.0
2110 19565.0
2111 19565.0
2112 19565.0
2113 19565.0
2114 19541.0
2115 19490.0
2116 19489.0
2117 19428.0
2118 19325.0
2119 19251.0
2120 19243.0
2121 19163.0
2122 19144.0
2123 19054.0
2124 19054.0
2125 18910.0
2126 18910.0
2127 18910.0
2128 18907.0
2129 18907.0
2130 18864.0
2131 18864.0
2132 18864.0
2133 18864.0
2134 18656.0
2135 18654.0
2136 18654.0
2137 18654.0
2138 18654.0
2139 18654.0
2140 18630.0
2141 18630.0
2142 18630.0
2143 18630.0
2144 18623.0
2145 18623.0
2146 18623.0
2147 18578.0
2148 18578.0
2149 18578.0
2150 18578.0
2151 18578.0
2152 18578.0
2153 18578.0
2154 18578.0
2155 18578.0
2156 18578.0
2157 18578.0
2158 18578.0
2159 18578.0
2160 18578.0
2161 18578.0
2162 18576.0
2163 18576.0
2164 18387.0
2165 18260.0
2166 18260.0
2167 18260.0
2168 18231.0
2169 18231.0
2170 18231.0
2171 18231.0
2172 18231.0
2173 18231.0
2174 18231.0
2175 18220.0
2176 18220.0
2177 18168.0
2178 18168.0
2179 18168.0
2180 18168.0
2181 18151.0
2182 17968.0
2183 17961.0
2184 17961.0
2185 17961.0
2186 17961.0
2187 17961.0
2188 17925.0
2189 17925.0
2190 17925.0
2191 17925.0
2192 17925.0
2193 17925.0
2194 17925.0
2195 17850.0
2196 17778.0
2197 17778.0
2198 17778.0
2199 16957.0
2200 16946.0
2201 16868.0
2202 16868.0
2203 16867.0
2204 16867.0
2205 16828.0
2206 16828.0
2207 16828.0
2208 16828.0
2209 16769.0
2210 16769.0
2211 16769.0
2212 16769.0
2213 16769.0
2214 16769.0
2215 16769.0
2216 16769.0
2217 16768.0
2218 16768.0
2219 16768.0
2220 16768.0
2221 16768.0
2222 16768.0
2223 16768.0
2224 16768.0
2225 16768.0
2226 16768.0
2227 16768.0
2228 16768.0
2229 16768.0
2230 16768.0
2231 16768.0
2232 16768.0
2233 16768.0
2234 16768.0
2235 16768.0
2236 16768.0
2237 16768.0
2238 16768.0
2239 16768.0
2240 16768.0
2241 16768.0
2242 16762.0
2243 16762.0
2244 16762.0
2245 16759.0
2246 16755.0
2247 16755.0
2248 16755.0
2249 16755.0
2250 16648.0
2251 16648.0
2252 16630.0
2253 16630.0
2254 16630.0
2255 16574.0
2256 16536.0
2257 15822.0
2258 15822.0
2259 15822.0
2260 15822.0
2261 15822.0
2262 15822.0
2263 15822.0
2264 15776.0
2265 15776.0
2266 15776.0
2267 15776.0
2268 15776.0
2269 15668.0
2270 15627.0
2271 15627.0
2272 15627.0
2273 15627.0
2274 15627.0
2275 15627.0
2276 15627.0
2277 15627.0
2278 15627.0
2279 15595.0
2280 15595.0
2281 15595.0
2282 15595.0
2283 15595.0
2284 15556.0
2285 15556.0
2286 15556.0
2287 15556.0
2288 15556.0
2289 15556.0
2290 15556.0
2291 15556.0
2292 15552.0
2293 15552.0
2294 15552.0
2295 15552.0
2296 15552.0
2297 15549.0
2298 15549.0
2299 15549.0
2300 15549.0
2301 15527.0
2302 15527.0
2303 15527.0
2304 15527.0
2305 15527.0
2306 15417.0
2307 15417.0
2308 15417.0
2309 15417.0
2310 15417.0
2311 15316.0
2312 15316.0
2313 15316.0
2314 15316.0
2315 15316.0
2316 15316.0
2317 15316.0
2318 15316.0
2319 15316.0
2320 15316.0
2321 15316.0
2322 15222.0
2323 15222.0
2324 15222.0
2325 15222.0
2326 15222.0
2327 15191.0
2328 15191.0
2329 15191.0
2330 15191.0
2331 15082.0
2332 15082.0
2333 15082.0
2334 15082.0
2335 15082.0
2336 15053.0
2337 15053.0
2338 15053.0
2339 15053.0
2340 15053.0
2341 15053.0
2342 15053.0
2343 15053.0
2344 15053.0
2345 15053.0
2346 15053.0
2347 15053.0
2348 15053.0
2349 15053.0
2350 15053.0
2351 15053.0
2352 15053.0
2353 15053.0
2354 15053.0
2355 15053.0
2356 15053.0
2357 15053.0
2358 15053.0
2359 15053.0
2360 15053.0
2361 15026.0
2362 15026.0
2363 15026.0
2364 15026.0
2365 15026.0
2366 15026.0
2367 15026.0
2368 15026.0
2369 15026.0
2370 15026.0
2371 15026.0
2372 15026.0
2373 15026.0
2374 15026.0
2375 15009.0
2376 15009.0
2377 15009.0
2378 15009.0
2379 15009.0
2380 15009.0
2381 15009.0
2382 15009.0
2383 15009.0
2384 15009.0
2385 15009.0
2386 15009.0
2387 15009.0
2388 14997.0
2389 14997.0
2390 14997.0
2391 14997.0
2392 14997.0
2393 14997.0
2394 14997.0
2395 14997.0
2396 14997.0
2397 14997.0
2398 14572.0
2399 14572.0
2400 14572.0
2401 14557.0
2402 14510.0
2403 14510.0
2404 14510.0
2405 14504.0
2406 14504.0
2407 14504.0
2408 14504.0
2409 14504.0
2410 14504.0
2411 14504.0
2412 14504.0
2413 14504.0
2414 14504.0
2415 14504.0
2416 14504.0
2417 14504.0
2418 14504.0
2419 14504.0
2420 14504.0
2421 14504.0
2422 14504.0
2423 14504.0
2424 14360.0
2425 14348.0
2426 14348.0
2427 14340.0
2428 14340.0
2429 14306.0
2430 14306.0
2431 14306.0
2432 14306.0
2433 14306.0
2434 14306.0
2435 14306.0
2436 14306.0
2437 14306.0
2438 14126.0
2439 14126.0
2440 14126.0
2441 14126.0
2442 14126.0
2443 14126.0
2444 14126.0
2445 14126.0
2446 14126.0
2447 14126.0
2448 14126.0
2449 14126.0
2450 14126.0
2451 14126.0
2452 14126.0
2453 14126.0
2454 14126.0
2455 14126.0
2456 14126.0
2457 14126.0
2458 14126.0
2459 14126.0
2460 14126.0
2461 14126.0
2462 14126.0
2463 14126.0
2464 14126.0
2465 14126.0
2466 14126.0
2467 14123.0
2468 14123.0
2469 14123.0
2470 14123.0
2471 14123.0
2472 14123.0
2473 14123.0
2474 14123.0
2475 14123.0
2476 14123.0
2477 14123.0
2478 14123.0
2479 14123.0
2480 14123.0
2481 14123.0
2482 14123.0
2483 14123.0
2484 14123.0
2485 14123.0
2486 14123.0
2487 14123.0
2488 14123.0
2489 14123.0
2490 14123.0
2491 14123.0
2492 14123.0
2493 14123.0
2494 14123.0
2495 14123.0
2496 14123.0
2497 14123.0
2498 14123.0
2499 14123.0
2500 14123.0
2501 14123.0
2502 14123.0
2503 14123.0
2504 14119.0
2505 14119.0
2506 14119.0
2507 14119.0
2508 14119.0
2509 14119.0
2510 14119.0
2511 14119.0
2512 14119.0
2513 14119.0
2514 14119.0
2515 14119.0
2516 14119.0
2517 14119.0
2518 14119.0
2519 14119.0
2520 14119.0
2521 14119.0
2522 14119.0
2523 14119.0
2524 14119.0
2525 14119.0
2526 14119.0
2527 14119.0
2528 14119.0
2529 14119.0
2530 14117.0
2531 14117.0
2532 14117.0
2533 14117.0
2534 14117.0
2535 14117.0
2536 14117.0
2537 14117.0
2538 14117.0
2539 14117.0
2540 14117.0
2541 14117.0
2542 14117.0
2543 14117.0
2544 14117.0
2545 14117.0
2546 14117.0
2547 14117.0
2548 14117.0
2549 14117.0
2550 14117.0
2551 14117.0
2552 14117.0
2553 14117.0
2554 14117.0
2555 14117.0
2556 14117.0
2557 14117.0
2558 14117.0
2559 14117.0
2560 14117.0
2561 14117.0
2562 14117.0
2563 14117.0
2564 14117.0
2565 14117.0
2566 14117.0
2567 14117.0
2568 14117.0
2569 14117.0
2570 14117.0
2571 14117.0
2572 14117.0
2573 14117.0
2574 14117.0
2575 14117.0
2576 14117.0
2577 14117.0
2578 14109.0
2579 14109.0
2580 14109.0
2581 14109.0
2582 14109.0
2583 14109.0
2584 14109.0
2585 14109.0
2586 14109.0
2587 14109.0
2588 14109.0
2589 14109.0
2590 14109.0
2591 14109.0
2592 14109.0
2593 14109.0
2594 14109.0
2595 14109.0
2596 14109.0
2597 13725.0
2598 13725.0
2599 13725.0
2600 13725.0
2601 13725.0
2602 13725.0
2603 13725.0
2604 13725.0
2605 13725.0
2606 13725.0
2607 13725.0
2608 13725.0
2609 13725.0
2610 13725.0
2611 13725.0
2612 13725.0
2613 13725.0
2614 13725.0
2615 13725.0
2616 13725.0
2617 13725.0
2618 13725.0
2619 13725.0
2620 13725.0
2621 13725.0
2622 13725.0
2623 13725.0
2624 13725.0
2625 13725.0
2626 13725.0
2627 13725.0
2628 13725.0
2629 13725.0
2630 13725.0
2631 13725.0
2632 13725.0
2633 13725.0
2634 13725.0
2635 13725.0
2636 13725.0
2637 13725.0
2638 13725.0
2639 13725.0
2640 13725.0
2641 13725.0
2642 13725.0
2643 13725.0
2644 13725.0
2645 13725.0
2646 13725.0
2647 13725.0
2648 13725.0
2649 13725.0
2650 13725.0
2651 13725.0
2652 13725.0
2653 13725.0
2654 13725.0
2655 13725.0
2656 13725.0
2657 13725.0
2658 13725.0
2659 13725.0
2660 13547.0
2661 13547.0
2662 13547.0
2663 13542.0
2664 13530.0
2665 13530.0
2666 13530.0
2667 13530.0
2668 13530.0
2669 13530.0
2670 13476.0
2671 13476.0
2672 13462.0
2673 13462.0
2674 13462.0
2675 13462.0
2676 13462.0
2677 13462.0
2678 13462.0
2679 13462.0
2680 13462.0
2681 13462.0
2682 13462.0
2683 13462.0
2684 13462.0
2685 13462.0
2686 13462.0
2687 13462.0
2688 13462.0
2689 13462.0
2690 13462.0
2691 13462.0
2692 13380.0
2693 13380.0
2694 13380.0
2695 13380.0
2696 13380.0
2697 13380.0
2698 13380.0
2699 13380.0
2700 13380.0
2701 13380.0
2702 13380.0
2703 13380.0
2704 13380.0
2705 13380.0
2706 13380.0
2707 13380.0
2708 13380.0
2709 13380.0
2710 13380.0
2711 13204.0
2712 13204.0
2713 13204.0
2714 13204.0
2715 13204.0
2716 13204.0
2717 13204.0
2718 13204.0
2719 13204.0
2720 13204.0
2721 13204.0
2722 13204.0
2723 13204.0
2724 13204.0
2725 13204.0
2726 13204.0
2727 13204.0
2728 13204.0
2729 13204.0
2730 13204.0
2731 13204.0
2732 13204.0
2733 13204.0
2734 13204.0
2735 13204.0
2736 13200.0
2737 13200.0
2738 13200.0
2739 13200.0
2740 13200.0
2741 13200.0
2742 13200.0
2743 13200.0
2744 13200.0
2745 13200.0
2746 13200.0
2747 13200.0
2748 13200.0
2749 13141.0
2750 13141.0
2751 13138.0
2752 13138.0
2753 13138.0
2754 13138.0
2755 13138.0
2756 13138.0
2757 11503.0
2758 11483.0
2759 11482.0
2760 11473.0
2761 11431.0
2762 11431.0
2763 11426.0
2764 11424.0
2765 11423.0
2766 11423.0
2767 11403.0
2768 11095.0
2769 11088.0
2770 11082.0
2771 11082.0
2772 11082.0
2773 11022.0
2774 10935.0
2775 10935.0
2776 10935.0
2777 10923.0
2778 10918.0
2779 10917.0
2780 10917.0
2781 10917.0
2782 10911.0
2783 10911.0
2784 10911.0
2785 10911.0
2786 10844.0
2787 10841.0
2788 10839.0
2789 10808.0
2790 10808.0
2791 10808.0
2792 10808.0
2793 10808.0
2794 10808.0
2795 10808.0
2796 10808.0
2797 10754.0
2798 10724.0
2799 10724.0
2800 10724.0
2801 10724.0
2802 10713.0
2803 10713.0
2804 10663.0
2805 10663.0
2806 10663.0
2807 10663.0
2808 10657.0
2809 10657.0
2810 10638.0
2811 10634.0
2812 10629.0
2813 10629.0
2814 10629.0
2815 10617.0
2816 10617.0
2817 10617.0
2818 10617.0
2819 10616.0
2820 10599.0
2821 10599.0
2822 10599.0
2823 10583.0
2824 10583.0
2825 10583.0
2826 10583.0
2827 10388.0
2828 10388.0
2829 10386.0
2830 10386.0
2831 10386.0
2832 10386.0
2833 10361.0
2834 10361.0
2835 10361.0
2836 10361.0
2837 10360.0
2838 10360.0
2839 10360.0
2840 10360.0
2841 10360.0
2842 10360.0
2843 10147.0
2844 10147.0
2845 10140.0
2846 10140.0
2847 10140.0
2848 10140.0
2849 10140.0
2850 10140.0
2851 10140.0
2852 10140.0
2853 10140.0
2854 10140.0
2855 10140.0
2856 10140.0
2857 10140.0
2858 10140.0
2859 10140.0
2860 10140.0
2861 10140.0
2862 10140.0
2863 10098.0
2864 10098.0
2865 10098.0
2866 10098.0
2867 10098.0
2868 10098.0
2869 10098.0
2870 10098.0
2871 10098.0
2872 10098.0
2873 10098.0
2874 10098.0
2875 10098.0
2876 10098.0
2877 10093.0
2878 10093.0
2879 10093.0
2880 10089.0
2881 10089.0
2882 10089.0
2883 10089.0
2884 10089.0
2885 10089.0
2886 10081.0
2887 10081.0
2888 10072.0
2889 10072.0
2890 10072.0
2891 10072.0
2892 10072.0
2893 10064.0
2894 10064.0
2895 10064.0
2896 10034.0
2897 10034.0
2898 10034.0
2899 10034.0
2900 10034.0
2901 10034.0
2902 10034.0
2903 10034.0
2904 10034.0
2905 10028.0
2906 10028.0
2907 10028.0
2908 10028.0
2909 10028.0
2910 10028.0
2911 10028.0
2912 10008.0
2913 10008.0
2914 10008.0
2915 10008.0
2916 10008.0
2917 10008.0
2918 10008.0
2919 10008.0
2920 10008.0
2921 10008.0
2922 10008.0
2923 10008.0
2924 10008.0
2925 10008.0
2926 10008.0
2927 10008.0
2928 10008.0
2929 10006.0
2930 10006.0
2931 10006.0
2932 10006.0
2933 10006.0
2934 10006.0
2935 10006.0
2936 10006.0
2937 10006.0
2938 9997.0
2939 9975.0
2940 9975.0
2941 9975.0
2942 9975.0
2943 9975.0
2944 9975.0
2945 9975.0
2946 9975.0
2947 9975.0
2948 9975.0
2949 9975.0
2950 9959.0
2951 9959.0
2952 9959.0
2953 9959.0
2954 9959.0
2955 9959.0
2956 9959.0
2957 9959.0
2958 9953.0
2959 9926.0
2960 9926.0
2961 9926.0
2962 9926.0
2963 9926.0
2964 9926.0
2965 9926.0
2966 9926.0
2967 9926.0
2968 9926.0
2969 9918.0
2970 9918.0
2971 9909.0
2972 9909.0
2973 9909.0
2974 9909.0
2975 9909.0
2976 9909.0
2977 9909.0
2978 9909.0
2979 9909.0
2980 9909.0
2981 9909.0
2982 9909.0
2983 9909.0
2984 9909.0
2985 9909.0
2986 9909.0
2987 9909.0
2988 9909.0
2989 9909.0
2990 9909.0
2991 9857.0
2992 9857.0
2993 9857.0
2994 9857.0
2995 9857.0
2996 9844.0
2997 9844.0
2998 9844.0
2999 9844.0
3000 9818.0
3001 9818.0
3002 9818.0
3003 9804.0
3004 9804.0
3005 9742.0
3006 9694.0
3007 9694.0
3008 9694.0
3009 9691.0
3010 9583.0
3011 9583.0
3012 9581.0
3013 9569.0
3014 9559.0
3015 9559.0
3016 9559.0
3017 9532.0
3018 9532.0
3019 9532.0
3020 9532.0
3021 9532.0
3022 9532.0
3023 9532.0
3024 9532.0
3025 9519.0
3026 9519.0
3027 9519.0
3028 9495.0
3029 9495.0
3030 9495.0
3031 9495.0
3032 9495.0
3033 9475.0
3034 9475.0
3035 9475.0
3036 9475.0
3037 9475.0
3038 9475.0
3039 9475.0
3040 9475.0
3041 9475.0
3042 9475.0
3043 9475.0
3044 9475.0
3045 9475.0
3046 9475.0
3047 9475.0
3048 9475.0
3049 9475.0
3050 9475.0
3051 9475.0
3052 9475.0
3053 9475.0
3054 9475.0
3055 9475.0
3056 9475.0
3057 9475.0
3058 9475.0
3059 9475.0
3060 9475.0
3061 9461.0
3062 9461.0
3063 9461.0
3064 9461.0
3065 9461.0
3066 9461.0
3067 9461.0
3068 9461.0
3069 9461.0
3070 9461.0
3071 9461.0
3072 9461.0
3073 9461.0
3074 9461.0
3075 9461.0
3076 9461.0
3077 9461.0
3078 9461.0
3079 9461.0
3080 9461.0
3081 9461.0
3082 9445.0
3083 9445.0
3084 9445.0
3085 9445.0
3086 9445.0
3087 9445.0
3088 9372.0
3089 9372.0
3090 9372.0
3091 9372.0
3092 9372.0
3093 9372.0
3094 9372.0
3095 9372.0
3096 9372.0
3097 9372.0
3098 9372.0
3099 9372.0
3100 9372.0
3101 9372.0
3102 9372.0
3103 9362.0
3104 9362.0
3105 9362.0
3106 9362.0
3107 9362.0
3108 9362.0
3109 9362.0
3110 9362.0
3111 9362.0
3112 9349.0
3113 9349.0
3114 9349.0
3115 9349.0
3116 9349.0
3117 9349.0
3118 9349.0
3119 9316.0
3120 9316.0
3121 9316.0
3122 9316.0
3123 9316.0
3124 9316.0
3125 9316.0
3126 9309.0
3127 9309.0
3128 8287.0
3129 8226.0
3130 8226.0
3131 8212.0
3132 8212.0
3133 8205.0
3134 8196.0
3135 8196.0
3136 8196.0
3137 8196.0
3138 8195.0
3139 8169.0
3140 8164.0
3141 8152.0
3142 8152.0
3143 8151.0
3144 8151.0
3145 8140.0
3146 8140.0
3147 8140.0
3148 8140.0
3149 8136.0
3150 8119.0
3151 8119.0
3152 8099.0
3153 8037.0
3154 8023.0
3155 8023.0
3156 8023.0
3157 8023.0
3158 8023.0
3159 8023.0
3160 8022.0
3161 8001.0
3162 7988.0
3163 7988.0
3164 7988.0
3165 7988.0
3166 7988.0
3167 7976.0
3168 7976.0
3169 7976.0
3170 7976.0
3171 7976.0
3172 7976.0
3173 7976.0
3174 7972.0
3175 7861.0
3176 7861.0
3177 7861.0
3178 7853.0
3179 7853.0
3180 7853.0
3181 7853.0
3182 7853.0
3183 7853.0
3184 7853.0
3185 7849.0
3186 7843.0
3187 7843.0
3188 7843.0
3189 7843.0
3190 7843.0
3191 7843.0
3192 7843.0
3193 7843.0
3194 7843.0
3195 7843.0
3196 7843.0
3197 7841.0
3198 7841.0
3199 7841.0
3200 7841.0
3201 7841.0
3202 7833.0
3203 7833.0
3204 7833.0
3205 7833.0
3206 7833.0
3207 7815.0
3208 7815.0
3209 7815.0
3210 7815.0
3211 7815.0
3212 7815.0
3213 7815.0
3214 7815.0
3215 7815.0
3216 7815.0
3217 7815.0
3218 7815.0
3219 7815.0
3220 7815.0
3221 7815.0
3222 7810.0
3223 7810.0
3224 7810.0
3225 7810.0
3226 7810.0
3227 7810.0
3228 7810.0
3229 7794.0
3230 7794.0
3231 7791.0
3232 7791.0
3233 7791.0
3234 7772.0
3235 7770.0
3236 7770.0
3237 7770.0
3238 7770.0
3239 7770.0
3240 7737.0
3241 7718.0
3242 7718.0
3243 7718.0
3244 7718.0
3245 7718.0
3246 7718.0
3247 7718.0
3248 7718.0
3249 7718.0
3250 7718.0
3251 7718.0
3252 7718.0
3253 7718.0
3254 7718.0
3255 7718.0
3256 7718.0
3257 7718.0
3258 7718.0
3259 7718.0
3260 7718.0
3261 7718.0
3262 7718.0
3263 7718.0
3264 7718.0
3265 7718.0
3266 7718.0
3267 7718.0
3268 7718.0
3269 7718.0
3270 7718.0
3271 7718.0
3272 7688.0
3273 7688.0
3274 7688.0
3275 7688.0
3276 7688.0
3277 7678.0
3278 7678.0
3279 7678.0
3280 7678.0
3281 7678.0
3282 7678.0
3283 7678.0
3284 7678.0
3285 7678.0
3286 7678.0
3287 7678.0
3288 7678.0
3289 7678.0
3290 7678.0
3291 7678.0
3292 7678.0
3293 7678.0
3294 7678.0
3295 7678.0
3296 7678.0
3297 7678.0
3298 7678.0
3299 7678.0
3300 7678.0
3301 7678.0
3302 7678.0
3303 7678.0
3304 7678.0
3305 7678.0
3306 7678.0
3307 7669.0
3308 7669.0
3309 7669.0
3310 7669.0
3311 7669.0
3312 7669.0
3313 7669.0
3314 7628.0
3315 7628.0
3316 7628.0
3317 7628.0
3318 7622.0
3319 7605.0
3320 7605.0
3321 7605.0
3322 7602.0
3323 7602.0
3324 7584.0
3325 7584.0
3326 7584.0
3327 7584.0
3328 7584.0
3329 7584.0
3330 7584.0
3331 7584.0
3332 7584.0
3333 7357.0
3334 7343.0
3335 7335.0
3336 7335.0
3337 7335.0
3338 7308.0
3339 7308.0
3340 7302.0
3341 7302.0
3342 7302.0
3343 7302.0
3344 7302.0
3345 7298.0
3346 7298.0
3347 7298.0
3348 7298.0
3349 7295.0
3350 7295.0
3351 7295.0
3352 7295.0
3353 7295.0
3354 7295.0
3355 7295.0
3356 7295.0
3357 7295.0
3358 7295.0
3359 7295.0
3360 7295.0
3361 7295.0
3362 7295.0
3363 7295.0
3364 7295.0
3365 7295.0
3366 7295.0
3367 7295.0
3368 7295.0
3369 7295.0
3370 7295.0
3371 7295.0
3372 7295.0
3373 7249.0
3374 7249.0
3375 7249.0
3376 7249.0
3377 7249.0
3378 7249.0
3379 7248.0
3380 7248.0
3381 7246.0
3382 7230.0
3383 7230.0
3384 7230.0
3385 7219.0
3386 7219.0
3387 7218.0
3388 7218.0
3389 7218.0
3390 7218.0
3391 7218.0
3392 7218.0
3393 7218.0
3394 7218.0
3395 7218.0
3396 7211.0
3397 7211.0
3398 7209.0
3399 7209.0
3400 7209.0
3401 7209.0
3402 7209.0
3403 7209.0
3404 7209.0
3405 7209.0
3406 7209.0
3407 7209.0
3408 7209.0
3409 7209.0
3410 7209.0
3411 7209.0
3412 7209.0
3413 7209.0
3414 7209.0
3415 7209.0
3416 7209.0
3417 7209.0
3418 7209.0
3419 7209.0
3420 7209.0
3421 7209.0
3422 7209.0
3423 7209.0
3424 7209.0
3425 7209.0
3426 7209.0
3427 7209.0
3428 7209.0
3429 7209.0
3430 7209.0
3431 7209.0
3432 7209.0
3433 7209.0
3434 7209.0
3435 7209.0
3436 7209.0
3437 7209.0
3438 7209.0
3439 7209.0
3440 7209.0
3441 7209.0
3442 7209.0
3443 7203.0
3444 7203.0
3445 7197.0
3446 7197.0
3447 7164.0
3448 7164.0
3449 7164.0
3450 7160.0
3451 7160.0
3452 7160.0
3453 7160.0
3454 7160.0
3455 7160.0
3456 7160.0
3457 7160.0
3458 7160.0
3459 7160.0
3460 7160.0
3461 7160.0
3462 7160.0
3463 7160.0
3464 7160.0
3465 7160.0
3466 7160.0
3467 7160.0
3468 7160.0
3469 7160.0
3470 7160.0
3471 7160.0
3472 7160.0
3473 7160.0
3474 7160.0
3475 7160.0
3476 7160.0
3477 7160.0
3478 7160.0
3479 7160.0
3480 7160.0
3481 7160.0
3482 7160.0
3483 7160.0
3484 7138.0
3485 7138.0
3486 7138.0
3487 7138.0
3488 7138.0
3489 7138.0
3490 7138.0
3491 7138.0
3492 7138.0
3493 7111.0
3494 7111.0
3495 7111.0
3496 7111.0
3497 7111.0
3498 7111.0
3499 7111.0
3500 7094.0
3501 7094.0
3502 7094.0
3503 7094.0
3504 7094.0
3505 7094.0
3506 7094.0
3507 7094.0
3508 7094.0
3509 7094.0
3510 7094.0
3511 7094.0
3512 7094.0
3513 7094.0
3514 7094.0
3515 7094.0
3516 7094.0
3517 7094.0
3518 7092.0
3519 7092.0
3520 7092.0
3521 7092.0
3522 7092.0
3523 7092.0
3524 7092.0
3525 7092.0
3526 7092.0
3527 7092.0
3528 7092.0
3529 7084.0
3530 7084.0
3531 7084.0
3532 7084.0
3533 7084.0
3534 7084.0
3535 7084.0
3536 7084.0
3537 7084.0
3538 7084.0
3539 7084.0
3540 7084.0
3541 7084.0
3542 7084.0
3543 7084.0
3544 7084.0
3545 7084.0
3546 7062.0
3547 7062.0
3548 7062.0
3549 7062.0
3550 7062.0
3551 7062.0
3552 7062.0
3553 7062.0
3554 7062.0
3555 7050.0
3556 7050.0
3557 7050.0
3558 7050.0
3559 7050.0
3560 7050.0
3561 7050.0
3562 7050.0
3563 7050.0
3564 7050.0
3565 7050.0
3566 7050.0
3567 7050.0
3568 7050.0
3569 7050.0
3570 7050.0
3571 7050.0
3572 7049.0
3573 7049.0
3574 7049.0
3575 7049.0
3576 7049.0
3577 7049.0
3578 7049.0
3579 7049.0
3580 7049.0
3581 7049.0
3582 7049.0
3583 7049.0
3584 7049.0
3585 7049.0
3586 7049.0
3587 7049.0
3588 7049.0
3589 7049.0
3590 7049.0
3591 7049.0
3592 7049.0
3593 7049.0
3594 7049.0
3595 7049.0
3596 7049.0
3597 7049.0
3598 7049.0
3599 7049.0
3600 7049.0
3601 7049.0
3602 7049.0
3603 7049.0
3604 7049.0
3605 7049.0
3606 7049.0
3607 7049.0
3608 7049.0
3609 7037.0
3610 7037.0
3611 7037.0
3612 7037.0
3613 7037.0
3614 7037.0
3615 7037.0
3616 7037.0
3617 7037.0
3618 7037.0
3619 7037.0
3620 7037.0
3621 7037.0
3622 7037.0
3623 6929.0
3624 6929.0
3625 6921.0
3626 6914.0
3627 6914.0
3628 6914.0
3629 6914.0
3630 6914.0
3631 6914.0
3632 6914.0
3633 6914.0
3634 6530.0
3635 6526.0
3636 6526.0
3637 6526.0
3638 6526.0
3639 6526.0
3640 6526.0
3641 6526.0
3642 6526.0
3643 6526.0
3644 6526.0
3645 6526.0
3646 6526.0
3647 6526.0
3648 6526.0
3649 6526.0
3650 6526.0
3651 6526.0
3652 6526.0
3653 6526.0
3654 6497.0
3655 6497.0
3656 6497.0
3657 6493.0
3658 6493.0
3659 6493.0
3660 6493.0
3661 6489.0
3662 6489.0
3663 6489.0
3664 6489.0
3665 6489.0
3666 6489.0
3667 6489.0
3668 6474.0
3669 6474.0
3670 6468.0
3671 6468.0
3672 6456.0
3673 6456.0
3674 6456.0
3675 6447.0
3676 6447.0
3677 6447.0
3678 6447.0
3679 6447.0
3680 6447.0
3681 6447.0
3682 6447.0
3683 6447.0
3684 6447.0
3685 6447.0
3686 6447.0
3687 6447.0
3688 6447.0
3689 6447.0
3690 6447.0
3691 6447.0
3692 6447.0
3693 6447.0
3694 6447.0
3695 6447.0
3696 6447.0
3697 6447.0
3698 6447.0
3699 6447.0
3700 6447.0
3701 6447.0
3702 6447.0
3703 6447.0
3704 6447.0
3705 6447.0
3706 6447.0
3707 6447.0
3708 6447.0
3709 6447.0
3710 6447.0
3711 6447.0
3712 6447.0
3713 6447.0
3714 6447.0
3715 6447.0
3716 6447.0
3717 6447.0
3718 6447.0
3719 6442.0
3720 6442.0
3721 6442.0
3722 6442.0
3723 6442.0
3724 6442.0
3725 6442.0
3726 6442.0
3727 6442.0
3728 6442.0
3729 6442.0
3730 6442.0
3731 6442.0
3732 6442.0
3733 6442.0
3734 6442.0
3735 6442.0
3736 6442.0
3737 6442.0
3738 6442.0
3739 6442.0
3740 6442.0
3741 6442.0
3742 6442.0
3743 6442.0
3744 6442.0
3745 6442.0
3746 6442.0
3747 6442.0
3748 6442.0
3749 6442.0
3750 6442.0
3751 6442.0
3752 6442.0
3753 6442.0
3754 6442.0
3755 6442.0
3756 6442.0
3757 6442.0
3758 6442.0
3759 6442.0
3760 6442.0
3761 6442.0
3762 6442.0
3763 6442.0
3764 6442.0
3765 6442.0
3766 6442.0
3767 6442.0
3768 6442.0
3769 6442.0
3770 6442.0
3771 6442.0
3772 6442.0
3773 6442.0
3774 6442.0
3775 6442.0
3776 6442.0
3777 6442.0
3778 6442.0
3779 6442.0
3780 6442.0
3781 6442.0
3782 6442.0
3783 6442.0
3784 6442.0
3785 6442.0
3786 6442.0
3787 6442.0
3788 6442.0
3789 6442.0
3790 6442.0
3791 6442.0
3792 6442.0
3793 6439.0
3794 6439.0
3795 6439.0
3796 6439.0
3797 6439.0
3798 6439.0
3799 6439.0
3800 6439.0
3801 6439.0
3802 6439.0
3803 6439.0
3804 6439.0
3805 6439.0
3806 6439.0
3807 6437.0
3808 6437.0
3809 6437.0
3810 6437.0
3811 6437.0
3812 6437.0
3813 6437.0
3814 6437.0
3815 6437.0
3816 6437.0
3817 6437.0
3818 6437.0
3819 6437.0
3820 6431.0
3821 6431.0
3822 6431.0
3823 6431.0
3824 6427.0
3825 6427.0
3826 6427.0
3827 6427.0
3828 6405.0
3829 6405.0
3830 6405.0
3831 6405.0
3832 6405.0
3833 6405.0
3834 6405.0
3835 6405.0
3836 6405.0
3837 6405.0
3838 6405.0
3839 6400.0
3840 6400.0
3841 6400.0
3842 6400.0
3843 6400.0
3844 6400.0
3845 6400.0
3846 6400.0
3847 6400.0
3848 6400.0
3849 6400.0
3850 6400.0
3851 6400.0
3852 6400.0
3853 6400.0
3854 6400.0
3855 6400.0
3856 6400.0
3857 6400.0
3858 6400.0
3859 6400.0
3860 6400.0
3861 6400.0
3862 6400.0
3863 6400.0
3864 6400.0
3865 6399.0
3866 6399.0
3867 6384.0
3868 6384.0
3869 6384.0
3870 6384.0
3871 6384.0
3872 6384.0
3873 6384.0
3874 6384.0
3875 6384.0
3876 6384.0
3877 6384.0
3878 6384.0
3879 6384.0
3880 6384.0
3881 6384.0
3882 6384.0
3883 6358.0
3884 6358.0
3885 6358.0
3886 6358.0
3887 6358.0
3888 6358.0
3889 6348.0
3890 6348.0
3891 6348.0
3892 6348.0
3893 6348.0
3894 6348.0
3895 6348.0
3896 6348.0
3897 6348.0
3898 6348.0
3899 6339.0
3900 6339.0
3901 6339.0
3902 6333.0
3903 6333.0
3904 6333.0
3905 6333.0
3906 6324.0
3907 6324.0
3908 6324.0
3909 6324.0
3910 6324.0
3911 6324.0
3912 6324.0
3913 6324.0
3914 6324.0
3915 6323.0
3916 6323.0
3917 6311.0
3918 6311.0
3919 6311.0
3920 6310.0
3921 6309.0
3922 6309.0
3923 6309.0
3924 6309.0
3925 6307.0
3926 6307.0
3927 6307.0
3928 6307.0
3929 6307.0
3930 6307.0
3931 6307.0
3932 6307.0
3933 6307.0
3934 6307.0
3935 6307.0
3936 6307.0
3937 6307.0
3938 6307.0
3939 6307.0
3940 6307.0
3941 6307.0
3942 6307.0
3943 6307.0
3944 6307.0
3945 6307.0
3946 6307.0
3947 6307.0
3948 6307.0
3949 6307.0
3950 6307.0
3951 6307.0
3952 6307.0
3953 6307.0
3954 6307.0
3955 6307.0
3956 6307.0
3957 6307.0
3958 6307.0
3959 6307.0
3960 6307.0
3961 6307.0
3962 6307.0
3963 6307.0
3964 6307.0
3965 6307.0
3966 6307.0
3967 6307.0
3968 6307.0
3969 6307.0
3970 6307.0
3971 6307.0
3972 6307.0
3973 6307.0
3974 6307.0
3975 6307.0
3976 6307.0
3977 6307.0
3978 6307.0
3979 6307.0
3980 6272.0
3981 6272.0
3982 6272.0
3983 6272.0
3984 6272.0
3985 6272.0
3986 6272.0
3987 6097.0
3988 6097.0
3989 6084.0
3990 6081.0
3991 6081.0
3992 6081.0
3993 6081.0
3994 6081.0
3995 6061.0
3996 6061.0
3997 6061.0
3998 6061.0
3999 6061.0
4000 6061.0
4001 6061.0
4002 6061.0
4003 6061.0
4004 6061.0
4005 6061.0
4006 6061.0
4007 6061.0
4008 6061.0
4009 6061.0
4010 6051.0
4011 6051.0
4012 6051.0
4013 6051.0
4014 6051.0
4015 6051.0
4016 6051.0
4017 6051.0
4018 6051.0
4019 6051.0
4020 6051.0
4021 6051.0
4022 6051.0
4023 6051.0
4024 6051.0
4025 6051.0
4026 6051.0
4027 6051.0
4028 6051.0
4029 6051.0
4030 6051.0
4031 6051.0
4032 6051.0
4033 6034.0
4034 6034.0
4035 6034.0
4036 6034.0
4037 6034.0
4038 6034.0
4039 6034.0
4040 6034.0
4041 6034.0
4042 6034.0
4043 6034.0
4044 6034.0
4045 6034.0
4046 6034.0
4047 6034.0
4048 6034.0
4049 6034.0
4050 6034.0
4051 6034.0
4052 6034.0
4053 6034.0
4054 6034.0
4055 6034.0
4056 6034.0
4057 6034.0
4058 6034.0
4059 6034.0
4060 6034.0
4061 6034.0
4062 6034.0
4063 6034.0
4064 6034.0
4065 6034.0
4066 6034.0
4067 6034.0
4068 6034.0
4069 6034.0
4070 6034.0
4071 6034.0
4072 6034.0
4073 6034.0
4074 6034.0
4075 6034.0
4076 6034.0
4077 6034.0
4078 6034.0
4079 6034.0
4080 6034.0
4081 6034.0
4082 6034.0
4083 6034.0
4084 6034.0
4085 6034.0
4086 6034.0
4087 6034.0
4088 6034.0
4089 6034.0
4090 6034.0
4091 6034.0
4092 6034.0
4093 6034.0
4094 6034.0
4095 6034.0
4096 6034.0
4097 6034.0
4098 6034.0
4099 6034.0
4100 6034.0
4101 6034.0
4102 6013.0
4103 6013.0
4104 6013.0
4105 6013.0
4106 6013.0
4107 6013.0
4108 6013.0
4109 6013.0
4110 6013.0
4111 6013.0
4112 6013.0
4113 6013.0
4114 6013.0
4115 6013.0
4116 6013.0
4117 6013.0
4118 6013.0
4119 6013.0
4120 6013.0
4121 6013.0
4122 6013.0
4123 6013.0
4124 6013.0
4125 5996.0
4126 5996.0
4127 5996.0
4128 5996.0
4129 5996.0
4130 5996.0
4131 5996.0
4132 5996.0
4133 5996.0
4134 5996.0
4135 5996.0
4136 5996.0
4137 5996.0
4138 5996.0
4139 5996.0
4140 5996.0
4141 5996.0
4142 5989.0
4143 5989.0
4144 5989.0
4145 5989.0
4146 5989.0
4147 5989.0
4148 5989.0
4149 5989.0
4150 5989.0
4151 5989.0
4152 5989.0
4153 5989.0
4154 5989.0
4155 5989.0
4156 5989.0
4157 5989.0
4158 5989.0
4159 5989.0
4160 5989.0
4161 5989.0
4162 5989.0
4163 5989.0
4164 5989.0
4165 5989.0
4166 5989.0
4167 5989.0
4168 5989.0
4169 5989.0
4170 5989.0
4171 5989.0
4172 5989.0
4173 5989.0
4174 5989.0
4175 5989.0
4176 5989.0
4177 5989.0
4178 5989.0
4179 5989.0
4180 5989.0
4181 5989.0
4182 5989.0
4183 5989.0
4184 5989.0
4185 5989.0
4186 5989.0
4187 5989.0
4188 5989.0
4189 5989.0
4190 5989.0
4191 5989.0
4192 5989.0
4193 5989.0
4194 5989.0
4195 5989.0
4196 5964.0
4197 5964.0
4198 5964.0
4199 5964.0
4200 5964.0
4201 5964.0
4202 5964.0
4203 5964.0
4204 5964.0
4205 5964.0
4206 5964.0
4207 5964.0
4208 5964.0
4209 5964.0
4210 5964.0
4211 5964.0
4212 5964.0
4213 5964.0
4214 5964.0
4215 5964.0
4216 5964.0
4217 5964.0
4218 5964.0
4219 5964.0
4220 5964.0
4221 5964.0
4222 5964.0
4223 5964.0
4224 5964.0
4225 5964.0
4226 5964.0
4227 5964.0
4228 5964.0
4229 5964.0
4230 5964.0
4231 5964.0
4232 5964.0
4233 5964.0
4234 5964.0
4235 5964.0
4236 5964.0
4237 5964.0
4238 5964.0
4239 5964.0
4240 5964.0
4241 5964.0
4242 5964.0
4243 5964.0
4244 5964.0
4245 5964.0
4246 5964.0
4247 5964.0
4248 5964.0
4249 5964.0
4250 5964.0
4251 5964.0
4252 5964.0
4253 5964.0
4254 5964.0
4255 5964.0
4256 5964.0
4257 5964.0
4258 5964.0
4259 5964.0
4260 5964.0
4261 5964.0
4262 5964.0
4263 5964.0
4264 5964.0
4265 5964.0
4266 5964.0
4267 5964.0
4268 5964.0
4269 5964.0
4270 5964.0
4271 5964.0
4272 5964.0
4273 5964.0
4274 5964.0
4275 5964.0
4276 5964.0
4277 5964.0
4278 5964.0
4279 5964.0
4280 5964.0
4281 5964.0
4282 5964.0
4283 5964.0
4284 5964.0
4285 5964.0
4286 5934.0
4287 5934.0
4288 5934.0
4289 5934.0
4290 5934.0
4291 5934.0
4292 5934.0
4293 5934.0
4294 5934.0
4295 5934.0
4296 5934.0
4297 5934.0
4298 5890.0
4299 5890.0
4300 5890.0
4301 5883.0
4302 5883.0
4303 5883.0
4304 5883.0
4305 5883.0
4306 5883.0
4307 5883.0
4308 5878.0
4309 5878.0
4310 5878.0
4311 5878.0
4312 5878.0
4313 5878.0
4314 5878.0
4315 5878.0
4316 5876.0
4317 5876.0
4318 5876.0
4319 5876.0
4320 5876.0
4321 5876.0
4322 5876.0
4323 5876.0
4324 5876.0
4325 5876.0
4326 5876.0
4327 5876.0
4328 5876.0
4329 5876.0
4330 5876.0
4331 5876.0
4332 5876.0
4333 5876.0
4334 5876.0
4335 5876.0
4336 5876.0
4337 5857.0
4338 5857.0
4339 5857.0
4340 5857.0
4341 5857.0
4342 5857.0
4343 5857.0
4344 5857.0
4345 5857.0
4346 5857.0
4347 5857.0
4348 5857.0
4349 5857.0
4350 5857.0
4351 5857.0
4352 5857.0
4353 5857.0
4354 5857.0
4355 5857.0
4356 5857.0
4357 5857.0
4358 5857.0
4359 5857.0
4360 5857.0
4361 5857.0
4362 5857.0
4363 5857.0
4364 5857.0
4365 5857.0
4366 5857.0
4367 5857.0
4368 5857.0
4369 5857.0
4370 5857.0
4371 5857.0
4372 5857.0
4373 5857.0
4374 5857.0
4375 5857.0
4376 5857.0
4377 5857.0
4378 5857.0
4379 5857.0
4380 5857.0
4381 5857.0
4382 5857.0
4383 5857.0
4384 5857.0
4385 5857.0
4386 5857.0
4387 5857.0
4388 5857.0
4389 5857.0
4390 5857.0
4391 5857.0
4392 5857.0
4393 5857.0
4394 5857.0
4395 5857.0
4396 5857.0
4397 5857.0
4398 5857.0
4399 5857.0
4400 5857.0
4401 5857.0
4402 5857.0
4403 5857.0
4404 5857.0
4405 5857.0
4406 5857.0
4407 5857.0
4408 5857.0
4409 5857.0
4410 5857.0
4411 5857.0
4412 5857.0
4413 5857.0
4414 5857.0
4415 5857.0
4416 5857.0
4417 5857.0
4418 5857.0
4419 5857.0
4420 5857.0
4421 5857.0
4422 5857.0
4423 5857.0
4424 5857.0
4425 5857.0
4426 5857.0
4427 5857.0
4428 5857.0
4429 5857.0
4430 5842.0
4431 5842.0
4432 5842.0
4433 5842.0
4434 5842.0
4435 5842.0
4436 5842.0
4437 5842.0
4438 5842.0
4439 5842.0
4440 5842.0
4441 5842.0
4442 5842.0
4443 5842.0
4444 5842.0
4445 5842.0
4446 5749.0
4447 5747.0
4448 5699.0
4449 5699.0
4450 5654.0
4451 5654.0
4452 5654.0
4453 5654.0
4454 5654.0
4455 5654.0
4456 5654.0
4457 5652.0
4458 5652.0
4459 5652.0
4460 5652.0
4461 5652.0
4462 5652.0
4463 5646.0
4464 5646.0
4465 5646.0
4466 5646.0
4467 5625.0
4468 5625.0
4469 5625.0
4470 5625.0
4471 5625.0
4472 5625.0
4473 5625.0
4474 5625.0
4475 5625.0
4476 5625.0
4477 5625.0
4478 5625.0
4479 5625.0
4480 5625.0
4481 5610.0
4482 5601.0
4483 5601.0
4484 5601.0
4485 5601.0
4486 5585.0
4487 5585.0
4488 5585.0
4489 5585.0
4490 5585.0
4491 5585.0
4492 5585.0
4493 5585.0
4494 5585.0
4495 5585.0
4496 5429.0
4497 5429.0
4498 5423.0
4499 5423.0
4500 5423.0
4501 5423.0
4502 5423.0
4503 5423.0
4504 5423.0
4505 5423.0
4506 5423.0
4507 5423.0
4508 5423.0
4509 5423.0
4510 5420.0
4511 5420.0
4512 5420.0
4513 5420.0
4514 5420.0
4515 5417.0
4516 5417.0
4517 5417.0
4518 5404.0
4519 5404.0
4520 5404.0
4521 5404.0
4522 5404.0
4523 5404.0
4524 5404.0
4525 5404.0
4526 5404.0
4527 5404.0
4528 5404.0
4529 5404.0
4530 5404.0
4531 5404.0
4532 5404.0
4533 5404.0
4534 5393.0
4535 5393.0
4536 5393.0
4537 5393.0
4538 5393.0
4539 5393.0
4540 5393.0
4541 5393.0
4542 5393.0
4543 5393.0
4544 5393.0
4545 5393.0
4546 5393.0
4547 5393.0
4548 5393.0
4549 5393.0
4550 5393.0
4551 5393.0
4552 5393.0
4553 5393.0
4554 5393.0
4555 5393.0
4556 5393.0
4557 5393.0
4558 5393.0
4559 5393.0
4560 5393.0
4561 5393.0
4562 5393.0
4563 5393.0
4564 5393.0
4565 5384.0
4566 5384.0
4567 5384.0
4568 5384.0
4569 5384.0
4570 5384.0
4571 5384.0
4572 5384.0
4573 5384.0
4574 5384.0
4575 5384.0
4576 5384.0
4577 5384.0
4578 5384.0
4579 5384.0
4580 5384.0
4581 5384.0
4582 5384.0
4583 5384.0
4584 5384.0
4585 5384.0
4586 5384.0
4587 5384.0
4588 5384.0
4589 5384.0
4590 5384.0
4591 5384.0
4592 5384.0
4593 5384.0
4594 5384.0
4595 5384.0
4596 5384.0
4597 5384.0
4598 5384.0
4599 5384.0
4600 5384.0
4601 5384.0
4602 5384.0
4603 5384.0
4604 5384.0
4605 5384.0
4606 5384.0
4607 5384.0
4608 5384.0
4609 5384.0
4610 5384.0
4611 5384.0
4612 5384.0
4613 5384.0
4614 5384.0
4615 5384.0
4616 5384.0
4617 5384.0
4618 5384.0
4619 5384.0
4620 5384.0
4621 5384.0
4622 5384.0
4623 5384.0
4624 5384.0
4625 5384.0
4626 5384.0
4627 5384.0
4628 5384.0
4629 5384.0
4630 5384.0
4631 5384.0
4632 5384.0
4633 5384.0
4634 5384.0
4635 5384.0
4636 5384.0
4637 5384.0
4638 5384.0
4639 5384.0
4640 5384.0
4641 5384.0
4642 5384.0
4643 5384.0
4644 5384.0
4645 5384.0
4646 5384.0
4647 5384.0
4648 5384.0
4649 5384.0
4650 5384.0
4651 5384.0
4652 5384.0
4653 5384.0
4654 5384.0
4655 5384.0
4656 5384.0
4657 5384.0
4658 5384.0
4659 5384.0
4660 5384.0
4661 5384.0
4662 5384.0
4663 5384.0
4664 5384.0
4665 5384.0
4666 5384.0
4667 5384.0
4668 5384.0
4669 5384.0
4670 5384.0
4671 5384.0
4672 5384.0
4673 5384.0
4674 5384.0
4675 5384.0
4676 5384.0
4677 5384.0
4678 5384.0
4679 5384.0
4680 5384.0
4681 5384.0
4682 5384.0
4683 5384.0
4684 5384.0
4685 5384.0
4686 5384.0
4687 5384.0
4688 5384.0
4689 5384.0
4690 5384.0
4691 5384.0
4692 5384.0
4693 5384.0
4694 5384.0
4695 5384.0
4696 5384.0
4697 5384.0
4698 5384.0
4699 5384.0
4700 5384.0
4701 5384.0
4702 5384.0
4703 5279.0
4704 5216.0
4705 5213.0
4706 5213.0
4707 5213.0
4708 5213.0
4709 5213.0
4710 5213.0
4711 5213.0
4712 5199.0
4713 5199.0
4714 5199.0
4715 5199.0
4716 5199.0
4717 5199.0
4718 5199.0
4719 5199.0
4720 5199.0
4721 5199.0
4722 5199.0
4723 5199.0
4724 5199.0
4725 5186.0
4726 5186.0
4727 5186.0
4728 5184.0
4729 5184.0
4730 5184.0
4731 5184.0
4732 5184.0
4733 5173.0
4734 5173.0
4735 5173.0
4736 5173.0
4737 5173.0
4738 5173.0
4739 5173.0
4740 5173.0
4741 5173.0
4742 5136.0
4743 5136.0
4744 5136.0
4745 5136.0
4746 5136.0
4747 5136.0
4748 5136.0
4749 5127.0
4750 5127.0
4751 5127.0
4752 5127.0
4753 5117.0
4754 5114.0
4755 5114.0
4756 5114.0
4757 5114.0
4758 5114.0
4759 5114.0
4760 5114.0
4761 5114.0
4762 5114.0
4763 5114.0
4764 5114.0
4765 5114.0
4766 5114.0
4767 5114.0
4768 5114.0
4769 5114.0
4770 5114.0
4771 5114.0
4772 5114.0
4773 5114.0
4774 5114.0
4775 5114.0
4776 5114.0
4777 5114.0
4778 5114.0
4779 5114.0
4780 5114.0
4781 5114.0
4782 5114.0
4783 5114.0
4784 5114.0
4785 5114.0
4786 5114.0
4787 5114.0
4788 5114.0
4789 5114.0
4790 5114.0
4791 5114.0
4792 5114.0
4793 5114.0
4794 5114.0
4795 5107.0
4796 5107.0
4797 5107.0
4798 5107.0
4799 5107.0
4800 5107.0
4801 5107.0
4802 5107.0
4803 5107.0
4804 5107.0
4805 5107.0
4806 5107.0
4807 5107.0
4808 5107.0
4809 5107.0
4810 5107.0
4811 5107.0
4812 5107.0
4813 5107.0
4814 5107.0
4815 5094.0
4816 5094.0
4817 5094.0
4818 5094.0
4819 5094.0
4820 5094.0
4821 5094.0
4822 5094.0
4823 5094.0
4824 5094.0
4825 5094.0
4826 5094.0
4827 5094.0
4828 5094.0
4829 5094.0
4830 5094.0
4831 5094.0
4832 5094.0
4833 5094.0
4834 5094.0
4835 5094.0
4836 5094.0
4837 5094.0
4838 5094.0
4839 5094.0
4840 5094.0
4841 5094.0
4842 5094.0
4843 5094.0
4844 5094.0
4845 5094.0
4846 5094.0
4847 5094.0
4848 5094.0
4849 5094.0
4850 5094.0
4851 5094.0
4852 5094.0
4853 5094.0
4854 5094.0
4855 5094.0
4856 5094.0
4857 5094.0
4858 5094.0
4859 5094.0
4860 5094.0
4861 5094.0
4862 5094.0
4863 5094.0
4864 5094.0
4865 5094.0
4866 5094.0
4867 5094.0
4868 5094.0
4869 5094.0
4870 5094.0
4871 5094.0
4872 5052.0
4873 5052.0
4874 5040.0
4875 5040.0
4876 5040.0
4877 5040.0
4878 5040.0
4879 5040.0
4880 5040.0
4881 5032.0
4882 5032.0
4883 5032.0
4884 5032.0
4885 5014.0
4886 5014.0
4887 5014.0
4888 5014.0
4889 5008.0
4890 5008.0
4891 5008.0
4892 5008.0
4893 5008.0
4894 5008.0
4895 5008.0
4896 5008.0
4897 5008.0
4898 5008.0
4899 5008.0
4900 5008.0
4901 5008.0
4902 5008.0
4903 5008.0
4904 4987.0
4905 4987.0
4906 4987.0
4907 4983.0
4908 4983.0
4909 4983.0
4910 4983.0
4911 4983.0
4912 4983.0
4913 4983.0
4914 4983.0
4915 4983.0
4916 4983.0
4917 4983.0
4918 4983.0
4919 4983.0
4920 4983.0
4921 4983.0
4922 4983.0
4923 4983.0
4924 4983.0
4925 4983.0
4926 4983.0
4927 4983.0
4928 4983.0
4929 4983.0
4930 4983.0
4931 4983.0
4932 4983.0
4933 4983.0
4934 4983.0
4935 4983.0
4936 4983.0
4937 4983.0
4938 4983.0
4939 4983.0
4940 4983.0
4941 4983.0
4942 4983.0
4943 4968.0
4944 4968.0
4945 4968.0
4946 4968.0
4947 4968.0
4948 4968.0
4949 4968.0
4950 4968.0
4951 4968.0
4952 4968.0
4953 4968.0
4954 4968.0
4955 4968.0
4956 4968.0
4957 4968.0
4958 4968.0
4959 4968.0
4960 4968.0
4961 4968.0
4962 4968.0
4963 4968.0
4964 4968.0
4965 4968.0
4966 4968.0
4967 4968.0
4968 4968.0
4969 4968.0
4970 4968.0
4971 4968.0
4972 4968.0
4973 4968.0
4974 4968.0
4975 4968.0
4976 4968.0
4977 4968.0
4978 4968.0
4979 4968.0
4980 4968.0
4981 4968.0
4982 4968.0
4983 4968.0
4984 4968.0
4985 4968.0
4986 4968.0
4987 4959.0
4988 4959.0
4989 4959.0
4990 4959.0
4991 4959.0
4992 4959.0
4993 4959.0
4994 4959.0
4995 4959.0
4996 4959.0
4997 4959.0
4998 4959.0
4999 4936.0
