0 60397.0
1 60050.0
2 59705.0
3 58676.0
4 58339.0
5 58339.0
6 58339.0
7 58339.0
8 58339.0
9 58339.0
10 58339.0
11 58339.0
12 58339.0
13 58339.0
14 58339.0
25 56984.0
26 56984.0
27 56984.0
28 56647.0
29 56315.0
30 56315.0
31 56315.0
32 55980.0
33 55314.0
34 55314.0
35 55307.0
36 54982.0
37 54982.0
38 54651.0
39 54651.0
40 54651.0
41 54651.0
42 54651.0
43 54651.0
44 53993.0
45 53993.0
46 53993.0
47 53993.0
48 53665.0
49 53665.0
50 53665.0
51 53338.0
52 53012.0
53 53012.0
54 53012.0
55 53012.0
56 53012.0
57 53012.0
58 53012.0
59 53012.0
60 53012.0
61 53012.0
62 53012.0
73 52046.0
74 52046.0
75 52046.0
76 52046.0
77 52046.0
78 52046.0
79 52046.0
80 52046.0
81 51724.0
82 51724.0
83 51724.0
84 51724.0
85 51724.0
86 51724.0
87 51724.0
88 51724.0
89 51724.0
90 51724.0
91 51724.0
102 51723.0
103 51723.0
104 51723.0
105 51723.0
106 51723.0
107 51723.0
108 51723.0
109 51082.0
110 51082.0
111 50763.0
112 50763.0
113 50445.0
114 50445.0
115 50128.0
116 50128.0
117 50128.0
118 49812.0
119 47952.0
120 47952.0
121 47649.0
122 47649.0
123 47649.0
124 47342.0
125 47342.0
126 47342.0
127 47342.0
128 47342.0
129 47035.0
130 47035.0
131 47035.0
132 47035.0
133 47035.0
134 47035.0
135 46425.0
136 46425.0
137 46425.0
138 46425.0
139 45519.0
140 45218.0
141 45218.0
142 45218.0
143 45218.0
144 45218.0
145 44918.0
146 42867.0
147 42867.0
148 42867.0
149 42577.0
150 41732.0
151 41732.0
152 41732.0
153 40872.0
154 39744.0
155 39468.0
156 39211.0
157 39211.0
158 39211.0
159 39211.0
160 39211.0
161 38654.0
162 38377.0
163 38377.0
164 38223.0
165 38223.0
166 38223.0
167 38223.0
168 38223.0
169 37948.0
170 37948.0
171 37948.0
172 37948.0
173 37948.0
174 37948.0
175 37948.0
176 37674.0
177 37401.0
178 37401.0
179 37401.0
180 37401.0
181 37130.0
182 37130.0
183 37130.0
184 37130.0
185 37130.0
186 37130.0
187 37130.0
188 37130.0
189 37130.0
190 37130.0
191 37130.0
202 37130.0
203 37130.0
204 36859.0
205 36590.0
206 36321.0
207 36321.0
208 36321.0
209 36321.0
210 36321.0
211 36321.0
212 36321.0
213 36321.0
214 36321.0
215 36321.0
216 36321.0
227 36321.0
228 36321.0
229 36321.0
230 36321.0
231 36321.0
232 36321.0
233 36321.0
234 36053.0
235 36053.0
236 36053.0
237 36053.0
238 36053.0
239 36053.0
240 36053.0
241 35786.0
242 35786.0
243 35786.0
244 35786.0
245 35786.0
246 35520.0
247 35274.0
248 35274.0
249 35274.0
250 35010.0
251 33970.0
252 33970.0
253 33970.0
254 33970.0
255 33970.0
256 33970.0
257 33718.0
258 33460.0
259 33460.0
260 33203.0
261 33203.0
262 33203.0
263 33203.0
264 33203.0
265 33203.0
266 33203.0
267 33203.0
268 33203.0
269 33203.0
270 33203.0
281 34747.0
282 34747.0
283 34747.0
284 34747.0
285 34747.0
286 34747.0
287 34747.0
288 33964.0
289 33448.0
290 33448.0
291 33193.0
292 33193.0
293 33193.0
294 32682.0
295 32682.0
296 32431.0
297 32431.0
298 32431.0
299 32431.0
300 32431.0
301 32178.0
302 32178.0
303 32178.0
304 32178.0
305 32178.0
306 32178.0
307 32178.0
308 32178.0
309 32178.0
310 31676.0
311 31676.0
312 31676.0
313 31676.0
314 31676.0
315 31676.0
316 31676.0
317 31676.0
318 31426.0
319 31426.0
320 31426.0
321 31426.0
322 31426.0
323 31426.0
324 31426.0
325 31426.0
326 31180.0
327 30937.0
328 30704.0
329 30499.0
330 30499.0
331 30254.0
332 30010.0
333 29835.0
334 29835.0
335 29116.0
336 29116.0
337 29116.0
338 29116.0
339 29116.0
340 29116.0
341 29116.0
342 29116.0
343 29116.0
344 29116.0
345 29116.0
356 28640.0
357 28640.0
358 28640.0
359 28403.0
360 28394.0
361 28182.0
362 27854.0
363 27854.0
364 27854.0
365 27854.0
366 27854.0
367 27854.0
368 27854.0
369 27621.0
370 27621.0
371 27621.0
372 27621.0
373 27621.0
374 27621.0
375 27621.0
376 27621.0
377 27621.0
378 27621.0
379 27621.0
390 27698.0
391 27698.0
392 27698.0
393 27698.0
394 27698.0
395 27698.0
396 27466.0
397 27466.0
398 27466.0
399 27466.0
400 27466.0
401 27466.0
402 27466.0
403 27466.0
404 27466.0
405 27466.0
406 27466.0
417 26102.0
418 26102.0
419 26102.0
420 26102.0
421 26102.0
422 26102.0
423 26102.0
424 26102.0
425 26102.0
426 26102.0
437 26328.0
438 26328.0
439 25878.0
440 25878.0
441 25878.0
442 25655.0
443 25655.0
444 25655.0
445 25655.0
446 25655.0
447 25655.0
448 25655.0
449 25655.0
450 25213.0
451 25213.0
452 25213.0
453 25213.0
454 25213.0
455 23696.0
456 23696.0
457 23503.0
458 23503.0
459 23503.0
460 23503.0
461 23503.0
462 23503.0
463 23337.0
464 22915.0
465 22537.0
466 22150.0
467 22150.0
468 22150.0
469 21944.0
470 21944.0
471 21758.0
472 21758.0
473 21758.0
474 21554.0
475 21554.0
476 21554.0
477 21554.0
478 21554.0
479 21554.0
480 21554.0
481 21351.0
482 21351.0
483 21351.0
484 21193.0
485 21193.0
486 21193.0
487 21193.0
488 21193.0
489 21193.0
490 21193.0
491 21193.0
492 21193.0
493 21193.0
494 21193.0
505 21395.0
506 21395.0
507 21395.0
508 21395.0
509 21395.0
510 21395.0
511 21395.0
512 21395.0
513 21395.0
514 21395.0
525 21616.0
526 21616.0
527 21616.0
528 21616.0
529 21616.0
530 21616.0
531 21616.0
532 21616.0
533 21616.0
534 21616.0
535 21616.0
546 21887.0
547 21887.0
548 21887.0
549 21887.0
550 21887.0
551 21887.0
552 21887.0
553 21887.0
554 21887.0
555 21887.0
566 24131.0
567 24131.0
568 24131.0
569 24131.0
570 24131.0
571 24131.0
572 24131.0
573 23916.0
574 23710.0
575 23710.0
576 23710.0
577 23710.0
578 23690.0
579 23690.0
580 23690.0
581 23690.0
582 23078.0
583 23078.0
584 23078.0
585 23078.0
586 23078.0
587 23024.0
588 23024.0
589 23024.0
590 23024.0
591 23024.0
592 23024.0
593 23024.0
594 23024.0
595 23024.0
596 23024.0
597 22819.0
598 22819.0
599 22819.0
600 22819.0
601 22819.0
602 22819.0
603 22819.0
604 22819.0
605 22819.0
606 22819.0
607 22609.0
608 22609.0
609 22609.0
610 22609.0
611 22609.0
612 22609.0
613 22609.0
614 22193.0
615 22193.0
616 21781.0
617 21781.0
618 21781.0
619 21275.0
620 21269.0
621 21078.0
622 21078.0
623 21078.0
624 21078.0
625 21078.0
626 21078.0
627 21078.0
628 21078.0
629 21078.0
630 21078.0
631 21078.0
642 27429.0
643 27429.0
644 27429.0
645 27429.0
646 27429.0
647 27429.0
648 27429.0
649 27429.0
650 27429.0
651 27429.0
662 27198.0
663 27198.0
664 26512.0
665 26290.0
666 26290.0
667 26290.0
668 26290.0
669 26290.0
670 26290.0
671 26290.0
672 26064.0
673 26064.0
674 26064.0
675 26064.0
676 26064.0
677 26064.0
678 26064.0
679 26064.0
680 26064.0
681 25393.0
682 25176.0
683 25110.0
684 25110.0
685 24969.0
686 24969.0
687 24969.0
688 24749.0
689 24542.0
690 24542.0
691 24324.0
692 24324.0
693 24324.0
694 24324.0
695 24324.0
696 24324.0
697 24324.0
698 24324.0
699 24324.0
700 23892.0
701 23696.0
702 22642.0
703 22591.0
704 22591.0
705 22437.0
706 22437.0
707 22437.0
708 22437.0
709 22437.0
710 22437.0
711 22437.0
712 22437.0
713 22437.0
714 22437.0
715 22023.0
716 22023.0
717 22023.0
718 22023.0
719 22023.0
720 21411.0
721 21411.0
722 21411.0
723 21411.0
724 21411.0
725 21411.0
726 21411.0
727 21411.0
728 21411.0
729 21411.0
730 21247.0
731 21247.0
732 20648.0
733 20648.0
734 20648.0
735 20584.0
736 20584.0
737 20584.0
738 20584.0
739 20584.0
740 20584.0
741 20584.0
742 20584.0
743 20584.0
744 20584.0
745 20584.0
756 23800.0
757 23800.0
758 23800.0
759 23584.0
760 23584.0
761 21161.0
762 21161.0
763 21161.0
764 21161.0
765 21161.0
766 21161.0
767 21161.0
768 21161.0
769 21161.0
770 21161.0
771 21161.0
782 22759.0
783 22588.0
784 22588.0
785 22588.0
786 22588.0
787 22588.0
788 22588.0
789 22588.0
790 22588.0
791 22588.0
792 22588.0
793 22172.0
794 22172.0
795 22172.0
796 22172.0
797 21967.0
798 21796.0
799 21793.0
800 20592.0
801 20592.0
802 20592.0
803 20411.0
804 20238.0
805 20238.0
806 20238.0
807 20238.0
808 20238.0
809 20238.0
810 20238.0
811 20238.0
812 20238.0
813 20238.0
814 20238.0
825 20041.0
826 20041.0
827 20041.0
828 20041.0
829 19845.0
830 19845.0
831 19845.0
832 19845.0
833 19845.0
834 19845.0
835 19457.0
836 19457.0
837 18882.0
838 18882.0
839 18882.0
840 18882.0
841 18882.0
842 18882.0
843 18882.0
844 18882.0
845 18882.0
846 18882.0
847 18882.0
858 18693.0
859 18693.0
860 18693.0
861 18693.0
862 18693.0
863 18693.0
864 18693.0
865 18693.0
866 18693.0
867 18693.0
878 18177.0
879 18177.0
880 18177.0
881 18177.0
882 18177.0
883 18177.0
884 18177.0
885 18177.0
886 18177.0
887 18177.0
898 21228.0
899 21228.0
900 21228.0
901 21228.0
902 20903.0
903 20903.0
904 20903.0
905 20903.0
906 20903.0
907 20903.0
908 20903.0
909 20903.0
910 20903.0
911 20903.0
912 20903.0
923 24507.0
924 24507.0
925 24507.0
926 24507.0
927 24507.0
928 24507.0
929 24507.0
930 24507.0
931 24507.0
932 24507.0
943 21579.0
944 21579.0
945 21579.0
946 21579.0
947 21259.0
948 21259.0
949 21259.0
950 21259.0
951 21259.0
952 21259.0
953 21259.0
954 21259.0
955 21071.0
956 21071.0
957 21071.0
958 21071.0
959 21071.0
960 21071.0
961 21071.0
962 21071.0
963 21071.0
964 21071.0
965 21071.0
976 20078.0
977 20078.0
978 20078.0
979 20078.0
980 20078.0
981 20078.0
982 20078.0
983 20078.0
984 20078.0
985 19301.0
986 19301.0
987 19301.0
988 19301.0
989 19301.0
990 19301.0
991 19301.0
992 19301.0
993 19301.0
994 19301.0
995 19301.0
1006 22389.0
1007 22389.0
1008 22321.0
1009 22321.0
1010 22321.0
1011 21374.0
1012 21374.0
1013 21374.0
1014 21374.0
1015 21171.0
1016 21171.0
1017 21171.0
1018 21171.0
1019 21171.0
1020 21171.0
1021 21171.0
1022 21171.0
1023 21171.0
1024 21171.0
1025 21171.0
1036 20969.0
1037 20768.0
1038 20372.0
1039 20372.0
1040 20372.0
1041 20372.0
1042 20372.0
1043 20372.0
1044 20372.0
1045 20372.0
1046 20372.0
1047 20333.0
1048 20141.0
1049 19951.0
1050 19951.0
1051 16049.0
1052 16049.0
1053 16049.0
1054 16049.0
1055 16049.0
1056 16049.0
1057 16049.0
1058 16049.0
1059 16049.0
1060 16049.0
1061 16049.0
1072 16049.0
1073 16049.0
1074 16049.0
1075 16049.0
1076 16049.0
1077 16049.0
1078 16049.0
1079 16049.0
1080 16049.0
1081 16049.0
1092 15708.0
1093 15708.0
1094 15708.0
1095 15708.0
1096 15708.0
1097 15708.0
1098 15708.0
1099 15708.0
1100 15708.0
1101 15708.0
1112 15847.0
1113 15847.0
1114 15847.0
1115 15354.0
1116 15354.0
1117 15322.0
1118 15194.0
1119 15194.0
1120 15124.0
1121 15124.0
1122 15124.0
1123 15124.0
1124 15124.0
1125 15124.0
1126 15124.0
1127 15124.0
1128 15124.0
1129 15124.0
1130 15124.0
1141 14842.0
1142 14842.0
1143 14717.0
1144 14077.0
1145 13927.0
1146 13927.0
1147 13927.0
1148 13927.0
1149 13927.0
1150 13927.0
1151 13927.0
1152 13927.0
1153 13927.0
1154 13457.0
1155 13457.0
1156 13353.0
1157 13353.0
1158 13353.0
1159 13353.0
1160 13353.0
1161 13353.0
1162 13353.0
1163 13051.0
1164 13051.0
1165 13051.0
1166 13051.0
1167 13051.0
1168 13051.0
1169 13051.0
1170 13051.0
1171 12805.0
1172 12805.0
1173 12805.0
1174 12800.0
1175 12800.0
1176 12665.0
1177 12518.0
1178 12518.0
1179 12086.0
1180 12023.0
1181 12023.0
1182 12023.0
1183 12023.0
1184 12023.0
1185 12023.0
1186 12023.0
1187 12023.0
1188 12023.0
1189 12023.0
1190 12023.0
1201 12048.0
1202 11788.0
1203 11668.0
1204 11668.0
1205 11668.0
1206 11668.0
1207 11532.0
1208 11532.0
1209 11532.0
1210 11532.0
1211 11532.0
1212 11532.0
1213 11532.0
1214 11532.0
1215 11457.0
1216 11457.0
1217 11457.0
1218 11457.0
1219 11457.0
1220 11457.0
1221 11452.0
1222 11452.0
1223 11452.0
1224 11452.0
1225 11452.0
1226 11452.0
1227 11410.0
1228 11410.0
1229 11410.0
1230 11410.0
1231 11410.0
1232 11410.0
1233 11410.0
1234 11408.0
1235 11408.0
1236 11388.0
1237 11388.0
1238 11388.0
1239 11354.0
1240 11354.0
1241 11354.0
1242 11003.0
1243 11003.0
1244 11003.0
1245 11003.0
1246 11003.0
1247 11003.0
1248 11003.0
1249 11003.0
1250 11003.0
1251 11003.0
1252 11003.0
1263 12144.0
1264 12144.0
1265 12144.0
1266 12144.0
1267 12144.0
1268 12144.0
1269 12000.0
1270 12000.0
1271 12000.0
1272 12000.0
1273 12000.0
1274 12000.0
1275 12000.0
1276 12000.0
1277 12000.0
1278 12000.0
1279 12000.0
1290 12000.0
1291 12000.0
1292 12000.0
1293 12000.0
1294 12000.0
1295 11800.0
1296 11800.0
1297 11800.0
1298 11800.0
1299 11800.0
1300 11800.0
1301 11800.0
1302 11800.0
1303 11660.0
1304 11660.0
1305 11660.0
1306 11660.0
1307 11660.0
1308 11660.0
1309 11660.0
1310 11660.0
1311 11660.0
1312 11660.0
1313 11660.0
1324 11290.0
1325 11290.0
1326 11290.0
1327 11290.0
1328 11290.0
1329 11290.0
1330 11290.0
1331 11290.0
1332 11290.0
1333 11290.0
1344 14184.0
1345 14184.0
1346 14184.0
1347 14184.0
1348 14184.0
1349 13424.0
1350 13424.0
1351 13424.0
1352 13424.0
1353 13424.0
1354 13424.0
1355 13424.0
1356 13424.0
1357 13424.0
1358 13424.0
1359 13424.0
1370 14792.0
1371 14792.0
1372 14474.0
1373 14474.0
1374 14474.0
1375 13556.0
1376 13556.0
1377 13556.0
1378 13556.0
1379 13556.0
1380 13556.0
1381 13556.0
1382 13556.0
1383 13556.0
1384 13398.0
1385 13398.0
1386 13398.0
1387 13398.0
1388 13398.0
1389 13248.0
1390 13248.0
1391 13248.0
1392 13248.0
1393 13248.0
1394 13248.0
1395 13248.0
1396 13248.0
1397 13248.0
1398 13248.0
1399 13248.0
1410 13100.0
1411 13100.0
1412 13100.0
1413 13100.0
1414 13100.0
1415 13100.0
1416 13100.0
1417 13100.0
1418 13100.0
1419 13100.0
1430 15931.0
1431 15931.0
1432 15931.0
1433 15931.0
1434 15931.0
1435 15931.0
1436 15931.0
1437 15931.0
1438 15764.0
1439 15754.0
1440 15601.0
1441 15436.0
1442 15436.0
1443 15436.0
1444 15436.0
1445 15436.0
1446 15436.0
1447 15436.0
1448 15436.0
1449 15133.0
1450 15133.0
1451 15133.0
1452 15133.0
1453 15133.0
1454 15133.0
1455 15133.0
1456 15133.0
1457 15133.0
1458 15133.0
1459 15133.0
1470 15133.0
1471 15133.0
1472 15133.0
1473 15133.0
1474 15133.0
1475 15133.0
1476 15112.0
1477 15112.0
1478 15112.0
1479 15112.0
1480 15112.0
1481 15112.0
1482 15112.0
1483 15112.0
1484 15112.0
1485 15112.0
1486 15112.0
1497 21455.0
1498 21455.0
1499 21455.0
1500 21455.0
1501 21455.0
1502 21455.0
1503 21455.0
1504 21455.0
1505 21455.0
1506 21455.0
1517 20457.0
1518 20281.0
1519 16773.0
1520 16773.0
1521 16445.0
1522 16445.0
1523 16103.0
1524 16103.0
1525 16103.0
1526 14867.0
1527 14867.0
1528 14732.0
1529 14732.0
1530 14732.0
1531 14659.0
1532 14659.0
1533 14659.0
1534 14659.0
1535 14659.0
1536 14659.0
1537 14659.0
1538 14572.0
1539 14572.0
1540 14560.0
1541 14560.0
1542 14560.0
1543 14560.0
1544 14560.0
1545 14537.0
1546 14537.0
1547 14537.0
1548 14537.0
1549 14537.0
1550 14537.0
1551 14529.0
1552 14529.0
1553 14529.0
1554 14529.0
1555 14529.0
1556 14529.0
1557 14529.0
1558 14218.0
1559 14218.0
1560 14218.0
1561 14218.0
1562 14218.0
1563 14218.0
1564 14218.0
1565 14218.0
1566 14218.0
1567 14218.0
1568 14218.0
1579 14374.0
1580 14374.0
1581 14374.0
1582 14374.0
1583 14374.0
1584 14244.0
1585 14244.0
1586 14244.0
1587 14244.0
1588 14244.0
1589 14244.0
1590 14244.0
1591 14244.0
1592 14244.0
1593 14244.0
1594 14244.0
1605 13910.0
1606 13910.0
1607 13652.0
1608 13652.0
1609 13652.0
1610 13652.0
1611 12380.0
1612 12380.0
1613 12346.0
1614 12346.0
1615 12279.0
1616 12279.0
1617 12279.0
1618 12279.0
1619 11959.0
1620 11821.0
1621 11821.0
1622 11821.0
1623 11821.0
1624 11821.0
1625 11821.0
1626 11821.0
1627 11821.0
1628 11684.0
1629 11267.0
1630 11267.0
1631 11267.0
1632 11267.0
1633 11084.0
1634 11084.0
1635 11084.0
1636 11084.0
1637 11084.0
1638 10976.0
1639 10958.0
1640 10096.0
1641 10096.0
1642 10096.0
1643 10072.0
1644 10072.0
1645 9858.0
1646 9858.0
1647 9858.0
1648 9858.0
1649 9858.0
1650 9858.0
1651 9858.0
1652 9858.0
1653 9858.0
1654 9858.0
1655 9858.0
1666 14289.0
1667 14289.0
1668 13831.0
1669 13831.0
1670 13831.0
1671 13652.0
1672 13652.0
1673 13652.0
1674 13652.0
1675 13652.0
1676 13503.0
1677 13375.0
1678 13375.0
1679 13375.0
1680 13375.0
1681 13375.0
1682 13375.0
1683 13375.0
1684 13375.0
1685 13375.0
1686 13375.0
1687 13375.0
1698 13375.0
1699 13375.0
1700 13375.0
1701 13375.0
1702 13375.0
1703 13375.0
1704 13375.0
1705 13375.0
1706 13375.0
1707 13375.0
1718 16644.0
1719 16644.0
1720 15951.0
1721 15951.0
1722 15836.0
1723 15836.0
1724 15836.0
1725 15836.0
1726 15836.0
1727 15015.0
1728 15015.0
1729 15015.0
1730 15015.0
1731 15015.0
1732 15015.0
1733 15015.0
1734 15015.0
1735 15015.0
1736 15015.0
1737 15000.0
1738 14838.0
1739 14838.0
1740 14838.0
1741 14838.0
1742 14838.0
1743 14718.0
1744 14718.0
1745 14650.0
1746 14650.0
1747 14650.0
1748 14490.0
1749 14490.0
1750 14490.0
1751 14490.0
1752 14490.0
1753 14490.0
1754 14490.0
1755 14490.0
1756 14490.0
1757 14490.0
1758 14490.0
1769 15618.0
1770 15618.0
1771 15585.0
1772 15585.0
1773 15585.0
1774 15585.0
1775 15585.0
1776 15585.0
1777 15585.0
1778 15585.0
1779 15251.0
1780 15251.0
1781 15251.0
1782 15251.0
1783 15251.0
1784 14921.0
1785 14921.0
1786 14921.0
1787 14623.0
1788 14623.0
1789 14623.0
1790 14623.0
1791 14623.0
1792 14623.0
1793 14623.0
1794 14623.0
1795 14623.0
1796 13531.0
1797 12861.0
1798 12581.0
1799 12581.0
1800 12581.0
1801 12581.0
1802 12466.0
1803 12466.0
1804 12466.0
1805 12466.0
1806 12466.0
1807 12466.0
1808 12466.0
1809 12260.0
1810 12260.0
1811 12240.0
1812 12240.0
1813 12144.0
1814 12144.0
1815 12144.0
1816 12144.0
1817 12144.0
1818 12144.0
1819 12144.0
1820 11713.0
1821 11713.0
1822 11713.0
1823 11713.0
1824 11713.0
1825 11713.0
1826 11713.0
1827 11572.0
1828 11572.0
1829 11572.0
1830 11572.0
1831 11572.0
1832 11572.0
1833 11572.0
1834 11572.0
1835 11572.0
1836 11572.0
1837 11572.0
1848 11228.0
1849 11228.0
1850 11228.0
1851 11212.0
1852 11212.0
1853 8650.0
1854 8619.0
1855 7844.0
1856 6552.0
1857 6552.0
1858 6552.0
1859 6552.0
1860 6552.0
1861 6552.0
1862 6497.0
1863 6497.0
1864 6497.0
1865 6497.0
1866 6497.0
1867 6497.0
1868 6497.0
1869 6497.0
1870 6497.0
1871 6325.0
1872 6106.0
1873 6106.0
1874 6106.0
1875 6106.0
1876 6106.0
1877 6106.0
1878 6106.0
1879 6106.0
1880 6106.0
1881 6106.0
1882 6106.0
1893 8289.0
1894 8289.0
1895 8289.0
1896 8199.0
1897 8199.0
1898 8199.0
1899 8199.0
1900 8199.0
1901 8176.0
1902 8176.0
1903 8176.0
1904 7344.0
1905 7344.0
1906 7344.0
1907 7344.0
1908 7344.0
1909 7344.0
1910 7344.0
1911 7344.0
1912 7344.0
1913 7344.0
1914 7344.0
1925 7449.0
1926 7449.0
1927 7449.0
1928 7449.0
1929 7449.0
1930 7449.0
1931 7449.0
1932 7449.0
1933 7449.0
1934 7449.0
1945 7047.0
1946 7047.0
1947 6949.0
1948 6949.0
1949 6949.0
1950 6949.0
1951 6949.0
1952 6949.0
1953 6949.0
1954 6949.0
1955 6949.0
1956 6949.0
1957 6949.0
1968 7614.0
1969 7614.0
1970 6023.0
1971 6023.0
1972 6023.0
1973 6023.0
1974 6023.0
1975 6023.0
1976 6023.0
1977 6023.0
1978 6023.0
1979 6023.0
1980 6023.0
1991 7237.0
1992 7237.0
1993 7237.0
1994 7237.0
1995 7237.0
1996 7237.0
1997 7237.0
1998 7237.0
1999 7237.0
2000 7237.0
2011 6191.0
2012 6106.0
2013 6106.0
2014 6106.0
2015 6044.0
2016 6044.0
2017 5880.0
2018 5880.0
2019 5880.0
2020 5880.0
2021 5880.0
2022 5880.0
2023 5873.0
2024 5873.0
2025 5873.0
2026 5873.0
2027 5873.0
2028 5873.0
2029 5873.0
2030 5873.0
2031 5792.0
2032 5792.0
2033 5792.0
2034 5792.0
2035 5792.0
2036 5792.0
2037 5792.0
2038 5792.0
2039 5792.0
2040 5792.0
2041 5792.0
2052 6691.0
2053 6691.0
2054 6609.0
2055 6609.0
2056 6609.0
2057 6415.0
2058 6415.0
2059 6415.0
2060 6107.0
2061 6107.0
2062 6107.0
2063 6107.0
2064 6107.0
2065 6107.0
2066 6107.0
2067 5732.0
2068 5732.0
2069 5732.0
2070 5732.0
2071 5732.0
2072 5728.0
2073 5728.0
2074 5728.0
2075 5469.0
2076 5469.0
2077 5469.0
2078 5469.0
2079 5469.0
2080 5469.0
2081 5469.0
2082 5469.0
2083 5469.0
2084 5469.0
2085 5469.0
2096 5258.0
2097 5258.0
2098 5258.0
2099 5258.0
2100 5258.0
2101 5258.0
2102 5258.0
2103 5258.0
2104 5258.0
2105 5258.0
2116 5657.0
2117 5657.0
2118 5657.0
2119 5657.0
2120 5657.0
2121 5657.0
2122 5657.0
2123 5657.0
2124 5657.0
2125 5657.0
2136 5535.0
2137 5535.0
2138 5535.0
2139 5535.0
2140 5535.0
2141 5535.0
2142 5535.0
2143 5535.0
2144 5535.0
2145 5535.0
2156 5591.0
2157 5591.0
2158 5591.0
2159 5591.0
2160 5591.0
2161 5591.0
2162 5591.0
2163 5591.0
2164 5591.0
2165 5591.0
2176 5649.0
2177 5649.0
2178 5611.0
2179 5611.0
2180 5611.0
2181 5611.0
2182 5611.0
2183 5611.0
2184 5611.0
2185 5611.0
2186 5611.0
2187 5611.0
2188 5611.0
2199 5595.0
2200 5595.0
2201 5595.0
2202 5595.0
2203 5595.0
2204 5595.0
2205 5595.0
2206 5595.0
2207 5595.0
2208 5595.0
2219 5791.0
2220 5791.0
2221 5791.0
2222 5791.0
2223 5791.0
2224 5791.0
2225 5791.0
2226 5791.0
2227 5791.0
2228 5791.0
2239 6394.0
2240 6394.0
2241 6386.0
2242 6386.0
2243 6386.0
2244 6386.0
2245 6386.0
2246 6386.0
2247 6355.0
2248 6325.0
2249 6325.0
2250 6301.0
2251 6301.0
2252 6301.0
2253 6301.0
2254 6301.0
2255 6301.0
2256 6301.0
2257 6153.0
2258 6153.0
2259 6153.0
2260 6101.0
2261 6101.0
2262 5891.0
2263 5891.0
2264 5747.0
2265 5747.0
2266 5747.0
2267 5747.0
2268 5747.0
2269 5747.0
2270 5747.0
2271 5747.0
2272 5747.0
2273 5747.0
2274 5747.0
2285 5584.0
2286 5584.0
2287 5584.0
2288 5584.0
2289 5584.0
2290 5584.0
2291 5584.0
2292 5584.0
2293 5584.0
2294 5584.0
2305 5710.0
2306 5320.0
2307 5320.0
2308 5320.0
2309 5320.0
2310 5320.0
2311 5320.0
2312 5320.0
2313 5320.0
2314 5320.0
2315 5320.0
2316 5320.0
2327 5075.0
2328 5075.0
2329 5075.0
2330 5075.0
2331 5075.0
2332 5075.0
2333 5075.0
2334 5075.0
2335 5075.0
2336 5075.0
2347 5258.0
2348 5258.0
2349 5258.0
2350 5216.0
2351 5216.0
2352 5216.0
2353 5216.0
2354 4763.0
2355 4677.0
2356 4677.0
2357 4677.0
2358 4677.0
2359 4677.0
2360 4677.0
2361 4677.0
2362 4677.0
2363 4677.0
2364 4677.0
2365 4677.0
2376 4372.0
2377 4372.0
2378 4372.0
2379 4372.0
2380 4372.0
2381 4372.0
2382 4372.0
2383 4372.0
2384 4372.0
2385 4372.0
2396 4260.0
2397 4260.0
2398 4260.0
2399 4260.0
2400 4260.0
2401 4260.0
2402 4260.0
2403 4260.0
2404 4260.0
2405 4260.0
2416 4125.0
2417 4125.0
2418 4125.0
2419 4125.0
2420 4122.0
2421 4122.0
2422 4081.0
2423 4081.0
2424 4081.0
2425 4081.0
2426 4081.0
2427 4081.0
2428 4081.0
2429 4081.0
2430 4081.0
2431 4081.0
2432 4081.0
2443 4078.0
2444 4078.0
2445 4078.0
2446 4078.0
2447 4078.0
2448 4078.0
2449 4078.0
2450 4078.0
2451 4078.0
2452 4078.0
2463 4024.0
2464 4024.0
2465 4024.0
2466 4024.0
2467 4024.0
2468 4024.0
2469 4024.0
2470 4024.0
2471 4024.0
2472 4024.0
2483 5176.0
2484 5080.0
2485 5080.0
2486 5080.0
2487 5040.0
2488 5040.0
2489 5040.0
2490 5040.0
2491 5040.0
2492 5040.0
2493 5040.0
2494 5040.0
2495 5040.0
2496 5040.0
2497 4983.0
2498 4983.0
2499 4983.0
2500 4983.0
2501 4983.0
2502 4983.0
2503 4983.0
2504 4983.0
2505 4983.0
2506 4983.0
2507 4983.0
2518 3953.0
2519 3953.0
2520 3953.0
2521 3953.0
2522 3953.0
2523 3953.0
2524 3953.0
2525 3953.0
2526 3953.0
2527 3953.0
2528 3953.0
2539 4110.0
2540 4110.0
2541 4110.0
2542 4110.0
2543 4110.0
2544 4110.0
2545 4110.0
2546 4110.0
2547 4110.0
2548 4110.0
2559 4110.0
2560 4110.0
2561 4110.0
2562 4110.0
2563 4110.0
2564 4110.0
2565 4110.0
2566 4110.0
2567 4110.0
2568 4110.0
2579 4132.0
2580 4132.0
2581 4132.0
2582 4132.0
2583 4132.0
2584 4132.0
2585 4132.0
2586 4132.0
2587 4132.0
2588 4132.0
2599 4202.0
2600 4202.0
2601 4202.0
2602 4202.0
2603 4202.0
2604 4202.0
2605 4202.0
2606 4202.0
2607 4202.0
2608 4202.0
2619 4235.0
2620 3988.0
2621 3988.0
2622 3988.0
2623 3988.0
2624 3988.0
2625 3988.0
2626 3988.0
2627 3988.0
2628 3988.0
2629 3988.0
2630 3988.0
2641 3492.0
2642 3479.0
2643 3479.0
2644 3293.0
2645 3293.0
2646 3293.0
2647 3293.0
2648 3152.0
2649 3152.0
2650 3152.0
2651 3152.0
2652 3152.0
2653 3152.0
2654 3152.0
2655 3152.0
2656 3152.0
2657 3152.0
2658 3152.0
2669 3164.0
2670 3164.0
2671 3164.0
2672 3164.0
2673 3164.0
2674 3164.0
2675 3164.0
2676 3164.0
2677 3164.0
2678 3164.0
2689 3204.0
2690 3204.0
2691 3204.0
2692 3189.0
2693 3148.0
2694 3148.0
2695 3148.0
2696 3104.0
2697 3104.0
2698 3104.0
2699 3104.0
2700 3094.0
2701 3094.0
2702 3068.0
2703 3068.0
2704 3068.0
2705 3068.0
2706 3068.0
2707 3068.0
2708 3068.0
2709 3068.0
2710 3068.0
2711 3068.0
2712 3068.0
2723 3247.0
2724 3247.0
2725 3247.0
2726 3247.0
2727 3247.0
2728 3247.0
2729 3247.0
2730 3247.0
2731 3247.0
2732 3247.0
2743 3353.0
2744 3353.0
2745 3353.0
2746 3353.0
2747 3353.0
2748 3328.0
2749 3328.0
2750 3325.0
2751 3325.0
2752 3325.0
2753 3325.0
2754 3325.0
2755 3325.0
2756 3325.0
2757 3325.0
2758 3325.0
2759 3325.0
2760 3325.0
2771 3279.0
2772 3279.0
2773 3279.0
2774 3279.0
2775 3279.0
2776 3279.0
2777 3279.0
2778 3279.0
2779 3279.0
2780 3279.0
2791 3306.0
2792 3306.0
2793 3306.0
2794 3187.0
2795 3187.0
2796 3187.0
2797 3187.0
2798 3187.0
2799 3187.0
2800 3187.0
2801 3187.0
2802 3187.0
2803 3187.0
2804 3187.0
2815 3090.0
2816 3090.0
2817 3090.0
2818 3090.0
2819 3090.0
2820 3090.0
2821 3071.0
2822 3071.0
2823 3071.0
2824 3071.0
2825 3071.0
2826 3071.0
2827 3071.0
2828 3071.0
2829 3071.0
2830 3069.0
2831 3069.0
2832 3069.0
2833 3069.0
2834 3069.0
2835 3069.0
2836 3069.0
2837 3069.0
2838 3069.0
2839 3069.0
2840 3061.0
2841 3045.0
2842 3045.0
2843 3045.0
2844 3045.0
2845 3045.0
2846 3045.0
2847 3045.0
2848 3045.0
2849 3045.0
2850 3045.0
2851 3045.0
2862 3059.0
2863 3059.0
2864 3059.0
2865 3059.0
2866 3059.0
2867 3059.0
2868 3059.0
2869 3059.0
2870 3059.0
2871 3059.0
2882 3117.0
2883 3117.0
2884 3042.0
2885 3042.0
2886 3042.0
2887 3042.0
2888 3042.0
2889 3042.0
2890 3042.0
2891 3042.0
2892 2864.0
2893 2864.0
2894 2864.0
2895 2864.0
2896 2864.0
2897 2864.0
2898 2864.0
2899 2864.0
2900 2864.0
2901 2864.0
2902 2864.0
2913 2951.0
2914 2951.0
2915 2905.0
2916 2905.0
2917 2830.0
2918 2830.0
2919 2830.0
2920 2830.0
2921 2830.0
2922 2830.0
2923 2830.0
2924 2830.0
2925 2830.0
2926 2830.0
2927 2830.0
2938 2740.0
2939 2740.0
2940 2740.0
2941 2740.0
2942 2740.0
2943 2740.0
2944 2740.0
2945 2740.0
2946 2740.0
2947 2740.0
2958 2736.0
2959 2736.0
2960 2736.0
2961 2736.0
2962 2736.0
2963 2736.0
2964 2736.0
2965 2736.0
2966 2736.0
2967 2736.0
2978 2813.0
2979 2813.0
2980 2813.0
2981 2770.0
2982 2770.0
2983 2770.0
2984 2770.0
2985 2770.0
2986 2770.0
2987 2770.0
2988 2770.0
2989 2770.0
2990 2770.0
2991 2770.0
3002 2774.0
3003 2770.0
3004 2770.0
3005 2770.0
3006 2770.0
3007 2770.0
3008 2770.0
3009 2757.0
3010 2757.0
3011 2757.0
3012 2757.0
3013 2757.0
3014 2757.0
3015 2757.0
3016 2757.0
3017 2757.0
3018 2757.0
3019 2757.0
3030 2762.0
3031 2762.0
3032 2762.0
3033 2762.0
3034 2762.0
3035 2762.0
3036 2762.0
3037 2762.0
3038 2762.0
3039 2762.0
3050 2992.0
3051 2992.0
3052 2992.0
3053 2992.0
3054 2992.0
3055 2992.0
3056 2989.0
3057 2989.0
3058 2986.0
3059 2898.0
3060 2898.0
3061 2898.0
3062 2898.0
3063 2738.0
3064 2738.0
3065 2738.0
3066 2738.0
3067 2738.0
3068 2738.0
3069 2738.0
3070 2738.0
3071 2729.0
3072 2729.0
3073 2729.0
3074 2729.0
3075 2729.0
3076 2710.0
3077 2706.0
3078 2706.0
3079 2706.0
3080 2706.0
3081 2706.0
3082 2706.0
3083 2706.0
3084 2639.0
3085 2639.0
3086 2639.0
3087 2639.0
3088 2639.0
3089 2639.0
3090 2639.0
3091 2639.0
3092 2639.0
3093 2639.0
3094 2639.0
3105 2658.0
3106 2613.0
3107 2613.0
3108 2613.0
3109 2613.0
3110 2613.0
3111 2601.0
3112 2601.0
3113 2601.0
3114 2601.0
3115 2601.0
3116 2528.0
3117 2528.0
3118 2528.0
3119 2528.0
3120 2528.0
3121 2528.0
3122 2528.0
3123 2528.0
3124 2528.0
3125 2528.0
3126 2528.0
3137 2398.0
3138 2398.0
3139 2398.0
3140 2398.0
3141 2398.0
3142 2398.0
3143 2398.0
3144 2398.0
3145 2398.0
3146 2398.0
3157 2439.0
3158 2439.0
3159 2439.0
3160 2439.0
3161 2439.0
3162 2439.0
3163 2342.0
3164 2342.0
3165 2342.0
3166 2342.0
3167 2342.0
3168 2342.0
3169 2342.0
3170 2342.0
3171 2342.0
3172 2342.0
3173 2342.0
3184 2356.0
3185 2356.0
3186 2356.0
3187 2356.0
3188 2356.0
3189 2356.0
3190 2356.0
3191 2356.0
3192 2356.0
3193 2356.0
3204 2515.0
3205 2515.0
3206 2515.0
3207 2508.0
3208 2508.0
3209 2508.0
3210 2508.0
3211 2376.0
3212 2349.0
3213 2349.0
3214 2349.0
3215 2349.0
3216 2330.0
3217 2330.0
3218 2330.0
3219 2330.0
3220 2330.0
3221 2330.0
3222 2330.0
3223 2330.0
3224 2330.0
3225 2330.0
3226 2330.0
3237 2348.0
3238 2290.0
3239 2290.0
3240 2290.0
3241 2290.0
3242 2290.0
3243 2290.0
3244 2290.0
3245 2290.0
3246 2290.0
3247 2290.0
3248 2290.0
3259 2389.0
3260 2389.0
3261 2349.0
3262 2349.0
3263 2349.0
3264 2349.0
3265 2349.0
3266 2349.0
3267 2349.0
3268 2349.0
3269 2349.0
3270 2349.0
3271 2349.0
3282 2310.0
3283 2298.0
3284 2298.0
3285 2298.0
3286 2298.0
3287 2298.0
3288 2298.0
3289 2298.0
3290 2298.0
3291 2298.0
3292 2298.0
3293 2298.0
3304 2310.0
3305 2310.0
3306 2310.0
3307 2310.0
3308 2310.0
3309 2310.0
3310 2310.0
3311 2310.0
3312 2310.0
3313 2310.0
3324 2463.0
3325 2386.0
3326 2386.0
3327 2377.0
3328 2282.0
3329 2282.0
3330 2282.0
3331 2282.0
3332 2282.0
3333 2282.0
3334 2280.0
3335 2280.0
3336 2280.0
3337 2280.0
3338 2280.0
3339 2280.0
3340 2280.0
3341 2280.0
3342 2280.0
3343 2280.0
3344 2280.0
3355 2244.0
3356 2244.0
3357 2244.0
3358 2244.0
3359 2244.0
3360 2244.0
3361 2244.0
3362 2244.0
3363 2244.0
3364 2244.0
3375 2376.0
3376 2346.0
3377 2346.0
3378 2346.0
3379 2346.0
3380 2288.0
3381 2288.0
3382 2288.0
3383 2221.0
3384 2221.0
3385 2221.0
3386 2221.0
3387 2221.0
3388 2221.0
3389 2175.0
3390 2175.0
3391 2175.0
3392 2175.0
3393 2175.0
3394 2175.0
3395 2175.0
3396 2175.0
3397 2175.0
3398 2175.0
3399 2175.0
3410 2403.0
3411 2403.0
3412 2403.0
3413 2403.0
3414 2403.0
3415 2403.0
3416 2403.0
3417 2403.0
3418 2403.0
3419 2403.0
3430 2650.0
3431 2650.0
3432 2650.0
3433 2650.0
3434 2650.0
3435 2552.0
3436 2532.0
3437 2532.0
3438 2532.0
3439 2532.0
3440 2532.0
3441 2532.0
3442 2532.0
3443 2532.0
3444 2532.0
3445 2532.0
3446 2532.0
3457 2534.0
3458 2534.0
3459 2534.0
3460 2534.0
3461 2534.0
3462 2534.0
3463 2534.0
3464 2534.0
3465 2534.0
3466 2534.0
3477 2506.0
3478 2506.0
3479 2506.0
3480 2506.0
3481 2506.0
3482 2506.0
3483 2478.0
3484 2478.0
3485 2478.0
3486 2478.0
3487 2478.0
3488 2478.0
3489 2478.0
3490 2478.0
3491 2478.0
3492 2478.0
3493 2478.0
3504 2535.0
3505 2535.0
3506 2535.0
3507 2535.0
3508 2535.0
3509 2535.0
3510 2535.0
3511 2529.0
3512 2529.0
3513 2529.0
3514 2529.0
3515 2529.0
3516 2529.0
3517 2529.0
3518 2529.0
3519 2529.0
3520 2529.0
3521 2529.0
3532 2416.0
3533 2416.0
3534 2416.0
3535 2416.0
3536 2415.0
3537 2415.0
3538 2415.0
3539 2415.0
3540 2412.0
3541 2411.0
3542 2406.0
3543 2406.0
3544 2406.0
3545 2406.0
3546 2406.0
3547 2396.0
3548 2396.0
3549 2396.0
3550 2396.0
3551 2396.0
3552 2396.0
3553 2396.0
3554 2396.0
3555 2396.0
3556 2396.0
3557 2396.0
3568 2309.0
3569 2309.0
3570 2309.0
3571 2309.0
3572 2309.0
3573 2309.0
3574 2309.0
3575 2309.0
3576 2309.0
3577 2309.0
3588 2328.0
3589 2266.0
3590 2266.0
3591 2266.0
3592 2266.0
3593 2266.0
3594 2266.0
3595 2266.0
3596 2266.0
3597 2266.0
3598 2266.0
3599 2266.0
3610 2287.0
3611 2287.0
3612 2287.0
3613 2287.0
3614 2287.0
3615 2287.0
3616 2287.0
3617 2287.0
3618 2287.0
3619 2273.0
3620 2273.0
3621 2273.0
3622 2273.0
3623 2273.0
3624 2273.0
3625 2273.0
3626 2273.0
3627 2273.0
3628 2273.0
3629 2273.0
3640 2398.0
3641 2341.0
3642 2341.0
3643 2341.0
3644 2341.0
3645 2312.0
3646 2312.0
3647 2210.0
3648 2210.0
3649 2210.0
3650 2210.0
3651 2210.0
3652 2210.0
3653 2210.0
3654 2210.0
3655 2210.0
3656 2210.0
3657 2210.0
3668 2328.0
3669 2328.0
3670 2328.0
3671 2328.0
3672 2328.0
3673 2328.0
3674 2328.0
3675 2328.0
3676 2328.0
3677 2328.0
3678 2328.0
3689 2454.0
3690 2454.0
3691 2454.0
3692 2454.0
3693 2454.0
3694 2454.0
3695 2454.0
3696 2440.0
3697 2440.0
3698 2440.0
3699 2440.0
3700 2406.0
3701 2406.0
3702 2406.0
3703 2406.0
3704 2406.0
3705 2406.0
3706 2406.0
3707 2406.0
3708 2406.0
3709 2406.0
3710 2406.0
3721 2449.0
3722 2449.0
3723 2449.0
3724 2449.0
3725 2405.0
3726 2334.0
3727 2334.0
3728 2334.0
3729 2334.0
3730 2334.0
3731 2334.0
3732 2334.0
3733 2334.0
3734 2334.0
3735 2334.0
3736 2334.0
3747 2340.0
3748 2340.0
3749 2296.0
3750 2296.0
3751 2296.0
3752 2296.0
3753 2296.0
3754 2296.0
3755 2296.0
3756 2296.0
3757 2296.0
3758 2296.0
3759 2296.0
3770 2274.0
3771 2274.0
3772 2274.0
3773 2274.0
3774 2274.0
3775 2274.0
3776 2274.0
3777 2274.0
3778 2274.0
3779 2274.0
3790 2338.0
3791 2338.0
3792 2338.0
3793 2338.0
3794 2316.0
3795 2316.0
3796 2316.0
3797 2316.0
3798 2316.0
3799 2316.0
3800 2316.0
3801 2316.0
3802 2316.0
3803 2316.0
3804 2316.0
3815 2086.0
3816 2086.0
3817 2086.0
3818 2086.0
3819 2086.0
3820 2086.0
3821 2086.0
3822 2086.0
3823 2086.0
3824 2086.0
3835 2172.0
3836 2172.0
3837 2172.0
3838 2172.0
3839 2172.0
3840 2172.0
3841 2172.0
3842 2172.0
3843 2172.0
3844 2172.0
3855 2418.0
3856 2418.0
3857 2418.0
3858 2418.0
3859 2418.0
3860 2418.0
3861 2410.0
3862 2410.0
3863 2410.0
3864 2410.0
3865 2410.0
3866 2410.0
3867 2410.0
3868 2410.0
3869 2410.0
3870 2410.0
3871 2410.0
3882 2446.0
3883 2446.0
3884 2436.0
3885 2436.0
3886 2436.0
3887 2436.0
3888 2436.0
3889 2436.0
3890 2436.0
3891 2436.0
3892 2436.0
3893 2436.0
3894 2424.0
3895 2374.0
3896 2374.0
3897 2374.0
3898 2374.0
3899 2164.0
3900 2164.0
3901 2164.0
3902 2164.0
3903 2164.0
3904 2164.0
3905 2164.0
3906 2127.0
3907 2127.0
3908 2127.0
3909 2127.0
3910 2127.0
3911 2127.0
3912 2127.0
3913 2127.0
3914 2127.0
3915 2127.0
3916 2127.0
3927 2056.0
3928 2056.0
3929 2056.0
3930 2056.0
3931 2056.0
3932 2056.0
3933 2056.0
3934 2056.0
3935 2056.0
3936 2056.0
3947 2103.0
3948 2103.0
3949 2103.0
3950 2103.0
3951 2103.0
3952 2103.0
3953 2103.0
3954 2103.0
3955 2103.0
3956 2103.0
3967 2181.0
3968 2174.0
3969 2174.0
3970 2174.0
3971 2163.0
3972 2163.0
3973 2163.0
3974 2163.0
3975 2163.0
3976 2163.0
3977 2158.0
3978 2158.0
3979 2158.0
3980 2158.0
3981 2158.0
3982 2158.0
3983 2158.0
3984 2158.0
3985 2158.0
3986 2158.0
3987 2158.0
3998 2120.0
3999 2120.0
4000 2120.0
4001 2120.0
4002 2120.0
4003 2120.0
4004 2120.0
4005 2120.0
4006 2120.0
4007 2120.0
4018 2151.0
4019 2151.0
4020 2151.0
4021 2151.0
4022 2151.0
4023 2151.0
4024 2151.0
4025 2151.0
4026 2151.0
4027 2151.0
4038 2204.0
4039 2204.0
4040 2204.0
4041 2204.0
4042 2204.0
4043 2204.0
4044 2204.0
4045 2204.0
4046 2204.0
4047 2142.0
4048 2142.0
4049 2142.0
4050 2142.0
4051 2142.0
4052 2142.0
4053 2142.0
4054 2142.0
4055 2142.0
4056 2107.0
4057 2107.0
4058 2099.0
4059 2099.0
4060 2099.0
4061 2099.0
4062 2099.0
4063 2099.0
4064 2099.0
4065 2099.0
4066 2099.0
4067 2099.0
4068 2099.0
4079 2072.0
4080 2072.0
4081 2072.0
4082 2072.0
4083 2072.0
4084 2072.0
4085 2072.0
4086 2072.0
4087 2072.0
4088 2069.0
4089 2069.0
4090 2069.0
4091 2069.0
4092 2069.0
4093 2069.0
4094 2043.0
4095 2005.0
4096 2005.0
4097 2005.0
4098 2005.0
4099 2005.0
4100 2005.0
4101 2005.0
4102 2005.0
4103 2005.0
4104 2005.0
4105 2005.0
4116 2013.0
4117 2013.0
4118 2013.0
4119 2013.0
4120 2013.0
4121 2013.0
4122 2013.0
4123 2013.0
4124 2013.0
4125 2013.0
4136 2201.0
4137 2183.0
4138 2183.0
4139 2183.0
4140 2183.0
4141 2167.0
4142 2167.0
4143 2167.0
4144 2167.0
4145 2020.0
4146 1978.0
4147 1978.0
4148 1978.0
4149 1978.0
4150 1978.0
4151 1978.0
4152 1978.0
4153 1978.0
4154 1978.0
4155 1978.0
4156 1978.0
4167 2195.0
4168 2195.0
4169 2195.0
4170 2195.0
4171 2195.0
4172 2195.0
4173 2195.0
4174 2195.0
4175 2190.0
4176 2190.0
4177 2190.0
4178 2190.0
4179 2190.0
4180 2190.0
4181 2190.0
4182 2190.0
4183 2190.0
4184 2190.0
4185 2190.0
4196 2243.0
4197 2243.0
4198 2243.0
4199 2079.0
4200 2079.0
4201 2079.0
4202 2079.0
4203 2029.0
4204 2029.0
4205 2029.0
4206 2029.0
4207 2029.0
4208 2029.0
4209 2029.0
4210 2029.0
4211 2029.0
4212 2029.0
4213 2029.0
4224 2141.0
4225 2141.0
4226 2091.0
4227 2091.0
4228 2091.0
4229 2091.0
4230 2091.0
4231 2091.0
4232 2074.0
4233 2074.0
4234 2074.0
4235 2074.0
4236 2074.0
4237 2074.0
4238 2074.0
4239 2074.0
4240 2074.0
4241 2074.0
4242 2074.0
4253 2068.0
4254 2068.0
4255 2068.0
4256 2068.0
4257 2068.0
4258 2007.0
4259 2007.0
4260 2007.0
4261 1945.0
4262 1945.0
4263 1945.0
4264 1945.0
4265 1945.0
4266 1945.0
4267 1934.0
4268 1934.0
4269 1934.0
4270 1934.0
4271 1934.0
4272 1934.0
4273 1934.0
4274 1921.0
4275 1921.0
4276 1921.0
4277 1921.0
4278 1921.0
4279 1921.0
4280 1921.0
4281 1921.0
4282 1921.0
4283 1921.0
4284 1921.0
4295 1995.0
4296 1995.0
4297 1995.0
4298 1995.0
4299 1995.0
4300 1995.0
4301 1995.0
4302 1995.0
4303 1995.0
4304 1995.0
4315 2021.0
4316 2021.0
4317 2021.0
4318 2003.0
4319 2003.0
4320 2003.0
4321 2003.0
4322 2003.0
4323 1999.0
4324 1999.0
4325 1999.0
4326 1999.0
4327 1999.0
4328 1999.0
4329 1999.0
4330 1999.0
4331 1999.0
4332 1999.0
4333 1999.0
4344 2005.0
4345 2005.0
4346 2005.0
4347 2004.0
4348 2004.0
4349 1988.0
4350 1988.0
4351 1988.0
4352 1988.0
4353 1945.0
4354 1945.0
4355 1945.0
4356 1945.0
4357 1945.0
4358 1945.0
4359 1945.0
4360 1945.0
4361 1945.0
4362 1945.0
4363 1945.0
4374 1967.0
4375 1967.0
4376 1967.0
4377 1967.0
4378 1967.0
4379 1967.0
4380 1967.0
4381 1967.0
4382 1967.0
4383 1967.0
4394 1970.0
4395 1970.0
4396 1970.0
4397 1970.0
4398 1970.0
4399 1970.0
4400 1970.0
4401 1970.0
4402 1970.0
4403 1970.0
4414 1971.0
4415 1971.0
4416 1971.0
4417 1971.0
4418 1971.0
4419 1965.0
4420 1965.0
4421 1965.0
4422 1965.0
4423 1965.0
4424 1965.0
4425 1965.0
4426 1965.0
4427 1965.0
4428 1965.0
4429 1965.0
4440 1956.0
4441 1861.0
4442 1861.0
4443 1861.0
4444 1861.0
4445 1861.0
4446 1861.0
4447 1861.0
4448 1861.0
4449 1861.0
4450 1861.0
4451 1861.0
4462 1873.0
4463 1873.0
4464 1873.0
4465 1873.0
4466 1873.0
4467 1873.0
4468 1873.0
4469 1873.0
4470 1873.0
4471 1873.0
4482 1891.0
4483 1891.0
4484 1891.0
4485 1891.0
4486 1870.0
4487 1870.0
4488 1870.0
4489 1870.0
4490 1870.0
4491 1870.0
4492 1870.0
4493 1870.0
4494 1870.0
4495 1870.0
4496 1870.0
4507 1900.0
4508 1900.0
4509 1900.0
4510 1900.0
4511 1900.0
4512 1900.0
4513 1900.0
4514 1887.0
4515 1887.0
4516 1887.0
4517 1887.0
4518 1887.0
4519 1887.0
4520 1887.0
4521 1887.0
4522 1887.0
4523 1879.0
4524 1845.0
4525 1845.0
4526 1845.0
4527 1845.0
4528 1845.0
4529 1845.0
4530 1845.0
4531 1845.0
4532 1845.0
4533 1845.0
4534 1845.0
4545 1850.0
4546 1850.0
4547 1850.0
4548 1850.0
4549 1850.0
4550 1850.0
4551 1850.0
4552 1850.0
4553 1850.0
4554 1850.0
4565 1868.0
4566 1868.0
4567 1868.0
4568 1868.0
4569 1868.0
4570 1868.0
4571 1868.0
4572 1868.0
4573 1868.0
4574 1868.0
4585 1896.0
4586 1896.0
4587 1896.0
4588 1896.0
4589 1896.0
4590 1896.0
4591 1896.0
4592 1896.0
4593 1896.0
4594 1896.0
4605 1966.0
4606 1966.0
4607 1960.0
4608 1960.0
4609 1960.0
4610 1960.0
4611 1960.0
4612 1960.0
4613 1960.0
4614 1868.0
4615 1868.0
4616 1868.0
4617 1868.0
4618 1868.0
4619 1868.0
4620 1830.0
4621 1830.0
4622 1830.0
4623 1830.0
4624 1830.0
4625 1830.0
4626 1830.0
4627 1830.0
4628 1830.0
4629 1830.0
4630 1830.0
4641 1862.0
4642 1862.0
4643 1862.0
4644 1862.0
4645 1862.0
4646 1862.0
4647 1862.0
4648 1860.0
4649 1860.0
4650 1860.0
4651 1860.0
4652 1860.0
4653 1860.0
4654 1860.0
4655 1860.0
4656 1860.0
4657 1860.0
4658 1860.0
4669 1878.0
4670 1878.0
4671 1878.0
4672 1864.0
4673 1864.0
4674 1864.0
4675 1864.0
4676 1864.0
4677 1864.0
4678 1864.0
4679 1864.0
4680 1864.0
4681 1850.0
4682 1850.0
4683 1850.0
4684 1850.0
4685 1850.0
4686 1850.0
4687 1850.0
4688 1850.0
4689 1850.0
4690 1850.0
4691 1850.0
4702 2097.0
4703 2097.0
4704 2097.0
4705 2097.0
4706 2097.0
4707 2097.0
4708 2097.0
4709 2097.0
4710 2097.0
4711 2097.0
4722 1983.0
4723 1983.0
4724 1983.0
4725 1983.0
4726 1983.0
4727 1983.0
4728 1983.0
4729 1983.0
4730 1983.0
4731 1903.0
4732 1903.0
4733 1903.0
4734 1903.0
4735 1903.0
4736 1903.0
4737 1903.0
4738 1903.0
4739 1903.0
4740 1903.0
4741 1903.0
4752 1973.0
4753 1973.0
4754 1973.0
4755 1973.0
4756 1973.0
4757 1973.0
4758 1973.0
4759 1973.0
4760 1973.0
4761 1973.0
4772 1975.0
4773 1975.0
4774 1975.0
4775 1975.0
4776 1975.0
4777 1975.0
4778 1975.0
4779 1969.0
4780 1969.0
4781 1969.0
4782 1969.0
4783 1969.0
4784 1964.0
4785 1964.0
4786 1964.0
4787 1964.0
4788 1964.0
4789 1964.0
4790 1964.0
4791 1964.0
4792 1964.0
4793 1964.0
4794 1964.0
4805 1944.0
4806 1944.0
4807 1944.0
4808 1944.0
4809 1944.0
4810 1944.0
4811 1944.0
4812 1944.0
4813 1944.0
4814 1944.0
4825 1987.0
4826 1987.0
4827 1987.0
4828 1987.0
4829 1987.0
4830 1987.0
4831 1987.0
4832 1987.0
4833 1987.0
4834 1987.0
4845 1865.0
4846 1865.0
4847 1865.0
4848 1865.0
4849 1865.0
4850 1865.0
4851 1865.0
4852 1865.0
4853 1865.0
4854 1865.0
4865 1942.0
4866 1942.0
4867 1942.0
4868 1942.0
4869 1942.0
4870 1942.0
4871 1942.0
4872 1942.0
4873 1942.0
4874 1942.0
4885 2025.0
4886 2025.0
4887 2025.0
4888 2025.0
4889 2025.0
4890 2025.0
4891 2025.0
4892 2025.0
4893 2025.0
4894 2025.0
4905 2128.0
4906 2128.0
4907 2128.0
4908 2128.0
4909 2128.0
4910 2128.0
4911 2128.0
4912 2128.0
4913 2128.0
4914 2128.0
4915 2128.0
4926 1893.0
4927 1893.0
4928 1893.0
4929 1878.0
4930 1878.0
4931 1878.0
4932 1878.0
4933 1878.0
4934 1878.0
4935 1864.0
4936 1864.0
4937 1864.0
4938 1864.0
4939 1864.0
4940 1864.0
4941 1864.0
4942 1864.0
4943 1864.0
4944 1864.0
4945 1836.0
4946 1836.0
4947 1836.0
4948 1836.0
4949 1836.0
4950 1836.0
4951 1836.0
4952 1836.0
4953 1836.0
4954 1836.0
4955 1836.0
4966 1881.0
4967 1881.0
4968 1881.0
4969 1881.0
4970 1881.0
4971 1881.0
4972 1881.0
4973 1881.0
4974 1881.0
4975 1881.0
4986 1921.0
4987 1921.0
4988 1921.0
4989 1921.0
4990 1921.0
4991 1921.0
4992 1921.0
4993 1921.0
4994 1921.0
4995 1921.0
4996 1921.0
