0 59705.0
1 59705.0
2 59360.0
3 59360.0
4 59360.0
5 58673.0
6 58673.0
7 58673.0
8 58673.0
9 58331.0
10 58331.0
11 57313.0
12 57313.0
13 57313.0
14 57313.0
15 57313.0
16 56977.0
17 56977.0
18 56977.0
19 56977.0
20 56977.0
21 56640.0
22 56640.0
23 56640.0
24 56640.0
25 56640.0
26 56640.0
27 56640.0
28 56304.0
29 56304.0
30 56304.0
31 55969.0
32 55969.0
33 55969.0
34 55969.0
35 55969.0
36 55969.0
37 55969.0
38 55969.0
39 55969.0
40 55969.0
41 55969.0
52 54970.0
53 54639.0
54 54639.0
55 54309.0
56 54309.0
57 54309.0
58 54309.0
59 54309.0
60 54309.0
61 54309.0
62 53980.0
63 53980.0
64 53980.0
65 53980.0
66 53980.0
67 53980.0
68 53980.0
69 53980.0
70 53980.0
71 53652.0
72 53652.0
73 53325.0
74 53325.0
75 52031.0
76 52031.0
77 52031.0
78 51389.0
79 51389.0
80 51389.0
81 51069.0
82 50116.0
83 49801.0
84 49488.0
85 48552.0
86 48552.0
87 48248.0
88 48248.0
89 48248.0
90 47941.0
91 47941.0
92 47941.0
93 47941.0
94 47941.0
95 47941.0
96 47941.0
97 47941.0
98 47632.0
99 47632.0
100 47632.0
101 47632.0
102 47632.0
103 47632.0
104 47632.0
105 46407.0
106 46407.0
107 46407.0
108 45801.0
109 45801.0
110 45801.0
111 45801.0
112 45801.0
113 45801.0
114 45801.0
115 45801.0
116 45801.0
117 45801.0
118 45801.0
129 44007.0
130 44007.0
131 44007.0
132 43711.0
133 43711.0
134 42540.0
135 41962.0
136 41399.0
137 41399.0
138 41399.0
139 41399.0
140 41399.0
141 41112.0
142 40826.0
143 40541.0
144 40541.0
145 40257.0
146 40257.0
147 40257.0
148 40257.0
149 40257.0
150 40257.0
151 39974.0
152 39974.0
153 39974.0
154 39974.0
155 39692.0
156 39692.0
157 39692.0
158 39692.0
159 39692.0
160 39692.0
161 39692.0
162 39692.0
163 39692.0
164 39692.0
165 39692.0
176 39409.0
177 39409.0
178 39409.0
179 39409.0
180 39409.0
181 39409.0
182 39409.0
183 39409.0
184 39409.0
185 39129.0
186 38855.0
187 38855.0
188 38855.0
189 38847.0
190 38580.0
191 38580.0
192 38580.0
193 38580.0
194 38580.0
195 38304.0
196 38304.0
197 38304.0
198 38304.0
199 38304.0
200 38304.0
201 38031.0
202 38031.0
203 38031.0
204 38031.0
205 38031.0
206 38031.0
207 37756.0
208 37756.0
209 37756.0
210 37756.0
211 37756.0
212 37756.0
213 37756.0
214 37210.0
215 37210.0
216 37210.0
217 37210.0
218 37210.0
219 36938.0
220 36938.0
221 36938.0
222 36938.0
223 36938.0
224 36938.0
225 36938.0
226 36938.0
227 36938.0
228 36667.0
229 36667.0
230 36667.0
231 36667.0
232 36667.0
233 36667.0
234 36667.0
235 36667.0
236 36667.0
237 36667.0
238 36667.0
249 36668.0
250 36668.0
251 36668.0
252 36668.0
253 36668.0
254 36668.0
255 36668.0
256 36668.0
257 36668.0
258 36668.0
269 37211.0
270 36953.0
271 36953.0
272 36953.0
273 36953.0
274 36953.0
275 36953.0
276 36953.0
277 36413.0
278 36413.0
279 35876.0
280 35621.0
281 35621.0
282 35621.0
283 35621.0
284 35621.0
285 35621.0
286 35355.0
287 35355.0
288 35355.0
289 35355.0
290 35355.0
291 35355.0
292 35355.0
293 35090.0
294 35090.0
295 35090.0
296 35090.0
297 35090.0
298 35090.0
299 33786.0
300 33786.0
301 33015.0
302 33015.0
303 33015.0
304 33015.0
305 33015.0
306 33015.0
307 33015.0
308 33015.0
309 33015.0
310 33015.0
311 33015.0
322 32766.0
323 32766.0
324 32766.0
325 32766.0
326 32766.0
327 32766.0
328 32766.0
329 32766.0
330 32766.0
331 32766.0
342 32016.0
343 32016.0
344 32016.0
345 31764.0
346 31764.0
347 31764.0
348 31764.0
349 31764.0
350 31764.0
351 31764.0
352 31764.0
353 31764.0
354 31764.0
355 31764.0
366 32016.0
367 32016.0
368 32016.0
369 31764.0
370 31764.0
371 31513.0
372 31513.0
373 31513.0
374 31513.0
375 31513.0
376 31513.0
377 31263.0
378 31263.0
379 31016.0
380 31016.0
381 31016.0
382 31016.0
383 31016.0
384 31016.0
385 30768.0
386 30768.0
387 30768.0
388 30768.0
389 30276.0
390 30276.0
391 30276.0
392 30276.0
393 30276.0
394 30276.0
395 30276.0
396 30276.0
397 30276.0
398 30276.0
399 30276.0
410 32012.0
411 32012.0
412 32012.0
413 32012.0
414 31762.0
415 31511.0
416 31511.0
417 31511.0
418 31268.0
419 31268.0
420 31019.0
421 31019.0
422 31019.0
423 31019.0
424 31019.0
425 31019.0
426 31019.0
427 31019.0
428 31019.0
429 31019.0
430 31019.0
441 30774.0
442 30774.0
443 30774.0
444 30774.0
445 30774.0
446 30527.0
447 30282.0
448 30282.0
449 30282.0
450 30282.0
451 30282.0
452 30282.0
453 30282.0
454 30282.0
455 30282.0
456 30282.0
457 30282.0
468 30037.0
469 30037.0
470 30037.0
471 30037.0
472 30037.0
473 30037.0
474 30037.0
475 30037.0
476 30037.0
477 30037.0
488 31291.0
489 31291.0
490 31291.0
491 30795.0
492 30795.0
493 30795.0
494 30795.0
495 30601.0
496 30601.0
497 30601.0
498 30601.0
499 30601.0
500 30601.0
501 30601.0
502 30601.0
503 30601.0
504 30601.0
505 29391.0
506 29161.0
507 29161.0
508 29161.0
509 29161.0
510 28952.0
511 28476.0
512 28476.0
513 28476.0
514 28476.0
515 28476.0
516 28239.0
517 28239.0
518 28239.0
519 28239.0
520 28239.0
521 28239.0
522 28239.0
523 28239.0
524 28239.0
525 28239.0
526 28239.0
537 28239.0
538 28239.0
539 28239.0
540 28239.0
541 28239.0
542 28239.0
543 28239.0
544 28012.0
545 28012.0
546 28012.0
547 28012.0
548 27777.0
549 27777.0
550 27777.0
551 27777.0
552 27777.0
553 27777.0
554 27777.0
555 27777.0
556 27777.0
557 27084.0
558 26976.0
559 26976.0
560 26976.0
561 26976.0
562 26976.0
563 26976.0
564 26746.0
565 26746.0
566 26746.0
567 26746.0
568 26746.0
569 26746.0
570 26746.0
571 26746.0
572 26746.0
573 26746.0
574 26746.0
585 26976.0
586 26976.0
587 26976.0
588 26519.0
589 26126.0
590 26126.0
591 26126.0
592 26126.0
593 25457.0
594 25279.0
595 25279.0
596 25278.0
597 25278.0
598 25278.0
599 25278.0
600 25278.0
601 25278.0
602 25278.0
603 25278.0
604 25057.0
605 25057.0
606 25057.0
607 24837.0
608 24837.0
609 24837.0
610 24837.0
611 24837.0
612 24837.0
613 24837.0
614 24837.0
615 24837.0
616 24837.0
617 24837.0
628 25713.0
629 25713.0
630 25713.0
631 25713.0
632 25513.0
633 25513.0
634 25513.0
635 25513.0
636 25513.0
637 25291.0
638 25079.0
639 25079.0
640 25079.0
641 24641.0
642 24641.0
643 24641.0
644 24641.0
645 24641.0
646 24207.0
647 24207.0
648 24207.0
649 24207.0
650 24207.0
651 24071.0
652 24071.0
653 24071.0
654 24071.0
655 24071.0
656 24071.0
657 24071.0
658 24071.0
659 24071.0
660 23432.0
661 23432.0
662 23432.0
663 23243.0
664 23243.0
665 23243.0
666 23243.0
667 23243.0
668 23243.0
669 23243.0
670 23031.0
671 23031.0
672 23031.0
673 23031.0
674 23031.0
675 23031.0
676 23031.0
677 23031.0
678 23031.0
679 23031.0
680 23031.0
691 23243.0
692 23243.0
693 23243.0
694 23243.0
695 23031.0
696 23031.0
697 23031.0
698 23031.0
699 23031.0
700 23031.0
701 23031.0
702 23031.0
703 23031.0
704 22614.0
705 22241.0
706 22241.0
707 22241.0
708 22241.0
709 22241.0
710 22241.0
711 22241.0
712 22241.0
713 22241.0
714 22241.0
715 22241.0
726 22241.0
727 22241.0
728 22241.0
729 22241.0
730 22241.0
731 22241.0
732 22241.0
733 22241.0
734 22241.0
735 22241.0
746 22449.0
747 22449.0
748 22449.0
749 22449.0
750 22449.0
751 22378.0
752 22378.0
753 22378.0
754 22378.0
755 22378.0
756 22378.0
757 22378.0
758 22378.0
759 22378.0
760 22378.0
761 22378.0
772 22171.0
773 22171.0
774 22171.0
775 22171.0
776 22171.0
777 22171.0
778 22171.0
779 21768.0
780 21768.0
781 21768.0
782 21768.0
783 21768.0
784 21768.0
785 21768.0
786 21768.0
787 21768.0
788 21768.0
789 21582.0
790 21476.0
791 21476.0
792 21476.0
793 21476.0
794 20680.0
795 20491.0
796 20491.0
797 20491.0
798 20307.0
799 20307.0
800 20307.0
801 20307.0
802 20307.0
803 20307.0
804 20307.0
805 20307.0
806 20307.0
807 20307.0
808 20307.0
819 20307.0
820 20111.0
821 19916.0
822 19916.0
823 19916.0
824 19916.0
825 19916.0
826 19755.0
827 19755.0
828 19562.0
829 19373.0
830 19373.0
831 19373.0
832 19182.0
833 19182.0
834 19182.0
835 19182.0
836 19182.0
837 19182.0
838 19182.0
839 19182.0
840 18621.0
841 18621.0
842 18621.0
843 18621.0
844 18435.0
845 18435.0
846 18435.0
847 18435.0
848 18435.0
849 18435.0
850 18435.0
851 18435.0
852 18435.0
853 18435.0
854 18435.0
865 17882.0
866 17565.0
867 17565.0
868 17565.0
869 17508.0
870 17452.0
871 17452.0
872 17452.0
873 17272.0
874 17272.0
875 17272.0
876 16916.0
877 16916.0
878 16916.0
879 16916.0
880 16916.0
881 16916.0
882 16916.0
883 16916.0
884 16916.0
885 16916.0
886 16916.0
897 19040.0
898 19040.0
899 19040.0
900 19040.0
901 19040.0
902 19040.0
903 19040.0
904 19040.0
905 19040.0
906 19040.0
917 18980.0
918 18980.0
919 18980.0
920 18980.0
921 18756.0
922 18756.0
923 18756.0
924 18384.0
925 18384.0
926 18384.0
927 18384.0
928 18384.0
929 18384.0
930 18384.0
931 18364.0
932 18223.0
933 18223.0
934 18038.0
935 18038.0
936 18038.0
937 18038.0
938 18038.0
939 18038.0
940 18038.0
941 18038.0
942 18038.0
943 18034.0
944 18034.0
945 18034.0
946 17859.0
947 17859.0
948 17859.0
949 17859.0
950 17859.0
951 17859.0
952 17859.0
953 17859.0
954 17859.0
955 17859.0
956 17859.0
967 18015.0
968 18015.0
969 17831.0
970 17831.0
971 17831.0
972 17831.0
973 17648.0
974 17648.0
975 17648.0
976 17648.0
977 17648.0
978 17648.0
979 17525.0
980 17525.0
981 17471.0
982 17471.0
983 17471.0
984 17305.0
985 17305.0
986 17305.0
987 17305.0
988 17305.0
989 17175.0
990 17175.0
991 17175.0
992 17175.0
993 17175.0
994 17175.0
995 17175.0
996 17175.0
997 17175.0
998 17175.0
999 17175.0
1010 16504.0
1011 16504.0
1012 16504.0
1013 16504.0
1014 16504.0
1015 16504.0
1016 16504.0
1017 15485.0
1018 15485.0
1019 15485.0
1020 15485.0
1021 15485.0
1022 15485.0
1023 15485.0
1024 15485.0
1025 15485.0
1026 15485.0
1027 15485.0
1038 15485.0
1039 15485.0
1040 15485.0
1041 15485.0
1042 15485.0
1043 15485.0
1044 15485.0
1045 15485.0
1046 15485.0
1047 15485.0
1058 15206.0
1059 15206.0
1060 15206.0
1061 15206.0
1062 15206.0
1063 15206.0
1064 15206.0
1065 15206.0
1066 15206.0
1067 15206.0
1078 15599.0
1079 15599.0
1080 15599.0
1081 15599.0
1082 15599.0
1083 14415.0
1084 14415.0
1085 13665.0
1086 13665.0
1087 13665.0
1088 13515.0
1089 13515.0
1090 13515.0
1091 13515.0
1092 13515.0
1093 13077.0
1094 13077.0
1095 13077.0
1096 13077.0
1097 13077.0
1098 13077.0
1099 13077.0
1100 13077.0
1101 13077.0
1102 13077.0
1103 13077.0
1114 13122.0
1115 13122.0
1116 13122.0
1117 13122.0
1118 13122.0
1119 13122.0
1120 13122.0
1121 13057.0
1122 13057.0
1123 13057.0
1124 13057.0
1125 13057.0
1126 13057.0
1127 13057.0
1128 13057.0
1129 13057.0
1130 13057.0
1131 13057.0
1142 21880.0
1143 21880.0
1144 21880.0
1145 21476.0
1146 21476.0
1147 21476.0
1148 21476.0
1149 21476.0
1150 21275.0
1151 21275.0
1152 21275.0
1153 21275.0
1154 21275.0
1155 21251.0
1156 21251.0
1157 21251.0
1158 21251.0
1159 21251.0
1160 21251.0
1161 21251.0
1162 21251.0
1163 21251.0
1164 21251.0
1165 21251.0
1176 20865.0
1177 20865.0
1178 20284.0
1179 20222.0
1180 20222.0
1181 20222.0
1182 20222.0
1183 19837.0
1184 19837.0
1185 19837.0
1186 19837.0
1187 19837.0
1188 19837.0
1189 19837.0
1190 19837.0
1191 19837.0
1192 19837.0
1193 19837.0
1204 19233.0
1205 19233.0
1206 19233.0
1207 19091.0
1208 19091.0
1209 19091.0
1210 19091.0
1211 19091.0
1212 19091.0
1213 19091.0
1214 19091.0
1215 18904.0
1216 18904.0
1217 18904.0
1218 18534.0
1219 18534.0
1220 18534.0
1221 18534.0
1222 18445.0
1223 18445.0
1224 18445.0
1225 18445.0
1226 17722.0
1227 17722.0
1228 17566.0
1229 17566.0
1230 17566.0
1231 17566.0
1232 16528.0
1233 16528.0
1234 16528.0
1235 16528.0
1236 16528.0
1237 16528.0
1238 16528.0
1239 16528.0
1240 16528.0
1241 16528.0
1242 16528.0
1253 16701.0
1254 16701.0
1255 16701.0
1256 16701.0
1257 16701.0
1258 16701.0
1259 16701.0
1260 16701.0
1261 16701.0
1262 16701.0
1273 15784.0
1274 15784.0
1275 15428.0
1276 15428.0
1277 15428.0
1278 15428.0
1279 15428.0
1280 15428.0
1281 15428.0
1282 15428.0
1283 15428.0
1284 15428.0
1285 14790.0
1286 14476.0
1287 14476.0
1288 14322.0
1289 14322.0
1290 14322.0
1291 14322.0
1292 14322.0
1293 14322.0
1294 14322.0
1295 14322.0
1296 14322.0
1297 14322.0
1298 14322.0
1309 13751.0
1310 13751.0
1311 13478.0
1312 13478.0
1313 13478.0
1314 13478.0
1315 13478.0
1316 13478.0
1317 13478.0
1318 13478.0
1319 13478.0
1320 13478.0
1321 13478.0
1332 13219.0
1333 13219.0
1334 13219.0
1335 13219.0
1336 13219.0
1337 13219.0
1338 13219.0
1339 13219.0
1340 13219.0
1341 13219.0
1342 13219.0
1353 12625.0
1354 12625.0
1355 12625.0
1356 12625.0
1357 12625.0
1358 12625.0
1359 12625.0
1360 12625.0
1361 12625.0
1362 12625.0
1373 11889.0
1374 11889.0
1375 11751.0
1376 11751.0
1377 11751.0
1378 11629.0
1379 11629.0
1380 11629.0
1381 11629.0
1382 11546.0
1383 11546.0
1384 11546.0
1385 11546.0
1386 11546.0
1387 11546.0
1388 11546.0
1389 11546.0
1390 11389.0
1391 11389.0
1392 11389.0
1393 11389.0
1394 11389.0
1395 11389.0
1396 11389.0
1397 11389.0
1398 11389.0
1399 11253.0
1400 11245.0
1401 11245.0
1402 11245.0
1403 11245.0
1404 11245.0
1405 11203.0
1406 11203.0
1407 11203.0
1408 11203.0
1409 11203.0
1410 11203.0
1411 11201.0
1412 11201.0
1413 11201.0
1414 11201.0
1415 11201.0
1416 11201.0
1417 11201.0
1418 11201.0
1419 11201.0
1420 11126.0
1421 11126.0
1422 11126.0
1423 11126.0
1424 11126.0
1425 11126.0
1426 11126.0
1427 10186.0
1428 9970.0
1429 9970.0
1430 9895.0
1431 9895.0
1432 9895.0
1433 9895.0
1434 9863.0
1435 9863.0
1436 9863.0
1437 9863.0
1438 9863.0
1439 9863.0
1440 9863.0
1441 9863.0
1442 9863.0
1443 9863.0
1444 9863.0
1455 10669.0
1456 10669.0
1457 10669.0
1458 10669.0
1459 10547.0
1460 10547.0
1461 10547.0
1462 10547.0
1463 10547.0
1464 10547.0
1465 10547.0
1466 10547.0
1467 10547.0
1468 10190.0
1469 10138.0
1470 10021.0
1471 10021.0
1472 10021.0
1473 10021.0
1474 10021.0
1475 10021.0
1476 10021.0
1477 10021.0
1478 9905.0
1479 9905.0
1480 9905.0
1481 9905.0
1482 9905.0
1483 9905.0
1484 9905.0
1485 9905.0
1486 9905.0
1487 9675.0
1488 9569.0
1489 9569.0
1490 9512.0
1491 8900.0
1492 8900.0
1493 8900.0
1494 8900.0
1495 8900.0
1496 8892.0
1497 8892.0
1498 8892.0
1499 8892.0
1500 8892.0
1501 8892.0
1502 8892.0
1503 8892.0
1504 8892.0
1505 8892.0
1506 8892.0
1517 11231.0
1518 11231.0
1519 11231.0
1520 11231.0
1521 11231.0
1522 11231.0
1523 11231.0
1524 11231.0
1525 11231.0
1526 10264.0
1527 10264.0
1528 10264.0
1529 10264.0
1530 10264.0
1531 10264.0
1532 10264.0
1533 10264.0
1534 10264.0
1535 10264.0
1536 10264.0
1547 11120.0
1548 10933.0
1549 10933.0
1550 10799.0
1551 10799.0
1552 10799.0
1553 10799.0
1554 10799.0
1555 10799.0
1556 10642.0
1557 10256.0
1558 10256.0
1559 10256.0
1560 10256.0
1561 10256.0
1562 10256.0
1563 10256.0
1564 10256.0
1565 10256.0
1566 10256.0
1567 10256.0
1578 10748.0
1579 10748.0
1580 10748.0
1581 10748.0
1582 10748.0
1583 10748.0
1584 10748.0
1585 10748.0
1586 10748.0
1587 10748.0
1588 10748.0
1599 10240.0
1600 10240.0
1601 10240.0
1602 10240.0
1603 10240.0
1604 10240.0
1605 10240.0
1606 10240.0
1607 10240.0
1608 10240.0
1619 12862.0
1620 12862.0
1621 12862.0
1622 12239.0
1623 12097.0
1624 12097.0
1625 12097.0
1626 12097.0
1627 11956.0
1628 11956.0
1629 11956.0
1630 11956.0
1631 11956.0
1632 11956.0
1633 11956.0
1634 11956.0
1635 11956.0
1636 11956.0
1637 11956.0
1648 14111.0
1649 14111.0
1650 14111.0
1651 14111.0
1652 14111.0
1653 14111.0
1654 14111.0
1655 14111.0
1656 14111.0
1657 14111.0
1668 14076.0
1669 14076.0
1670 14076.0
1671 14076.0
1672 14032.0
1673 14032.0
1674 14032.0
1675 14032.0
1676 14032.0
1677 14032.0
1678 14032.0
1679 14032.0
1680 14032.0
1681 14032.0
1682 14032.0
1693 13840.0
1694 13840.0
1695 13840.0
1696 13840.0
1697 13840.0
1698 13840.0
1699 13840.0
1700 13840.0
1701 13840.0
1702 13840.0
1713 12340.0
1714 12340.0
1715 12340.0
1716 12340.0
1717 12340.0
1718 12340.0
1719 12340.0
1720 11388.0
1721 11274.0
1722 11200.0
1723 11200.0
1724 11200.0
1725 11200.0
1726 11200.0
1727 11200.0
1728 11200.0
1729 11200.0
1730 11200.0
1731 11200.0
1732 11200.0
1743 11063.0
1744 10976.0
1745 10976.0
1746 10792.0
1747 10792.0
1748 10792.0
1749 10792.0
1750 10792.0
1751 10792.0
1752 10792.0
1753 10792.0
1754 10792.0
1755 10792.0
1756 10649.0
1757 10649.0
1758 10649.0
1759 10649.0
1760 10649.0
1761 10649.0
1762 10649.0
1763 10649.0
1764 10649.0
1765 10649.0
1766 10649.0
1777 10585.0
1778 10585.0
1779 10585.0
1780 10585.0
1781 10585.0
1782 10585.0
1783 10585.0
1784 10585.0
1785 10585.0
1786 10585.0
1797 10681.0
1798 10681.0
1799 10681.0
1800 10681.0
1801 10681.0
1802 10681.0
1803 10681.0
1804 10681.0
1805 10681.0
1806 10681.0
1817 12289.0
1818 12289.0
1819 12142.0
1820 12142.0
1821 12142.0
1822 12142.0
1823 12142.0
1824 11996.0
1825 11996.0
1826 11996.0
1827 11996.0
1828 11996.0
1829 11996.0
1830 11996.0
1831 11996.0
1832 11996.0
1833 11996.0
1834 11996.0
1845 14299.0
1846 14299.0
1847 14299.0
1848 14299.0
1849 14299.0
1850 14299.0
1851 14299.0
1852 14299.0
1853 14299.0
1854 14299.0
1865 15376.0
1866 15376.0
1867 15376.0
1868 15376.0
1869 15376.0
1870 15376.0
1871 15376.0
1872 15376.0
1873 15376.0
1874 15376.0
1885 15283.0
1886 15283.0
1887 15283.0
1888 15283.0
1889 15283.0
1890 15283.0
1891 15283.0
1892 15283.0
1893 15283.0
1894 15283.0
1905 22261.0
1906 22261.0
1907 22261.0
1908 22261.0
1909 22261.0
1910 22261.0
1911 22261.0
1912 22261.0
1913 22261.0
1914 22261.0
1925 25567.0
1926 25567.0
1927 24989.0
1928 24902.0
1929 24902.0
1930 24902.0
1931 24902.0
1932 24902.0
1933 24902.0
1934 24902.0
1935 24902.0
1936 24251.0
1937 24251.0
1938 24147.0
1939 24147.0
1940 24147.0
1941 24147.0
1942 24147.0
1943 23508.0
1944 23508.0
1945 23508.0
1946 23508.0
1947 23508.0
1948 23508.0
1949 23508.0
1950 23086.0
1951 23086.0
1952 23086.0
1953 23086.0
1954 22876.0
1955 22668.0
1956 22668.0
1957 22668.0
1958 22668.0
1959 22668.0
1960 22668.0
1961 22460.0
1962 22460.0
1963 22460.0
1964 22460.0
1965 22048.0
1966 22048.0
1967 22048.0
1968 22048.0
1969 22048.0
1970 22048.0
1971 22048.0
1972 20088.0
1973 20088.0
1974 19925.0
1975 19925.0
1976 19879.0
1977 19879.0
1978 19879.0
1979 19591.0
1980 19591.0
1981 19591.0
1982 19591.0
1983 19591.0
1984 19591.0
1985 19591.0
1986 19591.0
1987 19399.0
1988 19399.0
1989 19399.0
1990 19399.0
1991 19399.0
1992 19399.0
1993 19019.0
1994 19019.0
1995 19019.0
1996 19019.0
1997 19019.0
1998 19019.0
1999 19019.0
2000 19019.0
2001 19019.0
2002 19019.0
2003 18887.0
2004 18887.0
2005 18887.0
2006 18840.0
2007 18840.0
2008 18840.0
2009 18819.0
2010 18793.0
2011 18711.0
2012 18656.0
2013 17220.0
2014 17220.0
2015 17220.0
2016 17220.0
2017 17220.0
2018 17220.0
2019 17220.0
2020 17093.0
2021 17093.0
2022 17093.0
2023 17093.0
2024 17093.0
2025 17093.0
2026 17093.0
2027 17093.0
2028 17093.0
2029 17093.0
2030 17093.0
2041 16592.0
2042 16592.0
2043 16592.0
2044 16592.0
2045 16592.0
2046 16592.0
2047 16592.0
2048 16592.0
2049 16592.0
2050 16592.0
2061 16592.0
2062 16592.0
2063 16592.0
2064 16592.0
2065 16592.0
2066 16592.0
2067 16592.0
2068 16076.0
2069 16073.0
2070 16073.0
2071 16049.0
2072 16049.0
2073 15907.0
2074 15907.0
2075 15907.0
2076 15907.0
2077 15907.0
2078 15907.0
2079 15907.0
2080 15907.0
2081 15907.0
2082 15907.0
2083 15907.0
2094 15907.0
2095 15907.0
2096 15907.0
2097 15907.0
2098 15907.0
2099 15907.0
2100 15907.0
2101 15907.0
2102 15907.0
2103 15907.0
2114 15590.0
2115 15590.0
2116 15590.0
2117 15590.0
2118 15488.0
2119 15488.0
2120 15325.0
2121 15325.0
2122 15325.0
2123 15160.0
2124 15160.0
2125 14206.0
2126 14206.0
2127 14206.0
2128 14206.0
2129 14206.0
2130 14206.0
2131 14206.0
2132 14206.0
2133 14206.0
2134 14206.0
2135 14206.0
2146 13273.0
2147 13273.0
2148 13273.0
2149 13253.0
2150 12823.0
2151 12823.0
2152 12823.0
2153 12823.0
2154 12823.0
2155 12823.0
2156 12823.0
2157 12676.0
2158 12662.0
2159 12662.0
2160 12536.0
2161 12536.0
2162 12536.0
2163 12536.0
2164 12536.0
2165 12536.0
2166 12246.0
2167 12246.0
2168 12246.0
2169 12246.0
2170 12246.0
2171 12246.0
2172 12246.0
2173 12246.0
2174 12246.0
2175 12246.0
2176 12246.0
2187 12750.0
2188 12730.0
2189 12730.0
2190 12730.0
2191 12478.0
2192 12478.0
2193 12478.0
2194 12339.0
2195 12226.0
2196 12148.0
2197 12148.0
2198 12118.0
2199 12118.0
2200 12118.0
2201 11857.0
2202 11416.0
2203 11416.0
2204 11416.0
2205 11416.0
2206 11416.0
2207 11416.0
2208 11416.0
2209 11416.0
2210 11416.0
2211 11416.0
2212 11416.0
2223 13446.0
2224 13446.0
2225 13446.0
2226 13446.0
2227 13446.0
2228 13446.0
2229 13446.0
2230 13446.0
2231 13446.0
2232 13446.0
2243 13250.0
2244 13250.0
2245 13142.0
2246 13142.0
2247 13142.0
2248 13142.0
2249 13118.0
2250 13104.0
2251 12850.0
2252 12850.0
2253 12850.0
2254 12704.0
2255 12704.0
2256 12704.0
2257 12704.0
2258 12704.0
2259 12704.0
2260 12704.0
2261 12704.0
2262 12704.0
2263 12704.0
2264 12559.0
2265 12559.0
2266 12455.0
2267 12455.0
2268 12455.0
2269 12455.0
2270 12455.0
2271 12455.0
2272 12455.0
2273 12455.0
2274 12455.0
2275 12455.0
2276 12455.0
2287 11056.0
2288 11056.0
2289 11056.0
2290 11056.0
2291 10923.0
2292 10863.0
2293 10863.0
2294 10863.0
2295 10863.0
2296 10863.0
2297 10863.0
2298 10863.0
2299 10863.0
2300 10863.0
2301 10863.0
2302 10863.0
2313 10737.0
2314 10737.0
2315 10737.0
2316 10481.0
2317 10481.0
2318 10481.0
2319 10481.0
2320 10481.0
2321 10481.0
2322 10481.0
2323 10481.0
2324 10481.0
2325 10481.0
2326 10383.0
2327 10383.0
2328 10277.0
2329 10277.0
2330 10277.0
2331 10277.0
2332 10277.0
2333 10277.0
2334 10277.0
2335 9551.0
2336 9451.0
2337 9451.0
2338 9451.0
2339 9451.0
2340 9451.0
2341 9215.0
2342 9215.0
2343 9215.0
2344 9215.0
2345 9215.0
2346 9215.0
2347 9215.0
2348 9215.0
2349 8992.0
2350 8992.0
2351 8992.0
2352 8992.0
2353 8992.0
2354 8992.0
2355 8992.0
2356 8992.0
2357 8992.0
2358 8992.0
2359 8992.0
2370 9275.0
2371 9275.0
2372 9275.0
2373 9275.0
2374 9275.0
2375 9275.0
2376 9275.0
2377 9275.0
2378 9275.0
2379 9275.0
2390 9360.0
2391 9360.0
2392 9360.0
2393 9144.0
2394 9144.0
2395 9144.0
2396 9144.0
2397 9144.0
2398 9144.0
2399 9144.0
2400 9144.0
2401 9144.0
2402 9144.0
2403 9144.0
2414 8908.0
2415 8908.0
2416 8908.0
2417 8908.0
2418 8908.0
2419 8770.0
2420 8736.0
2421 8736.0
2422 8736.0
2423 8736.0
2424 8736.0
2425 8736.0
2426 8736.0
2427 8736.0
2428 8622.0
2429 8516.0
2430 8516.0
2431 8516.0
2432 8516.0
2433 8516.0
2434 8516.0
2435 8516.0
2436 8516.0
2437 8516.0
2438 8516.0
2439 8516.0
2450 8539.0
2451 8539.0
2452 8539.0
2453 8539.0
2454 8539.0
2455 8539.0
2456 8539.0
2457 8539.0
2458 8539.0
2459 8539.0
2470 8539.0
2471 8539.0
2472 8539.0
2473 8539.0
2474 8539.0
2475 8538.0
2476 8538.0
2477 8538.0
2478 8538.0
2479 8538.0
2480 8538.0
2481 8538.0
2482 8538.0
2483 8538.0
2484 8538.0
2485 8389.0
2486 8389.0
2487 8389.0
2488 8343.0
2489 7923.0
2490 7923.0
2491 7864.0
2492 7864.0
2493 7810.0
2494 7810.0
2495 7810.0
2496 7810.0
2497 7810.0
2498 7810.0
2499 7810.0
2500 7810.0
2501 7810.0
2502 7810.0
2503 7810.0
2514 8387.0
2515 8367.0
2516 8367.0
2517 8367.0
2518 8367.0
2519 8367.0
2520 8367.0
2521 8367.0
2522 8367.0
2523 8367.0
2524 8367.0
2525 8367.0
2536 8449.0
2537 8449.0
2538 8449.0
2539 8449.0
2540 8449.0
2541 8449.0
2542 8449.0
2543 8449.0
2544 7775.0
2545 7775.0
2546 7580.0
2547 7580.0
2548 7580.0
2549 7580.0
2550 7580.0
2551 7578.0
2552 7578.0
2553 7128.0
2554 7128.0
2555 7128.0
2556 7128.0
2557 7128.0
2558 7128.0
2559 7128.0
2560 6890.0
2561 6890.0
2562 6890.0
2563 6890.0
2564 6890.0
2565 6890.0
2566 6890.0
2567 6890.0
2568 6890.0
2569 6890.0
2570 6890.0
2581 6742.0
2582 6742.0
2583 6742.0
2584 6742.0
2585 6742.0
2586 6484.0
2587 6484.0
2588 6484.0
2589 6484.0
2590 6436.0
2591 6436.0
2592 6288.0
2593 6282.0
2594 6282.0
2595 6281.0
2596 6281.0
2597 6281.0
2598 6281.0
2599 6162.0
2600 6162.0
2601 6162.0
2602 6099.0
2603 6099.0
2604 6099.0
2605 6099.0
2606 6050.0
2607 6050.0
2608 6050.0
2609 6050.0
2610 6050.0
2611 6050.0
2612 5966.0
2613 5966.0
2614 5966.0
2615 5966.0
2616 5877.0
2617 5877.0
2618 5877.0
2619 5877.0
2620 5877.0
2621 5877.0
2622 5877.0
2623 5877.0
2624 5877.0
2625 5877.0
2626 5877.0
2637 5867.0
2638 5714.0
2639 5714.0
2640 5714.0
2641 5714.0
2642 5714.0
2643 5714.0
2644 5714.0
2645 5714.0
2646 5714.0
2647 5606.0
2648 5606.0
2649 5606.0
2650 5606.0
2651 5606.0
2652 5606.0
2653 5606.0
2654 5606.0
2655 5606.0
2656 5606.0
2657 5606.0
2668 5463.0
2669 5387.0
2670 5387.0
2671 5387.0
2672 5387.0
2673 5387.0
2674 5387.0
2675 5387.0
2676 5387.0
2677 5387.0
2678 5340.0
2679 5340.0
2680 5340.0
2681 5340.0
2682 5340.0
2683 5340.0
2684 5340.0
2685 5340.0
2686 5334.0
2687 5334.0
2688 5334.0
2689 5334.0
2690 5334.0
2691 5334.0
2692 5334.0
2693 5334.0
2694 5334.0
2695 5334.0
2696 5334.0
2707 5246.0
2708 5246.0
2709 5246.0
2710 5246.0
2711 5246.0
2712 5246.0
2713 5246.0
2714 5246.0
2715 5124.0
2716 5124.0
2717 4875.0
2718 4868.0
2719 4868.0
2720 4868.0
2721 4868.0
2722 4868.0
2723 4868.0
2724 4786.0
2725 4786.0
2726 4786.0
2727 4786.0
2728 4675.0
2729 4675.0
2730 4675.0
2731 4675.0
2732 4675.0
2733 4675.0
2734 4675.0
2735 4675.0
2736 4627.0
2737 4627.0
2738 4627.0
2739 4627.0
2740 4627.0
2741 4627.0
2742 4627.0
2743 4627.0
2744 4627.0
2745 4627.0
2746 4627.0
2757 4691.0
2758 4691.0
2759 4691.0
2760 4691.0
2761 4691.0
2762 4689.0
2763 4689.0
2764 4682.0
2765 4589.0
2766 4530.0
2767 4530.0
2768 4367.0
2769 4367.0
2770 4367.0
2771 4367.0
2772 4367.0
2773 4367.0
2774 4367.0
2775 4367.0
2776 4367.0
2777 4367.0
2778 4367.0
2789 4289.0
2790 4289.0
2791 4289.0
2792 4289.0
2793 4289.0
2794 4289.0
2795 4289.0
2796 4289.0
2797 4289.0
2798 4238.0
2799 4140.0
2800 4140.0
2801 4107.0
2802 4107.0
2803 4107.0
2804 4107.0
2805 4107.0
2806 4107.0
2807 4107.0
2808 4107.0
2809 4107.0
2810 4107.0
2811 4107.0
2822 4179.0
2823 4162.0
2824 4162.0
2825 4162.0
2826 4162.0
2827 4162.0
2828 4162.0
2829 4162.0
2830 4162.0
2831 4162.0
2832 4162.0
2833 4080.0
2834 4080.0
2835 4080.0
2836 4080.0
2837 4080.0
2838 4080.0
2839 4080.0
2840 4080.0
2841 4080.0
2842 4080.0
2843 4080.0
2854 4062.0
2855 4062.0
2856 4062.0
2857 3942.0
2858 3942.0
2859 3942.0
2860 3929.0
2861 3929.0
2862 3929.0
2863 3929.0
2864 3929.0
2865 3929.0
2866 3929.0
2867 3929.0
2868 3929.0
2869 3842.0
2870 3842.0
2871 3842.0
2872 3842.0
2873 3842.0
2874 3842.0
2875 3842.0
2876 3842.0
2877 3559.0
2878 3559.0
2879 3559.0
2880 3559.0
2881 3559.0
2882 3559.0
2883 3559.0
2884 3375.0
2885 3375.0
2886 3375.0
2887 3375.0
2888 3375.0
2889 3375.0
2890 3375.0
2891 3375.0
2892 3375.0
2893 3375.0
2894 3375.0
2905 3368.0
2906 3368.0
2907 3368.0
2908 3368.0
2909 3368.0
2910 3368.0
2911 3368.0
2912 3346.0
2913 3346.0
2914 3346.0
2915 3346.0
2916 3346.0
2917 3346.0
2918 3346.0
2919 3284.0
2920 3284.0
2921 3284.0
2922 3284.0
2923 3284.0
2924 3284.0
2925 3284.0
2926 3284.0
2927 3276.0
2928 3276.0
2929 3276.0
2930 3276.0
2931 3276.0
2932 3276.0
2933 3276.0
2934 3276.0
2935 3276.0
2936 3276.0
2937 3276.0
2948 3193.0
2949 3193.0
2950 3193.0
2951 3193.0
2952 3193.0
2953 3193.0
2954 3193.0
2955 3193.0
2956 3193.0
2957 3193.0
2968 3508.0
2969 3508.0
2970 3508.0
2971 3508.0
2972 3508.0
2973 3508.0
2974 3484.0
2975 3462.0
2976 3423.0
2977 3261.0
2978 3261.0
2979 3012.0
2980 3012.0
2981 3012.0
2982 3012.0
2983 3012.0
2984 3012.0
2985 3012.0
2986 3012.0
2987 3012.0
2988 3012.0
2989 3012.0
3000 2897.0
3001 2897.0
3002 2897.0
3003 2897.0
3004 2897.0
3005 2897.0
3006 2897.0
3007 2897.0
3008 2897.0
3009 2897.0
3020 3633.0
3021 3633.0
3022 3633.0
3023 3633.0
3024 3633.0
3025 3633.0
3026 3633.0
3027 3633.0
3028 3633.0
3029 3633.0
3040 3484.0
3041 3484.0
3042 3484.0
3043 3484.0
3044 3484.0
3045 3484.0
3046 3484.0
3047 3484.0
3048 3484.0
3049 3484.0
3060 3511.0
3061 3511.0
3062 3504.0
3063 3379.0
3064 3379.0
3065 3379.0
3066 3379.0
3067 3304.0
3068 3304.0
3069 3304.0
3070 3304.0
3071 3304.0
3072 3304.0
3073 3268.0
3074 3268.0
3075 3268.0
3076 3228.0
3077 3228.0
3078 3228.0
3079 3228.0
3080 3228.0
3081 3228.0
3082 3228.0
3083 3228.0
3084 3228.0
3085 3228.0
3086 3228.0
3097 3161.0
3098 3161.0
3099 3161.0
3100 3161.0
3101 3161.0
3102 3161.0
3103 3161.0
3104 3161.0
3105 3161.0
3106 3161.0
3117 3131.0
3118 3131.0
3119 3131.0
3120 3131.0
3121 3131.0
3122 3131.0
3123 3127.0
3124 3127.0
3125 3099.0
3126 3099.0
3127 3091.0
3128 3091.0
3129 3091.0
3130 3091.0
3131 3037.0
3132 3037.0
3133 3037.0
3134 3037.0
3135 3037.0
3136 3037.0
3137 3037.0
3138 2976.0
3139 2976.0
3140 2976.0
3141 2976.0
3142 2976.0
3143 2976.0
3144 2976.0
3145 2976.0
3146 2972.0
3147 2972.0
3148 2972.0
3149 2972.0
3150 2972.0
3151 2972.0
3152 2972.0
3153 2972.0
3154 2972.0
3155 2972.0
3156 2972.0
3167 2984.0
3168 2984.0
3169 2933.0
3170 2933.0
3171 2933.0
3172 2933.0
3173 2933.0
3174 2933.0
3175 2933.0
3176 2933.0
3177 2933.0
3178 2933.0
3179 2933.0
3190 2959.0
3191 2959.0
3192 2959.0
3193 2959.0
3194 2959.0
3195 2951.0
3196 2951.0
3197 2951.0
3198 2951.0
3199 2951.0
3200 2949.0
3201 2949.0
3202 2949.0
3203 2949.0
3204 2927.0
3205 2927.0
3206 2927.0
3207 2927.0
3208 2927.0
3209 2927.0
3210 2927.0
3211 2927.0
3212 2927.0
3213 2927.0
3214 2927.0
3225 2860.0
3226 2860.0
3227 2860.0
3228 2860.0
3229 2860.0
3230 2860.0
3231 2860.0
3232 2860.0
3233 2860.0
3234 2845.0
3235 2845.0
3236 2845.0
3237 2845.0
3238 2845.0
3239 2845.0
3240 2845.0
3241 2845.0
3242 2845.0
3243 2845.0
3244 2845.0
3255 2878.0
3256 2878.0
3257 2878.0
3258 2878.0
3259 2878.0
3260 2878.0
3261 2878.0
3262 2878.0
3263 2878.0
3264 2878.0
3275 2690.0
3276 2690.0
3277 2690.0
3278 2690.0
3279 2690.0
3280 2690.0
3281 2690.0
3282 2690.0
3283 2690.0
3284 2690.0
3295 2737.0
3296 2737.0
3297 2737.0
3298 2656.0
3299 2656.0
3300 2656.0
3301 2656.0
3302 2656.0
3303 2656.0
3304 2656.0
3305 2656.0
3306 2656.0
3307 2656.0
3308 2656.0
3319 2974.0
3320 2974.0
3321 2974.0
3322 2938.0
3323 2938.0
3324 2938.0
3325 2938.0
3326 2938.0
3327 2938.0
3328 2931.0
3329 2931.0
3330 2917.0
3331 2917.0
3332 2917.0
3333 2917.0
3334 2917.0
3335 2917.0
3336 2917.0
3337 2917.0
3338 2917.0
3339 2917.0
3340 2691.0
3341 2650.0
3342 2650.0
3343 2650.0
3344 2650.0
3345 2650.0
3346 2650.0
3347 2650.0
3348 2650.0
3349 2650.0
3350 2650.0
3351 2650.0
3362 2737.0
3363 2737.0
3364 2737.0
3365 2629.0
3366 2629.0
3367 2629.0
3368 2629.0
3369 2629.0
3370 2629.0
3371 2629.0
3372 2629.0
3373 2629.0
3374 2629.0
3375 2629.0
3386 2713.0
3387 2622.0
3388 2567.0
3389 2567.0
3390 2567.0
3391 2567.0
3392 2567.0
3393 2567.0
3394 2567.0
3395 2567.0
3396 2567.0
3397 2567.0
3398 2567.0
3409 3390.0
3410 3390.0
3411 3390.0
3412 3390.0
3413 3390.0
3414 3256.0
3415 3256.0
3416 3256.0
3417 3256.0
3418 3214.0
3419 3214.0
3420 3214.0
3421 3214.0
3422 3212.0
3423 3036.0
3424 3036.0
3425 3036.0
3426 3036.0
3427 3036.0
3428 3036.0
3429 3036.0
3430 3032.0
3431 3032.0
3432 3032.0
3433 3020.0
3434 3020.0
3435 3020.0
3436 3020.0
3437 3020.0
3438 3020.0
3439 3015.0
3440 3015.0
3441 3015.0
3442 3015.0
3443 2900.0
3444 2900.0
3445 2900.0
3446 2900.0
3447 2900.0
3448 2900.0
3449 2900.0
3450 2900.0
3451 2900.0
3452 2900.0
3453 2900.0
3464 2899.0
3465 2899.0
3466 2899.0
3467 2899.0
3468 2899.0
3469 2899.0
3470 2899.0
3471 2899.0
3472 2899.0
3473 2899.0
3484 2998.0
3485 2998.0
3486 2998.0
3487 2998.0
3488 2998.0
3489 2998.0
3490 2998.0
3491 2998.0
3492 2998.0
3493 2998.0
3504 2984.0
3505 2984.0
3506 2984.0
3507 2984.0
3508 2984.0
3509 2984.0
3510 2984.0
3511 2984.0
3512 2984.0
3513 2984.0
3524 2738.0
3525 2738.0
3526 2738.0
3527 2738.0
3528 2738.0
3529 2738.0
3530 2738.0
3531 2738.0
3532 2738.0
3533 2738.0
3544 2761.0
3545 2761.0
3546 2749.0
3547 2749.0
3548 2749.0
3549 2749.0
3550 2749.0
3551 2749.0
3552 2749.0
3553 2749.0
3554 2738.0
3555 2738.0
3556 2738.0
3557 2738.0
3558 2595.0
3559 2595.0
3560 2595.0
3561 2595.0
3562 2595.0
3563 2595.0
3564 2595.0
3565 2595.0
3566 2595.0
3567 2595.0
3568 2595.0
3579 2621.0
3580 2612.0
3581 2612.0
3582 2612.0
3583 2612.0
3584 2612.0
3585 2612.0
3586 2612.0
3587 2612.0
3588 2595.0
3589 2595.0
3590 2595.0
3591 2595.0
3592 2595.0
3593 2586.0
3594 2586.0
3595 2586.0
3596 2586.0
3597 2586.0
3598 2586.0
3599 2586.0
3600 2586.0
3601 2586.0
3602 2586.0
3603 2586.0
3614 2684.0
3615 2684.0
3616 2684.0
3617 2684.0
3618 2684.0
3619 2684.0
3620 2684.0
3621 2684.0
3622 2684.0
3623 2631.0
3624 2631.0
3625 2631.0
3626 2631.0
3627 2631.0
3628 2631.0
3629 2631.0
3630 2631.0
3631 2631.0
3632 2631.0
3633 2631.0
3644 2666.0
3645 2631.0
3646 2631.0
3647 2631.0
3648 2631.0
3649 2631.0
3650 2631.0
3651 2631.0
3652 2594.0
3653 2594.0
3654 2594.0
3655 2594.0
3656 2594.0
3657 2594.0
3658 2594.0
3659 2594.0
3660 2594.0
3661 2594.0
3662 2594.0
3673 2630.0
3674 2630.0
3675 2630.0
3676 2603.0
3677 2603.0
3678 2603.0
3679 2603.0
3680 2603.0
3681 2603.0
3682 2540.0
3683 2540.0
3684 2540.0
3685 2540.0
3686 2540.0
3687 2443.0
3688 2443.0
3689 2443.0
3690 2443.0
3691 2443.0
3692 2443.0
3693 2443.0
3694 2443.0
3695 2443.0
3696 2443.0
3697 2443.0
3708 2533.0
3709 2533.0
3710 2533.0
3711 2492.0
3712 2492.0
3713 2492.0
3714 2492.0
3715 2479.0
3716 2479.0
3717 2422.0
3718 2422.0
3719 2422.0
3720 2422.0
3721 2422.0
3722 2422.0
3723 2422.0
3724 2422.0
3725 2422.0
3726 2422.0
3727 2422.0
3738 2404.0
3739 2404.0
3740 2404.0
3741 2357.0
3742 2357.0
3743 2357.0
3744 2357.0
3745 2357.0
3746 2357.0
3747 2357.0
3748 2357.0
3749 2357.0
3750 2357.0
3751 2357.0
3762 2353.0
3763 2353.0
3764 2353.0
3765 2353.0
3766 2353.0
3767 2353.0
3768 2353.0
3769 2353.0
3770 2353.0
3771 2353.0
3782 2370.0
3783 2353.0
3784 2353.0
3785 2353.0
3786 2353.0
3787 2353.0
3788 2353.0
3789 2353.0
3790 2353.0
3791 2336.0
3792 2336.0
3793 2336.0
3794 2336.0
3795 2336.0
3796 2336.0
3797 2336.0
3798 2336.0
3799 2336.0
3800 2336.0
3801 2336.0
3812 2322.0
3813 2322.0
3814 2322.0
3815 2322.0
3816 2322.0
3817 2322.0
3818 2322.0
3819 2322.0
3820 2322.0
3821 2322.0
3832 2292.0
3833 2292.0
3834 2292.0
3835 2292.0
3836 2292.0
3837 2292.0
3838 2292.0
3839 2292.0
3840 2292.0
3841 2292.0
3852 2349.0
3853 2349.0
3854 2349.0
3855 2300.0
3856 2300.0
3857 2300.0
3858 2300.0
3859 2300.0
3860 2269.0
3861 2269.0
3862 2269.0
3863 2269.0
3864 2269.0
3865 2269.0
3866 2269.0
3867 2269.0
3868 2269.0
3869 2269.0
3870 2269.0
3881 2271.0
3882 2271.0
3883 2271.0
3884 2259.0
3885 2259.0
3886 2259.0
3887 2259.0
3888 2259.0
3889 2259.0
3890 2241.0
3891 2241.0
3892 2241.0
3893 2241.0
3894 2241.0
3895 2241.0
3896 2241.0
3897 2241.0
3898 2241.0
3899 2241.0
3900 2241.0
3911 2290.0
3912 2290.0
3913 2290.0
3914 2290.0
3915 2290.0
3916 2290.0
3917 2290.0
3918 2290.0
3919 2290.0
3920 2290.0
3931 2259.0
3932 2259.0
3933 2259.0
3934 2259.0
3935 2259.0
3936 2259.0
3937 2259.0
3938 2259.0
3939 2259.0
3940 2239.0
3941 2238.0
3942 2186.0
3943 2186.0
3944 2186.0
3945 2186.0
3946 2186.0
3947 2186.0
3948 2186.0
3949 2186.0
3950 2186.0
3951 2186.0
3952 2186.0
3963 2134.0
3964 2134.0
3965 2134.0
3966 2134.0
3967 2134.0
3968 2134.0
3969 2134.0
3970 2134.0
3971 2134.0
3972 2134.0
3983 2121.0
3984 2121.0
3985 2121.0
3986 2121.0
3987 2121.0
3988 2121.0
3989 2111.0
3990 2111.0
3991 2111.0
3992 2111.0
3993 2111.0
3994 2111.0
3995 2111.0
3996 2111.0
3997 2111.0
3998 2111.0
3999 2111.0
4010 2151.0
4011 2141.0
4012 2141.0
4013 2141.0
4014 2141.0
4015 2127.0
4016 2127.0
4017 2127.0
4018 2127.0
4019 2127.0
4020 2127.0
4021 2127.0
4022 2127.0
4023 2113.0
4024 2113.0
4025 2113.0
4026 2113.0
4027 2113.0
4028 2113.0
4029 2113.0
4030 2113.0
4031 2113.0
4032 2113.0
4033 2113.0
4044 2121.0
4045 2121.0
4046 2121.0
4047 2121.0
4048 2121.0
4049 2121.0
4050 2121.0
4051 2075.0
4052 2075.0
4053 2075.0
4054 2075.0
4055 2075.0
4056 2075.0
4057 2075.0
4058 2075.0
4059 2075.0
4060 2075.0
4061 2075.0
4072 2125.0
4073 2125.0
4074 2075.0
4075 2075.0
4076 2075.0
4077 2075.0
4078 2075.0
4079 2075.0
4080 2075.0
4081 2075.0
4082 2075.0
4083 2075.0
4084 2075.0
4095 2122.0
4096 2122.0
4097 2122.0
4098 2122.0
4099 2122.0
4100 2122.0
4101 2122.0
4102 2122.0
4103 2122.0
4104 2122.0
4105 2122.0
4116 2177.0
4117 2177.0
4118 2177.0
4119 2159.0
4120 2159.0
4121 2159.0
4122 2159.0
4123 2159.0
4124 2159.0
4125 2159.0
4126 2159.0
4127 2159.0
4128 2159.0
4129 2159.0
4140 2146.0
4141 2146.0
4142 2146.0
4143 2146.0
4144 2146.0
4145 2146.0
4146 2146.0
4147 2146.0
4148 2146.0
4149 2146.0
4160 2340.0
4161 2340.0
4162 2340.0
4163 2340.0
4164 2340.0
4165 2340.0
4166 2340.0
4167 2340.0
4168 2334.0
4169 2334.0
4170 2334.0
4171 2334.0
4172 2334.0
4173 2334.0
4174 2334.0
4175 2334.0
4176 2334.0
4177 2334.0
4178 2334.0
4189 2318.0
4190 2318.0
4191 2318.0
4192 2318.0
4193 2318.0
4194 2290.0
4195 2290.0
4196 2290.0
4197 2258.0
4198 2258.0
4199 2258.0
4200 2258.0
4201 2258.0
4202 2258.0
4203 2258.0
4204 2258.0
4205 2258.0
4206 2258.0
4207 2258.0
4218 2292.0
4219 2292.0
4220 2292.0
4221 2292.0
4222 2292.0
4223 2292.0
4224 2180.0
4225 2180.0
4226 2180.0
4227 2180.0
4228 2180.0
4229 2180.0
4230 2180.0
4231 2180.0
4232 2180.0
4233 2180.0
4234 2180.0
4245 2233.0
4246 2233.0
4247 2233.0
4248 2233.0
4249 2217.0
4250 2217.0
4251 2217.0
4252 2205.0
4253 2205.0
4254 2179.0
4255 2179.0
4256 2179.0
4257 2179.0
4258 2179.0
4259 2179.0
4260 2179.0
4261 2179.0
4262 2179.0
4263 2179.0
4264 2179.0
4275 2205.0
4276 2205.0
4277 2205.0
4278 2205.0
4279 2205.0
4280 2205.0
4281 2205.0
4282 2205.0
4283 2205.0
4284 2205.0
4295 2294.0
4296 2294.0
4297 2294.0
4298 2294.0
4299 2294.0
4300 2294.0
4301 2294.0
4302 2294.0
4303 2294.0
4304 2294.0
4305 2294.0
4316 2338.0
4317 2338.0
4318 2338.0
4319 2338.0
4320 2338.0
4321 2338.0
4322 2338.0
4323 2326.0
4324 2326.0
4325 2326.0
4326 2326.0
4327 2326.0
4328 2326.0
4329 2326.0
4330 2326.0
4331 2326.0
4332 2326.0
4333 2326.0
4344 2292.0
4345 2292.0
4346 2292.0
4347 2292.0
4348 2292.0
4349 2292.0
4350 2292.0
4351 2292.0
4352 2292.0
4353 2292.0
4354 2292.0
4365 2134.0
4366 2134.0
4367 2134.0
4368 2134.0
4369 2134.0
4370 2134.0
4371 2134.0
4372 2134.0
4373 2134.0
4374 2134.0
4385 2176.0
4386 2176.0
4387 2176.0
4388 2176.0
4389 2176.0
4390 2176.0
4391 2176.0
4392 2176.0
4393 2176.0
4394 2176.0
4405 2404.0
4406 2404.0
4407 2404.0
4408 2404.0
4409 2404.0
4410 2369.0
4411 2369.0
4412 2369.0
4413 2369.0
4414 2369.0
4415 2369.0
4416 2369.0
4417 2189.0
4418 2189.0
4419 2189.0
4420 2189.0
4421 2189.0
4422 2189.0
4423 2189.0
4424 2189.0
4425 2189.0
4426 2189.0
4427 2157.0
4428 2157.0
4429 2117.0
4430 2117.0
4431 2117.0
4432 2117.0
4433 2117.0
4434 2117.0
4435 2117.0
4436 2117.0
4437 2117.0
4438 2117.0
4439 2117.0
4450 2171.0
4451 2171.0
4452 2171.0
4453 2162.0
4454 2162.0
4455 2162.0
4456 2161.0
4457 2161.0
4458 2161.0
4459 2161.0
4460 2161.0
4461 2161.0
4462 2161.0
4463 2161.0
4464 2161.0
4465 2161.0
4466 2161.0
4477 2582.0
4478 2582.0
4479 2582.0
4480 2582.0
4481 2582.0
4482 2582.0
4483 2561.0
4484 2561.0
4485 2561.0
4486 2561.0
4487 2551.0
4488 2551.0
4489 2551.0
4490 2551.0
4491 2551.0
4492 2551.0
4493 2551.0
4494 2551.0
4495 2551.0
4496 2521.0
4497 2521.0
4498 2520.0
4499 2520.0
4500 2520.0
4501 2520.0
4502 2520.0
4503 2520.0
4504 2520.0
4505 2520.0
4506 2520.0
4507 2520.0
4508 2520.0
4519 2347.0
4520 2347.0
4521 2347.0
4522 2347.0
4523 2347.0
4524 2347.0
4525 2347.0
4526 2347.0
4527 2347.0
4528 2347.0
4539 2208.0
4540 2208.0
4541 2208.0
4542 2208.0
4543 2208.0
4544 2208.0
4545 2208.0
4546 2208.0
4547 2208.0
4548 2208.0
4559 2369.0
4560 2369.0
4561 2361.0
4562 2361.0
4563 2361.0
4564 2361.0
4565 2357.0
4566 2357.0
4567 2357.0
4568 2337.0
4569 2337.0
4570 2337.0
4571 2337.0
4572 2337.0
4573 2337.0
4574 2337.0
4575 2337.0
4576 2337.0
4577 2337.0
4578 2337.0
4589 2329.0
4590 2329.0
4591 2231.0
4592 2231.0
4593 2231.0
4594 2231.0
4595 2231.0
4596 2231.0
4597 2231.0
4598 2231.0
4599 2231.0
4600 2231.0
4601 2231.0
4612 2621.0
4613 2621.0
4614 2621.0
4615 2621.0
4616 2621.0
4617 2621.0
4618 2621.0
4619 2621.0
4620 2621.0
4621 2621.0
4632 2508.0
4633 2508.0
4634 2508.0
4635 2508.0
4636 2508.0
4637 2508.0
4638 2508.0
4639 2508.0
4640 2508.0
4641 2508.0
4652 2548.0
4653 2548.0
4654 2548.0
4655 2548.0
4656 2548.0
4657 2548.0
4658 2548.0
4659 2548.0
4660 2548.0
4661 2548.0
4672 2412.0
4673 2412.0
4674 2412.0
4675 2412.0
4676 2412.0
4677 2412.0
4678 2396.0
4679 2396.0
4680 2396.0
4681 2396.0
4682 2396.0
4683 2396.0
4684 2396.0
4685 2396.0
4686 2396.0
4687 2396.0
4688 2396.0
4699 2299.0
4700 2299.0
4701 2262.0
4702 2262.0
4703 2262.0
4704 2262.0
4705 2262.0
4706 2207.0
4707 2207.0
4708 2207.0
4709 2207.0
4710 2207.0
4711 2207.0
4712 2207.0
4713 2207.0
4714 2207.0
4715 2207.0
4716 2207.0
4727 2242.0
4728 2242.0
4729 2242.0
4730 2242.0
4731 2242.0
4732 2242.0
4733 2239.0
4734 2239.0
4735 2235.0
4736 2235.0
4737 2235.0
4738 2235.0
4739 2235.0
4740 2235.0
4741 2169.0
4742 2169.0
4743 2169.0
4744 2165.0
4745 2165.0
4746 2165.0
4747 2165.0
4748 2165.0
4749 2165.0
4750 2165.0
4751 2165.0
4752 2165.0
4753 2165.0
4754 2165.0
4765 2195.0
4766 2195.0
4767 2195.0
4768 2195.0
4769 2157.0
4770 2157.0
4771 2157.0
4772 2157.0
4773 2157.0
4774 2157.0
4775 2157.0
4776 2157.0
4777 2157.0
4778 2157.0
4779 2157.0
4790 2195.0
4791 2195.0
4792 2195.0
4793 2195.0
4794 2195.0
4795 2195.0
4796 2195.0
4797 2195.0
4798 2195.0
4799 2195.0
4810 2152.0
4811 2152.0
4812 2152.0
4813 2152.0
4814 2152.0
4815 2152.0
4816 2152.0
4817 2152.0
4818 2152.0
4819 2152.0
4830 2523.0
4831 2523.0
4832 2523.0
4833 2523.0
4834 2523.0
4835 2523.0
4836 2523.0
4837 2523.0
4838 2523.0
4839 2523.0
4850 2515.0
4851 2515.0
4852 2515.0
4853 2515.0
4854 2221.0
4855 2221.0
4856 2221.0
4857 2221.0
4858 2221.0
4859 2221.0
4860 2221.0
4861 2221.0
4862 2221.0
4863 2221.0
4864 2221.0
4875 2502.0
4876 2502.0
4877 2502.0
4878 2197.0
4879 2190.0
4880 2190.0
4881 2190.0
4882 2190.0
4883 2190.0
4884 2190.0
4885 2190.0
4886 2190.0
4887 2190.0
4888 2190.0
4889 2190.0
4900 2239.0
4901 2239.0
4902 2149.0
4903 2149.0
4904 2149.0
4905 2149.0
4906 2149.0
4907 2149.0
4908 2149.0
4909 2149.0
4910 2149.0
4911 2149.0
4912 2149.0
4923 2227.0
4924 2227.0
4925 2227.0
4926 2227.0
4927 2227.0
4928 2157.0
4929 2157.0
4930 2157.0
4931 2157.0
4932 2157.0
4933 2157.0
4934 2157.0
4935 2157.0
4936 2157.0
4937 2157.0
4938 2157.0
4949 2196.0
4950 2196.0
4951 2166.0
4952 2086.0
4953 2086.0
4954 2086.0
4955 2086.0
4956 2086.0
4957 2086.0
4958 2086.0
4959 2076.0
4960 2076.0
4961 2076.0
4962 2076.0
4963 2076.0
4964 2076.0
4965 2076.0
4966 2076.0
4967 2076.0
4968 2076.0
4969 2076.0
4980 1996.0
4981 1996.0
4982 1996.0
4983 1996.0
4984 1996.0
4985 1996.0
4986 1996.0
4987 1996.0
4988 1996.0
4989 1996.0
