0 64629.0
1 64270.0
2 63914.0
3 63914.0
4 63202.0
5 63202.0
6 63202.0
7 63202.0
8 63202.0
9 63202.0
10 63202.0
11 62494.0
12 62494.0
13 62494.0
14 62494.0
15 61789.0
16 61789.0
17 61438.0
18 61438.0
19 61438.0
20 61438.0
21 61438.0
22 61438.0
23 60392.0
24 60047.0
25 60047.0
26 60047.0
27 60047.0
28 60047.0
29 60047.0
30 60047.0
31 60047.0
32 60047.0
33 59701.0
34 59356.0
35 59356.0
36 59012.0
37 59012.0
38 59012.0
39 58669.0
40 58329.0
41 57988.0
42 57988.0
43 57988.0
44 57988.0
45 57988.0
46 54318.0
47 54318.0
48 54318.0
49 53337.0
50 53337.0
51 53337.0
52 53011.0
53 53011.0
54 53011.0
55 52363.0
56 52363.0
57 52363.0
58 52363.0
59 52363.0
60 52040.0
61 52040.0
62 52040.0
63 52040.0
64 52040.0
65 52040.0
66 50443.0
67 50443.0
68 50133.0
69 50133.0
70 50133.0
71 50133.0
72 50133.0
73 50133.0
74 50133.0
75 50133.0
76 50133.0
77 50133.0
78 50129.0
79 50129.0
80 49818.0
81 49818.0
82 49818.0
83 49818.0
84 49818.0
85 49818.0
86 49818.0
87 49189.0
88 49189.0
89 49189.0
90 49189.0
91 48256.0
92 48256.0
93 48256.0
94 48256.0
95 48256.0
96 48256.0
97 47946.0
98 47945.0
99 47639.0
100 47331.0
101 47331.0
102 47331.0
103 47331.0
104 47331.0
105 47331.0
106 47331.0
107 47331.0
108 46416.0
109 46416.0
110 46416.0
111 46416.0
112 46416.0
113 46416.0
114 46112.0
115 45508.0
116 45508.0
117 44611.0
118 44315.0
119 44315.0
120 44018.0
121 43722.0
122 43722.0
123 43722.0
124 43722.0
125 43722.0
126 43722.0
127 43722.0
128 43722.0
129 43722.0
130 43722.0
131 43722.0
142 41400.0
143 41113.0
144 41113.0
145 41113.0
146 41113.0
147 40827.0
148 40827.0
149 40827.0
150 40827.0
151 40827.0
152 40827.0
153 40543.0
154 40543.0
155 40543.0
156 40543.0
157 40259.0
158 40259.0
159 40259.0
160 39976.0
161 39976.0
162 39976.0
163 39414.0
164 39414.0
165 39414.0
166 39414.0
167 39414.0
168 39414.0
169 39414.0
170 39414.0
171 39414.0
172 39414.0
173 39414.0
184 38856.0
185 38856.0
186 38025.0
187 37768.0
188 37494.0
189 37494.0
190 36679.0
191 36409.0
192 35883.0
193 35883.0
194 35883.0
195 35883.0
196 35883.0
197 35883.0
198 35350.0
199 35350.0
200 35350.0
201 35350.0
202 33790.0
203 33790.0
204 33544.0
205 33544.0
206 33542.0
207 33540.0
208 33539.0
209 33539.0
210 33539.0
211 33287.0
212 33287.0
213 33287.0
214 33287.0
215 33287.0
216 33287.0
217 33287.0
218 33287.0
219 33287.0
220 33287.0
221 33287.0
232 35462.0
233 35462.0
234 35462.0
235 35197.0
236 35197.0
237 34688.0
238 34688.0
239 34426.0
240 34426.0
241 34426.0
242 34426.0
243 33906.0
244 33906.0
245 33391.0
246 33391.0
247 33391.0
248 33391.0
249 33391.0
250 33391.0
251 33391.0
252 33391.0
253 33391.0
254 33391.0
255 33391.0
266 32878.0
267 32878.0
268 32624.0
269 32624.0
270 32371.0
271 32371.0
272 32371.0
273 32118.0
274 31868.0
275 31119.0
276 31119.0
277 31119.0
278 31119.0
279 31119.0
280 31119.0
281 31119.0
282 31119.0
283 31119.0
284 31119.0
285 31119.0
296 31304.0
297 31304.0
298 31304.0
299 31304.0
300 31304.0
301 31304.0
302 31304.0
303 31304.0
304 31304.0
305 31304.0
316 37752.0
317 37752.0
318 37752.0
319 37752.0
320 37752.0
321 37752.0
322 37752.0
323 37479.0
324 37479.0
325 37479.0
326 37479.0
327 37479.0
328 35866.0
329 35866.0
330 35866.0
331 35866.0
332 35866.0
333 35866.0
334 35866.0
335 35866.0
336 35866.0
337 35866.0
338 35866.0
349 35599.0
350 35599.0
351 35599.0
352 35599.0
353 35346.0
354 35346.0
355 35346.0
356 35346.0
357 35346.0
358 35346.0
359 35346.0
360 35346.0
361 35346.0
362 35346.0
363 35346.0
374 35081.0
375 35081.0
376 35081.0
377 35081.0
378 34554.0
379 34554.0
380 34554.0
381 34554.0
382 34554.0
383 34554.0
384 34292.0
385 34292.0
386 34292.0
387 34292.0
388 34292.0
389 34292.0
390 34031.0
391 34031.0
392 34031.0
393 33782.0
394 33523.0
395 33523.0
396 33523.0
397 33523.0
398 33523.0
399 33523.0
400 33523.0
401 33523.0
402 33523.0
403 33523.0
404 33523.0
415 33265.0
416 32501.0
417 32501.0
418 32501.0
419 32501.0
420 32501.0
421 32501.0
422 32501.0
423 32501.0
424 32501.0
425 32247.0
426 32247.0
427 32247.0
428 32247.0
429 31745.0
430 31745.0
431 31745.0
432 31745.0
433 31745.0
434 31745.0
435 31745.0
436 31247.0
437 31247.0
438 31247.0
439 31247.0
440 31247.0
441 31001.0
442 31001.0
443 31001.0
444 31001.0
445 31001.0
446 30755.0
447 30755.0
448 30755.0
449 30523.0
450 30523.0
451 30523.0
452 30523.0
453 30523.0
454 30523.0
455 30523.0
456 30523.0
457 30523.0
458 30523.0
459 30523.0
470 28843.0
471 28843.0
472 28727.0
473 28727.0
474 28727.0
475 28727.0
476 28727.0
477 28727.0
478 28727.0
479 28727.0
480 28489.0
481 28489.0
482 28489.0
483 28489.0
484 28252.0
485 28252.0
486 28076.0
487 28076.0
488 28076.0
489 28076.0
490 28076.0
491 28076.0
492 26473.0
493 26473.0
494 26473.0
495 26473.0
496 26473.0
497 26473.0
498 26362.0
499 26362.0
500 26362.0
501 26362.0
502 26362.0
503 26362.0
504 26362.0
505 26362.0
506 26362.0
507 26362.0
508 26362.0
519 26870.0
520 26870.0
521 26870.0
522 26870.0
523 26413.0
524 26413.0
525 26413.0
526 26413.0
527 26413.0
528 26413.0
529 26413.0
530 26186.0
531 25294.0
532 25294.0
533 25294.0
534 25294.0
535 25294.0
536 25294.0
537 25073.0
538 24852.0
539 24852.0
540 24632.0
541 24632.0
542 24632.0
543 24632.0
544 24632.0
545 24632.0
546 24632.0
547 24632.0
548 24632.0
549 24632.0
550 24632.0
561 24632.0
562 24632.0
563 24632.0
564 24632.0
565 24632.0
566 24632.0
567 24632.0
568 24632.0
569 24632.0
570 24632.0
581 24428.0
582 24428.0
583 24428.0
584 24428.0
585 24428.0
586 24428.0
587 24428.0
588 24428.0
589 24428.0
590 24428.0
601 23799.0
602 23799.0
603 23799.0
604 23799.0
605 23799.0
606 23799.0
607 23799.0
608 23584.0
609 23584.0
610 23584.0
611 23584.0
612 23584.0
613 23584.0
614 23584.0
615 23584.0
616 23584.0
617 23584.0
618 23584.0
629 23640.0
630 23640.0
631 23640.0
632 23640.0
633 23640.0
634 23640.0
635 23640.0
636 23640.0
637 23640.0
638 23640.0
649 23216.0
650 23216.0
651 23216.0
652 23016.0
653 23016.0
654 23016.0
655 23016.0
656 23016.0
657 23016.0
658 23016.0
659 23016.0
660 23016.0
661 23016.0
662 23016.0
673 22615.0
674 22615.0
675 22615.0
676 22615.0
677 22615.0
678 22615.0
679 22615.0
680 22615.0
681 22615.0
682 22615.0
693 21520.0
694 21520.0
695 21520.0
696 21520.0
697 21520.0
698 21520.0
699 21520.0
700 21352.0
701 21352.0
702 20755.0
703 20755.0
704 20362.0
705 20310.0
706 20292.0
707 20292.0
708 20292.0
709 20292.0
710 20131.0
711 20131.0
712 20131.0
713 20131.0
714 20131.0
715 19995.0
716 19995.0
717 19995.0
718 19995.0
719 19995.0
720 19995.0
721 19995.0
722 19995.0
723 19995.0
724 19228.0
725 19228.0
726 19201.0
727 19201.0
728 19201.0
729 19201.0
730 19201.0
731 19045.0
732 18937.0
733 18937.0
734 18937.0
735 18937.0
736 17663.0
737 17497.0
738 17497.0
739 17497.0
740 17497.0
741 17497.0
742 17317.0
743 17317.0
744 17317.0
745 17317.0
746 17317.0
747 17317.0
748 17317.0
749 17317.0
750 17317.0
751 17317.0
752 17290.0
753 17145.0
754 17145.0
755 16967.0
756 16967.0
757 16967.0
758 16967.0
759 16967.0
760 16967.0
761 16967.0
762 16967.0
763 16899.0
764 16899.0
765 16899.0
766 16899.0
767 16899.0
768 16899.0
769 16899.0
770 16884.0
771 16600.0
772 16600.0
773 16600.0
774 16600.0
775 16600.0
776 16600.0
777 16600.0
778 16600.0
779 16466.0
780 16466.0
781 16466.0
782 16466.0
783 16466.0
784 16466.0
785 16372.0
786 16372.0
787 16260.0
788 16260.0
789 16260.0
790 16260.0
791 16260.0
792 16260.0
793 16260.0
794 16260.0
795 16260.0
796 16260.0
797 16260.0
808 20735.0
809 20735.0
810 20735.0
811 20735.0
812 20735.0
813 20538.0
814 20538.0
815 20538.0
816 20538.0
817 20538.0
818 20538.0
819 20538.0
820 20538.0
821 20538.0
822 20538.0
823 20538.0
834 20724.0
835 20724.0
836 20724.0
837 20724.0
838 20724.0
839 20724.0
840 20724.0
841 19753.0
842 19753.0
843 19753.0
844 19753.0
845 19753.0
846 19753.0
847 19753.0
848 19753.0
849 19753.0
850 19753.0
851 19753.0
862 18643.0
863 18643.0
864 18643.0
865 18643.0
866 18584.0
867 18584.0
868 18460.0
869 18460.0
870 18460.0
871 18460.0
872 18460.0
873 18460.0
874 18460.0
875 18385.0
876 18385.0
877 18357.0
878 18357.0
879 18357.0
880 18357.0
881 18173.0
882 18173.0
883 18173.0
884 18173.0
885 18173.0
886 18173.0
887 18173.0
888 18173.0
889 18173.0
890 18173.0
891 18173.0
902 17559.0
903 17559.0
904 17559.0
905 17559.0
906 17559.0
907 17559.0
908 17559.0
909 17559.0
910 17559.0
911 17559.0
922 20978.0
923 20978.0
924 20978.0
925 20978.0
926 20978.0
927 20978.0
928 20978.0
929 20781.0
930 20781.0
931 20266.0
932 20266.0
933 20251.0
934 20251.0
935 20251.0
936 20251.0
937 20251.0
938 20251.0
939 20251.0
940 20251.0
941 20187.0
942 20187.0
943 20187.0
944 20187.0
945 20187.0
946 20187.0
947 20187.0
948 20187.0
949 20187.0
950 20187.0
951 19814.0
952 19814.0
953 19814.0
954 19755.0
955 19755.0
956 19755.0
957 19755.0
958 19377.0
959 19373.0
960 19262.0
961 19262.0
962 19262.0
963 19262.0
964 19077.0
965 19077.0
966 19077.0
967 19077.0
968 19077.0
969 19077.0
970 19077.0
971 19077.0
972 19077.0
973 19077.0
974 19077.0
985 33436.0
986 32946.0
987 32946.0
988 32440.0
989 32440.0
990 32440.0
991 32440.0
992 32440.0
993 32440.0
994 32440.0
995 32440.0
996 32440.0
997 32440.0
998 32440.0
1009 31938.0
1010 31938.0
1011 31938.0
1012 31440.0
1013 31440.0
1014 31440.0
1015 31192.0
1016 31192.0
1017 31192.0
1018 31192.0
1019 31192.0
1020 31192.0
1021 31192.0
1022 31192.0
1023 31192.0
1024 31192.0
1025 30947.0
1026 30213.0
1027 30213.0
1028 30213.0
1029 30213.0
1030 30213.0
1031 30213.0
1032 30213.0
1033 30213.0
1034 30213.0
1035 30213.0
1036 30213.0
1047 40296.0
1048 40296.0
1049 40296.0
1050 40296.0
1051 40296.0
1052 40296.0
1053 40296.0
1054 40296.0
1055 40296.0
1056 40296.0
1067 39173.0
1068 38894.0
1069 38894.0
1070 38894.0
1071 38894.0
1072 38894.0
1073 38894.0
1074 38616.0
1075 38616.0
1076 38616.0
1077 38616.0
1078 38616.0
1079 38342.0
1080 38066.0
1081 38066.0
1082 38066.0
1083 38066.0
1084 38066.0
1085 38066.0
1086 38066.0
1087 38066.0
1088 38066.0
1089 38066.0
1090 38066.0
1101 38066.0
1102 38066.0
1103 38066.0
1104 38066.0
1105 38066.0
1106 38066.0
1107 38066.0
1108 38066.0
1109 38066.0
1110 38066.0
1121 37541.0
1122 37541.0
1123 36997.0
1124 36997.0
1125 36726.0
1126 36726.0
1127 36726.0
1128 36726.0
1129 36456.0
1130 36456.0
1131 36456.0
1132 36456.0
1133 36187.0
1134 36187.0
1135 36187.0
1136 36187.0
1137 36187.0
1138 35389.0
1139 35389.0
1140 35389.0
1141 35389.0
1142 35389.0
1143 35389.0
1144 35389.0
1145 35389.0
1146 35389.0
1147 35389.0
1148 35389.0
1159 35395.0
1160 35395.0
1161 35395.0
1162 35395.0
1163 35395.0
1164 35395.0
1165 35130.0
1166 34873.0
1167 34873.0
1168 34873.0
1169 34873.0
1170 34873.0
1171 34610.0
1172 34610.0
1173 34610.0
1174 34610.0
1175 34610.0
1176 34610.0
1177 34610.0
1178 34610.0
1179 34088.0
1180 34088.0
1181 34088.0
1182 34088.0
1183 34088.0
1184 34088.0
1185 34088.0
1186 34088.0
1187 34088.0
1188 34088.0
1189 34088.0
1200 33828.0
1201 33828.0
1202 33828.0
1203 33828.0
1204 33828.0
1205 33828.0
1206 33828.0
1207 33828.0
1208 33828.0
1209 33828.0
1220 32822.0
1221 32822.0
1222 32822.0
1223 32822.0
1224 32822.0
1225 32822.0
1226 32822.0
1227 32822.0
1228 32567.0
1229 32313.0
1230 32313.0
1231 32313.0
1232 32313.0
1233 32313.0
1234 32313.0
1235 32313.0
1236 32313.0
1237 32313.0
1238 32313.0
1239 32313.0
1250 32565.0
1251 32565.0
1252 32565.0
1253 32565.0
1254 32565.0
1255 32565.0
1256 32565.0
1257 32565.0
1258 32565.0
1259 32565.0
1270 32565.0
1271 32311.0
1272 32311.0
1273 32311.0
1274 32067.0
1275 32067.0
1276 32067.0
1277 32067.0
1278 32067.0
1279 32067.0
1280 32067.0
1281 32067.0
1282 32067.0
1283 31815.0
1284 31815.0
1285 31565.0
1286 31565.0
1287 30821.0
1288 30821.0
1289 30821.0
1290 30821.0
1291 30821.0
1292 30821.0
1293 30821.0
1294 30821.0
1295 30821.0
1296 30821.0
1297 30821.0
1308 29600.0
1309 29600.0
1310 29600.0
1311 29600.0
1312 29600.0
1313 29600.0
1314 29600.0
1315 29600.0
1316 29600.0
1317 29600.0
1328 32302.0
1329 32302.0
1330 32302.0
1331 32302.0
1332 32302.0
1333 32302.0
1334 32302.0
1335 32302.0
1336 32302.0
1337 32050.0
1338 32050.0
1339 32050.0
1340 32050.0
1341 31798.0
1342 31798.0
1343 31798.0
1344 31798.0
1345 31798.0
1346 31798.0
1347 31798.0
1348 31798.0
1349 31798.0
1350 31798.0
1351 31798.0
1362 31547.0
1363 31547.0
1364 31547.0
1365 31547.0
1366 31547.0
1367 31547.0
1368 31547.0
1369 31547.0
1370 31547.0
1371 31547.0
1382 33299.0
1383 31787.0
1384 31536.0
1385 31536.0
1386 31536.0
1387 31536.0
1388 31536.0
1389 31536.0
1390 31536.0
1391 31536.0
1392 31536.0
1393 31038.0
1394 31038.0
1395 31038.0
1396 31038.0
1397 31038.0
1398 31038.0
1399 30298.0
1400 30298.0
1401 30298.0
1402 30298.0
1403 30298.0
1404 30298.0
1405 30298.0
1406 30298.0
1407 30298.0
1408 30298.0
1409 30298.0
1420 30790.0
1421 29090.0
1422 29090.0
1423 28861.0
1424 28861.0
1425 28861.0
1426 28861.0
1427 28861.0
1428 28861.0
1429 28861.0
1430 28861.0
1431 28861.0
1432 28861.0
1433 28861.0
1444 28884.0
1445 28884.0
1446 28884.0
1447 28884.0
1448 28884.0
1449 28884.0
1450 28884.0
1451 28666.0
1452 28666.0
1453 28666.0
1454 28428.0
1455 28198.0
1456 27727.0
1457 27727.0
1458 27029.0
1459 27029.0
1460 27029.0
1461 27029.0
1462 27029.0
1463 27029.0
1464 27029.0
1465 27029.0
1466 27029.0
1467 27029.0
1468 27029.0
1479 26114.0
1480 26114.0
1481 26114.0
1482 26114.0
1483 26114.0
1484 26114.0
1485 26114.0
1486 26114.0
1487 26114.0
1488 26114.0
1499 25387.0
1500 25387.0
1501 25387.0
1502 25164.0
1503 25164.0
1504 25164.0
1505 25164.0
1506 24942.0
1507 24942.0
1508 24942.0
1509 24731.0
1510 24731.0
1511 24731.0
1512 24731.0
1513 24731.0
1514 24731.0
1515 24731.0
1516 24716.0
1517 24716.0
1518 24517.0
1519 24517.0
1520 24517.0
1521 24517.0
1522 24517.0
1523 24517.0
1524 24517.0
1525 24517.0
1526 24517.0
1527 24517.0
1528 24298.0
1529 24298.0
1530 24298.0
1531 24298.0
1532 24298.0
1533 24298.0
1534 24298.0
1535 24298.0
1536 24298.0
1537 24165.0
1538 24153.0
1539 23957.0
1540 23957.0
1541 23957.0
1542 23957.0
1543 23957.0
1544 23957.0
1545 23748.0
1546 23748.0
1547 23748.0
1548 23748.0
1549 23542.0
1550 23329.0
1551 23329.0
1552 23329.0
1553 23329.0
1554 23329.0
1555 23329.0
1556 23329.0
1557 23329.0
1558 23329.0
1559 23329.0
1560 23329.0
1571 21848.0
1572 21688.0
1573 21688.0
1574 21551.0
1575 21499.0
1576 21499.0
1577 21499.0
1578 21499.0
1579 21499.0
1580 21499.0
1581 21499.0
1582 21499.0
1583 21499.0
1584 21499.0
1585 21499.0
1596 24950.0
1597 24950.0
1598 24950.0
1599 24950.0
1600 24950.0
1601 24950.0
1602 24950.0
1603 24950.0
1604 24950.0
1605 24950.0
1616 29468.0
1617 29468.0
1618 29468.0
1619 28990.0
1620 28990.0
1621 28752.0
1622 28750.0
1623 28750.0
1624 28517.0
1625 28511.0
1626 28511.0
1627 28058.0
1628 27824.0
1629 27781.0
1630 27622.0
1631 27622.0
1632 27512.0
1633 27512.0
1634 27430.0
1635 27282.0
1636 24436.0
1637 24415.0
1638 24220.0
1639 24220.0
1640 24220.0
1641 22372.0
1642 22372.0
1643 22372.0
1644 22372.0
1645 22372.0
1646 22372.0
1647 22372.0
1648 22165.0
1649 22165.0
1650 22165.0
1651 22165.0
1652 22165.0
1653 22165.0
1654 22165.0
1655 22165.0
1656 22165.0
1657 21970.0
1658 21970.0
1659 21970.0
1660 21970.0
1661 21970.0
1662 21970.0
1663 21970.0
1664 21970.0
1665 21970.0
1666 21970.0
1667 21970.0
1678 26345.0
1679 26345.0
1680 26345.0
1681 26119.0
1682 26119.0
1683 26119.0
1684 26119.0
1685 26119.0
1686 25894.0
1687 25894.0
1688 25894.0
1689 25894.0
1690 25226.0
1691 25226.0
1692 25226.0
1693 25226.0
1694 25079.0
1695 25079.0
1696 24882.0
1697 24663.0
1698 24451.0
1699 24451.0
1700 24451.0
1701 21034.0
1702 21034.0
1703 21034.0
1704 21034.0
1705 21034.0
1706 20834.0
1707 20834.0
1708 20834.0
1709 20834.0
1710 20834.0
1711 19180.0
1712 19180.0
1713 19180.0
1714 19180.0
1715 19180.0
1716 19180.0
1717 19180.0
1718 19180.0
1719 19180.0
1720 19180.0
1721 19180.0
1732 18104.0
1733 18104.0
1734 18104.0
1735 18104.0
1736 18104.0
1737 18104.0
1738 18104.0
1739 18104.0
1740 18104.0
1741 18104.0
1742 18104.0
1753 18104.0
1754 18104.0
1755 18104.0
1756 18104.0
1757 18104.0
1758 18104.0
1759 17921.0
1760 17921.0
1761 17921.0
1762 17921.0
1763 17921.0
1764 17921.0
1765 17921.0
1766 17921.0
1767 17921.0
1768 17921.0
1769 17921.0
1780 18285.0
1781 18101.0
1782 18101.0
1783 18101.0
1784 18101.0
1785 18100.0
1786 18100.0
1787 17992.0
1788 17992.0
1789 17992.0
1790 17992.0
1791 17992.0
1792 17992.0
1793 17992.0
1794 17742.0
1795 17742.0
1796 17742.0
1797 17742.0
1798 17207.0
1799 17058.0
1800 16945.0
1801 16773.0
1802 16773.0
1803 16773.0
1804 16773.0
1805 16773.0
1806 16773.0
1807 16773.0
1808 16602.0
1809 16602.0
1810 16602.0
1811 16558.0
1812 16404.0
1813 16404.0
1814 16404.0
1815 16404.0
1816 16404.0
1817 16404.0
1818 16404.0
1819 16404.0
1820 16404.0
1821 16404.0
1822 16404.0
1833 19981.0
1834 19791.0
1835 19791.0
1836 19791.0
1837 19602.0
1838 19602.0
1839 19436.0
1840 19436.0
1841 19436.0
1842 19436.0
1843 19436.0
1844 19436.0
1845 19436.0
1846 19436.0
1847 19436.0
1848 19068.0
1849 19068.0
1850 19068.0
1851 19068.0
1852 19068.0
1853 19068.0
1854 19068.0
1855 19068.0
1856 19068.0
1857 19068.0
1858 19068.0
1869 18523.0
1870 18523.0
1871 18523.0
1872 18523.0
1873 18523.0
1874 18523.0
1875 18523.0
1876 18523.0
1877 18523.0
1878 18523.0
1889 31967.0
1890 31967.0
1891 31716.0
1892 31716.0
1893 31716.0
1894 31716.0
1895 30972.0
1896 30835.0
1897 30835.0
1898 30835.0
1899 30835.0
1900 30835.0
1901 30835.0
1902 30835.0
1903 30589.0
1904 29860.0
1905 29860.0
1906 29860.0
1907 29860.0
1908 29860.0
1909 29860.0
1910 29860.0
1911 29860.0
1912 29860.0
1913 29618.0
1914 29618.0
1915 29377.0
1916 29377.0
1917 29137.0
1918 29137.0
1919 28898.0
1920 28898.0
1921 28660.0
1922 28660.0
1923 28423.0
1924 28423.0
1925 28423.0
1926 28423.0
1927 28423.0
1928 28188.0
1929 28188.0
1930 28188.0
1931 27720.0
1932 27720.0
1933 27720.0
1934 27720.0
1935 27546.0
1936 27546.0
1937 27546.0
1938 27546.0
1939 27546.0
1940 27546.0
1941 27527.0
1942 26627.0
1943 26400.0
1944 26400.0
1945 26400.0
1946 26400.0
1947 26400.0
1948 26173.0
1949 25948.0
1950 25500.0
1951 24837.0
1952 24837.0
1953 24806.0
1954 24624.0
1955 24624.0
1956 24624.0
1957 24624.0
1958 24624.0
1959 24624.0
1960 24624.0
1961 24624.0
1962 24405.0
1963 24405.0
1964 24405.0
1965 24405.0
1966 23760.0
1967 23755.0
1968 23550.0
1969 23550.0
1970 23550.0
1971 23550.0
1972 23550.0
1973 23550.0
1974 20536.0
1975 20342.0
1976 20203.0
1977 18866.0
1978 18866.0
1979 18699.0
1980 18699.0
1981 18699.0
1982 18699.0
1983 18642.0
1984 18642.0
1985 18642.0
1986 18642.0
1987 18642.0
1988 18454.0
1989 18454.0
1990 16504.0
1991 15224.0
1992 15224.0
1993 15224.0
1994 15224.0
1995 15224.0
1996 15224.0
1997 14724.0
1998 14724.0
1999 14724.0
2000 14724.0
2001 14724.0
2002 14401.0
2003 14401.0
2004 14126.0
2005 13968.0
2006 13968.0
2007 13968.0
2008 13968.0
2009 13968.0
2010 13968.0
2011 13968.0
2012 13968.0
2013 13968.0
2014 13968.0
2015 13968.0
2026 14689.0
2027 14689.0
2028 14689.0
2029 14689.0
2030 14689.0
2031 14689.0
2032 14689.0
2033 14689.0
2034 14689.0
2035 14221.0
2036 14221.0
2037 14221.0
2038 14221.0
2039 14081.0
2040 14081.0
2041 14081.0
2042 14081.0
2043 13634.0
2044 13634.0
2045 13634.0
2046 13634.0
2047 13634.0
2048 13634.0
2049 13634.0
2050 13634.0
2051 13634.0
2052 13634.0
2053 13057.0
2054 13057.0
2055 13057.0
2056 13057.0
2057 13057.0
2058 13057.0
2059 13057.0
2060 13057.0
2061 13057.0
2062 13057.0
2063 13057.0
2074 14385.0
2075 14231.0
2076 14197.0
2077 13947.0
2078 13947.0
2079 13947.0
2080 13947.0
2081 13947.0
2082 13830.0
2083 13830.0
2084 13830.0
2085 13830.0
2086 13823.0
2087 13776.0
2088 13624.0
2089 13624.0
2090 13522.0
2091 13522.0
2092 13522.0
2093 13522.0
2094 13522.0
2095 13522.0
2096 13522.0
2097 13522.0
2098 13522.0
2099 13522.0
2100 13480.0
2101 13338.0
2102 13338.0
2103 13338.0
2104 13317.0
2105 13317.0
2106 12653.0
2107 12653.0
2108 12653.0
2109 12653.0
2110 12653.0
2111 12653.0
2112 12653.0
2113 12653.0
2114 12653.0
2115 12653.0
2116 12653.0
2127 12653.0
2128 12653.0
2129 12653.0
2130 12653.0
2131 12541.0
2132 12367.0
2133 12313.0
2134 12313.0
2135 12313.0
2136 12313.0
2137 12313.0
2138 12313.0
2139 12313.0
2140 12313.0
2141 12313.0
2142 12313.0
2143 12313.0
2154 12420.0
2155 12420.0
2156 12420.0
2157 12420.0
2158 12420.0
2159 11994.0
2160 11994.0
2161 11994.0
2162 11994.0
2163 11994.0
2164 11994.0
2165 11994.0
2166 11994.0
2167 11994.0
2168 11994.0
2169 11994.0
2180 11572.0
2181 11572.0
2182 11572.0
2183 11411.0
2184 11411.0
2185 11411.0
2186 11411.0
2187 11411.0
2188 11411.0
2189 11411.0
2190 11411.0
2191 11411.0
2192 11411.0
2193 11411.0
2204 11411.0
2205 11411.0
2206 11411.0
2207 11411.0
2208 11411.0
2209 11411.0
2210 11411.0
2211 11316.0
2212 11316.0
2213 11254.0
2214 11166.0
2215 11166.0
2216 11166.0
2217 11166.0
2218 11144.0
2219 11144.0
2220 11144.0
2221 10843.0
2222 10843.0
2223 10843.0
2224 10843.0
2225 10843.0
2226 10843.0
2227 10843.0
2228 10843.0
2229 10843.0
2230 10843.0
2231 10843.0
2242 16235.0
2243 16235.0
2244 16235.0
2245 16235.0
2246 16235.0
2247 16235.0
2248 16195.0
2249 16195.0
2250 16195.0
2251 16195.0
2252 16195.0
2253 16195.0
2254 16195.0
2255 16195.0
2256 16195.0
2257 16195.0
2258 16195.0
2269 16024.0
2270 16024.0
2271 16024.0
2272 16024.0
2273 16024.0
2274 16024.0
2275 16024.0
2276 16024.0
2277 16024.0
2278 16024.0
2289 26684.0
2290 26653.0
2291 26653.0
2292 26653.0
2293 26469.0
2294 24717.0
2295 24717.0
2296 24717.0
2297 24717.0
2298 24717.0
2299 24499.0
2300 24499.0
2301 23641.0
2302 23641.0
2303 23466.0
2304 23466.0
2305 23466.0
2306 23466.0
2307 23044.0
2308 23044.0
2309 23044.0
2310 22834.0
2311 22834.0
2312 22834.0
2313 22834.0
2314 22834.0
2315 22834.0
2316 22834.0
2317 22834.0
2318 22834.0
2319 22625.0
2320 22625.0
2321 22625.0
2322 22625.0
2323 22211.0
2324 22211.0
2325 22211.0
2326 22106.0
2327 22106.0
2328 21497.0
2329 21497.0
2330 21497.0
2331 21497.0
2332 21181.0
2333 21181.0
2334 21181.0
2335 21181.0
2336 21181.0
2337 21181.0
2338 21181.0
2339 21058.0
2340 21058.0
2341 20662.0
2342 20662.0
2343 20662.0
2344 20662.0
2345 20662.0
2346 20662.0
2347 20613.0
2348 20613.0
2349 20613.0
2350 20613.0
2351 20613.0
2352 20613.0
2353 20503.0
2354 20503.0
2355 20349.0
2356 20349.0
2357 20349.0
2358 20349.0
2359 20349.0
2360 20349.0
2361 20349.0
2362 20349.0
2363 20349.0
2364 20349.0
2365 20349.0
2376 26669.0
2377 26669.0
2378 26669.0
2379 23076.0
2380 23076.0
2381 22660.0
2382 22652.0
2383 22652.0
2384 22652.0
2385 22652.0
2386 22652.0
2387 22652.0
2388 22652.0
2389 22652.0
2390 22652.0
2391 22652.0
2392 22652.0
2403 26240.0
2404 26240.0
2405 26240.0
2406 26016.0
2407 25737.0
2408 25513.0
2409 25513.0
2410 25513.0
2411 25513.0
2412 25513.0
2413 25513.0
2414 25475.0
2415 25475.0
2416 25475.0
2417 25475.0
2418 25475.0
2419 25475.0
2420 25475.0
2421 25475.0
2422 25475.0
2423 25475.0
2424 25475.0
2435 25475.0
2436 25475.0
2437 25475.0
2438 25475.0
2439 25475.0
2440 25475.0
2441 25475.0
2442 25475.0
2443 25475.0
2444 25475.0
2455 24163.0
2456 24163.0
2457 24163.0
2458 24163.0
2459 24163.0
2460 24163.0
2461 24163.0
2462 23878.0
2463 23878.0
2464 23878.0
2465 23878.0
2466 23878.0
2467 23878.0
2468 23878.0
2469 23878.0
2470 23878.0
2471 23878.0
2472 23242.0
2473 23242.0
2474 23242.0
2475 23242.0
2476 23242.0
2477 23242.0
2478 23242.0
2479 23242.0
2480 23220.0
2481 23220.0
2482 23034.0
2483 23034.0
2484 22824.0
2485 22824.0
2486 22824.0
2487 21804.0
2488 21776.0
2489 20984.0
2490 20984.0
2491 20799.0
2492 20799.0
2493 20799.0
2494 20799.0
2495 20799.0
2496 20799.0
2497 20247.0
2498 20247.0
2499 20247.0
2500 20247.0
2501 19665.0
2502 19665.0
2503 19665.0
2504 19665.0
2505 19171.0
2506 19171.0
2507 19171.0
2508 19171.0
2509 19171.0
2510 19171.0
2511 18793.0
2512 18605.0
2513 18507.0
2514 18507.0
2515 18507.0
2516 18507.0
2517 18507.0
2518 18507.0
2519 18507.0
2520 16571.0
2521 16571.0
2522 16571.0
2523 16571.0
2524 16571.0
2525 16571.0
2526 16571.0
2527 16396.0
2528 16396.0
2529 16396.0
2530 15752.0
2531 15752.0
2532 15752.0
2533 15752.0
2534 15752.0
2535 15752.0
2536 15752.0
2537 15752.0
2538 15752.0
2539 15752.0
2540 15752.0
2551 14763.0
2552 14763.0
2553 14599.0
2554 14599.0
2555 14599.0
2556 14599.0
2557 14599.0
2558 14599.0
2559 14599.0
2560 14599.0
2561 14599.0
2562 14599.0
2563 14599.0
2574 14032.0
2575 14032.0
2576 13965.0
2577 13950.0
2578 13950.0
2579 13950.0
2580 13950.0
2581 13950.0
2582 13950.0
2583 13791.0
2584 13765.0
2585 13765.0
2586 13654.0
2587 13654.0
2588 13654.0
2589 13500.0
2590 13500.0
2591 13500.0
2592 13500.0
2593 13500.0
2594 13500.0
2595 13500.0
2596 13500.0
2597 13500.0
2598 13500.0
2599 13500.0
2610 13639.0
2611 13594.0
2612 13563.0
2613 12562.0
2614 12562.0
2615 12562.0
2616 12562.0
2617 12452.0
2618 12452.0
2619 12452.0
2620 12405.0
2621 12405.0
2622 12259.0
2623 12259.0
2624 12259.0
2625 12259.0
2626 12259.0
2627 12259.0
2628 12259.0
2629 12259.0
2630 12259.0
2631 12259.0
2632 12158.0
2633 12158.0
2634 12158.0
2635 12158.0
2636 12158.0
2637 12158.0
2638 12158.0
2639 12158.0
2640 12158.0
2641 12158.0
2642 12158.0
2653 13608.0
2654 13608.0
2655 13608.0
2656 13608.0
2657 13608.0
2658 13608.0
2659 13608.0
2660 13608.0
2661 13608.0
2662 13608.0
2673 26019.0
2674 26019.0
2675 26019.0
2676 26019.0
2677 26019.0
2678 26019.0
2679 26019.0
2680 25351.0
2681 25351.0
2682 25351.0
2683 25179.0
2684 25179.0
2685 25179.0
2686 25179.0
2687 25179.0
2688 25179.0
2689 24959.0
2690 24959.0
2691 24959.0
2692 24959.0
2693 24740.0
2694 24740.0
2695 24522.0
2696 24522.0
2697 24522.0
2698 24522.0
2699 24522.0
2700 24522.0
2701 24522.0
2702 24305.0
2703 24305.0
2704 24305.0
2705 24171.0
2706 24171.0
2707 24171.0
2708 23759.0
2709 23759.0
2710 23759.0
2711 23759.0
2712 23759.0
2713 23126.0
2714 23126.0
2715 23126.0
2716 23126.0
2717 23126.0
2718 23126.0
2719 23126.0
2720 23126.0
2721 23126.0
2722 23126.0
2723 23126.0
2734 22708.0
2735 22708.0
2736 22708.0
2737 22708.0
2738 22708.0
2739 22708.0
2740 22708.0
2741 22708.0
2742 22531.0
2743 22329.0
2744 22329.0
2745 22329.0
2746 22329.0
2747 22329.0
2748 22329.0
2749 22329.0
2750 22329.0
2751 22329.0
2752 21513.0
2753 20912.0
2754 20912.0
2755 20718.0
2756 20718.0
2757 20520.0
2758 20520.0
2759 20520.0
2760 20520.0
2761 20520.0
2762 20520.0
2763 20520.0
2764 20520.0
2765 20520.0
2766 20520.0
2767 20520.0
2778 20718.0
2779 20718.0
2780 20718.0
2781 20718.0
2782 20718.0
2783 20718.0
2784 20718.0
2785 20718.0
2786 20718.0
2787 20718.0
2798 20520.0
2799 20520.0
2800 20520.0
2801 20520.0
2802 20520.0
2803 20520.0
2804 20520.0
2805 20520.0
2806 20520.0
2807 20520.0
2818 22211.0
2819 22211.0
2820 22211.0
2821 22211.0
2822 22211.0
2823 22211.0
2824 22211.0
2825 22211.0
2826 22211.0
2827 22211.0
2838 22211.0
2839 22211.0
2840 22211.0
2841 22211.0
2842 22211.0
2843 21803.0
2844 21803.0
2845 21803.0
2846 21803.0
2847 21803.0
2848 21803.0
2849 21803.0
2850 21600.0
2851 21600.0
2852 21600.0
2853 21600.0
2854 21600.0
2855 21600.0
2856 21600.0
2857 21461.0
2858 21461.0
2859 21461.0
2860 21461.0
2861 21461.0
2862 21461.0
2863 21461.0
2864 21461.0
2865 21260.0
2866 21260.0
2867 21260.0
2868 21260.0
2869 21065.0
2870 19896.0
2871 19896.0
2872 19896.0
2873 19675.0
2874 19675.0
2875 19675.0
2876 19675.0
2877 19675.0
2878 19675.0
2879 19675.0
2880 18193.0
2881 18193.0
2882 17848.0
2883 17848.0
2884 17848.0
2885 17848.0
2886 17848.0
2887 17848.0
2888 17848.0
2889 17848.0
2890 17848.0
2891 17848.0
2892 17848.0
2903 25040.0
2904 25040.0
2905 25040.0
2906 25040.0
2907 25040.0
2908 25040.0
2909 25040.0
2910 25040.0
2911 25040.0
2912 25040.0
2923 29682.0
2924 29682.0
2925 29682.0
2926 29682.0
2927 29682.0
2928 29682.0
2929 29682.0
2930 29442.0
2931 29442.0
2932 29442.0
2933 28495.0
2934 28495.0
2935 28495.0
2936 28495.0
2937 28495.0
2938 28495.0
2939 28495.0
2940 28495.0
2941 28027.0
2942 27571.0
2943 27571.0
2944 27570.0
2945 26204.0
2946 26204.0
2947 26204.0
2948 26204.0
2949 25979.0
2950 25860.0
2951 25860.0
2952 25860.0
2953 25860.0
2954 25637.0
2955 25637.0
2956 25637.0
2957 25637.0
2958 25637.0
2959 25637.0
2960 25415.0
2961 25415.0
2962 25194.0
2963 25194.0
2964 25194.0
2965 25194.0
2966 24975.0
2967 24975.0
2968 24975.0
2969 24975.0
2970 24538.0
2971 24538.0
2972 24106.0
2973 24106.0
2974 24106.0
2975 23467.0
2976 23467.0
2977 23467.0
2978 23467.0
2979 23467.0
2980 21806.0
2981 21421.0
2982 21421.0
2983 21421.0
2984 21421.0
2985 21421.0
2986 21421.0
2987 21421.0
2988 21421.0
2989 21421.0
2990 21421.0
2991 21421.0
3002 21641.0
3003 21641.0
3004 21641.0
3005 21641.0
3006 21641.0
3007 21641.0
3008 21641.0
3009 21641.0
3010 20838.0
3011 20642.0
3012 20642.0
3013 20642.0
3014 20642.0
3015 20642.0
3016 20642.0
3017 20642.0
3018 20642.0
3019 20642.0
3020 20642.0
3021 20642.0
3032 24318.0
3033 24318.0
3034 24318.0
3035 24296.0
3036 24079.0
3037 24079.0
3038 24079.0
3039 24079.0
3040 24079.0
3041 24079.0
3042 24079.0
3043 24079.0
3044 24079.0
3045 24079.0
3046 23649.0
3047 23649.0
3048 23649.0
3049 23649.0
3050 23649.0
3051 23222.0
3052 23222.0
3053 23222.0
3054 23222.0
3055 23222.0
3056 23010.0
3057 23010.0
3058 23010.0
3059 23010.0
3060 22912.0
3061 22912.0
3062 22912.0
3063 22568.0
3064 22568.0
3065 22568.0
3066 22568.0
3067 22568.0
3068 22568.0
3069 22358.0
3070 22358.0
3071 22358.0
3072 22358.0
3073 22149.0
3074 22149.0
3075 21942.0
3076 21942.0
3077 21942.0
3078 21942.0
3079 21942.0
3080 21942.0
3081 21942.0
3082 21942.0
3083 21942.0
3084 21942.0
3085 21942.0
3096 21942.0
3097 21942.0
3098 21942.0
3099 21942.0
3100 21942.0
3101 21942.0
3102 21942.0
3103 21745.0
3104 21745.0
3105 21745.0
3106 21745.0
3107 21745.0
3108 21539.0
3109 20339.0
3110 20339.0
3111 20339.0
3112 20339.0
3113 20339.0
3114 20339.0
3115 20339.0
3116 20339.0
3117 20339.0
3118 20339.0
3119 20339.0
3130 17927.0
3131 17927.0
3132 17927.0
3133 17885.0
3134 17885.0
3135 17885.0
3136 17885.0
3137 17885.0
3138 17701.0
3139 17701.0
3140 17701.0
3141 17337.0
3142 17337.0
3143 17337.0
3144 17337.0
3145 17337.0
3146 17337.0
3147 17337.0
3148 16281.0
3149 16175.0
3150 16119.0
3151 16119.0
3152 16119.0
3153 16119.0
3154 16119.0
3155 16119.0
3156 16119.0
3157 16119.0
3158 16119.0
3159 16119.0
3160 16119.0
3171 20166.0
3172 20166.0
3173 20166.0
3174 20166.0
3175 20166.0
3176 20166.0
3177 20166.0
3178 20166.0
3179 20166.0
3180 20166.0
3191 20158.0
3192 20158.0
3193 20158.0
3194 20158.0
3195 20158.0
3196 20158.0
3197 20158.0
3198 20158.0
3199 19962.0
3200 19962.0
3201 19574.0
3202 19574.0
3203 19574.0
3204 19574.0
3205 19574.0
3206 19574.0
3207 19574.0
3208 19574.0
3209 19574.0
3210 19574.0
3211 19574.0
3222 19574.0
3223 19574.0
3224 19574.0
3225 19574.0
3226 19574.0
3227 19574.0
3228 19574.0
3229 19574.0
3230 19574.0
3231 19574.0
3242 19574.0
3243 19574.0
3244 19574.0
3245 19574.0
3246 19381.0
3247 19354.0
3248 19190.0
3249 19190.0
3250 19190.0
3251 19190.0
3252 19190.0
3253 19190.0
3254 19190.0
3255 19190.0
3256 19190.0
3257 19190.0
3258 19190.0
3269 17378.0
3270 17198.0
3271 17053.0
3272 17053.0
3273 17053.0
3274 17053.0
3275 16875.0
3276 16875.0
3277 16875.0
3278 16875.0
3279 16875.0
3280 16875.0
3281 16875.0
3282 16875.0
3283 16875.0
3284 16864.0
3285 16703.0
3286 15677.0
3287 15507.0
3288 15507.0
3289 14847.0
3290 14847.0
3291 14847.0
3292 14847.0
3293 14847.0
3294 14847.0
3295 14847.0
3296 14847.0
3297 14847.0
3298 14784.0
3299 14638.0
3300 14638.0
3301 14638.0
3302 14638.0
3303 14638.0
3304 14610.0
3305 14480.0
3306 14480.0
3307 14480.0
3308 14480.0
3309 14480.0
3310 14480.0
3311 14480.0
3312 14480.0
3313 14389.0
3314 14389.0
3315 14389.0
3316 14389.0
3317 14383.0
3318 13917.0
3319 13917.0
3320 13902.0
3321 13902.0
3322 13902.0
3323 13902.0
3324 13902.0
3325 13902.0
3326 13902.0
3327 13902.0
3328 13746.0
3329 13654.0
3330 13603.0
3331 13145.0
3332 13145.0
3333 13145.0
3334 13145.0
3335 13145.0
3336 13145.0
3337 13145.0
3338 13145.0
3339 13145.0
3340 13145.0
3341 13145.0
3352 13191.0
3353 13191.0
3354 13191.0
3355 13191.0
3356 13191.0
3357 13191.0
3358 13191.0
3359 12893.0
3360 12893.0
3361 12778.0
3362 12778.0
3363 12751.0
3364 12751.0
3365 12751.0
3366 12490.0
3367 12490.0
3368 12490.0
3369 12490.0
3370 12490.0
3371 12470.0
3372 12422.0
3373 12422.0
3374 12422.0
3375 12422.0
3376 12422.0
3377 12422.0
3378 12422.0
3379 12422.0
3380 12422.0
3381 12422.0
3382 12422.0
3393 17054.0
3394 17054.0
3395 17054.0
3396 16875.0
3397 16875.0
3398 15832.0
3399 15832.0
3400 15832.0
3401 15832.0
3402 15832.0
3403 15782.0
3404 15666.0
3405 15666.0
3406 15666.0
3407 15060.0
3408 13933.0
3409 13933.0
3410 13933.0
3411 13933.0
3412 13933.0
3413 13933.0
3414 13933.0
3415 13933.0
3416 13933.0
3417 13933.0
3418 13933.0
3429 18827.0
3430 18827.0
3431 18827.0
3432 18639.0
3433 18639.0
3434 18639.0
3435 18639.0
3436 18451.0
3437 18451.0
3438 18451.0
3439 18451.0
3440 18451.0
3441 18451.0
3442 18264.0
3443 18264.0
3444 18264.0
3445 18264.0
3446 18264.0
3447 17893.0
3448 17893.0
3449 17893.0
3450 17893.0
3451 17710.0
3452 17076.0
3453 17076.0
3454 17076.0
3455 17076.0
3456 17076.0
3457 17076.0
3458 17076.0
3459 17076.0
3460 17076.0
3461 17076.0
3462 17076.0
3473 18897.0
3474 18897.0
3475 18897.0
3476 18897.0
3477 18897.0
3478 18897.0
3479 18897.0
3480 18708.0
3481 18708.0
3482 18708.0
3483 18708.0
3484 18708.0
3485 18708.0
3486 18520.0
3487 18376.0
3488 18376.0
3489 18376.0
3490 18376.0
3491 18376.0
3492 18376.0
3493 17652.0
3494 17652.0
3495 17470.0
3496 17470.0
3497 17470.0
3498 17470.0
3499 17436.0
3500 16936.0
3501 16936.0
3502 16871.0
3503 16871.0
3504 16871.0
3505 16871.0
3506 16871.0
3507 16871.0
3508 16871.0
3509 16871.0
3510 16760.0
3511 16760.0
3512 16760.0
3513 16760.0
3514 16760.0
3515 16760.0
3516 16760.0
3517 16760.0
3518 16584.0
3519 16456.0
3520 16456.0
3521 15120.0
3522 14732.0
3523 14732.0
3524 14732.0
3525 14732.0
3526 14732.0
3527 14732.0
3528 14619.0
3529 14619.0
3530 14619.0
3531 14331.0
3532 14331.0
3533 14331.0
3534 14331.0
3535 14331.0
3536 14331.0
3537 14331.0
3538 14331.0
3539 13390.0
3540 13390.0
3541 13390.0
3542 13390.0
3543 13390.0
3544 13390.0
3545 13390.0
3546 13390.0
3547 13390.0
3548 13390.0
3549 13348.0
3550 13316.0
3551 13163.0
3552 13163.0
3553 13163.0
3554 13163.0
3555 13163.0
3556 13163.0
3557 13163.0
3558 12950.0
3559 12950.0
3560 12803.0
3561 12761.0
3562 12761.0
3563 12761.0
3564 12761.0
3565 12761.0
3566 12761.0
3567 12761.0
3568 12471.0
3569 12471.0
3570 12471.0
3571 12465.0
3572 12465.0
3573 12465.0
3574 12465.0
3575 12465.0
3576 12465.0
3577 12465.0
3578 12081.0
3579 12081.0
3580 12081.0
3581 12081.0
3582 12081.0
3583 12081.0
3584 12081.0
3585 12081.0
3586 12081.0
3587 12081.0
3588 12081.0
3599 11343.0
3600 11343.0
3601 11343.0
3602 11343.0
3603 9651.0
3604 9576.0
3605 9576.0
3606 9576.0
3607 9576.0
3608 9576.0
3609 9576.0
3610 9576.0
3611 9576.0
3612 9576.0
3613 9556.0
3614 9556.0
3615 9547.0
3616 9547.0
3617 9547.0
3618 9547.0
3619 9547.0
3620 9547.0
3621 9323.0
3622 9323.0
3623 9323.0
3624 9323.0
3625 9323.0
3626 9323.0
3627 9323.0
3628 9323.0
3629 9323.0
3630 9143.0
3631 9143.0
3632 9143.0
3633 9143.0
3634 9143.0
3635 9143.0
3636 9143.0
3637 9143.0
3638 9143.0
3639 9143.0
3640 9143.0
3651 8660.0
3652 8660.0
3653 8660.0
3654 8546.0
3655 8546.0
3656 8363.0
3657 8363.0
3658 8363.0
3659 8363.0
3660 8363.0
3661 8363.0
3662 8320.0
3663 7800.0
3664 7800.0
3665 7800.0
3666 7800.0
3667 7800.0
3668 7800.0
3669 7800.0
3670 7751.0
3671 7751.0
3672 7751.0
3673 7751.0
3674 7751.0
3675 7751.0
3676 7751.0
3677 7487.0
3678 7487.0
3679 7487.0
3680 7487.0
3681 7487.0
3682 7420.0
3683 7420.0
3684 7420.0
3685 7420.0
3686 7420.0
3687 7420.0
3688 7378.0
3689 7378.0
3690 7378.0
3691 7378.0
3692 7368.0
3693 7368.0
3694 7368.0
3695 7368.0
3696 7368.0
3697 7270.0
3698 7270.0
3699 7270.0
3700 7270.0
3701 7270.0
3702 7270.0
3703 7270.0
3704 7270.0
3705 7270.0
3706 7270.0
3707 7270.0
3718 9862.0
3719 9862.0
3720 9862.0
3721 9862.0
3722 9862.0
3723 8977.0
3724 8977.0
3725 8977.0
3726 8977.0
3727 8977.0
3728 8977.0
3729 8977.0
3730 8747.0
3731 8747.0
3732 8747.0
3733 8747.0
3734 8747.0
3735 8633.0
3736 8633.0
3737 8633.0
3738 8633.0
3739 8633.0
3740 8633.0
3741 8633.0
3742 8633.0
3743 8633.0
3744 8633.0
3745 8633.0
3756 7976.0
3757 7976.0
3758 7976.0
3759 7976.0
3760 7976.0
3761 7976.0
3762 7976.0
3763 7976.0
3764 7976.0
3765 7976.0
3766 7874.0
3767 7874.0
3768 7874.0
3769 7874.0
3770 7874.0
3771 7874.0
3772 7874.0
3773 7874.0
3774 7874.0
3775 7874.0
3776 7874.0
3787 7987.0
3788 7987.0
3789 7987.0
3790 7987.0
3791 7927.0
3792 7927.0
3793 7756.0
3794 7756.0
3795 7756.0
3796 7756.0
3797 7756.0
3798 7756.0
3799 7756.0
3800 7756.0
3801 7756.0
3802 7676.0
3803 7676.0
3804 7676.0
3805 7676.0
3806 7582.0
3807 7582.0
3808 7457.0
3809 7457.0
3810 7457.0
3811 7457.0
3812 7457.0
3813 7457.0
3814 7457.0
3815 7457.0
3816 7457.0
3817 7457.0
3818 6082.0
3819 6082.0
3820 6082.0
3821 6082.0
3822 6082.0
3823 6082.0
3824 6082.0
3825 6082.0
3826 6082.0
3827 6082.0
3828 6082.0
3839 5547.0
3840 5547.0
3841 5547.0
3842 5547.0
3843 5547.0
3844 5547.0
3845 5547.0
3846 5547.0
3847 5547.0
3848 5547.0
3849 5547.0
3860 5625.0
3861 5625.0
3862 5625.0
3863 5625.0
3864 5625.0
3865 5625.0
3866 5625.0
3867 5625.0
3868 5625.0
3869 5625.0
3880 5286.0
3881 5270.0
3882 5270.0
3883 5270.0
3884 5270.0
3885 5270.0
3886 5236.0
3887 5236.0
3888 5209.0
3889 5209.0
3890 5209.0
3891 5209.0
3892 5209.0
3893 5209.0
3894 5209.0
3895 5209.0
3896 5209.0
3897 5209.0
3898 5209.0
3909 5210.0
3910 5210.0
3911 5210.0
3912 5199.0
3913 5199.0
3914 5199.0
3915 5199.0
3916 5199.0
3917 5199.0
3918 5144.0
3919 5144.0
3920 5144.0
3921 5144.0
3922 5113.0
3923 3669.0
3924 3657.0
3925 3657.0
3926 3657.0
3927 3657.0
3928 3657.0
3929 3657.0
3930 3657.0
3931 3657.0
3932 3657.0
3933 3657.0
3934 3657.0
3945 3990.0
3946 3990.0
3947 3990.0
3948 3990.0
3949 3990.0
3950 3990.0
3951 3990.0
3952 3990.0
3953 3948.0
3954 3948.0
3955 3948.0
3956 3895.0
3957 3895.0
3958 3895.0
3959 3895.0
3960 3848.0
3961 3848.0
3962 3848.0
3963 3848.0
3964 3848.0
3965 3848.0
3966 3848.0
3967 3780.0
3968 3780.0
3969 3780.0
3970 3780.0
3971 3769.0
3972 3769.0
3973 3769.0
3974 3769.0
3975 3731.0
3976 3731.0
3977 3731.0
3978 3731.0
3979 3731.0
3980 3731.0
3981 3731.0
3982 3731.0
3983 3731.0
3984 3731.0
3985 3731.0
3996 3344.0
3997 3344.0
3998 3344.0
3999 3286.0
4000 3286.0
4001 3286.0
4002 3286.0
4003 3286.0
4004 3286.0
4005 3286.0
4006 3286.0
4007 3286.0
4008 3286.0
4009 3286.0
4020 3837.0
4021 3837.0
4022 3837.0
4023 3837.0
4024 3190.0
4025 3190.0
4026 3190.0
4027 3190.0
4028 3190.0
4029 3190.0
4030 3190.0
4031 3164.0
4032 3164.0
4033 3164.0
4034 3164.0
4035 3164.0
4036 3164.0
4037 3164.0
4038 3164.0
4039 3164.0
4040 3164.0
4041 3164.0
4052 3217.0
4053 3217.0
4054 3217.0
4055 3217.0
4056 3217.0
4057 3217.0
4058 3211.0
4059 3211.0
4060 3211.0
4061 3154.0
4062 3154.0
4063 3154.0
4064 3154.0
4065 3154.0
4066 3154.0
4067 3154.0
4068 3154.0
4069 3154.0
4070 3154.0
4071 3154.0
4082 3545.0
4083 3545.0
4084 3545.0
4085 3545.0
4086 3519.0
4087 3519.0
4088 3519.0
4089 3519.0
4090 3519.0
4091 3519.0
4092 3519.0
4093 3437.0
4094 3437.0
4095 3437.0
4096 3437.0
4097 3437.0
4098 3437.0
4099 3437.0
4100 3437.0
4101 3437.0
4102 3437.0
4103 3437.0
4114 3195.0
4115 3195.0
4116 3195.0
4117 3195.0
4118 3195.0
4119 3195.0
4120 3195.0
4121 3195.0
4122 3195.0
4123 3195.0
4124 3192.0
4125 3192.0
4126 3192.0
4127 3192.0
4128 3192.0
4129 3192.0
4130 3143.0
4131 3143.0
4132 3143.0
4133 3143.0
4134 3143.0
4135 3143.0
4136 3143.0
4137 3143.0
4138 3143.0
4139 3143.0
4140 3143.0
4151 3340.0
4152 3340.0
4153 3340.0
4154 3340.0
4155 3340.0
4156 3340.0
4157 3340.0
4158 3340.0
4159 3340.0
4160 3293.0
4161 3293.0
4162 3293.0
4163 3293.0
4164 3293.0
4165 3293.0
4166 3293.0
4167 3293.0
4168 3293.0
4169 3260.0
4170 3260.0
4171 3161.0
4172 3161.0
4173 3161.0
4174 3161.0
4175 3161.0
4176 3161.0
4177 3161.0
4178 3161.0
4179 3161.0
4180 3161.0
4181 3161.0
4192 3379.0
4193 3379.0
4194 3379.0
4195 3379.0
4196 3379.0
4197 3379.0
4198 3294.0
4199 3294.0
4200 3294.0
4201 3294.0
4202 3294.0
4203 3294.0
4204 3294.0
4205 3205.0
4206 3205.0
4207 3205.0
4208 3180.0
4209 3180.0
4210 3180.0
4211 3180.0
4212 3180.0
4213 3180.0
4214 3180.0
4215 3180.0
4216 3143.0
4217 3143.0
4218 3143.0
4219 3143.0
4220 3143.0
4221 3143.0
4222 3143.0
4223 3143.0
4224 3143.0
4225 3143.0
4226 3143.0
4237 3168.0
4238 3168.0
4239 3168.0
4240 3168.0
4241 3168.0
4242 3168.0
4243 3168.0
4244 3168.0
4245 3168.0
4246 3168.0
4257 4343.0
4258 4326.0
4259 4326.0
4260 4326.0
4261 4326.0
4262 4326.0
4263 4326.0
4264 4326.0
4265 4326.0
4266 4326.0
4267 4326.0
4268 4326.0
4279 4335.0
4280 4335.0
4281 4335.0
4282 4335.0
4283 4335.0
4284 4335.0
4285 4335.0
4286 4335.0
4287 4335.0
4288 4335.0
4299 4350.0
4300 4268.0
4301 4268.0
4302 4108.0
4303 4108.0
4304 4108.0
4305 4108.0
4306 4108.0
4307 4091.0
4308 4091.0
4309 4091.0
4310 4091.0
4311 4091.0
4312 4091.0
4313 4091.0
4314 4041.0
4315 4041.0
4316 4041.0
4317 3679.0
4318 3679.0
4319 3679.0
4320 3679.0
4321 3679.0
4322 3679.0
4323 3679.0
4324 3679.0
4325 3679.0
4326 3679.0
4327 3679.0
4338 3333.0
4339 3333.0
4340 3333.0
4341 3333.0
4342 3333.0
4343 3333.0
4344 3333.0
4345 3333.0
4346 3333.0
4347 3333.0
4358 3405.0
4359 3405.0
4360 3405.0
4361 3405.0
4362 3405.0
4363 3405.0
4364 3405.0
4365 3405.0
4366 3405.0
4367 3405.0
4378 3851.0
4379 3851.0
4380 3851.0
4381 3851.0
4382 3744.0
4383 3744.0
4384 3744.0
4385 3744.0
4386 3327.0
4387 3319.0
4388 3319.0
4389 3319.0
4390 3319.0
4391 3319.0
4392 3319.0
4393 3319.0
4394 3319.0
4395 3319.0
4396 3319.0
4397 3319.0
4408 3323.0
4409 3323.0
4410 3323.0
4411 3323.0
4412 3323.0
4413 3323.0
4414 3323.0
4415 3323.0
4416 3323.0
4417 3323.0
4428 4215.0
4429 4215.0
4430 4215.0
4431 4215.0
4432 4215.0
4433 4215.0
4434 4215.0
4435 4215.0
4436 4215.0
4437 4215.0
4448 3298.0
4449 3298.0
4450 3298.0
4451 3298.0
4452 3298.0
4453 3298.0
4454 3298.0
4455 3298.0
4456 3298.0
4457 3298.0
4468 3434.0
4469 3434.0
4470 3409.0
4471 3409.0
4472 3409.0
4473 3409.0
4474 3409.0
4475 3409.0
4476 3409.0
4477 3409.0
4478 3409.0
4479 3409.0
4480 3409.0
4491 3375.0
4492 3375.0
4493 3375.0
4494 3343.0
4495 3343.0
4496 3343.0
4497 3343.0
4498 3343.0
4499 3343.0
4500 3343.0
4501 3343.0
4502 3343.0
4503 3340.0
4504 3340.0
4505 3340.0
4506 3340.0
4507 3340.0
4508 3340.0
4509 3340.0
4510 3340.0
4511 3340.0
4512 3340.0
4513 3340.0
4524 3248.0
4525 3248.0
4526 3248.0
4527 3248.0
4528 3248.0
4529 3248.0
4530 3248.0
4531 3248.0
4532 3248.0
4533 3248.0
4544 3350.0
4545 3350.0
4546 3350.0
4547 3350.0
4548 3298.0
4549 3298.0
4550 3298.0
4551 3298.0
4552 3298.0
4553 3298.0
4554 3298.0
4555 3298.0
4556 3298.0
4557 3298.0
4558 3298.0
4569 3304.0
4570 3304.0
4571 3304.0
4572 3304.0
4573 3304.0
4574 3304.0
4575 3304.0
4576 3304.0
4577 3304.0
4578 3304.0
4589 3354.0
4590 3354.0
4591 3354.0
4592 3354.0
4593 3354.0
4594 3354.0
4595 3354.0
4596 3354.0
4597 3354.0
4598 3354.0
4609 3293.0
4610 3293.0
4611 3293.0
4612 3293.0
4613 3293.0
4614 3293.0
4615 3293.0
4616 3293.0
4617 3293.0
4618 3293.0
4629 3406.0
4630 3406.0
4631 3406.0
4632 3406.0
4633 3180.0
4634 3180.0
4635 3180.0
4636 3180.0
4637 3180.0
4638 3180.0
4639 3180.0
4640 3180.0
4641 3180.0
4642 3180.0
4643 3180.0
4654 3417.0
4655 3417.0
4656 3367.0
4657 3367.0
4658 3367.0
4659 3367.0
4660 3367.0
4661 3367.0
4662 3367.0
4663 3367.0
4664 3367.0
4665 3367.0
4666 3293.0
4667 3293.0
4668 3293.0
4669 3293.0
4670 3293.0
4671 3293.0
4672 3293.0
4673 3293.0
4674 3293.0
4675 3293.0
4676 3293.0
4687 3307.0
4688 3307.0
4689 3307.0
4690 3307.0
4691 3307.0
4692 3307.0
4693 3211.0
4694 3211.0
4695 3211.0
4696 3211.0
4697 3211.0
4698 3211.0
4699 3211.0
4700 3211.0
4701 3211.0
4702 3211.0
4703 3211.0
4714 3351.0
4715 3351.0
4716 3313.0
4717 3313.0
4718 3313.0
4719 3313.0
4720 3264.0
4721 3264.0
4722 3264.0
4723 3264.0
4724 3264.0
4725 3264.0
4726 3264.0
4727 3264.0
4728 3264.0
4729 3264.0
4730 3264.0
4741 3282.0
4742 3282.0
4743 3282.0
4744 3282.0
4745 3282.0
4746 3282.0
4747 3282.0
4748 3276.0
4749 3276.0
4750 3276.0
4751 3276.0
4752 3276.0
4753 3276.0
4754 3276.0
4755 3276.0
4756 3276.0
4757 3276.0
4758 3276.0
4769 3138.0
4770 3138.0
4771 3138.0
4772 3138.0
4773 3138.0
4774 3138.0
4775 3138.0
4776 3138.0
4777 3138.0
4778 3138.0
4789 3379.0
4790 3379.0
4791 3379.0
4792 3379.0
4793 3379.0
4794 3379.0
4795 3379.0
4796 3379.0
4797 3379.0
4798 3379.0
4809 3379.0
4810 3379.0
4811 3379.0
4812 3379.0
4813 3173.0
4814 3173.0
4815 3173.0
4816 3150.0
4817 3150.0
4818 3145.0
4819 3145.0
4820 3145.0
4821 3145.0
4822 3145.0
4823 3145.0
4824 3145.0
4825 3145.0
4826 3145.0
4827 3145.0
4828 3145.0
4839 3134.0
4840 3134.0
4841 3134.0
4842 3134.0
4843 3134.0
4844 3134.0
4845 3134.0
4846 3134.0
4847 3134.0
4848 3134.0
4859 3026.0
4860 3026.0
4861 3026.0
4862 3026.0
4863 3026.0
4864 3010.0
4865 3010.0
4866 3010.0
4867 3010.0
4868 2965.0
4869 2965.0
4870 2965.0
4871 2965.0
4872 2965.0
4873 2965.0
4874 2965.0
4875 2965.0
4876 2965.0
4877 2965.0
4878 2965.0
4889 2860.0
4890 2860.0
4891 2860.0
4892 2860.0
4893 2860.0
4894 2860.0
4895 2860.0
4896 2860.0
4897 2860.0
4898 2860.0
4909 2816.0
4910 2816.0
4911 2816.0
4912 2816.0
4913 2816.0
4914 2816.0
4915 2816.0
4916 2816.0
4917 2816.0
4918 2816.0
4929 2903.0
4930 2903.0
4931 2903.0
4932 2903.0
4933 2903.0
4934 2903.0
4935 2903.0
4936 2875.0
4937 2875.0
4938 2875.0
4939 2875.0
4940 2875.0
4941 2875.0
4942 2875.0
4943 2875.0
4944 2814.0
4945 2814.0
4946 2814.0
4947 2814.0
4948 2814.0
4949 2814.0
4950 2814.0
4951 2814.0
4952 2814.0
4953 2807.0
4954 2807.0
4955 2807.0
4956 2766.0
4957 2766.0
4958 2766.0
4959 2766.0
4960 2766.0
4961 2766.0
4962 2766.0
4963 2766.0
4964 2766.0
4965 2766.0
4966 2766.0
4977 2735.0
4978 2735.0
4979 2735.0
4980 2735.0
4981 2735.0
4982 2735.0
4983 2735.0
4984 2735.0
4985 2735.0
4986 2690.0
4987 2690.0
4988 2690.0
4989 2690.0
4990 2690.0
4991 2690.0
4992 2690.0
4993 2690.0
4994 2690.0
4995 2690.0
4996 2690.0
