0 8719636.0
1 8715466.0
2 8707130.0
3 8702964.0
4 8694635.0
5 8694441.0
6 8690281.0
7 8686126.0
8 8673657.0
9 8661202.0
10 8657046.0
11 8652914.0
12 8652914.0
13 8652914.0
14 8640488.0
15 8632225.0
16 8632210.0
17 8619824.0
18 8619824.0
19 8615736.0
20 8607644.0
21 8595416.0
22 8591475.0
23 7072579.0
24 7050147.0
25 7046418.0
26 7042695.0
27 6151733.0
28 6151699.0
29 6148213.0
30 6144729.0
31 6109963.0
32 6106500.0
33 6099570.0
34 6096119.0
35 6082274.0
36 6078840.0
37 6075408.0
38 6071977.0
39 6068548.0
40 6068548.0
41 6058215.0
42 6054824.0
43 6054693.0
44 6051305.0
45 6027286.0
46 6024036.0
47 6020788.0
48 6020788.0
49 6020788.0
50 6017542.0
51 6014382.0
52 6011224.0
53 6008068.0
54 5977394.0
55 5973958.0
56 5970815.0
57 5967790.0
58 5967790.0
59 5954478.0
60 5954478.0
61 5954478.0
62 5954478.0
63 5951636.0
64 5948799.0
65 5945999.0
66 5945999.0
67 5945999.0
68 5945999.0
69 5939148.0
70 5939148.0
71 5939148.0
72 5939148.0
73 5939148.0
74 5935724.0
75 5928879.0
76 5928870.0
77 5928870.0
78 5925459.0
79 5925459.0
80 5925459.0
81 5925459.0
82 5925459.0
83 5925459.0
84 5925459.0
85 5923521.0
86 5920100.0
87 5920100.0
88 5920100.0
89 5913261.0
90 5913261.0
91 5909843.0
92 5909843.0
93 5909843.0
94 5909843.0
95 5906426.0
96 5906426.0
97 5906426.0
98 5903010.0
99 5889359.0
100 5889359.0
101 5889359.0
102 5879130.0
103 5879130.0
104 5875722.0
105 5841708.0
106 5841708.0
107 5841708.0
108 5841708.0
109 5841708.0
110 5841708.0
111 5841708.0
112 5841708.0
113 5841708.0
114 5841708.0
115 5841708.0
126 5845106.0
127 5845106.0
128 5817960.0
129 5817960.0
130 5817960.0
131 5817960.0
132 5817960.0
133 5817960.0
134 5817960.0
135 5790883.0
136 5790883.0
137 5790883.0
138 5790883.0
139 5790883.0
140 5773985.0
141 5679839.0
142 5679839.0
143 5679839.0
144 5679839.0
145 5676490.0
146 5659761.0
147 5656418.0
148 5656418.0
149 5656418.0
150 5656418.0
151 5656418.0
152 5656418.0
153 5649735.0
154 5646395.0
155 5639718.0
156 5639718.0
157 5639718.0
158 5636381.0
159 5633045.0
160 5633045.0
161 5633045.0
162 5633045.0
163 5633045.0
164 5633045.0
165 5633045.0
166 5633045.0
167 5633045.0
168 5633045.0
169 5633045.0
180 5649733.0
181 5649733.0
182 5649733.0
183 5649733.0
184 5649733.0
185 5649733.0
186 5649733.0
187 5646393.0
188 5646393.0
189 5646393.0
190 5646393.0
191 5566563.0
192 5559939.0
193 5516958.0
194 5510361.0
195 5510309.0
196 5507067.0
197 5507067.0
198 5507067.0
199 5507067.0
200 5507067.0
201 5503770.0
202 5503770.0
203 5500474.0
204 5493886.0
205 5493886.0
206 5493886.0
207 5493886.0
208 5493886.0
209 5493886.0
210 5493886.0
211 5484011.0
212 5474147.0
213 5474147.0
214 5474147.0
215 5470860.0
216 5467577.0
217 5467577.0
218 5467577.0
219 5467577.0
220 5467577.0
221 5467577.0
222 5467577.0
223 5398941.0
224 5395677.0
225 5395677.0
226 5395677.0
227 5379378.0
228 5379378.0
229 5379378.0
230 5379378.0
231 5379378.0
232 5379378.0
233 5379378.0
234 5379378.0
235 5379378.0
236 5379378.0
237 5350095.0
238 5350095.0
239 5350095.0
240 5350095.0
241 5350095.0
242 5350095.0
243 5343599.0
244 5340352.0
245 5340352.0
246 5337106.0
247 5295030.0
248 5291799.0
249 5275656.0
250 5052852.0
251 5052575.0
252 4955679.0
253 4952595.0
254 4934183.0
255 4934183.0
256 4934183.0
257 4934183.0
258 4934183.0
259 4934183.0
260 4934183.0
261 4934183.0
262 4934183.0
263 4931065.0
264 4931065.0
265 4931065.0
266 4931065.0
267 4931065.0
268 4931065.0
269 4931065.0
270 4931065.0
271 4931065.0
272 4931065.0
273 4931065.0
284 4921717.0
285 4921717.0
286 4918603.0
287 4918603.0
288 4918603.0
289 4918603.0
290 4918603.0
291 4912378.0
292 4912378.0
293 4912378.0
294 4912378.0
295 4912378.0
296 4912378.0
297 4912378.0
298 4912378.0
299 4912378.0
300 4887520.0
301 4887520.0
302 4887520.0
303 4887520.0
304 4887520.0
305 4887520.0
306 4887520.0
307 4868927.0
308 4862734.0
309 4862734.0
310 4862734.0
311 4862734.0
312 4862734.0
313 4862734.0
314 4856546.0
315 4850361.0
316 4850361.0
317 4847270.0
318 4841092.0
319 4841092.0
320 4841092.0
321 4841092.0
322 4841092.0
323 4834918.0
324 4834918.0
325 4834918.0
326 4834918.0
327 4834918.0
328 4819508.0
329 4816432.0
330 4816432.0
331 4816432.0
332 4816432.0
333 4813352.0
334 4813352.0
335 4813352.0
336 4813352.0
337 4813352.0
338 4813352.0
339 4813352.0
340 4813352.0
341 4813352.0
342 4813352.0
343 4813352.0
354 4853438.0
355 4853438.0
356 4853438.0
357 4853438.0
358 4850346.0
359 4850346.0
360 4841077.0
361 4840525.0
362 4840525.0
363 4837990.0
364 4837990.0
365 4837990.0
366 4837990.0
367 4837990.0
368 4837990.0
369 4837990.0
370 4837990.0
371 4837990.0
372 4837990.0
373 4837990.0
384 4822566.0
385 4813324.0
386 4801020.0
387 4801020.0
388 4801020.0
389 4797945.0
390 4797945.0
391 4794871.0
392 4794871.0
393 4791798.0
394 4782588.0
395 4782588.0
396 4782588.0
397 4773385.0
398 4773385.0
399 4773385.0
400 4767254.0
401 4767254.0
402 4764191.0
403 4758067.0
404 4715325.0
405 4715325.0
406 4715325.0
407 4715325.0
408 4700101.0
409 4700101.0
410 4700101.0
411 4697060.0
412 4678836.0
413 4627393.0
414 4627393.0
415 4627393.0
416 4627393.0
417 4618345.0
418 4618345.0
419 4618345.0
420 4618345.0
421 4618345.0
422 4618345.0
423 4612316.0
424 4612316.0
425 4612316.0
426 4612316.0
427 4609303.0
428 4609303.0
429 4609303.0
430 4609303.0
431 4606291.0
432 4606291.0
433 4606291.0
434 4597261.0
435 4597261.0
436 4597261.0
437 4597261.0
438 4597261.0
439 4597261.0
440 4594253.0
441 4594253.0
442 4594253.0
443 4594253.0
444 4576227.0
445 4576227.0
446 4576227.0
447 4576227.0
448 4576227.0
449 4576227.0
450 4573226.0
451 4573226.0
452 4570226.0
453 4570226.0
454 4570226.0
455 4552248.0
456 4552248.0
457 4549255.0
458 4528353.0
459 4528353.0
460 4528353.0
461 4528353.0
462 4528353.0
463 4528353.0
464 4528353.0
465 4528353.0
466 4528353.0
467 4528353.0
468 4525368.0
469 4525368.0
470 4525368.0
471 4525368.0
472 4525368.0
473 4525368.0
474 4525368.0
475 4525368.0
476 4525368.0
477 4522384.0
478 4522384.0
479 4508951.0
480 4505967.0
481 4505967.0
482 4505967.0
483 4505967.0
484 4505967.0
485 4505967.0
486 4505967.0
487 4505967.0
488 4505967.0
489 4505967.0
490 4505967.0
501 4529865.0
502 4529865.0
503 4523884.0
504 4520895.0
505 4520895.0
506 4514920.0
507 4511948.0
508 4511948.0
509 4511948.0
510 4508963.0
511 4508963.0
512 4508963.0
513 4508963.0
514 4502997.0
515 4502997.0
516 4500015.0
517 4500015.0
518 4500015.0
519 4500015.0
520 4500015.0
521 4497034.0
522 4497034.0
523 4497034.0
524 4497034.0
525 4479172.0
526 4479172.0
527 4476198.0
528 4476198.0
529 4464313.0
530 4464313.0
531 4464313.0
532 4464313.0
533 4464313.0
534 4464313.0
535 4464313.0
536 4464313.0
537 4464313.0
538 4464313.0
539 4464313.0
550 4458377.0
551 4458377.0
552 4458377.0
553 4455410.0
554 4455410.0
555 4446516.0
556 4443553.0
557 4443553.0
558 4443553.0
559 4443553.0
560 4443553.0
561 4443553.0
562 4443553.0
563 4443553.0
564 4443553.0
565 4443553.0
566 4443553.0
577 4428774.0
578 4428774.0
579 4428774.0
580 4425817.0
581 4416955.0
582 4416955.0
583 4416955.0
584 4416955.0
585 4416955.0
586 4416955.0
587 4416955.0
588 4416955.0
589 4282209.0
590 4282174.0
591 4279269.0
592 4276368.0
593 4276368.0
594 4273468.0
595 4270575.0
596 4270575.0
597 4270575.0
598 4235842.0
599 4232952.0
600 4230065.0
601 4230065.0
602 4230065.0
603 4230065.0
604 4230065.0
605 4230065.0
606 4224288.0
607 4224288.0
608 4224288.0
609 4224288.0
610 4218516.0
611 4218516.0
612 4209867.0
613 4209867.0
614 4209867.0
615 4209867.0
616 4209867.0
617 4206985.0
618 4206985.0
619 4204104.0
620 4204104.0
621 4201224.0
622 4201224.0
623 4201224.0
624 4201224.0
625 4201224.0
626 4201224.0
627 4201224.0
628 4201224.0
629 4201224.0
630 4201224.0
631 4201224.0
642 4209861.0
643 4206979.0
644 4206979.0
645 4206979.0
646 4206979.0
647 4206979.0
648 4206979.0
649 4206979.0
650 4206979.0
651 4204098.0
652 4204098.0
653 4204098.0
654 4204098.0
655 4204098.0
656 4204098.0
657 4198339.0
658 4198339.0
659 4198339.0
660 4124067.0
661 4121308.0
662 4115607.0
663 4115607.0
664 4115607.0
665 4115607.0
666 4115607.0
667 4115607.0
668 4115607.0
669 4115607.0
670 4111830.0
671 4111830.0
672 4111830.0
673 4108980.0
674 4108980.0
675 4103283.0
676 4103283.0
677 4103283.0
678 4097876.0
679 4097876.0
680 4097876.0
681 3997036.0
682 3997036.0
683 3997036.0
684 3295741.0
685 3293201.0
686 3288123.0
687 3288110.0
688 3283036.0
689 3280507.0
690 3280112.0
691 3277608.0
692 3259932.0
693 3259932.0
694 3257414.0
695 3254901.0
696 3229801.0
697 3227287.0
698 1550585.0
699 1548885.0
700 1547186.0
701 1546979.0
702 1546979.0
703 1546788.0
704 1538306.0
705 1538108.0
706 1538108.0
707 1537710.0
708 1537710.0
709 1537710.0
710 1537709.0
711 1537709.0
712 1537532.0
713 1535857.0
714 1534187.0
715 1534187.0
716 1534187.0
717 1534153.0
718 1534025.0
719 1530705.0
720 1530634.0
721 1530634.0
722 1525632.0
723 1525632.0
724 1525632.0
725 1525632.0
726 1518959.0
727 1515593.0
728 1515555.0
729 1515555.0
730 1515534.0
731 1513955.0
732 1500631.0
733 1500609.0
734 1500575.0
735 1500575.0
736 1500539.0
737 1500539.0
738 1498958.0
739 1498958.0
740 1498958.0
741 1498958.0
742 1498872.0
743 1497316.0
744 1497316.0
745 1495762.0
746 1495762.0
747 1495762.0
748 1492547.0
749 1487681.0
750 1487681.0
751 1487681.0
752 1486157.0
753 1474678.0
754 1473179.0
755 1471716.0
756 1468861.0
757 1468855.0
758 1467206.0
759 1467150.0
760 1467150.0
761 1467150.0
762 1467085.0
763 1465577.0
764 1462465.0
765 1462043.0
766 1460594.0
767 1460594.0
768 1459148.0
769 1459148.0
770 1459148.0
771 1459148.0
772 1459148.0
773 1459148.0
774 1459148.0
775 1457704.0
776 1457704.0
777 1457704.0
778 1457704.0
779 1457704.0
780 1452967.0
781 1452967.0
782 1452967.0
783 1451549.0
784 1451549.0
785 1451549.0
786 1450141.0
787 1450141.0
788 1448736.0
789 1448736.0
790 1448736.0
791 1448201.0
792 1448201.0
793 1446804.0
794 1443768.0
795 1443768.0
796 1442379.0
797 1440995.0
798 1440995.0
799 1439616.0
800 1439616.0
801 1439616.0
802 1439616.0
803 1439616.0
804 1438242.0
805 1436609.0
806 1436609.0
807 1431996.0
808 1431996.0
809 1430706.0
810 1430706.0
811 1430706.0
812 1430706.0
813 1429462.0
814 1429462.0
815 1428223.0
816 1428204.0
817 1428204.0
818 1428204.0
819 1426972.0
820 1422492.0
821 1420867.0
822 1420867.0
823 1420867.0
824 1420867.0
825 1420867.0
826 1420064.0
827 1420064.0
828 1417230.0
829 1417230.0
830 1409544.0
831 1409544.0
832 1409544.0
833 1409544.0
834 1409544.0
835 1408554.0
836 1407737.0
837 1407737.0
838 1407737.0
839 1407737.0
840 1407737.0
841 1407737.0
842 1407737.0
843 1407737.0
844 1405326.0
845 1405326.0
846 1405326.0
847 1404757.0
848 1404170.0
849 1403844.0
850 1403844.0
851 1403844.0
852 1403844.0
853 1403844.0
854 1403844.0
855 1403844.0
856 1403844.0
857 1351140.0
858 1351140.0
859 1346505.0
860 1346505.0
861 1340191.0
862 1340191.0
863 1340191.0
864 1338622.0
865 1338622.0
866 1338622.0
867 1331963.0
868 1331963.0
869 1325695.0
870 1325695.0
871 1325695.0
872 1325695.0
873 1325695.0
874 1325695.0
875 1325695.0
876 1325695.0
877 1325695.0
878 1314762.0
879 1314762.0
880 1310093.0
881 1310093.0
882 1310093.0
883 1310093.0
884 1308538.0
885 1308538.0
886 1308538.0
887 1308538.0
888 1308538.0
889 1286905.0
890 1286905.0
891 1286905.0
892 1286905.0
893 1286905.0
894 1286905.0
895 1280754.0
896 1280314.0
897 1278817.0
898 1278817.0
899 1277729.0
900 1274662.0
901 1274662.0
902 1271599.0
903 1270113.0
904 1270113.0
905 1270113.0
906 1270113.0
907 1270113.0
908 1270113.0
909 1270113.0
910 1270113.0
911 1270113.0
912 1270113.0
913 1270113.0
924 1282143.0
925 1280843.0
926 1280843.0
927 1280843.0
928 1280843.0
929 1280843.0
930 1280843.0
931 1280843.0
932 1280843.0
933 1280843.0
934 1280843.0
935 1280843.0
946 1286801.0
947 1286801.0
948 1286801.0
949 1256508.0
950 1255004.0
951 1255004.0
952 1255004.0
953 1255004.0
954 1255004.0
955 1255004.0
956 1255004.0
957 1040805.0
958 1040788.0
959 1039419.0
960 1039235.0
961 1039201.0
962 1039178.0
963 1039177.0
964 1039174.0
965 1039016.0
966 1039016.0
967 1038956.0
968 1038956.0
969 1038956.0
970 1038909.0
971 1038742.0
972 1038660.0
973 1038627.0
974 1037399.0
975 1036082.0
976 1036082.0
977 1033419.0
978 1032601.0
979 1032214.0
980 1030944.0
981 1030944.0
982 1030944.0
983 1029679.0
984 1029679.0
985 1029679.0
986 1029679.0
987 1028430.0
988 1027183.0
989 1027183.0
990 1027183.0
991 1027183.0
992 1027183.0
993 1026879.0
994 1026844.0
995 1026844.0
996 1026844.0
997 1026844.0
998 1026844.0
999 1025676.0
1000 1025676.0
1001 1025676.0
1002 1025676.0
1003 1025676.0
1004 1025676.0
1005 1025676.0
1006 1024536.0
1007 1024536.0
1008 1024536.0
1009 1024536.0
1010 1021840.0
1011 1021840.0
1012 1021840.0
1013 1021840.0
1014 1020939.0
1015 1020939.0
1016 1020939.0
1017 1020939.0
1018 1020939.0
1019 1017336.0
1020 1016870.0
1021 1016870.0
1022 1016870.0
1023 1016870.0
1024 1016870.0
1025 1016870.0
1026 1016870.0
1027 1016870.0
1028 1016870.0
1029 1016870.0
1030 1016870.0
1041 1016798.0
1042 1016798.0
1043 1016798.0
1044 1016798.0
1045 1016798.0
1046 1016798.0
1047 1016798.0
1048 1016798.0
1049 1016798.0
1050 1016798.0
1061 972589.0
1062 972553.0
1063 972553.0
1064 971277.0
1065 971277.0
1066 971232.0
1067 971232.0
1068 963416.0
1069 962176.0
1070 960952.0
1071 958424.0
1072 958424.0
1073 955750.0
1074 955691.0
1075 955691.0
1076 955691.0
1077 955691.0
1078 954578.0
1079 954578.0
1080 954578.0
1081 954578.0
1082 954578.0
1083 954578.0
1084 954330.0
1085 954330.0
1086 954330.0
1087 954330.0
1088 950412.0
1089 950412.0
1090 950412.0
1091 949108.0
1092 949108.0
1093 949108.0
1094 949108.0
1095 949108.0
1096 949108.0
1097 949108.0
1098 949108.0
1099 949108.0
1100 949108.0
1101 949108.0
1112 950412.0
1113 950389.0
1114 950205.0
1115 950205.0
1116 950205.0
1117 950205.0
1118 950205.0
1119 949459.0
1120 949118.0
1121 949118.0
1122 949118.0
1123 949118.0
1124 949118.0
1125 949118.0
1126 949118.0
1127 947814.0
1128 945209.0
1129 945209.0
1130 945209.0
1131 945209.0
1132 945209.0
1133 945209.0
1134 945209.0
1135 945209.0
1136 945209.0
1137 945209.0
1138 945209.0
1149 946511.0
1150 946511.0
1151 946511.0
1152 946511.0
1153 946511.0
1154 946511.0
1155 946511.0
1156 946511.0
1157 946511.0
1158 946511.0
1169 958794.0
1170 958794.0
1171 958794.0
1172 958794.0
1173 958794.0
1174 958794.0
1175 958537.0
1176 958537.0
1177 957700.0
1178 957700.0
1179 957700.0
1180 957700.0
1181 957700.0
1182 957700.0
1183 956959.0
1184 956959.0
1185 956959.0
1186 956959.0
1187 955649.0
1188 955649.0
1189 955649.0
1190 955649.0
1191 955649.0
1192 955649.0
1193 955649.0
1194 955649.0
1195 955649.0
1196 954340.0
1197 954122.0
1198 954122.0
1199 946517.0
1200 946517.0
1201 946517.0
1202 946517.0
1203 946517.0
1204 946517.0
1205 946517.0
1206 946517.0
1207 946517.0
1208 946517.0
1209 946517.0
1220 966555.0
1221 966555.0
1222 966498.0
1223 966498.0
1224 966271.0
1225 966227.0
1226 966227.0
1227 966227.0
1228 963670.0
1229 963598.0
1230 962459.0
1231 962459.0
1232 962459.0
1233 962459.0
1234 962459.0
1235 962459.0
1236 962459.0
1237 962459.0
1238 962459.0
1239 962459.0
1240 958727.0
1241 958727.0
1242 958727.0
1243 958727.0
1244 958727.0
1245 958519.0
1246 958519.0
1247 958519.0
1248 958519.0
1249 958519.0
1250 958519.0
1251 958519.0
1252 958519.0
1253 958519.0
1254 958519.0
1255 957422.0
1256 956470.0
1257 956470.0
1258 955593.0
1259 955593.0
1260 955593.0
1261 955593.0
1262 955593.0
1263 955593.0
1264 955593.0
1265 955593.0
1266 955593.0
1267 955593.0
1268 955593.0
1279 961315.0
1280 961315.0
1281 961315.0
1282 961315.0
1283 961315.0
1284 961315.0
1285 961315.0
1286 961315.0
1287 961315.0
1288 961315.0
1299 936265.0
1300 936047.0
1301 936045.0
1302 936012.0
1303 935959.0
1304 935959.0
1305 934698.0
1306 934685.0
1307 933459.0
1308 933459.0
1309 933459.0
1310 933459.0
1311 933459.0
1312 933459.0
1313 930286.0
1314 930286.0
1315 928850.0
1316 928850.0
1317 928850.0
1318 928850.0
1319 928850.0
1320 928850.0
1321 928850.0
1322 928850.0
1323 928850.0
1324 928850.0
1325 928850.0
1336 951738.0
1337 951738.0
1338 951738.0
1339 951738.0
1340 951738.0
1341 951738.0
1342 951738.0
1343 950618.0
1344 950618.0
1345 950618.0
1346 949681.0
1347 949681.0
1348 949681.0
1349 949681.0
1350 949681.0
1351 949681.0
1352 949681.0
1353 949681.0
1354 949681.0
1355 949681.0
1356 949681.0
1367 944130.0
1368 944130.0
1369 944130.0
1370 944130.0
1371 944130.0
1372 944130.0
1373 944130.0
1374 944130.0
1375 944130.0
1376 942815.0
1377 941501.0
1378 941501.0
1379 941501.0
1380 941501.0
1381 941501.0
1382 941501.0
1383 941501.0
1384 941501.0
1385 941501.0
1386 941501.0
1387 941501.0
1398 917242.0
1399 914661.0
1400 914500.0
1401 914412.0
1402 913132.0
1403 913103.0
1404 913103.0
1405 911836.0
1406 911836.0
1407 910588.0
1408 910588.0
1409 910588.0
1410 910570.0
1411 910570.0
1412 910525.0
1413 909395.0
1414 909235.0
1415 904406.0
1416 904406.0
1417 904406.0
1418 904406.0
1419 902987.0
1420 902225.0
1421 902225.0
1422 901793.0
1423 900094.0
1424 900094.0
1425 889877.0
1426 889877.0
1427 889877.0
1428 883524.0
1429 882256.0
1430 882256.0
1431 882256.0
1432 882253.0
1433 882231.0
1434 882231.0
1435 880989.0
1436 880989.0
1437 880989.0
1438 880989.0
1439 880989.0
1440 880989.0
1441 880989.0
1442 880989.0
1443 880989.0
1444 879723.0
1445 879723.0
1446 879723.0
1447 879723.0
1448 879723.0
1449 879723.0
1450 879723.0
1451 879723.0
1452 879723.0
1453 879723.0
1454 879723.0
1465 928595.0
1466 928595.0
1467 928595.0
1468 928595.0
1469 928595.0
1470 928595.0
1471 928595.0
1472 928595.0
1473 928595.0
1474 928595.0
1475 928595.0
1486 930618.0
1487 929900.0
1488 929900.0
1489 929900.0
1490 929900.0
1491 929900.0
1492 929900.0
1493 924689.0
1494 924689.0
1495 924689.0
1496 924689.0
1497 924689.0
1498 924689.0
1499 923032.0
1500 923032.0
1501 923032.0
1502 923032.0
1503 923032.0
1504 923032.0
1505 923032.0
1506 919130.0
1507 919130.0
1508 919130.0
1509 919130.0
1510 919130.0
1511 919130.0
1512 919130.0
1513 919130.0
1514 919130.0
1515 916533.0
1516 916533.0
1517 916533.0
1518 916533.0
1519 916533.0
1520 916533.0
1521 916533.0
1522 916533.0
1523 916533.0
1524 916533.0
1525 916533.0
1536 925554.0
1537 924334.0
1538 924334.0
1539 924334.0
1540 924334.0
1541 924334.0
1542 924334.0
1543 924334.0
1544 924334.0
1545 924334.0
1546 924334.0
1547 924334.0
1558 901731.0
1559 901082.0
1560 901082.0
1561 901082.0
1562 901082.0
1563 901082.0
1564 901082.0
1565 901082.0
1566 901082.0
1567 901082.0
1568 901082.0
1569 898514.0
1570 898514.0
1571 898514.0
1572 898514.0
1573 898514.0
1574 898514.0
1575 898514.0
1576 898514.0
1577 898514.0
1578 898514.0
1579 898514.0
1590 889810.0
1591 889810.0
1592 889810.0
1593 889810.0
1594 830143.0
1595 830082.0
1596 829903.0
1597 829903.0
1598 829805.0
1599 829805.0
1600 823693.0
1601 823503.0
1602 823173.0
1603 823079.0
1604 823079.0
1605 821929.0
1606 821929.0
1607 820826.0
1608 820826.0
1609 820826.0
1610 820826.0
1611 820826.0
1612 820826.0
1613 820826.0
1614 819735.0
1615 817449.0
1616 817449.0
1617 817449.0
1618 817449.0
1619 817449.0
1620 817449.0
1621 815197.0
1622 815197.0
1623 815197.0
1624 815197.0
1625 815197.0
1626 814169.0
1627 813337.0
1628 813337.0
1629 813337.0
1630 813337.0
1631 813337.0
1632 813337.0
1633 813337.0
1634 813337.0
1635 813337.0
1636 813337.0
1637 813337.0
1648 809686.0
1649 809686.0
1650 809686.0
1651 809686.0
1652 809686.0
1653 809686.0
1654 809686.0
1655 809686.0
1656 809686.0
1657 807258.0
1658 806045.0
1659 804464.0
1660 804464.0
1661 802039.0
1662 802039.0
1663 802039.0
1664 802039.0
1665 802039.0
1666 802039.0
1667 802039.0
1668 802039.0
1669 802039.0
1670 802039.0
1671 802039.0
1682 807258.0
1683 807242.0
1684 807242.0
1685 802417.0
1686 739885.0
1687 738732.0
1688 738699.0
1689 738645.0
1690 738641.0
1691 737501.0
1692 737479.0
1693 737479.0
1694 737433.0
1695 737433.0
1696 737390.0
1697 735150.0
1698 735138.0
1699 734019.0
1700 732951.0
1701 732951.0
1702 732951.0
1703 732951.0
1704 732868.0
1705 732868.0
1706 732868.0
1707 732868.0
1708 732868.0
1709 728444.0
1710 728444.0
1711 728444.0
1712 728444.0
1713 728444.0
1714 728444.0
1715 728444.0
1716 728444.0
1717 728444.0
1718 728444.0
1719 728444.0
1730 531914.0
1731 531902.0
1732 531845.0
1733 531845.0
1734 531845.0
1735 531845.0
1736 531553.0
1737 530628.0
1738 530628.0
1739 530615.0
1740 530615.0
1741 530587.0
1742 530587.0
1743 530587.0
1744 530587.0
1745 530328.0
1746 530291.0
1747 528463.0
1748 528432.0
1749 527561.0
1750 527561.0
1751 527561.0
1752 526691.0
1753 525825.0
1754 525825.0
1755 525825.0
1756 525825.0
1757 525825.0
1758 525825.0
1759 524985.0
1760 524985.0
1761 524985.0
1762 524985.0
1763 524985.0
1764 524148.0
1765 524148.0
1766 524148.0
1767 524148.0
1768 524148.0
1769 524114.0
1770 524114.0
1771 524114.0
1772 524114.0
1773 524114.0
1774 524070.0
1775 524070.0
1776 524070.0
1777 524070.0
1778 523859.0
1779 521180.0
1780 521180.0
1781 521180.0
1782 521180.0
1783 521180.0
1784 521180.0
1785 521180.0
1786 521180.0
1787 520401.0
1788 520401.0
1789 520401.0
1790 520401.0
1791 520401.0
1792 519627.0
1793 519627.0
1794 519627.0
1795 519627.0
1796 519627.0
1797 519627.0
1798 517937.0
1799 517937.0
1800 517937.0
1801 517937.0
1802 517937.0
1803 517937.0
1804 517937.0
1805 517937.0
1806 517191.0
1807 517191.0
1808 517191.0
1809 517191.0
1810 517191.0
1811 517191.0
1812 517191.0
1813 517191.0
1814 517191.0
1815 517191.0
1816 517191.0
1827 521872.0
1828 521872.0
1829 521872.0
1830 521872.0
1831 521872.0
1832 521064.0
1833 515584.0
1834 515584.0
1835 515584.0
1836 514907.0
1837 514907.0
1838 514907.0
1839 514907.0
1840 513345.0
1841 513345.0
1842 512725.0
1843 512725.0
1844 512232.0
1845 507009.0
1846 506917.0
1847 506917.0
1848 506917.0
1849 506081.0
1850 506081.0
1851 506081.0
1852 506081.0
1853 505523.0
1854 505023.0
1855 505023.0
1856 505023.0
1857 505023.0
1858 505023.0
1859 502731.0
1860 502730.0
1861 502451.0
1862 502451.0
1863 502451.0
1864 502451.0
1865 502451.0
1866 502451.0
1867 502451.0
1868 502451.0
1869 502451.0
1870 502451.0
1871 500888.0
1872 500888.0
1873 500888.0
1874 500888.0
1875 500888.0
1876 500888.0
1877 500888.0
1878 500888.0
1879 500888.0
1880 500888.0
1881 500888.0
1892 507019.0
1893 506508.0
1894 506160.0
1895 506059.0
1896 506059.0
1897 505064.0
1898 505064.0
1899 505064.0
1900 505064.0
1901 505064.0
1902 505064.0
1903 505064.0
1904 505064.0
1905 505064.0
1906 505064.0
1907 505064.0
1918 506722.0
1919 506688.0
1920 506533.0
1921 506533.0
1922 494798.0
1923 494794.0
1924 494732.0
1925 494732.0
1926 494687.0
1927 494681.0
1928 494681.0
1929 494360.0
1930 494360.0
1931 494360.0
1932 494360.0
1933 492608.0
1934 492608.0
1935 492608.0
1936 492608.0
1937 492608.0
1938 492608.0
1939 492608.0
1940 491891.0
1941 491891.0
1942 491891.0
1943 491891.0
1944 491891.0
1945 491891.0
1946 491891.0
1947 491891.0
1948 491891.0
1949 491891.0
1950 491891.0
1961 498659.0
1962 498659.0
1963 498659.0
1964 497744.0
1965 497744.0
1966 497744.0
1967 497744.0
1968 497744.0
1969 497744.0
1970 496830.0
1971 496830.0
1972 496830.0
1973 496830.0
1974 496830.0
1975 496830.0
1976 496830.0
1977 496830.0
1978 496830.0
1979 496830.0
1980 496830.0
1991 488665.0
1992 488665.0
1993 485055.0
1994 483257.0
1995 483199.0
1996 483199.0
1997 483199.0
1998 482359.0
1999 482359.0
2000 482359.0
2001 482359.0
2002 482359.0
2003 482359.0
2004 482359.0
2005 482359.0
2006 481462.0
2007 481462.0
2008 479672.0
2009 479672.0
2010 479672.0
2011 479672.0
2012 479672.0
2013 479672.0
2014 479672.0
2015 479672.0
2016 479672.0
2017 479672.0
2018 479672.0
2029 481678.0
2030 481259.0
2031 481259.0
2032 474098.0
2033 473950.0
2034 473950.0
2035 473950.0
2036 473219.0
2037 473219.0
2038 473219.0
2039 473219.0
2040 473219.0
2041 473219.0
2042 473219.0
2043 473219.0
2044 473219.0
2045 473219.0
2046 473219.0
2057 472310.0
2058 472310.0
2059 472310.0
2060 472310.0
2061 472310.0
2062 472310.0
2063 472310.0
2064 472310.0
2065 472310.0
2066 472310.0
2077 454686.0
2078 454686.0
2079 454686.0
2080 454686.0
2081 454686.0
2082 454686.0
2083 454686.0
2084 454686.0
2085 454686.0
2086 454686.0
2097 455086.0
2098 455086.0
2099 454728.0
2100 454728.0
2101 454728.0
2102 454728.0
2103 454728.0
2104 454728.0
2105 454686.0
2106 454686.0
2107 454686.0
2108 454686.0
2109 454686.0
2110 454686.0
2111 454686.0
2112 454686.0
2113 454686.0
2114 454686.0
2115 454686.0
2126 458403.0
2127 458379.0
2128 458379.0
2129 458327.0
2130 458327.0
2131 457663.0
2132 457663.0
2133 457663.0
2134 457663.0
2135 456427.0
2136 456427.0
2137 456427.0
2138 456427.0
2139 456427.0
2140 456427.0
2141 456427.0
2142 456427.0
2143 456427.0
2144 456427.0
2145 456427.0
2156 471496.0
2157 470737.0
2158 470725.0
2159 469987.0
2160 469987.0
2161 469987.0
2162 469987.0
2163 468377.0
2164 467833.0
2165 467833.0
2166 467833.0
2167 467833.0
2168 450299.0
2169 450282.0
2170 450282.0
2171 450282.0
2172 450088.0
2173 450088.0
2174 450088.0
2175 450088.0
2176 449434.0
2177 449434.0
2178 449434.0
2179 449434.0
2180 449434.0
2181 449434.0
2182 449434.0
2183 449434.0
2184 449434.0
2185 449434.0
2186 449434.0
2197 451750.0
2198 451720.0
2199 451720.0
2200 451720.0
2201 451720.0
2202 451171.0
2203 449435.0
2204 449435.0
2205 445974.0
2206 445974.0
2207 445974.0
2208 445550.0
2209 444916.0
2210 444916.0
2211 444479.0
2212 444479.0
2213 444479.0
2214 444254.0
2215 444254.0
2216 444254.0
2217 444254.0
2218 444254.0
2219 444254.0
2220 444254.0
2221 444254.0
2222 444254.0
2223 444254.0
2224 444254.0
2235 406687.0
2236 406687.0
2237 406463.0
2238 405725.0
2239 404990.0
2240 404990.0
2241 404960.0
2242 404960.0
2243 404960.0
2244 404960.0
2245 404960.0
2246 404960.0
2247 404960.0
2248 404960.0
2249 404960.0
2250 404960.0
2251 404960.0
2262 404467.0
2263 404467.0
2264 404467.0
2265 404467.0
2266 404467.0
2267 404467.0
2268 404467.0
2269 404467.0
2270 404467.0
2271 404467.0
2282 405933.0
2283 405933.0
2284 405818.0
2285 405818.0
2286 405818.0
2287 405818.0
2288 397834.0
2289 397834.0
2290 397042.0
2291 397042.0
2292 397042.0
2293 397042.0
2294 397042.0
2295 397042.0
2296 397042.0
2297 397042.0
2298 397042.0
2299 397042.0
2300 397042.0
2311 400094.0
2312 400094.0
2313 400094.0
2314 400094.0
2315 370553.0
2316 370389.0
2317 370260.0
2318 369651.0
2319 369651.0
2320 369651.0
2321 369651.0
2322 369651.0
2323 369651.0
2324 369651.0
2325 369651.0
2326 369651.0
2327 369651.0
2328 369651.0
2339 369055.0
2340 368287.0
2341 368287.0
2342 368287.0
2343 368287.0
2344 368287.0
2345 368287.0
2346 368287.0
2347 368287.0
2348 368287.0
2349 368287.0
2350 368287.0
2361 369055.0
2362 369055.0
2363 369055.0
2364 369055.0
2365 369055.0
2366 369055.0
2367 369055.0
2368 369055.0
2369 369055.0
2370 369055.0
2381 368675.0
2382 368591.0
2383 368591.0
2384 368591.0
2385 368591.0
2386 368591.0
2387 368591.0
2388 368591.0
2389 368591.0
2390 368591.0
2391 368591.0
2392 368591.0
2403 370712.0
2404 370712.0
2405 370036.0
2406 370036.0
2407 370036.0
2408 370036.0
2409 370036.0
2410 370036.0
2411 370036.0
2412 370036.0
2413 370036.0
2414 370036.0
2415 370036.0
2426 372910.0
2427 372910.0
2428 372910.0
2429 372910.0
2430 372910.0
2431 372910.0
2432 372455.0
2433 372455.0
2434 372455.0
2435 372455.0
2436 372455.0
2437 372455.0
2438 372455.0
2439 372455.0
2440 366312.0
2441 366312.0
2442 366312.0
2443 366312.0
2444 366312.0
2445 366312.0
2446 366312.0
2447 366312.0
2448 366312.0
2449 366312.0
2450 366312.0
2461 379721.0
2462 379721.0
2463 379721.0
2464 379721.0
2465 379721.0
2466 379721.0
2467 379460.0
2468 379460.0
2469 379460.0
2470 379460.0
2471 377896.0
2472 377896.0
2473 377896.0
2474 377896.0
2475 377896.0
2476 377896.0
2477 377896.0
2478 377896.0
2479 375556.0
2480 375556.0
2481 375556.0
2482 375556.0
2483 375556.0
2484 375556.0
2485 375556.0
2486 375556.0
2487 375556.0
2488 375556.0
2489 375556.0
2500 376849.0
2501 373296.0
2502 373294.0
2503 371745.0
2504 371413.0
2505 371413.0
2506 371413.0
2507 371413.0
2508 368476.0
2509 368466.0
2510 368441.0
2511 368407.0
2512 368401.0
2513 368308.0
2514 368308.0
2515 368308.0
2516 365386.0
2517 365386.0
2518 365386.0
2519 365386.0
2520 365386.0
2521 365386.0
2522 365386.0
2523 365386.0
2524 365386.0
2525 365386.0
2526 364973.0
2527 364973.0
2528 364973.0
2529 364204.0
2530 364204.0
2531 364204.0
2532 364204.0
2533 364204.0
2534 364204.0
2535 364204.0
2536 364204.0
2537 364204.0
2538 364204.0
2539 364204.0
2550 365484.0
2551 365484.0
2552 365484.0
2553 365484.0
2554 365484.0
2555 365484.0
2556 365484.0
2557 365484.0
2558 365484.0
2559 365484.0
2570 365981.0
2571 365396.0
2572 365396.0
2573 365396.0
2574 365288.0
2575 365288.0
2576 365288.0
2577 365288.0
2578 362233.0
2579 361512.0
2580 361512.0
2581 361512.0
2582 361512.0
2583 361512.0
2584 361512.0
2585 361512.0
2586 361512.0
2587 361512.0
2588 361512.0
2589 361512.0
2600 361511.0
2601 361511.0
2602 361511.0
2603 361511.0
2604 361511.0
2605 359990.0
2606 359990.0
2607 359231.0
2608 359231.0
2609 359231.0
2610 359231.0
2611 359231.0
2612 359231.0
2613 359231.0
2614 359231.0
2615 359231.0
2616 359231.0
2617 359231.0
2628 361864.0
2629 361864.0
2630 361864.0
2631 361864.0
2632 361864.0
2633 361864.0
2634 361864.0
2635 361864.0
2636 361864.0
2637 361864.0
2648 361864.0
2649 361864.0
2650 361864.0
2651 361864.0
2652 361864.0
2653 361864.0
2654 361864.0
2655 361863.0
2656 361863.0
2657 361863.0
2658 361863.0
2659 361863.0
2660 361863.0
2661 361863.0
2662 361863.0
2663 361863.0
2664 361191.0
2665 360574.0
2666 360574.0
2667 360574.0
2668 360574.0
2669 360574.0
2670 360574.0
2671 360574.0
2672 360574.0
2673 360574.0
2674 359817.0
2675 359817.0
2676 359817.0
2677 359817.0
2678 359817.0
2679 359817.0
2680 359817.0
2681 359817.0
2682 359817.0
2683 359061.0
2684 359061.0
2685 359061.0
2686 359061.0
2687 359061.0
2688 359061.0
2689 359061.0
2690 359061.0
2691 359061.0
2692 359061.0
2693 359061.0
2704 359817.0
2705 359817.0
2706 359817.0
2707 359817.0
2708 359817.0
2709 359817.0
2710 359817.0
2711 359817.0
2712 359817.0
2713 359817.0
2724 369730.0
2725 369730.0
2726 369730.0
2727 369730.0
2728 369730.0
2729 369730.0
2730 367588.0
2731 367588.0
2732 367588.0
2733 367588.0
2734 367588.0
2735 365746.0
2736 365746.0
2737 365746.0
2738 365746.0
2739 365746.0
2740 365746.0
2741 365746.0
2742 365746.0
2743 365746.0
2744 365746.0
2745 365746.0
2756 364459.0
2757 363869.0
2758 363869.0
2759 363869.0
2760 363869.0
2761 363353.0
2762 363353.0
2763 363353.0
2764 363353.0
2765 363353.0
2766 363353.0
2767 363353.0
2768 363353.0
2769 363353.0
2770 363353.0
2771 363353.0
2782 365262.0
2783 365238.0
2784 365238.0
2785 365238.0
2786 365238.0
2787 365238.0
2788 365238.0
2789 365134.0
2790 362910.0
2791 362910.0
2792 362910.0
2793 362910.0
2794 362910.0
2795 362910.0
2796 362910.0
2797 362910.0
2798 362910.0
2799 362910.0
2800 362910.0
2811 362317.0
2812 360375.0
2813 360375.0
2814 360375.0
2815 360375.0
2816 360375.0
2817 360308.0
2818 360308.0
2819 360308.0
2820 360308.0
2821 360308.0
2822 360308.0
2823 360308.0
2824 358791.0
2825 358791.0
2826 358791.0
2827 358791.0
2828 358791.0
2829 349031.0
2830 348996.0
2831 348255.0
2832 348255.0
2833 347548.0
2834 347548.0
2835 347548.0
2836 347548.0
2837 347548.0
2838 347548.0
2839 347548.0
2840 347548.0
2841 347548.0
2842 347548.0
2843 347548.0
2854 343848.0
2855 343848.0
2856 343848.0
2857 343848.0
2858 343848.0
2859 343848.0
2860 343848.0
2861 343848.0
2862 343848.0
2863 343848.0
2874 356524.0
2875 356524.0
2876 356524.0
2877 356524.0
2878 356524.0
2879 356524.0
2880 356524.0
2881 356524.0
2882 356524.0
2883 356524.0
2884 356524.0
2895 358422.0
2896 357706.0
2897 357677.0
2898 357677.0
2899 357677.0
2900 357039.0
2901 357039.0
2902 357039.0
2903 357039.0
2904 356524.0
2905 356524.0
2906 356524.0
2907 356524.0
2908 356524.0
2909 356524.0
2910 356524.0
2911 353520.0
2912 353505.0
2913 353293.0
2914 353265.0
2915 353249.0
2916 353209.0
2917 351742.0
2918 351742.0
2919 351742.0
2920 351742.0
2921 351742.0
2922 351742.0
2923 351742.0
2924 351742.0
2925 351742.0
2926 351742.0
2927 351638.0
2928 350318.0
2929 350318.0
2930 350318.0
2931 350285.0
2932 350285.0
2933 350285.0
2934 349784.0
2935 349784.0
2936 349784.0
2937 349784.0
2938 349784.0
2939 349784.0
2940 349784.0
2941 349784.0
2942 349784.0
2943 349784.0
2944 349784.0
2955 353637.0
2956 353637.0
2957 353637.0
2958 353637.0
2959 353637.0
2960 353637.0
2961 353637.0
2962 353637.0
2963 353637.0
2964 353637.0
2975 353637.0
2976 353637.0
2977 353637.0
2978 353637.0
2979 353637.0
2980 353637.0
2981 353637.0
2982 353637.0
2983 353637.0
2984 353637.0
2995 351696.0
2996 351696.0
2997 351696.0
2998 351696.0
2999 351259.0
3000 350835.0
3001 350835.0
3002 350835.0
3003 350835.0
3004 350835.0
3005 350835.0
3006 350835.0
3007 350835.0
3008 350835.0
3009 350835.0
3010 350835.0
3021 352159.0
3022 352159.0
3023 352159.0
3024 352159.0
3025 352159.0
3026 352159.0
3027 352159.0
3028 352159.0
3029 352159.0
3030 351983.0
3031 351983.0
3032 351983.0
3033 351983.0
3034 351983.0
3035 351983.0
3036 351983.0
3037 351983.0
3038 351983.0
3039 351983.0
3040 351584.0
3041 351584.0
3042 351584.0
3043 351584.0
3044 351584.0
3045 350087.0
3046 350087.0
3047 350087.0
3048 350087.0
3049 350087.0
3050 344142.0
3051 344059.0
3052 344059.0
3053 344059.0
3054 344059.0
3055 341929.0
3056 341929.0
3057 341929.0
3058 341929.0
3059 341929.0
3060 329561.0
3061 329528.0
3062 329469.0
3063 329385.0
3064 329385.0
3065 329385.0
3066 329385.0
3067 328842.0
3068 328842.0
3069 328842.0
3070 328308.0
3071 328308.0
3072 324734.0
3073 324734.0
3074 323311.0
3075 323311.0
3076 323311.0
3077 323311.0
3078 323311.0
3079 323311.0
3080 323311.0
3081 323311.0
3082 323311.0
3083 323311.0
3084 323311.0
3095 330232.0
3096 328848.0
3097 328848.0
3098 328848.0
3099 328848.0
3100 328390.0
3101 328390.0
3102 328390.0
3103 328390.0
3104 328390.0
3105 328390.0
3106 327846.0
3107 327846.0
3108 327846.0
3109 327846.0
3110 327846.0
3111 327846.0
3112 327403.0
3113 327403.0
3114 327403.0
3115 327403.0
3116 327403.0
3117 327403.0
3118 327403.0
3119 327403.0
3120 327403.0
3121 327403.0
3122 327403.0
3133 326796.0
3134 326796.0
3135 326796.0
3136 326796.0
3137 326796.0
3138 326796.0
3139 326796.0
3140 326796.0
3141 326796.0
3142 324840.0
3143 324818.0
3144 324127.0
3145 324127.0
3146 324127.0
3147 324127.0
3148 324127.0
3149 324127.0
3150 324127.0
3151 324127.0
3152 324127.0
3153 324127.0
3154 324127.0
3165 325131.0
3166 325131.0
3167 325131.0
3168 325131.0
3169 325131.0
3170 325131.0
3171 325131.0
3172 325131.0
3173 325131.0
3174 325131.0
3175 324500.0
3176 324500.0
3177 324500.0
3178 323911.0
3179 323911.0
3180 323911.0
3181 323911.0
3182 323911.0
3183 323911.0
3184 323911.0
3185 323911.0
3186 323911.0
3187 323911.0
3188 318743.0
3189 318743.0
3190 318743.0
3191 318743.0
3192 318743.0
3193 318743.0
3194 318743.0
3195 318743.0
3196 318743.0
3197 318743.0
3198 318743.0
3209 322203.0
3210 322203.0
3211 322203.0
3212 321543.0
3213 320896.0
3214 320896.0
3215 320896.0
3216 320896.0
3217 320896.0
3218 320896.0
3219 320442.0
3220 320442.0
3221 320442.0
3222 320442.0
3223 320156.0
3224 320156.0
3225 320156.0
3226 320156.0
3227 320156.0
3228 320089.0
3229 320089.0
3230 318016.0
3231 318016.0
3232 318016.0
3233 318016.0
3234 318016.0
3235 318016.0
3236 318016.0
3237 318016.0
3238 318016.0
3239 318016.0
3240 318016.0
3251 318515.0
3252 318515.0
3253 318515.0
3254 318515.0
3255 318515.0
3256 318515.0
3257 313759.0
3258 313759.0
3259 313759.0
3260 313759.0
3261 313759.0
3262 313759.0
3263 313759.0
3264 313759.0
3265 313759.0
3266 313759.0
3267 313759.0
3278 316447.0
3279 316447.0
3280 316447.0
3281 316447.0
3282 315798.0
3283 315798.0
3284 315798.0
3285 315173.0
3286 315173.0
3287 313758.0
3288 313647.0
3289 313647.0
3290 313647.0
3291 313647.0
3292 313624.0
3293 313624.0
3294 313624.0
3295 313624.0
3296 313624.0
3297 313624.0
3298 313624.0
3299 312347.0
3300 312347.0
3301 312347.0
3302 312347.0
3303 312347.0
3304 312347.0
3305 312347.0
3306 312347.0
3307 312347.0
3308 312347.0
3309 312347.0
3320 312974.0
3321 312347.0
3322 312347.0
3323 312347.0
3324 312347.0
3325 312347.0
3326 312347.0
3327 312347.0
3328 312347.0
3329 312347.0
3330 312347.0
3331 312229.0
3332 312229.0
3333 312229.0
3334 312229.0
3335 312229.0
3336 312229.0
3337 312229.0
3338 312229.0
3339 312229.0
3340 312229.0
3341 312229.0
3352 316969.0
3353 316969.0
3354 316969.0
3355 316315.0
3356 316315.0
3357 316268.0
3358 316268.0
3359 316268.0
3360 316268.0
3361 316268.0
3362 316268.0
3363 316268.0
3364 316268.0
3365 316268.0
3366 316268.0
3367 316268.0
3378 317316.0
3379 317316.0
3380 317316.0
3381 317316.0
3382 317298.0
3383 316779.0
3384 316779.0
3385 316477.0
3386 316477.0
3387 316477.0
3388 316477.0
3389 316477.0
3390 316477.0
3391 316477.0
3392 316477.0
3393 316477.0
3394 316477.0
3395 316477.0
3406 318925.0
3407 318925.0
3408 318918.0
3409 318918.0
3410 318918.0
3411 318277.0
3412 318277.0
3413 318277.0
3414 317640.0
3415 317640.0
3416 317640.0
3417 317640.0
3418 317640.0
3419 317189.0
3420 317189.0
3421 317189.0
3422 317189.0
3423 317189.0
3424 317189.0
3425 317189.0
3426 317189.0
3427 317189.0
3428 317189.0
3429 317189.0
3440 317189.0
3441 317189.0
3442 317189.0
3443 317189.0
3444 317189.0
3445 317189.0
3446 317189.0
3447 317189.0
3448 317189.0
3449 317189.0
3460 323505.0
3461 323267.0
3462 323267.0
3463 323267.0
3464 322201.0
3465 322201.0
3466 322201.0
3467 322201.0
3468 320764.0
3469 320764.0
3470 320764.0
3471 320764.0
3472 320764.0
3473 320764.0
3474 320764.0
3475 319331.0
3476 319311.0
3477 319311.0
3478 319311.0
3479 319299.0
3480 319062.0
3481 319062.0
3482 319062.0
3483 319062.0
3484 318616.0
3485 318616.0
3486 318616.0
3487 318616.0
3488 318616.0
3489 318616.0
3490 318616.0
3491 318616.0
3492 318616.0
3493 318616.0
3494 318616.0
3505 319169.0
3506 319169.0
3507 319169.0
3508 319169.0
3509 319169.0
3510 319169.0
3511 319169.0
3512 319169.0
3513 319169.0
3514 319169.0
3525 323498.0
3526 323498.0
3527 323498.0
3528 323498.0
3529 323498.0
3530 322919.0
3531 322919.0
3532 322919.0
3533 312270.0
3534 312128.0
3535 312128.0
3536 312128.0
3537 312128.0
3538 312128.0
3539 310849.0
3540 310561.0
3541 310561.0
3542 310561.0
3543 310561.0
3544 310561.0
3545 310561.0
3546 310561.0
3547 310288.0
3548 310288.0
3549 310288.0
3550 310288.0
3551 310288.0
3552 310288.0
3553 310288.0
3554 310288.0
3555 310288.0
3556 310288.0
3557 310288.0
3568 310288.0
3569 310288.0
3570 310288.0
3571 310288.0
3572 310288.0
3573 310288.0
3574 310288.0
3575 310288.0
3576 310197.0
3577 310197.0
3578 310197.0
3579 310197.0
3580 310197.0
3581 310197.0
3582 310197.0
3583 310197.0
3584 310197.0
3585 310197.0
3586 310197.0
3597 312793.0
3598 312793.0
3599 312793.0
3600 312793.0
3601 312793.0
3602 312793.0
3603 312793.0
3604 312793.0
3605 312793.0
3606 312793.0
3617 97393.0
3618 97377.0
3619 97294.0
3620 97256.0
3621 97063.0
3622 96628.0
3623 96389.0
3624 96117.0
3625 95903.0
3626 95903.0
3627 95889.0
3628 95874.0
3629 95724.0
3630 95724.0
3631 95724.0
3632 95724.0
3633 95664.0
3634 95644.0
3635 95633.0
3636 95608.0
3637 95587.0
3638 95587.0
3639 95586.0
3640 95372.0
3641 95338.0
3642 95294.0
3643 95241.0
3644 94876.0
3645 94876.0
3646 94821.0
3647 94821.0
3648 94678.0
3649 94660.0
3650 94520.0
3651 94520.0
3652 94500.0
3653 94444.0
3654 94154.0
3655 94141.0
3656 94141.0
3657 93942.0
3658 93933.0
3659 93933.0
3660 93933.0
3661 93933.0
3662 93933.0
3663 93933.0
3664 93522.0
3665 93522.0
3666 93522.0
3667 93522.0
3668 93499.0
3669 93452.0
3670 93365.0
3671 93360.0
3672 93360.0
3673 93360.0
3674 93360.0
3675 93353.0
3676 93353.0
3677 93322.0
3678 92932.0
3679 92932.0
3680 92932.0
3681 92932.0
3682 92932.0
3683 92878.0
3684 92878.0
3685 92476.0
3686 92459.0
3687 92459.0
3688 92459.0
3689 92459.0
3690 92063.0
3691 91962.0
3692 91962.0
3693 91962.0
3694 91962.0
3695 91905.0
3696 91900.0
3697 91900.0
3698 91862.0
3699 91846.0
3700 91846.0
3701 91769.0
3702 91769.0
3703 91736.0
3704 91736.0
3705 91730.0
3706 91730.0
3707 91730.0
3708 91551.0
3709 91551.0
3710 91551.0
3711 91551.0
3712 91544.0
3713 91527.0
3714 91527.0
3715 91507.0
3716 91461.0
3717 91461.0
3718 91098.0
3719 91098.0
3720 91010.0
3721 90896.0
3722 90869.0
3723 90517.0
3724 90517.0
3725 90517.0
3726 90517.0
3727 90433.0
3728 90433.0
3729 90433.0
3730 90433.0
3731 90433.0
3732 90433.0
3733 90433.0
3734 90433.0
3735 90433.0
3736 90433.0
3737 90358.0
3738 90358.0
3739 89780.0
3740 89780.0
3741 89780.0
3742 89780.0
3743 89764.0
3744 89725.0
3745 89725.0
3746 89725.0
3747 89321.0
3748 89320.0
3749 89283.0
3750 89283.0
3751 89283.0
3752 89283.0
3753 89283.0
3754 89283.0
3755 89283.0
3756 89283.0
3757 89283.0
3758 89283.0
3759 89283.0
3770 89429.0
3771 89429.0
3772 89429.0
3773 89429.0
3774 89409.0
3775 89409.0
3776 89409.0
3777 89409.0
3778 88868.0
3779 88867.0
3780 88863.0
3781 88536.0
3782 88450.0
3783 88450.0
3784 88450.0
3785 88450.0
3786 88450.0
3787 88450.0
3788 88438.0
3789 88438.0
3790 88355.0
3791 88355.0
3792 88355.0
3793 88328.0
3794 88328.0
3795 88328.0
3796 88328.0
3797 88047.0
3798 88047.0
3799 88047.0
3800 87953.0
3801 87953.0
3802 87953.0
3803 87953.0
3804 87953.0
3805 87953.0
3806 87953.0
3807 87953.0
3808 87953.0
3809 87953.0
3810 87863.0
3811 87780.0
3812 87780.0
3813 87780.0
3814 87780.0
3815 87780.0
3816 87426.0
3817 87383.0
3818 87383.0
3819 87383.0
3820 87383.0
3821 87383.0
3822 87383.0
3823 86809.0
3824 86668.0
3825 86668.0
3826 86668.0
3827 86606.0
3828 86606.0
3829 86606.0
3830 86560.0
3831 86560.0
3832 86560.0
3833 86560.0
3834 86560.0
3835 86147.0
3836 86147.0
3837 86147.0
3838 86125.0
3839 86125.0
3840 86125.0
3841 86125.0
3842 86125.0
3843 86125.0
3844 86125.0
3845 86087.0
3846 86087.0
3847 86087.0
3848 86087.0
3849 86087.0
3850 86087.0
3851 86087.0
3852 86087.0
3853 85966.0
3854 85898.0
3855 85898.0
3856 85898.0
3857 85898.0
3858 85898.0
3859 85898.0
3860 85898.0
3861 85898.0
3862 85898.0
3863 85836.0
3864 85836.0
3865 85836.0
3866 85836.0
3867 85829.0
3868 85700.0
3869 85700.0
3870 85618.0
3871 85618.0
3872 85618.0
3873 85618.0
3874 85618.0
3875 85586.0
3876 85472.0
3877 85472.0
3878 85472.0
3879 85400.0
3880 85400.0
3881 85400.0
3882 85400.0
3883 85400.0
3884 85400.0
3885 85400.0
3886 85277.0
3887 85277.0
3888 85277.0
3889 85277.0
3890 85277.0
3891 85277.0
3892 85277.0
3893 85277.0
3894 83972.0
3895 83972.0
3896 83972.0
3897 83972.0
3898 83972.0
3899 83972.0
3900 83972.0
3901 83972.0
3902 83972.0
3903 83972.0
3904 83972.0
3915 83993.0
3916 83973.0
3917 83973.0
3918 83973.0
3919 83283.0
3920 83283.0
3921 83283.0
3922 83283.0
3923 83283.0
3924 83220.0
3925 82877.0
3926 82870.0
3927 82805.0
3928 82805.0
3929 82805.0
3930 82805.0
3931 82736.0
3932 82736.0
3933 82736.0
3934 82736.0
3935 82736.0
3936 82716.0
3937 82716.0
3938 82716.0
3939 82716.0
3940 82716.0
3941 82716.0
3942 82666.0
3943 82666.0
3944 82666.0
3945 82666.0
3946 82666.0
3947 82666.0
3948 82666.0
3949 82666.0
3950 79413.0
3951 79393.0
3952 79317.0
3953 79317.0
3954 79317.0
3955 79317.0
3956 79317.0
3957 79317.0
3958 79317.0
3959 79317.0
3960 79317.0
3961 79317.0
3962 79317.0
3973 78115.0
3974 78084.0
3975 78038.0
3976 78038.0
3977 78038.0
3978 78038.0
3979 77951.0
3980 77951.0
3981 77951.0
3982 77951.0
3983 77951.0
3984 77951.0
3985 77951.0
3986 77951.0
3987 77951.0
3988 77951.0
3989 77951.0
4000 79279.0
4001 79165.0
4002 79165.0
4003 79165.0
4004 79165.0
4005 79165.0
4006 79165.0
4007 79165.0
4008 79165.0
4009 79165.0
4010 78963.0
4011 78963.0
4012 78963.0
4013 78963.0
4014 78963.0
4015 78963.0
4016 78963.0
4017 78963.0
4018 78963.0
4019 78963.0
4020 78963.0
4031 79224.0
4032 79224.0
4033 79176.0
4034 79145.0
4035 79134.0
4036 79134.0
4037 79134.0
4038 79074.0
4039 79065.0
4040 79065.0
4041 79065.0
4042 79065.0
4043 79017.0
4044 79017.0
4045 79017.0
4046 79017.0
4047 79017.0
4048 79017.0
4049 79017.0
4050 78958.0
4051 78958.0
4052 78958.0
4053 78958.0
4054 78865.0
4055 78865.0
4056 78844.0
4057 78844.0
4058 78844.0
4059 78844.0
4060 78844.0
4061 78844.0
4062 78844.0
4063 78844.0
4064 78829.0
4065 78829.0
4066 78829.0
4067 78829.0
4068 78829.0
4069 78829.0
4070 78829.0
4071 78809.0
4072 78809.0
4073 78809.0
4074 78809.0
4075 78809.0
4076 78809.0
4077 78809.0
4078 78809.0
4079 78809.0
4080 78809.0
4081 78809.0
4092 79007.0
4093 79007.0
4094 79007.0
4095 79007.0
4096 79007.0
4097 78958.0
4098 78958.0
4099 78958.0
4100 78958.0
4101 78958.0
4102 78958.0
4103 78958.0
4104 78958.0
4105 78958.0
4106 78958.0
4107 78958.0
4118 78938.0
4119 78938.0
4120 78938.0
4121 78938.0
4122 78737.0
4123 78737.0
4124 78737.0
4125 78737.0
4126 78737.0
4127 78737.0
4128 78737.0
4129 78737.0
4130 78737.0
4131 78648.0
4132 78648.0
4133 78648.0
4134 78648.0
4135 78560.0
4136 78560.0
4137 78560.0
4138 78560.0
4139 78389.0
4140 78389.0
4141 78389.0
4142 78389.0
4143 78389.0
4144 78389.0
4145 78389.0
4146 78389.0
4147 78389.0
4148 78389.0
4149 78389.0
4160 78247.0
4161 78247.0
4162 78247.0
4163 78247.0
4164 78247.0
4165 78247.0
4166 78194.0
4167 78194.0
4168 78194.0
4169 78194.0
4170 78035.0
4171 78035.0
4172 78035.0
4173 78035.0
4174 78035.0
4175 78035.0
4176 78035.0
4177 78035.0
4178 78035.0
4179 78035.0
4180 78035.0
4191 78170.0
4192 78166.0
4193 78166.0
4194 78166.0
4195 78166.0
4196 78166.0
4197 78166.0
4198 78166.0
4199 77883.0
4200 77769.0
4201 77769.0
4202 77769.0
4203 77769.0
4204 77769.0
4205 77769.0
4206 77769.0
4207 77769.0
4208 77769.0
4209 77769.0
4210 77769.0
4221 77024.0
4222 77016.0
4223 77016.0
4224 77016.0
4225 77016.0
4226 77016.0
4227 77016.0
4228 77016.0
4229 76938.0
4230 76938.0
4231 76938.0
4232 76938.0
4233 76938.0
4234 76938.0
4235 76938.0
4236 76938.0
4237 76860.0
4238 76860.0
4239 76860.0
4240 76860.0
4241 76860.0
4242 76860.0
4243 76860.0
4244 76860.0
4245 76860.0
4246 76860.0
4247 76860.0
4258 77041.0
4259 77041.0
4260 77041.0
4261 77041.0
4262 77041.0
4263 77041.0
4264 77041.0
4265 77041.0
4266 77041.0
4267 77041.0
4278 78072.0
4279 78072.0
4280 78072.0
4281 78072.0
4282 78072.0
4283 78072.0
4284 78072.0
4285 78072.0
4286 78072.0
4287 78072.0
4298 78164.0
4299 77662.0
4300 77662.0
4301 77662.0
4302 77662.0
4303 77662.0
4304 77662.0
4305 77662.0
4306 77662.0
4307 77662.0
4308 77662.0
4309 77662.0
4320 77803.0
4321 77803.0
4322 77803.0
4323 77699.0
4324 77699.0
4325 77404.0
4326 77404.0
4327 77404.0
4328 77404.0
4329 77404.0
4330 77404.0
4331 77404.0
4332 76439.0
4333 76439.0
4334 76439.0
4335 76439.0
4336 76437.0
4337 76437.0
4338 76437.0
4339 76437.0
4340 76437.0
4341 76437.0
4342 76437.0
4343 76437.0
4344 76437.0
4345 76437.0
4346 76437.0
4357 77251.0
4358 77251.0
4359 77247.0
4360 77225.0
4361 77225.0
4362 77225.0
4363 77225.0
4364 77225.0
4365 77225.0
4366 77225.0
4367 77225.0
4368 77225.0
4369 77112.0
4370 77112.0
4371 77112.0
4372 77112.0
4373 77112.0
4374 77112.0
4375 76734.0
4376 76734.0
4377 76734.0
4378 76734.0
4379 76734.0
4380 76582.0
4381 76582.0
4382 76582.0
4383 76582.0
4384 76527.0
4385 76527.0
4386 76527.0
4387 76527.0
4388 76527.0
4389 76527.0
4390 76474.0
4391 76474.0
4392 76474.0
4393 76474.0
4394 76474.0
4395 76474.0
4396 76474.0
4397 76474.0
4398 76474.0
4399 76474.0
4400 76474.0
4411 75024.0
4412 74881.0
4413 74724.0
4414 74724.0
4415 74724.0
4416 74724.0
4417 74724.0
4418 74724.0
4419 74724.0
4420 74074.0
4421 74074.0
4422 74074.0
4423 73378.0
4424 73215.0
4425 73215.0
4426 73215.0
4427 73215.0
4428 73215.0
4429 73215.0
4430 73215.0
4431 73215.0
4432 73215.0
4433 73215.0
4434 73215.0
4445 73717.0
4446 73717.0
4447 73717.0
4448 73263.0
4449 73263.0
4450 73263.0
4451 73263.0
4452 73263.0
4453 73206.0
4454 73121.0
4455 73121.0
4456 72289.0
4457 72275.0
4458 72275.0
4459 72263.0
4460 72230.0
4461 72230.0
4462 72192.0
4463 72192.0
4464 72192.0
4465 72192.0
4466 72192.0
4467 72192.0
4468 72164.0
4469 72164.0
4470 72164.0
4471 72164.0
4472 72164.0
4473 72164.0
4474 72164.0
4475 72164.0
4476 72164.0
4477 72163.0
4478 72163.0
4479 72163.0
4480 72163.0
4481 72156.0
4482 72156.0
4483 72156.0
4484 72129.0
4485 72129.0
4486 72129.0
4487 72129.0
4488 72129.0
4489 72114.0
4490 72114.0
4491 72114.0
4492 72114.0
4493 72114.0
4494 72114.0
4495 72114.0
4496 72114.0
4497 72114.0
4498 72114.0
4499 72114.0
4510 73991.0
4511 73991.0
4512 73991.0
4513 73842.0
4514 73842.0
4515 73842.0
4516 73842.0
4517 73812.0
4518 73812.0
4519 73812.0
4520 73812.0
4521 73812.0
4522 73812.0
4523 73812.0
4524 73812.0
4525 73812.0
4526 73812.0
4527 73812.0
4538 71710.0
4539 71710.0
4540 71710.0
4541 71710.0
4542 71710.0
4543 71710.0
4544 71710.0
4545 71710.0
4546 71710.0
4547 71710.0
4558 72067.0
4559 72067.0
4560 72067.0
4561 72067.0
4562 72067.0
4563 72067.0
4564 72067.0
4565 72067.0
4566 72067.0
4567 71931.0
4568 71931.0
4569 71931.0
4570 71931.0
4571 71931.0
4572 71931.0
4573 71931.0
4574 71931.0
4575 71931.0
4576 71931.0
4577 71931.0
4588 71504.0
4589 71283.0
4590 71276.0
4591 71276.0
4592 71276.0
4593 71276.0
4594 71037.0
4595 71030.0
4596 71013.0
4597 71013.0
4598 71013.0
4599 71013.0
4600 71013.0
4601 71013.0
4602 71013.0
4603 71013.0
4604 71013.0
4605 71013.0
4606 71013.0
4617 71353.0
4618 71353.0
4619 71353.0
4620 71353.0
4621 71304.0
4622 71304.0
4623 71304.0
4624 71304.0
4625 71304.0
4626 71304.0
4627 71304.0
4628 71304.0
4629 71304.0
4630 71304.0
4631 71304.0
4642 71622.0
4643 71622.0
4644 71622.0
4645 71622.0
4646 71622.0
4647 71622.0
4648 71622.0
4649 71622.0
4650 71622.0
4651 71622.0
4652 71622.0
4663 71490.0
4664 71490.0
4665 71490.0
4666 71490.0
4667 71490.0
4668 71442.0
4669 71442.0
4670 71442.0
4671 71442.0
4672 71442.0
4673 70816.0
4674 70816.0
4675 70816.0
4676 70816.0
4677 70165.0
4678 70118.0
4679 70118.0
4680 70118.0
4681 70118.0
4682 70118.0
4683 70118.0
4684 70118.0
4685 70118.0
4686 70118.0
4687 70118.0
4688 70118.0
4699 70166.0
4700 70166.0
4701 70166.0
4702 70130.0
4703 70130.0
4704 70130.0
4705 70130.0
4706 70130.0
4707 70130.0
4708 70130.0
4709 70130.0
4710 70130.0
4711 70130.0
4712 70130.0
4723 71243.0
4724 71243.0
4725 71209.0
4726 71108.0
4727 71108.0
4728 71108.0
4729 71108.0
4730 71108.0
4731 71108.0
4732 70871.0
4733 70871.0
4734 70864.0
4735 70854.0
4736 70589.0
4737 70589.0
4738 70589.0
4739 70589.0
4740 70589.0
4741 70589.0
4742 70589.0
4743 70589.0
4744 70589.0
4745 70589.0
4746 70589.0
4757 70475.0
4758 70404.0
4759 70404.0
4760 70376.0
4761 70376.0
4762 70134.0
4763 70134.0
4764 70112.0
4765 69854.0
4766 69854.0
4767 69854.0
4768 69854.0
4769 69854.0
4770 69854.0
4771 69854.0
4772 69854.0
4773 69854.0
4774 69854.0
4775 69854.0
4786 70434.0
4787 70434.0
4788 70434.0
4789 70434.0
4790 70434.0
4791 70434.0
4792 70434.0
4793 70434.0
4794 70434.0
4795 70434.0
4806 70587.0
4807 70587.0
4808 70587.0
4809 70587.0
4810 70587.0
4811 70587.0
4812 70587.0
4813 70587.0
4814 70587.0
4815 70587.0
4826 70897.0
4827 70745.0
4828 70745.0
4829 70745.0
4830 70745.0
4831 70745.0
4832 70745.0
4833 70745.0
4834 70745.0
4835 70745.0
4836 70745.0
4837 70745.0
4848 70764.0
4849 70764.0
4850 70764.0
4851 70764.0
4852 70764.0
4853 70634.0
4854 70634.0
4855 70634.0
4856 70634.0
4857 70634.0
4858 70634.0
4859 70634.0
4860 70634.0
4861 70634.0
4862 70634.0
4863 70634.0
4874 71866.0
4875 71866.0
4876 71866.0
4877 71866.0
4878 71866.0
4879 71866.0
4880 71866.0
4881 71866.0
4882 71866.0
4883 71866.0
4894 71972.0
4895 71927.0
4896 71927.0
4897 71927.0
4898 71927.0
4899 71927.0
4900 71927.0
4901 71927.0
4902 71927.0
4903 71927.0
4904 71927.0
4905 71927.0
4916 72383.0
4917 72383.0
4918 72372.0
4919 72372.0
4920 72372.0
4921 71858.0
4922 71848.0
4923 71774.0
4924 71774.0
4925 71774.0
4926 71774.0
4927 71774.0
4928 71774.0
4929 71774.0
4930 71774.0
4931 71774.0
4932 71774.0
4933 71774.0
4944 71822.0
4945 71822.0
4946 71822.0
4947 71822.0
4948 71822.0
4949 71806.0
4950 71806.0
4951 71806.0
4952 71806.0
4953 71806.0
4954 71806.0
4955 71806.0
4956 71806.0
4957 71806.0
4958 71806.0
4959 71806.0
4970 70288.0
4971 70288.0
4972 70288.0
4973 70229.0
4974 70229.0
4975 70171.0
4976 70171.0
4977 70171.0
4978 70171.0
4979 70171.0
4980 70171.0
4981 70171.0
4982 70171.0
4983 69216.0
4984 69193.0
4985 68972.0
4986 68972.0
4987 68857.0
4988 68857.0
4989 68857.0
4990 68857.0
4991 68857.0
4992 68857.0
4993 68857.0
4994 68816.0
4995 68816.0
4996 68816.0
4997 68816.0
4998 68816.0
4999 68816.0
