0 48
1 49
2 50
3 53
4 54
5 55
6 56
7 57
8 57
9 59
10 59
11 60
12 61
13 61
14 61
15 62
16 62
17 63
18 65
19 65
20 65
21 65
22 66
23 66
24 66
25 66
26 66
27 67
28 67
29 68
30 68
31 68
32 68
33 68
34 68
35 68
36 69
37 69
38 70
39 70
40 70
41 70
42 70
43 70
44 72
45 72
46 72
47 72
48 72
49 73
50 73
51 73
52 73
53 73
54 73
55 74
56 74
57 74
58 74
59 74
60 74
61 74
62 74
63 74
64 74
65 75
66 76
67 76
68 76
69 76
70 76
71 76
72 76
73 76
74 76
75 76
76 76
87 77
88 77
89 78
90 78
91 79
92 79
93 79
94 79
95 79
96 79
97 79
98 79
99 79
100 79
101 79
112 84
113 84
114 84
115 84
116 86
117 87
118 88
119 88
120 88
121 88
122 88
123 89
124 90
125 91
126 91
127 91
128 91
129 91
130 91
131 91
132 91
133 91
134 91
135 91
146 91
147 91
148 91
149 93
150 93
151 94
152 94
153 94
154 94
155 94
156 94
157 94
158 94
159 96
160 96
161 96
162 96
163 96
164 96
165 96
166 96
167 97
168 97
169 98
170 99
171 99
172 99
173 99
174 100
175 100
176 100
177 100
178 100
179 101
180 101
181 101
182 101
183 101
184 101
185 101
186 101
187 101
188 102
189 102
190 102
191 102
192 103
193 103
194 103
195 103
196 103
197 103
198 103
199 103
200 103
201 103
202 103
213 106
214 106
215 106
216 106
217 106
218 106
219 107
220 107
221 107
222 107
223 107
224 107
225 107
226 107
227 107
228 107
229 107
240 110
241 110
242 110
243 110
244 110
245 111
246 111
247 111
248 111
249 111
250 111
251 111
252 113
253 113
254 113
255 113
256 113
257 113
258 113
259 113
260 113
261 113
262 113
273 115
274 115
275 115
276 116
277 116
278 116
279 116
280 117
281 117
282 117
283 117
284 117
285 117
286 117
287 117
288 117
289 119
290 119
291 119
292 119
293 119
294 119
295 119
296 119
297 120
298 120
299 120
300 121
301 121
302 121
303 121
304 121
305 121
306 121
307 121
308 121
309 121
310 121
321 128
322 128
323 128
324 128
325 128
326 128
327 129
328 130
329 130
330 131
331 131
332 133
333 133
334 133
335 133
336 133
337 133
338 133
339 133
340 134
341 134
342 134
343 134
344 135
345 136
346 137
347 138
348 138
349 138
350 138
351 139
352 139
353 142
354 142
355 142
356 142
357 142
358 142
359 142
360 143
361 143
362 143
363 143
364 143
365 143
366 143
367 143
368 143
369 143
370 143
381 143
382 143
383 143
384 143
385 143
386 143
387 143
388 143
389 143
390 143
401 143
402 144
403 144
404 144
405 144
406 144
407 144
408 144
409 144
410 144
411 144
412 144
423 146
424 147
425 148
426 149
427 149
428 150
429 150
430 150
431 150
432 150
433 152
434 152
435 152
436 153
437 153
438 153
439 153
440 153
441 153
442 153
443 153
444 153
445 153
446 153
457 153
458 153
459 153
460 153
461 153
462 153
463 153
464 153
465 153
466 153
477 153
478 153
479 153
480 153
481 153
482 153
483 153
484 153
485 153
486 153
497 153
498 153
499 153
500 153
501 153
502 153
503 153
504 154
505 154
506 154
507 154
508 154
509 154
510 154
511 155
512 155
513 155
514 155
515 155
516 155
517 155
518 155
519 155
520 155
521 155
532 154
533 154
534 154
535 154
536 154
537 154
538 154
539 154
540 154
541 154
552 154
553 154
554 154
555 154
556 154
557 154
558 154
559 154
560 154
561 154
572 155
573 155
574 155
575 155
576 155
577 157
578 157
579 157
580 157
581 157
582 157
583 157
584 157
585 157
586 157
587 157
598 158
599 158
600 158
601 158
602 158
603 158
604 158
605 158
606 158
607 159
608 159
609 159
610 159
611 159
612 159
613 160
614 160
615 160
616 160
617 160
618 160
619 160
620 160
621 160
622 160
623 160
634 159
635 159
636 159
637 159
638 159
639 159
640 159
641 159
642 159
643 159
654 159
655 159
656 159
657 159
658 159
659 159
660 159
661 159
662 159
663 159
674 159
675 159
676 159
677 159
678 159
679 159
680 159
681 159
682 159
683 159
694 162
695 162
696 162
697 162
698 162
699 162
700 162
701 162
702 162
703 163
704 163
705 163
706 163
707 163
708 163
709 163
710 163
711 163
712 163
713 163
724 163
725 163
726 163
727 163
728 164
729 165
730 165
731 165
732 165
733 165
734 165
735 165
736 165
737 166
738 166
739 166
740 166
741 166
742 166
743 166
744 166
745 166
746 166
747 166
758 165
759 165
760 165
761 165
762 166
763 166
764 166
765 166
766 166
767 166
768 166
769 167
770 167
771 167
772 167
773 167
774 167
775 167
776 167
777 167
778 167
779 167
790 166
791 166
792 166
793 166
794 166
795 167
796 167
797 167
798 167
799 167
800 167
801 167
802 167
803 167
804 167
805 167
816 167
817 167
818 167
819 167
820 167
821 167
822 167
823 167
824 167
825 167
836 167
837 167
838 167
839 167
840 167
841 167
842 167
843 167
844 167
845 167
856 168
857 168
858 168
859 168
860 168
861 168
862 168
863 168
864 168
865 168
866 168
877 168
878 168
879 168
880 168
881 168
882 168
883 168
884 168
885 168
886 168
897 167
898 167
899 167
900 167
901 167
902 167
903 167
904 167
905 167
906 167
917 167
918 167
919 167
920 167
921 167
922 167
923 167
924 167
925 167
926 167
937 169
938 169
939 169
940 169
941 169
942 169
943 169
944 169
945 169
946 169
957 170
958 170
959 171
960 171
961 171
962 171
963 171
964 171
965 171
966 171
967 171
968 171
969 171
980 170
981 170
982 170
983 170
984 170
985 170
986 170
987 170
988 170
989 170
1000 169
1001 169
1002 169
1003 170
1004 170
1005 170
1006 170
1007 171
1008 172
1009 172
1010 173
1011 173
1012 173
1013 173
1014 173
1015 173
1016 173
1017 173
1018 173
1019 173
1020 173
1031 172
1032 172
1033 172
1034 173
1035 173
1036 173
1037 173
1038 173
1039 173
1040 173
1041 173
1042 173
1043 173
1044 173
1055 173
1056 173
1057 173
1058 173
1059 173
1060 173
1061 173
1062 173
1063 173
1064 173
1075 173
1076 173
1077 173
1078 173
1079 173
1080 173
1081 173
1082 173
1083 173
1084 173
1095 175
1096 175
1097 175
1098 175
1099 175
1100 175
1101 175
1102 175
1103 175
1104 175
1115 174
1116 174
1117 174
1118 174
1119 174
1120 174
1121 174
1122 174
1123 174
1124 174
1135 175
1136 175
1137 176
1138 176
1139 176
1140 176
1141 176
1142 176
1143 176
1144 176
1145 176
1146 176
1147 176
1158 176
1159 176
1160 176
1161 176
1162 176
1163 176
1164 176
1165 176
1166 176
1167 176
1178 176
1179 176
1180 176
1181 176
1182 176
1183 176
1184 176
1185 176
1186 176
1187 176
1198 175
1199 175
1200 175
1201 175
1202 175
1203 175
1204 175
1205 175
1206 175
1207 175
1218 175
1219 175
1220 175
1221 175
1222 175
1223 175
1224 175
1225 175
1226 175
1227 175
1238 175
1239 175
1240 175
1241 176
1242 176
1243 176
1244 176
1245 176
1246 176
1247 176
1248 176
1249 176
1250 176
1251 176
1262 176
1263 176
1264 176
1265 176
1266 176
1267 176
1268 176
1269 176
1270 176
1271 176
1282 176
1283 176
1284 176
1285 176
1286 176
1287 176
1288 176
1289 176
1290 176
1291 176
1292 176
1303 175
1304 175
1305 175
1306 175
1307 176
1308 176
1309 176
1310 176
1311 176
1312 176
1313 176
1314 176
1315 176
1316 176
1317 176
1328 174
1329 175
1330 175
1331 176
1332 176
1333 176
1334 176
1335 176
1336 176
1337 176
1338 176
1339 176
1340 176
1341 176
1352 176
1353 177
1354 177
1355 177
1356 177
1357 177
1358 177
1359 177
1360 177
1361 177
1362 177
1363 177
1374 177
1375 177
1376 177
1377 177
1378 177
1379 177
1380 177
1381 177
1382 177
1383 177
1394 178
1395 178
1396 178
1397 179
1398 179
1399 179
1400 179
1401 179
1402 179
1403 179
1404 179
1405 179
1406 179
1407 179
1418 178
1419 178
1420 178
1421 178
1422 178
1423 179
1424 179
1425 179
1426 179
1427 179
1428 179
1429 179
1430 179
1431 179
1432 179
1433 179
1444 179
1445 179
1446 179
1447 179
1448 179
1449 179
1450 179
1451 179
1452 179
1453 179
1464 176
1465 176
1466 176
1467 177
1468 177
1469 177
1470 177
1471 177
1472 177
1473 177
1474 178
1475 178
1476 178
1477 178
1478 178
1479 178
1480 178
1481 178
1482 178
1483 178
1484 178
1495 178
1496 178
1497 178
1498 178
1499 178
1500 178
1501 178
1502 179
1503 179
1504 179
1505 179
1506 179
1507 179
1508 179
1509 179
1510 179
1511 179
1512 179
1523 178
1524 178
1525 178
1526 178
1527 178
1528 178
1529 178
1530 178
1531 178
1532 178
1543 178
1544 178
1545 178
1546 178
1547 179
1548 179
1549 179
1550 179
1551 179
1552 179
1553 179
1554 179
1555 179
1556 179
1557 179
1568 179
1569 179
1570 179
1571 179
1572 179
1573 179
1574 179
1575 179
1576 179
1577 179
1588 180
1589 180
1590 180
1591 180
1592 180
1593 180
1594 180
1595 180
1596 180
1597 180
1608 182
1609 182
1610 182
1611 182
1612 182
1613 182
1614 182
1615 182
1616 182
1617 182
1628 179
1629 179
1630 179
1631 180
1632 181
1633 181
1634 181
1635 181
1636 181
1637 181
1638 182
1639 182
1640 182
1641 182
1642 182
1643 182
1644 182
1645 182
1646 182
1647 182
1648 182
1659 182
1660 182
1661 182
1662 182
1663 182
1664 182
1665 182
1666 182
1667 182
1668 182
1679 182
1680 182
1681 182
1682 182
1683 182
1684 182
1685 182
1686 182
1687 182
1688 182
1689 182
1700 183
1701 183
1702 183
1703 183
1704 183
1705 183
1706 183
1707 183
1708 183
1709 183
1720 182
1721 182
1722 183
1723 183
1724 183
1725 183
1726 183
1727 183
1728 183
1729 183
1730 183
1731 183
1732 183
1743 183
1744 183
1745 183
1746 183
1747 183
1748 183
1749 183
1750 183
1751 183
1752 183
1763 183
1764 184
1765 184
1766 184
1767 184
1768 184
1769 184
1770 184
1771 184
1772 184
1773 184
1774 184
1785 183
1786 183
1787 184
1788 184
1789 184
1790 184
1791 184
1792 184
1793 184
1794 184
1795 184
1796 184
1797 184
1808 184
1809 184
1810 184
1811 184
1812 184
1813 184
1814 184
1815 184
1816 184
1817 184
1828 183
1829 185
1830 185
1831 185
1832 185
1833 185
1834 185
1835 185
1836 185
1837 185
1838 185
1839 185
1850 185
1851 185
1852 185
1853 185
1854 185
1855 185
1856 185
1857 185
1858 185
1859 185
1870 184
1871 184
1872 184
1873 184
1874 184
1875 184
1876 184
1877 184
1878 184
1879 184
1890 184
1891 184
1892 184
1893 184
1894 184
1895 184
1896 184
1897 184
1898 184
1899 184
1910 185
1911 185
1912 185
1913 185
1914 185
1915 185
1916 185
1917 185
1918 185
1919 185
1930 185
1931 185
1932 185
1933 185
1934 185
1935 185
1936 185
1937 185
1938 185
1939 185
1950 184
1951 184
1952 184
1953 184
1954 184
1955 184
1956 184
1957 184
1958 184
1959 184
1970 185
1971 185
1972 185
1973 185
1974 185
1975 185
1976 185
1977 185
1978 185
1979 185
1990 185
1991 185
1992 185
1993 185
1994 185
1995 185
1996 185
1997 185
1998 185
1999 185
2010 184
2011 184
2012 184
2013 185
2014 185
2015 185
2016 185
2017 185
2018 185
2019 185
2020 185
2021 185
2022 185
2023 186
2024 186
2025 186
2026 186
2027 186
2028 186
2029 186
2030 186
2031 186
2032 186
2033 186
2044 186
2045 186
2046 186
2047 186
2048 186
2049 186
2050 186
2051 186
2052 186
2053 186
2064 186
2065 186
2066 186
2067 186
2068 186
2069 186
2070 186
2071 186
2072 186
2073 186
2084 184
2085 184
2086 184
2087 184
2088 184
2089 184
2090 184
2091 184
2092 185
2093 185
2094 185
2095 185
2096 185
2097 185
2098 185
2099 185
2100 185
2101 185
2102 185
2113 184
2114 185
2115 185
2116 185
2117 185
2118 185
2119 185
2120 185
2121 185
2122 185
2123 185
2124 185
2135 185
2136 185
2137 186
2138 186
2139 186
2140 186
2141 186
2142 186
2143 186
2144 186
2145 186
2146 186
2147 186
2158 186
2159 186
2160 186
2161 186
2162 186
2163 186
2164 186
2165 186
2166 186
2167 186
2178 186
2179 186
2180 186
2181 186
2182 186
2183 186
2184 186
2185 186
2186 186
2187 186
2198 185
2199 185
2200 185
2201 185
2202 185
2203 186
2204 186
2205 186
2206 187
2207 187
2208 187
2209 187
2210 187
2211 187
2212 187
2213 187
2214 187
2215 187
2216 187
2227 188
2228 188
2229 188
2230 188
2231 188
2232 188
2233 188
2234 188
2235 188
2236 188
2247 187
2248 187
2249 187
2250 187
2251 187
2252 187
2253 187
2254 187
2255 187
2256 187
2267 188
2268 188
2269 188
2270 188
2271 188
2272 188
2273 188
2274 188
2275 188
2276 188
2287 188
2288 188
2289 188
2290 188
2291 188
2292 188
2293 188
2294 188
2295 188
2296 188
2307 187
2308 187
2309 187
2310 187
2311 187
2312 187
2313 187
2314 187
2315 187
2316 187
2327 188
2328 188
2329 188
2330 188
2331 188
2332 188
2333 188
2334 188
2335 188
2336 188
2347 188
2348 188
2349 188
2350 188
2351 188
2352 188
2353 188
2354 188
2355 188
2356 188
2367 187
2368 188
2369 188
2370 188
2371 188
2372 188
2373 188
2374 188
2375 188
2376 188
2377 188
2378 188
2389 187
2390 187
2391 187
2392 187
2393 187
2394 187
2395 187
2396 187
2397 188
2398 188
2399 188
2400 188
2401 188
2402 188
2403 188
2404 188
2405 188
2406 188
2407 188
2418 185
2419 185
2420 185
2421 185
2422 185
2423 185
2424 185
2425 185
2426 185
2427 185
2438 187
2439 187
2440 187
2441 187
2442 187
2443 187
2444 187
2445 187
2446 187
2447 187
2458 187
2459 187
2460 187
2461 187
2462 187
2463 187
2464 187
2465 187
2466 187
2467 187
2478 187
2479 187
2480 187
2481 187
2482 187
2483 187
2484 187
2485 187
2486 187
2487 187
2498 188
2499 188
2500 188
2501 188
2502 189
2503 189
2504 189
2505 189
2506 189
2507 189
2508 190
2509 190
2510 190
2511 190
2512 190
2513 190
2514 190
2515 190
2516 190
2517 190
2518 190
2529 190
2530 190
2531 190
2532 190
2533 190
2534 190
2535 190
2536 190
2537 190
2538 190
2549 190
2550 190
2551 190
2552 190
2553 190
2554 190
2555 190
2556 190
2557 190
2558 190
2569 189
2570 189
2571 189
2572 189
2573 189
2574 189
2575 189
2576 190
2577 190
2578 190
2579 190
2580 190
2581 190
2582 190
2583 190
2584 190
2585 190
2586 190
2597 189
2598 189
2599 189
2600 189
2601 189
2602 189
2603 189
2604 189
2605 189
2606 189
2617 188
2618 188
2619 188
2620 188
2621 188
2622 188
2623 188
2624 190
2625 190
2626 190
2627 190
2628 190
2629 190
2630 190
2631 190
2632 190
2633 190
2634 190
2645 189
2646 189
2647 189
2648 189
2649 189
2650 189
2651 189
2652 189
2653 189
2654 189
2665 189
2666 189
2667 189
2668 189
2669 190
2670 190
2671 190
2672 190
2673 190
2674 190
2675 190
2676 190
2677 190
2678 190
2679 190
2690 190
2691 190
2692 190
2693 190
2694 190
2695 190
2696 190
2697 190
2698 190
2699 190
2710 189
2711 189
2712 189
2713 189
2714 189
2715 189
2716 189
2717 189
2718 189
2719 189
2730 190
2731 190
2732 190
2733 190
2734 190
2735 190
2736 190
2737 190
2738 190
2739 190
2750 189
2751 189
2752 189
2753 189
2754 189
2755 189
2756 189
2757 189
2758 189
2759 189
2770 190
2771 190
2772 190
2773 190
2774 190
2775 190
2776 190
2777 190
2778 190
2779 190
2790 190
2791 190
2792 190
2793 190
2794 190
2795 190
2796 190
2797 190
2798 190
2799 190
2810 188
2811 188
2812 188
2813 188
2814 188
2815 188
2816 188
2817 188
2818 188
2819 188
2830 189
2831 189
2832 189
2833 189
2834 189
2835 190
2836 190
2837 190
2838 190
2839 190
2840 190
2841 190
2842 190
2843 191
2844 191
2845 191
2846 191
2847 191
2848 191
2849 191
2850 191
2851 191
2852 191
2853 191
2864 189
2865 189
2866 189
2867 189
2868 189
2869 189
2870 189
2871 189
2872 189
2873 189
2874 189
2885 190
2886 190
2887 190
2888 190
2889 190
2890 190
2891 190
2892 190
2893 190
2894 190
2905 190
2906 190
2907 190
2908 190
2909 190
2910 190
2911 190
2912 190
2913 190
2914 190
2925 190
2926 190
2927 190
2928 190
2929 190
2930 190
2931 190
2932 190
2933 190
2934 190
2945 189
2946 189
2947 189
2948 189
2949 189
2950 189
2951 189
2952 189
2953 189
2954 189
2965 190
2966 190
2967 190
2968 190
2969 190
2970 190
2971 190
2972 190
2973 190
2974 190
2985 189
2986 189
2987 189
2988 189
2989 189
2990 189
2991 189
2992 189
2993 189
2994 189
3005 189
3006 189
3007 189
3008 189
3009 189
3010 189
3011 189
3012 189
3013 189
3014 189
3025 189
3026 189
3027 189
3028 189
3029 189
3030 189
3031 189
3032 189
3033 189
3034 189
3045 188
3046 188
3047 188
3048 188
3049 188
3050 188
3051 188
3052 188
3053 188
3054 188
3065 189
3066 189
3067 189
3068 189
3069 189
3070 189
3071 189
3072 189
3073 189
3074 189
3085 188
3086 188
3087 188
3088 188
3089 188
3090 189
3091 189
3092 189
3093 189
3094 189
3095 189
3096 189
3097 189
3098 189
3099 189
3100 189
3111 188
3112 188
3113 188
3114 188
3115 188
3116 188
3117 188
3118 188
3119 188
3120 188
3131 189
3132 189
3133 189
3134 189
3135 189
3136 189
3137 189
3138 189
3139 189
3140 189
3151 189
3152 189
3153 189
3154 189
3155 189
3156 189
3157 189
3158 189
3159 189
3160 189
3171 189
3172 189
3173 189
3174 189
3175 189
3176 189
3177 189
3178 189
3179 189
3180 189
3191 189
3192 189
3193 189
3194 189
3195 189
3196 189
3197 189
3198 189
3199 189
3200 189
3211 188
3212 188
3213 188
3214 188
3215 188
3216 188
3217 188
3218 188
3219 188
3220 188
3231 188
3232 189
3233 189
3234 189
3235 189
3236 189
3237 189
3238 189
3239 189
3240 189
3241 189
3242 189
3253 189
3254 189
3255 189
3256 189
3257 190
3258 190
3259 190
3260 190
3261 190
3262 190
3263 190
3264 190
3265 190
3266 190
3267 190
3278 191
3279 191
3280 191
3281 191
3282 191
3283 191
3284 191
3285 191
3286 191
3287 191
3298 192
3299 192
3300 193
3301 193
3302 193
3303 193
3304 193
3305 193
3306 193
3307 193
3308 193
3309 193
3310 193
3321 193
3322 193
3323 193
3324 193
3325 193
3326 193
3327 193
3328 193
3329 193
3330 193
3341 193
3342 193
3343 193
3344 193
3345 193
3346 193
3347 193
3348 193
3349 193
3350 193
3361 193
3362 193
3363 193
3364 193
3365 193
3366 193
3367 193
3368 193
3369 193
3370 193
3381 193
3382 193
3383 193
3384 193
3385 193
3386 193
3387 193
3388 193
3389 193
3390 193
3401 193
3402 193
3403 193
3404 193
3405 193
3406 193
3407 193
3408 193
3409 193
3410 193
3421 193
3422 193
3423 193
3424 193
3425 193
3426 193
3427 193
3428 193
3429 193
3430 193
3441 189
3442 189
3443 189
3444 189
3445 189
3446 190
3447 190
3448 190
3449 191
3450 191
3451 191
3452 191
3453 191
3454 191
3455 191
3456 192
3457 192
3458 192
3459 192
3460 192
3461 192
3462 192
3463 192
3464 192
3465 192
3466 192
3477 192
3478 192
3479 192
3480 192
3481 192
3482 192
3483 192
3484 192
3485 192
3486 192
3497 191
3498 191
3499 191
3500 192
3501 192
3502 192
3503 192
3504 192
3505 192
3506 192
3507 192
3508 192
3509 192
3510 192
3521 192
3522 192
3523 192
3524 192
3525 192
3526 192
3527 192
3528 192
3529 192
3530 192
3541 192
3542 192
3543 192
3544 192
3545 192
3546 192
3547 192
3548 192
3549 192
3550 192
3561 191
3562 191
3563 191
3564 191
3565 191
3566 191
3567 191
3568 191
3569 191
3570 191
3581 191
3582 191
3583 191
3584 191
3585 191
3586 191
3587 191
3588 191
3589 191
3590 191
3601 191
3602 191
3603 191
3604 191
3605 191
3606 191
3607 191
3608 191
3609 191
3610 191
3621 188
3622 188
3623 188
3624 188
3625 188
3626 189
3627 189
3628 189
3629 189
3630 189
3631 189
3632 189
3633 189
3634 189
3635 189
3636 189
3647 189
3648 189
3649 189
3650 189
3651 189
3652 189
3653 189
3654 189
3655 189
3656 189
3667 188
3668 188
3669 188
3670 188
3671 188
3672 188
3673 188
3674 188
3675 188
3676 188
3687 187
3688 187
3689 187
3690 188
3691 188
3692 188
3693 188
3694 188
3695 188
3696 188
3697 188
3698 188
3699 188
3700 188
3711 188
3712 188
3713 188
3714 188
3715 188
3716 188
3717 188
3718 188
3719 188
3720 188
3731 187
3732 187
3733 187
3734 187
3735 187
3736 187
3737 187
3738 187
3739 187
3740 187
3751 187
3752 187
3753 187
3754 187
3755 187
3756 187
3757 187
3758 187
3759 187
3760 187
3771 187
3772 187
3773 187
3774 187
3775 187
3776 187
3777 187
3778 187
3779 187
3780 187
3791 185
3792 186
3793 186
3794 186
3795 186
3796 186
3797 186
3798 187
3799 187
3800 188
3801 189
3802 189
3803 189
3804 189
3805 189
3806 189
3807 189
3808 189
3809 189
3810 189
3811 189
3822 188
3823 188
3824 188
3825 188
3826 188
3827 188
3828 188
3829 188
3830 188
3831 188
3842 187
3843 187
3844 187
3845 187
3846 187
3847 187
3848 187
3849 187
3850 187
3851 187
3862 188
3863 188
3864 188
3865 189
3866 189
3867 189
3868 189
3869 189
3870 189
3871 189
3872 189
3873 189
3874 189
3875 189
3886 189
3887 189
3888 189
3889 189
3890 189
3891 189
3892 189
3893 190
3894 190
3895 190
3896 190
3897 190
3898 190
3899 190
3900 190
3901 190
3902 190
3903 190
3914 190
3915 190
3916 190
3917 190
3918 190
3919 190
3920 190
3921 190
3922 190
3923 190
3934 189
3935 189
3936 189
3937 189
3938 189
3939 189
3940 189
3941 189
3942 189
3943 189
3954 187
3955 187
3956 187
3957 187
3958 187
3959 188
3960 188
3961 188
3962 188
3963 188
3964 188
3965 189
3966 189
3967 189
3968 189
3969 189
3970 189
3971 189
3972 189
3973 189
3974 189
3975 189
3986 189
3987 189
3988 189
3989 189
3990 189
3991 189
3992 189
3993 189
3994 189
3995 189
4006 187
4007 187
4008 190
4009 190
4010 190
4011 190
4012 190
4013 190
4014 190
4015 190
4016 190
4017 190
4018 190
4029 189
4030 189
4031 189
4032 189
4033 189
4034 189
4035 189
4036 189
4037 189
4038 189
4049 189
4050 189
4051 189
4052 189
4053 189
4054 189
4055 189
4056 189
4057 189
4058 189
4069 188
4070 188
4071 188
4072 188
4073 189
4074 189
4075 189
4076 189
4077 189
4078 189
4079 189
4080 191
4081 191
4082 191
4083 192
4084 192
4085 192
4086 192
4087 192
4088 192
4089 192
4090 192
4091 192
4092 192
4093 192
4104 191
4105 191
4106 191
4107 191
4108 191
4109 192
4110 192
4111 192
4112 192
4113 192
4114 192
4115 192
4116 192
4117 192
4118 192
4119 192
4130 192
4131 192
4132 192
4133 192
4134 192
4135 192
4136 192
4137 192
4138 192
4139 192
4150 191
4151 191
4152 191
4153 191
4154 191
4155 191
4156 191
4157 191
4158 191
4159 191
4170 190
4171 190
4172 190
4173 190
4174 190
4175 190
4176 190
4177 190
4178 190
4179 190
4190 190
4191 190
4192 190
4193 190
4194 190
4195 191
4196 191
4197 191
4198 191
4199 191
4200 191
4201 191
4202 191
4203 191
4204 192
4205 192
4206 192
4207 192
4208 192
4209 192
4210 192
4211 192
4212 192
4213 192
4214 192
4225 192
4226 192
4227 192
4228 192
4229 192
4230 192
4231 192
4232 192
4233 192
4234 192
4245 192
4246 192
4247 192
4248 192
4249 192
4250 192
4251 192
4252 192
4253 192
4254 192
4265 189
4266 189
4267 189
4268 190
4269 191
4270 191
4271 191
4272 191
4273 191
4274 192
4275 192
4276 192
4277 192
4278 192
4279 192
4280 192
4281 192
4282 192
4283 192
4284 192
4295 192
4296 192
4297 192
4298 192
4299 192
4300 192
4301 192
4302 192
4303 192
4304 192
4315 191
4316 191
4317 191
4318 191
4319 191
4320 191
4321 191
4322 191
4323 191
4324 191
4335 191
4336 191
4337 191
4338 191
4339 191
4340 191
4341 191
4342 191
4343 191
4344 191
4355 189
4356 189
4357 189
4358 189
4359 189
4360 189
4361 189
4362 189
4363 189
4364 189
4375 189
4376 189
4377 189
4378 189
4379 189
4380 189
4381 189
4382 189
4383 189
4384 189
4395 189
4396 189
4397 189
4398 189
4399 189
4400 189
4401 189
4402 189
4403 189
4404 189
4415 187
4416 187
4417 188
4418 188
4419 189
4420 189
4421 189
4422 189
4423 189
4424 190
4425 190
4426 190
4427 190
4428 190
4429 190
4430 190
4431 190
4432 190
4433 190
4434 190
4445 189
4446 189
4447 189
4448 189
4449 189
4450 189
4451 189
4452 189
4453 189
4454 190
4455 190
4456 190
4457 190
4458 190
4459 190
4460 190
4461 190
4462 190
4463 190
4464 190
4475 190
4476 190
4477 190
4478 190
4479 190
4480 190
4481 190
4482 190
4483 190
4484 190
4495 190
4496 190
4497 190
4498 191
4499 191
4500 191
4501 191
4502 191
4503 192
4504 192
4505 192
4506 192
4507 192
4508 192
4509 192
4510 192
4511 192
4512 192
4513 192
4524 192
4525 192
4526 192
4527 192
4528 192
4529 192
4530 192
4531 192
4532 192
4533 192
4544 191
4545 192
4546 192
4547 192
4548 192
4549 192
4550 192
4551 192
4552 192
4553 192
4554 192
4555 192
4566 191
4567 191
4568 191
4569 191
4570 191
4571 191
4572 191
4573 191
4574 191
4575 191
4586 191
4587 192
4588 192
4589 192
4590 192
4591 192
4592 192
4593 192
4594 192
4595 192
4596 192
4597 192
4608 192
4609 192
4610 192
4611 192
4612 192
4613 192
4614 192
4615 192
4616 192
4617 192
4628 191
4629 191
4630 191
4631 191
4632 191
4633 191
4634 191
4635 191
4636 191
4637 191
4648 191
4649 191
4650 191
4651 191
4652 191
4653 191
4654 191
4655 191
4656 191
4657 191
4668 191
4669 191
4670 191
4671 191
4672 191
4673 192
4674 192
4675 192
4676 192
4677 192
4678 192
4679 192
4680 192
4681 192
4682 192
4683 192
4694 190
4695 190
4696 190
4697 190
4698 190
4699 190
4700 190
4701 190
4702 190
4703 191
4704 191
4705 191
4706 191
4707 191
4708 191
4709 191
4710 191
4711 191
4712 191
4713 192
4714 192
4715 192
4716 192
4717 192
4718 192
4719 192
4720 192
4721 192
4722 192
4723 192
4734 191
4735 192
4736 192
4737 192
4738 192
4739 192
4740 192
4741 192
4742 192
4743 192
4744 192
4745 192
4756 191
4757 191
4758 192
4759 192
4760 192
4761 192
4762 192
4763 192
4764 192
4765 192
4766 192
4767 192
4768 192
4779 192
4780 192
4781 192
4782 192
4783 192
4784 192
4785 192
4786 192
4787 192
4788 192
4799 191
4800 191
4801 191
4802 191
4803 191
4804 191
4805 191
4806 191
4807 191
4808 191
4819 191
4820 191
4821 191
4822 191
4823 191
4824 191
4825 191
4826 191
4827 191
4828 191
4839 191
4840 191
4841 191
4842 191
4843 191
4844 191
4845 191
4846 191
4847 191
4848 191
4859 191
4860 191
4861 191
4862 191
4863 191
4864 191
4865 191
4866 191
4867 191
4868 191
4879 191
4880 191
4881 191
4882 191
4883 191
4884 191
4885 191
4886 191
4887 191
4888 192
4889 192
4890 192
4891 192
4892 192
4893 192
4894 192
4895 192
4896 192
4897 192
4898 192
4909 192
4910 192
4911 192
4912 192
4913 192
4914 192
4915 192
4916 192
4917 192
4918 192
4929 191
4930 191
4931 191
4932 191
4933 191
4934 192
4935 192
4936 192
4937 192
4938 192
4939 192
4940 192
4941 192
4942 192
4943 192
4944 192
4955 191
4956 191
4957 191
4958 191
4959 191
4960 191
4961 191
4962 191
4963 191
4964 191
4975 192
4976 192
4977 192
4978 192
4979 192
4980 192
4981 192
4982 192
4983 192
4984 192
4995 190
4996 190
4997 190
4998 190
4999 190
