0 50
1 51
2 52
3 54
4 55
5 56
6 56
7 56
8 57
9 57
10 57
11 57
12 57
13 57
14 57
15 57
16 57
17 57
18 57
29 61
30 61
31 61
32 61
33 61
34 61
35 62
36 62
37 62
38 62
39 62
40 63
41 63
42 63
43 63
44 63
45 63
46 63
47 63
48 63
49 63
50 63
61 65
62 65
63 65
64 65
65 65
66 65
67 65
68 66
69 66
70 66
71 66
72 66
73 66
74 66
75 67
76 67
77 67
78 67
79 69
80 69
81 69
82 69
83 69
84 70
85 70
86 70
87 70
88 70
89 70
90 71
91 73
92 73
93 73
94 73
95 74
96 74
97 75
98 76
99 76
100 77
101 77
102 78
103 78
104 78
105 78
106 78
107 78
108 78
109 78
110 80
111 81
112 81
113 81
114 81
115 81
116 82
117 84
118 84
119 84
120 84
121 84
122 84
123 84
124 84
125 85
126 85
127 86
128 86
129 86
130 86
131 86
132 86
133 86
134 87
135 87
136 87
137 87
138 87
139 87
140 88
141 88
142 88
143 88
144 88
145 89
146 89
147 90
148 91
149 91
150 91
151 91
152 91
153 92
154 92
155 92
156 92
157 92
158 92
159 92
160 93
161 93
162 93
163 93
164 93
165 93
166 93
167 94
168 94
169 94
170 94
171 95
172 95
173 95
174 96
175 97
176 97
177 97
178 97
179 98
180 98
181 98
182 99
183 100
184 100
185 100
186 100
187 100
188 100
189 100
190 100
191 100
192 100
193 100
204 101
205 101
206 101
207 101
208 101
209 102
210 104
211 106
212 106
213 106
214 106
215 106
216 106
217 106
218 106
219 106
220 106
221 106
232 107
233 108
234 108
235 108
236 108
237 108
238 108
239 108
240 108
241 108
242 108
243 108
254 111
255 111
256 111
257 111
258 111
259 113
260 114
261 114
262 114
263 114
264 114
265 114
266 114
267 114
268 114
269 114
270 115
271 115
272 115
273 115
274 115
275 115
276 115
277 115
278 115
279 115
280 115
291 117
292 117
293 117
294 117
295 117
296 117
297 117
298 117
299 118
300 118
301 118
302 118
303 118
304 118
305 118
306 118
307 118
308 118
309 118
320 121
321 121
322 122
323 122
324 122
325 122
326 122
327 122
328 122
329 122
330 122
331 123
332 124
333 124
334 124
335 124
336 124
337 124
338 125
339 126
340 126
341 126
342 126
343 126
344 126
345 126
346 126
347 127
348 128
349 128
350 128
351 128
352 128
353 128
354 128
355 128
356 128
357 128
358 128
369 128
370 130
371 130
372 130
373 130
374 130
375 130
376 130
377 131
378 131
379 131
380 131
381 132
382 132
383 132
384 132
385 132
386 133
387 133
388 133
389 133
390 133
391 133
392 135
393 135
394 135
395 137
396 137
397 137
398 137
399 137
400 137
401 137
402 137
403 137
404 137
405 137
416 141
417 141
418 142
419 142
420 142
421 142
422 143
423 143
424 143
425 143
426 143
427 143
428 144
429 144
430 144
431 144
432 144
433 144
434 144
435 144
436 144
437 144
438 144
449 145
450 145
451 146
452 146
453 146
454 146
455 146
456 146
457 146
458 146
459 146
460 146
461 146
472 146
473 146
474 146
475 146
476 146
477 146
478 146
479 146
480 146
481 146
492 147
493 147
494 148
495 149
496 149
497 149
498 150
499 150
500 150
501 150
502 150
503 150
504 150
505 150
506 150
507 150
508 150
519 154
520 154
521 154
522 154
523 154
524 154
525 154
526 154
527 154
528 154
539 156
540 156
541 156
542 156
543 156
544 156
545 156
546 156
547 156
548 157
549 157
550 157
551 157
552 157
553 157
554 157
555 157
556 157
557 158
558 158
559 158
560 159
561 159
562 159
563 159
564 159
565 159
566 159
567 159
568 159
569 159
570 159
581 159
582 159
583 159
584 159
585 159
586 159
587 159
588 159
589 159
590 159
601 159
602 159
603 159
604 159
605 159
606 159
607 159
608 159
609 159
610 159
611 159
622 160
623 160
624 160
625 160
626 160
627 160
628 160
629 160
630 160
631 160
642 159
643 159
644 159
645 159
646 159
647 159
648 159
649 159
650 159
651 159
662 159
663 159
664 159
665 159
666 159
667 159
668 159
669 159
670 159
671 159
682 160
683 160
684 160
685 160
686 160
687 160
688 160
689 160
690 161
691 161
692 161
693 161
694 161
695 161
696 161
697 161
698 161
699 161
700 161
711 160
712 161
713 161
714 161
715 161
716 161
717 161
718 161
719 161
720 161
721 161
722 162
723 162
724 162
725 162
726 162
727 162
728 162
729 162
730 163
731 163
732 163
733 163
734 163
735 163
736 163
737 163
738 163
739 163
740 163
751 162
752 162
753 162
754 162
755 162
756 162
757 162
758 162
759 162
760 162
771 162
772 162
773 162
774 162
775 162
776 162
777 163
778 163
779 163
780 163
781 163
782 163
783 163
784 163
785 163
786 163
787 163
798 162
799 162
800 162
801 162
802 162
803 162
804 162
805 162
806 162
807 162
808 162
819 163
820 164
821 164
822 164
823 164
824 164
825 164
826 164
827 164
828 164
829 164
830 164
841 164
842 164
843 164
844 164
845 164
846 164
847 164
848 164
849 164
850 164
861 163
862 164
863 164
864 164
865 164
866 164
867 164
868 164
869 164
870 164
871 164
872 164
883 165
884 165
885 165
886 165
887 165
888 165
889 165
890 165
891 165
892 165
903 165
904 165
905 166
906 166
907 166
908 166
909 166
910 166
911 166
912 166
913 166
914 166
915 166
926 165
927 165
928 165
929 165
930 165
931 165
932 165
933 165
934 165
935 165
946 166
947 166
948 166
949 166
950 166
951 166
952 166
953 166
954 166
955 166
966 166
967 166
968 166
969 166
970 166
971 167
972 167
973 167
974 167
975 167
976 167
977 167
978 167
979 167
980 167
981 167
992 166
993 166
994 166
995 166
996 166
997 166
998 166
999 166
1000 166
1001 166
1012 167
1013 167
1014 167
1015 167
1016 167
1017 167
1018 167
1019 167
1020 167
1021 167
1032 166
1033 166
1034 166
1035 166
1036 166
1037 166
1038 166
1039 166
1040 166
1041 166
1052 166
1053 166
1054 166
1055 166
1056 166
1057 166
1058 166
1059 166
1060 166
1061 166
1072 167
1073 167
1074 167
1075 167
1076 167
1077 167
1078 167
1079 167
1080 167
1081 167
1092 167
1093 167
1094 167
1095 167
1096 167
1097 167
1098 167
1099 167
1100 167
1101 167
1112 166
1113 166
1114 166
1115 166
1116 166
1117 166
1118 167
1119 167
1120 167
1121 167
1122 167
1123 167
1124 167
1125 167
1126 167
1127 168
1128 168
1129 168
1130 168
1131 168
1132 168
1133 168
1134 168
1135 168
1136 168
1137 168
1148 168
1149 168
1150 169
1151 169
1152 169
1153 169
1154 169
1155 169
1156 169
1157 169
1158 169
1159 169
1160 169
1171 168
1172 168
1173 169
1174 169
1175 169
1176 169
1177 169
1178 169
1179 169
1180 169
1181 169
1182 169
1183 169
1194 169
1195 169
1196 169
1197 169
1198 169
1199 169
1200 169
1201 169
1202 169
1203 169
1214 168
1215 168
1216 168
1217 168
1218 168
1219 168
1220 168
1221 168
1222 168
1223 168
1234 167
1235 167
1236 167
1237 167
1238 167
1239 167
1240 167
1241 169
1242 169
1243 169
1244 169
1245 169
1246 169
1247 169
1248 169
1249 169
1250 169
1251 170
1252 170
1253 170
1254 170
1255 170
1256 170
1257 170
1258 170
1259 170
1260 170
1261 170
1272 171
1273 171
1274 171
1275 171
1276 171
1277 171
1278 171
1279 171
1280 171
1281 171
1292 169
1293 169
1294 169
1295 169
1296 169
1297 169
1298 169
1299 169
1300 169
1301 169
1312 170
1313 170
1314 170
1315 170
1316 170
1317 170
1318 170
1319 170
1320 170
1321 170
1332 169
1333 169
1334 169
1335 169
1336 169
1337 169
1338 169
1339 169
1340 169
1341 169
1352 168
1353 168
1354 169
1355 169
1356 169
1357 169
1358 169
1359 169
1360 169
1361 169
1362 169
1363 169
1364 169
1375 168
1376 168
1377 168
1378 168
1379 168
1380 168
1381 168
1382 168
1383 168
1384 168
1395 168
1396 168
1397 168
1398 168
1399 168
1400 168
1401 168
1402 168
1403 168
1404 168
1415 170
1416 170
1417 170
1418 170
1419 170
1420 170
1421 170
1422 170
1423 170
1424 170
1425 170
1436 170
1437 170
1438 170
1439 170
1440 170
1441 170
1442 170
1443 170
1444 170
1445 170
1456 168
1457 168
1458 168
1459 168
1460 168
1461 168
1462 169
1463 169
1464 169
1465 169
1466 169
1467 169
1468 169
1469 169
1470 169
1471 169
1472 169
1483 171
1484 171
1485 173
1486 174
1487 175
1488 175
1489 175
1490 175
1491 175
1492 175
1493 175
1494 175
1495 175
1496 175
1497 175
1508 173
1509 173
1510 173
1511 173
1512 173
1513 173
1514 173
1515 173
1516 174
1517 174
1518 174
1519 174
1520 175
1521 175
1522 175
1523 175
1524 175
1525 175
1526 175
1527 175
1528 175
1529 175
1530 175
1541 175
1542 175
1543 175
1544 175
1545 175
1546 175
1547 175
1548 175
1549 175
1550 175
1561 175
1562 175
1563 175
1564 175
1565 175
1566 175
1567 175
1568 175
1569 175
1570 175
1581 175
1582 175
1583 175
1584 175
1585 175
1586 175
1587 175
1588 175
1589 175
1590 175
1601 174
1602 174
1603 174
1604 174
1605 175
1606 175
1607 175
1608 175
1609 175
1610 175
1611 175
1612 175
1613 175
1614 175
1615 175
1626 175
1627 175
1628 175
1629 175
1630 175
1631 175
1632 175
1633 175
1634 175
1635 175
1646 176
1647 176
1648 176
1649 176
1650 176
1651 176
1652 176
1653 176
1654 176
1655 176
1666 174
1667 174
1668 174
1669 174
1670 175
1671 175
1672 175
1673 175
1674 175
1675 175
1676 175
1677 175
1678 175
1679 175
1680 175
1691 175
1692 175
1693 175
1694 175
1695 175
1696 175
1697 175
1698 175
1699 175
1700 175
1711 175
1712 175
1713 175
1714 175
1715 175
1716 175
1717 175
1718 175
1719 175
1720 175
1731 175
1732 175
1733 175
1734 175
1735 175
1736 175
1737 175
1738 175
1739 175
1740 175
1741 175
1752 174
1753 175
1754 175
1755 175
1756 175
1757 175
1758 175
1759 175
1760 175
1761 175
1762 175
1763 175
1774 174
1775 174
1776 174
1777 174
1778 174
1779 174
1780 174
1781 174
1782 174
1783 174
1794 175
1795 175
1796 175
1797 175
1798 175
1799 175
1800 175
1801 175
1802 175
1803 175
1814 174
1815 174
1816 175
1817 175
1818 175
1819 175
1820 175
1821 175
1822 175
1823 175
1824 175
1825 175
1826 175
1837 175
1838 175
1839 175
1840 175
1841 175
1842 175
1843 175
1844 175
1845 175
1846 175
1857 175
1858 175
1859 175
1860 175
1861 175
1862 175
1863 175
1864 175
1865 175
1866 175
1877 174
1878 174
1879 174
1880 174
1881 174
1882 174
1883 174
1884 174
1885 174
1886 174
1897 173
1898 173
1899 173
1900 173
1901 173
1902 173
1903 173
1904 173
1905 173
1906 173
1917 173
1918 173
1919 173
1920 173
1921 173
1922 173
1923 173
1924 173
1925 173
1926 173
1937 173
1938 173
1939 174
1940 174
1941 174
1942 174
1943 175
1944 175
1945 175
1946 175
1947 175
1948 175
1949 175
1950 175
1951 175
1952 175
1953 175
1964 174
1965 175
1966 175
1967 175
1968 175
1969 175
1970 175
1971 175
1972 175
1973 175
1974 175
1975 175
1986 175
1987 175
1988 175
1989 175
1990 175
1991 175
1992 175
1993 175
1994 175
1995 175
2006 174
2007 174
2008 175
2009 175
2010 175
2011 175
2012 175
2013 175
2014 175
2015 175
2016 175
2017 175
2018 175
2029 175
2030 175
2031 175
2032 175
2033 175
2034 175
2035 175
2036 175
2037 175
2038 175
2049 177
2050 177
2051 177
2052 177
2053 177
2054 177
2055 177
2056 177
2057 177
2058 177
2059 177
2070 176
2071 177
2072 177
2073 177
2074 177
2075 177
2076 177
2077 177
2078 177
2079 177
2080 177
2081 177
2092 176
2093 176
2094 176
2095 176
2096 176
2097 176
2098 176
2099 176
2100 176
2101 176
2112 175
2113 175
2114 175
2115 175
2116 175
2117 175
2118 175
2119 176
2120 176
2121 176
2122 176
2123 176
2124 176
2125 177
2126 177
2127 177
2128 177
2129 177
2130 177
2131 177
2132 177
2133 177
2134 177
2135 177
2146 177
2147 177
2148 177
2149 177
2150 178
2151 178
2152 178
2153 178
2154 178
2155 178
2156 178
2157 178
2158 178
2159 178
2160 178
2171 179
2172 179
2173 179
2174 179
2175 179
2176 179
2177 179
2178 179
2179 179
2180 179
2191 178
2192 178
2193 178
2194 178
2195 178
2196 178
2197 178
2198 178
2199 178
2200 178
2211 178
2212 178
2213 178
2214 178
2215 178
2216 178
2217 178
2218 178
2219 178
2220 178
2221 178
2232 178
2233 178
2234 178
2235 178
2236 178
2237 178
2238 178
2239 178
2240 178
2241 178
2242 179
2243 179
2244 179
2245 179
2246 179
2247 179
2248 179
2249 179
2250 179
2251 179
2252 179
2263 179
2264 179
2265 179
2266 179
2267 179
2268 179
2269 179
2270 179
2271 179
2272 179
2283 177
2284 177
2285 177
2286 177
2287 177
2288 177
2289 177
2290 177
2291 177
2292 177
2303 177
2304 177
2305 177
2306 177
2307 177
2308 177
2309 177
2310 177
2311 177
2312 177
2323 175
2324 176
2325 176
2326 176
2327 176
2328 176
2329 176
2330 176
2331 176
2332 176
2333 176
2334 176
2345 175
2346 175
2347 175
2348 175
2349 175
2350 175
2351 175
2352 175
2353 175
2354 175
2365 175
2366 175
2367 175
2368 175
2369 175
2370 175
2371 175
2372 175
2373 175
2374 175
2385 174
2386 174
2387 174
2388 174
2389 174
2390 174
2391 174
2392 174
2393 174
2394 174
2405 174
2406 174
2407 174
2408 174
2409 174
2410 174
2411 174
2412 174
2413 174
2414 174
2425 173
2426 173
2427 173
2428 173
2429 173
2430 173
2431 173
2432 173
2433 173
2434 173
2445 173
2446 173
2447 173
2448 173
2449 173
2450 173
2451 173
2452 173
2453 174
2454 174
2455 174
2456 174
2457 174
2458 174
2459 174
2460 174
2461 174
2462 174
2463 174
2474 173
2475 173
2476 173
2477 173
2478 173
2479 173
2480 173
2481 173
2482 174
2483 175
2484 175
2485 175
2486 175
2487 175
2488 175
2489 175
2490 175
2491 175
2492 175
2493 176
2494 176
2495 176
2496 176
2497 176
2498 176
2499 176
2500 176
2501 176
2502 176
2503 176
2514 176
2515 176
2516 176
2517 176
2518 176
2519 176
2520 176
2521 176
2522 176
2523 176
2534 178
2535 179
2536 179
2537 179
2538 179
2539 179
2540 179
2541 179
2542 179
2543 179
2544 179
2545 179
2556 178
2557 178
2558 178
2559 178
2560 178
2561 178
2562 178
2563 178
2564 178
2565 178
2576 178
2577 178
2578 178
2579 178
2580 178
2581 178
2582 178
2583 178
2584 178
2585 178
2596 179
2597 179
2598 179
2599 179
2600 179
2601 179
2602 179
2603 179
2604 179
2605 179
2616 177
2617 178
2618 178
2619 178
2620 178
2621 178
2622 178
2623 178
2624 178
2625 178
2626 178
2627 178
2638 177
2639 177
2640 178
2641 178
2642 178
2643 178
2644 178
2645 178
2646 178
2647 178
2648 178
2649 178
2650 178
2661 177
2662 177
2663 177
2664 177
2665 177
2666 177
2667 178
2668 178
2669 178
2670 178
2671 178
2672 178
2673 178
2674 178
2675 178
2676 178
2677 178
2688 178
2689 178
2690 178
2691 178
2692 178
2693 178
2694 178
2695 178
2696 178
2697 178
2708 177
2709 177
2710 177
2711 177
2712 177
2713 177
2714 177
2715 177
2716 177
2717 177
2728 176
2729 176
2730 176
2731 176
2732 176
2733 176
2734 177
2735 177
2736 177
2737 177
2738 177
2739 177
2740 177
2741 177
2742 177
2743 177
2744 177
2755 177
2756 177
2757 177
2758 177
2759 178
2760 178
2761 178
2762 178
2763 178
2764 178
2765 178
2766 178
2767 178
2768 178
2769 178
2780 177
2781 177
2782 177
2783 178
2784 178
2785 178
2786 178
2787 178
2788 178
2789 178
2790 178
2791 178
2792 178
2793 178
2804 178
2805 178
2806 178
2807 178
2808 178
2809 178
2810 178
2811 178
2812 178
2813 178
2824 176
2825 176
2826 176
2827 177
2828 177
2829 177
2830 177
2831 177
2832 177
2833 177
2834 177
2835 177
2836 177
2837 177
2848 177
2849 177
2850 177
2851 177
2852 177
2853 177
2854 177
2855 177
2856 177
2857 177
2868 177
2869 177
2870 177
2871 177
2872 177
2873 177
2874 177
2875 177
2876 177
2877 178
2878 178
2879 178
2880 178
2881 178
2882 178
2883 178
2884 178
2885 178
2886 178
2887 178
2898 179
2899 179
2900 179
2901 179
2902 179
2903 179
2904 179
2905 179
2906 179
2907 179
2908 179
2919 178
2920 178
2921 178
2922 178
2923 178
2924 178
2925 178
2926 178
2927 178
2928 178
2939 179
2940 179
2941 179
2942 179
2943 179
2944 179
2945 179
2946 179
2947 179
2948 179
2959 178
2960 178
2961 178
2962 178
2963 178
2964 178
2965 178
2966 178
2967 178
2968 178
2979 178
2980 178
2981 178
2982 178
2983 178
2984 178
2985 178
2986 178
2987 178
2988 178
2999 177
3000 177
3001 177
3002 177
3003 177
3004 177
3005 177
3006 177
3007 177
3008 177
3019 176
3020 176
3021 176
3022 176
3023 176
3024 176
3025 176
3026 177
3027 177
3028 177
3029 177
3030 177
3031 177
3032 177
3033 177
3034 177
3035 177
3036 177
3047 177
3048 177
3049 177
3050 177
3051 177
3052 177
3053 177
3054 177
3055 177
3056 177
3067 177
3068 177
3069 177
3070 177
3071 177
3072 177
3073 177
3074 177
3075 177
3076 177
3087 176
3088 176
3089 176
3090 176
3091 176
3092 176
3093 176
3094 176
3095 176
3096 176
3107 176
3108 176
3109 176
3110 176
3111 176
3112 176
3113 176
3114 176
3115 176
3116 176
3127 174
3128 174
3129 174
3130 174
3131 174
3132 174
3133 174
3134 174
3135 174
3136 174
3147 174
3148 174
3149 174
3150 174
3151 174
3152 174
3153 174
3154 174
3155 174
3156 175
3157 175
3158 175
3159 175
3160 175
3161 175
3162 175
3163 175
3164 175
3165 175
3166 175
3177 175
3178 175
3179 175
3180 175
3181 175
3182 175
3183 175
3184 175
3185 175
3186 175
3197 174
3198 174
3199 174
3200 174
3201 174
3202 174
3203 174
3204 174
3205 175
3206 175
3207 175
3208 175
3209 175
3210 175
3211 175
3212 175
3213 175
3214 175
3215 175
3226 175
3227 175
3228 175
3229 175
3230 175
3231 175
3232 175
3233 175
3234 176
3235 176
3236 176
3237 176
3238 176
3239 176
3240 176
3241 176
3242 176
3243 176
3244 176
3255 176
3256 176
3257 176
3258 176
3259 176
3260 176
3261 176
3262 177
3263 177
3264 177
3265 177
3266 177
3267 177
3268 177
3269 177
3270 177
3271 177
3272 177
3283 177
3284 177
3285 177
3286 177
3287 177
3288 177
3289 177
3290 177
3291 177
3292 177
3303 176
3304 176
3305 176
3306 176
3307 176
3308 176
3309 176
3310 176
3311 176
3312 176
3323 175
3324 175
3325 175
3326 175
3327 175
3328 175
3329 175
3330 175
3331 175
3332 175
3343 174
3344 174
3345 174
3346 174
3347 174
3348 174
3349 174
3350 174
3351 174
3352 174
3363 175
3364 175
3365 175
3366 175
3367 175
3368 175
3369 175
3370 175
3371 175
3372 175
3383 177
3384 177
3385 177
3386 177
3387 177
3388 177
3389 177
3390 177
3391 177
3392 177
3393 177
3404 177
3405 177
3406 177
3407 177
3408 177
3409 177
3410 177
3411 177
3412 177
3413 177
3424 177
3425 177
3426 177
3427 177
3428 177
3429 177
3430 177
3431 177
3432 177
3433 177
3444 176
3445 176
3446 176
3447 176
3448 176
3449 177
3450 177
3451 177
3452 177
3453 177
3454 178
3455 178
3456 178
3457 178
3458 178
3459 178
3460 178
3461 178
3462 178
3463 178
3464 178
3475 179
3476 179
3477 179
3478 179
3479 179
3480 179
3481 179
3482 179
3483 179
3484 179
3495 178
3496 178
3497 178
3498 178
3499 178
3500 178
3501 178
3502 178
3503 178
3504 178
3515 179
3516 179
3517 179
3518 179
3519 179
3520 179
3521 179
3522 179
3523 179
3524 179
3535 178
3536 178
3537 178
3538 178
3539 178
3540 178
3541 178
3542 178
3543 180
3544 180
3545 180
3546 180
3547 180
3548 180
3549 180
3550 180
3551 180
3552 180
3553 180
3564 179
3565 179
3566 179
3567 179
3568 179
3569 179
3570 179
3571 180
3572 180
3573 180
3574 180
3575 180
3576 180
3577 180
3578 180
3579 180
3580 180
3581 180
3592 179
3593 179
3594 179
3595 179
3596 179
3597 179
3598 179
3599 179
3600 179
3601 179
3612 178
3613 178
3614 178
3615 178
3616 178
3617 178
3618 178
3619 178
3620 178
3621 178
3632 179
3633 179
3634 179
3635 179
3636 179
3637 179
3638 179
3639 179
3640 179
3641 179
3642 179
3653 180
3654 180
3655 180
3656 180
3657 181
3658 181
3659 181
3660 181
3661 181
3662 181
3663 181
3664 181
3665 181
3666 181
3667 181
3678 179
3679 179
3680 179
3681 179
3682 179
3683 179
3684 179
3685 179
3686 179
3687 179
3698 182
3699 182
3700 183
3701 183
3702 183
3703 183
3704 183
3705 183
3706 183
3707 183
3708 183
3709 183
3710 183
3721 182
3722 182
3723 182
3724 182
3725 182
3726 183
3727 183
3728 183
3729 183
3730 183
3731 183
3732 183
3733 183
3734 183
3735 183
3736 183
3747 182
3748 182
3749 182
3750 182
3751 182
3752 182
3753 182
3754 182
3755 182
3756 182
3767 182
3768 182
3769 183
3770 183
3771 183
3772 183
3773 183
3774 183
3775 183
3776 183
3777 183
3778 183
3779 183
3790 181
3791 181
3792 181
3793 181
3794 181
3795 181
3796 181
3797 181
3798 181
3799 181
3810 183
3811 183
3812 183
3813 183
3814 183
3815 183
3816 183
3817 183
3818 183
3819 183
3830 181
3831 181
3832 181
3833 181
3834 181
3835 182
3836 183
3837 183
3838 183
3839 183
3840 183
3841 183
3842 183
3843 183
3844 183
3845 183
3846 183
3857 182
3858 182
3859 182
3860 182
3861 182
3862 182
3863 182
3864 182
3865 182
3866 182
3877 182
3878 182
3879 182
3880 182
3881 182
3882 182
3883 182
3884 183
3885 183
3886 183
3887 183
3888 183
3889 183
3890 183
3891 183
3892 183
3893 183
3894 183
3905 182
3906 182
3907 182
3908 182
3909 182
3910 182
3911 182
3912 182
3913 182
3914 182
3925 182
3926 182
3927 182
3928 182
3929 182
3930 182
3931 182
3932 182
3933 182
3934 182
3945 182
3946 182
3947 182
3948 182
3949 182
3950 182
3951 182
3952 182
3953 182
3954 182
3965 181
3966 181
3967 181
3968 181
3969 181
3970 181
3971 181
3972 181
3973 181
3974 181
3985 181
3986 182
3987 182
3988 182
3989 182
3990 182
3991 184
3992 184
3993 184
3994 184
3995 184
3996 184
3997 184
3998 184
3999 184
4000 184
4001 184
4012 184
4013 184
4014 184
4015 184
4016 184
4017 184
4018 184
4019 184
4020 184
4021 184
4032 183
4033 183
4034 183
4035 183
4036 183
4037 183
4038 183
4039 183
4040 183
4041 183
4052 181
4053 181
4054 181
4055 181
4056 181
4057 182
4058 182
4059 182
4060 182
4061 182
4062 182
4063 182
4064 182
4065 182
4066 182
4067 182
4078 182
4079 182
4080 182
4081 182
4082 182
4083 182
4084 182
4085 182
4086 182
4087 182
4098 181
4099 182
4100 182
4101 182
4102 182
4103 182
4104 182
4105 182
4106 182
4107 182
4108 182
4109 182
4120 182
4121 182
4122 182
4123 182
4124 182
4125 182
4126 182
4127 182
4128 182
4129 182
4140 181
4141 181
4142 181
4143 181
4144 181
4145 181
4146 181
4147 181
4148 181
4149 181
4160 182
4161 182
4162 182
4163 182
4164 182
4165 182
4166 182
4167 182
4168 182
4169 182
4180 182
4181 182
4182 182
4183 182
4184 182
4185 182
4186 182
4187 182
4188 182
4189 182
4200 183
4201 183
4202 183
4203 183
4204 183
4205 183
4206 183
4207 183
4208 183
4209 183
4220 183
4221 183
4222 183
4223 183
4224 183
4225 183
4226 183
4227 183
4228 183
4229 183
4240 182
4241 182
4242 182
4243 182
4244 182
4245 182
4246 182
4247 182
4248 182
4249 182
4260 183
4261 183
4262 183
4263 183
4264 183
4265 183
4266 183
4267 183
4268 183
4269 183
4280 183
4281 183
4282 183
4283 183
4284 183
4285 183
4286 183
4287 183
4288 183
4289 183
4300 182
4301 182
4302 182
4303 182
4304 182
4305 182
4306 182
4307 182
4308 182
4309 182
4320 181
4321 181
4322 182
4323 182
4324 183
4325 183
4326 183
4327 183
4328 183
4329 183
4330 183
4331 183
4332 183
4333 183
4334 183
4345 183
4346 183
4347 183
4348 183
4349 183
4350 183
4351 183
4352 183
4353 183
4354 183
4365 181
4366 181
4367 181
4368 181
4369 181
4370 181
4371 181
4372 181
4373 181
4374 181
4385 180
4386 181
4387 181
4388 181
4389 181
4390 181
4391 181
4392 181
4393 182
4394 182
4395 182
4396 182
4397 182
4398 182
4399 182
4400 182
4401 182
4402 182
4403 182
4414 181
4415 181
4416 181
4417 181
4418 181
4419 181
4420 181
4421 181
4422 181
4423 181
4434 182
4435 182
4436 182
4437 182
4438 182
4439 182
4440 182
4441 182
4442 182
4443 182
4454 179
4455 179
4456 179
4457 179
4458 179
4459 179
4460 179
4461 179
4462 180
4463 180
4464 181
4465 181
4466 181
4467 181
4468 181
4469 181
4470 181
4471 181
4472 181
4473 181
4474 181
4485 180
4486 180
4487 181
4488 181
4489 181
4490 181
4491 181
4492 181
4493 181
4494 181
4495 181
4496 181
4497 181
4508 182
4509 182
4510 182
4511 182
4512 182
4513 182
4514 182
4515 182
4516 182
4517 182
4528 182
4529 182
4530 182
4531 182
4532 182
4533 182
4534 182
4535 182
4536 182
4537 182
4548 182
4549 182
4550 182
4551 182
4552 182
4553 182
4554 182
4555 182
4556 182
4557 182
4568 181
4569 181
4570 181
4571 181
4572 181
4573 181
4574 181
4575 181
4576 182
4577 182
4578 182
4579 182
4580 182
4581 182
4582 182
4583 182
4584 182
4585 182
4586 182
4597 181
4598 182
4599 182
4600 182
4601 182
4602 182
4603 182
4604 182
4605 182
4606 182
4607 182
4608 182
4619 179
4620 179
4621 179
4622 179
4623 179
4624 179
4625 179
4626 179
4627 179
4628 179
4639 182
4640 182
4641 182
4642 182
4643 182
4644 182
4645 182
4646 182
4647 182
4648 182
4659 181
4660 181
4661 181
4662 181
4663 182
4664 182
4665 182
4666 182
4667 182
4668 182
4669 182
4670 182
4671 182
4672 182
4673 182
4684 181
4685 181
4686 181
4687 181
4688 181
4689 181
4690 181
4691 181
4692 183
4693 183
4694 183
4695 183
4696 183
4697 183
4698 183
4699 183
4700 183
4701 183
4702 183
4713 183
4714 183
4715 183
4716 183
4717 183
4718 183
4719 183
4720 183
4721 183
4722 183
4733 183
4734 183
4735 183
4736 183
4737 183
4738 183
4739 183
4740 183
4741 183
4742 183
4743 183
4754 183
4755 183
4756 183
4757 183
4758 183
4759 183
4760 183
4761 184
4762 184
4763 184
4764 184
4765 184
4766 184
4767 184
4768 184
4769 184
4770 184
4771 184
4782 184
4783 184
4784 184
4785 184
4786 184
4787 184
4788 184
4789 184
4790 184
4791 184
4802 182
4803 182
4804 182
4805 182
4806 182
4807 182
4808 182
4809 182
4810 182
4811 182
4822 182
4823 182
4824 182
4825 182
4826 182
4827 182
4828 182
4829 182
4830 182
4831 182
4842 181
4843 181
4844 181
4845 181
4846 181
4847 181
4848 181
4849 181
4850 181
4851 181
4862 180
4863 180
4864 180
4865 180
4866 180
4867 180
4868 180
4869 180
4870 180
4871 180
4882 178
4883 178
4884 178
4885 178
4886 178
4887 178
4888 178
4889 178
4890 178
4891 178
4902 178
4903 178
4904 178
4905 178
4906 178
4907 178
4908 179
4909 179
4910 179
4911 180
4912 180
4913 180
4914 180
4915 180
4916 180
4917 180
4918 180
4919 180
4920 180
4921 180
4932 179
4933 179
4934 179
4935 179
4936 179
4937 179
4938 179
4939 179
4940 179
4941 179
4952 180
4953 180
4954 180
4955 180
4956 180
4957 180
4958 180
4959 180
4960 180
4961 180
4972 178
4973 178
4974 179
4975 179
4976 179
4977 179
4978 179
4979 179
4980 179
4981 179
4982 179
4983 179
4984 179
4995 178
4996 178
4997 178
4998 178
4999 178
