0 74
1 76
2 77
3 79
4 80
5 81
6 82
7 82
8 82
9 82
10 83
11 83
12 83
13 84
14 84
15 84
16 84
17 85
18 86
19 86
20 87
21 89
22 89
23 89
24 89
25 89
26 89
27 89
28 90
29 90
30 90
31 95
32 96
33 97
34 98
35 98
36 98
37 98
38 98
39 98
40 99
41 99
42 99
43 100
44 100
45 100
46 100
47 100
48 100
49 100
50 100
51 100
52 100
53 100
64 110
65 110
66 110
67 110
68 111
69 111
70 111
71 112
72 113
73 113
74 113
75 113
76 113
77 113
78 114
79 116
80 117
81 117
82 119
83 119
84 119
85 119
86 120
87 120
88 123
89 124
90 124
91 124
92 124
93 124
94 124
95 124
96 124
97 124
98 125
99 125
100 125
101 125
102 129
103 129
104 129
105 129
106 129
107 129
108 129
109 130
110 130
111 130
112 130
113 130
114 130
115 130
116 130
117 130
118 130
119 130
130 132
131 132
132 132
133 132
134 132
135 133
136 133
137 133
138 135
139 135
140 136
141 136
142 136
143 137
144 137
145 137
146 137
147 137
148 138
149 138
150 138
151 138
152 138
153 140
154 140
155 140
156 140
157 140
158 141
159 142
160 142
161 142
162 142
163 142
164 142
165 142
166 142
167 142
168 142
169 143
170 146
171 146
172 146
173 146
174 146
175 146
176 146
177 146
178 146
179 146
180 146
191 147
192 147
193 147
194 147
195 147
196 147
197 147
198 148
199 150
200 150
201 150
202 153
203 153
204 153
205 153
206 154
207 154
208 154
209 154
210 154
211 154
212 155
213 155
214 157
215 157
216 157
217 157
218 157
219 157
220 157
221 157
222 157
223 157
224 159
225 159
226 159
227 160
228 160
229 160
230 160
231 160
232 162
233 162
234 162
235 162
236 163
237 163
238 163
239 163
240 163
241 163
242 163
243 163
244 163
245 163
246 163
257 169
258 169
259 169
260 169
261 171
262 172
263 172
264 173
265 173
266 173
267 173
268 173
269 173
270 173
271 173
272 173
273 174
274 174
275 174
276 174
277 174
278 174
279 174
280 174
281 174
282 174
283 174
294 177
295 177
296 177
297 177
298 177
299 177
300 177
301 177
302 177
303 177
314 187
315 187
316 188
317 188
318 188
319 188
320 188
321 190
322 190
323 190
324 192
325 192
326 192
327 192
328 192
329 194
330 194
331 194
332 194
333 197
334 197
335 197
336 197
337 198
338 198
339 198
340 198
341 199
342 200
343 200
344 200
345 201
346 201
347 201
348 201
349 201
350 201
351 201
352 201
353 201
354 201
355 201
366 202
367 202
368 202
369 202
370 202
371 202
372 202
373 202
374 202
375 202
386 201
387 202
388 202
389 202
390 202
391 202
392 202
393 202
394 203
395 203
396 203
397 204
398 204
399 204
400 204
401 204
402 204
403 204
404 205
405 208
406 208
407 208
408 209
409 209
410 209
411 209
412 209
413 210
414 210
415 210
416 210
417 210
418 210
419 210
420 210
421 211
422 211
423 212
424 212
425 212
426 212
427 212
428 212
429 212
430 212
431 213
432 213
433 214
434 215
435 215
436 215
437 215
438 215
439 216
440 217
441 217
442 217
443 217
444 217
445 217
446 217
447 217
448 217
449 217
450 217
461 218
462 218
463 218
464 218
465 218
466 220
467 222
468 222
469 222
470 222
471 222
472 222
473 223
474 223
475 223
476 223
477 223
478 223
479 223
480 223
481 223
482 223
483 223
494 222
495 222
496 223
497 224
498 224
499 224
500 224
501 225
502 225
503 225
504 225
505 225
506 225
507 225
508 225
509 225
510 225
511 225
522 227
523 227
524 227
525 227
526 227
527 227
528 227
529 227
530 227
531 227
542 227
543 227
544 227
545 227
546 227
547 227
548 227
549 227
550 227
551 227
562 231
563 231
564 231
565 231
566 231
567 231
568 231
569 231
570 231
571 231
582 230
583 230
584 230
585 230
586 230
587 230
588 230
589 230
590 230
591 230
602 230
603 230
604 230
605 230
606 230
607 230
608 230
609 230
610 230
611 230
622 237
623 237
624 237
625 239
626 239
627 239
628 239
629 239
630 239
631 239
632 239
633 239
634 239
635 239
646 238
647 238
648 238
649 238
650 238
651 238
652 238
653 238
654 238
655 238
666 238
667 238
668 238
669 238
670 238
671 238
672 238
673 238
674 238
675 238
676 238
687 238
688 238
689 238
690 238
691 238
692 238
693 240
694 240
695 240
696 241
697 241
698 241
699 241
700 241
701 241
702 241
703 241
704 241
705 241
706 241
717 240
718 240
719 240
720 240
721 241
722 241
723 241
724 241
725 241
726 241
727 241
728 241
729 241
730 241
731 241
742 241
743 241
744 241
745 241
746 241
747 241
748 241
749 241
750 241
751 241
762 239
763 239
764 239
765 240
766 240
767 240
768 240
769 240
770 240
771 240
772 241
773 241
774 241
775 241
776 241
777 241
778 241
779 241
780 241
781 241
782 241
793 243
794 243
795 243
796 243
797 243
798 243
799 243
800 243
801 243
802 243
813 242
814 242
815 242
816 242
817 242
818 242
819 242
820 242
821 242
822 242
833 242
834 242
835 242
836 242
837 243
838 243
839 243
840 243
841 243
842 243
843 243
844 243
845 243
846 243
847 243
858 242
859 242
860 242
861 242
862 242
863 242
864 242
865 242
866 242
867 242
878 242
879 242
880 243
881 243
882 243
883 243
884 243
885 243
886 243
887 243
888 243
889 243
890 243
901 244
902 244
903 244
904 244
905 244
906 244
907 244
908 244
909 244
910 244
921 244
922 244
923 244
924 244
925 244
926 244
927 244
928 244
929 244
930 244
941 244
942 244
943 244
944 244
945 244
946 244
947 244
948 244
949 244
950 244
961 243
962 243
963 243
964 243
965 243
966 243
967 243
968 243
969 243
970 243
981 245
982 245
983 245
984 245
985 245
986 245
987 245
988 245
989 246
990 246
991 246
992 246
993 246
994 246
995 246
996 246
997 246
998 246
999 246
1010 246
1011 246
1012 246
1013 246
1014 246
1015 246
1016 246
1017 246
1018 246
1019 246
1030 245
1031 246
1032 246
1033 246
1034 246
1035 246
1036 246
1037 246
1038 246
1039 246
1040 246
1041 246
1052 246
1053 246
1054 247
1055 247
1056 247
1057 247
1058 247
1059 247
1060 249
1061 249
1062 249
1063 249
1064 249
1065 249
1066 249
1067 249
1068 249
1069 249
1070 249
1081 250
1082 250
1083 250
1084 250
1085 250
1086 250
1087 250
1088 250
1089 250
1090 250
1101 256
1102 256
1103 256
1104 256
1105 256
1106 256
1107 256
1108 256
1109 256
1110 256
1121 256
1122 256
1123 256
1124 256
1125 256
1126 256
1127 256
1128 256
1129 256
1130 256
1141 255
1142 255
1143 256
1144 256
1145 256
1146 256
1147 256
1148 257
1149 257
1150 257
1151 257
1152 257
1153 257
1154 257
1155 257
1156 257
1157 257
1158 257
1169 259
1170 259
1171 259
1172 259
1173 259
1174 259
1175 259
1176 259
1177 259
1178 259
1189 260
1190 260
1191 260
1192 260
1193 260
1194 260
1195 260
1196 260
1197 260
1198 260
1209 260
1210 260
1211 260
1212 260
1213 260
1214 260
1215 260
1216 260
1217 260
1218 260
1229 261
1230 261
1231 262
1232 262
1233 262
1234 262
1235 262
1236 262
1237 262
1238 262
1239 262
1240 262
1241 262
1252 264
1253 264
1254 264
1255 264
1256 266
1257 266
1258 266
1259 267
1260 267
1261 267
1262 267
1263 267
1264 267
1265 267
1266 267
1267 267
1268 267
1269 267
1280 267
1281 267
1282 267
1283 267
1284 267
1285 267
1286 267
1287 267
1288 267
1289 267
1300 269
1301 269
1302 269
1303 269
1304 269
1305 269
1306 269
1307 269
1308 271
1309 271
1310 271
1311 271
1312 271
1313 271
1314 271
1315 271
1316 271
1317 271
1318 271
1329 273
1330 273
1331 273
1332 273
1333 273
1334 273
1335 273
1336 273
1337 273
1338 273
1349 273
1350 274
1351 274
1352 274
1353 274
1354 274
1355 274
1356 274
1357 274
1358 274
1359 274
1360 274
1371 274
1372 274
1373 274
1374 274
1375 274
1376 274
1377 274
1378 274
1379 274
1380 274
1391 272
1392 272
1393 272
1394 272
1395 272
1396 272
1397 272
1398 272
1399 272
1400 272
1411 272
1412 272
1413 272
1414 272
1415 272
1416 272
1417 272
1418 272
1419 272
1420 272
1431 271
1432 271
1433 271
1434 271
1435 271
1436 271
1437 272
1438 272
1439 272
1440 272
1441 272
1442 272
1443 272
1444 272
1445 272
1446 272
1447 272
1458 271
1459 271
1460 271
1461 271
1462 271
1463 271
1464 271
1465 271
1466 271
1467 271
1478 270
1479 270
1480 270
1481 270
1482 270
1483 270
1484 270
1485 270
1486 270
1487 271
1488 271
1489 272
1490 272
1491 272
1492 272
1493 272
1494 272
1495 272
1496 272
1497 272
1498 272
1499 272
1510 272
1511 272
1512 272
1513 272
1514 272
1515 272
1516 273
1517 274
1518 274
1519 274
1520 274
1521 274
1522 274
1523 274
1524 274
1525 274
1526 274
1527 274
1538 274
1539 274
1540 274
1541 274
1542 274
1543 274
1544 274
1545 274
1546 274
1547 274
1558 275
1559 275
1560 275
1561 275
1562 275
1563 275
1564 275
1565 275
1566 275
1567 275
1578 276
1579 276
1580 276
1581 276
1582 276
1583 276
1584 276
1585 276
1586 276
1587 276
1598 275
1599 275
1600 275
1601 277
1602 277
1603 277
1604 277
1605 277
1606 277
1607 277
1608 277
1609 277
1610 277
1611 277
1622 276
1623 276
1624 276
1625 276
1626 276
1627 277
1628 277
1629 277
1630 277
1631 277
1632 277
1633 277
1634 277
1635 277
1636 277
1637 277
1648 278
1649 278
1650 278
1651 278
1652 278
1653 278
1654 278
1655 278
1656 278
1657 278
1668 278
1669 278
1670 278
1671 278
1672 278
1673 278
1674 278
1675 278
1676 278
1677 278
1688 277
1689 277
1690 277
1691 277
1692 278
1693 278
1694 278
1695 278
1696 278
1697 278
1698 278
1699 278
1700 278
1701 278
1702 278
1713 279
1714 279
1715 279
1716 279
1717 279
1718 279
1719 279
1720 279
1721 279
1722 279
1733 279
1734 279
1735 279
1736 279
1737 279
1738 279
1739 279
1740 279
1741 279
1742 279
1753 278
1754 278
1755 278
1756 278
1757 278
1758 278
1759 278
1760 278
1761 278
1762 278
1773 278
1774 278
1775 278
1776 278
1777 278
1778 278
1779 278
1780 278
1781 278
1782 278
1793 277
1794 277
1795 277
1796 277
1797 277
1798 277
1799 277
1800 277
1801 277
1802 277
1813 275
1814 275
1815 275
1816 276
1817 276
1818 276
1819 276
1820 276
1821 276
1822 276
1823 276
1824 276
1825 276
1826 276
1837 276
1838 276
1839 276
1840 276
1841 276
1842 276
1843 276
1844 276
1845 276
1846 276
1857 276
1858 276
1859 276
1860 276
1861 276
1862 276
1863 276
1864 276
1865 276
1866 276
1877 277
1878 277
1879 277
1880 277
1881 277
1882 277
1883 277
1884 277
1885 277
1886 277
1897 279
1898 279
1899 280
1900 280
1901 280
1902 280
1903 280
1904 280
1905 280
1906 280
1907 281
1908 281
1909 281
1910 281
1911 281
1912 281
1913 281
1914 281
1915 281
1916 281
1917 281
1928 284
1929 284
1930 284
1931 284
1932 284
1933 284
1934 284
1935 284
1936 284
1937 284
1948 284
1949 284
1950 284
1951 284
1952 284
1953 284
1954 284
1955 285
1956 285
1957 285
1958 285
1959 285
1960 285
1961 287
1962 287
1963 287
1964 287
1965 287
1966 287
1967 287
1968 287
1969 287
1970 287
1971 287
1982 286
1983 286
1984 286
1985 286
1986 286
1987 286
1988 286
1989 286
1990 287
1991 287
1992 287
1993 287
1994 288
1995 288
1996 288
1997 288
1998 288
1999 288
2000 288
2001 288
2002 288
2003 288
2004 288
2015 288
2016 288
2017 288
2018 288
2019 288
2020 288
2021 288
2022 288
2023 288
2024 288
2035 288
2036 288
2037 288
2038 288
2039 288
2040 288
2041 288
2042 288
2043 288
2044 288
2055 288
2056 288
2057 288
2058 288
2059 288
2060 288
2061 288
2062 288
2063 288
2064 288
2075 288
2076 288
2077 288
2078 288
2079 288
2080 288
2081 288
2082 288
2083 288
2084 288
2095 289
2096 290
2097 290
2098 290
2099 290
2100 290
2101 290
2102 290
2103 290
2104 290
2105 290
2106 290
2117 289
2118 290
2119 290
2120 290
2121 290
2122 290
2123 290
2124 290
2125 290
2126 290
2127 290
2128 290
2139 290
2140 290
2141 290
2142 290
2143 290
2144 290
2145 290
2146 290
2147 290
2148 290
2159 288
2160 288
2161 288
2162 288
2163 288
2164 290
2165 290
2166 290
2167 290
2168 290
2169 290
2170 290
2171 290
2172 290
2173 290
2174 290
2185 290
2186 290
2187 290
2188 290
2189 290
2190 290
2191 290
2192 290
2193 290
2194 290
2205 289
2206 289
2207 289
2208 290
2209 290
2210 290
2211 290
2212 290
2213 290
2214 290
2215 290
2216 290
2217 290
2218 290
2229 290
2230 290
2231 290
2232 290
2233 290
2234 290
2235 290
2236 290
2237 290
2238 290
2249 288
2250 288
2251 289
2252 289
2253 289
2254 289
2255 289
2256 289
2257 289
2258 289
2259 289
2260 289
2261 289
2272 288
2273 288
2274 288
2275 288
2276 288
2277 288
2278 288
2279 288
2280 288
2281 288
2292 289
2293 289
2294 289
2295 289
2296 289
2297 289
2298 289
2299 289
2300 289
2301 289
2302 289
2313 289
2314 289
2315 289
2316 289
2317 289
2318 289
2319 289
2320 289
2321 289
2322 289
2333 289
2334 289
2335 290
2336 290
2337 290
2338 290
2339 290
2340 290
2341 290
2342 290
2343 290
2344 290
2345 290
2356 290
2357 290
2358 290
2359 290
2360 290
2361 290
2362 290
2363 290
2364 290
2365 290
2376 289
2377 289
2378 289
2379 289
2380 289
2381 289
2382 289
2383 289
2384 289
2385 289
2396 288
2397 288
2398 288
2399 288
2400 288
2401 288
2402 288
2403 288
2404 289
2405 289
2406 289
2407 289
2408 289
2409 289
2410 289
2411 289
2412 289
2413 289
2414 289
2425 289
2426 289
2427 289
2428 289
2429 290
2430 290
2431 290
2432 290
2433 290
2434 290
2435 290
2436 290
2437 290
2438 290
2439 290
2450 290
2451 290
2452 290
2453 290
2454 290
2455 290
2456 290
2457 290
2458 290
2459 290
2470 291
2471 292
2472 292
2473 292
2474 292
2475 292
2476 292
2477 292
2478 292
2479 292
2480 292
2481 292
2492 292
2493 292
2494 292
2495 292
2496 292
2497 292
2498 292
2499 292
2500 292
2501 292
2512 292
2513 292
2514 292
2515 292
2516 292
2517 292
2518 292
2519 292
2520 292
2521 292
2532 292
2533 292
2534 292
2535 292
2536 292
2537 292
2538 292
2539 292
2540 292
2541 292
2552 294
2553 295
2554 295
2555 295
2556 295
2557 295
2558 295
2559 295
2560 295
2561 295
2562 295
2563 295
2574 295
2575 295
2576 295
2577 296
2578 296
2579 296
2580 296
2581 296
2582 296
2583 296
2584 296
2585 296
2586 296
2587 296
2598 296
2599 296
2600 296
2601 296
2602 296
2603 296
2604 296
2605 296
2606 297
2607 297
2608 297
2609 297
2610 297
2611 297
2612 297
2613 297
2614 297
2615 297
2616 297
2627 297
2628 298
2629 298
2630 298
2631 298
2632 298
2633 298
2634 298
2635 298
2636 298
2637 299
2638 299
2639 299
2640 299
2641 299
2642 299
2643 299
2644 299
2645 299
2646 299
2647 299
2658 299
2659 299
2660 299
2661 299
2662 299
2663 299
2664 299
2665 299
2666 299
2667 299
2678 299
2679 299
2680 299
2681 299
2682 299
2683 299
2684 299
2685 299
2686 299
2687 299
2698 300
2699 300
2700 300
2701 300
2702 300
2703 300
2704 300
2705 300
2706 300
2707 300
2718 299
2719 299
2720 299
2721 299
2722 299
2723 299
2724 299
2725 299
2726 299
2727 300
2728 300
2729 300
2730 300
2731 300
2732 300
2733 300
2734 300
2735 300
2736 300
2737 300
2748 300
2749 300
2750 300
2751 300
2752 300
2753 300
2754 300
2755 300
2756 300
2757 301
2758 301
2759 301
2760 301
2761 301
2762 301
2763 302
2764 302
2765 302
2766 303
2767 303
2768 303
2769 303
2770 303
2771 303
2772 303
2773 303
2774 303
2775 303
2776 303
2787 303
2788 303
2789 303
2790 303
2791 303
2792 303
2793 303
2794 303
2795 303
2796 303
2807 302
2808 302
2809 302
2810 302
2811 302
2812 302
2813 302
2814 302
2815 302
2816 302
2827 302
2828 302
2829 302
2830 302
2831 302
2832 302
2833 302
2834 302
2835 302
2836 302
2847 302
2848 302
2849 302
2850 302
2851 302
2852 302
2853 302
2854 302
2855 302
2856 302
2867 300
2868 300
2869 300
2870 300
2871 300
2872 300
2873 300
2874 300
2875 300
2876 300
2887 300
2888 300
2889 300
2890 300
2891 301
2892 301
2893 301
2894 302
2895 302
2896 302
2897 302
2898 302
2899 302
2900 302
2901 302
2902 302
2903 302
2904 302
2915 302
2916 302
2917 302
2918 302
2919 302
2920 302
2921 302
2922 302
2923 302
2924 302
2935 300
2936 300
2937 300
2938 300
2939 300
2940 301
2941 301
2942 301
2943 301
2944 301
2945 301
2946 301
2947 301
2948 302
2949 302
2950 302
2951 302
2952 302
2953 302
2954 302
2955 302
2956 302
2957 302
2958 302
2969 304
2970 304
2971 304
2972 304
2973 304
2974 304
2975 304
2976 304
2977 304
2978 304
2989 304
2990 304
2991 304
2992 304
2993 304
2994 304
2995 304
2996 304
2997 307
2998 307
2999 307
3000 307
3001 307
3002 308
3003 308
3004 308
3005 308
3006 308
3007 308
3008 308
3009 308
3010 308
3011 308
3012 308
3023 308
3024 308
3025 308
3026 309
3027 309
3028 309
3029 309
3030 309
3031 309
3032 309
3033 309
3034 309
3035 309
3036 309
3047 309
3048 309
3049 309
3050 309
3051 309
3052 309
3053 309
3054 309
3055 309
3056 309
3067 307
3068 307
3069 307
3070 307
3071 307
3072 307
3073 307
3074 307
3075 307
3076 307
3087 308
3088 308
3089 308
3090 308
3091 308
3092 308
3093 309
3094 309
3095 309
3096 309
3097 309
3098 309
3099 309
3100 309
3101 309
3102 309
3103 309
3114 309
3115 309
3116 309
3117 309
3118 309
3119 309
3120 309
3121 309
3122 309
3123 309
3134 308
3135 308
3136 308
3137 308
3138 308
3139 308
3140 308
3141 308
3142 308
3143 308
3154 308
3155 308
3156 308
3157 308
3158 308
3159 308
3160 308
3161 308
3162 308
3163 308
3174 307
3175 307
3176 307
3177 307
3178 307
3179 307
3180 307
3181 307
3182 307
3183 307
3194 307
3195 307
3196 307
3197 307
3198 307
3199 307
3200 307
3201 307
3202 307
3203 307
3214 307
3215 307
3216 307
3217 307
3218 307
3219 307
3220 307
3221 307
3222 307
3223 307
3234 306
3235 306
3236 306
3237 306
3238 306
3239 306
3240 306
3241 306
3242 306
3243 307
3244 307
3245 308
3246 308
3247 308
3248 308
3249 308
3250 308
3251 308
3252 308
3253 308
3254 308
3255 308
3266 308
3267 308
3268 308
3269 308
3270 308
3271 308
3272 308
3273 308
3274 308
3275 308
3286 307
3287 307
3288 307
3289 307
3290 307
3291 307
3292 307
3293 307
3294 307
3295 307
3306 309
3307 309
3308 309
3309 309
3310 309
3311 310
3312 310
3313 310
3314 311
3315 311
3316 311
3317 311
3318 311
3319 311
3320 311
3321 311
3322 311
3323 311
3324 311
3335 310
3336 310
3337 310
3338 310
3339 310
3340 310
3341 310
3342 310
3343 310
3344 310
3355 309
3356 309
3357 310
3358 310
3359 310
3360 310
3361 310
3362 310
3363 310
3364 310
3365 310
3366 310
3367 310
3378 310
3379 310
3380 310
3381 310
3382 310
3383 310
3384 310
3385 310
3386 310
3387 310
3398 309
3399 309
3400 309
3401 309
3402 309
3403 309
3404 310
3405 310
3406 310
3407 310
3408 310
3409 310
3410 310
3411 310
3412 310
3413 310
3414 310
3425 309
3426 309
3427 309
3428 309
3429 310
3430 310
3431 310
3432 310
3433 310
3434 310
3435 310
3436 310
3437 310
3438 310
3439 310
3450 310
3451 310
3452 310
3453 310
3454 310
3455 310
3456 310
3457 310
3458 310
3459 310
3470 308
3471 308
3472 308
3473 308
3474 308
3475 308
3476 308
3477 308
3478 308
3479 308
3490 306
3491 308
3492 308
3493 308
3494 308
3495 309
3496 309
3497 309
3498 309
3499 309
3500 309
3501 309
3502 309
3503 309
3504 309
3505 309
3516 310
3517 310
3518 310
3519 310
3520 310
3521 310
3522 310
3523 310
3524 310
3525 310
3536 309
3537 309
3538 309
3539 309
3540 309
3541 309
3542 309
3543 309
3544 309
3545 309
3556 309
3557 309
3558 309
3559 309
3560 309
3561 309
3562 309
3563 309
3564 310
3565 310
3566 310
3567 310
3568 310
3569 310
3570 310
3571 310
3572 310
3573 310
3574 310
3585 309
3586 309
3587 310
3588 310
3589 310
3590 310
3591 310
3592 310
3593 310
3594 310
3595 310
3596 310
3597 310
3608 309
3609 310
3610 310
3611 310
3612 310
3613 310
3614 310
3615 310
3616 310
3617 310
3618 310
3619 311
3620 311
3621 311
3622 311
3623 311
3624 311
3625 311
3626 311
3627 311
3628 311
3629 311
3640 310
3641 310
3642 310
3643 310
3644 310
3645 310
3646 310
3647 310
3648 310
3649 310
3660 311
3661 311
3662 311
3663 311
3664 311
3665 311
3666 311
3667 311
3668 311
3669 311
3680 310
3681 310
3682 310
3683 310
3684 310
3685 310
3686 310
3687 310
3688 310
3689 310
3700 312
3701 312
3702 312
3703 312
3704 312
3705 312
3706 312
3707 312
3708 312
3709 312
3710 312
3721 312
3722 312
3723 312
3724 312
3725 312
3726 312
3727 312
3728 312
3729 312
3730 312
3741 310
3742 310
3743 310
3744 310
3745 310
3746 310
3747 310
3748 310
3749 310
3750 310
3761 311
3762 311
3763 311
3764 311
3765 311
3766 311
3767 311
3768 311
3769 311
3770 311
3781 312
3782 312
3783 312
3784 312
3785 312
3786 312
3787 312
3788 312
3789 312
3790 312
3801 311
3802 311
3803 311
3804 311
3805 311
3806 311
3807 311
3808 312
3809 312
3810 313
3811 313
3812 313
3813 313
3814 313
3815 313
3816 313
3817 313
3818 313
3819 313
3820 313
3831 313
3832 313
3833 313
3834 313
3835 313
3836 313
3837 313
3838 313
3839 313
3840 313
3851 313
3852 313
3853 313
3854 314
3855 314
3856 314
3857 314
3858 314
3859 314
3860 314
3861 314
3862 314
3863 314
3864 314
3875 313
3876 313
3877 313
3878 313
3879 313
3880 313
3881 313
3882 313
3883 313
3884 313
3895 311
3896 311
3897 311
3898 311
3899 311
3900 311
3901 311
3902 311
3903 311
3904 311
3915 311
3916 311
3917 311
3918 311
3919 311
3920 311
3921 311
3922 311
3923 311
3924 311
3935 311
3936 311
3937 311
3938 311
3939 311
3940 311
3941 311
3942 311
3943 311
3944 311
3945 311
3956 310
3957 310
3958 311
3959 311
3960 311
3961 311
3962 311
3963 311
3964 311
3965 311
3966 311
3967 311
3968 311
3979 311
3980 311
3981 311
3982 311
3983 311
3984 311
3985 311
3986 311
3987 311
3988 311
3999 311
4000 311
4001 311
4002 311
4003 311
4004 311
4005 311
4006 311
4007 311
4008 312
4009 312
4010 312
4011 312
4012 312
4013 312
4014 312
4015 312
4016 312
4017 312
4018 312
4029 310
4030 310
4031 310
4032 310
4033 310
4034 310
4035 310
4036 310
4037 310
4038 311
4039 311
4040 311
4041 311
4042 311
4043 311
4044 311
4045 311
4046 311
4047 311
4048 311
4059 311
4060 311
4061 311
4062 311
4063 311
4064 311
4065 311
4066 311
4067 311
4068 311
4079 310
4080 310
4081 311
4082 311
4083 311
4084 311
4085 311
4086 311
4087 311
4088 311
4089 311
4090 311
4091 311
4102 311
4103 311
4104 311
4105 311
4106 311
4107 311
4108 311
4109 311
4110 311
4111 311
4122 310
4123 310
4124 310
4125 310
4126 310
4127 310
4128 310
4129 310
4130 310
4131 310
4142 308
4143 308
4144 308
4145 308
4146 308
4147 308
4148 308
4149 308
4150 308
4151 308
4162 309
4163 309
4164 309
4165 310
4166 310
4167 310
4168 310
4169 310
4170 310
4171 310
4172 310
4173 310
4174 310
4175 310
4186 311
4187 311
4188 311
4189 311
4190 311
4191 311
4192 311
4193 312
4194 312
4195 312
4196 312
4197 312
4198 312
4199 312
4200 312
4201 312
4202 312
4203 312
4214 312
4215 312
4216 312
4217 312
4218 312
4219 312
4220 312
4221 312
4222 312
4223 312
4234 311
4235 311
4236 311
4237 311
4238 311
4239 311
4240 311
4241 311
4242 311
4243 311
4254 309
4255 309
4256 309
4257 309
4258 309
4259 309
4260 309
4261 310
4262 310
4263 310
4264 310
4265 311
4266 311
4267 311
4268 311
4269 311
4270 311
4271 311
4272 311
4273 311
4274 311
4275 311
4286 311
4287 311
4288 311
4289 311
4290 311
4291 311
4292 311
4293 311
4294 311
4295 311
4306 309
4307 309
4308 309
4309 309
4310 309
4311 309
4312 310
4313 310
4314 310
4315 310
4316 310
4317 310
4318 310
4319 310
4320 310
4321 310
4322 310
4333 310
4334 310
4335 310
4336 310
4337 310
4338 310
4339 310
4340 310
4341 310
4342 310
4353 309
4354 309
4355 309
4356 309
4357 309
4358 309
4359 309
4360 309
4361 309
4362 309
4373 309
4374 309
4375 309
4376 309
4377 309
4378 309
4379 309
4380 309
4381 309
4382 309
4393 308
4394 308
4395 308
4396 308
4397 308
4398 308
4399 308
4400 308
4401 308
4402 308
4413 308
4414 308
4415 308
4416 308
4417 308
4418 308
4419 308
4420 308
4421 308
4422 308
4433 307
4434 307
4435 307
4436 307
4437 307
4438 307
4439 307
4440 307
4441 308
4442 309
4443 309
4444 309
4445 309
4446 309
4447 309
4448 309
4449 309
4450 309
4451 309
4452 309
4463 310
4464 310
4465 310
4466 310
4467 310
4468 310
4469 310
4470 310
4471 310
4472 310
4483 310
4484 310
4485 310
4486 310
4487 310
4488 310
4489 310
4490 310
4491 310
4492 310
4503 310
4504 310
4505 310
4506 310
4507 310
4508 310
4509 310
4510 310
4511 310
4512 310
4523 308
4524 308
4525 308
4526 308
4527 308
4528 308
4529 308
4530 308
4531 308
4532 308
4543 309
4544 309
4545 309
4546 309
4547 309
4548 309
4549 309
4550 309
4551 309
4552 309
4563 309
4564 309
4565 309
4566 309
4567 309
4568 309
4569 309
4570 309
4571 309
4572 309
4583 309
4584 309
4585 309
4586 309
4587 309
4588 309
4589 309
4590 309
4591 309
4592 309
4603 309
4604 309
4605 309
4606 309
4607 309
4608 309
4609 309
4610 309
4611 309
4612 309
4623 309
4624 309
4625 309
4626 309
4627 309
4628 309
4629 309
4630 309
4631 309
4632 309
4643 308
4644 309
4645 309
4646 309
4647 309
4648 309
4649 309
4650 309
4651 309
4652 309
4653 309
4654 309
4665 309
4666 309
4667 309
4668 309
4669 309
4670 309
4671 309
4672 309
4673 309
4674 309
4685 307
4686 307
4687 307
4688 307
4689 307
4690 307
4691 307
4692 307
4693 307
4694 307
4705 308
4706 308
4707 308
4708 308
4709 308
4710 308
4711 308
4712 308
4713 308
4714 308
4725 308
4726 308
4727 309
4728 309
4729 309
4730 309
4731 309
4732 309
4733 309
4734 309
4735 309
4736 309
4737 309
4748 309
4749 309
4750 309
4751 309
4752 309
4753 309
4754 309
4755 309
4756 309
4757 309
4768 311
4769 312
4770 312
4771 312
4772 312
4773 312
4774 312
4775 313
4776 313
4777 313
4778 313
4779 313
4780 313
4781 313
4782 313
4783 313
4784 313
4785 313
4796 313
4797 313
4798 313
4799 313
4800 313
4801 313
4802 313
4803 313
4804 313
4805 313
4816 311
4817 312
4818 312
4819 312
4820 312
4821 312
4822 312
4823 312
4824 312
4825 312
4826 312
4827 312
4838 313
4839 313
4840 313
4841 313
4842 313
4843 313
4844 313
4845 313
4846 313
4847 313
4858 313
4859 313
4860 313
4861 313
4862 313
4863 313
4864 313
4865 313
4866 313
4867 313
4878 311
4879 311
4880 311
4881 311
4882 311
4883 311
4884 311
4885 311
4886 311
4887 311
4898 309
4899 309
4900 311
4901 312
4902 312
4903 312
4904 312
4905 312
4906 312
4907 312
4908 312
4909 312
4910 312
4911 312
4922 312
4923 312
4924 312
4925 312
4926 312
4927 312
4928 312
4929 312
4930 312
4931 312
4942 313
4943 313
4944 313
4945 313
4946 313
4947 313
4948 313
4949 313
4950 313
4951 313
4962 312
4963 314
4964 314
4965 314
4966 314
4967 314
4968 314
4969 314
4970 314
4971 314
4972 314
4973 314
4984 314
4985 314
4986 314
4987 314
4988 314
4989 314
4990 314
4991 314
4992 314
4993 314
