0 73
1 74
2 75
3 76
4 77
5 77
6 77
7 77
8 77
9 77
10 78
11 78
12 78
13 78
14 80
15 81
16 81
17 82
18 82
19 82
20 82
21 82
22 82
23 82
24 82
25 83
26 83
27 83
28 83
29 84
30 84
31 84
32 91
33 91
34 91
35 91
36 91
37 91
38 91
39 93
40 95
41 95
42 95
43 96
44 96
45 97
46 97
47 97
48 97
49 98
50 98
51 98
52 98
53 99
54 99
55 104
56 104
57 104
58 104
59 104
60 105
61 105
62 105
63 106
64 106
65 106
66 106
67 106
68 106
69 107
70 108
71 109
72 109
73 109
74 115
75 115
76 115
77 115
78 116
79 116
80 116
81 119
82 119
83 119
84 119
85 120
86 121
87 122
88 123
89 123
90 125
91 125
92 126
93 127
94 127
95 127
96 127
97 127
98 127
99 127
100 127
101 128
102 128
103 128
104 129
105 130
106 130
107 131
108 131
109 131
110 131
111 131
112 131
113 131
114 131
115 131
116 131
117 131
128 139
129 142
130 142
131 143
132 143
133 143
134 143
135 144
136 144
137 144
138 145
139 145
140 145
141 145
142 149
143 149
144 149
145 149
146 149
147 150
148 150
149 153
150 154
151 154
152 154
153 154
154 154
155 154
156 154
157 154
158 154
159 155
160 156
161 156
162 156
163 156
164 157
165 158
166 161
167 162
168 162
169 163
170 163
171 163
172 163
173 163
174 163
175 163
176 163
177 163
178 163
179 163
190 166
191 167
192 167
193 167
194 167
195 167
196 167
197 167
198 167
199 167
200 167
201 167
212 171
213 171
214 173
215 174
216 174
217 174
218 174
219 175
220 175
221 175
222 175
223 177
224 177
225 177
226 178
227 179
228 179
229 180
230 180
231 180
232 180
233 181
234 181
235 181
236 181
237 181
238 181
239 181
240 181
241 181
242 181
243 181
254 183
255 183
256 183
257 183
258 183
259 191
260 191
261 191
262 191
263 191
264 191
265 191
266 191
267 192
268 192
269 192
270 192
271 192
272 192
273 193
274 193
275 196
276 196
277 196
278 196
279 196
280 196
281 199
282 200
283 200
284 200
285 201
286 201
287 201
288 201
289 201
290 203
291 204
292 205
293 205
294 206
295 206
296 206
297 206
298 208
299 208
300 208
301 208
302 208
303 209
304 210
305 210
306 212
307 212
308 214
309 215
310 215
311 215
312 215
313 215
314 216
315 216
316 218
317 221
318 221
319 221
320 221
321 221
322 221
323 221
324 221
325 221
326 221
327 221
338 223
339 223
340 223
341 223
342 223
343 223
344 223
345 223
346 223
347 223
358 224
359 224
360 224
361 225
362 225
363 225
364 226
365 230
366 231
367 231
368 232
369 233
370 233
371 233
372 233
373 233
374 233
375 233
376 233
377 233
378 233
379 233
390 231
391 232
392 232
393 232
394 232
395 232
396 232
397 232
398 232
399 233
400 233
401 233
402 233
403 233
404 233
405 233
406 233
407 233
408 233
409 234
410 234
411 234
412 234
413 234
414 234
415 234
416 234
417 234
418 234
419 234
430 234
431 234
432 234
433 234
434 236
435 236
436 236
437 236
438 236
439 236
440 236
441 236
442 236
443 236
444 236
455 236
456 237
457 237
458 237
459 237
460 237
461 237
462 237
463 237
464 237
465 237
466 237
477 238
478 238
479 239
480 239
481 239
482 239
483 239
484 239
485 239
486 239
487 239
488 239
489 239
500 238
501 238
502 238
503 238
504 238
505 238
506 238
507 238
508 238
509 238
520 240
521 240
522 240
523 240
524 240
525 240
526 240
527 240
528 240
529 240
530 240
541 238
542 239
543 239
544 239
545 240
546 240
547 240
548 242
549 242
550 242
551 242
552 242
553 242
554 243
555 243
556 243
557 243
558 243
559 243
560 243
561 243
562 243
563 243
564 243
575 242
576 242
577 242
578 242
579 242
580 242
581 242
582 242
583 242
584 242
595 246
596 246
597 246
598 246
599 246
600 246
601 246
602 246
603 246
604 247
605 247
606 247
607 247
608 247
609 247
610 247
611 247
612 247
613 247
614 247
625 247
626 247
627 247
628 247
629 247
630 248
631 248
632 248
633 248
634 248
635 248
636 248
637 248
638 248
639 248
640 248
651 248
652 248
653 248
654 248
655 248
656 248
657 248
658 248
659 249
660 249
661 249
662 249
663 249
664 249
665 249
666 249
667 249
668 249
669 249
680 249
681 249
682 249
683 249
684 249
685 249
686 249
687 249
688 249
689 249
700 251
701 251
702 253
703 253
704 253
705 253
706 253
707 253
708 253
709 253
710 253
711 253
712 253
723 252
724 252
725 252
726 252
727 252
728 254
729 254
730 254
731 254
732 254
733 254
734 254
735 254
736 254
737 254
738 254
749 255
750 255
751 255
752 255
753 255
754 255
755 257
756 257
757 257
758 257
759 257
760 257
761 257
762 257
763 257
764 257
765 257
776 257
777 257
778 257
779 257
780 257
781 257
782 257
783 257
784 257
785 257
796 259
797 259
798 259
799 259
800 259
801 259
802 259
803 259
804 259
805 259
806 259
817 257
818 257
819 257
820 257
821 257
822 257
823 257
824 257
825 257
826 257
837 259
838 259
839 259
840 259
841 259
842 260
843 262
844 262
845 262
846 262
847 262
848 262
849 262
850 262
851 262
852 262
853 262
864 262
865 262
866 262
867 262
868 262
869 262
870 262
871 262
872 263
873 263
874 263
875 263
876 263
877 263
878 263
879 263
880 263
881 263
882 263
893 263
894 263
895 263
896 263
897 263
898 263
899 263
900 263
901 263
902 263
913 263
914 263
915 263
916 263
917 263
918 263
919 263
920 263
921 263
922 263
923 263
934 263
935 263
936 263
937 263
938 263
939 263
940 263
941 263
942 263
943 263
954 260
955 260
956 260
957 261
958 261
959 261
960 261
961 261
962 262
963 263
964 263
965 263
966 263
967 263
968 263
969 263
970 263
971 263
972 263
973 263
984 263
985 263
986 263
987 263
988 263
989 263
990 263
991 263
992 263
993 263
994 263
1005 262
1006 262
1007 262
1008 262
1009 262
1010 262
1011 262
1012 262
1013 262
1014 262
1025 261
1026 261
1027 261
1028 261
1029 261
1030 261
1031 261
1032 261
1033 261
1034 261
1045 261
1046 261
1047 261
1048 261
1049 261
1050 261
1051 261
1052 261
1053 261
1054 261
1065 261
1066 262
1067 262
1068 263
1069 263
1070 264
1071 265
1072 265
1073 265
1074 265
1075 266
1076 266
1077 266
1078 266
1079 266
1080 266
1081 266
1082 266
1083 266
1084 266
1085 266
1096 265
1097 265
1098 265
1099 265
1100 265
1101 265
1102 265
1103 265
1104 266
1105 266
1106 266
1107 266
1108 266
1109 266
1110 266
1111 266
1112 266
1113 266
1114 266
1125 266
1126 266
1127 266
1128 266
1129 266
1130 266
1131 266
1132 266
1133 266
1134 266
1145 265
1146 270
1147 270
1148 271
1149 271
1150 271
1151 271
1152 271
1153 271
1154 271
1155 271
1156 272
1157 272
1158 272
1159 272
1160 272
1161 272
1162 272
1163 272
1164 272
1165 272
1166 273
1167 273
1168 273
1169 273
1170 273
1171 273
1172 273
1173 273
1174 273
1175 273
1176 273
1187 274
1188 274
1189 274
1190 274
1191 275
1192 275
1193 277
1194 277
1195 277
1196 277
1197 277
1198 277
1199 277
1200 277
1201 277
1202 277
1203 277
1214 276
1215 276
1216 276
1217 276
1218 276
1219 276
1220 276
1221 276
1222 276
1223 276
1234 278
1235 278
1236 278
1237 278
1238 278
1239 278
1240 278
1241 278
1242 278
1243 278
1254 278
1255 278
1256 278
1257 278
1258 278
1259 278
1260 278
1261 278
1262 278
1263 278
1274 278
1275 278
1276 278
1277 278
1278 278
1279 278
1280 278
1281 278
1282 278
1283 278
1294 278
1295 278
1296 278
1297 278
1298 278
1299 278
1300 278
1301 278
1302 278
1303 278
1314 278
1315 278
1316 278
1317 278
1318 278
1319 278
1320 278
1321 278
1322 278
1323 278
1334 278
1335 278
1336 278
1337 278
1338 278
1339 278
1340 278
1341 278
1342 278
1343 278
1354 280
1355 280
1356 280
1357 280
1358 280
1359 280
1360 280
1361 280
1362 280
1363 280
1374 279
1375 279
1376 279
1377 279
1378 279
1379 279
1380 279
1381 279
1382 279
1383 279
1394 279
1395 279
1396 279
1397 279
1398 279
1399 280
1400 280
1401 280
1402 280
1403 280
1404 280
1405 280
1406 280
1407 280
1408 280
1409 280
1420 279
1421 279
1422 279
1423 279
1424 279
1425 279
1426 279
1427 280
1428 280
1429 280
1430 280
1431 280
1432 281
1433 281
1434 281
1435 281
1436 281
1437 281
1438 281
1439 281
1440 281
1441 281
1442 282
1443 282
1444 282
1445 282
1446 282
1447 282
1448 282
1449 282
1450 282
1451 282
1452 282
1463 281
1464 281
1465 281
1466 281
1467 281
1468 281
1469 281
1470 281
1471 281
1472 281
1483 280
1484 280
1485 280
1486 280
1487 280
1488 280
1489 281
1490 281
1491 281
1492 281
1493 281
1494 281
1495 281
1496 281
1497 281
1498 281
1499 281
1510 281
1511 281
1512 281
1513 281
1514 281
1515 281
1516 281
1517 281
1518 281
1519 281
1530 280
1531 280
1532 280
1533 280
1534 280
1535 280
1536 280
1537 280
1538 280
1539 281
1540 281
1541 281
1542 281
1543 281
1544 281
1545 281
1546 281
1547 281
1548 281
1549 281
1560 280
1561 280
1562 280
1563 280
1564 280
1565 280
1566 280
1567 280
1568 280
1569 280
1580 281
1581 281
1582 281
1583 281
1584 281
1585 281
1586 281
1587 281
1588 281
1589 281
1600 282
1601 282
1602 282
1603 282
1604 282
1605 282
1606 282
1607 282
1608 282
1609 282
1620 282
1621 282
1622 282
1623 282
1624 282
1625 282
1626 282
1627 282
1628 282
1629 282
1640 282
1641 282
1642 282
1643 282
1644 282
1645 282
1646 282
1647 282
1648 282
1649 282
1650 282
1661 282
1662 282
1663 282
1664 282
1665 282
1666 283
1667 283
1668 283
1669 283
1670 283
1671 283
1672 283
1673 283
1674 283
1675 283
1676 283
1687 283
1688 283
1689 283
1690 283
1691 283
1692 283
1693 283
1694 283
1695 283
1696 283
1707 283
1708 283
1709 283
1710 283
1711 283
1712 283
1713 283
1714 283
1715 283
1716 283
1717 283
1728 283
1729 283
1730 283
1731 283
1732 283
1733 283
1734 283
1735 283
1736 283
1737 283
1748 283
1749 283
1750 283
1751 283
1752 283
1753 284
1754 284
1755 284
1756 284
1757 284
1758 284
1759 284
1760 284
1761 284
1762 284
1763 284
1774 283
1775 283
1776 283
1777 283
1778 283
1779 283
1780 283
1781 283
1782 284
1783 284
1784 284
1785 284
1786 284
1787 284
1788 284
1789 284
1790 284
1791 284
1792 284
1803 283
1804 283
1805 283
1806 283
1807 283
1808 284
1809 284
1810 284
1811 284
1812 284
1813 284
1814 284
1815 284
1816 284
1817 284
1818 284
1829 282
1830 282
1831 282
1832 284
1833 284
1834 284
1835 284
1836 284
1837 284
1838 285
1839 285
1840 285
1841 285
1842 285
1843 285
1844 285
1845 285
1846 285
1847 285
1848 285
1859 288
1860 288
1861 288
1862 288
1863 288
1864 288
1865 288
1866 288
1867 288
1868 288
1879 289
1880 289
1881 289
1882 289
1883 289
1884 289
1885 289
1886 289
1887 289
1888 289
1899 289
1900 289
1901 289
1902 289
1903 289
1904 289
1905 289
1906 289
1907 289
1908 289
1919 290
1920 290
1921 290
1922 291
1923 291
1924 291
1925 291
1926 291
1927 291
1928 291
1929 291
1930 291
1931 291
1932 291
1943 290
1944 291
1945 291
1946 291
1947 291
1948 291
1949 291
1950 291
1951 291
1952 291
1953 291
1954 291
1965 291
1966 291
1967 291
1968 291
1969 291
1970 291
1971 291
1972 291
1973 291
1974 291
1985 289
1986 289
1987 289
1988 289
1989 289
1990 289
1991 290
1992 290
1993 290
1994 290
1995 290
1996 290
1997 290
1998 290
1999 290
2000 290
2001 290
2012 288
2013 288
2014 288
2015 289
2016 289
2017 289
2018 289
2019 289
2020 289
2021 289
2022 289
2023 289
2024 289
2025 289
2036 289
2037 291
2038 291
2039 291
2040 291
2041 291
2042 291
2043 291
2044 291
2045 291
2046 291
2047 291
2058 291
2059 291
2060 291
2061 291
2062 291
2063 291
2064 291
2065 291
2066 291
2067 291
2078 291
2079 291
2080 291
2081 291
2082 291
2083 291
2084 291
2085 291
2086 291
2087 291
2098 292
2099 292
2100 292
2101 292
2102 292
2103 292
2104 292
2105 292
2106 292
2107 292
2118 292
2119 292
2120 292
2121 292
2122 292
2123 292
2124 292
2125 292
2126 292
2127 292
2138 289
2139 289
2140 289
2141 290
2142 290
2143 290
2144 290
2145 291
2146 291
2147 291
2148 291
2149 294
2150 294
2151 294
2152 294
2153 294
2154 294
2155 294
2156 294
2157 294
2158 294
2159 294
2170 293
2171 293
2172 293
2173 293
2174 293
2175 293
2176 293
2177 293
2178 293
2179 293
2190 293
2191 293
2192 293
2193 293
2194 293
2195 293
2196 294
2197 294
2198 294
2199 294
2200 294
2201 294
2202 294
2203 294
2204 294
2205 294
2206 294
2217 295
2218 295
2219 295
2220 295
2221 295
2222 295
2223 295
2224 295
2225 295
2226 295
2237 296
2238 296
2239 296
2240 296
2241 296
2242 296
2243 296
2244 296
2245 296
2246 296
2257 296
2258 296
2259 296
2260 296
2261 296
2262 296
2263 297
2264 297
2265 297
2266 297
2267 297
2268 299
2269 299
2270 299
2271 299
2272 299
2273 299
2274 299
2275 300
2276 300
2277 300
2278 300
2279 300
2280 301
2281 301
2282 301
2283 301
2284 301
2285 301
2286 301
2287 301
2288 301
2289 301
2290 301
2301 301
2302 301
2303 301
2304 301
2305 301
2306 301
2307 301
2308 301
2309 301
2310 301
2321 298
2322 298
2323 298
2324 298
2325 298
2326 298
2327 298
2328 298
2329 299
2330 299
2331 299
2332 299
2333 299
2334 299
2335 299
2336 299
2337 299
2338 299
2339 299
2350 299
2351 299
2352 299
2353 299
2354 299
2355 299
2356 299
2357 299
2358 299
2359 299
2370 297
2371 297
2372 297
2373 298
2374 298
2375 298
2376 298
2377 298
2378 298
2379 298
2380 298
2381 298
2382 298
2383 298
2394 298
2395 298
2396 298
2397 298
2398 298
2399 298
2400 298
2401 298
2402 298
2403 298
2414 298
2415 300
2416 300
2417 300
2418 300
2419 300
2420 300
2421 301
2422 301
2423 302
2424 302
2425 302
2426 302
2427 302
2428 302
2429 302
2430 302
2431 302
2432 302
2433 302
2444 301
2445 301
2446 301
2447 301
2448 301
2449 302
2450 302
2451 302
2452 302
2453 302
2454 302
2455 302
2456 302
2457 302
2458 302
2459 303
2460 303
2461 303
2462 303
2463 303
2464 303
2465 303
2466 303
2467 303
2468 303
2469 303
2480 303
2481 303
2482 303
2483 303
2484 303
2485 303
2486 303
2487 303
2488 303
2489 303
2500 302
2501 302
2502 302
2503 302
2504 302
2505 302
2506 302
2507 302
2508 302
2509 303
2510 303
2511 303
2512 303
2513 303
2514 303
2515 303
2516 303
2517 303
2518 303
2519 303
2530 303
2531 303
2532 303
2533 303
2534 303
2535 303
2536 303
2537 303
2538 303
2539 303
2550 301
2551 301
2552 302
2553 302
2554 302
2555 302
2556 302
2557 302
2558 302
2559 302
2560 302
2561 302
2562 302
2573 302
2574 302
2575 302
2576 302
2577 302
2578 302
2579 302
2580 302
2581 302
2582 302
2593 302
2594 302
2595 302
2596 302
2597 302
2598 302
2599 302
2600 302
2601 303
2602 303
2603 303
2604 303
2605 303
2606 303
2607 303
2608 303
2609 303
2610 303
2611 303
2622 302
2623 302
2624 302
2625 302
2626 302
2627 302
2628 302
2629 303
2630 303
2631 304
2632 304
2633 304
2634 304
2635 304
2636 304
2637 304
2638 304
2639 304
2640 304
2641 304
2652 303
2653 303
2654 303
2655 303
2656 303
2657 303
2658 303
2659 303
2660 303
2661 303
2672 303
2673 303
2674 303
2675 303
2676 303
2677 304
2678 304
2679 304
2680 304
2681 305
2682 305
2683 305
2684 305
2685 305
2686 305
2687 305
2688 305
2689 305
2690 305
2691 305
2702 305
2703 305
2704 305
2705 305
2706 305
2707 305
2708 305
2709 305
2710 305
2711 305
2722 305
2723 305
2724 305
2725 305
2726 305
2727 305
2728 305
2729 305
2730 305
2731 305
2742 304
2743 304
2744 304
2745 305
2746 305
2747 305
2748 305
2749 305
2750 305
2751 305
2752 305
2753 305
2754 305
2755 305
2766 305
2767 305
2768 305
2769 305
2770 305
2771 305
2772 305
2773 305
2774 305
2775 305
2786 305
2787 305
2788 305
2789 305
2790 305
2791 305
2792 305
2793 305
2794 305
2795 305
2806 306
2807 306
2808 306
2809 306
2810 306
2811 306
2812 306
2813 306
2814 306
2815 306
2826 306
2827 306
2828 306
2829 306
2830 306
2831 306
2832 306
2833 306
2834 306
2835 306
2846 305
2847 305
2848 305
2849 305
2850 305
2851 305
2852 305
2853 305
2854 305
2855 305
2866 305
2867 305
2868 305
2869 306
2870 306
2871 306
2872 306
2873 306
2874 306
2875 306
2876 306
2877 306
2878 306
2879 306
2890 305
2891 305
2892 305
2893 305
2894 305
2895 305
2896 305
2897 306
2898 306
2899 306
2900 306
2901 306
2902 306
2903 306
2904 306
2905 309
2906 309
2907 309
2908 309
2909 309
2910 309
2911 309
2912 309
2913 309
2914 309
2915 309
2926 309
2927 309
2928 309
2929 309
2930 309
2931 309
2932 309
2933 309
2934 309
2935 309
2946 309
2947 309
2948 309
2949 309
2950 309
2951 309
2952 309
2953 309
2954 309
2955 309
2966 308
2967 308
2968 308
2969 308
2970 308
2971 308
2972 308
2973 308
2974 308
2975 308
2986 307
2987 307
2988 307
2989 307
2990 307
2991 307
2992 307
2993 307
2994 307
2995 307
3006 308
3007 308
3008 308
3009 308
3010 308
3011 308
3012 308
3013 308
3014 308
3015 308
3026 310
3027 310
3028 310
3029 310
3030 310
3031 310
3032 310
3033 310
3034 310
3035 310
3046 309
3047 309
3048 309
3049 310
3050 310
3051 310
3052 310
3053 310
3054 310
3055 310
3056 310
3057 310
3058 310
3059 310
3070 308
3071 308
3072 311
3073 311
3074 311
3075 311
3076 311
3077 311
3078 311
3079 311
3080 311
3081 311
3082 311
3093 311
3094 311
3095 311
3096 311
3097 311
3098 311
3099 312
3100 312
3101 312
3102 312
3103 312
3104 312
3105 312
3106 312
3107 312
3108 312
3109 312
3120 311
3121 312
3122 312
3123 312
3124 312
3125 312
3126 312
3127 312
3128 312
3129 312
3130 312
3131 312
3142 312
3143 312
3144 312
3145 312
3146 312
3147 312
3148 312
3149 312
3150 312
3151 312
3162 312
3163 312
3164 312
3165 312
3166 312
3167 312
3168 312
3169 312
3170 312
3171 312
3182 310
3183 310
3184 310
3185 310
3186 310
3187 310
3188 310
3189 310
3190 310
3191 311
3192 311
3193 311
3194 311
3195 311
3196 311
3197 311
3198 311
3199 311
3200 311
3201 311
3212 309
3213 309
3214 310
3215 310
3216 310
3217 310
3218 310
3219 310
3220 310
3221 310
3222 310
3223 310
3224 310
3235 310
3236 310
3237 310
3238 310
3239 310
3240 310
3241 310
3242 310
3243 310
3244 311
3245 311
3246 311
3247 311
3248 311
3249 311
3250 311
3251 311
3252 311
3253 311
3254 311
3265 313
3266 313
3267 313
3268 313
3269 313
3270 313
3271 313
3272 313
3273 313
3274 313
3285 313
3286 313
3287 313
3288 313
3289 313
3290 313
3291 313
3292 313
3293 313
3294 313
3305 312
3306 312
3307 312
3308 312
3309 313
3310 313
3311 313
3312 313
3313 313
3314 313
3315 313
3316 313
3317 313
3318 313
3319 313
3330 312
3331 312
3332 312
3333 313
3334 313
3335 313
3336 313
3337 313
3338 313
3339 313
3340 313
3341 313
3342 313
3343 313
3354 313
3355 313
3356 313
3357 313
3358 313
3359 313
3360 313
3361 313
3362 313
3363 313
3374 313
3375 313
3376 313
3377 313
3378 313
3379 313
3380 313
3381 313
3382 313
3383 313
3394 312
3395 312
3396 312
3397 312
3398 312
3399 314
3400 314
3401 314
3402 314
3403 314
3404 314
3405 314
3406 314
3407 314
3408 314
3409 314
3420 314
3421 314
3422 314
3423 314
3424 314
3425 314
3426 314
3427 314
3428 314
3429 314
3440 313
3441 313
3442 313
3443 313
3444 313
3445 313
3446 313
3447 313
3448 313
3449 313
3460 312
3461 312
3462 312
3463 312
3464 312
3465 312
3466 312
3467 312
3468 312
3469 312
3480 311
3481 311
3482 311
3483 311
3484 311
3485 311
3486 311
3487 311
3488 311
3489 311
3500 310
3501 310
3502 310
3503 310
3504 310
3505 310
3506 310
3507 311
3508 311
3509 311
3510 311
3511 311
3512 311
3513 311
3514 311
3515 311
3516 311
3517 311
3528 311
3529 311
3530 311
3531 311
3532 311
3533 312
3534 312
3535 312
3536 312
3537 312
3538 312
3539 312
3540 312
3541 312
3542 312
3543 312
3554 313
3555 313
3556 313
3557 313
3558 314
3559 314
3560 314
3561 315
3562 315
3563 315
3564 315
3565 315
3566 315
3567 315
3568 315
3569 315
3570 315
3571 315
3582 314
3583 314
3584 314
3585 314
3586 314
3587 314
3588 314
3589 314
3590 314
3591 314
3602 312
3603 312
3604 313
3605 313
3606 314
3607 314
3608 316
3609 316
3610 316
3611 316
3612 316
3613 316
3614 316
3615 316
3616 316
3617 316
3618 316
3629 318
3630 318
3631 318
3632 318
3633 318
3634 318
3635 318
3636 318
3637 318
3638 318
3649 317
3650 317
3651 317
3652 317
3653 317
3654 317
3655 317
3656 317
3657 317
3658 317
3669 319
3670 319
3671 319
3672 319
3673 319
3674 319
3675 319
3676 319
3677 319
3678 319
3689 319
3690 319
3691 319
3692 319
3693 319
3694 319
3695 319
3696 319
3697 319
3698 319
3709 319
3710 319
3711 319
3712 319
3713 319
3714 319
3715 319
3716 319
3717 319
3718 319
3729 319
3730 319
3731 319
3732 319
3733 319
3734 319
3735 319
3736 319
3737 319
3738 319
3749 318
3750 318
3751 318
3752 318
3753 318
3754 318
3755 318
3756 318
3757 318
3758 318
3769 317
3770 317
3771 318
3772 318
3773 318
3774 318
3775 318
3776 318
3777 318
3778 318
3779 318
3780 318
3781 318
3792 318
3793 318
3794 318
3795 318
3796 318
3797 318
3798 318
3799 318
3800 318
3801 318
3812 318
3813 318
3814 318
3815 318
3816 318
3817 318
3818 318
3819 318
3820 318
3821 318
3832 319
3833 319
3834 319
3835 319
3836 319
3837 319
3838 319
3839 319
3840 319
3841 319
3852 316
3853 317
3854 317
3855 317
3856 317
3857 317
3858 317
3859 317
3860 317
3861 317
3862 317
3863 317
3874 317
3875 317
3876 317
3877 317
3878 317
3879 317
3880 317
3881 317
3882 317
3883 317
3894 316
3895 316
3896 316
3897 316
3898 316
3899 316
3900 316
3901 316
3902 316
3903 317
3904 317
3905 317
3906 317
3907 317
3908 317
3909 317
3910 317
3911 317
3912 317
3913 317
3924 317
3925 317
3926 317
3927 317
3928 317
3929 317
3930 317
3931 317
3932 317
3933 317
3944 316
3945 316
3946 316
3947 316
3948 316
3949 316
3950 316
3951 316
3952 316
3953 316
3964 315
3965 316
3966 316
3967 316
3968 316
3969 316
3970 316
3971 317
3972 317
3973 317
3974 317
3975 317
3976 317
3977 317
3978 317
3979 317
3980 317
3981 317
3992 317
3993 317
3994 317
3995 317
3996 317
3997 317
3998 317
3999 317
4000 317
4001 317
4012 317
4013 317
4014 317
4015 317
4016 317
4017 317
4018 317
4019 318
4020 318
4021 318
4022 318
4023 318
4024 318
4025 318
4026 318
4027 318
4028 319
4029 319
4030 319
4031 319
4032 319
4033 320
4034 320
4035 320
4036 320
4037 320
4038 320
4039 320
4040 320
4041 320
4042 320
4043 320
4054 319
4055 319
4056 319
4057 320
4058 320
4059 320
4060 320
4061 320
4062 320
4063 320
4064 320
4065 320
4066 320
4067 320
4078 320
4079 320
4080 320
4081 320
4082 320
4083 320
4084 320
4085 320
4086 320
4087 320
4098 320
4099 320
4100 320
4101 320
4102 320
4103 320
4104 320
4105 320
4106 320
4107 320
4118 319
4119 319
4120 319
4121 319
4122 319
4123 319
4124 319
4125 319
4126 319
4127 319
4138 315
4139 315
4140 315
4141 315
4142 315
4143 315
4144 315
4145 315
4146 315
4147 315
4158 316
4159 316
4160 316
4161 316
4162 316
4163 316
4164 316
4165 316
4166 316
4167 316
4178 315
4179 315
4180 315
4181 315
4182 315
4183 315
4184 315
4185 315
4186 315
4187 315
4198 315
4199 315
4200 315
4201 315
4202 315
4203 315
4204 315
4205 315
4206 315
4207 315
4218 314
4219 314
4220 314
4221 314
4222 314
4223 314
4224 314
4225 314
4226 314
4227 314
4238 313
4239 313
4240 313
4241 313
4242 313
4243 313
4244 313
4245 313
4246 313
4247 313
4258 313
4259 313
4260 313
4261 313
4262 313
4263 313
4264 313
4265 313
4266 313
4267 314
4268 314
4269 314
4270 314
4271 314
4272 314
4273 314
4274 314
4275 314
4276 314
4277 314
4288 314
4289 314
4290 314
4291 314
4292 314
4293 314
4294 314
4295 314
4296 314
4297 314
4308 314
4309 314
4310 314
4311 314
4312 314
4313 314
4314 314
4315 314
4316 314
4317 314
4328 312
4329 313
4330 313
4331 313
4332 313
4333 313
4334 313
4335 313
4336 313
4337 313
4338 313
4339 313
4350 312
4351 313
4352 313
4353 313
4354 313
4355 313
4356 313
4357 313
4358 313
4359 313
4360 313
4361 313
4372 313
4373 313
4374 313
4375 313
4376 313
4377 313
4378 313
4379 313
4380 313
4381 313
4392 314
4393 314
4394 315
4395 315
4396 315
4397 315
4398 315
4399 315
4400 315
4401 315
4402 315
4403 315
4404 315
4415 315
4416 315
4417 315
4418 315
4419 316
4420 316
4421 316
4422 316
4423 317
4424 317
4425 317
4426 317
4427 317
4428 318
4429 318
4430 318
4431 318
4432 318
4433 318
4434 318
4435 318
4436 318
4437 318
4438 318
4449 319
4450 319
4451 319
4452 319
4453 319
4454 319
4455 319
4456 319
4457 319
4458 319
4469 320
4470 320
4471 320
4472 320
4473 320
4474 320
4475 320
4476 320
4477 320
4478 320
4489 319
4490 319
4491 319
4492 319
4493 319
4494 319
4495 319
4496 319
4497 319
4498 319
4509 320
4510 320
4511 320
4512 320
4513 320
4514 320
4515 320
4516 320
4517 322
4518 322
4519 322
4520 322
4521 322
4522 322
4523 322
4524 322
4525 322
4526 323
4527 323
4528 323
4529 323
4530 323
4531 323
4532 323
4533 323
4534 323
4535 323
4536 323
4547 323
4548 323
4549 323
4550 323
4551 323
4552 323
4553 323
4554 323
4555 323
4556 323
4567 322
4568 322
4569 322
4570 322
4571 322
4572 322
4573 322
4574 322
4575 322
4576 322
4587 322
4588 322
4589 322
4590 322
4591 322
4592 322
4593 322
4594 322
4595 322
4596 322
4607 322
4608 322
4609 322
4610 322
4611 322
4612 322
4613 322
4614 322
4615 322
4616 322
4627 321
4628 321
4629 321
4630 321
4631 321
4632 321
4633 321
4634 321
4635 321
4636 321
4647 320
4648 320
4649 320
4650 320
4651 320
4652 320
4653 320
4654 320
4655 320
4656 320
4667 320
4668 320
4669 320
4670 320
4671 320
4672 320
4673 320
4674 320
4675 320
4676 320
4687 317
4688 317
4689 317
4690 317
4691 317
4692 317
4693 317
4694 317
4695 317
4696 317
4707 316
4708 316
4709 317
4710 317
4711 317
4712 317
4713 317
4714 318
4715 318
4716 318
4717 318
4718 318
4719 318
4720 318
4721 318
4722 318
4723 318
4724 318
4735 318
4736 318
4737 318
4738 318
4739 318
4740 318
4741 318
4742 318
4743 318
4744 318
4745 318
4756 318
4757 318
4758 318
4759 318
4760 318
4761 318
4762 318
4763 318
4764 318
4765 318
4776 317
4777 317
4778 317
4779 317
4780 317
4781 317
4782 317
4783 317
4784 318
4785 318
4786 318
4787 318
4788 318
4789 318
4790 318
4791 318
4792 318
4793 318
4794 319
4795 319
4796 319
4797 319
4798 319
4799 319
4800 319
4801 319
4802 320
4803 320
4804 320
4805 320
4806 320
4807 320
4808 320
4809 320
4810 320
4811 320
4812 320
4823 323
4824 323
4825 323
4826 323
4827 323
4828 323
4829 323
4830 323
4831 323
4832 323
4843 324
4844 324
4845 324
4846 324
4847 324
4848 324
4849 324
4850 324
4851 324
4852 324
4863 324
4864 324
4865 324
4866 324
4867 325
4868 325
4869 325
4870 325
4871 325
4872 325
4873 325
4874 325
4875 325
4876 325
4877 325
4888 325
4889 325
4890 325
4891 325
4892 325
4893 326
4894 326
4895 326
4896 326
4897 326
4898 326
4899 326
4900 326
4901 326
4902 326
4903 326
4914 326
4915 326
4916 326
4917 326
4918 326
4919 326
4920 326
4921 326
4922 326
4923 326
4934 325
4935 325
4936 325
4937 325
4938 325
4939 325
4940 326
4941 326
4942 326
4943 326
4944 326
4945 326
4946 326
4947 326
4948 326
4949 326
4950 326
4961 326
4962 327
4963 327
4964 327
4965 327
4966 327
4967 327
4968 327
4969 327
4970 327
4971 327
4972 327
4983 327
4984 327
4985 327
4986 327
4987 327
4988 327
4989 327
4990 327
4991 327
4992 327
