0 7
1 7
2 8
3 8
4 8
5 8
6 8
7 9
8 11
9 11
10 11
11 11
12 11
13 11
14 11
15 11
16 11
17 11
18 16
19 16
20 23
21 23
22 23
23 23
24 23
25 23
26 23
27 23
28 23
29 24
30 26
31 26
32 28
33 28
34 29
35 29
36 32
37 36
38 36
39 36
40 36
41 36
42 36
43 36
44 43
45 43
46 43
47 43
48 43
49 43
50 43
51 43
52 43
53 43
54 43
65 43
66 43
67 43
68 43
69 44
70 44
71 44
72 44
73 44
74 44
75 44
76 44
77 44
78 44
79 44
90 51
91 51
92 59
93 59
94 59
95 59
96 59
97 59
98 59
99 59
100 59
101 59
102 59
113 58
114 58
115 58
116 58
117 58
118 58
119 58
120 58
121 58
122 58
133 58
134 61
135 61
136 61
137 61
138 61
139 61
140 61
141 61
142 66
143 66
144 66
145 66
146 66
147 66
148 66
149 66
150 66
151 66
152 66
163 65
164 65
165 65
166 65
167 65
168 65
169 66
170 66
171 78
172 78
173 78
174 78
175 78
176 78
177 78
178 78
179 78
180 81
181 81
182 81
183 81
184 81
185 81
186 81
187 81
188 81
189 81
190 82
191 82
192 82
193 82
194 82
195 82
196 82
197 82
198 82
199 82
200 82
211 82
212 82
213 82
214 82
215 110
216 110
217 110
218 110
219 110
220 110
221 110
222 110
223 110
224 110
225 110
236 130
237 130
238 130
239 130
240 130
241 130
242 130
243 130
244 130
245 130
256 127
257 127
258 127
259 127
260 127
261 127
262 130
263 130
264 130
265 130
266 130
267 130
268 130
269 130
270 130
271 130
272 130
283 128
284 128
285 128
286 128
287 128
288 128
289 128
290 128
291 128
292 128
303 132
304 132
305 132
306 132
307 132
308 132
309 132
310 132
311 132
312 132
323 130
324 130
325 130
326 130
327 130
328 130
329 130
330 131
331 131
332 131
333 131
334 131
335 131
336 131
337 131
338 131
339 131
340 131
351 130
352 130
353 130
354 130
355 130
356 130
357 130
358 130
359 130
360 130
361 130
372 134
373 134
374 134
375 134
376 134
377 134
378 134
379 134
380 134
381 134
392 130
393 130
394 130
395 131
396 131
397 131
398 131
399 131
400 131
401 131
402 131
403 131
404 131
405 131
416 132
417 132
418 132
419 132
420 132
421 132
422 132
423 132
424 132
425 132
436 130
437 130
438 130
439 130
440 139
441 139
442 139
443 139
444 139
445 139
446 139
447 139
448 139
449 139
450 139
461 135
462 135
463 135
464 135
465 135
466 135
467 135
468 135
469 135
470 135
481 137
482 137
483 137
484 137
485 137
486 137
487 137
488 137
489 137
490 137
501 137
502 137
503 137
504 137
505 137
506 137
507 137
508 137
509 137
510 141
511 141
512 141
513 141
514 141
515 141
516 141
517 141
518 141
519 141
520 141
531 150
532 150
533 150
534 150
535 150
536 150
537 150
538 150
539 150
540 150
551 147
552 147
553 147
554 147
555 147
556 147
557 147
558 147
559 147
560 147
571 152
572 152
573 152
574 152
575 152
576 152
577 152
578 152
579 152
580 152
591 148
592 148
593 148
594 148
595 148
596 148
597 148
598 148
599 148
600 149
601 149
602 149
603 149
604 149
605 149
606 149
607 149
608 149
609 149
610 149
621 162
622 162
623 162
624 162
625 162
626 162
627 162
628 162
629 162
630 162
641 163
642 163
643 163
644 163
645 163
646 163
647 163
648 163
649 163
650 163
661 159
662 159
663 159
664 160
665 160
666 160
667 160
668 160
669 160
670 160
671 160
672 160
673 160
674 160
685 159
686 162
687 162
688 162
689 162
690 162
691 162
692 162
693 162
694 162
695 162
696 162
707 163
708 163
709 163
710 163
711 163
712 163
713 163
714 163
715 163
716 163
727 158
728 163
729 163
730 163
731 163
732 163
733 163
734 163
735 163
736 163
737 163
738 163
749 159
750 159
751 159
752 159
753 159
754 159
755 160
756 160
757 160
758 160
759 160
760 160
761 160
762 160
763 160
764 160
765 160
776 158
777 158
778 160
779 160
780 160
781 160
782 160
783 160
784 160
785 160
786 160
787 160
788 160
799 160
800 160
801 160
802 160
803 160
804 160
805 160
806 160
807 160
808 160
819 166
820 166
821 166
822 166
823 166
824 166
825 166
826 166
827 168
828 168
829 168
830 168
831 168
832 168
833 168
834 168
835 168
836 168
837 168
848 167
849 167
850 167
851 167
852 167
853 167
854 167
855 167
856 167
857 167
868 162
869 162
870 162
871 162
872 163
873 163
874 163
875 163
876 163
877 163
878 163
879 163
880 163
881 163
882 163
893 163
894 163
895 163
896 163
897 163
898 163
899 163
900 163
901 163
902 163
913 164
914 164
915 164
916 164
917 164
918 164
919 164
920 164
921 164
922 164
923 164
934 169
935 169
936 169
937 169
938 169
939 169
940 169
941 169
942 169
943 169
954 164
955 164
956 164
957 164
958 164
959 166
960 166
961 166
962 166
963 166
964 166
965 166
966 166
967 166
968 166
969 166
980 167
981 167
982 167
983 167
984 167
985 167
986 167
987 167
988 167
989 167
1000 166
1001 166
1002 166
1003 166
1004 166
1005 167
1006 167
1007 167
1008 167
1009 167
1010 167
1011 167
1012 167
1013 167
1014 167
1015 167
1026 165
1027 165
1028 165
1029 165
1030 165
1031 165
1032 165
1033 165
1034 165
1035 165
1046 165
1047 165
1048 165
1049 165
1050 165
1051 165
1052 165
1053 165
1054 165
1055 165
1066 167
1067 167
1068 167
1069 167
1070 167
1071 167
1072 167
1073 167
1074 167
1075 167
1086 165
1087 165
1088 165
1089 165
1090 165
1091 165
1092 165
1093 165
1094 165
1095 165
1106 170
1107 170
1108 170
1109 170
1110 170
1111 170
1112 170
1113 170
1114 170
1115 170
1126 165
1127 165
1128 165
1129 165
1130 165
1131 165
1132 165
1133 165
1134 165
1135 165
1146 163
1147 164
1148 164
1149 165
1150 165
1151 168
1152 168
1153 168
1154 168
1155 168
1156 168
1157 168
1158 168
1159 168
1160 168
1161 168
1172 164
1173 164
1174 165
1175 165
1176 165
1177 165
1178 165
1179 165
1180 165
1181 165
1182 165
1183 165
1184 165
1195 164
1196 164
1197 164
1198 164
1199 164
1200 164
1201 164
1202 164
1203 164
1204 164
1215 166
1216 166
1217 166
1218 166
1219 166
1220 166
1221 166
1222 166
1223 166
1224 166
1235 168
1236 168
1237 168
1238 168
1239 168
1240 168
1241 168
1242 168
1243 168
1244 168
1255 164
1256 164
1257 164
1258 164
1259 164
1260 164
1261 164
1262 164
1263 164
1264 164
1275 166
1276 166
1277 166
1278 166
1279 166
1280 166
1281 166
1282 166
1283 166
1284 166
1295 173
1296 173
1297 173
1298 173
1299 173
1300 173
1301 173
1302 173
1303 173
1304 173
1315 169
1316 169
1317 169
1318 169
1319 169
1320 169
1321 169
1322 169
1323 169
1324 169
1335 168
1336 169
1337 169
1338 169
1339 169
1340 169
1341 169
1342 169
1343 169
1344 169
1345 169
1346 169
1357 167
1358 167
1359 167
1360 168
1361 168
1362 168
1363 168
1364 168
1365 168
1366 168
1367 168
1368 168
1369 168
1370 168
1381 169
1382 169
1383 169
1384 169
1385 169
1386 169
1387 169
1388 169
1389 169
1390 169
1401 170
1402 170
1403 170
1404 170
1405 170
1406 170
1407 170
1408 170
1409 170
1410 170
1421 167
1422 167
1423 167
1424 167
1425 167
1426 168
1427 168
1428 168
1429 168
1430 168
1431 168
1432 168
1433 168
1434 168
1435 168
1436 168
1447 168
1448 168
1449 168
1450 168
1451 168
1452 168
1453 168
1454 168
1455 168
1456 168
1467 170
1468 170
1469 170
1470 170
1471 170
1472 170
1473 170
1474 170
1475 170
1476 170
1487 167
1488 167
1489 167
1490 167
1491 168
1492 170
1493 170
1494 170
1495 170
1496 170
1497 170
1498 170
1499 170
1500 170
1501 170
1502 170
1513 168
1514 168
1515 168
1516 168
1517 171
1518 171
1519 171
1520 171
1521 171
1522 172
1523 172
1524 172
1525 172
1526 172
1527 172
1528 172
1529 172
1530 172
1531 172
1532 172
1543 168
1544 168
1545 168
1546 168
1547 168
1548 168
1549 168
1550 168
1551 168
1552 168
1563 168
1564 168
1565 168
1566 168
1567 168
1568 168
1569 169
1570 169
1571 169
1572 169
1573 169
1574 169
1575 169
1576 169
1577 169
1578 169
1579 169
1590 167
1591 167
1592 167
1593 167
1594 167
1595 167
1596 167
1597 168
1598 168
1599 168
1600 168
1601 168
1602 168
1603 168
1604 168
1605 169
1606 169
1607 169
1608 169
1609 169
1610 169
1611 169
1612 169
1613 169
1614 169
1615 169
1626 174
1627 174
1628 174
1629 174
1630 174
1631 174
1632 174
1633 174
1634 174
1635 174
1646 170
1647 170
1648 170
1649 170
1650 170
1651 170
1652 170
1653 170
1654 170
1655 170
1666 167
1667 167
1668 167
1669 167
1670 169
1671 169
1672 169
1673 169
1674 169
1675 172
1676 172
1677 172
1678 172
1679 172
1680 172
1681 172
1682 172
1683 172
1684 172
1685 172
1696 169
1697 169
1698 169
1699 169
1700 169
1701 169
1702 172
1703 172
1704 172
1705 172
1706 172
1707 172
1708 172
1709 172
1710 172
1711 172
1712 172
1723 168
1724 168
1725 168
1726 168
1727 168
1728 168
1729 168
1730 168
1731 168
1732 168
1743 167
1744 168
1745 168
1746 168
1747 168
1748 168
1749 168
1750 168
1751 169
1752 169
1753 169
1754 169
1755 169
1756 169
1757 169
1758 169
1759 169
1760 169
1761 169
1772 169
1773 169
1774 169
1775 169
1776 169
1777 169
1778 169
1779 169
1780 169
1781 169
1782 169
1793 169
1794 169
1795 169
1796 169
1797 169
1798 169
1799 169
1800 169
1801 169
1802 169
1813 169
1814 169
1815 169
1816 169
1817 169
1818 169
1819 169
1820 170
1821 170
1822 170
1823 170
1824 170
1825 170
1826 170
1827 170
1828 170
1829 170
1830 170
1841 168
1842 168
1843 168
1844 170
1845 170
1846 170
1847 170
1848 170
1849 170
1850 170
1851 170
1852 170
1853 170
1854 170
1865 169
1866 169
1867 169
1868 169
1869 169
1870 169
1871 169
1872 169
1873 169
1874 169
1885 167
1886 167
1887 167
1888 167
1889 167
1890 167
1891 172
1892 172
1893 172
1894 172
1895 172
1896 172
1897 172
1898 172
1899 172
1900 172
1901 172
1912 167
1913 167
1914 167
1915 167
1916 167
1917 168
1918 168
1919 168
1920 168
1921 168
1922 168
1923 168
1924 168
1925 168
1926 168
1927 168
1938 168
1939 168
1940 168
1941 168
1942 168
1943 168
1944 168
1945 168
1946 168
1947 168
1958 167
1959 168
1960 168
1961 168
1962 168
1963 168
1964 168
1965 168
1966 168
1967 168
1968 168
1969 168
1980 170
1981 170
1982 170
1983 170
1984 170
1985 170
1986 170
1987 170
1988 170
1989 170
2000 170
2001 170
2002 170
2003 170
2004 170
2005 170
2006 170
2007 170
2008 170
2009 170
2020 169
2021 169
2022 169
2023 169
2024 169
2025 169
2026 169
2027 169
2028 169
2029 169
2040 172
2041 172
2042 172
2043 172
2044 172
2045 172
2046 172
2047 172
2048 172
2049 172
2060 168
2061 168
2062 168
2063 168
2064 168
2065 168
2066 168
2067 168
2068 168
2069 168
2070 168
2081 168
2082 168
2083 168
2084 169
2085 169
2086 169
2087 169
2088 169
2089 169
2090 169
2091 169
2092 169
2093 169
2094 169
2105 168
2106 168
2107 168
2108 168
2109 168
2110 168
2111 168
2112 168
2113 168
2114 168
2125 168
2126 169
2127 169
2128 170
2129 170
2130 170
2131 170
2132 170
2133 170
2134 170
2135 170
2136 170
2137 170
2138 170
2149 168
2150 168
2151 168
2152 168
2153 168
2154 168
2155 168
2156 168
2157 168
2158 168
2169 170
2170 170
2171 170
2172 170
2173 170
2174 170
2175 170
2176 170
2177 170
2178 170
2189 167
2190 167
2191 167
2192 167
2193 167
2194 167
2195 169
2196 169
2197 169
2198 169
2199 169
2200 169
2201 169
2202 169
2203 169
2204 169
2205 169
2216 170
2217 170
2218 170
2219 170
2220 170
2221 170
2222 170
2223 170
2224 170
2225 170
2236 168
2237 174
2238 174
2239 174
2240 174
2241 174
2242 174
2243 174
2244 174
2245 174
2246 174
2247 174
2258 168
2259 168
2260 168
2261 169
2262 169
2263 169
2264 169
2265 169
2266 169
2267 172
2268 172
2269 172
2270 172
2271 172
2272 172
2273 172
2274 172
2275 172
2276 172
2277 172
2288 167
2289 167
2290 167
2291 167
2292 167
2293 167
2294 167
2295 167
2296 167
2297 167
2308 174
2309 174
2310 174
2311 174
2312 174
2313 174
2314 174
2315 174
2316 174
2317 174
2328 170
2329 170
2330 170
2331 170
2332 170
2333 170
2334 170
2335 170
2336 170
2337 170
2348 168
2349 168
2350 168
2351 168
2352 168
2353 168
2354 168
2355 168
2356 168
2357 168
2368 167
2369 167
2370 167
2371 167
2372 167
2373 167
2374 167
2375 167
2376 167
2377 167
2388 168
2389 168
2390 168
2391 168
2392 168
2393 168
2394 168
2395 168
2396 168
2397 168
2408 169
2409 169
2410 169
2411 169
2412 169
2413 169
2414 169
2415 169
2416 169
2417 169
2428 170
2429 170
2430 170
2431 170
2432 170
2433 170
2434 170
2435 170
2436 170
2437 170
2448 168
2449 168
2450 168
2451 168
2452 168
2453 168
2454 168
2455 173
2456 173
2457 173
2458 173
2459 173
2460 173
2461 173
2462 173
2463 173
2464 173
2465 173
2476 169
2477 169
2478 169
2479 169
2480 169
2481 169
2482 169
2483 169
2484 169
2485 169
2496 168
2497 168
2498 172
2499 172
2500 172
2501 172
2502 172
2503 172
2504 172
2505 172
2506 172
2507 172
2508 172
2519 168
2520 168
2521 168
2522 168
2523 168
2524 168
2525 168
2526 168
2527 168
2528 168
2539 169
2540 169
2541 169
2542 169
2543 169
2544 174
2545 174
2546 174
2547 174
2548 174
2549 174
2550 174
2551 174
2552 174
2553 174
2554 174
2565 170
2566 170
2567 170
2568 170
2569 170
2570 170
2571 170
2572 170
2573 170
2574 170
2585 169
2586 169
2587 173
2588 173
2589 173
2590 173
2591 173
2592 173
2593 173
2594 173
2595 173
2596 173
2597 173
2608 167
2609 167
2610 167
2611 167
2612 167
2613 168
2614 168
2615 168
2616 168
2617 169
2618 169
2619 169
2620 169
2621 169
2622 169
2623 169
2624 169
2625 169
2626 169
2627 169
2638 173
2639 173
2640 173
2641 173
2642 173
2643 173
2644 173
2645 173
2646 173
2647 173
2658 168
2659 168
2660 168
2661 168
2662 168
2663 173
2664 173
2665 173
2666 173
2667 173
2668 173
2669 173
2670 173
2671 173
2672 174
2673 174
2674 174
2675 174
2676 174
2677 174
2678 174
2679 174
2680 174
2681 174
2682 174
2693 173
2694 173
2695 173
2696 173
2697 173
2698 173
2699 173
2700 173
2701 173
2702 173
2713 173
2714 173
2715 173
2716 173
2717 173
2718 173
2719 173
2720 173
2721 173
2722 173
2723 173
2734 168
2735 168
2736 168
2737 168
2738 168
2739 168
2740 168
2741 168
2742 168
2743 168
2754 167
2755 167
2756 169
2757 169
2758 169
2759 169
2760 169
2761 169
2762 169
2763 169
2764 169
2765 169
2766 169
2777 172
2778 172
2779 172
2780 172
2781 172
2782 172
2783 172
2784 172
2785 172
2786 172
2797 169
2798 169
2799 169
2800 169
2801 169
2802 169
2803 169
2804 169
2805 169
2806 173
2807 173
2808 173
2809 173
2810 173
2811 173
2812 173
2813 173
2814 173
2815 173
2816 173
2827 170
2828 170
2829 170
2830 170
2831 170
2832 170
2833 170
2834 170
2835 170
2836 170
2847 169
2848 169
2849 169
2850 169
2851 169
2852 169
2853 169
2854 169
2855 169
2856 169
2867 168
2868 168
2869 168
2870 168
2871 168
2872 168
2873 168
2874 168
2875 168
2876 168
2887 170
2888 170
2889 170
2890 170
2891 170
2892 170
2893 170
2894 170
2895 170
2896 170
2897 170
2908 168
2909 168
2910 168
2911 168
2912 168
2913 168
2914 168
2915 168
2916 168
2917 168
2928 168
2929 168
2930 168
2931 168
2932 173
2933 173
2934 173
2935 173
2936 173
2937 173
2938 173
2939 173
2940 173
2941 173
2942 173
2953 168
2954 172
2955 172
2956 173
2957 173
2958 173
2959 173
2960 173
2961 173
2962 173
2963 173
2964 173
2965 173
2966 173
2977 168
2978 169
2979 169
2980 169
2981 169
2982 169
2983 169
2984 169
2985 169
2986 169
2987 169
2988 169
2999 169
3000 169
3001 169
3002 169
3003 169
3004 169
3005 169
3006 169
3007 173
3008 173
3009 173
3010 173
3011 173
3012 173
3013 173
3014 173
3015 173
3016 173
3017 173
3028 170
3029 170
3030 170
3031 170
3032 170
3033 170
3034 170
3035 170
3036 170
3037 170
3048 168
3049 168
3050 168
3051 169
3052 169
3053 169
3054 169
3055 169
3056 169
3057 169
3058 169
3059 169
3060 169
3061 169
3072 174
3073 174
3074 174
3075 174
3076 174
3077 174
3078 174
3079 174
3080 174
3081 174
3092 167
3093 167
3094 167
3095 167
3096 169
3097 169
3098 169
3099 169
3100 169
3101 169
3102 169
3103 169
3104 169
3105 170
3106 170
3107 170
3108 170
3109 170
3110 170
3111 170
3112 170
3113 170
3114 170
3115 170
3126 168
3127 168
3128 168
3129 168
3130 168
3131 168
3132 168
3133 168
3134 168
3135 168
3146 173
3147 173
3148 173
3149 173
3150 173
3151 173
3152 173
3153 173
3154 173
3155 173
3166 168
3167 168
3168 168
3169 168
3170 168
3171 168
3172 168
3173 168
3174 168
3175 168
3186 169
3187 169
3188 169
3189 169
3190 169
3191 169
3192 169
3193 169
3194 169
3195 169
3206 167
3207 167
3208 167
3209 168
3210 168
3211 168
3212 168
3213 168
3214 168
3215 168
3216 168
3217 168
3218 168
3219 168
3230 168
3231 168
3232 168
3233 168
3234 168
3235 168
3236 169
3237 169
3238 169
3239 169
3240 169
3241 169
3242 170
3243 170
3244 170
3245 170
3246 170
3247 170
3248 170
3249 170
3250 170
3251 170
3252 170
3263 169
3264 169
3265 169
3266 169
3267 169
3268 169
3269 169
3270 169
3271 169
3272 169
3283 170
3284 170
3285 170
3286 170
3287 170
3288 170
3289 170
3290 170
3291 170
3292 170
3303 169
3304 169
3305 172
3306 172
3307 172
3308 172
3309 172
3310 172
3311 172
3312 172
3313 172
3314 172
3315 172
3326 167
3327 168
3328 168
3329 168
3330 168
3331 168
3332 170
3333 170
3334 170
3335 170
3336 170
3337 170
3338 170
3339 170
3340 170
3341 170
3342 170
3353 168
3354 168
3355 168
3356 168
3357 168
3358 169
3359 169
3360 169
3361 169
3362 169
3363 169
3364 169
3365 169
3366 169
3367 169
3368 169
3379 168
3380 170
3381 170
3382 170
3383 170
3384 170
3385 170
3386 170
3387 170
3388 170
3389 170
3390 170
3401 168
3402 168
3403 168
3404 168
3405 168
3406 168
3407 168
3408 168
3409 168
3410 168
3421 167
3422 167
3423 167
3424 167
3425 167
3426 168
3427 168
3428 168
3429 168
3430 168
3431 168
3432 168
3433 168
3434 168
3435 168
3436 168
3447 168
3448 168
3449 168
3450 168
3451 168
3452 168
3453 168
3454 168
3455 173
3456 173
3457 173
3458 173
3459 173
3460 173
3461 173
3462 173
3463 173
3464 173
3465 173
3476 170
3477 170
3478 170
3479 170
3480 170
3481 170
3482 170
3483 170
3484 170
3485 170
3496 170
3497 170
3498 170
3499 170
3500 170
3501 170
3502 170
3503 170
3504 170
3505 170
3516 169
3517 169
3518 169
3519 169
3520 169
3521 169
3522 169
3523 169
3524 169
3525 169
3536 174
3537 174
3538 174
3539 174
3540 174
3541 174
3542 174
3543 174
3544 174
3545 174
3556 172
3557 172
3558 172
3559 172
3560 172
3561 172
3562 172
3563 172
3564 172
3565 172
3576 172
3577 172
3578 172
3579 172
3580 172
3581 172
3582 172
3583 172
3584 172
3585 172
3596 167
3597 167
3598 167
3599 167
3600 167
3601 167
3602 167
3603 167
3604 167
3605 167
3616 168
3617 168
3618 168
3619 168
3620 168
3621 168
3622 168
3623 168
3624 168
3625 168
3636 169
3637 169
3638 169
3639 169
3640 169
3641 169
3642 169
3643 169
3644 169
3645 169
3646 169
3657 174
3658 174
3659 174
3660 174
3661 174
3662 174
3663 174
3664 174
3665 174
3666 174
3677 172
3678 172
3679 172
3680 172
3681 172
3682 172
3683 172
3684 172
3685 172
3686 172
3697 169
3698 169
3699 169
3700 169
3701 169
3702 169
3703 169
3704 169
3705 169
3706 169
3707 169
3718 169
3719 169
3720 169
3721 169
3722 169
3723 169
3724 169
3725 169
3726 169
3727 169
3738 169
3739 169
3740 169
3741 169
3742 169
3743 169
3744 169
3745 169
3746 169
3747 169
3758 168
3759 168
3760 168
3761 168
3762 168
3763 168
3764 168
3765 168
3766 168
3767 168
3778 168
3779 168
3780 169
3781 169
3782 169
3783 169
3784 169
3785 169
3786 169
3787 169
3788 169
3789 169
3790 169
3801 169
3802 169
3803 169
3804 169
3805 169
3806 169
3807 169
3808 170
3809 170
3810 170
3811 170
3812 170
3813 170
3814 170
3815 170
3816 170
3817 170
3818 170
3829 166
3830 166
3831 166
3832 166
3833 166
3834 166
3835 166
3836 166
3837 166
3838 166
3849 167
3850 167
3851 167
3852 167
3853 167
3854 169
3855 169
3856 169
3857 169
3858 169
3859 169
3860 169
3861 169
3862 169
3863 169
3864 169
3875 169
3876 169
3877 169
3878 169
3879 169
3880 169
3881 169
3882 169
3883 169
3884 169
3895 166
3896 166
3897 166
3898 166
3899 166
3900 166
3901 166
3902 168
3903 168
3904 168
3905 168
3906 168
3907 168
3908 168
3909 168
3910 168
3911 168
3912 168
3923 169
3924 169
3925 169
3926 169
3927 169
3928 169
3929 169
3930 169
3931 169
3932 169
3943 168
3944 168
3945 168
3946 168
3947 168
3948 171
3949 171
3950 171
3951 171
3952 171
3953 171
3954 171
3955 171
3956 171
3957 171
3958 171
3969 167
3970 167
3971 167
3972 167
3973 167
3974 167
3975 167
3976 167
3977 167
3978 167
3989 169
3990 169
3991 169
3992 169
3993 169
3994 169
3995 169
3996 169
3997 169
3998 169
4009 171
4010 171
4011 171
4012 171
4013 171
4014 171
4015 171
4016 171
4017 171
4018 171
4029 167
4030 167
4031 169
4032 169
4033 169
4034 169
4035 169
4036 169
4037 169
4038 174
4039 174
4040 174
4041 174
4042 174
4043 174
4044 174
4045 174
4046 174
4047 174
4048 174
4059 168
4060 168
4061 168
4062 168
4063 168
4064 168
4065 168
4066 168
4067 168
4068 168
4079 167
4080 167
4081 167
4082 167
4083 168
4084 168
4085 168
4086 168
4087 168
4088 168
4089 168
4090 168
4091 168
4092 168
4093 168
4104 170
4105 170
4106 170
4107 173
4108 173
4109 173
4110 173
4111 173
4112 173
4113 173
4114 173
4115 173
4116 173
4117 173
4128 168
4129 168
4130 168
4131 168
4132 168
4133 168
4134 168
4135 168
4136 168
4137 168
4148 167
4149 167
4150 167
4151 167
4152 167
4153 167
4154 167
4155 167
4156 167
4157 167
4168 170
4169 170
4170 170
4171 170
4172 170
4173 170
4174 170
4175 170
4176 170
4177 170
4188 170
4189 170
4190 170
4191 170
4192 170
4193 170
4194 170
4195 170
4196 170
4197 170
4208 168
4209 168
4210 168
4211 168
4212 168
4213 168
4214 168
4215 168
4216 168
4217 168
4228 168
4229 168
4230 168
4231 168
4232 168
4233 168
4234 168
4235 168
4236 168
4237 168
4248 167
4249 167
4250 167
4251 167
4252 167
4253 167
4254 168
4255 168
4256 168
4257 168
4258 168
4259 169
4260 169
4261 169
4262 169
4263 169
4264 169
4265 169
4266 169
4267 169
4268 169
4269 169
4280 169
4281 169
4282 169
4283 169
4284 169
4285 169
4286 169
4287 169
4288 169
4289 169
4300 172
4301 172
4302 172
4303 172
4304 172
4305 172
4306 172
4307 172
4308 172
4309 172
4320 170
4321 170
4322 170
4323 170
4324 170
4325 170
4326 170
4327 170
4328 170
4329 170
4340 169
4341 169
4342 169
4343 169
4344 169
4345 169
4346 169
4347 169
4348 169
4349 169
4360 169
4361 169
4362 169
4363 169
4364 169
4365 169
4366 169
4367 169
4368 169
4369 169
4370 169
4381 167
4382 167
4383 167
4384 167
4385 167
4386 168
4387 168
4388 168
4389 168
4390 168
4391 168
4392 168
4393 168
4394 168
4395 168
4396 168
4407 168
4408 168
4409 168
4410 168
4411 168
4412 168
4413 168
4414 168
4415 168
4416 168
4427 168
4428 168
4429 168
4430 168
4431 168
4432 168
4433 168
4434 168
4435 168
4436 174
4437 174
4438 174
4439 174
4440 174
4441 174
4442 174
4443 174
4444 174
4445 174
4446 174
4457 168
4458 168
4459 168
4460 168
4461 168
4462 168
4463 168
4464 170
4465 170
4466 170
4467 170
4468 170
4469 170
4470 170
4471 170
4472 170
4473 170
4474 170
4485 168
4486 168
4487 168
4488 168
4489 168
4490 168
4491 168
4492 168
4493 168
4494 168
4505 169
4506 169
4507 169
4508 169
4509 169
4510 169
4511 169
4512 169
4513 169
4514 169
4525 167
4526 167
4527 167
4528 167
4529 167
4530 173
4531 173
4532 173
4533 173
4534 173
4535 173
4536 173
4537 173
4538 173
4539 173
4540 173
4551 169
4552 169
4553 169
4554 169
4555 169
4556 169
4557 169
4558 169
4559 169
4560 169
4571 173
4572 173
4573 173
4574 173
4575 173
4576 173
4577 173
4578 173
4579 173
4580 173
4591 167
4592 167
4593 167
4594 167
4595 167
4596 167
4597 167
4598 167
4599 167
4600 167
4611 166
4612 166
4613 167
4614 167
4615 167
4616 167
4617 167
4618 167
4619 167
4620 167
4621 167
4622 168
4623 168
4624 168
4625 168
4626 168
4627 168
4628 168
4629 168
4630 168
4631 168
4632 168
4643 166
4644 166
4645 166
4646 166
4647 166
4648 166
4649 166
4650 166
4651 166
4652 166
4663 167
4664 167
4665 167
4666 167
4667 167
4668 167
4669 167
4670 167
4671 167
4672 167
4683 167
4684 167
4685 167
4686 167
4687 167
4688 167
4689 167
4690 167
4691 170
4692 171
4693 171
4694 171
4695 171
4696 171
4697 171
4698 171
4699 171
4700 171
4701 171
4702 171
4713 166
4714 166
4715 166
4716 166
4717 166
4718 166
4719 166
4720 167
4721 167
4722 167
4723 167
4724 167
4725 167
4726 167
4727 167
4728 167
4729 167
4730 167
4741 166
4742 166
4743 166
4744 166
4745 166
4746 166
4747 173
4748 173
4749 173
4750 173
4751 173
4752 173
4753 173
4754 173
4755 173
4756 173
4757 173
4768 172
4769 172
4770 172
4771 172
4772 172
4773 172
4774 172
4775 172
4776 172
4777 172
4788 170
4789 170
4790 170
4791 170
4792 170
4793 170
4794 170
4795 170
4796 170
4797 170
4808 167
4809 167
4810 167
4811 167
4812 167
4813 167
4814 167
4815 167
4816 167
4817 167
4828 172
4829 172
4830 172
4831 172
4832 172
4833 172
4834 172
4835 172
4836 172
4837 172
4848 169
4849 169
4850 169
4851 169
4852 169
4853 169
4854 169
4855 169
4856 169
4857 171
4858 171
4859 171
4860 171
4861 171
4862 171
4863 171
4864 171
4865 171
4866 171
4867 171
4878 172
4879 172
4880 172
4881 172
4882 172
4883 172
4884 172
4885 172
4886 172
4887 172
4898 168
4899 168
4900 168
4901 168
4902 168
4903 168
4904 168
4905 168
4906 170
4907 170
4908 170
4909 170
4910 170
4911 170
4912 170
4913 170
4914 170
4915 170
4916 170
4927 174
4928 174
4929 174
4930 174
4931 174
4932 174
4933 174
4934 174
4935 174
4936 174
4947 167
4948 168
4949 168
4950 168
4951 168
4952 168
4953 168
4954 168
4955 168
4956 168
4957 168
4958 168
4969 173
4970 173
4971 173
4972 173
4973 173
4974 173
4975 173
4976 173
4977 173
4978 173
4979 173
4990 172
4991 172
4992 172
4993 172
4994 172
4995 172
4996 172
4997 172
4998 172
4999 172
