0 1
1 1
2 1
3 18
4 19
5 20
6 20
7 20
8 20
9 20
10 20
11 20
12 20
13 20
14 20
15 46
16 46
17 48
18 48
19 57
20 57
21 58
22 58
23 58
24 58
25 59
26 59
27 59
28 61
29 61
30 62
31 62
32 62
33 62
34 62
35 62
36 62
37 62
38 62
39 62
40 62
51 64
52 64
53 64
54 64
55 64
56 64
57 64
58 64
59 64
60 64
71 66
72 66
73 66
74 66
75 67
76 67
77 67
78 67
79 67
80 81
81 81
82 81
83 81
84 81
85 81
86 81
87 81
88 81
89 81
90 81
101 81
102 81
103 81
104 81
105 82
106 82
107 86
108 86
109 86
110 88
111 90
112 90
113 93
114 93
115 93
116 93
117 93
118 93
119 93
120 93
121 93
122 93
123 93
134 97
135 97
136 97
137 97
138 97
139 97
140 97
141 97
142 97
143 98
144 98
145 98
146 98
147 98
148 98
149 98
150 98
151 98
152 98
153 98
164 98
165 98
166 98
167 98
168 98
169 98
170 98
171 98
172 98
173 98
184 97
185 97
186 97
187 97
188 97
189 97
190 97
191 97
192 97
193 97
204 97
205 97
206 97
207 97
208 97
209 97
210 97
211 97
212 98
213 98
214 98
215 99
216 99
217 99
218 99
219 99
220 99
221 99
222 99
223 99
224 99
225 99
236 98
237 99
238 99
239 99
240 99
241 99
242 99
243 99
244 99
245 104
246 104
247 110
248 110
249 110
250 110
251 110
252 110
253 110
254 110
255 110
256 110
257 110
268 131
269 131
270 131
271 131
272 131
273 131
274 131
275 131
276 131
277 131
288 130
289 130
290 130
291 130
292 130
293 130
294 130
295 130
296 130
297 130
308 131
309 131
310 131
311 131
312 131
313 136
314 142
315 142
316 142
317 142
318 142
319 151
320 151
321 151
322 151
323 151
324 151
325 151
326 151
327 151
328 151
329 151
340 149
341 149
342 149
343 149
344 149
345 149
346 149
347 149
348 149
349 149
360 148
361 154
362 154
363 154
364 154
365 154
366 154
367 154
368 154
369 154
370 154
371 154
382 150
383 150
384 150
385 150
386 150
387 150
388 150
389 150
390 150
391 150
402 150
403 150
404 150
405 150
406 150
407 150
408 150
409 152
410 152
411 152
412 152
413 152
414 152
415 152
416 152
417 152
418 152
419 152
430 152
431 152
432 152
433 152
434 152
435 152
436 152
437 152
438 152
439 152
450 151
451 151
452 153
453 153
454 153
455 155
456 155
457 155
458 155
459 155
460 155
461 155
462 155
463 155
464 155
465 155
476 155
477 155
478 155
479 155
480 155
481 155
482 155
483 155
484 155
485 155
496 152
497 153
498 153
499 157
500 157
501 159
502 159
503 159
504 159
505 159
506 159
507 159
508 159
509 159
510 159
511 159
522 155
523 155
524 155
525 155
526 155
527 155
528 155
529 155
530 155
531 155
542 155
543 155
544 155
545 155
546 155
547 155
548 157
549 157
550 157
551 157
552 157
553 157
554 157
555 157
556 157
557 157
558 157
569 155
570 155
571 157
572 157
573 157
574 157
575 157
576 157
577 158
578 158
579 158
580 158
581 158
582 158
583 158
584 158
585 158
586 158
587 158
598 157
599 157
600 157
601 157
602 157
603 157
604 157
605 157
606 157
607 157
618 155
619 155
620 155
621 155
622 159
623 159
624 159
625 159
626 159
627 159
628 159
629 159
630 159
631 159
632 159
643 156
644 156
645 156
646 156
647 156
648 156
649 162
650 162
651 162
652 162
653 162
654 162
655 162
656 162
657 162
658 162
659 162
670 159
671 159
672 159
673 159
674 159
675 159
676 159
677 159
678 159
679 159
690 158
691 158
692 158
693 158
694 158
695 158
696 158
697 158
698 158
699 158
700 158
711 157
712 157
713 157
714 159
715 161
716 161
717 161
718 161
719 161
720 161
721 161
722 161
723 161
724 161
725 162
726 162
727 162
728 162
729 162
730 162
731 162
732 162
733 162
734 162
735 162
746 158
747 158
748 158
749 158
750 158
751 158
752 158
753 158
754 158
755 158
766 160
767 160
768 160
769 160
770 160
771 160
772 160
773 160
774 160
775 160
786 157
787 157
788 157
789 158
790 158
791 158
792 158
793 160
794 160
795 160
796 160
797 160
798 160
799 160
800 160
801 160
802 160
803 160
814 160
815 160
816 160
817 160
818 160
819 160
820 160
821 160
822 160
823 160
834 160
835 160
836 160
837 160
838 160
839 160
840 160
841 160
842 160
843 160
854 159
855 160
856 160
857 160
858 160
859 160
860 160
861 160
862 160
863 160
864 160
865 160
876 157
877 157
878 157
879 157
880 157
881 157
882 158
883 158
884 158
885 158
886 158
887 158
888 159
889 159
890 159
891 159
892 159
893 159
894 164
895 164
896 164
897 164
898 164
899 164
900 164
901 164
902 164
903 164
904 164
915 158
916 158
917 158
918 158
919 158
920 158
921 158
922 158
923 158
924 158
935 161
936 161
937 161
938 161
939 161
940 161
941 161
942 161
943 161
944 161
955 158
956 158
957 158
958 158
959 158
960 158
961 158
962 158
963 158
964 158
975 158
976 158
977 161
978 161
979 161
980 161
981 161
982 161
983 161
984 161
985 161
986 161
987 161
998 163
999 163
1000 163
1001 163
1002 163
1003 163
1004 163
1005 163
1006 163
1007 163
1018 158
1019 159
1020 159
1021 159
1022 159
1023 159
1024 159
1025 159
1026 159
1027 159
1028 159
1029 159
1040 162
1041 162
1042 162
1043 162
1044 162
1045 162
1046 162
1047 162
1048 162
1049 162
1060 163
1061 163
1062 163
1063 163
1064 163
1065 167
1066 167
1067 167
1068 167
1069 167
1070 167
1071 167
1072 167
1073 167
1074 167
1075 167
1086 160
1087 160
1088 160
1089 160
1090 160
1091 160
1092 160
1093 160
1094 165
1095 165
1096 165
1097 165
1098 165
1099 165
1100 165
1101 167
1102 167
1103 167
1104 167
1105 167
1106 167
1107 167
1108 167
1109 167
1110 167
1111 167
1122 163
1123 163
1124 163
1125 163
1126 163
1127 163
1128 163
1129 163
1130 163
1131 163
1142 160
1143 160
1144 160
1145 162
1146 162
1147 162
1148 162
1149 162
1150 162
1151 162
1152 162
1153 162
1154 162
1155 162
1166 162
1167 162
1168 162
1169 162
1170 162
1171 162
1172 162
1173 162
1174 162
1175 162
1186 160
1187 160
1188 160
1189 160
1190 160
1191 160
1192 160
1193 160
1194 160
1195 160
1206 165
1207 165
1208 165
1209 165
1210 165
1211 165
1212 165
1213 165
1214 165
1215 165
1226 161
1227 161
1228 161
1229 161
1230 161
1231 161
1232 161
1233 161
1234 161
1235 161
1246 165
1247 165
1248 165
1249 165
1250 165
1251 165
1252 165
1253 165
1254 165
1255 165
1266 162
1267 162
1268 162
1269 162
1270 162
1271 162
1272 162
1273 162
1274 162
1275 162
1286 163
1287 163
1288 163
1289 163
1290 163
1291 163
1292 163
1293 163
1294 163
1295 163
1306 160
1307 160
1308 160
1309 163
1310 163
1311 163
1312 163
1313 163
1314 163
1315 163
1316 163
1317 163
1318 163
1319 163
1330 160
1331 160
1332 160
1333 160
1334 160
1335 161
1336 161
1337 161
1338 161
1339 161
1340 161
1341 161
1342 161
1343 163
1344 163
1345 163
1346 163
1347 163
1348 163
1349 167
1350 167
1351 167
1352 167
1353 167
1354 167
1355 167
1356 167
1357 167
1358 167
1359 167
1370 160
1371 162
1372 162
1373 162
1374 163
1375 163
1376 163
1377 163
1378 163
1379 163
1380 163
1381 163
1382 163
1383 163
1384 163
1395 161
1396 161
1397 161
1398 161
1399 161
1400 161
1401 161
1402 161
1403 161
1404 161
1415 162
1416 162
1417 162
1418 162
1419 162
1420 165
1421 165
1422 165
1423 165
1424 165
1425 165
1426 165
1427 165
1428 165
1429 165
1430 165
1441 165
1442 165
1443 165
1444 165
1445 165
1446 165
1447 165
1448 165
1449 165
1450 165
1461 161
1462 161
1463 161
1464 161
1465 161
1466 162
1467 162
1468 162
1469 162
1470 162
1471 162
1472 162
1473 162
1474 162
1475 162
1476 162
1487 162
1488 162
1489 162
1490 162
1491 162
1492 166
1493 166
1494 166
1495 166
1496 166
1497 166
1498 166
1499 166
1500 166
1501 166
1502 166
1513 161
1514 165
1515 165
1516 165
1517 165
1518 165
1519 165
1520 165
1521 165
1522 165
1523 165
1524 165
1535 160
1536 160
1537 160
1538 160
1539 161
1540 161
1541 161
1542 163
1543 163
1544 163
1545 163
1546 163
1547 163
1548 163
1549 163
1550 163
1551 163
1552 163
1563 162
1564 162
1565 162
1566 162
1567 162
1568 162
1569 162
1570 162
1571 162
1572 162
1583 166
1584 166
1585 166
1586 166
1587 166
1588 166
1589 166
1590 166
1591 166
1592 166
1603 163
1604 163
1605 163
1606 163
1607 163
1608 163
1609 163
1610 163
1611 163
1612 163
1623 161
1624 161
1625 161
1626 161
1627 161
1628 161
1629 161
1630 161
1631 161
1632 161
1643 161
1644 161
1645 161
1646 161
1647 161
1648 161
1649 161
1650 161
1651 161
1652 161
1663 163
1664 163
1665 163
1666 163
1667 163
1668 163
1669 163
1670 163
1671 163
1672 163
1683 162
1684 162
1685 162
1686 162
1687 162
1688 162
1689 162
1690 162
1691 162
1692 162
1703 161
1704 161
1705 161
1706 161
1707 161
1708 161
1709 161
1710 161
1711 161
1712 161
1723 160
1724 160
1725 160
1726 160
1727 160
1728 160
1729 160
1730 162
1731 162
1732 162
1733 162
1734 162
1735 162
1736 162
1737 162
1738 162
1739 162
1740 162
1751 167
1752 167
1753 167
1754 167
1755 167
1756 167
1757 167
1758 167
1759 167
1760 167
1771 160
1772 160
1773 160
1774 161
1775 161
1776 161
1777 161
1778 161
1779 161
1780 161
1781 161
1782 161
1783 161
1784 165
1785 165
1786 165
1787 165
1788 165
1789 165
1790 165
1791 165
1792 165
1793 165
1794 165
1805 161
1806 161
1807 161
1808 161
1809 161
1810 161
1811 161
1812 161
1813 161
1814 163
1815 163
1816 163
1817 163
1818 163
1819 163
1820 163
1821 170
1822 170
1823 170
1824 170
1825 170
1826 170
1827 170
1828 170
1829 170
1830 170
1831 170
1842 168
1843 168
1844 168
1845 168
1846 168
1847 168
1848 168
1849 168
1850 168
1851 168
1862 166
1863 166
1864 166
1865 166
1866 166
1867 166
1868 166
1869 166
1870 166
1871 166
1882 166
1883 166
1884 166
1885 166
1886 166
1887 166
1888 166
1889 166
1890 166
1891 166
1892 166
1903 163
1904 163
1905 163
1906 164
1907 164
1908 164
1909 164
1910 164
1911 164
1912 164
1913 164
1914 164
1915 164
1916 164
1927 169
1928 169
1929 169
1930 169
1931 169
1932 169
1933 169
1934 169
1935 169
1936 169
1947 163
1948 163
1949 163
1950 163
1951 163
1952 163
1953 163
1954 163
1955 163
1956 163
1967 164
1968 164
1969 164
1970 164
1971 164
1972 164
1973 164
1974 164
1975 164
1976 164
1987 164
1988 164
1989 164
1990 168
1991 168
1992 168
1993 168
1994 168
1995 168
1996 168
1997 168
1998 168
1999 168
2000 168
2011 163
2012 163
2013 163
2014 163
2015 163
2016 163
2017 163
2018 163
2019 163
2020 163
2031 169
2032 169
2033 169
2034 169
2035 169
2036 169
2037 169
2038 169
2039 169
2040 169
2051 168
2052 168
2053 168
2054 168
2055 168
2056 168
2057 168
2058 168
2059 168
2060 168
2071 165
2072 165
2073 165
2074 165
2075 165
2076 170
2077 170
2078 170
2079 170
2080 170
2081 170
2082 170
2083 170
2084 170
2085 170
2086 170
2097 169
2098 169
2099 169
2100 169
2101 169
2102 169
2103 169
2104 169
2105 169
2106 169
2117 164
2118 164
2119 164
2120 164
2121 164
2122 164
2123 164
2124 164
2125 164
2126 164
2137 163
2138 163
2139 163
2140 163
2141 163
2142 163
2143 163
2144 164
2145 164
2146 164
2147 164
2148 164
2149 164
2150 164
2151 164
2152 164
2153 164
2154 164
2165 165
2166 165
2167 165
2168 165
2169 165
2170 165
2171 165
2172 165
2173 165
2174 165
2185 164
2186 164
2187 164
2188 164
2189 164
2190 164
2191 164
2192 164
2193 165
2194 165
2195 165
2196 165
2197 165
2198 165
2199 165
2200 165
2201 167
2202 167
2203 167
2204 167
2205 167
2206 167
2207 167
2208 167
2209 167
2210 167
2211 167
2222 166
2223 166
2224 166
2225 166
2226 166
2227 166
2228 166
2229 166
2230 166
2231 166
2242 164
2243 164
2244 164
2245 164
2246 164
2247 164
2248 166
2249 166
2250 166
2251 166
2252 166
2253 166
2254 166
2255 170
2256 170
2257 170
2258 170
2259 170
2260 170
2261 170
2262 170
2263 170
2264 170
2265 170
2276 165
2277 165
2278 165
2279 165
2280 165
2281 165
2282 165
2283 165
2284 165
2285 165
2296 165
2297 165
2298 165
2299 165
2300 165
2301 165
2302 165
2303 165
2304 165
2305 165
2316 165
2317 165
2318 165
2319 165
2320 165
2321 165
2322 165
2323 165
2324 165
2325 165
2336 163
2337 163
2338 163
2339 164
2340 164
2341 164
2342 164
2343 164
2344 164
2345 164
2346 164
2347 164
2348 164
2349 164
2360 163
2361 163
2362 164
2363 164
2364 164
2365 164
2366 164
2367 164
2368 164
2369 164
2370 164
2371 164
2372 164
2383 163
2384 163
2385 163
2386 164
2387 165
2388 165
2389 165
2390 165
2391 165
2392 165
2393 165
2394 165
2395 165
2396 165
2397 165
2408 166
2409 166
2410 166
2411 166
2412 166
2413 166
2414 166
2415 166
2416 166
2417 166
2428 165
2429 165
2430 165
2431 165
2432 165
2433 165
2434 165
2435 165
2436 165
2437 165
2448 166
2449 166
2450 166
2451 166
2452 166
2453 166
2454 166
2455 166
2456 166
2457 166
2468 163
2469 163
2470 163
2471 163
2472 164
2473 164
2474 164
2475 164
2476 164
2477 164
2478 164
2479 164
2480 164
2481 164
2482 164
2493 164
2494 164
2495 164
2496 164
2497 164
2498 164
2499 164
2500 164
2501 164
2502 164
2513 163
2514 163
2515 163
2516 163
2517 163
2518 163
2519 163
2520 163
2521 163
2522 163
2533 165
2534 165
2535 165
2536 165
2537 165
2538 165
2539 165
2540 165
2541 165
2542 165
2553 165
2554 165
2555 165
2556 165
2557 165
2558 165
2559 165
2560 165
2561 165
2562 165
2563 165
2574 166
2575 166
2576 166
2577 166
2578 166
2579 166
2580 166
2581 166
2582 166
2583 166
2594 166
2595 166
2596 170
2597 170
2598 170
2599 170
2600 170
2601 170
2602 170
2603 170
2604 170
2605 170
2606 170
2617 165
2618 165
2619 165
2620 165
2621 165
2622 165
2623 165
2624 165
2625 165
2626 165
2637 165
2638 165
2639 165
2640 165
2641 165
2642 165
2643 165
2644 165
2645 165
2646 165
2657 169
2658 169
2659 169
2660 169
2661 169
2662 169
2663 169
2664 169
2665 169
2666 169
2677 162
2678 162
2679 162
2680 162
2681 162
2682 164
2683 164
2684 164
2685 164
2686 164
2687 164
2688 164
2689 164
2690 164
2691 164
2692 164
2703 165
2704 165
2705 165
2706 165
2707 165
2708 165
2709 165
2710 165
2711 165
2712 165
2713 165
2724 164
2725 164
2726 164
2727 164
2728 164
2729 164
2730 164
2731 164
2732 164
2733 165
2734 165
2735 165
2736 165
2737 165
2738 165
2739 165
2740 165
2741 165
2742 165
2743 165
2754 163
2755 163
2756 163
2757 163
2758 163
2759 163
2760 163
2761 163
2762 163
2763 163
2774 164
2775 164
2776 164
2777 164
2778 164
2779 164
2780 164
2781 164
2782 164
2783 164
2794 165
2795 165
2796 165
2797 165
2798 165
2799 165
2800 165
2801 165
2802 165
2803 165
2814 162
2815 162
2816 162
2817 162
2818 163
2819 163
2820 163
2821 163
2822 168
2823 168
2824 168
2825 168
2826 168
2827 168
2828 168
2829 168
2830 168
2831 168
2832 168
2843 169
2844 169
2845 169
2846 169
2847 169
2848 169
2849 169
2850 169
2851 169
2852 169
2853 169
2864 165
2865 165
2866 165
2867 165
2868 165
2869 165
2870 165
2871 165
2872 165
2873 165
2884 166
2885 166
2886 166
2887 166
2888 166
2889 166
2890 166
2891 166
2892 166
2893 166
2904 165
2905 165
2906 165
2907 165
2908 165
2909 165
2910 165
2911 165
2912 165
2913 165
2924 165
2925 165
2926 165
2927 165
2928 165
2929 165
2930 165
2931 165
2932 165
2933 165
2944 163
2945 163
2946 163
2947 163
2948 163
2949 163
2950 163
2951 163
2952 163
2953 164
2954 164
2955 164
2956 164
2957 164
2958 164
2959 164
2960 164
2961 164
2962 164
2963 164
2974 170
2975 170
2976 170
2977 170
2978 170
2979 170
2980 170
2981 170
2982 170
2983 170
2994 165
2995 165
2996 165
2997 165
2998 165
2999 165
3000 165
3001 165
3002 165
3003 165
3014 167
3015 167
3016 167
3017 167
3018 167
3019 167
3020 167
3021 167
3022 167
3023 167
3034 168
3035 168
3036 168
3037 168
3038 168
3039 168
3040 168
3041 168
3042 168
3043 168
3054 163
3055 163
3056 163
3057 163
3058 163
3059 163
3060 164
3061 165
3062 165
3063 165
3064 165
3065 165
3066 165
3067 165
3068 165
3069 165
3070 165
3071 165
3082 165
3083 165
3084 165
3085 165
3086 165
3087 165
3088 165
3089 165
3090 165
3091 165
3102 165
3103 165
3104 165
3105 165
3106 165
3107 165
3108 165
3109 165
3110 165
3111 165
3122 165
3123 165
3124 165
3125 165
3126 165
3127 165
3128 165
3129 165
3130 165
3131 165
3142 165
3143 165
3144 165
3145 165
3146 165
3147 165
3148 165
3149 165
3150 165
3151 165
3152 165
3163 168
3164 168
3165 168
3166 168
3167 168
3168 168
3169 168
3170 168
3171 168
3172 168
3183 165
3184 165
3185 165
3186 165
3187 165
3188 165
3189 165
3190 165
3191 165
3192 166
3193 166
3194 166
3195 166
3196 166
3197 166
3198 166
3199 166
3200 166
3201 166
3202 166
3213 168
3214 168
3215 168
3216 168
3217 168
3218 168
3219 168
3220 168
3221 168
3222 168
3233 169
3234 169
3235 169
3236 169
3237 169
3238 169
3239 169
3240 169
3241 169
3242 169
3243 169
3254 164
3255 164
3256 164
3257 164
3258 164
3259 164
3260 165
3261 165
3262 165
3263 165
3264 165
3265 165
3266 165
3267 165
3268 165
3269 165
3270 165
3281 165
3282 165
3283 165
3284 165
3285 165
3286 165
3287 165
3288 165
3289 165
3290 165
3301 164
3302 164
3303 164
3304 164
3305 164
3306 164
3307 164
3308 164
3309 164
3310 164
3321 164
3322 164
3323 164
3324 164
3325 164
3326 164
3327 164
3328 164
3329 164
3330 164
3341 164
3342 164
3343 164
3344 164
3345 164
3346 164
3347 164
3348 164
3349 164
3350 164
3361 164
3362 164
3363 165
3364 165
3365 165
3366 165
3367 165
3368 165
3369 165
3370 165
3371 165
3372 165
3373 165
3384 163
3385 165
3386 165
3387 165
3388 165
3389 165
3390 165
3391 165
3392 166
3393 166
3394 166
3395 166
3396 166
3397 166
3398 166
3399 166
3400 166
3401 166
3402 166
3413 168
3414 168
3415 168
3416 168
3417 168
3418 168
3419 168
3420 168
3421 168
3422 168
3433 164
3434 164
3435 164
3436 165
3437 165
3438 165
3439 165
3440 165
3441 165
3442 165
3443 165
3444 165
3445 165
3446 165
3457 163
3458 163
3459 163
3460 163
3461 163
3462 164
3463 164
3464 164
3465 164
3466 164
3467 164
3468 164
3469 164
3470 164
3471 164
3472 164
3483 168
3484 168
3485 168
3486 168
3487 168
3488 168
3489 168
3490 168
3491 168
3492 168
3503 165
3504 165
3505 165
3506 165
3507 165
3508 165
3509 165
3510 165
3511 165
3512 165
3523 163
3524 163
3525 163
3526 164
3527 164
3528 164
3529 164
3530 164
3531 164
3532 164
3533 164
3534 164
3535 164
3536 164
3547 166
3548 166
3549 166
3550 166
3551 169
3552 169
3553 169
3554 169
3555 170
3556 170
3557 170
3558 170
3559 170
3560 170
3561 170
3562 170
3563 170
3564 170
3565 170
3576 164
3577 164
3578 164
3579 164
3580 164
3581 164
3582 164
3583 164
3584 164
3585 164
3596 164
3597 164
3598 164
3599 164
3600 164
3601 164
3602 164
3603 164
3604 164
3605 164
3616 165
3617 165
3618 165
3619 165
3620 165
3621 165
3622 165
3623 165
3624 165
3625 165
3636 165
3637 165
3638 165
3639 165
3640 165
3641 165
3642 165
3643 165
3644 167
3645 167
3646 167
3647 167
3648 167
3649 167
3650 167
3651 167
3652 167
3653 167
3654 167
3665 166
3666 166
3667 166
3668 166
3669 167
3670 167
3671 167
3672 167
3673 167
3674 167
3675 170
3676 170
3677 170
3678 170
3679 170
3680 170
3681 170
3682 170
3683 170
3684 170
3685 170
3696 164
3697 164
3698 164
3699 164
3700 164
3701 165
3702 165
3703 165
3704 165
3705 165
3706 165
3707 165
3708 165
3709 165
3710 166
3711 166
3712 166
3713 166
3714 166
3715 166
3716 166
3717 166
3718 166
3719 166
3720 166
3731 165
3732 165
3733 165
3734 165
3735 165
3736 165
3737 165
3738 165
3739 165
3740 165
3751 169
3752 169
3753 169
3754 169
3755 169
3756 169
3757 169
3758 169
3759 169
3760 169
3771 163
3772 163
3773 163
3774 163
3775 163
3776 163
3777 163
3778 163
3779 163
3780 163
3791 166
3792 166
3793 166
3794 166
3795 166
3796 166
3797 166
3798 166
3799 166
3800 166
3811 163
3812 163
3813 163
3814 163
3815 163
3816 163
3817 163
3818 164
3819 164
3820 164
3821 164
3822 164
3823 164
3824 164
3825 164
3826 164
3827 164
3828 164
3839 165
3840 165
3841 165
3842 165
3843 165
3844 165
3845 165
3846 165
3847 165
3848 165
3859 166
3860 166
3861 166
3862 166
3863 166
3864 166
3865 166
3866 166
3867 166
3868 166
3869 166
3880 165
3881 165
3882 165
3883 165
3884 165
3885 165
3886 165
3887 165
3888 165
3889 165
3900 164
3901 164
3902 164
3903 164
3904 164
3905 164
3906 164
3907 164
3908 168
3909 170
3910 170
3911 170
3912 170
3913 170
3914 170
3915 170
3916 170
3917 170
3918 170
3919 170
3930 165
3931 165
3932 165
3933 165
3934 165
3935 165
3936 165
3937 165
3938 165
3939 165
3950 164
3951 164
3952 164
3953 164
3954 164
3955 164
3956 164
3957 164
3958 164
3959 164
3970 163
3971 163
3972 163
3973 163
3974 163
3975 163
3976 163
3977 163
3978 163
3979 163
3990 168
3991 168
3992 168
3993 168
3994 168
3995 168
3996 168
3997 168
3998 168
3999 168
4000 168
4011 163
4012 163
4013 163
4014 163
4015 163
4016 164
4017 164
4018 164
4019 164
4020 164
4021 166
4022 166
4023 166
4024 166
4025 166
4026 166
4027 166
4028 166
4029 166
4030 166
4031 166
4042 165
4043 165
4044 165
4045 165
4046 165
4047 165
4048 165
4049 165
4050 165
4051 165
4052 165
4063 165
4064 165
4065 165
4066 165
4067 165
4068 165
4069 165
4070 165
4071 165
4072 165
4083 166
4084 166
4085 166
4086 166
4087 166
4088 166
4089 166
4090 166
4091 166
4092 168
4093 168
4094 168
4095 168
4096 168
4097 168
4098 168
4099 168
4100 168
4101 168
4102 168
4113 166
4114 166
4115 166
4116 166
4117 166
4118 166
4119 166
4120 166
4121 166
4122 166
4133 166
4134 166
4135 166
4136 166
4137 166
4138 166
4139 166
4140 166
4141 166
4142 166
4153 170
4154 170
4155 170
4156 170
4157 170
4158 170
4159 170
4160 170
4161 170
4162 170
4173 163
4174 163
4175 164
4176 164
4177 164
4178 164
4179 164
4180 164
4181 165
4182 165
4183 165
4184 165
4185 165
4186 165
4187 165
4188 165
4189 165
4190 165
4191 165
4202 165
4203 165
4204 165
4205 165
4206 165
4207 165
4208 165
4209 165
4210 165
4211 165
4222 165
4223 165
4224 165
4225 165
4226 165
4227 166
4228 166
4229 166
4230 166
4231 166
4232 166
4233 166
4234 166
4235 166
4236 166
4237 166
4248 168
4249 168
4250 168
4251 168
4252 168
4253 168
4254 168
4255 168
4256 168
4257 168
4268 164
4269 164
4270 164
4271 164
4272 166
4273 166
4274 166
4275 166
4276 166
4277 166
4278 166
4279 166
4280 166
4281 166
4282 166
4293 168
4294 168
4295 168
4296 168
4297 168
4298 168
4299 168
4300 168
4301 168
4302 168
4313 164
4314 164
4315 164
4316 164
4317 164
4318 164
4319 164
4320 164
4321 164
4322 164
4333 165
4334 165
4335 165
4336 165
4337 165
4338 165
4339 165
4340 165
4341 165
4342 165
4353 165
4354 165
4355 165
4356 165
4357 165
4358 165
4359 165
4360 165
4361 165
4362 165
4373 166
4374 166
4375 166
4376 166
4377 166
4378 166
4379 166
4380 166
4381 166
4382 166
4393 170
4394 170
4395 170
4396 170
4397 170
4398 170
4399 170
4400 170
4401 170
4402 170
4413 165
4414 165
4415 165
4416 165
4417 165
4418 165
4419 165
4420 165
4421 170
4422 170
4423 170
4424 170
4425 170
4426 170
4427 170
4428 170
4429 170
4430 170
4431 170
4442 165
4443 165
4444 165
4445 165
4446 165
4447 165
4448 165
4449 165
4450 165
4451 165
4452 165
4463 164
4464 164
4465 164
4466 164
4467 164
4468 164
4469 164
4470 164
4471 164
4472 164
4483 165
4484 165
4485 165
4486 165
4487 165
4488 165
4489 165
4490 165
4491 165
4492 165
4503 166
4504 166
4505 166
4506 166
4507 166
4508 166
4509 166
4510 166
4511 166
4512 166
4523 169
4524 169
4525 169
4526 169
4527 169
4528 169
4529 169
4530 169
4531 169
4532 169
4543 167
4544 167
4545 167
4546 167
4547 168
4548 168
4549 168
4550 168
4551 168
4552 168
4553 168
4554 168
4555 168
4556 168
4557 168
4568 162
4569 162
4570 162
4571 162
4572 162
4573 162
4574 162
4575 163
4576 163
4577 163
4578 163
4579 163
4580 163
4581 163
4582 163
4583 163
4584 163
4585 163
4596 162
4597 162
4598 162
4599 162
4600 162
4601 163
4602 163
4603 163
4604 163
4605 163
4606 163
4607 165
4608 165
4609 165
4610 167
4611 167
4612 167
4613 167
4614 167
4615 167
4616 167
4617 167
4618 167
4619 167
4620 167
4631 163
4632 163
4633 163
4634 163
4635 163
4636 163
4637 163
4638 163
4639 163
4640 163
4651 167
4652 167
4653 167
4654 167
4655 167
4656 167
4657 167
4658 167
4659 167
4660 167
4671 165
4672 165
4673 165
4674 165
4675 165
4676 165
4677 165
4678 165
4679 165
4680 165
4691 163
4692 163
4693 163
4694 163
4695 163
4696 163
4697 163
4698 163
4699 168
4700 168
4701 168
4702 168
4703 168
4704 168
4705 168
4706 168
4707 168
4708 168
4709 168
4720 163
4721 163
4722 163
4723 163
4724 163
4725 163
4726 163
4727 163
4728 163
4729 163
4740 164
4741 164
4742 164
4743 164
4744 164
4745 164
4746 165
4747 165
4748 165
4749 165
4750 165
4751 165
4752 165
4753 165
4754 165
4755 165
4756 165
4767 169
4768 169
4769 169
4770 169
4771 169
4772 169
4773 169
4774 169
4775 169
4776 169
4787 163
4788 163
4789 163
4790 163
4791 163
4792 163
4793 163
4794 163
4795 169
4796 169
4797 169
4798 169
4799 169
4800 169
4801 169
4802 169
4803 169
4804 169
4805 169
4816 165
4817 165
4818 165
4819 165
4820 165
4821 165
4822 165
4823 165
4824 165
4825 165
4836 164
4837 164
4838 164
4839 165
4840 165
4841 165
4842 165
4843 165
4844 165
4845 165
4846 165
4847 165
4848 165
4849 165
4860 165
4861 165
4862 165
4863 165
4864 165
4865 165
4866 165
4867 165
4868 165
4869 165
4880 165
4881 166
4882 166
4883 166
4884 166
4885 166
4886 166
4887 166
4888 166
4889 166
4890 166
4891 166
4902 163
4903 163
4904 164
4905 168
4906 168
4907 168
4908 168
4909 168
4910 168
4911 168
4912 168
4913 168
4914 168
4915 168
4926 167
4927 167
4928 167
4929 167
4930 167
4931 167
4932 167
4933 167
4934 167
4935 167
4946 164
4947 164
4948 164
4949 164
4950 164
4951 168
4952 168
4953 168
4954 168
4955 168
4956 169
4957 169
4958 169
4959 169
4960 169
4961 169
4962 169
4963 169
4964 169
4965 169
4966 169
4977 163
4978 164
4979 165
4980 165
4981 165
4982 165
4983 165
4984 165
4985 165
4986 170
4987 170
4988 170
4989 170
4990 170
4991 170
4992 170
4993 170
4994 170
4995 170
4996 170
