0 3
1 3
2 3
3 3
4 13
5 14
6 14
7 14
8 14
9 14
10 14
11 14
12 15
13 15
14 17
15 17
16 17
17 17
18 17
19 17
20 17
21 19
22 23
23 28
24 28
25 28
26 28
27 28
28 28
29 28
30 28
31 28
32 31
33 31
34 31
35 31
36 31
37 31
38 31
39 31
40 31
41 31
42 31
53 47
54 47
55 47
56 47
57 47
58 47
59 47
60 47
61 47
62 47
73 57
74 57
75 57
76 57
77 57
78 57
79 57
80 57
81 57
82 57
93 57
94 57
95 57
96 57
97 57
98 57
99 57
100 57
101 57
102 57
113 77
114 77
115 77
116 77
117 77
118 77
119 77
120 77
121 77
122 78
123 78
124 78
125 78
126 78
127 78
128 78
129 78
130 78
131 78
132 78
143 77
144 77
145 77
146 77
147 77
148 77
149 77
150 77
151 77
152 77
163 86
164 86
165 86
166 86
167 86
168 86
169 86
170 86
171 86
172 86
183 85
184 85
185 85
186 85
187 85
188 85
189 85
190 85
191 85
192 85
203 86
204 86
205 86
206 86
207 92
208 92
209 92
210 92
211 94
212 94
213 94
214 94
215 94
216 94
217 94
218 94
219 94
220 94
221 94
232 94
233 94
234 94
235 94
236 94
237 94
238 94
239 94
240 94
241 94
252 93
253 93
254 93
255 93
256 93
257 93
258 93
259 93
260 93
261 94
262 94
263 94
264 94
265 94
266 94
267 94
268 94
269 94
270 94
271 94
282 98
283 98
284 98
285 98
286 98
287 98
288 98
289 98
290 98
291 98
302 98
303 98
304 98
305 98
306 98
307 98
308 98
309 98
310 128
311 128
312 128
313 128
314 128
315 128
316 128
317 128
318 128
319 128
320 138
321 138
322 138
323 138
324 138
325 138
326 138
327 138
328 138
329 138
330 138
341 138
342 138
343 138
344 138
345 138
346 138
347 138
348 138
349 138
350 138
361 136
362 136
363 136
364 136
365 136
366 136
367 137
368 137
369 137
370 137
371 137
372 137
373 137
374 137
375 137
376 137
377 137
388 142
389 142
390 142
391 142
392 142
393 142
394 142
395 142
396 142
397 142
408 142
409 142
410 142
411 142
412 142
413 142
414 142
415 142
416 142
417 142
428 141
429 141
430 141
431 141
432 141
433 141
434 142
435 142
436 142
437 142
438 142
439 142
440 142
441 142
442 142
443 142
444 142
455 139
456 139
457 139
458 139
459 139
460 139
461 139
462 139
463 139
464 139
475 163
476 163
477 163
478 163
479 163
480 163
481 163
482 163
483 163
484 163
495 159
496 161
497 161
498 161
499 161
500 161
501 161
502 163
503 163
504 163
505 163
506 163
507 163
508 163
509 163
510 163
511 163
512 163
523 171
524 171
525 171
526 171
527 171
528 171
529 171
530 171
531 171
532 171
543 165
544 165
545 165
546 165
547 165
548 170
549 170
550 170
551 170
552 170
553 170
554 170
555 170
556 170
557 170
558 170
569 166
570 166
571 166
572 166
573 166
574 166
575 166
576 166
577 166
578 166
589 165
590 168
591 168
592 168
593 168
594 168
595 168
596 168
597 168
598 170
599 170
600 170
601 173
602 173
603 173
604 173
605 173
606 173
607 173
608 173
609 173
610 173
611 173
622 169
623 169
624 169
625 169
626 169
627 169
628 170
629 170
630 170
631 170
632 170
633 170
634 170
635 170
636 170
637 170
638 170
649 170
650 170
651 170
652 170
653 170
654 170
655 170
656 170
657 170
658 170
669 167
670 167
671 167
672 167
673 167
674 167
675 167
676 167
677 172
678 172
679 172
680 172
681 172
682 172
683 172
684 172
685 172
686 172
687 172
698 171
699 171
700 171
701 171
702 171
703 171
704 171
705 171
706 171
707 171
718 171
719 171
720 172
721 172
722 172
723 172
724 172
725 172
726 172
727 172
728 172
729 172
730 172
741 168
742 168
743 172
744 172
745 172
746 172
747 172
748 172
749 172
750 172
751 172
752 172
753 172
764 169
765 169
766 169
767 169
768 169
769 169
770 169
771 169
772 169
773 169
784 173
785 173
786 173
787 173
788 173
789 173
790 173
791 173
792 173
793 173
804 169
805 169
806 169
807 169
808 169
809 169
810 169
811 169
812 169
813 169
814 169
825 166
826 166
827 166
828 166
829 166
830 167
831 167
832 167
833 167
834 167
835 171
836 171
837 171
838 171
839 171
840 171
841 171
842 171
843 171
844 171
845 171
856 168
857 168
858 168
859 168
860 168
861 168
862 168
863 168
864 168
865 168
876 168
877 168
878 168
879 168
880 168
881 168
882 168
883 168
884 168
885 168
896 170
897 170
898 170
899 170
900 170
901 170
902 170
903 170
904 170
905 170
916 166
917 166
918 166
919 166
920 166
921 166
922 166
923 166
924 166
925 166
936 169
937 169
938 169
939 169
940 169
941 169
942 169
943 169
944 169
945 169
956 169
957 169
958 169
959 169
960 169
961 169
962 169
963 169
964 169
965 169
976 167
977 167
978 167
979 167
980 167
981 167
982 167
983 167
984 167
985 167
996 167
997 167
998 167
999 167
1000 167
1001 167
1002 167
1003 167
1004 167
1005 167
1016 168
1017 168
1018 168
1019 168
1020 168
1021 168
1022 168
1023 168
1024 168
1025 169
1026 169
1027 169
1028 169
1029 169
1030 169
1031 169
1032 169
1033 169
1034 169
1035 169
1046 168
1047 171
1048 171
1049 171
1050 171
1051 171
1052 171
1053 171
1054 171
1055 171
1056 171
1057 171
1068 167
1069 167
1070 167
1071 167
1072 167
1073 167
1074 167
1075 167
1076 167
1077 167
1078 167
1089 172
1090 172
1091 172
1092 172
1093 172
1094 172
1095 172
1096 172
1097 172
1098 172
1109 168
1110 168
1111 168
1112 168
1113 168
1114 168
1115 168
1116 168
1117 168
1118 168
1129 168
1130 168
1131 168
1132 168
1133 168
1134 168
1135 168
1136 168
1137 168
1138 168
1149 169
1150 169
1151 169
1152 170
1153 170
1154 170
1155 170
1156 170
1157 170
1158 170
1159 170
1160 170
1161 170
1162 170
1173 169
1174 169
1175 169
1176 169
1177 169
1178 169
1179 169
1180 169
1181 169
1182 169
1183 169
1194 168
1195 168
1196 168
1197 168
1198 168
1199 168
1200 168
1201 168
1202 168
1203 168
1214 167
1215 167
1216 167
1217 167
1218 167
1219 167
1220 167
1221 167
1222 167
1223 167
1234 166
1235 166
1236 166
1237 166
1238 166
1239 168
1240 168
1241 168
1242 168
1243 168
1244 168
1245 168
1246 168
1247 169
1248 169
1249 169
1250 169
1251 169
1252 169
1253 169
1254 169
1255 169
1256 169
1257 169
1268 167
1269 167
1270 167
1271 167
1272 167
1273 167
1274 167
1275 167
1276 167
1277 167
1288 172
1289 172
1290 173
1291 173
1292 173
1293 173
1294 173
1295 173
1296 173
1297 173
1298 173
1299 173
1300 173
1311 167
1312 167
1313 167
1314 167
1315 167
1316 167
1317 167
1318 167
1319 167
1320 167
1331 171
1332 171
1333 171
1334 171
1335 171
1336 171
1337 171
1338 171
1339 171
1340 171
1351 170
1352 170
1353 170
1354 170
1355 170
1356 170
1357 170
1358 170
1359 170
1360 170
1371 168
1372 168
1373 168
1374 168
1375 168
1376 168
1377 168
1378 168
1379 168
1380 168
1391 169
1392 169
1393 169
1394 169
1395 169
1396 169
1397 169
1398 169
1399 169
1400 169
1411 169
1412 169
1413 169
1414 169
1415 169
1416 169
1417 169
1418 169
1419 169
1420 169
1431 168
1432 168
1433 168
1434 168
1435 168
1436 168
1437 168
1438 168
1439 168
1440 168
1451 167
1452 167
1453 167
1454 167
1455 167
1456 167
1457 167
1458 167
1459 168
1460 168
1461 168
1462 168
1463 168
1464 168
1465 168
1466 168
1467 168
1468 168
1469 168
1480 173
1481 173
1482 173
1483 173
1484 173
1485 173
1486 173
1487 173
1488 173
1489 173
1500 169
1501 169
1502 169
1503 169
1504 169
1505 169
1506 169
1507 169
1508 169
1509 169
1520 166
1521 166
1522 166
1523 166
1524 166
1525 169
1526 169
1527 169
1528 169
1529 169
1530 169
1531 170
1532 170
1533 170
1534 170
1535 170
1536 170
1537 170
1538 170
1539 170
1540 170
1541 170
1552 169
1553 169
1554 169
1555 169
1556 169
1557 169
1558 169
1559 169
1560 169
1561 169
1572 169
1573 169
1574 169
1575 169
1576 172
1577 172
1578 172
1579 172
1580 172
1581 172
1582 172
1583 172
1584 172
1585 172
1586 172
1597 172
1598 172
1599 172
1600 172
1601 172
1602 172
1603 172
1604 172
1605 172
1606 172
1617 173
1618 173
1619 173
1620 173
1621 173
1622 173
1623 173
1624 173
1625 173
1626 173
1637 167
1638 167
1639 167
1640 169
1641 169
1642 171
1643 171
1644 171
1645 171
1646 171
1647 171
1648 171
1649 171
1650 171
1651 171
1652 171
1663 169
1664 169
1665 170
1666 170
1667 170
1668 170
1669 170
1670 170
1671 170
1672 170
1673 170
1674 170
1675 170
1686 172
1687 172
1688 172
1689 172
1690 172
1691 172
1692 172
1693 172
1694 172
1695 172
1706 166
1707 166
1708 166
1709 166
1710 166
1711 166
1712 166
1713 166
1714 166
1715 167
1716 167
1717 167
1718 167
1719 167
1720 167
1721 167
1722 167
1723 167
1724 167
1725 167
1736 166
1737 167
1738 167
1739 167
1740 167
1741 167
1742 167
1743 167
1744 167
1745 167
1746 167
1747 167
1758 171
1759 171
1760 171
1761 171
1762 171
1763 171
1764 171
1765 171
1766 171
1767 171
1778 169
1779 169
1780 169
1781 169
1782 169
1783 169
1784 169
1785 169
1786 169
1787 169
1788 169
1799 173
1800 173
1801 173
1802 173
1803 173
1804 173
1805 173
1806 173
1807 173
1808 173
1809 173
1820 168
1821 168
1822 168
1823 168
1824 168
1825 168
1826 168
1827 168
1828 168
1829 168
1840 166
1841 166
1842 166
1843 166
1844 166
1845 166
1846 166
1847 166
1848 166
1849 166
1860 169
1861 169
1862 169
1863 169
1864 169
1865 169
1866 169
1867 169
1868 169
1869 169
1880 167
1881 167
1882 167
1883 167
1884 169
1885 169
1886 169
1887 169
1888 169
1889 169
1890 169
1891 169
1892 169
1893 169
1894 169
1905 167
1906 167
1907 167
1908 167
1909 167
1910 167
1911 167
1912 167
1913 167
1914 167
1925 169
1926 169
1927 169
1928 169
1929 172
1930 172
1931 172
1932 172
1933 172
1934 172
1935 172
1936 172
1937 172
1938 172
1939 172
1950 166
1951 172
1952 172
1953 172
1954 172
1955 172
1956 172
1957 172
1958 172
1959 172
1960 172
1961 172
1972 166
1973 166
1974 166
1975 169
1976 169
1977 169
1978 169
1979 169
1980 169
1981 169
1982 169
1983 169
1984 169
1985 169
1996 168
1997 168
1998 168
1999 168
2000 168
2001 168
2002 168
2003 168
2004 168
2005 168
2006 168
2017 166
2018 166
2019 167
2020 167
2021 167
2022 167
2023 167
2024 167
2025 167
2026 167
2027 167
2028 167
2029 167
2040 171
2041 171
2042 171
2043 171
2044 171
2045 171
2046 171
2047 171
2048 171
2049 171
2060 172
2061 172
2062 172
2063 172
2064 172
2065 172
2066 172
2067 172
2068 172
2069 172
2080 166
2081 166
2082 166
2083 168
2084 168
2085 168
2086 168
2087 168
2088 168
2089 168
2090 168
2091 168
2092 168
2093 168
2104 171
2105 171
2106 171
2107 171
2108 171
2109 171
2110 171
2111 171
2112 171
2113 171
2124 167
2125 167
2126 167
2127 172
2128 172
2129 172
2130 172
2131 172
2132 172
2133 172
2134 172
2135 172
2136 172
2137 172
2148 166
2149 166
2150 166
2151 169
2152 169
2153 169
2154 169
2155 169
2156 169
2157 169
2158 169
2159 169
2160 169
2161 172
2162 172
2163 172
2164 172
2165 172
2166 172
2167 172
2168 172
2169 172
2170 172
2171 172
2182 172
2183 172
2184 172
2185 172
2186 172
2187 172
2188 172
2189 172
2190 172
2191 172
2202 171
2203 171
2204 171
2205 171
2206 171
2207 171
2208 171
2209 171
2210 171
2211 171
2222 167
2223 167
2224 167
2225 167
2226 167
2227 167
2228 167
2229 167
2230 167
2231 167
2242 168
2243 168
2244 168
2245 168
2246 168
2247 168
2248 168
2249 170
2250 170
2251 170
2252 170
2253 170
2254 170
2255 170
2256 170
2257 170
2258 170
2259 170
2270 167
2271 167
2272 167
2273 167
2274 167
2275 167
2276 167
2277 167
2278 167
2279 167
2290 170
2291 170
2292 170
2293 170
2294 170
2295 170
2296 170
2297 170
2298 170
2299 170
2310 166
2311 166
2312 166
2313 166
2314 166
2315 166
2316 166
2317 166
2318 166
2319 166
2330 166
2331 166
2332 166
2333 166
2334 166
2335 166
2336 166
2337 166
2338 171
2339 171
2340 171
2341 171
2342 171
2343 172
2344 172
2345 172
2346 172
2347 172
2348 172
2349 172
2350 172
2351 172
2352 172
2353 172
2364 172
2365 172
2366 172
2367 172
2368 172
2369 172
2370 172
2371 172
2372 172
2373 172
2384 169
2385 169
2386 169
2387 171
2388 171
2389 171
2390 171
2391 171
2392 171
2393 171
2394 171
2395 171
2396 171
2397 171
2408 170
2409 170
2410 170
2411 170
2412 170
2413 170
2414 172
2415 172
2416 172
2417 172
2418 172
2419 172
2420 172
2421 172
2422 172
2423 172
2424 172
2435 168
2436 168
2437 168
2438 168
2439 168
2440 168
2441 168
2442 168
2443 168
2444 168
2455 167
2456 167
2457 167
2458 170
2459 170
2460 170
2461 170
2462 170
2463 170
2464 170
2465 170
2466 170
2467 170
2468 170
2479 166
2480 166
2481 169
2482 169
2483 169
2484 169
2485 169
2486 169
2487 169
2488 169
2489 169
2490 169
2491 169
2502 167
2503 167
2504 167
2505 167
2506 169
2507 169
2508 169
2509 169
2510 169
2511 169
2512 169
2513 169
2514 169
2515 169
2516 169
2527 171
2528 171
2529 171
2530 171
2531 171
2532 171
2533 171
2534 171
2535 171
2536 171
2547 166
2548 166
2549 167
2550 167
2551 167
2552 167
2553 167
2554 167
2555 167
2556 167
2557 167
2558 167
2559 168
2560 168
2561 168
2562 168
2563 168
2564 168
2565 168
2566 168
2567 168
2568 168
2569 168
2580 169
2581 169
2582 169
2583 169
2584 169
2585 169
2586 169
2587 169
2588 169
2589 169
2600 166
2601 166
2602 168
2603 168
2604 168
2605 168
2606 168
2607 168
2608 168
2609 168
2610 168
2611 168
2612 168
2623 166
2624 166
2625 166
2626 169
2627 169
2628 169
2629 169
2630 169
2631 169
2632 169
2633 169
2634 169
2635 169
2636 169
2647 168
2648 168
2649 168
2650 168
2651 169
2652 169
2653 169
2654 169
2655 169
2656 169
2657 169
2658 169
2659 169
2660 169
2661 169
2672 167
2673 167
2674 167
2675 167
2676 167
2677 167
2678 167
2679 167
2680 167
2681 167
2692 168
2693 168
2694 168
2695 168
2696 168
2697 168
2698 168
2699 168
2700 168
2701 168
2712 168
2713 168
2714 168
2715 168
2716 168
2717 168
2718 168
2719 168
2720 168
2721 168
2732 166
2733 166
2734 168
2735 168
2736 168
2737 168
2738 168
2739 168
2740 168
2741 168
2742 168
2743 168
2744 168
2755 166
2756 166
2757 166
2758 166
2759 166
2760 166
2761 166
2762 166
2763 166
2764 166
2775 172
2776 172
2777 172
2778 172
2779 172
2780 172
2781 172
2782 172
2783 172
2784 172
2795 167
2796 167
2797 167
2798 167
2799 167
2800 167
2801 167
2802 167
2803 167
2804 167
2815 172
2816 172
2817 172
2818 172
2819 172
2820 172
2821 172
2822 172
2823 172
2824 172
2835 168
2836 168
2837 168
2838 168
2839 168
2840 168
2841 168
2842 168
2843 168
2844 168
2855 168
2856 168
2857 168
2858 168
2859 168
2860 168
2861 168
2862 168
2863 168
2864 168
2875 168
2876 168
2877 168
2878 168
2879 168
2880 168
2881 168
2882 168
2883 168
2884 168
2895 167
2896 167
2897 167
2898 169
2899 169
2900 169
2901 169
2902 169
2903 169
2904 169
2905 169
2906 169
2907 169
2908 169
2919 169
2920 169
2921 169
2922 169
2923 173
2924 173
2925 173
2926 173
2927 173
2928 173
2929 173
2930 173
2931 173
2932 173
2933 173
2944 173
2945 173
2946 173
2947 173
2948 173
2949 173
2950 173
2951 173
2952 173
2953 173
2964 166
2965 166
2966 166
2967 166
2968 166
2969 166
2970 166
2971 166
2972 166
2973 166
2984 166
2985 166
2986 166
2987 166
2988 166
2989 166
2990 166
2991 168
2992 168
2993 168
2994 168
2995 168
2996 168
2997 168
2998 168
2999 168
3000 168
3001 172
3002 172
3003 172
3004 172
3005 172
3006 172
3007 172
3008 172
3009 172
3010 172
3011 172
3022 169
3023 169
3024 169
3025 169
3026 169
3027 169
3028 169
3029 169
3030 169
3031 169
3042 168
3043 168
3044 169
3045 169
3046 169
3047 169
3048 169
3049 169
3050 169
3051 169
3052 169
3053 169
3054 169
3065 166
3066 166
3067 166
3068 166
3069 166
3070 166
3071 166
3072 166
3073 166
3074 166
3085 172
3086 172
3087 172
3088 172
3089 172
3090 172
3091 172
3092 172
3093 172
3094 172
3105 167
3106 167
3107 167
3108 167
3109 170
3110 170
3111 170
3112 170
3113 170
3114 170
3115 170
3116 170
3117 170
3118 170
3119 170
3130 167
3131 167
3132 167
3133 167
3134 167
3135 167
3136 167
3137 172
3138 172
3139 172
3140 172
3141 172
3142 172
3143 172
3144 172
3145 172
3146 172
3147 172
3158 167
3159 167
3160 167
3161 167
3162 167
3163 167
3164 167
3165 167
3166 167
3167 167
3178 169
3179 169
3180 169
3181 169
3182 169
3183 169
3184 169
3185 169
3186 169
3187 169
3198 166
3199 166
3200 166
3201 166
3202 166
3203 166
3204 166
3205 166
3206 166
3207 166
3218 169
3219 169
3220 169
3221 169
3222 169
3223 169
3224 169
3225 169
3226 169
3227 169
3238 167
3239 167
3240 168
3241 168
3242 168
3243 168
3244 168
3245 168
3246 168
3247 168
3248 168
3249 168
3250 168
3261 173
3262 173
3263 173
3264 173
3265 173
3266 173
3267 173
3268 173
3269 173
3270 173
3281 167
3282 167
3283 167
3284 167
3285 167
3286 167
3287 167
3288 167
3289 167
3290 167
3301 167
3302 167
3303 167
3304 167
3305 167
3306 167
3307 167
3308 167
3309 167
3310 168
3311 168
3312 168
3313 168
3314 170
3315 170
3316 170
3317 170
3318 170
3319 170
3320 170
3321 170
3322 170
3323 170
3324 170
3335 169
3336 169
3337 169
3338 169
3339 169
3340 169
3341 169
3342 170
3343 170
3344 170
3345 170
3346 170
3347 170
3348 170
3349 170
3350 170
3351 170
3352 170
3363 169
3364 169
3365 169
3366 169
3367 169
3368 169
3369 169
3370 169
3371 169
3372 169
3383 167
3384 167
3385 167
3386 167
3387 167
3388 167
3389 167
3390 167
3391 167
3392 167
3403 167
3404 167
3405 167
3406 167
3407 167
3408 167
3409 167
3410 167
3411 167
3412 167
3423 168
3424 168
3425 168
3426 168
3427 168
3428 168
3429 168
3430 168
3431 168
3432 168
3443 168
3444 170
3445 170
3446 170
3447 170
3448 170
3449 170
3450 170
3451 170
3452 170
3453 170
3454 171
3455 171
3456 171
3457 171
3458 171
3459 171
3460 171
3461 171
3462 171
3463 171
3464 171
3475 168
3476 168
3477 168
3478 168
3479 168
3480 168
3481 168
3482 168
3483 168
3484 168
3495 168
3496 168
3497 168
3498 168
3499 168
3500 171
3501 172
3502 172
3503 172
3504 172
3505 172
3506 172
3507 172
3508 172
3509 172
3510 172
3511 172
3522 171
3523 171
3524 171
3525 171
3526 171
3527 171
3528 171
3529 171
3530 171
3531 171
3542 168
3543 168
3544 168
3545 168
3546 168
3547 168
3548 168
3549 168
3550 168
3551 168
3552 168
3563 169
3564 169
3565 169
3566 169
3567 169
3568 169
3569 169
3570 169
3571 169
3572 169
3583 166
3584 166
3585 166
3586 166
3587 166
3588 166
3589 166
3590 166
3591 166
3592 166
3603 168
3604 168
3605 168
3606 168
3607 168
3608 168
3609 168
3610 168
3611 168
3612 168
3623 167
3624 167
3625 167
3626 167
3627 167
3628 167
3629 167
3630 167
3631 167
3632 167
3643 167
3644 167
3645 167
3646 167
3647 167
3648 173
3649 173
3650 173
3651 173
3652 173
3653 173
3654 173
3655 173
3656 173
3657 173
3658 173
3669 172
3670 172
3671 172
3672 172
3673 172
3674 172
3675 172
3676 172
3677 172
3678 172
3689 168
3690 168
3691 168
3692 168
3693 168
3694 168
3695 168
3696 168
3697 168
3698 168
3709 167
3710 169
3711 169
3712 169
3713 169
3714 169
3715 169
3716 169
3717 169
3718 169
3719 169
3720 169
3731 167
3732 167
3733 173
3734 173
3735 173
3736 173
3737 173
3738 173
3739 173
3740 173
3741 173
3742 173
3743 173
3754 168
3755 168
3756 168
3757 172
3758 172
3759 172
3760 172
3761 172
3762 172
3763 172
3764 172
3765 172
3766 172
3767 172
3778 167
3779 167
3780 167
3781 167
3782 167
3783 167
3784 167
3785 167
3786 167
3787 167
3788 167
3799 167
3800 167
3801 167
3802 167
3803 167
3804 167
3805 173
3806 173
3807 173
3808 173
3809 173
3810 173
3811 173
3812 173
3813 173
3814 173
3815 173
3826 168
3827 168
3828 168
3829 168
3830 168
3831 168
3832 168
3833 168
3834 168
3835 168
3846 168
3847 168
3848 168
3849 168
3850 168
3851 168
3852 169
3853 169
3854 169
3855 169
3856 169
3857 169
3858 169
3859 169
3860 169
3861 169
3862 169
3873 172
3874 172
3875 172
3876 172
3877 172
3878 172
3879 172
3880 172
3881 172
3882 172
3893 169
3894 169
3895 169
3896 169
3897 169
3898 169
3899 169
3900 169
3901 169
3902 169
3913 172
3914 172
3915 172
3916 172
3917 172
3918 172
3919 172
3920 172
3921 172
3922 172
3933 167
3934 167
3935 167
3936 167
3937 167
3938 167
3939 167
3940 167
3941 167
3942 167
3953 166
3954 167
3955 167
3956 167
3957 167
3958 167
3959 167
3960 167
3961 167
3962 167
3963 167
3964 167
3975 167
3976 167
3977 167
3978 167
3979 167
3980 167
3981 167
3982 167
3983 167
3984 167
3995 172
3996 172
3997 172
3998 172
3999 172
4000 172
4001 172
4002 172
4003 172
4004 172
4015 168
4016 168
4017 168
4018 168
4019 168
4020 168
4021 168
4022 168
4023 168
4024 168
4035 169
4036 169
4037 172
4038 172
4039 172
4040 172
4041 172
4042 172
4043 172
4044 172
4045 172
4046 172
4047 172
4058 170
4059 170
4060 170
4061 170
4062 170
4063 170
4064 170
4065 170
4066 170
4067 170
4078 169
4079 170
4080 170
4081 170
4082 170
4083 170
4084 170
4085 170
4086 170
4087 170
4088 170
4089 170
4100 167
4101 167
4102 167
4103 167
4104 167
4105 167
4106 167
4107 167
4108 167
4109 172
4110 172
4111 172
4112 172
4113 172
4114 172
4115 172
4116 172
4117 172
4118 172
4119 172
4130 171
4131 171
4132 171
4133 171
4134 171
4135 171
4136 171
4137 171
4138 171
4139 171
4150 172
4151 172
4152 172
4153 172
4154 172
4155 172
4156 172
4157 172
4158 172
4159 172
4170 169
4171 169
4172 169
4173 172
4174 172
4175 172
4176 172
4177 172
4178 172
4179 172
4180 172
4181 172
4182 172
4183 172
4194 168
4195 168
4196 168
4197 168
4198 168
4199 168
4200 168
4201 168
4202 168
4203 168
4214 170
4215 170
4216 170
4217 170
4218 170
4219 170
4220 170
4221 170
4222 170
4223 170
4234 172
4235 172
4236 172
4237 172
4238 172
4239 172
4240 172
4241 172
4242 172
4243 172
4254 166
4255 166
4256 166
4257 168
4258 168
4259 168
4260 168
4261 168
4262 168
4263 168
4264 168
4265 168
4266 168
4267 168
4278 166
4279 166
4280 166
4281 166
4282 169
4283 169
4284 169
4285 169
4286 169
4287 169
4288 169
4289 169
4290 169
4291 169
4292 169
4303 166
4304 166
4305 166
4306 166
4307 166
4308 166
4309 166
4310 166
4311 166
4312 166
4323 166
4324 166
4325 166
4326 166
4327 169
4328 169
4329 169
4330 169
4331 169
4332 169
4333 169
4334 169
4335 169
4336 169
4337 169
4348 168
4349 168
4350 168
4351 172
4352 172
4353 172
4354 172
4355 172
4356 172
4357 172
4358 172
4359 172
4360 172
4361 172
4372 167
4373 167
4374 167
4375 167
4376 167
4377 167
4378 167
4379 167
4380 167
4381 167
4392 168
4393 168
4394 168
4395 168
4396 168
4397 168
4398 168
4399 168
4400 168
4401 168
4412 167
4413 167
4414 167
4415 167
4416 167
4417 167
4418 167
4419 167
4420 167
4421 167
4432 168
4433 168
4434 168
4435 168
4436 168
4437 168
4438 168
4439 168
4440 168
4441 168
4452 168
4453 168
4454 168
4455 168
4456 168
4457 168
4458 168
4459 168
4460 168
4461 168
4472 173
4473 173
4474 173
4475 173
4476 173
4477 173
4478 173
4479 173
4480 173
4481 173
4492 171
4493 171
4494 171
4495 171
4496 171
4497 171
4498 171
4499 171
4500 171
4501 171
4512 166
4513 166
4514 166
4515 166
4516 166
4517 166
4518 166
4519 166
4520 166
4521 166
4532 168
4533 168
4534 168
4535 168
4536 168
4537 168
4538 168
4539 168
4540 168
4541 168
4552 168
4553 168
4554 168
4555 168
4556 168
4557 168
4558 168
4559 168
4560 168
4561 168
4572 171
4573 171
4574 171
4575 171
4576 171
4577 171
4578 171
4579 171
4580 171
4581 171
4592 166
4593 166
4594 166
4595 166
4596 168
4597 168
4598 168
4599 168
4600 168
4601 168
4602 168
4603 168
4604 169
4605 169
4606 169
4607 169
4608 169
4609 169
4610 169
4611 169
4612 169
4613 169
4614 169
4625 170
4626 170
4627 170
4628 170
4629 170
4630 170
4631 170
4632 170
4633 170
4634 170
4645 168
4646 168
4647 168
4648 168
4649 168
4650 168
4651 168
4652 168
4653 169
4654 169
4655 169
4656 169
4657 169
4658 169
4659 169
4660 169
4661 170
4662 170
4663 170
4664 170
4665 170
4666 170
4667 170
4668 170
4669 170
4670 170
4671 170
4682 170
4683 170
4684 170
4685 170
4686 170
4687 170
4688 170
4689 170
4690 170
4691 170
4702 171
4703 171
4704 171
4705 171
4706 171
4707 171
4708 171
4709 171
4710 171
4711 172
4712 172
4713 172
4714 172
4715 172
4716 172
4717 172
4718 172
4719 172
4720 172
4721 172
4732 173
4733 173
4734 173
4735 173
4736 173
4737 173
4738 173
4739 173
4740 173
4741 173
4752 166
4753 166
4754 166
4755 166
4756 166
4757 166
4758 166
4759 166
4760 166
4761 166
4772 168
4773 168
4774 168
4775 168
4776 168
4777 168
4778 168
4779 168
4780 168
4781 168
4792 170
4793 170
4794 170
4795 170
4796 170
4797 170
4798 170
4799 170
4800 170
4801 170
4812 168
4813 168
4814 168
4815 168
4816 168
4817 168
4818 168
4819 172
4820 172
4821 172
4822 172
4823 172
4824 172
4825 172
4826 172
4827 172
4828 172
4829 172
4840 170
4841 170
4842 170
4843 170
4844 170
4845 170
4846 170
4847 170
4848 170
4849 170
4860 167
4861 167
4862 172
4863 172
4864 172
4865 172
4866 172
4867 172
4868 172
4869 172
4870 172
4871 172
4872 172
4883 166
4884 166
4885 166
4886 166
4887 166
4888 166
4889 166
4890 166
4891 166
4892 166
4903 169
4904 169
4905 169
4906 169
4907 169
4908 169
4909 169
4910 169
4911 169
4912 169
4923 167
4924 167
4925 167
4926 167
4927 167
4928 167
4929 167
4930 167
4931 167
4932 168
4933 168
4934 168
4935 168
4936 168
4937 168
4938 168
4939 168
4940 168
4941 168
4942 168
4953 167
4954 167
4955 167
4956 167
4957 169
4958 169
4959 169
4960 169
4961 169
4962 169
4963 169
4964 169
4965 169
4966 169
4967 169
4978 166
4979 166
4980 166
4981 166
4982 166
4983 166
4984 166
4985 166
4986 166
4987 166
4998 168
4999 168
