0 239547.0
1 236794.0
2 236108.0
3 236108.0
4 235424.0
5 235413.0
6 233369.0
7 233280.0
8 232601.0
9 231926.0
10 231265.0
11 230610.0
12 230610.0
13 229957.0
14 229312.0
15 228669.0
16 228669.0
17 227373.0
18 226808.0
19 226808.0
20 226808.0
21 226808.0
22 226808.0
23 226808.0
24 226808.0
25 226808.0
26 226808.0
27 226808.0
28 226808.0
39 225469.0
40 224800.0
41 216203.0
42 216203.0
43 216203.0
44 216203.0
45 216203.0
46 216203.0
47 214894.0
48 214894.0
49 214241.0
50 213589.0
51 213589.0
52 213589.0
53 213589.0
54 213589.0
55 211640.0
56 211640.0
57 210992.0
58 210446.0
59 210446.0
60 210446.0
61 210446.0
62 210446.0
63 208512.0
64 207882.0
65 207882.0
66 207240.0
67 207240.0
68 201513.0
69 201512.0
70 187383.0
71 187383.0
72 186811.0
73 186203.0
74 186203.0
75 186203.0
76 186203.0
77 186203.0
78 186203.0
79 186203.0
80 186203.0
81 186203.0
82 186203.0
83 186203.0
94 185596.0
95 185596.0
96 185596.0
97 185596.0
98 185596.0
99 179584.0
100 178988.0
101 177800.0
102 176616.0
103 176025.0
104 176025.0
105 176025.0
106 176025.0
107 176025.0
108 176025.0
109 174846.0
110 174846.0
111 174846.0
112 174846.0
113 174846.0
114 174846.0
115 174846.0
116 174846.0
117 174846.0
118 174846.0
119 174846.0
130 174259.0
131 174259.0
132 171917.0
133 171917.0
134 171917.0
135 171917.0
136 171917.0
137 171917.0
138 171917.0
139 170171.0
140 170171.0
141 169591.0
142 169591.0
143 166716.0
144 166716.0
145 166716.0
146 166716.0
147 166716.0
148 166716.0
149 166716.0
150 166716.0
151 166716.0
152 162173.0
153 161614.0
154 161614.0
155 161614.0
156 161614.0
157 161049.0
158 161049.0
159 161049.0
160 158800.0
161 158800.0
162 158800.0
163 158800.0
164 158800.0
165 158800.0
166 158240.0
167 156566.0
168 156562.0
169 156535.0
170 156535.0
171 156535.0
172 156535.0
173 156535.0
174 15405.0
175 15298.0
176 15294.0
177 15287.0
178 15255.0
179 14506.0
180 14506.0
181 14403.0
182 14379.0
183 14307.0
184 14284.0
185 14272.0
186 14272.0
187 14221.0
188 14122.0
189 14122.0
190 13824.0
191 13824.0
192 13824.0
193 13730.0
194 13730.0
195 13714.0
196 13704.0
197 13703.0
198 13668.0
199 13668.0
200 13656.0
201 13617.0
202 13617.0
203 13616.0
204 13616.0
205 13608.0
206 13603.0
207 13603.0
208 13564.0
209 13564.0
210 13555.0
211 13555.0
212 13555.0
213 13476.0
214 13476.0
215 13474.0
216 13398.0
217 13398.0
218 13333.0
219 13333.0
220 13333.0
221 13333.0
222 13284.0
223 13284.0
224 13284.0
225 13284.0
226 13117.0
227 13117.0
228 13117.0
229 13117.0
230 13081.0
231 12001.0
232 12000.0
233 11976.0
234 11976.0
235 11976.0
236 11976.0
237 11966.0
238 11966.0
239 11447.0
240 11447.0
241 11447.0
242 11447.0
243 11447.0
244 11447.0
245 11307.0
246 11307.0
247 11252.0
248 11252.0
249 11252.0
250 11252.0
251 11225.0
252 11225.0
253 11225.0
254 11171.0
255 11171.0
256 11149.0
257 11149.0
258 11149.0
259 11100.0
260 8187.0
261 8186.0
262 8186.0
263 8138.0
264 8138.0
265 8138.0
266 8130.0
267 8127.0
268 8127.0
269 8080.0
270 8073.0
271 8072.0
272 8069.0
273 8063.0
274 8063.0
275 8063.0
276 8062.0
277 8019.0
278 8019.0
279 7992.0
280 7992.0
281 7992.0
282 7992.0
283 7944.0
284 7944.0
285 7941.0
286 7941.0
287 7941.0
288 7883.0
289 7865.0
290 7369.0
291 7365.0
292 7364.0
293 7364.0
294 7364.0
295 7314.0
296 7098.0
297 7074.0
298 7051.0
299 7045.0
300 7045.0
301 7044.0
302 7024.0
303 7021.0
304 7021.0
305 6998.0
306 6998.0
307 6998.0
308 6998.0
309 6998.0
310 6983.0
311 6983.0
312 6983.0
313 6983.0
314 6983.0
315 6983.0
316 6983.0
317 6935.0
318 6935.0
319 6935.0
320 6935.0
321 6935.0
322 6935.0
323 6866.0
324 6866.0
325 6834.0
326 6803.0
327 6803.0
328 6803.0
329 6803.0
330 6745.0
331 6745.0
332 6745.0
333 6474.0
334 6474.0
335 6474.0
336 6474.0
337 6474.0
338 6474.0
339 6473.0
340 6473.0
341 6433.0
342 6433.0
343 6433.0
344 6433.0
345 6433.0
346 6433.0
347 6433.0
348 6433.0
349 6433.0
350 6433.0
351 6433.0
362 6365.0
363 6365.0
364 6365.0
365 5815.0
366 5804.0
367 5785.0
368 5785.0
369 5785.0
370 5785.0
371 5785.0
372 5785.0
373 5785.0
374 5780.0
375 5780.0
376 5763.0
377 5760.0
378 5760.0
379 5760.0
380 5760.0
381 5760.0
382 5760.0
383 5760.0
384 5740.0
385 5740.0
386 5740.0
387 5690.0
388 5649.0
389 5649.0
390 5641.0
391 5641.0
392 5641.0
393 5641.0
394 5641.0
395 5641.0
396 5641.0
397 5641.0
398 5600.0
399 5600.0
400 5596.0
401 5596.0
402 5596.0
403 5596.0
404 5596.0
405 5584.0
406 5584.0
407 5584.0
408 5584.0
409 5566.0
410 5566.0
411 5566.0
412 5508.0
413 5508.0
414 5508.0
415 5476.0
416 5476.0
417 5476.0
418 5462.0
419 5462.0
420 5462.0
421 5462.0
422 5462.0
423 5451.0
424 5420.0
425 5419.0
426 5411.0
427 5405.0
428 5390.0
429 5390.0
430 5390.0
431 5390.0
432 5390.0
433 5390.0
434 5390.0
435 5390.0
436 5390.0
437 5390.0
438 5390.0
449 5357.0
450 5357.0
451 5357.0
452 5357.0
453 5357.0
454 5357.0
455 5357.0
456 5357.0
457 5357.0
458 5357.0
469 5462.0
470 5462.0
471 5462.0
472 5462.0
473 5462.0
474 5462.0
475 5462.0
476 5462.0
477 5436.0
478 5412.0
479 5412.0
480 5412.0
481 5412.0
482 5412.0
483 5412.0
484 5389.0
485 5389.0
486 5389.0
487 5389.0
488 5389.0
489 5389.0
490 5389.0
491 5389.0
492 5389.0
493 5389.0
494 5389.0
505 5381.0
506 5381.0
507 5381.0
508 5381.0
509 5381.0
510 5381.0
511 5381.0
512 5381.0
513 5299.0
514 5299.0
515 5280.0
516 5280.0
517 5280.0
518 5280.0
519 5280.0
520 5280.0
521 5280.0
522 5280.0
523 5267.0
524 5267.0
525 5267.0
526 5267.0
527 5209.0
528 5209.0
529 5209.0
530 5209.0
531 5209.0
532 5209.0
533 5209.0
534 5209.0
535 5209.0
536 5209.0
537 5209.0
548 4892.0
549 4892.0
550 4892.0
551 4892.0
552 4892.0
553 4892.0
554 4892.0
555 4892.0
556 4892.0
557 4892.0
558 4892.0
569 4881.0
570 4881.0
571 4881.0
572 4881.0
573 4881.0
574 4881.0
575 4881.0
576 4881.0
577 4881.0
578 4881.0
589 4884.0
590 4884.0
591 4884.0
592 4884.0
593 4884.0
594 4884.0
595 4884.0
596 4884.0
597 4853.0
598 4853.0
599 4853.0
600 4853.0
601 4853.0
602 4853.0
603 4853.0
604 4853.0
605 4853.0
606 4853.0
607 4853.0
618 4857.0
619 4857.0
620 4840.0
621 4840.0
622 4840.0
623 4840.0
624 4840.0
625 4840.0
626 4840.0
627 4840.0
628 4840.0
629 4840.0
630 4840.0
641 4892.0
642 4799.0
643 4594.0
644 4579.0
645 4579.0
646 4579.0
647 4579.0
648 4574.0
649 4574.0
650 4574.0
651 4574.0
652 4574.0
653 4574.0
654 4571.0
655 4571.0
656 4571.0
657 4571.0
658 3853.0
659 3749.0
660 3740.0
661 3726.0
662 3721.0
663 3687.0
664 3687.0
665 3687.0
666 3683.0
667 3683.0
668 3683.0
669 3682.0
670 3672.0
671 3672.0
672 3672.0
673 3672.0
674 3672.0
675 3672.0
676 3672.0
677 3672.0
678 3672.0
679 3670.0
680 3670.0
681 3668.0
682 3561.0
683 3561.0
684 3516.0
685 3506.0
686 3478.0
687 3478.0
688 3478.0
689 3478.0
690 3304.0
691 3304.0
692 3304.0
693 3304.0
694 3294.0
695 3294.0
696 3294.0
697 3288.0
698 3288.0
699 3288.0
700 3287.0
701 3287.0
702 3264.0
703 3264.0
704 3264.0
705 3229.0
706 3229.0
707 3229.0
708 3229.0
709 3229.0
710 3229.0
711 3229.0
712 3201.0
713 3201.0
714 3201.0
715 3187.0
716 3187.0
717 3187.0
718 3187.0
719 3187.0
720 3180.0
721 3180.0
722 3135.0
723 3134.0
724 3134.0
725 3134.0
726 3134.0
727 3134.0
728 3134.0
729 3130.0
730 3106.0
731 3106.0
732 3039.0
733 3039.0
734 3039.0
735 3039.0
736 3039.0
737 3039.0
738 3039.0
739 3039.0
740 3039.0
741 3031.0
742 3024.0
743 3024.0
744 3024.0
745 3024.0
746 3024.0
747 3024.0
748 3024.0
749 3024.0
750 3024.0
751 3024.0
752 3024.0
763 3011.0
764 3011.0
765 3011.0
766 3011.0
767 3011.0
768 3011.0
769 3011.0
770 3011.0
771 3011.0
772 3011.0
783 3000.0
784 3000.0
785 3000.0
786 3000.0
787 3000.0
788 3000.0
789 3000.0
790 3000.0
791 3000.0
792 3000.0
803 2929.0
804 2929.0
805 2929.0
806 2849.0
807 2849.0
808 2834.0
809 2834.0
810 2834.0
811 2834.0
812 2834.0
813 2834.0
814 2834.0
815 2834.0
816 2834.0
817 2834.0
818 2834.0
829 2867.0
830 2867.0
831 2867.0
832 2867.0
833 2867.0
834 2867.0
835 2867.0
836 2867.0
837 2867.0
838 2867.0
849 2841.0
850 2841.0
851 2839.0
852 2829.0
853 2791.0
854 2791.0
855 2791.0
856 2786.0
857 2786.0
858 2786.0
859 2786.0
860 2786.0
861 2786.0
862 2786.0
863 2786.0
864 2786.0
865 2786.0
866 2786.0
877 3115.0
878 3115.0
879 3115.0
880 3115.0
881 3115.0
882 3080.0
883 3080.0
884 3080.0
885 2999.0
886 2999.0
887 2999.0
888 2999.0
889 2999.0
890 2999.0
891 2998.0
892 2964.0
893 2964.0
894 2964.0
895 2964.0
896 2964.0
897 2964.0
898 2964.0
899 2964.0
900 2964.0
901 2964.0
902 2964.0
913 2958.0
914 2958.0
915 2955.0
916 2916.0
917 2916.0
918 2916.0
919 2916.0
920 2916.0
921 2916.0
922 2916.0
923 2916.0
924 2916.0
925 2875.0
926 2873.0
927 2873.0
928 2873.0
929 2873.0
930 2873.0
931 2873.0
932 2873.0
933 2863.0
934 2863.0
935 2863.0
936 2863.0
937 2863.0
938 2863.0
939 2863.0
940 2863.0
941 2863.0
942 2863.0
943 2863.0
954 2750.0
955 2750.0
956 2750.0
957 2750.0
958 2750.0
959 2750.0
960 2750.0
961 2750.0
962 2750.0
963 2750.0
964 2750.0
975 2424.0
976 2423.0
977 2422.0
978 2422.0
979 2422.0
980 2422.0
981 2422.0
982 2422.0
983 2422.0
984 2422.0
985 2422.0
986 2422.0
987 2422.0
998 2416.0
999 2416.0
1000 2416.0
1001 2408.0
1002 2408.0
1003 2408.0
1004 2408.0
1005 2408.0
1006 2408.0
1007 2386.0
1008 2384.0
1009 2042.0
1010 2042.0
1011 2042.0
1012 2042.0
1013 2040.0
1014 2040.0
1015 2040.0
1016 2040.0
1017 2040.0
1018 2040.0
1019 2040.0
1020 2040.0
1021 2040.0
1022 2040.0
1023 2040.0
1034 2051.0
1035 2051.0
1036 2051.0
1037 2051.0
1038 2051.0
1039 2051.0
1040 2051.0
1041 2051.0
1042 2051.0
1043 2026.0
1044 2026.0
1045 2026.0
1046 2026.0
1047 2026.0
1048 2026.0
1049 2026.0
1050 2026.0
1051 2026.0
1052 2026.0
1053 2026.0
1064 2069.0
1065 2069.0
1066 2069.0
1067 2069.0
1068 2069.0
1069 2062.0
1070 2062.0
1071 2062.0
1072 2062.0
1073 2062.0
1074 2062.0
1075 2062.0
1076 2062.0
1077 2062.0
1078 2062.0
1079 2050.0
1080 2050.0
1081 2050.0
1082 2050.0
1083 2050.0
1084 2050.0
1085 2050.0
1086 2050.0
1087 2050.0
1088 2050.0
1089 2050.0
1100 1912.0
1101 1912.0
1102 1912.0
1103 1912.0
1104 1912.0
1105 1912.0
1106 1912.0
1107 1912.0
1108 1912.0
1109 1912.0
1120 1897.0
1121 1883.0
1122 1883.0
1123 1883.0
1124 1883.0
1125 1883.0
1126 1883.0
1127 1883.0
1128 1883.0
1129 1883.0
1130 1883.0
1131 1883.0
1142 1875.0
1143 1875.0
1144 1865.0
1145 1865.0
1146 1865.0
1147 1865.0
1148 1865.0
1149 1865.0
1150 1865.0
1151 1865.0
1152 1839.0
1153 1839.0
1154 1839.0
1155 1839.0
1156 1839.0
1157 1839.0
1158 1839.0
1159 1839.0
1160 1839.0
1161 1839.0
1162 1839.0
1173 1883.0
1174 1883.0
1175 1883.0
1176 1883.0
1177 1883.0
1178 1883.0
1179 1883.0
1180 1883.0
1181 1865.0
1182 1865.0
1183 1865.0
1184 1865.0
1185 1837.0
1186 1837.0
1187 1837.0
1188 1837.0
1189 1837.0
1190 1837.0
1191 1837.0
1192 1837.0
1193 1837.0
1194 1837.0
1195 1837.0
1206 1859.0
1207 1859.0
1208 1859.0
1209 1859.0
1210 1859.0
1211 1859.0
1212 1859.0
1213 1859.0
1214 1859.0
1215 1859.0
1216 1859.0
1227 1853.0
1228 1853.0
1229 1853.0
1230 1853.0
1231 1853.0
1232 1853.0
1233 1853.0
1234 1853.0
1235 1853.0
1236 1853.0
1247 1899.0
1248 1899.0
1249 1899.0
1250 1899.0
1251 1899.0
1252 1899.0
1253 1880.0
1254 1880.0
1255 1880.0
1256 1880.0
1257 1880.0
1258 1790.0
1259 1790.0
1260 1790.0
1261 1781.0
1262 1781.0
1263 1781.0
1264 1781.0
1265 1781.0
1266 1781.0
1267 1780.0
1268 1780.0
1269 1773.0
1270 1773.0
1271 1773.0
1272 1770.0
1273 1770.0
1274 1770.0
1275 1770.0
1276 1770.0
1277 1770.0
1278 1770.0
1279 1770.0
1280 1770.0
1281 1770.0
1282 1770.0
1293 1773.0
1294 1773.0
1295 1773.0
1296 1773.0
1297 1773.0
1298 1773.0
1299 1773.0
1300 1768.0
1301 1768.0
1302 1768.0
1303 1767.0
1304 1730.0
1305 1730.0
1306 1730.0
1307 1730.0
1308 1730.0
1309 1730.0
1310 1730.0
1311 1730.0
1312 1730.0
1313 1715.0
1314 1715.0
1315 1703.0
1316 1703.0
1317 1703.0
1318 1703.0
1319 1703.0
1320 1703.0
1321 1703.0
1322 1703.0
1323 1703.0
1324 1703.0
1325 1703.0
1336 1719.0
1337 1719.0
1338 1719.0
1339 1719.0
1340 1701.0
1341 1701.0
1342 1692.0
1343 1691.0
1344 1689.0
1345 1687.0
1346 1682.0
1347 1682.0
1348 1680.0
1349 1680.0
1350 1668.0
1351 1668.0
1352 1668.0
1353 1642.0
1354 1642.0
1355 1638.0
1356 1638.0
1357 1638.0
1358 1638.0
1359 1638.0
1360 1638.0
1361 1636.0
1362 1634.0
1363 1634.0
1364 1542.0
1365 1516.0
1366 1516.0
1367 1513.0
1368 1513.0
1369 1513.0
1370 1513.0
1371 1513.0
1372 1512.0
1373 1512.0
1374 1512.0
1375 1512.0
1376 1512.0
1377 1512.0
1378 1512.0
1379 1465.0
1380 1465.0
1381 1465.0
1382 1460.0
1383 1460.0
1384 1460.0
1385 1460.0
1386 1458.0
1387 1458.0
1388 1458.0
1389 1458.0
1390 1456.0
1391 1438.0
1392 1438.0
1393 1438.0
1394 1438.0
1395 1435.0
1396 1429.0
1397 1429.0
1398 1429.0
1399 1422.0
1400 1422.0
1401 1422.0
1402 1422.0
1403 1422.0
1404 1422.0
1405 1422.0
1406 1422.0
1407 1422.0
1408 1422.0
1409 1422.0
1420 1420.0
1421 1420.0
1422 1420.0
1423 1420.0
1424 1420.0
1425 1420.0
1426 1420.0
1427 1420.0
1428 1418.0
1429 1418.0
1430 1418.0
1431 1418.0
1432 1418.0
1433 1416.0
1434 1416.0
1435 1416.0
1436 1416.0
1437 1411.0
1438 1411.0
1439 1411.0
1440 1411.0
1441 1411.0
1442 1411.0
1443 1411.0
1444 1373.0
1445 1369.0
1446 1365.0
1447 1365.0
1448 1365.0
1449 1354.0
1450 1354.0
1451 1353.0
1452 1332.0
1453 1331.0
1454 1324.0
1455 1324.0
1456 1324.0
1457 1324.0
1458 1323.0
1459 1323.0
1460 1299.0
1461 1293.0
1462 1293.0
1463 1293.0
1464 1293.0
1465 1293.0
1466 1293.0
1467 1274.0
1468 1274.0
1469 1274.0
1470 1274.0
1471 1274.0
1472 1274.0
1473 1274.0
1474 1274.0
1475 1274.0
1476 1274.0
1477 1274.0
1488 1275.0
1489 1275.0
1490 1275.0
1491 1275.0
1492 1263.0
1493 1263.0
1494 1263.0
1495 1263.0
1496 1263.0
1497 1263.0
1498 1263.0
1499 1263.0
1500 1263.0
1501 1263.0
1502 1263.0
1513 1260.0
1514 1260.0
1515 1260.0
1516 1260.0
1517 1260.0
1518 1260.0
1519 1260.0
1520 1260.0
1521 1260.0
1522 1260.0
1533 1260.0
1534 1260.0
1535 1260.0
1536 1260.0
1537 1260.0
1538 1259.0
1539 1259.0
1540 1259.0
1541 1259.0
1542 1248.0
1543 1248.0
1544 1248.0
1545 1248.0
1546 1248.0
1547 1248.0
1548 1248.0
1549 1248.0
1550 1248.0
1551 1248.0
1552 1248.0
1563 1252.0
1564 1252.0
1565 1252.0
1566 1252.0
1567 1252.0
1568 1252.0
1569 1252.0
1570 1252.0
1571 1252.0
1572 1252.0
1583 1254.0
1584 1254.0
1585 1254.0
1586 1254.0
1587 1254.0
1588 1254.0
1589 1254.0
1590 1254.0
1591 1254.0
1592 1254.0
1603 1266.0
1604 1266.0
1605 1266.0
1606 1266.0
1607 1266.0
1608 1266.0
1609 1266.0
1610 1266.0
1611 1264.0
1612 1264.0
1613 1264.0
1614 1244.0
1615 1244.0
1616 1244.0
1617 1244.0
1618 1244.0
1619 1244.0
1620 1244.0
1621 1236.0
1622 1236.0
1623 1236.0
1624 1236.0
1625 1236.0
1626 1236.0
1627 1236.0
1628 1236.0
1629 1236.0
1630 1236.0
1631 1236.0
1642 1243.0
1643 1243.0
1644 1243.0
1645 1243.0
1646 1243.0
1647 1243.0
1648 1243.0
1649 1243.0
1650 1227.0
1651 1227.0
1652 1227.0
1653 1227.0
1654 1227.0
1655 1227.0
1656 1227.0
1657 1227.0
1658 1227.0
1659 1227.0
1660 1227.0
1671 1247.0
1672 1247.0
1673 1247.0
1674 1247.0
1675 1247.0
1676 1247.0
1677 1247.0
1678 1247.0
1679 1247.0
1680 1247.0
1691 1226.0
1692 1226.0
1693 1226.0
1694 1226.0
1695 1226.0
1696 1226.0
1697 1226.0
1698 1226.0
1699 1226.0
1700 1226.0
1711 1223.0
1712 1218.0
1713 1216.0
1714 1215.0
1715 1206.0
1716 1206.0
1717 1199.0
1718 1198.0
1719 1198.0
1720 1198.0
1721 1198.0
1722 1198.0
1723 1198.0
1724 1198.0
1725 1198.0
1726 1195.0
1727 1195.0
1728 1195.0
1729 1195.0
1730 1195.0
1731 1195.0
1732 1183.0
1733 1183.0
1734 1183.0
1735 1163.0
1736 1163.0
1737 1162.0
1738 1162.0
1739 1162.0
1740 1162.0
1741 1162.0
1742 1162.0
1743 1162.0
1744 1162.0
1745 1162.0
1746 1162.0
1747 1162.0
1758 1154.0
1759 1154.0
1760 1154.0
1761 1154.0
1762 1154.0
1763 1154.0
1764 1154.0
1765 1154.0
1766 1154.0
1767 1154.0
1778 1119.0
1779 1119.0
1780 1119.0
1781 1119.0
1782 1117.0
1783 1117.0
1784 1104.0
1785 1104.0
1786 1104.0
1787 1104.0
1788 1104.0
1789 1104.0
1790 1104.0
1791 1104.0
1792 1104.0
1793 1104.0
1794 1104.0
1805 1104.0
1806 1104.0
1807 1104.0
1808 1104.0
1809 1104.0
1810 1104.0
1811 1104.0
1812 1104.0
1813 1104.0
1814 1092.0
1815 1092.0
1816 1073.0
1817 1073.0
1818 1073.0
1819 1073.0
1820 1073.0
1821 1073.0
1822 1065.0
1823 1065.0
1824 1065.0
1825 1065.0
1826 1065.0
1827 1065.0
1828 1065.0
1829 1065.0
1830 1065.0
1831 1065.0
1832 1065.0
1843 1180.0
1844 1180.0
1845 1180.0
1846 1077.0
1847 1077.0
1848 1077.0
1849 1077.0
1850 1077.0
1851 1077.0
1852 1077.0
1853 1077.0
1854 1077.0
1855 1077.0
1856 1077.0
1867 1075.0
1868 1071.0
1869 1071.0
1870 986.0
1871 983.0
1872 979.0
1873 979.0
1874 979.0
1875 977.0
1876 972.0
1877 970.0
1878 966.0
1879 960.0
1880 960.0
1881 960.0
1882 960.0
1883 960.0
1884 956.0
1885 956.0
1886 956.0
1887 953.0
1888 953.0
1889 953.0
1890 953.0
1891 951.0
1892 951.0
1893 951.0
1894 951.0
1895 946.0
1896 946.0
1897 946.0
1898 946.0
1899 945.0
1900 945.0
1901 945.0
1902 945.0
1903 945.0
1904 945.0
1905 945.0
1906 944.0
1907 944.0
1908 943.0
1909 943.0
1910 943.0
1911 943.0
1912 943.0
1913 943.0
1914 943.0
1915 943.0
1916 943.0
1917 943.0
1918 943.0
1929 936.0
1930 936.0
1931 936.0
1932 936.0
1933 936.0
1934 936.0
1935 936.0
1936 936.0
1937 936.0
1938 936.0
1939 936.0
1950 928.0
1951 926.0
1952 920.0
1953 920.0
1954 920.0
1955 920.0
1956 920.0
1957 920.0
1958 920.0
1959 920.0
1960 917.0
1961 917.0
1962 917.0
1963 917.0
1964 917.0
1965 915.0
1966 915.0
1967 915.0
1968 915.0
1969 915.0
1970 915.0
1971 915.0
1972 915.0
1973 915.0
1974 915.0
1975 915.0
1986 912.0
1987 912.0
1988 912.0
1989 912.0
1990 912.0
1991 912.0
1992 912.0
1993 912.0
1994 912.0
1995 912.0
2006 902.0
2007 902.0
2008 902.0
2009 902.0
2010 902.0
2011 902.0
2012 902.0
2013 902.0
2014 902.0
2015 902.0
2026 902.0
2027 902.0
2028 902.0
2029 902.0
2030 902.0
2031 902.0
2032 897.0
2033 897.0
2034 897.0
2035 897.0
2036 897.0
2037 897.0
2038 897.0
2039 897.0
2040 897.0
2041 897.0
2042 897.0
2053 897.0
2054 897.0
2055 897.0
2056 897.0
2057 897.0
2058 897.0
2059 897.0
2060 897.0
2061 897.0
2062 897.0
2073 853.0
2074 853.0
2075 853.0
2076 853.0
2077 853.0
2078 853.0
2079 853.0
2080 853.0
2081 853.0
2082 853.0
2083 853.0
2094 848.0
2095 847.0
2096 847.0
2097 847.0
2098 847.0
2099 847.0
2100 847.0
2101 847.0
2102 847.0
2103 847.0
2104 847.0
2105 847.0
2116 830.0
2117 830.0
2118 830.0
2119 830.0
2120 830.0
2121 830.0
2122 830.0
2123 830.0
2124 830.0
2125 829.0
2126 829.0
2127 829.0
2128 829.0
2129 829.0
2130 829.0
2131 829.0
2132 829.0
2133 829.0
2134 828.0
2135 828.0
2136 828.0
2137 828.0
2138 828.0
2139 828.0
2140 828.0
2141 828.0
2142 828.0
2143 826.0
2144 826.0
2145 826.0
2146 826.0
2147 826.0
2148 826.0
2149 826.0
2150 826.0
2151 826.0
2152 826.0
2153 826.0
2164 827.0
2165 827.0
2166 827.0
2167 827.0
2168 827.0
2169 827.0
2170 827.0
2171 825.0
2172 825.0
2173 825.0
2174 825.0
2175 825.0
2176 825.0
2177 825.0
2178 825.0
2179 825.0
2180 825.0
2181 825.0
2192 837.0
2193 837.0
2194 837.0
2195 837.0
2196 837.0
2197 837.0
2198 837.0
2199 830.0
2200 830.0
2201 830.0
2202 827.0
2203 827.0
2204 827.0
2205 827.0
2206 827.0
2207 827.0
2208 827.0
2209 814.0
2210 814.0
2211 814.0
2212 814.0
2213 814.0
2214 814.0
2215 814.0
2216 814.0
2217 814.0
2218 814.0
2219 814.0
2230 816.0
2231 795.0
2232 795.0
2233 795.0
2234 795.0
2235 795.0
2236 795.0
2237 795.0
2238 792.0
2239 792.0
2240 792.0
2241 792.0
2242 792.0
2243 792.0
2244 792.0
2245 792.0
2246 792.0
2247 792.0
2248 792.0
2259 798.0
2260 798.0
2261 796.0
2262 796.0
2263 796.0
2264 796.0
2265 796.0
2266 796.0
2267 789.0
2268 789.0
2269 789.0
2270 789.0
2271 789.0
2272 789.0
2273 789.0
2274 789.0
2275 789.0
2276 789.0
2277 789.0
2288 794.0
2289 789.0
2290 789.0
2291 789.0
2292 789.0
2293 789.0
2294 789.0
2295 789.0
2296 787.0
2297 787.0
2298 787.0
2299 787.0
2300 787.0
2301 787.0
2302 787.0
2303 787.0
2304 787.0
2305 787.0
2306 787.0
2317 793.0
2318 793.0
2319 793.0
2320 793.0
2321 793.0
2322 793.0
2323 793.0
2324 793.0
2325 793.0
2326 793.0
2337 793.0
2338 793.0
2339 793.0
2340 793.0
2341 793.0
2342 793.0
2343 793.0
2344 793.0
2345 791.0
2346 783.0
2347 782.0
2348 782.0
2349 781.0
2350 781.0
2351 781.0
2352 781.0
2353 781.0
2354 781.0
2355 781.0
2356 781.0
2357 781.0
2358 781.0
2359 781.0
2370 784.0
2371 784.0
2372 784.0
2373 784.0
2374 784.0
2375 784.0
2376 784.0
2377 784.0
2378 784.0
2379 784.0
2390 786.0
2391 786.0
2392 781.0
2393 781.0
2394 781.0
2395 781.0
2396 781.0
2397 781.0
2398 781.0
2399 781.0
2400 781.0
2401 781.0
2402 781.0
2413 790.0
2414 790.0
2415 790.0
2416 790.0
2417 790.0
2418 786.0
2419 786.0
2420 786.0
2421 781.0
2422 781.0
2423 781.0
2424 781.0
2425 781.0
2426 781.0
2427 781.0
2428 778.0
2429 778.0
2430 778.0
2431 778.0
2432 778.0
2433 778.0
2434 778.0
2435 778.0
2436 778.0
2437 778.0
2438 778.0
2449 773.0
2450 773.0
2451 773.0
2452 773.0
2453 773.0
2454 773.0
2455 773.0
2456 773.0
2457 773.0
2458 773.0
2469 802.0
2470 802.0
2471 802.0
2472 802.0
2473 802.0
2474 802.0
2475 802.0
2476 802.0
2477 802.0
2478 802.0
2489 803.0
2490 800.0
2491 800.0
2492 800.0
2493 800.0
2494 800.0
2495 800.0
2496 800.0
2497 800.0
2498 800.0
2499 800.0
2500 800.0
2511 796.0
2512 796.0
2513 796.0
2514 795.0
2515 795.0
2516 795.0
2517 795.0
2518 795.0
2519 795.0
2520 795.0
2521 795.0
2522 795.0
2523 795.0
2524 795.0
2535 801.0
2536 801.0
2537 801.0
2538 801.0
2539 801.0
2540 801.0
2541 801.0
2542 801.0
2543 801.0
2544 801.0
2555 802.0
2556 802.0
2557 802.0
2558 802.0
2559 802.0
2560 802.0
2561 802.0
2562 802.0
2563 802.0
2564 802.0
2575 800.0
2576 800.0
2577 799.0
2578 799.0
2579 799.0
2580 799.0
2581 799.0
2582 799.0
2583 799.0
2584 799.0
2585 799.0
2586 799.0
2587 799.0
2598 798.0
2599 798.0
2600 798.0
2601 796.0
2602 796.0
2603 796.0
2604 796.0
2605 796.0
2606 796.0
2607 796.0
2608 796.0
2609 796.0
2610 796.0
2611 792.0
2612 792.0
2613 792.0
2614 792.0
2615 792.0
2616 792.0
2617 792.0
2618 792.0
2619 792.0
2620 792.0
2621 792.0
2632 792.0
2633 792.0
2634 792.0
2635 792.0
2636 792.0
2637 792.0
2638 792.0
2639 792.0
2640 792.0
2641 792.0
2652 794.0
2653 794.0
2654 794.0
2655 794.0
2656 794.0
2657 794.0
2658 794.0
2659 794.0
2660 794.0
2661 794.0
2672 803.0
2673 803.0
2674 803.0
2675 803.0
2676 803.0
2677 803.0
2678 803.0
2679 802.0
2680 802.0
2681 802.0
2682 802.0
2683 802.0
2684 802.0
2685 802.0
2686 802.0
2687 802.0
2688 798.0
2689 798.0
2690 798.0
2691 798.0
2692 798.0
2693 798.0
2694 798.0
2695 798.0
2696 797.0
2697 797.0
2698 797.0
2699 797.0
2700 797.0
2701 797.0
2702 797.0
2703 797.0
2704 797.0
2705 795.0
2706 795.0
2707 795.0
2708 795.0
2709 795.0
2710 795.0
2711 795.0
2712 795.0
2713 794.0
2714 794.0
2715 794.0
2716 794.0
2717 794.0
2718 794.0
2719 792.0
2720 791.0
2721 791.0
2722 791.0
2723 791.0
2724 791.0
2725 791.0
2726 791.0
2727 791.0
2728 791.0
2729 765.0
2730 765.0
2731 765.0
2732 765.0
2733 765.0
2734 765.0
2735 765.0
2736 765.0
2737 765.0
2738 765.0
2739 765.0
2750 767.0
2751 767.0
2752 767.0
2753 767.0
2754 767.0
2755 767.0
2756 767.0
2757 767.0
2758 767.0
2759 767.0
2770 806.0
2771 806.0
2772 806.0
2773 806.0
2774 806.0
2775 806.0
2776 806.0
2777 806.0
2778 806.0
2779 806.0
2790 808.0
2791 808.0
2792 808.0
2793 808.0
2794 808.0
2795 808.0
2796 808.0
2797 808.0
2798 808.0
2799 807.0
2800 807.0
2801 807.0
2802 807.0
2803 807.0
2804 807.0
2805 807.0
2806 807.0
2807 807.0
2808 807.0
2809 807.0
2820 806.0
2821 806.0
2822 806.0
2823 806.0
2824 806.0
2825 806.0
2826 806.0
2827 806.0
2828 806.0
2829 806.0
2840 806.0
2841 806.0
2842 806.0
2843 806.0
2844 787.0
2845 787.0
2846 787.0
2847 787.0
2848 787.0
2849 787.0
2850 787.0
2851 787.0
2852 787.0
2853 787.0
2854 787.0
2865 785.0
2866 785.0
2867 785.0
2868 785.0
2869 785.0
2870 785.0
2871 785.0
2872 785.0
2873 785.0
2874 785.0
2885 812.0
2886 812.0
2887 812.0
2888 812.0
2889 812.0
2890 812.0
2891 801.0
2892 801.0
2893 801.0
2894 801.0
2895 801.0
2896 801.0
2897 801.0
2898 801.0
2899 801.0
2900 801.0
2901 801.0
2912 806.0
2913 806.0
2914 806.0
2915 806.0
2916 806.0
2917 806.0
2918 806.0
2919 806.0
2920 806.0
2921 806.0
2922 806.0
2933 799.0
2934 799.0
2935 799.0
2936 799.0
2937 799.0
2938 799.0
2939 799.0
2940 799.0
2941 799.0
2942 798.0
2943 798.0
2944 798.0
2945 798.0
2946 798.0
2947 798.0
2948 798.0
2949 798.0
2950 798.0
2951 798.0
2952 773.0
2953 773.0
2954 770.0
2955 770.0
2956 770.0
2957 767.0
2958 767.0
2959 767.0
2960 766.0
2961 766.0
2962 766.0
2963 766.0
2964 766.0
2965 766.0
2966 762.0
2967 757.0
2968 757.0
2969 757.0
2970 757.0
2971 757.0
2972 757.0
2973 757.0
2974 757.0
2975 757.0
2976 757.0
2977 757.0
2988 755.0
2989 755.0
2990 755.0
2991 755.0
2992 755.0
2993 753.0
2994 753.0
2995 753.0
2996 753.0
2997 753.0
2998 753.0
2999 753.0
3000 753.0
3001 753.0
3002 753.0
3003 753.0
3014 755.0
3015 755.0
3016 755.0
3017 755.0
3018 755.0
3019 755.0
3020 755.0
3021 755.0
3022 755.0
3023 755.0
3034 753.0
3035 753.0
3036 751.0
3037 751.0
3038 751.0
3039 751.0
3040 745.0
3041 745.0
3042 745.0
3043 745.0
3044 745.0
3045 745.0
3046 745.0
3047 745.0
3048 745.0
3049 745.0
3050 745.0
3061 749.0
3062 749.0
3063 748.0
3064 748.0
3065 748.0
3066 748.0
3067 748.0
3068 748.0
3069 748.0
3070 748.0
3071 748.0
3072 748.0
3073 748.0
3084 749.0
3085 749.0
3086 749.0
3087 749.0
3088 749.0
3089 749.0
3090 749.0
3091 749.0
3092 749.0
3093 749.0
3104 821.0
3105 821.0
3106 821.0
3107 821.0
3108 821.0
3109 821.0
3110 821.0
3111 821.0
3112 748.0
3113 748.0
3114 748.0
3115 748.0
3116 745.0
3117 745.0
3118 745.0
3119 745.0
3120 745.0
3121 745.0
3122 745.0
3123 745.0
3124 745.0
3125 745.0
3126 745.0
3137 749.0
3138 749.0
3139 745.0
3140 745.0
3141 745.0
3142 745.0
3143 745.0
3144 745.0
3145 745.0
3146 745.0
3147 745.0
3148 745.0
3149 745.0
3160 752.0
3161 752.0
3162 747.0
3163 747.0
3164 686.0
3165 682.0
3166 679.0
3167 677.0
3168 672.0
3169 672.0
3170 672.0
3171 672.0
3172 671.0
3173 671.0
3174 671.0
3175 670.0
3176 670.0
3177 670.0
3178 670.0
3179 670.0
3180 670.0
3181 670.0
3182 670.0
3183 670.0
3184 670.0
3185 670.0
3196 661.0
3197 661.0
3198 661.0
3199 661.0
3200 661.0
3201 661.0
3202 661.0
3203 661.0
3204 661.0
3205 660.0
3206 660.0
3207 660.0
3208 660.0
3209 660.0
3210 645.0
3211 645.0
3212 645.0
3213 645.0
3214 645.0
3215 645.0
3216 645.0
3217 645.0
3218 645.0
3219 645.0
3220 644.0
3221 644.0
3222 644.0
3223 644.0
3224 644.0
3225 644.0
3226 644.0
3227 644.0
3228 644.0
3229 644.0
3230 640.0
3231 637.0
3232 637.0
3233 637.0
3234 637.0
3235 637.0
3236 637.0
3237 637.0
3238 637.0
3239 637.0
3240 637.0
3241 637.0
3252 637.0
3253 637.0
3254 634.0
3255 634.0
3256 634.0
3257 634.0
3258 634.0
3259 634.0
3260 634.0
3261 634.0
3262 634.0
3263 634.0
3264 634.0
3275 629.0
3276 629.0
3277 629.0
3278 629.0
3279 629.0
3280 629.0
3281 629.0
3282 629.0
3283 629.0
3284 629.0
3285 629.0
3296 629.0
3297 629.0
3298 629.0
3299 629.0
3300 629.0
3301 629.0
3302 629.0
3303 629.0
3304 629.0
3305 629.0
3316 629.0
3317 629.0
3318 629.0
3319 629.0
3320 629.0
3321 629.0
3322 629.0
3323 629.0
3324 629.0
3325 629.0
3336 631.0
3337 631.0
3338 631.0
3339 627.0
3340 627.0
3341 627.0
3342 627.0
3343 627.0
3344 627.0
3345 627.0
3346 627.0
3347 627.0
3348 627.0
3349 627.0
3360 629.0
3361 629.0
3362 629.0
3363 629.0
3364 629.0
3365 629.0
3366 629.0
3367 629.0
3368 629.0
3369 629.0
3380 629.0
3381 629.0
3382 629.0
3383 629.0
3384 629.0
3385 629.0
3386 629.0
3387 629.0
3388 629.0
3389 629.0
3400 624.0
3401 624.0
3402 624.0
3403 622.0
3404 622.0
3405 622.0
3406 622.0
3407 622.0
3408 622.0
3409 622.0
3410 622.0
3411 622.0
3412 622.0
3413 621.0
3414 621.0
3415 621.0
3416 621.0
3417 621.0
3418 621.0
3419 621.0
3420 621.0
3421 621.0
3422 621.0
3423 621.0
3434 619.0
3435 619.0
3436 619.0
3437 619.0
3438 619.0
3439 619.0
3440 617.0
3441 617.0
3442 617.0
3443 617.0
3444 617.0
3445 617.0
3446 617.0
3447 617.0
3448 617.0
3449 617.0
3450 617.0
3461 621.0
3462 621.0
3463 619.0
3464 617.0
3465 617.0
3466 617.0
3467 617.0
3468 617.0
3469 617.0
3470 617.0
3471 617.0
3472 617.0
3473 617.0
3474 617.0
3485 618.0
3486 618.0
3487 618.0
3488 618.0
3489 618.0
3490 618.0
3491 615.0
3492 615.0
3493 615.0
3494 615.0
3495 615.0
3496 615.0
3497 615.0
3498 615.0
3499 615.0
3500 615.0
3501 615.0
3512 618.0
3513 618.0
3514 618.0
3515 618.0
3516 617.0
3517 601.0
3518 601.0
3519 601.0
3520 601.0
3521 601.0
3522 601.0
3523 601.0
3524 601.0
3525 601.0
3526 601.0
3527 601.0
3538 596.0
3539 596.0
3540 596.0
3541 596.0
3542 596.0
3543 596.0
3544 596.0
3545 596.0
3546 596.0
3547 596.0
3558 600.0
3559 600.0
3560 600.0
3561 600.0
3562 600.0
3563 600.0
3564 600.0
3565 600.0
3566 600.0
3567 600.0
3578 602.0
3579 602.0
3580 602.0
3581 602.0
3582 602.0
3583 602.0
3584 602.0
3585 602.0
3586 602.0
3587 602.0
3598 598.0
3599 598.0
3600 598.0
3601 598.0
3602 598.0
3603 598.0
3604 598.0
3605 598.0
3606 598.0
3607 598.0
3618 599.0
3619 599.0
3620 599.0
3621 599.0
3622 599.0
3623 599.0
3624 599.0
3625 599.0
3626 599.0
3627 599.0
3638 603.0
3639 603.0
3640 603.0
3641 603.0
3642 603.0
3643 603.0
3644 603.0
3645 603.0
3646 603.0
3647 603.0
3658 606.0
3659 606.0
3660 606.0
3661 606.0
3662 606.0
3663 606.0
3664 606.0
3665 606.0
3666 606.0
3667 606.0
3678 608.0
3679 608.0
3680 608.0
3681 608.0
3682 608.0
3683 608.0
3684 608.0
3685 608.0
3686 607.0
3687 607.0
3688 607.0
3689 607.0
3690 607.0
3691 607.0
3692 607.0
3693 607.0
3694 607.0
3695 607.0
3696 607.0
3707 606.0
3708 606.0
3709 606.0
3710 606.0
3711 606.0
3712 606.0
3713 606.0
3714 606.0
3715 606.0
3716 606.0
3727 605.0
3728 605.0
3729 605.0
3730 605.0
3731 605.0
3732 605.0
3733 605.0
3734 605.0
3735 605.0
3736 605.0
3747 607.0
3748 606.0
3749 606.0
3750 606.0
3751 606.0
3752 606.0
3753 606.0
3754 606.0
3755 606.0
3756 606.0
3757 606.0
3758 606.0
3769 606.0
3770 606.0
3771 606.0
3772 606.0
3773 606.0
3774 606.0
3775 606.0
3776 606.0
3777 606.0
3778 606.0
3789 607.0
3790 607.0
3791 607.0
3792 607.0
3793 607.0
3794 607.0
3795 607.0
3796 607.0
3797 607.0
3798 607.0
3809 602.0
3810 602.0
3811 602.0
3812 602.0
3813 602.0
3814 602.0
3815 602.0
3816 602.0
3817 602.0
3818 602.0
3829 602.0
3830 602.0
3831 602.0
3832 602.0
3833 602.0
3834 602.0
3835 602.0
3836 602.0
3837 602.0
3838 602.0
3849 603.0
3850 603.0
3851 603.0
3852 603.0
3853 603.0
3854 603.0
3855 603.0
3856 603.0
3857 603.0
3858 603.0
3859 603.0
3870 598.0
3871 598.0
3872 598.0
3873 598.0
3874 598.0
3875 598.0
3876 598.0
3877 598.0
3878 598.0
3879 598.0
3890 616.0
3891 616.0
3892 616.0
3893 616.0
3894 616.0
3895 616.0
3896 616.0
3897 616.0
3898 616.0
3899 616.0
3910 627.0
3911 627.0
3912 626.0
3913 626.0
3914 624.0
3915 624.0
3916 624.0
3917 624.0
3918 624.0
3919 606.0
3920 606.0
3921 606.0
3922 606.0
3923 601.0
3924 601.0
3925 601.0
3926 601.0
3927 601.0
3928 601.0
3929 601.0
3930 601.0
3931 601.0
3932 601.0
3933 601.0
3944 601.0
3945 601.0
3946 601.0
3947 601.0
3948 601.0
3949 601.0
3950 601.0
3951 601.0
3952 601.0
3953 601.0
3954 601.0
3965 595.0
3966 595.0
3967 595.0
3968 595.0
3969 595.0
3970 595.0
3971 595.0
3972 595.0
3973 595.0
3974 595.0
3985 593.0
3986 593.0
3987 593.0
3988 593.0
3989 593.0
3990 593.0
3991 593.0
3992 593.0
3993 593.0
3994 593.0
4005 584.0
4006 584.0
4007 584.0
4008 584.0
4009 584.0
4010 584.0
4011 584.0
4012 584.0
4013 584.0
4014 584.0
4025 590.0
4026 590.0
4027 590.0
4028 590.0
4029 590.0
4030 590.0
4031 590.0
4032 590.0
4033 590.0
4034 590.0
4045 590.0
4046 590.0
4047 590.0
4048 590.0
4049 590.0
4050 590.0
4051 590.0
4052 590.0
4053 590.0
4054 590.0
4055 590.0
4066 591.0
4067 591.0
4068 591.0
4069 591.0
4070 591.0
4071 591.0
4072 591.0
4073 591.0
4074 591.0
4075 591.0
4086 589.0
4087 589.0
4088 581.0
4089 581.0
4090 581.0
4091 581.0
4092 581.0
4093 581.0
4094 581.0
4095 581.0
4096 581.0
4097 581.0
4098 581.0
4109 585.0
4110 585.0
4111 585.0
4112 585.0
4113 584.0
4114 584.0
4115 584.0
4116 582.0
4117 580.0
4118 580.0
4119 580.0
4120 580.0
4121 580.0
4122 580.0
4123 580.0
4124 580.0
4125 580.0
4126 580.0
4127 580.0
4138 581.0
4139 581.0
4140 581.0
4141 579.0
4142 577.0
4143 577.0
4144 577.0
4145 577.0
4146 577.0
4147 577.0
4148 577.0
4149 577.0
4150 577.0
4151 577.0
4152 577.0
4163 582.0
4164 581.0
4165 581.0
4166 581.0
4167 581.0
4168 581.0
4169 579.0
4170 579.0
4171 579.0
4172 579.0
4173 579.0
4174 579.0
4175 579.0
4176 579.0
4177 579.0
4178 579.0
4179 579.0
4190 579.0
4191 579.0
4192 579.0
4193 579.0
4194 579.0
4195 579.0
4196 579.0
4197 579.0
4198 579.0
4199 579.0
4210 577.0
4211 577.0
4212 577.0
4213 577.0
4214 577.0
4215 577.0
4216 577.0
4217 577.0
4218 577.0
4219 577.0
4230 585.0
4231 585.0
4232 585.0
4233 585.0
4234 585.0
4235 585.0
4236 585.0
4237 585.0
4238 585.0
4239 585.0
4250 584.0
4251 584.0
4252 584.0
4253 584.0
4254 584.0
4255 584.0
4256 584.0
4257 584.0
4258 584.0
4259 584.0
4270 585.0
4271 585.0
4272 581.0
4273 581.0
4274 581.0
4275 581.0
4276 581.0
4277 581.0
4278 581.0
4279 581.0
4280 581.0
4281 581.0
4282 581.0
4293 579.0
4294 579.0
4295 579.0
4296 579.0
4297 579.0
4298 579.0
4299 579.0
4300 579.0
4301 579.0
4302 579.0
4313 583.0
4314 583.0
4315 583.0
4316 583.0
4317 583.0
4318 583.0
4319 583.0
4320 583.0
4321 583.0
4322 583.0
4333 577.0
4334 577.0
4335 577.0
4336 577.0
4337 574.0
4338 574.0
4339 574.0
4340 574.0
4341 574.0
4342 574.0
4343 574.0
4344 574.0
4345 574.0
4346 574.0
4347 574.0
4358 575.0
4359 575.0
4360 575.0
4361 575.0
4362 575.0
4363 575.0
4364 575.0
4365 575.0
4366 574.0
4367 574.0
4368 574.0
4369 574.0
4370 574.0
4371 574.0
4372 574.0
4373 574.0
4374 574.0
4375 574.0
4376 574.0
4387 576.0
4388 576.0
4389 576.0
4390 576.0
4391 576.0
4392 576.0
4393 576.0
4394 576.0
4395 576.0
4396 576.0
4407 578.0
4408 578.0
4409 578.0
4410 578.0
4411 578.0
4412 578.0
4413 578.0
4414 577.0
4415 577.0
4416 577.0
4417 577.0
4418 577.0
4419 577.0
4420 577.0
4421 576.0
4422 576.0
4423 576.0
4424 576.0
4425 576.0
4426 576.0
4427 576.0
4428 576.0
4429 576.0
4430 576.0
4431 576.0
4442 577.0
4443 577.0
4444 577.0
4445 577.0
4446 577.0
4447 577.0
4448 577.0
4449 577.0
4450 577.0
4451 577.0
4452 577.0
4463 577.0
4464 577.0
4465 577.0
4466 577.0
4467 577.0
4468 576.0
4469 576.0
4470 576.0
4471 576.0
4472 576.0
4473 576.0
4474 576.0
4475 576.0
4476 576.0
4477 576.0
4478 576.0
4489 577.0
4490 577.0
4491 577.0
4492 577.0
4493 577.0
4494 577.0
4495 577.0
4496 577.0
4497 577.0
4498 577.0
4509 573.0
4510 573.0
4511 573.0
4512 573.0
4513 573.0
4514 573.0
4515 573.0
4516 573.0
4517 573.0
4518 573.0
4529 575.0
4530 575.0
4531 573.0
4532 573.0
4533 573.0
4534 573.0
4535 573.0
4536 573.0
4537 573.0
4538 573.0
4539 573.0
4540 573.0
4541 573.0
4552 573.0
4553 573.0
4554 573.0
4555 573.0
4556 573.0
4557 573.0
4558 573.0
4559 573.0
4560 573.0
4561 573.0
4572 575.0
4573 575.0
4574 575.0
4575 575.0
4576 575.0
4577 575.0
4578 575.0
4579 575.0
4580 575.0
4581 575.0
4582 575.0
4593 573.0
4594 573.0
4595 573.0
4596 573.0
4597 573.0
4598 573.0
4599 573.0
4600 573.0
4601 573.0
4602 573.0
4613 583.0
4614 583.0
4615 583.0
4616 583.0
4617 583.0
4618 583.0
4619 583.0
4620 583.0
4621 583.0
4622 583.0
4633 582.0
4634 582.0
4635 582.0
4636 582.0
4637 582.0
4638 582.0
4639 582.0
4640 582.0
4641 578.0
4642 578.0
4643 578.0
4644 578.0
4645 578.0
4646 578.0
4647 578.0
4648 578.0
4649 578.0
4650 578.0
4651 578.0
4662 580.0
4663 580.0
4664 580.0
4665 580.0
4666 580.0
4667 580.0
4668 580.0
4669 580.0
4670 580.0
4671 580.0
4682 579.0
4683 579.0
4684 578.0
4685 578.0
4686 578.0
4687 578.0
4688 578.0
4689 578.0
4690 578.0
4691 578.0
4692 578.0
4693 578.0
4694 578.0
4705 583.0
4706 583.0
4707 582.0
4708 582.0
4709 582.0
4710 582.0
4711 582.0
4712 582.0
4713 582.0
4714 582.0
4715 581.0
4716 581.0
4717 581.0
4718 581.0
4719 581.0
4720 578.0
4721 578.0
4722 578.0
4723 578.0
4724 578.0
4725 578.0
4726 578.0
4727 578.0
4728 578.0
4729 578.0
4730 578.0
4741 578.0
4742 578.0
4743 578.0
4744 578.0
4745 578.0
4746 578.0
4747 578.0
4748 578.0
4749 578.0
4750 578.0
4751 578.0
4762 582.0
4763 575.0
4764 575.0
4765 575.0
4766 575.0
4767 575.0
4768 575.0
4769 575.0
4770 575.0
4771 575.0
4772 575.0
4773 575.0
4784 575.0
4785 575.0
4786 575.0
4787 575.0
4788 575.0
4789 575.0
4790 575.0
4791 575.0
4792 575.0
4793 575.0
4804 577.0
4805 577.0
4806 577.0
4807 577.0
4808 577.0
4809 577.0
4810 577.0
4811 577.0
4812 577.0
4813 573.0
4814 573.0
4815 573.0
4816 573.0
4817 573.0
4818 572.0
4819 572.0
4820 572.0
4821 572.0
4822 572.0
4823 572.0
4824 572.0
4825 572.0
4826 572.0
4827 572.0
4828 572.0
4839 569.0
4840 569.0
4841 569.0
4842 569.0
4843 569.0
4844 569.0
4845 569.0
4846 569.0
4847 569.0
4848 569.0
4859 567.0
4860 567.0
4861 567.0
4862 567.0
4863 567.0
4864 567.0
4865 567.0
4866 567.0
4867 567.0
4868 567.0
4879 567.0
4880 567.0
4881 567.0
4882 567.0
4883 567.0
4884 567.0
4885 567.0
4886 567.0
4887 567.0
4888 567.0
4899 571.0
4900 571.0
4901 571.0
4902 571.0
4903 571.0
4904 571.0
4905 571.0
4906 571.0
4907 571.0
4908 571.0
4919 568.0
4920 568.0
4921 568.0
4922 563.0
4923 563.0
4924 563.0
4925 563.0
4926 563.0
4927 563.0
4928 561.0
4929 561.0
4930 561.0
4931 561.0
4932 561.0
4933 561.0
4934 561.0
4935 561.0
4936 561.0
4937 561.0
4938 561.0
4949 568.0
4950 568.0
4951 568.0
4952 568.0
4953 568.0
4954 568.0
4955 568.0
4956 568.0
4957 568.0
4958 568.0
4969 561.0
4970 561.0
4971 561.0
4972 561.0
4973 561.0
4974 561.0
4975 561.0
4976 561.0
4977 561.0
4978 561.0
4989 571.0
4990 571.0
4991 571.0
4992 571.0
4993 571.0
4994 571.0
4995 571.0
4996 566.0
4997 566.0
4998 566.0
4999 566.0
