0 390294.0
1 389414.0
2 388532.0
3 388532.0
4 387651.0
5 387651.0
6 385014.0
7 385014.0
8 385014.0
9 382386.0
10 382386.0
11 381512.0
12 381512.0
13 373703.0
14 372844.0
15 372844.0
16 371981.0
17 371981.0
18 371981.0
19 371981.0
20 371981.0
21 371119.0
22 371119.0
23 362565.0
24 360864.0
25 360015.0
26 354949.0
27 354107.0
28 354107.0
29 354107.0
30 352427.0
31 352427.0
32 349078.0
33 349078.0
34 349078.0
35 348243.0
36 348243.0
37 348243.0
38 346576.0
39 346576.0
40 346576.0
41 346576.0
42 346576.0
43 346576.0
44 346576.0
45 344913.0
46 343255.0
47 343255.0
48 343255.0
49 342427.0
50 342427.0
51 342427.0
52 342427.0
53 342427.0
54 341600.0
55 340774.0
56 340774.0
57 339949.0
58 339949.0
59 339949.0
60 337481.0
61 337481.0
62 336660.0
63 336660.0
64 336660.0
65 334206.0
66 333389.0
67 333389.0
68 333389.0
69 333389.0
70 328511.0
71 327723.0
72 327723.0
73 327723.0
74 323691.0
75 322887.0
76 322084.0
77 321282.0
78 321282.0
79 321282.0
80 321282.0
81 319681.0
82 319681.0
83 319681.0
84 319681.0
85 319681.0
86 319681.0
87 319681.0
88 319681.0
89 319681.0
90 319681.0
91 319681.0
92 319681.0
93 293344.0
94 292592.0
95 292592.0
96 291845.0
97 291129.0
98 290418.0
99 290418.0
100 290418.0
101 290418.0
102 286624.0
103 286624.0
104 286624.0
105 286624.0
106 286624.0
107 286624.0
108 285868.0
109 285868.0
110 285868.0
111 285868.0
112 285868.0
113 285868.0
114 285113.0
115 284359.0
116 284359.0
117 284359.0
118 283607.0
119 283607.0
120 283607.0
121 283607.0
122 283607.0
123 283607.0
124 283607.0
125 281355.0
126 281355.0
127 281355.0
128 281355.0
129 281355.0
130 281355.0
131 281355.0
132 281355.0
133 281355.0
134 281355.0
135 281355.0
136 281355.0
137 246649.0
138 245953.0
139 245953.0
140 243174.0
141 242496.0
142 241801.0
143 241138.0
144 241138.0
145 241138.0
146 241138.0
147 241138.0
148 234274.0
149 233712.0
150 233712.0
151 233712.0
152 233712.0
153 226982.0
154 226331.0
155 226331.0
156 226331.0
157 226331.0
158 225698.0
159 225698.0
160 224360.0
161 223693.0
162 223693.0
163 223026.0
164 222360.0
165 222360.0
166 221695.0
167 221695.0
168 221031.0
169 221031.0
170 221031.0
171 216426.0
172 216426.0
173 216426.0
174 216426.0
175 214461.0
176 214461.0
177 214461.0
178 214461.0
179 214461.0
180 214461.0
181 214461.0
182 214461.0
183 214461.0
184 214461.0
185 214461.0
186 213808.0
187 212505.0
188 209266.0
189 209266.0
190 208621.0
191 208621.0
192 208621.0
193 208621.0
194 202862.0
195 202862.0
196 202862.0
197 202862.0
198 202862.0
199 202862.0
200 202862.0
201 202227.0
202 202227.0
203 202227.0
204 202227.0
205 202227.0
206 202227.0
207 202227.0
208 200328.0
209 200328.0
210 200328.0
211 200328.0
212 200328.0
213 200328.0
214 152704.0
215 152155.0
216 151607.0
217 151064.0
218 149978.0
219 149442.0
220 148367.0
221 147298.0
222 146772.0
223 146772.0
224 146276.0
225 146276.0
226 146276.0
227 146276.0
228 145785.0
229 145326.0
230 145326.0
231 145326.0
232 145326.0
233 145326.0
234 145326.0
235 145326.0
236 145326.0
237 145326.0
238 145326.0
239 145326.0
240 145326.0
241 145326.0
242 145326.0
243 145326.0
244 145326.0
245 145326.0
246 145326.0
247 145326.0
248 145326.0
249 145326.0
250 137413.0
251 136892.0
252 136373.0
253 136373.0
254 136373.0
255 136373.0
256 136373.0
257 136373.0
258 136373.0
259 136373.0
260 136373.0
261 136373.0
262 136373.0
263 136373.0
264 136373.0
265 136373.0
266 135336.0
267 130747.0
268 130747.0
269 130747.0
270 130747.0
271 130239.0
272 130239.0
273 130239.0
274 130239.0
275 130239.0
276 130239.0
277 130239.0
278 130239.0
279 130239.0
280 130239.0
281 130239.0
282 130239.0
283 130239.0
284 130239.0
285 130239.0
286 130239.0
287 130239.0
288 130239.0
289 130239.0
290 130239.0
291 130239.0
292 130239.0
293 130239.0
294 130239.0
295 130239.0
296 130239.0
297 128722.0
298 128722.0
299 128231.0
300 127728.0
301 127728.0
302 127728.0
303 127728.0
304 127728.0
305 127728.0
306 127728.0
307 127226.0
308 127226.0
309 127226.0
310 127226.0
311 127226.0
312 127226.0
313 126725.0
314 126725.0
315 126725.0
316 126725.0
317 126725.0
318 126725.0
319 126725.0
320 126725.0
321 126725.0
322 126725.0
323 126725.0
324 126725.0
325 126225.0
326 126225.0
327 126225.0
328 126225.0
329 126225.0
330 126225.0
331 125726.0
332 123741.0
333 123741.0
334 123741.0
335 123741.0
336 123741.0
337 123741.0
338 123741.0
339 123247.0
340 122754.0
341 122754.0
342 122754.0
343 122754.0
344 122754.0
345 122754.0
346 122754.0
347 122754.0
348 122754.0
349 122754.0
350 122754.0
351 122754.0
352 122754.0
353 122754.0
354 122754.0
355 122754.0
356 122754.0
357 122754.0
358 122754.0
359 122754.0
360 122754.0
361 122754.0
362 122754.0
363 122754.0
364 122754.0
365 120793.0
366 120793.0
367 120793.0
368 120793.0
369 120793.0
370 120793.0
371 120793.0
372 120793.0
373 120305.0
374 120305.0
375 120305.0
376 120305.0
377 120305.0
378 120305.0
379 120305.0
380 120305.0
381 120305.0
382 120305.0
383 120305.0
384 120305.0
385 119818.0
386 119818.0
387 119818.0
388 119818.0
389 119818.0
390 119818.0
391 119818.0
392 119818.0
393 119332.0
394 101731.0
395 101284.0
396 100839.0
397 100400.0
398 100400.0
399 100400.0
400 99113.0
401 99113.0
402 99113.0
403 99113.0
404 99113.0
405 99113.0
406 99113.0
407 99113.0
408 99113.0
409 99113.0
410 99113.0
411 99113.0
412 99113.0
413 98672.0
414 98672.0
415 98672.0
416 98672.0
417 98672.0
418 98672.0
419 98232.0
420 98232.0
421 98232.0
422 97355.0
423 97355.0
424 97355.0
425 97355.0
426 97355.0
427 97355.0
428 97355.0
429 97355.0
430 97355.0
431 97355.0
432 97355.0
433 97355.0
434 97355.0
435 97355.0
436 97355.0
437 97355.0
438 97355.0
439 97355.0
440 97355.0
441 97355.0
442 97355.0
443 97355.0
444 97355.0
445 97355.0
446 97355.0
447 97355.0
448 97355.0
449 97355.0
450 97355.0
451 97355.0
452 97355.0
453 97355.0
454 97355.0
455 97355.0
456 96918.0
457 96918.0
458 96918.0
459 96918.0
460 96918.0
461 96918.0
462 96918.0
463 96918.0
464 96918.0
465 96918.0
466 96918.0
467 96918.0
468 96918.0
469 96918.0
470 96918.0
471 96918.0
472 94748.0
473 94748.0
474 94748.0
475 94748.0
476 94748.0
477 86853.0
478 86853.0
479 86853.0
480 86853.0
481 86829.0
482 86474.0
483 86141.0
484 80693.0
485 79925.0
486 79925.0
487 79925.0
488 79925.0
489 79925.0
490 79925.0
491 79925.0
492 79532.0
493 79532.0
494 79532.0
495 79532.0
496 79532.0
497 79532.0
498 79532.0
499 79532.0
500 79532.0
501 79532.0
502 79532.0
503 75650.0
504 75650.0
505 75650.0
506 75650.0
507 75650.0
508 75650.0
509 75650.0
510 75650.0
511 75650.0
512 75650.0
513 75650.0
514 75650.0
515 75650.0
516 75650.0
517 75650.0
518 75650.0
519 75650.0
520 75650.0
521 75650.0
522 75650.0
523 75650.0
524 75650.0
525 75650.0
526 75650.0
527 75650.0
528 75650.0
529 75650.0
530 75650.0
531 75650.0
532 75650.0
533 75650.0
534 75650.0
535 75650.0
536 75650.0
537 75650.0
538 74885.0
539 74885.0
540 74885.0
541 74885.0
542 74885.0
543 74885.0
544 74885.0
545 74885.0
546 74885.0
547 74885.0
548 74885.0
549 74885.0
550 74885.0
551 74885.0
552 74885.0
553 74885.0
554 74125.0
555 74125.0
556 74125.0
557 74125.0
558 74125.0
559 74125.0
560 74125.0
561 74125.0
562 74125.0
563 74125.0
564 74125.0
565 74125.0
566 74125.0
567 74125.0
568 74125.0
569 74125.0
570 74125.0
571 70786.0
572 70786.0
573 70048.0
574 70048.0
575 70048.0
576 70048.0
577 70048.0
578 70048.0
579 70048.0
580 70048.0
581 70048.0
582 70048.0
583 70048.0
584 70048.0
585 69680.0
586 69680.0
587 69680.0
588 69680.0
589 69680.0
590 69680.0
591 69680.0
592 69680.0
593 69680.0
594 68587.0
595 68587.0
596 68587.0
597 68587.0
598 68587.0
599 68587.0
600 68587.0
601 68587.0
602 68587.0
603 68587.0
604 68587.0
605 68587.0
606 68587.0
607 68587.0
608 68587.0
609 68587.0
610 68223.0
611 68223.0
612 68223.0
613 68223.0
614 68223.0
615 68223.0
616 68223.0
617 68223.0
618 68223.0
619 68223.0
620 68223.0
621 51091.0
622 51088.0
623 51045.0
624 49497.0
625 49191.0
626 49185.0
627 49185.0
628 49166.0
629 49158.0
630 49158.0
631 48857.0
632 48835.0
633 48743.0
634 48726.0
635 48434.0
636 48434.0
637 48434.0
638 48434.0
639 47840.0
640 47830.0
641 47830.0
642 47830.0
643 47830.0
644 47551.0
645 47273.0
646 47256.0
647 47256.0
648 47256.0
649 46981.0
650 46708.0
651 46142.0
652 44382.0
653 44382.0
654 44134.0
655 42746.0
656 42746.0
657 42746.0
658 42746.0
659 42746.0
660 42746.0
661 42746.0
662 42563.0
663 42563.0
664 42563.0
665 41164.0
666 40915.0
667 40915.0
668 40638.0
669 40363.0
670 40363.0
671 40363.0
672 40363.0
673 40363.0
674 40363.0
675 40363.0
676 40363.0
677 40363.0
678 40363.0
679 40363.0
680 40363.0
681 40363.0
682 40363.0
683 40363.0
684 40363.0
685 40363.0
686 40363.0
687 40363.0
688 40363.0
689 5476.0
690 5471.0
691 5455.0
692 5429.0
693 5429.0
694 5421.0
695 5391.0
696 5391.0
697 5362.0
698 5361.0
699 5072.0
700 5049.0
701 5048.0
702 5027.0
703 4995.0
704 4995.0
705 4969.0
706 4965.0
707 4965.0
708 4744.0
709 4740.0
710 4740.0
711 4736.0
712 4736.0
713 4735.0
714 4735.0
715 4732.0
716 4732.0
717 4732.0
718 4732.0
719 4732.0
720 4673.0
721 4662.0
722 4662.0
723 4639.0
724 4639.0
725 4632.0
726 4632.0
727 4632.0
728 4631.0
729 4621.0
730 4621.0
731 4617.0
732 4617.0
733 4617.0
734 4617.0
735 4617.0
736 4617.0
737 4617.0
738 4616.0
739 4616.0
740 4616.0
741 4616.0
742 4616.0
743 4616.0
744 4606.0
745 4606.0
746 4606.0
747 4597.0
748 4506.0
749 4416.0
750 4347.0
751 4347.0
752 4347.0
753 4347.0
754 4292.0
755 4292.0
756 4292.0
757 4292.0
758 4292.0
759 4291.0
760 4288.0
761 4270.0
762 4236.0
763 4236.0
764 4236.0
765 4182.0
766 4182.0
767 4182.0
768 4182.0
769 4182.0
770 4182.0
771 4158.0
772 4158.0
773 4158.0
774 4155.0
775 4150.0
776 4150.0
777 4150.0
778 4150.0
779 4150.0
780 4150.0
781 4127.0
782 4122.0
783 4101.0
784 4101.0
785 4101.0
786 4101.0
787 4101.0
788 4101.0
789 4100.0
790 4100.0
791 4100.0
792 4100.0
793 4100.0
794 4100.0
795 4100.0
796 4100.0
797 4051.0
798 4051.0
799 4051.0
800 4003.0
801 3972.0
802 3926.0
803 3926.0
804 3926.0
805 3926.0
806 3926.0
807 3824.0
808 3824.0
809 3824.0
810 3824.0
811 3824.0
812 3824.0
813 3824.0
814 3819.0
815 3819.0
816 3819.0
817 3809.0
818 3809.0
819 3809.0
820 3809.0
821 3809.0
822 3790.0
823 3790.0
824 3790.0
825 3790.0
826 3790.0
827 3790.0
828 3790.0
829 3790.0
830 3748.0
831 3748.0
832 3748.0
833 3748.0
834 3733.0
835 3733.0
836 3733.0
837 3733.0
838 3733.0
839 3733.0
840 3733.0
841 3733.0
842 3733.0
843 3733.0
844 3733.0
845 3733.0
846 3733.0
847 3733.0
848 3733.0
849 3692.0
850 3692.0
851 3692.0
852 3071.0
853 3069.0
854 3069.0
855 3069.0
856 3058.0
857 3045.0
858 3034.0
859 3029.0
860 3014.0
861 3014.0
862 2984.0
863 2984.0
864 2969.0
865 2969.0
866 2969.0
867 2969.0
868 2969.0
869 2959.0
870 2959.0
871 2959.0
872 2959.0
873 2924.0
874 2924.0
875 2924.0
876 2924.0
877 2922.0
878 2920.0
879 2920.0
880 2897.0
881 2897.0
882 2897.0
883 2897.0
884 2897.0
885 2897.0
886 2897.0
887 2897.0
888 2897.0
889 2897.0
890 2897.0
891 2872.0
892 2872.0
893 2872.0
894 2872.0
895 2872.0
896 2872.0
897 2850.0
898 2850.0
899 2850.0
900 2850.0
901 2850.0
902 2850.0
903 2812.0
904 2790.0
905 2790.0
906 2790.0
907 2790.0
908 2790.0
909 2790.0
910 2790.0
911 2790.0
912 2790.0
913 2790.0
914 2790.0
915 2790.0
916 2774.0
917 2774.0
918 2774.0
919 2774.0
920 2774.0
921 2774.0
922 2774.0
923 2774.0
924 2774.0
925 2774.0
926 2774.0
927 2774.0
928 2774.0
929 2754.0
930 2754.0
931 2754.0
932 2746.0
933 2746.0
934 2746.0
935 2739.0
936 2739.0
937 2731.0
938 2731.0
939 2731.0
940 2731.0
941 2731.0
942 2731.0
943 2716.0
944 2689.0
945 2687.0
946 2687.0
947 2687.0
948 2687.0
949 2661.0
950 2661.0
951 2661.0
952 2661.0
953 2661.0
954 2661.0
955 2661.0
956 2661.0
957 2661.0
958 2661.0
959 2661.0
960 2661.0
961 2661.0
962 2661.0
963 2661.0
964 2345.0
965 2340.0
966 2337.0
967 2326.0
968 2326.0
969 2325.0
970 2306.0
971 2281.0
972 2281.0
973 2280.0
974 2234.0
975 2232.0
976 2226.0
977 2216.0
978 2213.0
979 2206.0
980 2191.0
981 2190.0
982 2187.0
983 2169.0
984 2165.0
985 2165.0
986 2165.0
987 2165.0
988 2165.0
989 2165.0
990 2165.0
991 2165.0
992 2165.0
993 2165.0
994 2165.0
995 2165.0
996 2165.0
997 2165.0
998 2165.0
999 2165.0
1000 2158.0
1001 2158.0
1002 2158.0
1003 2150.0
1004 2108.0
1005 2108.0
1006 2108.0
1007 2108.0
1008 2108.0
1009 2108.0
1010 2087.0
1011 2087.0
1012 2087.0
1013 2084.0
1014 2084.0
1015 2084.0
1016 2084.0
1017 2084.0
1018 2084.0
1019 2084.0
1020 2072.0
1021 2072.0
1022 2072.0
1023 2072.0
1024 2072.0
1025 2072.0
1026 2072.0
1027 2072.0
1028 2072.0
1029 2072.0
1030 2072.0
1031 2037.0
1032 2037.0
1033 2037.0
1034 2037.0
1035 2037.0
1036 2033.0
1037 2033.0
1038 2027.0
1039 2027.0
1040 2027.0
1041 2027.0
1042 2027.0
1043 1858.0
1044 1858.0
1045 1852.0
1046 1851.0
1047 1849.0
1048 1845.0
1049 1843.0
1050 1843.0
1051 1841.0
1052 1841.0
1053 1829.0
1054 1829.0
1055 1829.0
1056 1829.0
1057 1829.0
1058 1821.0
1059 1821.0
1060 1821.0
1061 1821.0
1062 1821.0
1063 1814.0
1064 1796.0
1065 1774.0
1066 1774.0
1067 1774.0
1068 1774.0
1069 1774.0
1070 1774.0
1071 1774.0
1072 1774.0
1073 1774.0
1074 1774.0
1075 1774.0
1076 1774.0
1077 1774.0
1078 1774.0
1079 1774.0
1080 1774.0
1081 1773.0
1082 1773.0
1083 1773.0
1084 1773.0
1085 1773.0
1086 1773.0
1087 1773.0
1088 1773.0
1089 1773.0
1090 1760.0
1091 1760.0
1092 1760.0
1093 1760.0
1094 1760.0
1095 1760.0
1096 1760.0
1097 1760.0
1098 1760.0
1099 1760.0
1100 1760.0
1101 1760.0
1102 1755.0
1103 1755.0
1104 1753.0
1105 1753.0
1106 1753.0
1107 1753.0
1108 1753.0
1109 1753.0
1110 1753.0
1111 1753.0
1112 1753.0
1113 1753.0
1114 1753.0
1115 1694.0
1116 1683.0
1117 1682.0
1118 1674.0
1119 1674.0
1120 1674.0
1121 1674.0
1122 1672.0
1123 1672.0
1124 1672.0
1125 1672.0
1126 1672.0
1127 1672.0
1128 1672.0
1129 1663.0
1130 1663.0
1131 1661.0
1132 1661.0
1133 1654.0
1134 1654.0
1135 1654.0
1136 1654.0
1137 1654.0
1138 1654.0
1139 1652.0
1140 1652.0
1141 1652.0
1142 1652.0
1143 1652.0
1144 1649.0
1145 1649.0
1146 1649.0
1147 1649.0
1148 1649.0
1149 1649.0
1150 1649.0
1151 1649.0
1152 1649.0
1153 1649.0
1154 1649.0
1155 1649.0
1156 1649.0
1157 1649.0
1158 1649.0
1159 1649.0
1160 1649.0
1161 1649.0
1162 1586.0
1163 1586.0
1164 1586.0
1165 1569.0
1166 1560.0
1167 1558.0
1168 1558.0
1169 1555.0
1170 1555.0
1171 1555.0
1172 1555.0
1173 1555.0
1174 1555.0
1175 1555.0
1176 1555.0
1177 1555.0
1178 1555.0
1179 1555.0
1180 1555.0
1181 1555.0
1182 1555.0
1183 1555.0
1184 1554.0
1185 1547.0
1186 1547.0
1187 1535.0
1188 1535.0
1189 1535.0
1190 1535.0
1191 1527.0
1192 1527.0
1193 1527.0
1194 1527.0
1195 1527.0
1196 1527.0
1197 1527.0
1198 1527.0
1199 1527.0
1200 1527.0
1201 1527.0
1202 1527.0
1203 1527.0
1204 1527.0
1205 1527.0
1206 1527.0
1207 1527.0
1208 1509.0
1209 1509.0
1210 1509.0
1211 1509.0
1212 1509.0
1213 1509.0
1214 1464.0
1215 1418.0
1216 1418.0
1217 1417.0
1218 1417.0
1219 1417.0
1220 1412.0
1221 1412.0
1222 1412.0
1223 1412.0
1224 1412.0
1225 1412.0
1226 1412.0
1227 1412.0
1228 1409.0
1229 1409.0
1230 1409.0
1231 1409.0
1232 1409.0
1233 1409.0
1234 1409.0
1235 1409.0
1236 1409.0
1237 1409.0
1238 1391.0
1239 1391.0
1240 1391.0
1241 1390.0
1242 1389.0
1243 1389.0
1244 1389.0
1245 1388.0
1246 1385.0
1247 1377.0
1248 1377.0
1249 1375.0
1250 1375.0
1251 1367.0
1252 1363.0
1253 1363.0
1254 1363.0
1255 1363.0
1256 1363.0
1257 1363.0
1258 1363.0
1259 1363.0
1260 1363.0
1261 1360.0
1262 1358.0
1263 1358.0
1264 1358.0
1265 1358.0
1266 1358.0
1267 1358.0
1268 1358.0
1269 1358.0
1270 1356.0
1271 1356.0
1272 1356.0
1273 1356.0
1274 1356.0
1275 1356.0
1276 1356.0
1277 1356.0
1278 1356.0
1279 1356.0
1280 1356.0
1281 1356.0
1282 1356.0
1283 1356.0
1284 1356.0
1285 1356.0
1286 1356.0
1287 1356.0
1288 1356.0
1289 1356.0
1290 1356.0
1291 1356.0
1292 1356.0
1293 1356.0
1294 1356.0
1295 1356.0
1296 1356.0
1297 1356.0
1298 1356.0
1299 1356.0
1300 1356.0
1301 1356.0
1302 1356.0
1303 1356.0
1304 1356.0
1305 1356.0
1306 1356.0
1307 1356.0
1308 1356.0
1309 1356.0
1310 1356.0
1311 1356.0
1312 1356.0
1313 1356.0
1314 1356.0
1315 1356.0
1316 1356.0
1317 1355.0
1318 1355.0
1319 1355.0
1320 1355.0
1321 1355.0
1322 1355.0
1323 1355.0
1324 1355.0
1325 1355.0
1326 1341.0
1327 1341.0
1328 1341.0
1329 1331.0
1330 1331.0
1331 1331.0
1332 1331.0
1333 1331.0
1334 1331.0
1335 1331.0
1336 1331.0
1337 1331.0
1338 1331.0
1339 1301.0
1340 1266.0
1341 1265.0
1342 1265.0
1343 1265.0
1344 1264.0
1345 1260.0
1346 1260.0
1347 1260.0
1348 1260.0
1349 1260.0
1350 1260.0
1351 1260.0
1352 1260.0
1353 1253.0
1354 1253.0
1355 1253.0
1356 1253.0
1357 1253.0
1358 1253.0
1359 1251.0
1360 1251.0
1361 1251.0
1362 1251.0
1363 1251.0
1364 1251.0
1365 1251.0
1366 1251.0
1367 1251.0
1368 1251.0
1369 1251.0
1370 1251.0
1371 1247.0
1372 1247.0
1373 1244.0
1374 1244.0
1375 1244.0
1376 1244.0
1377 1244.0
1378 1244.0
1379 1244.0
1380 1244.0
1381 1244.0
1382 1244.0
1383 1244.0
1384 1244.0
1385 1244.0
1386 1244.0
1387 1236.0
1388 1236.0
1389 1236.0
1390 1236.0
1391 1236.0
1392 1236.0
1393 1236.0
1394 1236.0
1395 1236.0
1396 1236.0
1397 1236.0
1398 1236.0
1399 1236.0
1400 1236.0
1401 1236.0
1402 1236.0
1403 1236.0
1404 1232.0
1405 1232.0
1406 1232.0
1407 1232.0
1408 1232.0
1409 1232.0
1410 1232.0
1411 1232.0
1412 1232.0
1413 1232.0
1414 1232.0
1415 1232.0
1416 1230.0
1417 1230.0
1418 1230.0
1419 1230.0
1420 1230.0
1421 1227.0
1422 1227.0
1423 1227.0
1424 1216.0
1425 1216.0
1426 1216.0
1427 1214.0
1428 1214.0
1429 1214.0
1430 1214.0
1431 1214.0
1432 1162.0
1433 1162.0
1434 1156.0
1435 1156.0
1436 1153.0
1437 1152.0
1438 1146.0
1439 1145.0
1440 1141.0
1441 1130.0
1442 1130.0
1443 1111.0
1444 1111.0
1445 1111.0
1446 1111.0
1447 1111.0
1448 1111.0
1449 1107.0
1450 1107.0
1451 1107.0
1452 1107.0
1453 1107.0
1454 1101.0
1455 1101.0
1456 1101.0
1457 1101.0
1458 1101.0
1459 1101.0
1460 1101.0
1461 1101.0
1462 1101.0
1463 1098.0
1464 1098.0
1465 1098.0
1466 1098.0
1467 1098.0
1468 1098.0
1469 1098.0
1470 1097.0
1471 1097.0
1472 1092.0
1473 1092.0
1474 1092.0
1475 1092.0
1476 1092.0
1477 1092.0
1478 1092.0
1479 1092.0
1480 1089.0
1481 1089.0
1482 1088.0
1483 1085.0
1484 1078.0
1485 1075.0
1486 1074.0
1487 1074.0
1488 1070.0
1489 1070.0
1490 1064.0
1491 1064.0
1492 1003.0
1493 1003.0
1494 1000.0
1495 1000.0
1496 989.0
1497 989.0
1498 989.0
1499 989.0
1500 989.0
1501 989.0
1502 978.0
1503 978.0
1504 978.0
1505 978.0
1506 973.0
1507 973.0
1508 970.0
1509 966.0
1510 966.0
1511 966.0
1512 966.0
1513 966.0
1514 966.0
1515 966.0
1516 966.0
1517 966.0
1518 966.0
1519 961.0
1520 961.0
1521 961.0
1522 961.0
1523 961.0
1524 960.0
1525 960.0
1526 960.0
1527 960.0
1528 960.0
1529 960.0
1530 958.0
1531 954.0
1532 954.0
1533 954.0
1534 954.0
1535 954.0
1536 954.0
1537 954.0
1538 954.0
1539 954.0
1540 954.0
1541 954.0
1542 954.0
1543 954.0
1544 954.0
1545 954.0
1546 954.0
1547 954.0
1548 954.0
1549 954.0
1550 954.0
1551 954.0
1552 954.0
1553 954.0
1554 954.0
1555 954.0
1556 954.0
1557 954.0
1558 954.0
1559 954.0
1560 954.0
1561 954.0
1562 954.0
1563 954.0
1564 954.0
1565 954.0
1566 954.0
1567 954.0
1568 954.0
1569 954.0
1570 954.0
1571 954.0
1572 954.0
1573 951.0
1574 951.0
1575 951.0
1576 951.0
1577 951.0
1578 951.0
1579 951.0
1580 951.0
1581 951.0
1582 951.0
1583 951.0
1584 951.0
1585 951.0
1586 951.0
1587 951.0
1588 951.0
1589 951.0
1590 948.0
1591 948.0
1592 948.0
1593 948.0
1594 948.0
1595 948.0
1596 948.0
1597 948.0
1598 948.0
1599 948.0
1600 948.0
1601 948.0
1602 948.0
1603 948.0
1604 944.0
1605 944.0
1606 938.0
1607 934.0
1608 934.0
1609 934.0
1610 934.0
1611 934.0
1612 934.0
1613 934.0
1614 932.0
1615 932.0
1616 932.0
1617 932.0
1618 932.0
1619 932.0
1620 932.0
1621 932.0
1622 932.0
1623 932.0
1624 932.0
1625 932.0
1626 932.0
1627 932.0
1628 932.0
1629 932.0
1630 932.0
1631 932.0
1632 932.0
1633 932.0
1634 932.0
1635 931.0
1636 931.0
1637 931.0
1638 931.0
1639 931.0
1640 931.0
1641 931.0
1642 931.0
1643 931.0
1644 931.0
1645 931.0
1646 931.0
1647 931.0
1648 931.0
1649 931.0
1650 931.0
1651 931.0
1652 931.0
1653 931.0
1654 931.0
1655 931.0
1656 931.0
1657 931.0
1658 931.0
1659 896.0
1660 892.0
1661 890.0
1662 890.0
1663 887.0
1664 886.0
1665 884.0
1666 884.0
1667 883.0
1668 883.0
1669 881.0
1670 881.0
1671 881.0
1672 881.0
1673 881.0
1674 881.0
1675 881.0
1676 881.0
1677 878.0
1678 878.0
1679 878.0
1680 878.0
1681 877.0
1682 877.0
1683 875.0
1684 869.0
1685 869.0
1686 869.0
1687 869.0
1688 869.0
1689 869.0
1690 869.0
1691 869.0
1692 869.0
1693 869.0
1694 865.0
1695 865.0
1696 865.0
1697 865.0
1698 865.0
1699 865.0
1700 865.0
1701 865.0
1702 865.0
1703 862.0
1704 862.0
1705 862.0
1706 860.0
1707 860.0
1708 860.0
1709 860.0
1710 860.0
1711 860.0
1712 860.0
1713 860.0
1714 860.0
1715 860.0
1716 860.0
1717 860.0
1718 860.0
1719 860.0
1720 860.0
1721 815.0
1722 812.0
1723 812.0
1724 812.0
1725 812.0
1726 812.0
1727 809.0
1728 809.0
1729 794.0
1730 794.0
1731 794.0
1732 794.0
1733 794.0
1734 794.0
1735 794.0
1736 794.0
1737 794.0
1738 794.0
1739 794.0
1740 794.0
1741 794.0
1742 794.0
1743 792.0
1744 792.0
1745 792.0
1746 792.0
1747 792.0
1748 792.0
1749 792.0
1750 792.0
1751 790.0
1752 790.0
1753 790.0
1754 790.0
1755 790.0
1756 790.0
1757 789.0
1758 789.0
1759 786.0
1760 786.0
1761 786.0
1762 786.0
1763 786.0
1764 786.0
1765 786.0
1766 786.0
1767 786.0
1768 786.0
1769 786.0
1770 786.0
1771 786.0
1772 786.0
1773 786.0
1774 786.0
1775 786.0
1776 786.0
1777 786.0
1778 786.0
1779 786.0
1780 786.0
1781 786.0
1782 786.0
1783 786.0
1784 786.0
1785 786.0
1786 786.0
1787 786.0
1788 786.0
1789 786.0
1790 786.0
1791 786.0
1792 784.0
1793 784.0
1794 784.0
1795 784.0
1796 784.0
1797 784.0
1798 784.0
1799 784.0
1800 784.0
1801 784.0
1802 784.0
1803 784.0
1804 784.0
1805 784.0
1806 784.0
1807 784.0
1808 784.0
1809 784.0
1810 784.0
1811 784.0
1812 784.0
1813 784.0
1814 784.0
1815 784.0
1816 784.0
1817 784.0
1818 784.0
1819 784.0
1820 784.0
1821 784.0
1822 784.0
1823 784.0
1824 784.0
1825 784.0
1826 784.0
1827 784.0
1828 784.0
1829 784.0
1830 784.0
1831 784.0
1832 784.0
1833 784.0
1834 783.0
1835 783.0
1836 781.0
1837 780.0
1838 780.0
1839 780.0
1840 780.0
1841 780.0
1842 780.0
1843 780.0
1844 780.0
1845 780.0
1846 780.0
1847 780.0
1848 780.0
1849 780.0
1850 780.0
1851 780.0
1852 779.0
1853 779.0
1854 779.0
1855 779.0
1856 779.0
1857 779.0
1858 779.0
1859 779.0
1860 779.0
1861 779.0
1862 779.0
1863 774.0
1864 774.0
1865 774.0
1866 774.0
1867 774.0
1868 774.0
1869 774.0
1870 774.0
1871 774.0
1872 774.0
1873 774.0
1874 774.0
1875 774.0
1876 774.0
1877 774.0
1878 774.0
1879 774.0
1880 774.0
1881 774.0
1882 774.0
1883 774.0
1884 774.0
1885 774.0
1886 774.0
1887 774.0
1888 769.0
1889 769.0
1890 769.0
1891 767.0
1892 767.0
1893 767.0
1894 767.0
1895 767.0
1896 767.0
1897 766.0
1898 766.0
1899 766.0
1900 766.0
1901 766.0
1902 766.0
1903 766.0
1904 766.0
1905 766.0
1906 766.0
1907 766.0
1908 766.0
1909 766.0
1910 766.0
1911 766.0
1912 766.0
1913 766.0
1914 766.0
1915 766.0
1916 766.0
1917 766.0
1918 766.0
1919 766.0
1920 766.0
1921 766.0
1922 766.0
1923 766.0
1924 766.0
1925 766.0
1926 766.0
1927 766.0
1928 766.0
1929 766.0
1930 766.0
1931 766.0
1932 766.0
1933 766.0
1934 766.0
1935 766.0
1936 766.0
1937 766.0
1938 766.0
1939 766.0
1940 766.0
1941 766.0
1942 766.0
1943 766.0
1944 766.0
1945 766.0
1946 766.0
1947 766.0
1948 766.0
1949 766.0
1950 766.0
1951 766.0
1952 766.0
1953 766.0
1954 766.0
1955 766.0
1956 766.0
1957 765.0
1958 765.0
1959 765.0
1960 765.0
1961 765.0
1962 761.0
1963 761.0
1964 760.0
1965 760.0
1966 760.0
1967 760.0
1968 760.0
1969 760.0
1970 759.0
1971 756.0
1972 756.0
1973 756.0
1974 756.0
1975 747.0
1976 747.0
1977 747.0
1978 747.0
1979 747.0
1980 747.0
1981 747.0
1982 747.0
1983 747.0
1984 747.0
1985 747.0
1986 747.0
1987 747.0
1988 747.0
1989 747.0
1990 747.0
1991 747.0
1992 747.0
1993 747.0
1994 747.0
1995 747.0
1996 747.0
1997 747.0
1998 747.0
1999 747.0
2000 747.0
2001 747.0
2002 747.0
2003 747.0
2004 747.0
2005 747.0
2006 747.0
2007 747.0
2008 747.0
2009 747.0
2010 747.0
2011 747.0
2012 747.0
2013 747.0
2014 747.0
2015 747.0
2016 747.0
2017 747.0
2018 747.0
2019 747.0
2020 747.0
2021 747.0
2022 747.0
2023 747.0
2024 742.0
2025 742.0
2026 742.0
2027 742.0
2028 742.0
2029 742.0
2030 742.0
2031 742.0
2032 742.0
2033 742.0
2034 742.0
2035 742.0
2036 742.0
2037 742.0
2038 742.0
2039 742.0
2040 742.0
2041 742.0
2042 742.0
2043 742.0
2044 742.0
2045 742.0
2046 742.0
2047 742.0
2048 742.0
2049 742.0
2050 742.0
2051 742.0
2052 742.0
2053 742.0
2054 742.0
2055 742.0
2056 742.0
2057 742.0
2058 742.0
2059 742.0
2060 742.0
2061 742.0
2062 742.0
2063 742.0
2064 742.0
2065 742.0
2066 742.0
2067 742.0
2068 742.0
2069 742.0
2070 742.0
2071 742.0
2072 742.0
2073 742.0
2074 742.0
2075 742.0
2076 742.0
2077 742.0
2078 742.0
2079 742.0
2080 742.0
2081 742.0
2082 742.0
2083 742.0
2084 742.0
2085 742.0
2086 742.0
2087 742.0
2088 742.0
2089 742.0
2090 739.0
2091 739.0
2092 739.0
2093 739.0
2094 739.0
2095 739.0
2096 739.0
2097 739.0
2098 739.0
2099 739.0
2100 739.0
2101 739.0
2102 739.0
2103 739.0
2104 739.0
2105 739.0
2106 739.0
2107 739.0
2108 739.0
2109 739.0
2110 739.0
2111 739.0
2112 739.0
2113 739.0
2114 739.0
2115 739.0
2116 739.0
2117 739.0
2118 739.0
2119 739.0
2120 739.0
2121 739.0
2122 739.0
2123 739.0
2124 739.0
2125 739.0
2126 739.0
2127 739.0
2128 739.0
2129 739.0
2130 739.0
2131 739.0
2132 739.0
2133 734.0
2134 734.0
2135 734.0
2136 734.0
2137 734.0
2138 734.0
2139 734.0
2140 734.0
2141 734.0
2142 734.0
2143 734.0
2144 734.0
2145 734.0
2146 734.0
2147 734.0
2148 734.0
2149 734.0
2150 734.0
2151 734.0
2152 734.0
2153 734.0
2154 734.0
2155 734.0
2156 734.0
2157 734.0
2158 734.0
2159 734.0
2160 734.0
2161 734.0
2162 734.0
2163 734.0
2164 734.0
2165 734.0
2166 734.0
2167 734.0
2168 734.0
2169 734.0
2170 734.0
2171 734.0
2172 734.0
2173 734.0
2174 734.0
2175 734.0
2176 734.0
2177 734.0
2178 734.0
2179 734.0
2180 734.0
2181 734.0
2182 734.0
2183 734.0
2184 734.0
2185 734.0
2186 734.0
2187 734.0
2188 734.0
2189 734.0
2190 734.0
2191 734.0
2192 734.0
2193 734.0
2194 734.0
2195 734.0
2196 734.0
2197 734.0
2198 734.0
2199 734.0
2200 734.0
2201 734.0
2202 734.0
2203 734.0
2204 734.0
2205 734.0
2206 734.0
2207 734.0
2208 734.0
2209 734.0
2210 734.0
2211 734.0
2212 734.0
2213 734.0
2214 734.0
2215 734.0
2216 734.0
2217 734.0
2218 734.0
2219 734.0
2220 734.0
2221 734.0
2222 734.0
2223 734.0
2224 734.0
2225 734.0
2226 734.0
2227 734.0
2228 734.0
2229 734.0
2230 734.0
2231 734.0
2232 734.0
2233 734.0
2234 734.0
2235 734.0
2236 734.0
2237 734.0
2238 734.0
2239 734.0
2240 734.0
2241 734.0
2242 734.0
2243 734.0
2244 734.0
2245 734.0
2246 734.0
2247 734.0
2248 734.0
2249 734.0
2250 734.0
2251 734.0
2252 734.0
2253 734.0
2254 734.0
2255 734.0
2256 734.0
2257 734.0
2258 734.0
2259 734.0
2260 734.0
2261 734.0
2262 734.0
2263 734.0
2264 734.0
2265 734.0
2266 734.0
2267 734.0
2268 734.0
2269 734.0
2270 734.0
2271 734.0
2272 734.0
2273 734.0
2274 734.0
2275 734.0
2276 734.0
2277 734.0
2278 734.0
2279 734.0
2280 734.0
2281 734.0
2282 734.0
2283 734.0
2284 734.0
2285 734.0
2286 734.0
2287 734.0
2288 734.0
2289 734.0
2290 734.0
2291 734.0
2292 734.0
2293 734.0
2294 734.0
2295 734.0
2296 734.0
2297 734.0
2298 734.0
2299 734.0
2300 734.0
2301 734.0
2302 734.0
2303 734.0
2304 734.0
2305 734.0
2306 734.0
2307 734.0
2308 734.0
2309 734.0
2310 734.0
2311 734.0
2312 734.0
2313 734.0
2314 734.0
2315 704.0
2316 701.0
2317 701.0
2318 701.0
2319 701.0
2320 701.0
2321 701.0
2322 701.0
2323 701.0
2324 701.0
2325 701.0
2326 700.0
2327 700.0
2328 700.0
2329 700.0
2330 700.0
2331 699.0
2332 699.0
2333 699.0
2334 699.0
2335 699.0
2336 699.0
2337 699.0
2338 697.0
2339 697.0
2340 697.0
2341 697.0
2342 697.0
2343 697.0
2344 697.0
2345 697.0
2346 697.0
2347 697.0
2348 697.0
2349 697.0
2350 697.0
2351 697.0
2352 697.0
2353 697.0
2354 697.0
2355 697.0
2356 697.0
2357 697.0
2358 697.0
2359 694.0
2360 694.0
2361 694.0
2362 694.0
2363 692.0
2364 692.0
2365 692.0
2366 688.0
2367 688.0
2368 688.0
2369 688.0
2370 688.0
2371 688.0
2372 688.0
2373 688.0
2374 688.0
2375 688.0
2376 688.0
2377 688.0
2378 688.0
2379 688.0
2380 688.0
2381 688.0
2382 688.0
2383 688.0
2384 688.0
2385 688.0
2386 688.0
2387 688.0
2388 688.0
2389 688.0
2390 688.0
2391 688.0
2392 688.0
2393 688.0
2394 688.0
2395 688.0
2396 686.0
2397 686.0
2398 686.0
2399 686.0
2400 686.0
2401 686.0
2402 686.0
2403 686.0
2404 686.0
2405 686.0
2406 686.0
2407 686.0
2408 686.0
2409 686.0
2410 686.0
2411 686.0
2412 686.0
2413 686.0
2414 686.0
2415 686.0
2416 686.0
2417 686.0
2418 686.0
2419 686.0
2420 686.0
2421 686.0
2422 686.0
2423 686.0
2424 686.0
2425 686.0
2426 686.0
2427 686.0
2428 686.0
2429 686.0
2430 686.0
2431 686.0
2432 686.0
2433 686.0
2434 686.0
2435 686.0
2436 686.0
2437 686.0
2438 686.0
2439 686.0
2440 686.0
2441 686.0
2442 686.0
2443 686.0
2444 686.0
2445 686.0
2446 686.0
2447 686.0
2448 686.0
2449 686.0
2450 686.0
2451 686.0
2452 686.0
2453 686.0
2454 686.0
2455 686.0
2456 686.0
2457 686.0
2458 686.0
2459 686.0
2460 686.0
2461 686.0
2462 686.0
2463 686.0
2464 686.0
2465 686.0
2466 686.0
2467 686.0
2468 683.0
2469 683.0
2470 683.0
2471 683.0
2472 683.0
2473 683.0
2474 683.0
2475 683.0
2476 683.0
2477 683.0
2478 683.0
2479 683.0
2480 683.0
2481 683.0
2482 683.0
2483 683.0
2484 683.0
2485 683.0
2486 683.0
2487 683.0
2488 683.0
2489 683.0
2490 683.0
2491 683.0
2492 683.0
2493 683.0
2494 683.0
2495 683.0
2496 681.0
2497 681.0
2498 681.0
2499 681.0
2500 681.0
2501 681.0
2502 681.0
2503 681.0
2504 681.0
2505 681.0
2506 681.0
2507 681.0
2508 681.0
2509 681.0
2510 681.0
2511 681.0
2512 681.0
2513 681.0
2514 681.0
2515 681.0
2516 681.0
2517 681.0
2518 681.0
2519 681.0
2520 681.0
2521 681.0
2522 681.0
2523 681.0
2524 681.0
2525 681.0
2526 681.0
2527 681.0
2528 681.0
2529 680.0
2530 680.0
2531 680.0
2532 680.0
2533 680.0
2534 680.0
2535 680.0
2536 680.0
2537 680.0
2538 680.0
2539 680.0
2540 680.0
2541 680.0
2542 680.0
2543 680.0
2544 680.0
2545 680.0
2546 680.0
2547 680.0
2548 680.0
2549 680.0
2550 678.0
2551 678.0
2552 678.0
2553 678.0
2554 678.0
2555 678.0
2556 678.0
2557 678.0
2558 678.0
2559 678.0
2560 678.0
2561 678.0
2562 678.0
2563 678.0
2564 678.0
2565 678.0
2566 678.0
2567 678.0
2568 678.0
2569 678.0
2570 678.0
2571 678.0
2572 678.0
2573 678.0
2574 678.0
2575 678.0
2576 678.0
2577 678.0
2578 678.0
2579 678.0
2580 659.0
2581 659.0
2582 656.0
2583 656.0
2584 656.0
2585 656.0
2586 656.0
2587 656.0
2588 656.0
2589 656.0
2590 656.0
2591 656.0
2592 656.0
2593 656.0
2594 656.0
2595 656.0
2596 656.0
2597 656.0
2598 656.0
2599 656.0
2600 653.0
2601 653.0
2602 653.0
2603 653.0
2604 653.0
2605 653.0
2606 653.0
2607 653.0
2608 653.0
2609 653.0
2610 653.0
2611 653.0
2612 653.0
2613 653.0
2614 653.0
2615 653.0
2616 653.0
2617 653.0
2618 653.0
2619 653.0
2620 653.0
2621 653.0
2622 653.0
2623 653.0
2624 653.0
2625 653.0
2626 653.0
2627 653.0
2628 653.0
2629 653.0
2630 653.0
2631 653.0
2632 653.0
2633 653.0
2634 653.0
2635 653.0
2636 653.0
2637 653.0
2638 653.0
2639 653.0
2640 653.0
2641 653.0
2642 653.0
2643 653.0
2644 653.0
2645 653.0
2646 653.0
2647 653.0
2648 653.0
2649 653.0
2650 653.0
2651 653.0
2652 653.0
2653 653.0
2654 653.0
2655 653.0
2656 653.0
2657 653.0
2658 653.0
2659 653.0
2660 653.0
2661 653.0
2662 653.0
2663 653.0
2664 653.0
2665 653.0
2666 653.0
2667 653.0
2668 653.0
2669 653.0
2670 653.0
2671 653.0
2672 653.0
2673 653.0
2674 648.0
2675 648.0
2676 648.0
2677 648.0
2678 648.0
2679 648.0
2680 648.0
2681 648.0
2682 648.0
2683 648.0
2684 648.0
2685 648.0
2686 648.0
2687 648.0
2688 648.0
2689 648.0
2690 648.0
2691 648.0
2692 648.0
2693 648.0
2694 648.0
2695 648.0
2696 648.0
2697 648.0
2698 648.0
2699 648.0
2700 648.0
2701 648.0
2702 648.0
2703 648.0
2704 648.0
2705 648.0
2706 648.0
2707 648.0
2708 648.0
2709 648.0
2710 648.0
2711 648.0
2712 648.0
2713 648.0
2714 648.0
2715 648.0
2716 648.0
2717 648.0
2718 648.0
2719 648.0
2720 648.0
2721 648.0
2722 648.0
2723 648.0
2724 648.0
2725 648.0
2726 648.0
2727 648.0
2728 648.0
2729 648.0
2730 648.0
2731 648.0
2732 648.0
2733 648.0
2734 648.0
2735 648.0
2736 648.0
2737 648.0
2738 648.0
2739 648.0
2740 648.0
2741 648.0
2742 648.0
2743 648.0
2744 648.0
2745 648.0
2746 648.0
2747 648.0
2748 648.0
2749 648.0
2750 648.0
2751 648.0
2752 648.0
2753 648.0
2754 648.0
2755 648.0
2756 648.0
2757 648.0
2758 648.0
2759 648.0
2760 648.0
2761 648.0
2762 648.0
2763 648.0
2764 648.0
2765 648.0
2766 648.0
2767 648.0
2768 648.0
2769 648.0
2770 648.0
2771 648.0
2772 648.0
2773 648.0
2774 648.0
2775 648.0
2776 648.0
2777 648.0
2778 648.0
2779 648.0
2780 648.0
2781 648.0
2782 648.0
2783 648.0
2784 648.0
2785 648.0
2786 648.0
2787 648.0
2788 648.0
2789 648.0
2790 648.0
2791 648.0
2792 648.0
2793 648.0
2794 648.0
2795 648.0
2796 648.0
2797 648.0
2798 648.0
2799 648.0
2800 648.0
2801 648.0
2802 648.0
2803 648.0
2804 648.0
2805 648.0
2806 648.0
2807 648.0
2808 648.0
2809 648.0
2810 648.0
2811 648.0
2812 648.0
2813 648.0
2814 648.0
2815 648.0
2816 648.0
2817 648.0
2818 648.0
2819 648.0
2820 648.0
2821 648.0
2822 648.0
2823 648.0
2824 648.0
2825 648.0
2826 648.0
2827 648.0
2828 648.0
2829 648.0
2830 648.0
2831 648.0
2832 648.0
2833 648.0
2834 648.0
2835 648.0
2836 648.0
2837 648.0
2838 648.0
2839 648.0
2840 648.0
2841 648.0
2842 648.0
2843 648.0
2844 648.0
2845 648.0
2846 648.0
2847 648.0
2848 648.0
2849 648.0
2850 648.0
2851 648.0
2852 648.0
2853 648.0
2854 648.0
2855 648.0
2856 648.0
2857 648.0
2858 648.0
2859 648.0
2860 648.0
2861 648.0
2862 648.0
2863 648.0
2864 648.0
2865 648.0
2866 648.0
2867 648.0
2868 648.0
2869 648.0
2870 648.0
2871 648.0
2872 648.0
2873 648.0
2874 648.0
2875 648.0
2876 648.0
2877 648.0
2878 648.0
2879 648.0
2880 648.0
2881 648.0
2882 648.0
2883 648.0
2884 648.0
2885 648.0
2886 648.0
2887 648.0
2888 648.0
2889 648.0
2890 648.0
2891 648.0
2892 648.0
2893 648.0
2894 648.0
2895 648.0
2896 648.0
2897 648.0
2898 648.0
2899 648.0
2900 648.0
2901 648.0
2902 648.0
2903 648.0
2904 648.0
2905 648.0
2906 648.0
2907 648.0
2908 648.0
2909 648.0
2910 648.0
2911 648.0
2912 648.0
2913 648.0
2914 648.0
2915 648.0
2916 648.0
2917 648.0
2918 648.0
2919 648.0
2920 648.0
2921 648.0
2922 648.0
2923 648.0
2924 648.0
2925 648.0
2926 648.0
2927 648.0
2928 648.0
2929 648.0
2930 648.0
2931 648.0
2932 648.0
2933 648.0
2934 648.0
2935 648.0
2936 648.0
2937 648.0
2938 648.0
2939 648.0
2940 648.0
2941 648.0
2942 648.0
2943 648.0
2944 648.0
2945 648.0
2946 648.0
2947 648.0
2948 648.0
2949 648.0
2950 648.0
2951 648.0
2952 648.0
2953 648.0
2954 648.0
2955 648.0
2956 648.0
2957 648.0
2958 648.0
2959 648.0
2960 648.0
2961 648.0
2962 648.0
2963 648.0
2964 648.0
2965 648.0
2966 648.0
2967 648.0
2968 648.0
2969 648.0
2970 648.0
2971 648.0
2972 648.0
2973 648.0
2974 648.0
2975 648.0
2976 648.0
2977 648.0
2978 648.0
2979 648.0
2980 648.0
2981 648.0
2982 648.0
2983 648.0
2984 648.0
2985 648.0
2986 648.0
2987 648.0
2988 648.0
2989 648.0
2990 648.0
2991 648.0
2992 648.0
2993 648.0
2994 648.0
2995 648.0
2996 648.0
2997 648.0
2998 648.0
2999 648.0
3000 648.0
3001 648.0
3002 648.0
3003 648.0
3004 648.0
3005 648.0
3006 648.0
3007 648.0
3008 648.0
3009 648.0
3010 648.0
3011 648.0
3012 648.0
3013 648.0
3014 648.0
3015 648.0
3016 648.0
3017 648.0
3018 648.0
3019 648.0
3020 648.0
3021 648.0
3022 648.0
3023 648.0
3024 648.0
3025 648.0
3026 648.0
3027 648.0
3028 648.0
3029 648.0
3030 648.0
3031 648.0
3032 648.0
3033 648.0
3034 648.0
3035 648.0
3036 648.0
3037 648.0
3038 648.0
3039 648.0
3040 648.0
3041 648.0
3042 648.0
3043 648.0
3044 648.0
3045 648.0
3046 648.0
3047 648.0
3048 648.0
3049 648.0
3050 648.0
3051 648.0
3052 648.0
3053 648.0
3054 648.0
3055 648.0
3056 648.0
3057 648.0
3058 648.0
3059 648.0
3060 648.0
3061 648.0
3062 648.0
3063 648.0
3064 648.0
3065 648.0
3066 648.0
3067 648.0
3068 648.0
3069 648.0
3070 648.0
3071 648.0
3072 648.0
3073 648.0
3074 648.0
3075 648.0
3076 648.0
3077 648.0
3078 648.0
3079 648.0
3080 648.0
3081 648.0
3082 648.0
3083 648.0
3084 648.0
3085 648.0
3086 648.0
3087 648.0
3088 648.0
3089 648.0
3090 648.0
3091 648.0
3092 648.0
3093 648.0
3094 643.0
3095 637.0
3096 630.0
3097 630.0
3098 630.0
3099 630.0
3100 630.0
3101 630.0
3102 630.0
3103 630.0
3104 630.0
3105 630.0
3106 630.0
3107 629.0
3108 629.0
3109 629.0
3110 629.0
3111 629.0
3112 629.0
3113 629.0
3114 629.0
3115 629.0
3116 629.0
3117 629.0
3118 629.0
3119 629.0
3120 629.0
3121 629.0
3122 629.0
3123 629.0
3124 629.0
3125 629.0
3126 629.0
3127 629.0
3128 629.0
3129 629.0
3130 627.0
3131 627.0
3132 627.0
3133 627.0
3134 627.0
3135 627.0
3136 627.0
3137 627.0
3138 627.0
3139 627.0
3140 627.0
3141 625.0
3142 625.0
3143 625.0
3144 625.0
3145 625.0
3146 625.0
3147 625.0
3148 625.0
3149 625.0
3150 625.0
3151 625.0
3152 625.0
3153 625.0
3154 625.0
3155 625.0
3156 625.0
3157 625.0
3158 625.0
3159 625.0
3160 625.0
3161 625.0
3162 625.0
3163 625.0
3164 625.0
3165 625.0
3166 625.0
3167 625.0
3168 625.0
3169 625.0
3170 625.0
3171 625.0
3172 625.0
3173 625.0
3174 625.0
3175 625.0
3176 625.0
3177 625.0
3178 625.0
3179 625.0
3180 625.0
3181 624.0
3182 624.0
3183 624.0
3184 624.0
3185 624.0
3186 624.0
3187 624.0
3188 624.0
3189 624.0
3190 624.0
3191 624.0
3192 624.0
3193 624.0
3194 624.0
3195 624.0
3196 624.0
3197 624.0
3198 624.0
3199 624.0
3200 624.0
3201 624.0
3202 624.0
3203 624.0
3204 624.0
3205 624.0
3206 624.0
3207 624.0
3208 624.0
3209 624.0
3210 624.0
3211 624.0
3212 624.0
3213 624.0
3214 624.0
3215 624.0
3216 624.0
3217 624.0
3218 624.0
3219 624.0
3220 624.0
3221 624.0
3222 624.0
3223 624.0
3224 624.0
3225 624.0
3226 624.0
3227 624.0
3228 624.0
3229 624.0
3230 624.0
3231 624.0
3232 624.0
3233 624.0
3234 624.0
3235 624.0
3236 624.0
3237 624.0
3238 624.0
3239 624.0
3240 624.0
3241 624.0
3242 624.0
3243 624.0
3244 618.0
3245 618.0
3246 618.0
3247 618.0
3248 612.0
3249 611.0
3250 611.0
3251 611.0
3252 611.0
3253 611.0
3254 611.0
3255 611.0
3256 611.0
3257 611.0
3258 611.0
3259 611.0
3260 611.0
3261 611.0
3262 611.0
3263 611.0
3264 611.0
3265 611.0
3266 611.0
3267 611.0
3268 611.0
3269 611.0
3270 611.0
3271 611.0
3272 611.0
3273 611.0
3274 611.0
3275 611.0
3276 611.0
3277 611.0
3278 611.0
3279 611.0
3280 611.0
3281 611.0
3282 611.0
3283 611.0
3284 611.0
3285 611.0
3286 611.0
3287 611.0
3288 611.0
3289 611.0
3290 611.0
3291 611.0
3292 611.0
3293 611.0
3294 611.0
3295 611.0
3296 611.0
3297 611.0
3298 611.0
3299 611.0
3300 611.0
3301 611.0
3302 611.0
3303 611.0
3304 611.0
3305 611.0
3306 611.0
3307 611.0
3308 611.0
3309 611.0
3310 611.0
3311 611.0
3312 611.0
3313 611.0
3314 611.0
3315 611.0
3316 611.0
3317 611.0
3318 611.0
3319 611.0
3320 611.0
3321 611.0
3322 611.0
3323 611.0
3324 611.0
3325 611.0
3326 611.0
3327 611.0
3328 611.0
3329 611.0
3330 611.0
3331 611.0
3332 610.0
3333 610.0
3334 610.0
3335 610.0
3336 610.0
3337 610.0
3338 610.0
3339 610.0
3340 610.0
3341 610.0
3342 610.0
3343 610.0
3344 610.0
3345 610.0
3346 610.0
3347 610.0
3348 610.0
3349 610.0
3350 610.0
3351 609.0
3352 609.0
3353 609.0
3354 609.0
3355 609.0
3356 609.0
3357 609.0
3358 609.0
3359 609.0
3360 609.0
3361 609.0
3362 609.0
3363 609.0
3364 609.0
3365 609.0
3366 609.0
3367 609.0
3368 609.0
3369 604.0
3370 604.0
3371 604.0
3372 604.0
3373 604.0
3374 604.0
3375 604.0
3376 604.0
3377 604.0
3378 604.0
3379 604.0
3380 604.0
3381 604.0
3382 604.0
3383 604.0
3384 604.0
3385 604.0
3386 604.0
3387 604.0
3388 604.0
3389 604.0
3390 604.0
3391 604.0
3392 604.0
3393 604.0
3394 604.0
3395 604.0
3396 604.0
3397 604.0
3398 604.0
3399 604.0
3400 604.0
3401 604.0
3402 604.0
3403 604.0
3404 604.0
3405 604.0
3406 604.0
3407 604.0
3408 604.0
3409 604.0
3410 604.0
3411 604.0
3412 604.0
3413 604.0
3414 604.0
3415 604.0
3416 604.0
3417 604.0
3418 604.0
3419 604.0
3420 604.0
3421 604.0
3422 604.0
3423 604.0
3424 604.0
3425 604.0
3426 604.0
3427 604.0
3428 604.0
3429 604.0
3430 604.0
3431 604.0
3432 604.0
3433 604.0
3434 604.0
3435 604.0
3436 604.0
3437 604.0
3438 604.0
3439 604.0
3440 604.0
3441 604.0
3442 604.0
3443 604.0
3444 604.0
3445 604.0
3446 604.0
3447 604.0
3448 604.0
3449 604.0
3450 604.0
3451 604.0
3452 604.0
3453 604.0
3454 604.0
3455 604.0
3456 604.0
3457 604.0
3458 604.0
3459 602.0
3460 602.0
3461 602.0
3462 602.0
3463 602.0
3464 602.0
3465 602.0
3466 602.0
3467 602.0
3468 602.0
3469 602.0
3470 602.0
3471 602.0
3472 602.0
3473 602.0
3474 602.0
3475 602.0
3476 602.0
3477 602.0
3478 602.0
3479 602.0
3480 602.0
3481 602.0
3482 602.0
3483 602.0
3484 602.0
3485 602.0
3486 602.0
3487 602.0
3488 602.0
3489 602.0
3490 602.0
3491 602.0
3492 602.0
3493 602.0
3494 602.0
3495 602.0
3496 602.0
3497 602.0
3498 602.0
3499 602.0
3500 602.0
3501 602.0
3502 602.0
3503 602.0
3504 602.0
3505 602.0
3506 602.0
3507 602.0
3508 602.0
3509 602.0
3510 602.0
3511 602.0
3512 602.0
3513 602.0
3514 602.0
3515 602.0
3516 602.0
3517 602.0
3518 602.0
3519 602.0
3520 602.0
3521 602.0
3522 602.0
3523 602.0
3524 602.0
3525 602.0
3526 602.0
3527 602.0
3528 602.0
3529 602.0
3530 602.0
3531 602.0
3532 602.0
3533 602.0
3534 602.0
3535 602.0
3536 602.0
3537 602.0
3538 602.0
3539 602.0
3540 602.0
3541 602.0
3542 602.0
3543 602.0
3544 602.0
3545 602.0
3546 602.0
3547 602.0
3548 602.0
3549 602.0
3550 602.0
3551 602.0
3552 602.0
3553 602.0
3554 602.0
3555 602.0
3556 602.0
3557 602.0
3558 602.0
3559 602.0
3560 602.0
3561 602.0
3562 602.0
3563 602.0
3564 602.0
3565 602.0
3566 602.0
3567 602.0
3568 602.0
3569 602.0
3570 602.0
3571 602.0
3572 602.0
3573 602.0
3574 602.0
3575 602.0
3576 602.0
3577 602.0
3578 602.0
3579 602.0
3580 602.0
3581 602.0
3582 602.0
3583 602.0
3584 602.0
3585 602.0
3586 602.0
3587 602.0
3588 602.0
3589 602.0
3590 602.0
3591 602.0
3592 602.0
3593 602.0
3594 602.0
3595 602.0
3596 602.0
3597 602.0
3598 602.0
3599 602.0
3600 602.0
3601 602.0
3602 602.0
3603 602.0
3604 602.0
3605 602.0
3606 602.0
3607 602.0
3608 602.0
3609 602.0
3610 602.0
3611 602.0
3612 602.0
3613 602.0
3614 602.0
3615 602.0
3616 602.0
3617 602.0
3618 602.0
3619 602.0
3620 602.0
3621 602.0
3622 602.0
3623 602.0
3624 602.0
3625 602.0
3626 602.0
3627 602.0
3628 602.0
3629 602.0
3630 602.0
3631 602.0
3632 602.0
3633 602.0
3634 602.0
3635 602.0
3636 602.0
3637 602.0
3638 602.0
3639 602.0
3640 602.0
3641 602.0
3642 602.0
3643 602.0
3644 602.0
3645 602.0
3646 602.0
3647 602.0
3648 602.0
3649 602.0
3650 602.0
3651 602.0
3652 602.0
3653 602.0
3654 602.0
3655 602.0
3656 602.0
3657 602.0
3658 602.0
3659 602.0
3660 602.0
3661 602.0
3662 602.0
3663 602.0
3664 602.0
3665 602.0
3666 602.0
3667 602.0
3668 602.0
3669 602.0
3670 602.0
3671 602.0
3672 602.0
3673 602.0
3674 602.0
3675 602.0
3676 602.0
3677 602.0
3678 602.0
3679 602.0
3680 602.0
3681 602.0
3682 602.0
3683 602.0
3684 602.0
3685 602.0
3686 602.0
3687 602.0
3688 602.0
3689 602.0
3690 602.0
3691 602.0
3692 602.0
3693 602.0
3694 602.0
3695 602.0
3696 602.0
3697 602.0
3698 602.0
3699 602.0
3700 602.0
3701 602.0
3702 602.0
3703 602.0
3704 602.0
3705 602.0
3706 602.0
3707 602.0
3708 602.0
3709 602.0
3710 602.0
3711 602.0
3712 602.0
3713 602.0
3714 602.0
3715 602.0
3716 602.0
3717 602.0
3718 602.0
3719 602.0
3720 602.0
3721 602.0
3722 602.0
3723 602.0
3724 602.0
3725 602.0
3726 602.0
3727 602.0
3728 602.0
3729 602.0
3730 602.0
3731 602.0
3732 602.0
3733 602.0
3734 602.0
3735 602.0
3736 602.0
3737 602.0
3738 602.0
3739 602.0
3740 602.0
3741 602.0
3742 602.0
3743 602.0
3744 602.0
3745 602.0
3746 602.0
3747 602.0
3748 602.0
3749 602.0
3750 602.0
3751 602.0
3752 602.0
3753 602.0
3754 602.0
3755 602.0
3756 602.0
3757 602.0
3758 602.0
3759 602.0
3760 602.0
3761 602.0
3762 602.0
3763 602.0
3764 602.0
3765 602.0
3766 602.0
3767 602.0
3768 602.0
3769 602.0
3770 602.0
3771 602.0
3772 602.0
3773 602.0
3774 602.0
3775 602.0
3776 602.0
3777 602.0
3778 602.0
3779 602.0
3780 602.0
3781 602.0
3782 602.0
3783 602.0
3784 602.0
3785 602.0
3786 602.0
3787 602.0
3788 602.0
3789 602.0
3790 602.0
3791 602.0
3792 602.0
3793 602.0
3794 602.0
3795 602.0
3796 602.0
3797 602.0
3798 602.0
3799 602.0
3800 602.0
3801 602.0
3802 602.0
3803 602.0
3804 602.0
3805 602.0
3806 602.0
3807 602.0
3808 602.0
3809 602.0
3810 602.0
3811 602.0
3812 602.0
3813 602.0
3814 602.0
3815 602.0
3816 602.0
3817 602.0
3818 602.0
3819 602.0
3820 602.0
3821 602.0
3822 602.0
3823 602.0
3824 602.0
3825 602.0
3826 602.0
3827 602.0
3828 602.0
3829 602.0
3830 602.0
3831 602.0
3832 602.0
3833 602.0
3834 602.0
3835 602.0
3836 602.0
3837 602.0
3838 602.0
3839 602.0
3840 602.0
3841 602.0
3842 602.0
3843 602.0
3844 602.0
3845 602.0
3846 602.0
3847 602.0
3848 602.0
3849 602.0
3850 602.0
3851 602.0
3852 602.0
3853 602.0
3854 602.0
3855 602.0
3856 602.0
3857 602.0
3858 602.0
3859 602.0
3860 602.0
3861 602.0
3862 602.0
3863 602.0
3864 602.0
3865 602.0
3866 602.0
3867 602.0
3868 602.0
3869 602.0
3870 602.0
3871 602.0
3872 602.0
3873 602.0
3874 602.0
3875 602.0
3876 602.0
3877 602.0
3878 602.0
3879 602.0
3880 602.0
3881 602.0
3882 602.0
3883 602.0
3884 602.0
3885 602.0
3886 602.0
3887 602.0
3888 602.0
3889 602.0
3890 602.0
3891 602.0
3892 602.0
3893 602.0
3894 602.0
3895 602.0
3896 602.0
3897 602.0
3898 602.0
3899 602.0
3900 602.0
3901 602.0
3902 602.0
3903 602.0
3904 602.0
3905 602.0
3906 602.0
3907 602.0
3908 602.0
3909 602.0
3910 602.0
3911 602.0
3912 602.0
3913 602.0
3914 602.0
3915 602.0
3916 602.0
3917 602.0
3918 602.0
3919 602.0
3920 602.0
3921 602.0
3922 602.0
3923 602.0
3924 602.0
3925 602.0
3926 602.0
3927 602.0
3928 602.0
3929 602.0
3930 602.0
3931 602.0
3932 602.0
3933 602.0
3934 602.0
3935 602.0
3936 602.0
3937 602.0
3938 602.0
3939 602.0
3940 602.0
3941 602.0
3942 602.0
3943 602.0
3944 602.0
3945 602.0
3946 602.0
3947 602.0
3948 602.0
3949 602.0
3950 602.0
3951 602.0
3952 602.0
3953 602.0
3954 602.0
3955 602.0
3956 602.0
3957 602.0
3958 602.0
3959 602.0
3960 602.0
3961 602.0
3962 602.0
3963 602.0
3964 602.0
3965 602.0
3966 602.0
3967 602.0
3968 602.0
3969 602.0
3970 602.0
3971 602.0
3972 602.0
3973 602.0
3974 602.0
3975 602.0
3976 602.0
3977 602.0
3978 602.0
3979 602.0
3980 602.0
3981 602.0
3982 602.0
3983 602.0
3984 602.0
3985 602.0
3986 602.0
3987 602.0
3988 602.0
3989 602.0
3990 602.0
3991 602.0
3992 602.0
3993 602.0
3994 602.0
3995 602.0
3996 602.0
3997 602.0
3998 602.0
3999 602.0
4000 602.0
4001 602.0
4002 602.0
4003 602.0
4004 602.0
4005 602.0
4006 602.0
4007 602.0
4008 602.0
4009 602.0
4010 602.0
4011 602.0
4012 602.0
4013 602.0
4014 602.0
4015 602.0
4016 602.0
4017 602.0
4018 602.0
4019 602.0
4020 602.0
4021 602.0
4022 602.0
4023 602.0
4024 602.0
4025 602.0
4026 602.0
4027 602.0
4028 602.0
4029 602.0
4030 602.0
4031 602.0
4032 602.0
4033 602.0
4034 602.0
4035 602.0
4036 602.0
4037 602.0
4038 602.0
4039 602.0
4040 602.0
4041 602.0
4042 602.0
4043 602.0
4044 602.0
4045 602.0
4046 602.0
4047 602.0
4048 602.0
4049 602.0
4050 602.0
4051 602.0
4052 602.0
4053 602.0
4054 602.0
4055 602.0
4056 602.0
4057 602.0
4058 602.0
4059 602.0
4060 602.0
4061 602.0
4062 602.0
4063 602.0
4064 602.0
4065 602.0
4066 602.0
4067 602.0
4068 602.0
4069 602.0
4070 602.0
4071 602.0
4072 602.0
4073 602.0
4074 602.0
4075 602.0
4076 602.0
4077 602.0
4078 602.0
4079 602.0
4080 602.0
4081 602.0
4082 602.0
4083 602.0
4084 602.0
4085 602.0
4086 602.0
4087 602.0
4088 602.0
4089 602.0
4090 602.0
4091 602.0
4092 602.0
4093 602.0
4094 602.0
4095 602.0
4096 602.0
4097 602.0
4098 602.0
4099 602.0
4100 602.0
4101 602.0
4102 602.0
4103 602.0
4104 602.0
4105 602.0
4106 602.0
4107 602.0
4108 602.0
4109 602.0
4110 602.0
4111 602.0
4112 602.0
4113 602.0
4114 602.0
4115 602.0
4116 602.0
4117 602.0
4118 602.0
4119 602.0
4120 602.0
4121 602.0
4122 602.0
4123 602.0
4124 602.0
4125 602.0
4126 602.0
4127 602.0
4128 602.0
4129 602.0
4130 602.0
4131 602.0
4132 602.0
4133 602.0
4134 602.0
4135 602.0
4136 602.0
4137 602.0
4138 602.0
4139 602.0
4140 602.0
4141 602.0
4142 602.0
4143 602.0
4144 602.0
4145 602.0
4146 602.0
4147 602.0
4148 602.0
4149 602.0
4150 602.0
4151 602.0
4152 602.0
4153 602.0
4154 602.0
4155 602.0
4156 602.0
4157 602.0
4158 602.0
4159 602.0
4160 602.0
4161 602.0
4162 602.0
4163 602.0
4164 602.0
4165 602.0
4166 602.0
4167 602.0
4168 602.0
4169 602.0
4170 602.0
4171 602.0
4172 602.0
4173 602.0
4174 602.0
4175 602.0
4176 602.0
4177 602.0
4178 602.0
4179 602.0
4180 602.0
4181 602.0
4182 602.0
4183 602.0
4184 602.0
4185 602.0
4186 602.0
4187 602.0
4188 602.0
4189 602.0
4190 602.0
4191 602.0
4192 602.0
4193 602.0
4194 602.0
4195 602.0
4196 602.0
4197 602.0
4198 602.0
4199 602.0
4200 602.0
4201 602.0
4202 602.0
4203 602.0
4204 602.0
4205 602.0
4206 602.0
4207 602.0
4208 602.0
4209 602.0
4210 602.0
4211 602.0
4212 602.0
4213 602.0
4214 602.0
4215 602.0
4216 602.0
4217 602.0
4218 602.0
4219 602.0
4220 602.0
4221 602.0
4222 602.0
4223 602.0
4224 602.0
4225 602.0
4226 602.0
4227 602.0
4228 602.0
4229 602.0
4230 602.0
4231 602.0
4232 602.0
4233 602.0
4234 602.0
4235 602.0
4236 602.0
4237 602.0
4238 602.0
4239 602.0
4240 602.0
4241 602.0
4242 602.0
4243 602.0
4244 602.0
4245 602.0
4246 602.0
4247 602.0
4248 602.0
4249 602.0
4250 602.0
4251 602.0
4252 602.0
4253 602.0
4254 602.0
4255 602.0
4256 602.0
4257 602.0
4258 602.0
4259 602.0
4260 602.0
4261 602.0
4262 602.0
4263 602.0
4264 602.0
4265 602.0
4266 602.0
4267 602.0
4268 602.0
4269 602.0
4270 602.0
4271 602.0
4272 602.0
4273 602.0
4274 602.0
4275 602.0
4276 602.0
4277 602.0
4278 602.0
4279 602.0
4280 602.0
4281 602.0
4282 602.0
4283 602.0
4284 602.0
4285 602.0
4286 602.0
4287 602.0
4288 602.0
4289 602.0
4290 602.0
4291 602.0
4292 602.0
4293 602.0
4294 602.0
4295 602.0
4296 602.0
4297 602.0
4298 602.0
4299 602.0
4300 602.0
4301 602.0
4302 602.0
4303 602.0
4304 602.0
4305 602.0
4306 602.0
4307 602.0
4308 602.0
4309 602.0
4310 602.0
4311 602.0
4312 602.0
4313 602.0
4314 602.0
4315 602.0
4316 602.0
4317 602.0
4318 602.0
4319 602.0
4320 602.0
4321 602.0
4322 602.0
4323 602.0
4324 602.0
4325 602.0
4326 602.0
4327 602.0
4328 602.0
4329 602.0
4330 602.0
4331 602.0
4332 602.0
4333 602.0
4334 602.0
4335 602.0
4336 602.0
4337 602.0
4338 602.0
4339 602.0
4340 602.0
4341 602.0
4342 602.0
4343 602.0
4344 602.0
4345 602.0
4346 602.0
4347 602.0
4348 602.0
4349 602.0
4350 602.0
4351 602.0
4352 602.0
4353 602.0
4354 602.0
4355 602.0
4356 602.0
4357 602.0
4358 602.0
4359 602.0
4360 602.0
4361 602.0
4362 602.0
4363 602.0
4364 602.0
4365 602.0
4366 602.0
4367 602.0
4368 602.0
4369 602.0
4370 602.0
4371 602.0
4372 602.0
4373 602.0
4374 602.0
4375 602.0
4376 602.0
4377 602.0
4378 602.0
4379 602.0
4380 602.0
4381 602.0
4382 602.0
4383 602.0
4384 602.0
4385 602.0
4386 602.0
4387 602.0
4388 602.0
4389 602.0
4390 602.0
4391 602.0
4392 602.0
4393 602.0
4394 602.0
4395 602.0
4396 602.0
4397 602.0
4398 602.0
4399 602.0
4400 602.0
4401 602.0
4402 602.0
4403 602.0
4404 602.0
4405 602.0
4406 602.0
4407 602.0
4408 602.0
4409 602.0
4410 602.0
4411 602.0
4412 602.0
4413 602.0
4414 602.0
4415 602.0
4416 602.0
4417 602.0
4418 602.0
4419 602.0
4420 602.0
4421 602.0
4422 602.0
4423 602.0
4424 602.0
4425 602.0
4426 602.0
4427 602.0
4428 602.0
4429 602.0
4430 602.0
4431 602.0
4432 602.0
4433 602.0
4434 602.0
4435 602.0
4436 602.0
4437 602.0
4438 602.0
4439 602.0
4440 602.0
4441 602.0
4442 602.0
4443 602.0
4444 597.0
4445 597.0
4446 597.0
4447 597.0
4448 597.0
4449 597.0
4450 597.0
4451 597.0
4452 597.0
4453 597.0
4454 597.0
4455 597.0
4456 597.0
4457 597.0
4458 597.0
4459 597.0
4460 597.0
4461 597.0
4462 597.0
4463 597.0
4464 597.0
4465 597.0
4466 597.0
4467 597.0
4468 597.0
4469 597.0
4470 597.0
4471 597.0
4472 597.0
4473 597.0
4474 597.0
4475 597.0
4476 597.0
4477 597.0
4478 597.0
4479 597.0
4480 597.0
4481 597.0
4482 597.0
4483 597.0
4484 597.0
4485 597.0
4486 597.0
4487 597.0
4488 597.0
4489 597.0
4490 597.0
4491 597.0
4492 597.0
4493 597.0
4494 597.0
4495 597.0
4496 597.0
4497 597.0
4498 597.0
4499 597.0
4500 597.0
4501 597.0
4502 597.0
4503 597.0
4504 597.0
4505 597.0
4506 592.0
4507 586.0
4508 586.0
4509 586.0
4510 586.0
4511 586.0
4512 586.0
4513 586.0
4514 586.0
4515 586.0
4516 586.0
4517 586.0
4518 586.0
4519 586.0
4520 586.0
4521 586.0
4522 586.0
4523 586.0
4524 586.0
4525 586.0
4526 586.0
4527 586.0
4528 586.0
4529 586.0
4530 586.0
4531 584.0
4532 584.0
4533 584.0
4534 584.0
4535 584.0
4536 584.0
4537 584.0
4538 584.0
4539 584.0
4540 584.0
4541 584.0
4542 584.0
4543 584.0
4544 584.0
4545 584.0
4546 584.0
4547 584.0
4548 584.0
4549 584.0
4550 584.0
4551 584.0
4552 584.0
4553 584.0
4554 584.0
4555 584.0
4556 584.0
4557 584.0
4558 584.0
4559 584.0
4560 584.0
4561 584.0
4562 584.0
4563 584.0
4564 584.0
4565 584.0
4566 584.0
4567 584.0
4568 584.0
4569 584.0
4570 584.0
4571 584.0
4572 584.0
4573 584.0
4574 584.0
4575 584.0
4576 584.0
4577 584.0
4578 584.0
4579 584.0
4580 584.0
4581 584.0
4582 584.0
4583 584.0
4584 584.0
4585 584.0
4586 584.0
4587 584.0
4588 584.0
4589 584.0
4590 584.0
4591 584.0
4592 584.0
4593 584.0
4594 584.0
4595 584.0
4596 584.0
4597 584.0
4598 584.0
4599 584.0
4600 584.0
4601 584.0
4602 584.0
4603 584.0
4604 584.0
4605 584.0
4606 584.0
4607 584.0
4608 584.0
4609 584.0
4610 584.0
4611 584.0
4612 584.0
4613 584.0
4614 584.0
4615 584.0
4616 584.0
4617 584.0
4618 584.0
4619 584.0
4620 584.0
4621 584.0
4622 584.0
4623 584.0
4624 584.0
4625 584.0
4626 584.0
4627 584.0
4628 584.0
4629 584.0
4630 584.0
4631 584.0
4632 584.0
4633 584.0
4634 584.0
4635 584.0
4636 584.0
4637 584.0
4638 584.0
4639 584.0
4640 584.0
4641 584.0
4642 584.0
4643 584.0
4644 584.0
4645 584.0
4646 584.0
4647 584.0
4648 584.0
4649 584.0
4650 584.0
4651 584.0
4652 584.0
4653 584.0
4654 584.0
4655 584.0
4656 584.0
4657 584.0
4658 584.0
4659 584.0
4660 584.0
4661 584.0
4662 584.0
4663 584.0
4664 584.0
4665 584.0
4666 584.0
4667 584.0
4668 584.0
4669 584.0
4670 584.0
4671 584.0
4672 584.0
4673 584.0
4674 584.0
4675 584.0
4676 584.0
4677 584.0
4678 584.0
4679 584.0
4680 584.0
4681 584.0
4682 584.0
4683 584.0
4684 584.0
4685 584.0
4686 584.0
4687 584.0
4688 584.0
4689 584.0
4690 584.0
4691 584.0
4692 584.0
4693 584.0
4694 584.0
4695 584.0
4696 584.0
4697 584.0
4698 584.0
4699 584.0
4700 584.0
4701 584.0
4702 584.0
4703 584.0
4704 584.0
4705 584.0
4706 584.0
4707 584.0
4708 584.0
4709 584.0
4710 584.0
4711 584.0
4712 584.0
4713 584.0
4714 584.0
4715 584.0
4716 584.0
4717 584.0
4718 584.0
4719 584.0
4720 584.0
4721 584.0
4722 584.0
4723 584.0
4724 584.0
4725 584.0
4726 584.0
4727 584.0
4728 584.0
4729 584.0
4730 584.0
4731 584.0
4732 584.0
4733 584.0
4734 584.0
4735 584.0
4736 584.0
4737 584.0
4738 584.0
4739 584.0
4740 584.0
4741 584.0
4742 584.0
4743 584.0
4744 584.0
4745 584.0
4746 584.0
4747 584.0
4748 584.0
4749 584.0
4750 584.0
4751 584.0
4752 584.0
4753 584.0
4754 584.0
4755 584.0
4756 584.0
4757 584.0
4758 584.0
4759 584.0
4760 584.0
4761 584.0
4762 584.0
4763 584.0
4764 584.0
4765 584.0
4766 584.0
4767 584.0
4768 584.0
4769 584.0
4770 584.0
4771 584.0
4772 584.0
4773 584.0
4774 584.0
4775 584.0
4776 584.0
4777 584.0
4778 584.0
4779 584.0
4780 584.0
4781 584.0
4782 584.0
4783 584.0
4784 584.0
4785 584.0
4786 584.0
4787 584.0
4788 584.0
4789 584.0
4790 584.0
4791 584.0
4792 584.0
4793 584.0
4794 584.0
4795 584.0
4796 584.0
4797 584.0
4798 584.0
4799 584.0
4800 584.0
4801 584.0
4802 584.0
4803 584.0
4804 584.0
4805 584.0
4806 584.0
4807 584.0
4808 584.0
4809 584.0
4810 584.0
4811 584.0
4812 584.0
4813 584.0
4814 584.0
4815 584.0
4816 584.0
4817 584.0
4818 584.0
4819 584.0
4820 584.0
4821 584.0
4822 584.0
4823 584.0
4824 584.0
4825 584.0
4826 584.0
4827 584.0
4828 584.0
4829 584.0
4830 584.0
4831 584.0
4832 584.0
4833 584.0
4834 584.0
4835 584.0
4836 584.0
4837 584.0
4838 584.0
4839 584.0
4840 584.0
4841 584.0
4842 584.0
4843 584.0
4844 584.0
4845 584.0
4846 584.0
4847 584.0
4848 584.0
4849 584.0
4850 584.0
4851 584.0
4852 584.0
4853 584.0
4854 584.0
4855 584.0
4856 584.0
4857 584.0
4858 584.0
4859 584.0
4860 584.0
4861 584.0
4862 584.0
4863 584.0
4864 584.0
4865 584.0
4866 584.0
4867 584.0
4868 584.0
4869 584.0
4870 584.0
4871 584.0
4872 584.0
4873 584.0
4874 584.0
4875 584.0
4876 584.0
4877 584.0
4878 584.0
4879 584.0
4880 584.0
4881 584.0
4882 584.0
4883 584.0
4884 584.0
4885 584.0
4886 584.0
4887 584.0
4888 584.0
4889 584.0
4890 584.0
4891 584.0
4892 584.0
4893 584.0
4894 584.0
4895 584.0
4896 584.0
4897 584.0
4898 584.0
4899 584.0
4900 584.0
4901 584.0
4902 584.0
4903 584.0
4904 584.0
4905 584.0
4906 584.0
4907 584.0
4908 584.0
4909 584.0
4910 584.0
4911 584.0
4912 584.0
4913 584.0
4914 584.0
4915 584.0
4916 584.0
4917 584.0
4918 584.0
4919 584.0
4920 584.0
4921 584.0
4922 584.0
4923 584.0
4924 584.0
4925 584.0
4926 584.0
4927 584.0
4928 584.0
4929 584.0
4930 584.0
4931 584.0
4932 584.0
4933 584.0
4934 584.0
4935 584.0
4936 584.0
4937 584.0
4938 584.0
4939 584.0
4940 584.0
4941 584.0
4942 584.0
4943 584.0
4944 584.0
4945 584.0
4946 584.0
4947 584.0
4948 584.0
4949 584.0
4950 584.0
4951 584.0
4952 584.0
4953 584.0
4954 584.0
4955 584.0
4956 584.0
4957 584.0
4958 584.0
4959 584.0
4960 584.0
4961 584.0
4962 584.0
4963 584.0
4964 584.0
4965 584.0
4966 584.0
4967 584.0
4968 584.0
4969 584.0
4970 584.0
4971 584.0
4972 584.0
4973 584.0
4974 584.0
4975 584.0
4976 584.0
4977 584.0
4978 584.0
4979 584.0
4980 584.0
4981 584.0
4982 584.0
4983 584.0
4984 584.0
4985 584.0
4986 584.0
4987 584.0
4988 584.0
4989 584.0
4990 584.0
4991 584.0
4992 584.0
4993 584.0
4994 584.0
4995 584.0
4996 584.0
4997 584.0
4998 584.0
4999 584.0
