0 14371.0
1 13868.0
2 13868.0
3 13868.0
4 13704.0
5 13704.0
6 13055.0
7 12896.0
8 12896.0
9 12736.0
10 12577.0
11 12263.0
12 11799.0
13 11648.0
14 11648.0
15 11648.0
16 11648.0
17 11648.0
18 11648.0
19 11648.0
20 11648.0
21 11648.0
22 11648.0
23 11648.0
34 11345.0
35 11345.0
36 11345.0
37 11195.0
38 11195.0
39 11195.0
40 11195.0
41 11046.0
42 11046.0
43 11046.0
44 11046.0
45 11046.0
46 11046.0
47 11046.0
48 11046.0
49 11046.0
50 11046.0
51 10752.0
52 10752.0
53 10752.0
54 10752.0
55 10752.0
56 10752.0
57 10177.0
58 10177.0
59 10177.0
60 10177.0
61 10177.0
62 10177.0
63 10177.0
64 10177.0
65 10177.0
66 10177.0
67 9894.0
68 9757.0
69 9347.0
70 9347.0
71 9347.0
72 9347.0
73 9211.0
74 9211.0
75 9211.0
76 9211.0
77 9211.0
78 9211.0
79 8943.0
80 8683.0
81 7987.0
82 7987.0
83 7987.0
84 7987.0
85 7987.0
86 7987.0
87 7987.0
88 7987.0
89 7987.0
90 7862.0
91 7747.0
92 7747.0
93 7747.0
94 7747.0
95 7747.0
96 7747.0
97 7747.0
98 7384.0
99 7264.0
100 7264.0
101 7264.0
102 6796.0
103 6690.0
104 6492.0
105 6492.0
106 6160.0
107 6158.0
108 6158.0
109 6058.0
110 6047.0
111 6047.0
112 6047.0
113 5855.0
114 5855.0
115 5749.0
116 5540.0
117 5450.0
118 5450.0
119 5450.0
120 5450.0
121 5450.0
122 5270.0
123 5071.0
124 5071.0
125 5071.0
126 5071.0
127 5053.0
128 5053.0
129 5013.0
130 4521.0
131 4521.0
132 4521.0
133 4521.0
134 4521.0
135 4446.0
136 4221.0
137 4133.0
138 3877.0
139 3401.0
140 3401.0
141 3400.0
142 3400.0
143 3400.0
144 3400.0
145 3342.0
146 3328.0
147 3328.0
148 3328.0
149 3328.0
150 3328.0
151 3289.0
152 3004.0
153 3004.0
154 3004.0
155 3004.0
156 2841.0
157 2841.0
158 2814.0
159 2814.0
160 2814.0
161 2814.0
162 2814.0
163 2814.0
164 2783.0
165 2783.0
166 2783.0
167 2783.0
168 2783.0
169 2783.0
170 2783.0
171 2783.0
172 2783.0
173 2783.0
174 2783.0
185 3116.0
186 3116.0
187 3116.0
188 3116.0
189 3116.0
190 3069.0
191 3069.0
192 3069.0
193 3069.0
194 2996.0
195 2996.0
196 2996.0
197 2996.0
198 2996.0
199 2930.0
200 2930.0
201 2653.0
202 2653.0
203 2653.0
204 2653.0
205 2653.0
206 2653.0
207 2653.0
208 2653.0
209 2653.0
210 2653.0
211 2653.0
222 2458.0
223 2347.0
224 2299.0
225 2278.0
226 2220.0
227 2105.0
228 2105.0
229 2048.0
230 2048.0
231 2048.0
232 1996.0
233 1843.0
234 1843.0
235 1609.0
236 1529.0
237 1529.0
238 1517.0
239 1517.0
240 1517.0
241 1517.0
242 1517.0
243 1517.0
244 1489.0
245 1489.0
246 1447.0
247 1447.0
248 1447.0
249 1447.0
250 1447.0
251 1447.0
252 1447.0
253 1447.0
254 1447.0
255 1367.0
256 1361.0
257 1361.0
258 1305.0
259 1289.0
260 1289.0
261 1289.0
262 1289.0
263 1289.0
264 1289.0
265 1289.0
266 1289.0
267 1289.0
268 1289.0
269 1289.0
280 1219.0
281 1184.0
282 1184.0
283 1176.0
284 1130.0
285 1119.0
286 995.0
287 906.0
288 902.0
289 898.0
290 854.0
291 842.0
292 842.0
293 840.0
294 840.0
295 836.0
296 833.0
297 833.0
298 823.0
299 823.0
300 794.0
301 794.0
302 794.0
303 794.0
304 794.0
305 794.0
306 779.0
307 779.0
308 757.0
309 757.0
310 757.0
311 757.0
312 757.0
313 757.0
314 757.0
315 757.0
316 757.0
317 757.0
318 757.0
329 681.0
330 681.0
331 681.0
332 681.0
333 681.0
334 681.0
335 681.0
336 681.0
337 681.0
338 681.0
339 681.0
350 676.0
351 676.0
352 676.0
353 676.0
354 676.0
355 676.0
356 676.0
357 676.0
358 676.0
359 676.0
370 737.0
371 737.0
372 737.0
373 737.0
374 580.0
375 532.0
376 532.0
377 532.0
378 532.0
379 532.0
380 532.0
381 531.0
382 531.0
383 531.0
384 531.0
385 531.0
386 531.0
387 531.0
388 531.0
389 531.0
390 531.0
391 531.0
402 683.0
403 683.0
404 650.0
405 650.0
406 649.0
407 649.0
408 614.0
409 614.0
410 614.0
411 614.0
412 614.0
413 603.0
414 603.0
415 603.0
416 603.0
417 573.0
418 573.0
419 573.0
420 573.0
421 573.0
422 569.0
423 569.0
424 569.0
425 569.0
426 569.0
427 569.0
428 569.0
429 569.0
430 569.0
431 569.0
432 564.0
433 564.0
434 564.0
435 564.0
436 564.0
437 564.0
438 555.0
439 555.0
440 555.0
441 555.0
442 555.0
443 555.0
444 555.0
445 555.0
446 555.0
447 555.0
448 555.0
459 542.0
460 516.0
461 516.0
462 516.0
463 516.0
464 516.0
465 516.0
466 516.0
467 516.0
468 516.0
469 516.0
470 516.0
481 529.0
482 529.0
483 529.0
484 529.0
485 529.0
486 529.0
487 529.0
488 529.0
489 529.0
490 529.0
501 553.0
502 546.0
503 546.0
504 546.0
505 546.0
506 546.0
507 546.0
508 546.0
509 537.0
510 537.0
511 537.0
512 537.0
513 537.0
514 537.0
515 537.0
516 537.0
517 537.0
518 537.0
519 510.0
520 510.0
521 510.0
522 510.0
523 510.0
524 510.0
525 510.0
526 510.0
527 510.0
528 510.0
529 510.0
540 436.0
541 436.0
542 436.0
543 436.0
544 436.0
545 436.0
546 429.0
547 410.0
548 410.0
549 410.0
550 410.0
551 410.0
552 410.0
553 410.0
554 410.0
555 410.0
556 410.0
557 410.0
568 401.0
569 401.0
570 401.0
571 401.0
572 401.0
573 401.0
574 401.0
575 401.0
576 397.0
577 397.0
578 397.0
579 397.0
580 393.0
581 383.0
582 383.0
583 383.0
584 383.0
585 383.0
586 383.0
587 383.0
588 383.0
589 383.0
590 383.0
591 383.0
602 386.0
603 386.0
604 386.0
605 386.0
606 386.0
607 386.0
608 386.0
609 386.0
610 386.0
611 386.0
622 386.0
623 386.0
624 386.0
625 386.0
626 386.0
627 386.0
628 386.0
629 386.0
630 386.0
631 373.0
632 373.0
633 373.0
634 373.0
635 373.0
636 373.0
637 369.0
638 369.0
639 369.0
640 369.0
641 369.0
642 369.0
643 369.0
644 369.0
645 369.0
646 369.0
647 369.0
658 371.0
659 371.0
660 371.0
661 371.0
662 371.0
663 371.0
664 371.0
665 371.0
666 371.0
667 371.0
678 382.0
679 382.0
680 376.0
681 376.0
682 376.0
683 376.0
684 376.0
685 376.0
686 376.0
687 376.0
688 376.0
689 376.0
690 376.0
701 383.0
702 383.0
703 383.0
704 381.0
705 381.0
706 379.0
707 379.0
708 379.0
709 379.0
710 379.0
711 374.0
712 374.0
713 371.0
714 371.0
715 371.0
716 371.0
717 371.0
718 371.0
719 371.0
720 371.0
721 371.0
722 371.0
723 371.0
734 370.0
735 370.0
736 370.0
737 370.0
738 370.0
739 370.0
740 370.0
741 370.0
742 370.0
743 370.0
754 374.0
755 374.0
756 374.0
757 374.0
758 374.0
759 374.0
760 374.0
761 374.0
762 374.0
763 374.0
774 374.0
775 374.0
776 374.0
777 374.0
778 374.0
779 374.0
780 374.0
781 374.0
782 374.0
783 374.0
794 379.0
795 379.0
796 379.0
797 379.0
798 379.0
799 379.0
800 379.0
801 379.0
802 379.0
803 377.0
804 377.0
805 377.0
806 377.0
807 377.0
808 377.0
809 377.0
810 377.0
811 377.0
812 377.0
813 377.0
824 353.0
825 353.0
826 353.0
827 353.0
828 353.0
829 353.0
830 353.0
831 353.0
832 353.0
833 353.0
844 352.0
845 352.0
846 352.0
847 352.0
848 352.0
849 352.0
850 352.0
851 352.0
852 351.0
853 351.0
854 351.0
855 351.0
856 351.0
857 351.0
858 351.0
859 351.0
860 351.0
861 351.0
862 351.0
873 357.0
874 357.0
875 357.0
876 344.0
877 344.0
878 344.0
879 344.0
880 344.0
881 344.0
882 344.0
883 344.0
884 344.0
885 344.0
886 344.0
897 342.0
898 342.0
899 342.0
900 342.0
901 342.0
902 342.0
903 341.0
904 341.0
905 341.0
906 341.0
907 341.0
908 341.0
909 341.0
910 341.0
911 341.0
912 341.0
913 341.0
924 335.0
925 335.0
926 335.0
927 335.0
928 335.0
929 335.0
930 335.0
931 335.0
932 335.0
933 335.0
944 341.0
945 341.0
946 341.0
947 335.0
948 335.0
949 335.0
950 335.0
951 335.0
952 335.0
953 335.0
954 335.0
955 335.0
956 335.0
957 335.0
968 339.0
969 339.0
970 339.0
971 339.0
972 339.0
973 339.0
974 339.0
975 339.0
976 339.0
977 339.0
988 342.0
989 342.0
990 342.0
991 342.0
992 342.0
993 342.0
994 342.0
995 342.0
996 342.0
997 342.0
1008 341.0
1009 341.0
1010 339.0
1011 339.0
1012 339.0
1013 339.0
1014 339.0
1015 339.0
1016 339.0
1017 336.0
1018 336.0
1019 336.0
1020 335.0
1021 335.0
1022 335.0
1023 335.0
1024 335.0
1025 335.0
1026 335.0
1027 335.0
1028 335.0
1029 335.0
1030 335.0
1041 360.0
1042 360.0
1043 360.0
1044 360.0
1045 360.0
1046 360.0
1047 360.0
1048 360.0
1049 360.0
1050 360.0
1061 361.0
1062 361.0
1063 361.0
1064 361.0
1065 361.0
1066 361.0
1067 361.0
1068 361.0
1069 361.0
1070 358.0
1071 358.0
1072 358.0
1073 358.0
1074 358.0
1075 358.0
1076 358.0
1077 358.0
1078 358.0
1079 358.0
1080 358.0
1091 358.0
1092 358.0
1093 358.0
1094 355.0
1095 355.0
1096 355.0
1097 355.0
1098 338.0
1099 338.0
1100 338.0
1101 338.0
1102 338.0
1103 338.0
1104 338.0
1105 338.0
1106 338.0
1107 338.0
1108 338.0
1119 337.0
1120 337.0
1121 337.0
1122 337.0
1123 337.0
1124 337.0
1125 337.0
1126 337.0
1127 337.0
1128 337.0
1139 342.0
1140 342.0
1141 342.0
1142 342.0
1143 337.0
1144 337.0
1145 337.0
1146 337.0
1147 337.0
1148 337.0
1149 337.0
1150 337.0
1151 337.0
1152 337.0
1153 337.0
1164 332.0
1165 332.0
1166 332.0
1167 332.0
1168 332.0
1169 332.0
1170 332.0
1171 332.0
1172 332.0
1173 332.0
1174 332.0
1185 339.0
1186 339.0
1187 339.0
1188 339.0
1189 339.0
1190 339.0
1191 339.0
1192 327.0
1193 327.0
1194 327.0
1195 327.0
1196 327.0
1197 327.0
1198 327.0
1199 327.0
1200 327.0
1201 327.0
1202 327.0
1213 334.0
1214 334.0
1215 334.0
1216 334.0
1217 334.0
1218 334.0
1219 334.0
1220 334.0
1221 334.0
1222 334.0
1233 351.0
1234 351.0
1235 345.0
1236 345.0
1237 345.0
1238 345.0
1239 340.0
1240 340.0
1241 340.0
1242 340.0
1243 340.0
1244 340.0
1245 340.0
1246 340.0
1247 338.0
1248 338.0
1249 338.0
1250 338.0
1251 338.0
1252 338.0
1253 337.0
1254 337.0
1255 337.0
1256 334.0
1257 334.0
1258 334.0
1259 334.0
1260 334.0
1261 334.0
1262 334.0
1263 334.0
1264 334.0
1265 334.0
1266 334.0
1277 334.0
1278 334.0
1279 334.0
1280 334.0
1281 334.0
1282 334.0
1283 334.0
1284 334.0
1285 334.0
1286 333.0
1287 333.0
1288 333.0
1289 333.0
1290 333.0
1291 333.0
1292 333.0
1293 333.0
1294 333.0
1295 333.0
1296 333.0
1307 334.0
1308 334.0
1309 334.0
1310 334.0
1311 334.0
1312 330.0
1313 330.0
1314 330.0
1315 330.0
1316 330.0
1317 330.0
1318 330.0
1319 330.0
1320 330.0
1321 330.0
1322 330.0
1333 334.0
1334 334.0
1335 331.0
1336 331.0
1337 331.0
1338 331.0
1339 331.0
1340 331.0
1341 331.0
1342 331.0
1343 331.0
1344 331.0
1345 331.0
1356 334.0
1357 334.0
1358 334.0
1359 334.0
1360 334.0
1361 334.0
1362 334.0
1363 334.0
1364 334.0
1365 334.0
1376 334.0
1377 330.0
1378 330.0
1379 330.0
1380 330.0
1381 330.0
1382 330.0
1383 330.0
1384 330.0
1385 330.0
1386 330.0
1387 330.0
1398 331.0
1399 331.0
1400 331.0
1401 331.0
1402 331.0
1403 331.0
1404 331.0
1405 331.0
1406 331.0
1407 331.0
1418 328.0
1419 328.0
1420 328.0
1421 328.0
1422 328.0
1423 328.0
1424 328.0
1425 328.0
1426 328.0
1427 328.0
1428 328.0
1439 336.0
1440 336.0
1441 336.0
1442 331.0
1443 331.0
1444 331.0
1445 331.0
1446 322.0
1447 322.0
1448 322.0
1449 322.0
1450 322.0
1451 322.0
1452 322.0
1453 322.0
1454 322.0
1455 322.0
1456 322.0
1467 340.0
1468 340.0
1469 340.0
1470 340.0
1471 340.0
1472 340.0
1473 331.0
1474 331.0
1475 331.0
1476 331.0
1477 331.0
1478 331.0
1479 331.0
1480 331.0
1481 331.0
1482 331.0
1483 331.0
1494 334.0
1495 334.0
1496 334.0
1497 334.0
1498 334.0
1499 334.0
1500 334.0
1501 334.0
1502 334.0
1503 334.0
1514 322.0
1515 322.0
1516 322.0
1517 322.0
1518 322.0
1519 322.0
1520 322.0
1521 322.0
1522 322.0
1523 322.0
1534 346.0
1535 346.0
1536 346.0
1537 345.0
1538 345.0
1539 345.0
1540 345.0
1541 345.0
1542 345.0
1543 345.0
1544 345.0
1545 345.0
1546 345.0
1547 345.0
1558 352.0
1559 352.0
1560 352.0
1561 352.0
1562 352.0
1563 352.0
1564 352.0
1565 346.0
1566 346.0
1567 346.0
1568 346.0
1569 346.0
1570 346.0
1571 346.0
1572 346.0
1573 346.0
1574 346.0
1575 346.0
1586 352.0
1587 352.0
1588 352.0
1589 352.0
1590 352.0
1591 352.0
1592 352.0
1593 352.0
1594 352.0
1595 339.0
1596 339.0
1597 339.0
1598 339.0
1599 339.0
1600 339.0
1601 339.0
1602 339.0
1603 339.0
1604 339.0
1605 339.0
1616 358.0
1617 358.0
1618 358.0
1619 354.0
1620 354.0
1621 354.0
1622 354.0
1623 354.0
1624 354.0
1625 354.0
1626 354.0
1627 352.0
1628 352.0
1629 352.0
1630 352.0
1631 352.0
1632 352.0
1633 345.0
1634 345.0
1635 345.0
1636 345.0
1637 345.0
1638 345.0
1639 345.0
1640 345.0
1641 345.0
1642 345.0
1643 345.0
1654 343.0
1655 343.0
1656 343.0
1657 343.0
1658 343.0
1659 343.0
1660 343.0
1661 343.0
1662 343.0
1663 343.0
1674 346.0
1675 346.0
1676 346.0
1677 346.0
1678 346.0
1679 346.0
1680 346.0
1681 346.0
1682 346.0
1683 346.0
1684 346.0
1695 346.0
1696 346.0
1697 346.0
1698 346.0
1699 346.0
1700 346.0
1701 346.0
1702 346.0
1703 346.0
1704 346.0
1715 341.0
1716 341.0
1717 341.0
1718 341.0
1719 341.0
1720 341.0
1721 341.0
1722 341.0
1723 341.0
1724 341.0
1735 369.0
1736 367.0
1737 367.0
1738 367.0
1739 367.0
1740 367.0
1741 367.0
1742 367.0
1743 367.0
1744 367.0
1745 367.0
1746 367.0
1757 361.0
1758 361.0
1759 354.0
1760 354.0
1761 354.0
1762 354.0
1763 354.0
1764 354.0
1765 354.0
1766 354.0
1767 354.0
1768 354.0
1769 354.0
1780 354.0
1781 354.0
1782 354.0
1783 354.0
1784 354.0
1785 352.0
1786 352.0
1787 352.0
1788 352.0
1789 352.0
1790 352.0
1791 352.0
1792 352.0
1793 352.0
1794 352.0
1795 352.0
1806 368.0
1807 367.0
1808 367.0
1809 360.0
1810 360.0
1811 360.0
1812 360.0
1813 360.0
1814 360.0
1815 360.0
1816 360.0
1817 360.0
1818 360.0
1819 360.0
1830 353.0
1831 353.0
1832 353.0
1833 353.0
1834 353.0
1835 353.0
1836 353.0
1837 353.0
1838 353.0
1839 353.0
1850 354.0
1851 354.0
1852 354.0
1853 354.0
1854 354.0
1855 354.0
1856 354.0
1857 354.0
1858 354.0
1859 354.0
1870 375.0
1871 375.0
1872 375.0
1873 375.0
1874 375.0
1875 375.0
1876 375.0
1877 375.0
1878 375.0
1879 375.0
1890 373.0
1891 373.0
1892 373.0
1893 373.0
1894 373.0
1895 373.0
1896 373.0
1897 373.0
1898 373.0
1899 373.0
1910 422.0
1911 422.0
1912 422.0
1913 422.0
1914 422.0
1915 422.0
1916 422.0
1917 422.0
1918 422.0
1919 422.0
1930 423.0
1931 423.0
1932 423.0
1933 423.0
1934 423.0
1935 423.0
1936 423.0
1937 423.0
1938 423.0
1939 423.0
1950 350.0
1951 350.0
1952 350.0
1953 350.0
1954 350.0
1955 350.0
1956 350.0
1957 350.0
1958 350.0
1959 350.0
1970 359.0
1971 359.0
1972 359.0
1973 359.0
1974 359.0
1975 359.0
1976 359.0
1977 359.0
1978 359.0
1979 359.0
1990 385.0
1991 385.0
1992 385.0
1993 385.0
1994 385.0
1995 377.0
1996 377.0
1997 377.0
1998 373.0
1999 373.0
2000 373.0
2001 373.0
2002 373.0
2003 373.0
2004 373.0
2005 373.0
2006 373.0
2007 373.0
2008 335.0
2009 335.0
2010 335.0
2011 335.0
2012 335.0
2013 335.0
2014 335.0
2015 335.0
2016 335.0
2017 335.0
2018 335.0
2029 341.0
2030 341.0
2031 341.0
2032 335.0
2033 335.0
2034 335.0
2035 335.0
2036 335.0
2037 335.0
2038 335.0
2039 335.0
2040 335.0
2041 335.0
2042 335.0
2053 342.0
2054 342.0
2055 336.0
2056 336.0
2057 336.0
2058 336.0
2059 336.0
2060 336.0
2061 336.0
2062 336.0
2063 336.0
2064 336.0
2065 336.0
2076 333.0
2077 333.0
2078 333.0
2079 333.0
2080 333.0
2081 333.0
2082 333.0
2083 333.0
2084 333.0
2085 333.0
2086 333.0
2097 341.0
2098 341.0
2099 341.0
2100 341.0
2101 341.0
2102 334.0
2103 334.0
2104 334.0
2105 334.0
2106 334.0
2107 334.0
2108 334.0
2109 334.0
2110 334.0
2111 334.0
2112 334.0
2123 338.0
2124 338.0
2125 338.0
2126 338.0
2127 338.0
2128 338.0
2129 338.0
2130 335.0
2131 329.0
2132 329.0
2133 329.0
2134 329.0
2135 329.0
2136 329.0
2137 329.0
2138 329.0
2139 329.0
2140 329.0
2141 329.0
2152 334.0
2153 334.0
2154 334.0
2155 334.0
2156 334.0
2157 334.0
2158 334.0
2159 334.0
2160 334.0
2161 334.0
2172 329.0
2173 329.0
2174 329.0
2175 329.0
2176 329.0
2177 329.0
2178 329.0
2179 329.0
2180 329.0
2181 329.0
2192 336.0
2193 336.0
2194 336.0
2195 329.0
2196 329.0
2197 329.0
2198 329.0
2199 329.0
2200 329.0
2201 329.0
2202 329.0
2203 329.0
2204 329.0
2205 329.0
2216 326.0
2217 326.0
2218 326.0
2219 326.0
2220 326.0
2221 326.0
2222 326.0
2223 326.0
2224 326.0
2225 326.0
2236 324.0
2237 324.0
2238 324.0
2239 324.0
2240 324.0
2241 324.0
2242 324.0
2243 324.0
2244 324.0
2245 324.0
2256 324.0
2257 324.0
2258 324.0
2259 324.0
2260 324.0
2261 324.0
2262 324.0
2263 324.0
2264 324.0
2265 324.0
2276 360.0
2277 360.0
2278 360.0
2279 359.0
2280 359.0
2281 359.0
2282 359.0
2283 359.0
2284 357.0
2285 357.0
2286 357.0
2287 357.0
2288 357.0
2289 357.0
2290 357.0
2291 357.0
2292 357.0
2293 357.0
2294 357.0
2305 344.0
2306 344.0
2307 344.0
2308 344.0
2309 339.0
2310 339.0
2311 339.0
2312 339.0
2313 339.0
2314 339.0
2315 339.0
2316 339.0
2317 339.0
2318 339.0
2319 339.0
2330 349.0
2331 349.0
2332 349.0
2333 349.0
2334 349.0
2335 349.0
2336 349.0
2337 349.0
2338 349.0
2339 349.0
2350 341.0
2351 341.0
2352 341.0
2353 341.0
2354 341.0
2355 341.0
2356 341.0
2357 341.0
2358 341.0
2359 341.0
2370 328.0
2371 328.0
2372 328.0
2373 328.0
2374 328.0
2375 328.0
2376 323.0
2377 323.0
2378 323.0
2379 323.0
2380 323.0
2381 323.0
2382 323.0
2383 323.0
2384 323.0
2385 323.0
2386 323.0
2397 325.0
2398 325.0
2399 325.0
2400 325.0
2401 325.0
2402 325.0
2403 325.0
2404 325.0
2405 325.0
2406 325.0
2417 325.0
2418 325.0
2419 323.0
2420 323.0
2421 323.0
2422 323.0
2423 323.0
2424 323.0
2425 323.0
2426 323.0
2427 323.0
2428 323.0
2429 323.0
2440 325.0
2441 325.0
2442 325.0
2443 325.0
2444 325.0
2445 325.0
2446 325.0
2447 325.0
2448 325.0
2449 325.0
2460 336.0
2461 336.0
2462 336.0
2463 336.0
2464 336.0
2465 335.0
2466 328.0
2467 328.0
2468 328.0
2469 328.0
2470 328.0
2471 328.0
2472 328.0
2473 328.0
2474 328.0
2475 328.0
2476 328.0
2487 328.0
2488 328.0
2489 328.0
2490 328.0
2491 328.0
2492 328.0
2493 328.0
2494 328.0
2495 328.0
2496 328.0
2507 327.0
2508 327.0
2509 327.0
2510 327.0
2511 327.0
2512 327.0
2513 327.0
2514 327.0
2515 327.0
2516 327.0
2527 333.0
2528 333.0
2529 333.0
2530 331.0
2531 331.0
2532 331.0
2533 331.0
2534 331.0
2535 331.0
2536 331.0
2537 331.0
2538 331.0
2539 331.0
2540 329.0
2541 329.0
2542 329.0
2543 329.0
2544 329.0
2545 329.0
2546 329.0
2547 329.0
2548 324.0
2549 324.0
2550 324.0
2551 324.0
2552 324.0
2553 324.0
2554 324.0
2555 324.0
2556 324.0
2557 324.0
2558 324.0
2569 336.0
2570 336.0
2571 336.0
2572 336.0
2573 336.0
2574 325.0
2575 325.0
2576 325.0
2577 325.0
2578 325.0
2579 325.0
2580 325.0
2581 325.0
2582 325.0
2583 325.0
2584 325.0
2595 324.0
2596 324.0
2597 323.0
2598 323.0
2599 323.0
2600 323.0
2601 323.0
2602 323.0
2603 323.0
2604 323.0
2605 323.0
2606 323.0
2607 323.0
2618 323.0
2619 323.0
2620 323.0
2621 323.0
2622 323.0
2623 323.0
2624 323.0
2625 323.0
2626 323.0
2627 323.0
2638 333.0
2639 333.0
2640 333.0
2641 333.0
2642 333.0
2643 333.0
2644 333.0
2645 333.0
2646 333.0
2647 333.0
2658 328.0
2659 328.0
2660 323.0
2661 323.0
2662 323.0
2663 323.0
2664 323.0
2665 323.0
2666 323.0
2667 323.0
2668 323.0
2669 323.0
2670 323.0
2681 332.0
2682 332.0
2683 332.0
2684 332.0
2685 332.0
2686 332.0
2687 332.0
2688 332.0
2689 332.0
2690 332.0
2701 333.0
2702 333.0
2703 323.0
2704 323.0
2705 323.0
2706 323.0
2707 323.0
2708 323.0
2709 323.0
2710 323.0
2711 323.0
2712 323.0
2713 323.0
2724 325.0
2725 325.0
2726 325.0
2727 325.0
2728 325.0
2729 325.0
2730 325.0
2731 325.0
2732 325.0
2733 325.0
2744 327.0
2745 327.0
2746 327.0
2747 327.0
2748 327.0
2749 323.0
2750 323.0
2751 323.0
2752 323.0
2753 323.0
2754 323.0
2755 323.0
2756 323.0
2757 323.0
2758 323.0
2759 323.0
2770 336.0
2771 336.0
2772 325.0
2773 325.0
2774 325.0
2775 325.0
2776 325.0
2777 325.0
2778 325.0
2779 325.0
2780 325.0
2781 324.0
2782 324.0
2783 324.0
2784 324.0
2785 324.0
2786 323.0
2787 323.0
2788 323.0
2789 323.0
2790 323.0
2791 323.0
2792 323.0
2793 323.0
2794 323.0
2795 323.0
2796 323.0
2807 325.0
2808 325.0
2809 325.0
2810 325.0
2811 325.0
2812 325.0
2813 325.0
2814 325.0
2815 325.0
2816 325.0
2827 323.0
2828 323.0
2829 323.0
2830 323.0
2831 323.0
2832 323.0
2833 323.0
2834 323.0
2835 323.0
2836 323.0
2847 329.0
2848 325.0
2849 325.0
2850 325.0
2851 325.0
2852 325.0
2853 325.0
2854 325.0
2855 325.0
2856 325.0
2857 325.0
2858 325.0
2869 324.0
2870 324.0
2871 324.0
2872 324.0
2873 324.0
2874 324.0
2875 324.0
2876 324.0
2877 324.0
2878 323.0
2879 323.0
2880 323.0
2881 323.0
2882 323.0
2883 323.0
2884 323.0
2885 323.0
2886 323.0
2887 323.0
2888 323.0
2899 323.0
2900 323.0
2901 323.0
2902 323.0
2903 323.0
2904 323.0
2905 323.0
2906 323.0
2907 323.0
2908 323.0
2919 325.0
2920 325.0
2921 325.0
2922 325.0
2923 325.0
2924 325.0
2925 325.0
2926 325.0
2927 325.0
2928 325.0
2939 323.0
2940 323.0
2941 323.0
2942 323.0
2943 323.0
2944 323.0
2945 323.0
2946 323.0
2947 323.0
2948 323.0
2959 325.0
2960 325.0
2961 325.0
2962 325.0
2963 325.0
2964 325.0
2965 325.0
2966 325.0
2967 325.0
2968 325.0
2979 350.0
2980 350.0
2981 350.0
2982 350.0
2983 350.0
2984 350.0
2985 350.0
2986 350.0
2987 350.0
2988 350.0
2989 350.0
3000 324.0
3001 324.0
3002 324.0
3003 324.0
3004 324.0
3005 324.0
3006 324.0
3007 324.0
3008 324.0
3009 324.0
3020 340.0
3021 340.0
3022 340.0
3023 340.0
3024 340.0
3025 340.0
3026 337.0
3027 337.0
3028 337.0
3029 337.0
3030 337.0
3031 337.0
3032 331.0
3033 331.0
3034 331.0
3035 331.0
3036 331.0
3037 331.0
3038 331.0
3039 331.0
3040 331.0
3041 331.0
3042 331.0
3053 340.0
3054 337.0
3055 337.0
3056 337.0
3057 337.0
3058 337.0
3059 337.0
3060 337.0
3061 337.0
3062 337.0
3063 337.0
3064 337.0
3075 344.0
3076 344.0
3077 342.0
3078 342.0
3079 342.0
3080 342.0
3081 342.0
3082 342.0
3083 342.0
3084 342.0
3085 342.0
3086 342.0
3087 342.0
3098 332.0
3099 332.0
3100 332.0
3101 331.0
3102 331.0
3103 331.0
3104 331.0
3105 331.0
3106 331.0
3107 331.0
3108 331.0
3109 331.0
3110 331.0
3111 331.0
3122 337.0
3123 337.0
3124 337.0
3125 337.0
3126 337.0
3127 337.0
3128 337.0
3129 337.0
3130 337.0
3131 337.0
3132 337.0
3143 324.0
3144 324.0
3145 324.0
3146 324.0
3147 324.0
3148 324.0
3149 324.0
3150 323.0
3151 323.0
3152 323.0
3153 323.0
3154 323.0
3155 323.0
3156 323.0
3157 323.0
3158 323.0
3159 323.0
3160 323.0
3171 322.0
3172 322.0
3173 322.0
3174 322.0
3175 322.0
3176 322.0
3177 322.0
3178 322.0
3179 322.0
3180 322.0
3191 322.0
3192 322.0
3193 322.0
3194 322.0
3195 322.0
3196 322.0
3197 322.0
3198 322.0
3199 322.0
3200 322.0
3211 327.0
3212 327.0
3213 327.0
3214 323.0
3215 323.0
3216 323.0
3217 323.0
3218 323.0
3219 323.0
3220 323.0
3221 323.0
3222 323.0
3223 323.0
3224 323.0
3235 327.0
3236 327.0
3237 327.0
3238 327.0
3239 327.0
3240 327.0
3241 327.0
3242 327.0
3243 327.0
3244 327.0
3255 329.0
3256 329.0
3257 329.0
3258 329.0
3259 329.0
3260 329.0
3261 329.0
3262 329.0
3263 329.0
3264 329.0
3275 327.0
3276 327.0
3277 327.0
3278 327.0
3279 327.0
3280 327.0
3281 327.0
3282 327.0
3283 327.0
3284 327.0
3295 325.0
3296 325.0
3297 325.0
3298 325.0
3299 325.0
3300 325.0
3301 325.0
3302 325.0
3303 325.0
3304 325.0
3315 328.0
3316 328.0
3317 328.0
3318 328.0
3319 328.0
3320 328.0
3321 328.0
3322 328.0
3323 328.0
3324 328.0
3335 411.0
3336 411.0
3337 411.0
3338 411.0
3339 398.0
3340 398.0
3341 398.0
3342 398.0
3343 398.0
3344 398.0
3345 398.0
3346 398.0
3347 398.0
3348 398.0
3349 398.0
3360 402.0
3361 402.0
3362 402.0
3363 402.0
3364 402.0
3365 402.0
3366 402.0
3367 369.0
3368 369.0
3369 366.0
3370 353.0
3371 353.0
3372 353.0
3373 353.0
3374 353.0
3375 353.0
3376 353.0
3377 353.0
3378 353.0
3379 337.0
3380 337.0
3381 337.0
3382 337.0
3383 337.0
3384 337.0
3385 337.0
3386 337.0
3387 337.0
3388 337.0
3389 337.0
3400 329.0
3401 329.0
3402 329.0
3403 329.0
3404 329.0
3405 329.0
3406 329.0
3407 329.0
3408 329.0
3409 329.0
3420 363.0
3421 363.0
3422 363.0
3423 363.0
3424 363.0
3425 363.0
3426 363.0
3427 361.0
3428 361.0
3429 361.0
3430 361.0
3431 361.0
3432 361.0
3433 361.0
3434 361.0
3435 361.0
3436 353.0
3437 353.0
3438 353.0
3439 353.0
3440 351.0
3441 351.0
3442 351.0
3443 351.0
3444 351.0
3445 351.0
3446 351.0
3447 351.0
3448 351.0
3449 351.0
3450 351.0
3461 363.0
3462 361.0
3463 361.0
3464 361.0
3465 361.0
3466 359.0
3467 359.0
3468 359.0
3469 359.0
3470 359.0
3471 359.0
3472 359.0
3473 359.0
3474 359.0
3475 359.0
3476 359.0
3487 347.0
3488 347.0
3489 347.0
3490 347.0
3491 347.0
3492 347.0
3493 347.0
3494 347.0
3495 347.0
3496 345.0
3497 345.0
3498 343.0
3499 343.0
3500 343.0
3501 343.0
3502 343.0
3503 343.0
3504 343.0
3505 343.0
3506 343.0
3507 343.0
3508 343.0
3519 345.0
3520 345.0
3521 345.0
3522 345.0
3523 345.0
3524 345.0
3525 345.0
3526 345.0
3527 345.0
3528 345.0
3539 343.0
3540 343.0
3541 343.0
3542 343.0
3543 343.0
3544 343.0
3545 343.0
3546 343.0
3547 343.0
3548 343.0
3559 335.0
3560 335.0
3561 335.0
3562 335.0
3563 335.0
3564 335.0
3565 335.0
3566 335.0
3567 335.0
3568 335.0
3579 357.0
3580 357.0
3581 357.0
3582 357.0
3583 357.0
3584 357.0
3585 357.0
3586 353.0
3587 353.0
3588 353.0
3589 353.0
3590 353.0
3591 351.0
3592 351.0
3593 351.0
3594 349.0
3595 349.0
3596 349.0
3597 349.0
3598 349.0
3599 348.0
3600 348.0
3601 348.0
3602 348.0
3603 348.0
3604 348.0
3605 348.0
3606 345.0
3607 345.0
3608 345.0
3609 345.0
3610 345.0
3611 345.0
3612 345.0
3613 345.0
3614 345.0
3615 345.0
3616 345.0
3627 348.0
3628 335.0
3629 335.0
3630 335.0
3631 335.0
3632 335.0
3633 335.0
3634 335.0
3635 335.0
3636 335.0
3637 335.0
3638 335.0
3649 339.0
3650 339.0
3651 339.0
3652 329.0
3653 329.0
3654 329.0
3655 329.0
3656 329.0
3657 329.0
3658 329.0
3659 329.0
3660 329.0
3661 329.0
3662 329.0
3673 337.0
3674 337.0
3675 337.0
3676 337.0
3677 337.0
3678 337.0
3679 337.0
3680 337.0
3681 337.0
3682 337.0
3683 336.0
3684 336.0
3685 336.0
3686 336.0
3687 336.0
3688 336.0
3689 336.0
3690 336.0
3691 336.0
3692 336.0
3693 336.0
3704 343.0
3705 343.0
3706 335.0
3707 335.0
3708 335.0
3709 335.0
3710 335.0
3711 335.0
3712 335.0
3713 335.0
3714 335.0
3715 335.0
3716 335.0
3727 343.0
3728 343.0
3729 343.0
3730 343.0
3731 343.0
3732 343.0
3733 338.0
3734 338.0
3735 338.0
3736 338.0
3737 338.0
3738 338.0
3739 338.0
3740 338.0
3741 338.0
3742 338.0
3743 338.0
3754 337.0
3755 337.0
3756 337.0
3757 337.0
3758 337.0
3759 337.0
3760 337.0
3761 337.0
3762 337.0
3763 337.0
3774 337.0
3775 337.0
3776 337.0
3777 337.0
3778 337.0
3779 337.0
3780 337.0
3781 337.0
3782 337.0
3783 337.0
3794 347.0
3795 347.0
3796 344.0
3797 344.0
3798 344.0
3799 344.0
3800 341.0
3801 341.0
3802 341.0
3803 341.0
3804 341.0
3805 341.0
3806 341.0
3807 341.0
3808 338.0
3809 338.0
3810 338.0
3811 338.0
3812 338.0
3813 338.0
3814 338.0
3815 338.0
3816 338.0
3817 338.0
3818 338.0
3829 334.0
3830 334.0
3831 334.0
3832 334.0
3833 334.0
3834 334.0
3835 334.0
3836 334.0
3837 334.0
3838 334.0
3849 343.0
3850 343.0
3851 343.0
3852 343.0
3853 343.0
3854 343.0
3855 343.0
3856 338.0
3857 338.0
3858 338.0
3859 338.0
3860 338.0
3861 338.0
3862 338.0
3863 337.0
3864 337.0
3865 337.0
3866 337.0
3867 337.0
3868 337.0
3869 337.0
3870 337.0
3871 337.0
3872 337.0
3873 337.0
3884 337.0
3885 337.0
3886 337.0
3887 337.0
3888 337.0
3889 332.0
3890 332.0
3891 332.0
3892 332.0
3893 332.0
3894 332.0
3895 332.0
3896 332.0
3897 332.0
3898 332.0
3899 332.0
3910 334.0
3911 334.0
3912 334.0
3913 334.0
3914 334.0
3915 334.0
3916 334.0
3917 334.0
3918 334.0
3919 334.0
3930 337.0
3931 337.0
3932 337.0
3933 337.0
3934 337.0
3935 337.0
3936 337.0
3937 337.0
3938 337.0
3939 337.0
3950 337.0
3951 337.0
3952 337.0
3953 337.0
3954 337.0
3955 337.0
3956 337.0
3957 337.0
3958 337.0
3959 337.0
3970 335.0
3971 335.0
3972 335.0
3973 335.0
3974 335.0
3975 335.0
3976 335.0
3977 335.0
3978 335.0
3979 335.0
3990 333.0
3991 333.0
3992 333.0
3993 333.0
3994 333.0
3995 333.0
3996 333.0
3997 333.0
3998 333.0
3999 333.0
4010 345.0
4011 345.0
4012 345.0
4013 345.0
4014 345.0
4015 345.0
4016 345.0
4017 345.0
4018 345.0
4019 345.0
4030 346.0
4031 346.0
4032 346.0
4033 346.0
4034 346.0
4035 346.0
4036 346.0
4037 346.0
4038 340.0
4039 340.0
4040 340.0
4041 340.0
4042 340.0
4043 340.0
4044 332.0
4045 332.0
4046 332.0
4047 332.0
4048 332.0
4049 332.0
4050 332.0
4051 332.0
4052 332.0
4053 332.0
4054 332.0
4065 337.0
4066 337.0
4067 337.0
4068 337.0
4069 337.0
4070 337.0
4071 337.0
4072 337.0
4073 337.0
4074 337.0
4085 331.0
4086 331.0
4087 331.0
4088 331.0
4089 331.0
4090 331.0
4091 331.0
4092 331.0
4093 331.0
4094 331.0
4105 342.0
4106 342.0
4107 342.0
4108 342.0
4109 342.0
4110 341.0
4111 341.0
4112 341.0
4113 341.0
4114 341.0
4115 341.0
4116 341.0
4117 341.0
4118 341.0
4119 341.0
4120 341.0
4131 348.0
4132 348.0
4133 342.0
4134 342.0
4135 342.0
4136 342.0
4137 342.0
4138 342.0
4139 342.0
4140 342.0
4141 342.0
4142 342.0
4143 342.0
4154 342.0
4155 342.0
4156 342.0
4157 342.0
4158 342.0
4159 342.0
4160 342.0
4161 342.0
4162 342.0
4163 342.0
4174 339.0
4175 339.0
4176 339.0
4177 339.0
4178 339.0
4179 339.0
4180 339.0
4181 339.0
4182 339.0
4183 339.0
4194 329.0
4195 329.0
4196 329.0
4197 329.0
4198 329.0
4199 329.0
4200 329.0
4201 329.0
4202 329.0
4203 329.0
4214 340.0
4215 340.0
4216 340.0
4217 324.0
4218 324.0
4219 324.0
4220 324.0
4221 324.0
4222 324.0
4223 324.0
4224 324.0
4225 324.0
4226 324.0
4227 324.0
4238 335.0
4239 335.0
4240 335.0
4241 335.0
4242 324.0
4243 324.0
4244 324.0
4245 324.0
4246 324.0
4247 324.0
4248 324.0
4249 324.0
4250 324.0
4251 324.0
4252 324.0
4263 330.0
4264 330.0
4265 330.0
4266 330.0
4267 330.0
4268 330.0
4269 330.0
4270 330.0
4271 330.0
4272 330.0
4283 344.0
4284 344.0
4285 341.0
4286 341.0
4287 341.0
4288 341.0
4289 341.0
4290 341.0
4291 341.0
4292 341.0
4293 341.0
4294 335.0
4295 335.0
4296 335.0
4297 335.0
4298 335.0
4299 335.0
4300 335.0
4301 335.0
4302 335.0
4303 335.0
4304 335.0
4315 332.0
4316 324.0
4317 324.0
4318 324.0
4319 324.0
4320 324.0
4321 324.0
4322 324.0
4323 324.0
4324 324.0
4325 324.0
4326 324.0
4337 336.0
4338 336.0
4339 336.0
4340 336.0
4341 336.0
4342 336.0
4343 336.0
4344 336.0
4345 336.0
4346 334.0
4347 334.0
4348 334.0
4349 334.0
4350 334.0
4351 334.0
4352 330.0
4353 330.0
4354 330.0
4355 330.0
4356 330.0
4357 330.0
4358 330.0
4359 330.0
4360 330.0
4361 330.0
4362 330.0
4373 329.0
4374 329.0
4375 329.0
4376 329.0
4377 329.0
4378 329.0
4379 329.0
4380 329.0
4381 329.0
4382 329.0
4393 366.0
4394 366.0
4395 366.0
4396 366.0
4397 366.0
4398 366.0
4399 366.0
4400 366.0
4401 366.0
4402 366.0
4413 335.0
4414 335.0
4415 335.0
4416 335.0
4417 335.0
4418 335.0
4419 335.0
4420 335.0
4421 335.0
4422 335.0
4433 376.0
4434 376.0
4435 376.0
4436 356.0
4437 356.0
4438 356.0
4439 356.0
4440 356.0
4441 356.0
4442 356.0
4443 356.0
4444 356.0
4445 356.0
4446 356.0
4457 361.0
4458 361.0
4459 361.0
4460 361.0
4461 361.0
4462 361.0
4463 361.0
4464 361.0
4465 361.0
4466 361.0
4477 346.0
4478 346.0
4479 346.0
4480 346.0
4481 346.0
4482 346.0
4483 346.0
4484 346.0
4485 346.0
4486 346.0
4497 378.0
4498 378.0
4499 378.0
4500 378.0
4501 378.0
4502 378.0
4503 378.0
4504 378.0
4505 378.0
4506 378.0
4517 378.0
4518 378.0
4519 378.0
4520 378.0
4521 346.0
4522 346.0
4523 346.0
4524 346.0
4525 346.0
4526 346.0
4527 346.0
4528 346.0
4529 346.0
4530 346.0
4531 346.0
4542 368.0
4543 368.0
4544 368.0
4545 368.0
4546 368.0
4547 368.0
4548 368.0
4549 368.0
4550 368.0
4551 368.0
4552 368.0
4563 364.0
4564 364.0
4565 364.0
4566 364.0
4567 364.0
4568 364.0
4569 364.0
4570 364.0
4571 364.0
4572 364.0
4583 390.0
4584 390.0
4585 390.0
4586 390.0
4587 390.0
4588 390.0
4589 376.0
4590 376.0
4591 376.0
4592 376.0
4593 376.0
4594 376.0
4595 361.0
4596 360.0
4597 360.0
4598 360.0
4599 360.0
4600 360.0
4601 355.0
4602 355.0
4603 355.0
4604 355.0
4605 355.0
4606 355.0
4607 349.0
4608 349.0
4609 349.0
4610 349.0
4611 349.0
4612 349.0
4613 349.0
4614 349.0
4615 349.0
4616 349.0
4617 349.0
4628 355.0
4629 355.0
4630 355.0
4631 355.0
4632 355.0
4633 355.0
4634 355.0
4635 343.0
4636 337.0
4637 337.0
4638 337.0
4639 337.0
4640 337.0
4641 337.0
4642 337.0
4643 337.0
4644 337.0
4645 337.0
4646 337.0
4657 348.0
4658 335.0
4659 335.0
4660 335.0
4661 335.0
4662 335.0
4663 335.0
4664 335.0
4665 335.0
4666 335.0
4667 335.0
4668 335.0
4679 345.0
4680 345.0
4681 345.0
4682 345.0
4683 345.0
4684 345.0
4685 345.0
4686 345.0
4687 343.0
4688 343.0
4689 343.0
4690 343.0
4691 343.0
4692 343.0
4693 343.0
4694 343.0
4695 343.0
4696 343.0
4697 343.0
4708 337.0
4709 337.0
4710 337.0
4711 337.0
4712 337.0
4713 337.0
4714 337.0
4715 337.0
4716 337.0
4717 337.0
4728 343.0
4729 343.0
4730 343.0
4731 343.0
4732 343.0
4733 343.0
4734 343.0
4735 343.0
4736 343.0
4737 343.0
4748 340.0
4749 340.0
4750 340.0
4751 340.0
4752 340.0
4753 340.0
4754 340.0
4755 340.0
4756 340.0
4757 340.0
4768 363.0
4769 363.0
4770 363.0
4771 355.0
4772 355.0
4773 355.0
4774 355.0
4775 355.0
4776 355.0
4777 355.0
4778 355.0
4779 355.0
4780 355.0
4781 355.0
4792 355.0
4793 355.0
4794 355.0
4795 355.0
4796 355.0
4797 343.0
4798 337.0
4799 337.0
4800 337.0
4801 336.0
4802 336.0
4803 336.0
4804 336.0
4805 336.0
4806 336.0
4807 336.0
4808 336.0
4809 336.0
4810 336.0
4811 336.0
4822 332.0
4823 332.0
4824 332.0
4825 332.0
4826 332.0
4827 332.0
4828 332.0
4829 328.0
4830 328.0
4831 328.0
4832 328.0
4833 319.0
4834 319.0
4835 319.0
4836 319.0
4837 319.0
4838 319.0
4839 319.0
4840 319.0
4841 319.0
4842 319.0
4843 319.0
4854 331.0
4855 331.0
4856 320.0
4857 320.0
4858 320.0
4859 320.0
4860 320.0
4861 320.0
4862 320.0
4863 320.0
4864 320.0
4865 320.0
4866 320.0
4877 324.0
4878 324.0
4879 324.0
4880 324.0
4881 324.0
4882 324.0
4883 324.0
4884 324.0
4885 324.0
4886 324.0
4887 324.0
4898 320.0
4899 320.0
4900 320.0
4901 320.0
4902 320.0
4903 320.0
4904 320.0
4905 320.0
4906 320.0
4907 320.0
4918 324.0
4919 324.0
4920 324.0
4921 324.0
4922 324.0
4923 324.0
4924 324.0
4925 324.0
4926 324.0
4927 324.0
4938 321.0
4939 321.0
4940 321.0
4941 321.0
4942 321.0
4943 321.0
4944 321.0
4945 321.0
4946 321.0
4947 321.0
4958 333.0
4959 333.0
4960 333.0
4961 333.0
4962 333.0
4963 333.0
4964 333.0
4965 333.0
4966 333.0
4967 333.0
4978 323.0
4979 323.0
4980 323.0
4981 323.0
4982 323.0
4983 323.0
4984 323.0
4985 323.0
4986 323.0
4987 323.0
4998 320.0
4999 320.0
