0 14710.0
1 14539.0
2 14203.0
3 14039.0
4 14039.0
5 14039.0
6 13379.0
7 13379.0
8 13217.0
9 13055.0
10 12735.0
11 12576.0
12 12418.0
13 12418.0
14 12418.0
15 12418.0
16 12418.0
17 12418.0
18 12418.0
19 12418.0
20 12418.0
21 11953.0
22 11953.0
23 11953.0
24 11646.0
25 11646.0
26 11646.0
27 11646.0
28 11646.0
29 11646.0
30 11494.0
31 11494.0
32 11494.0
33 11343.0
34 11343.0
35 11193.0
36 11193.0
37 11193.0
38 11044.0
39 10897.0
40 10750.0
41 10750.0
42 10459.0
43 10318.0
44 10318.0
45 10175.0
46 10175.0
47 10175.0
48 10175.0
49 10175.0
50 10175.0
51 10033.0
52 10033.0
53 10033.0
54 10033.0
55 10033.0
56 10033.0
57 9892.0
58 9892.0
59 9752.0
60 9752.0
61 9752.0
62 9752.0
63 9752.0
64 9614.0
65 9614.0
66 9340.0
67 9204.0
68 9204.0
69 9204.0
70 9069.0
71 8935.0
72 8935.0
73 8802.0
74 8802.0
75 8802.0
76 8802.0
77 8802.0
78 8802.0
79 8802.0
80 8541.0
81 8541.0
82 8541.0
83 8541.0
84 8541.0
85 8541.0
86 8541.0
87 8541.0
88 8411.0
89 8411.0
90 8411.0
91 8282.0
92 8282.0
93 7657.0
94 7657.0
95 7294.0
96 7294.0
97 7294.0
98 7294.0
99 7294.0
100 7294.0
101 7294.0
102 7294.0
103 7294.0
104 7294.0
105 7294.0
116 6053.0
117 6053.0
118 6053.0
119 6053.0
120 6053.0
121 6053.0
122 6053.0
123 6053.0
124 5836.0
125 5836.0
126 5836.0
127 5624.0
128 5624.0
129 5624.0
130 5624.0
131 5624.0
132 5624.0
133 5624.0
134 5624.0
135 5624.0
136 5624.0
137 5624.0
148 5856.0
149 5856.0
150 5856.0
151 5856.0
152 5856.0
153 5856.0
154 5856.0
155 5644.0
156 5644.0
157 5448.0
158 5448.0
159 5448.0
160 5448.0
161 5448.0
162 5351.0
163 5351.0
164 5351.0
165 5351.0
166 5351.0
167 5351.0
168 5351.0
169 5249.0
170 5249.0
171 5249.0
172 5249.0
173 5249.0
174 5249.0
175 5249.0
176 4854.0
177 4854.0
178 4854.0
179 4854.0
180 4854.0
181 4854.0
182 4854.0
183 4854.0
184 4854.0
185 4854.0
186 4854.0
197 4662.0
198 4481.0
199 4481.0
200 4481.0
201 4481.0
202 4481.0
203 4481.0
204 4481.0
205 4481.0
206 4481.0
207 4481.0
208 4481.0
219 4303.0
220 4303.0
221 4303.0
222 4303.0
223 4212.0
224 4212.0
225 4212.0
226 3539.0
227 3539.0
228 3539.0
229 3538.0
230 3475.0
231 3402.0
232 3402.0
233 3402.0
234 3302.0
235 3302.0
236 3230.0
237 3230.0
238 3230.0
239 3155.0
240 2864.0
241 2864.0
242 2864.0
243 2864.0
244 2864.0
245 2799.0
246 2637.0
247 2637.0
248 2238.0
249 2238.0
250 2238.0
251 2238.0
252 2238.0
253 2238.0
254 2238.0
255 2238.0
256 2238.0
257 1890.0
258 1890.0
259 1890.0
260 1871.0
261 1871.0
262 1871.0
263 1871.0
264 1871.0
265 1830.0
266 1824.0
267 1816.0
268 1778.0
269 1745.0
270 1745.0
271 1745.0
272 1745.0
273 1745.0
274 1745.0
275 1745.0
276 1745.0
277 1745.0
278 1745.0
279 1745.0
290 1836.0
291 1836.0
292 1836.0
293 1836.0
294 1836.0
295 1833.0
296 1833.0
297 1833.0
298 1833.0
299 1833.0
300 1833.0
301 1833.0
302 1631.0
303 1631.0
304 1631.0
305 1631.0
306 1631.0
307 1631.0
308 1631.0
309 1631.0
310 1621.0
311 1621.0
312 1589.0
313 1478.0
314 1478.0
315 1478.0
316 1478.0
317 1478.0
318 1478.0
319 1478.0
320 1390.0
321 1390.0
322 1383.0
323 1383.0
324 1087.0
325 1087.0
326 1087.0
327 1087.0
328 1057.0
329 1057.0
330 1057.0
331 1057.0
332 1036.0
333 1036.0
334 1036.0
335 1036.0
336 1036.0
337 1007.0
338 1004.0
339 1004.0
340 1004.0
341 1004.0
342 1004.0
343 1004.0
344 1004.0
345 1004.0
346 1004.0
347 1004.0
348 1004.0
359 1309.0
360 1309.0
361 1309.0
362 1154.0
363 1154.0
364 1146.0
365 1145.0
366 1145.0
367 1134.0
368 1134.0
369 1134.0
370 1134.0
371 1064.0
372 1064.0
373 1064.0
374 1064.0
375 991.0
376 964.0
377 964.0
378 964.0
379 964.0
380 948.0
381 948.0
382 948.0
383 948.0
384 948.0
385 948.0
386 948.0
387 867.0
388 836.0
389 836.0
390 836.0
391 836.0
392 836.0
393 836.0
394 836.0
395 836.0
396 836.0
397 836.0
398 836.0
409 489.0
410 489.0
411 489.0
412 489.0
413 488.0
414 488.0
415 488.0
416 488.0
417 488.0
418 488.0
419 488.0
420 488.0
421 488.0
422 488.0
423 488.0
434 481.0
435 481.0
436 481.0
437 481.0
438 481.0
439 481.0
440 481.0
441 471.0
442 471.0
443 471.0
444 471.0
445 471.0
446 471.0
447 471.0
448 471.0
449 471.0
450 471.0
451 471.0
462 478.0
463 478.0
464 478.0
465 478.0
466 460.0
467 458.0
468 458.0
469 458.0
470 450.0
471 444.0
472 444.0
473 444.0
474 444.0
475 444.0
476 444.0
477 444.0
478 444.0
479 432.0
480 432.0
481 432.0
482 432.0
483 432.0
484 432.0
485 432.0
486 432.0
487 432.0
488 432.0
489 432.0
500 436.0
501 436.0
502 436.0
503 436.0
504 436.0
505 436.0
506 436.0
507 436.0
508 436.0
509 436.0
520 436.0
521 436.0
522 436.0
523 436.0
524 436.0
525 436.0
526 436.0
527 436.0
528 436.0
529 436.0
540 445.0
541 445.0
542 445.0
543 445.0
544 445.0
545 445.0
546 445.0
547 445.0
548 445.0
549 445.0
560 415.0
561 415.0
562 415.0
563 415.0
564 415.0
565 415.0
566 415.0
567 415.0
568 415.0
569 415.0
580 443.0
581 443.0
582 443.0
583 443.0
584 443.0
585 438.0
586 438.0
587 438.0
588 438.0
589 438.0
590 438.0
591 438.0
592 438.0
593 438.0
594 438.0
595 438.0
606 467.0
607 467.0
608 463.0
609 463.0
610 463.0
611 463.0
612 463.0
613 463.0
614 463.0
615 457.0
616 430.0
617 430.0
618 430.0
619 430.0
620 430.0
621 422.0
622 422.0
623 422.0
624 422.0
625 422.0
626 422.0
627 422.0
628 422.0
629 422.0
630 422.0
631 422.0
642 432.0
643 432.0
644 432.0
645 432.0
646 432.0
647 432.0
648 432.0
649 432.0
650 432.0
651 432.0
662 432.0
663 432.0
664 432.0
665 432.0
666 432.0
667 432.0
668 432.0
669 432.0
670 432.0
671 432.0
682 437.0
683 437.0
684 437.0
685 437.0
686 437.0
687 437.0
688 437.0
689 437.0
690 437.0
691 437.0
702 418.0
703 418.0
704 418.0
705 418.0
706 418.0
707 418.0
708 418.0
709 418.0
710 418.0
711 418.0
722 447.0
723 447.0
724 447.0
725 447.0
726 447.0
727 447.0
728 447.0
729 447.0
730 447.0
731 447.0
742 455.0
743 455.0
744 455.0
745 455.0
746 447.0
747 447.0
748 447.0
749 447.0
750 447.0
751 447.0
752 447.0
753 447.0
754 447.0
755 447.0
756 447.0
767 449.0
768 449.0
769 449.0
770 449.0
771 429.0
772 429.0
773 429.0
774 429.0
775 429.0
776 429.0
777 429.0
778 429.0
779 429.0
780 429.0
781 429.0
792 400.0
793 400.0
794 400.0
795 400.0
796 400.0
797 400.0
798 400.0
799 398.0
800 397.0
801 397.0
802 397.0
803 397.0
804 397.0
805 397.0
806 397.0
807 397.0
808 397.0
809 397.0
810 392.0
811 392.0
812 392.0
813 392.0
814 392.0
815 392.0
816 392.0
817 392.0
818 392.0
819 392.0
820 392.0
831 401.0
832 401.0
833 401.0
834 398.0
835 398.0
836 398.0
837 398.0
838 388.0
839 388.0
840 388.0
841 388.0
842 388.0
843 388.0
844 388.0
845 388.0
846 388.0
847 388.0
848 388.0
859 379.0
860 379.0
861 379.0
862 379.0
863 379.0
864 379.0
865 379.0
866 379.0
867 379.0
868 379.0
879 379.0
880 379.0
881 379.0
882 379.0
883 379.0
884 379.0
885 379.0
886 373.0
887 373.0
888 373.0
889 373.0
890 365.0
891 365.0
892 365.0
893 365.0
894 365.0
895 365.0
896 365.0
897 365.0
898 365.0
899 365.0
900 365.0
911 369.0
912 369.0
913 369.0
914 369.0
915 369.0
916 366.0
917 366.0
918 366.0
919 366.0
920 366.0
921 366.0
922 366.0
923 366.0
924 366.0
925 366.0
926 366.0
937 366.0
938 366.0
939 366.0
940 366.0
941 366.0
942 366.0
943 366.0
944 366.0
945 366.0
946 366.0
957 365.0
958 365.0
959 365.0
960 365.0
961 365.0
962 365.0
963 365.0
964 365.0
965 365.0
966 365.0
977 416.0
978 415.0
979 415.0
980 415.0
981 415.0
982 415.0
983 400.0
984 400.0
985 400.0
986 400.0
987 400.0
988 400.0
989 400.0
990 400.0
991 400.0
992 400.0
993 400.0
1004 409.0
1005 409.0
1006 409.0
1007 409.0
1008 409.0
1009 409.0
1010 409.0
1011 409.0
1012 409.0
1013 409.0
1024 401.0
1025 401.0
1026 401.0
1027 401.0
1028 401.0
1029 401.0
1030 401.0
1031 401.0
1032 401.0
1033 401.0
1034 401.0
1045 417.0
1046 417.0
1047 417.0
1048 416.0
1049 416.0
1050 416.0
1051 407.0
1052 407.0
1053 407.0
1054 407.0
1055 407.0
1056 407.0
1057 369.0
1058 369.0
1059 369.0
1060 369.0
1061 369.0
1062 369.0
1063 369.0
1064 369.0
1065 369.0
1066 369.0
1067 369.0
1078 412.0
1079 412.0
1080 412.0
1081 404.0
1082 404.0
1083 404.0
1084 404.0
1085 404.0
1086 404.0
1087 404.0
1088 404.0
1089 404.0
1090 404.0
1091 404.0
1102 408.0
1103 408.0
1104 408.0
1105 408.0
1106 408.0
1107 408.0
1108 408.0
1109 408.0
1110 408.0
1111 408.0
1122 400.0
1123 400.0
1124 400.0
1125 400.0
1126 400.0
1127 400.0
1128 400.0
1129 400.0
1130 400.0
1131 400.0
1142 397.0
1143 397.0
1144 397.0
1145 397.0
1146 397.0
1147 397.0
1148 397.0
1149 397.0
1150 397.0
1151 397.0
1162 443.0
1163 443.0
1164 443.0
1165 443.0
1166 443.0
1167 443.0
1168 443.0
1169 440.0
1170 440.0
1171 440.0
1172 440.0
1173 440.0
1174 440.0
1175 440.0
1176 440.0
1177 440.0
1178 440.0
1179 440.0
1190 422.0
1191 422.0
1192 422.0
1193 406.0
1194 406.0
1195 403.0
1196 403.0
1197 403.0
1198 403.0
1199 403.0
1200 403.0
1201 403.0
1202 403.0
1203 397.0
1204 397.0
1205 397.0
1206 397.0
1207 397.0
1208 397.0
1209 397.0
1210 397.0
1211 397.0
1212 397.0
1213 397.0
1224 394.0
1225 394.0
1226 394.0
1227 394.0
1228 394.0
1229 394.0
1230 394.0
1231 394.0
1232 394.0
1233 394.0
1244 398.0
1245 398.0
1246 398.0
1247 398.0
1248 382.0
1249 382.0
1250 382.0
1251 382.0
1252 382.0
1253 375.0
1254 375.0
1255 375.0
1256 375.0
1257 375.0
1258 375.0
1259 375.0
1260 375.0
1261 375.0
1262 375.0
1263 375.0
1274 379.0
1275 379.0
1276 379.0
1277 379.0
1278 379.0
1279 379.0
1280 379.0
1281 379.0
1282 379.0
1283 379.0
1294 378.0
1295 378.0
1296 378.0
1297 378.0
1298 378.0
1299 374.0
1300 374.0
1301 374.0
1302 374.0
1303 374.0
1304 374.0
1305 374.0
1306 374.0
1307 374.0
1308 374.0
1309 374.0
1320 376.0
1321 376.0
1322 370.0
1323 366.0
1324 366.0
1325 366.0
1326 366.0
1327 366.0
1328 361.0
1329 361.0
1330 361.0
1331 361.0
1332 361.0
1333 361.0
1334 361.0
1335 361.0
1336 361.0
1337 361.0
1338 361.0
1349 374.0
1350 374.0
1351 374.0
1352 369.0
1353 369.0
1354 369.0
1355 369.0
1356 369.0
1357 369.0
1358 369.0
1359 369.0
1360 369.0
1361 369.0
1362 369.0
1373 367.0
1374 367.0
1375 367.0
1376 367.0
1377 367.0
1378 367.0
1379 367.0
1380 367.0
1381 367.0
1382 367.0
1393 363.0
1394 363.0
1395 363.0
1396 363.0
1397 363.0
1398 363.0
1399 363.0
1400 363.0
1401 363.0
1402 363.0
1413 375.0
1414 375.0
1415 375.0
1416 375.0
1417 355.0
1418 355.0
1419 351.0
1420 351.0
1421 351.0
1422 351.0
1423 351.0
1424 351.0
1425 351.0
1426 351.0
1427 351.0
1428 351.0
1429 351.0
1440 354.0
1441 354.0
1442 354.0
1443 354.0
1444 354.0
1445 354.0
1446 354.0
1447 354.0
1448 354.0
1449 354.0
1460 359.0
1461 359.0
1462 359.0
1463 359.0
1464 359.0
1465 359.0
1466 359.0
1467 359.0
1468 359.0
1469 359.0
1480 357.0
1481 357.0
1482 357.0
1483 357.0
1484 357.0
1485 357.0
1486 357.0
1487 357.0
1488 357.0
1489 357.0
1500 352.0
1501 352.0
1502 352.0
1503 352.0
1504 350.0
1505 350.0
1506 350.0
1507 350.0
1508 350.0
1509 349.0
1510 349.0
1511 349.0
1512 349.0
1513 349.0
1514 349.0
1515 349.0
1516 349.0
1517 349.0
1518 349.0
1519 349.0
1530 358.0
1531 356.0
1532 356.0
1533 356.0
1534 356.0
1535 356.0
1536 356.0
1537 356.0
1538 356.0
1539 354.0
1540 354.0
1541 354.0
1542 345.0
1543 345.0
1544 345.0
1545 345.0
1546 345.0
1547 345.0
1548 345.0
1549 345.0
1550 345.0
1551 345.0
1552 345.0
1563 350.0
1564 350.0
1565 350.0
1566 350.0
1567 350.0
1568 350.0
1569 350.0
1570 350.0
1571 350.0
1572 350.0
1573 350.0
1584 357.0
1585 353.0
1586 353.0
1587 353.0
1588 353.0
1589 353.0
1590 353.0
1591 353.0
1592 353.0
1593 341.0
1594 341.0
1595 341.0
1596 341.0
1597 341.0
1598 341.0
1599 341.0
1600 341.0
1601 341.0
1602 341.0
1603 341.0
1614 350.0
1615 350.0
1616 350.0
1617 350.0
1618 350.0
1619 350.0
1620 350.0
1621 350.0
1622 350.0
1623 350.0
1634 347.0
1635 347.0
1636 347.0
1637 347.0
1638 347.0
1639 347.0
1640 347.0
1641 347.0
1642 347.0
1643 347.0
1654 352.0
1655 352.0
1656 352.0
1657 352.0
1658 352.0
1659 351.0
1660 347.0
1661 347.0
1662 347.0
1663 347.0
1664 347.0
1665 347.0
1666 347.0
1667 347.0
1668 347.0
1669 347.0
1670 347.0
1681 344.0
1682 344.0
1683 344.0
1684 344.0
1685 344.0
1686 344.0
1687 344.0
1688 344.0
1689 344.0
1690 344.0
1701 344.0
1702 344.0
1703 344.0
1704 344.0
1705 344.0
1706 344.0
1707 344.0
1708 343.0
1709 343.0
1710 343.0
1711 343.0
1712 343.0
1713 343.0
1714 343.0
1715 343.0
1716 342.0
1717 342.0
1718 342.0
1719 341.0
1720 341.0
1721 341.0
1722 341.0
1723 338.0
1724 338.0
1725 338.0
1726 338.0
1727 338.0
1728 338.0
1729 338.0
1730 338.0
1731 338.0
1732 338.0
1733 338.0
1744 337.0
1745 337.0
1746 337.0
1747 337.0
1748 337.0
1749 337.0
1750 337.0
1751 337.0
1752 337.0
1753 337.0
1764 354.0
1765 354.0
1766 354.0
1767 354.0
1768 351.0
1769 351.0
1770 351.0
1771 351.0
1772 351.0
1773 351.0
1774 351.0
1775 351.0
1776 351.0
1777 351.0
1778 350.0
1779 347.0
1780 347.0
1781 347.0
1782 347.0
1783 339.0
1784 339.0
1785 339.0
1786 339.0
1787 339.0
1788 339.0
1789 339.0
1790 339.0
1791 339.0
1792 339.0
1793 339.0
1804 343.0
1805 343.0
1806 343.0
1807 343.0
1808 343.0
1809 343.0
1810 343.0
1811 343.0
1812 339.0
1813 337.0
1814 337.0
1815 337.0
1816 335.0
1817 335.0
1818 335.0
1819 335.0
1820 335.0
1821 335.0
1822 335.0
1823 334.0
1824 334.0
1825 334.0
1826 334.0
1827 334.0
1828 331.0
1829 331.0
1830 331.0
1831 331.0
1832 331.0
1833 331.0
1834 331.0
1835 331.0
1836 325.0
1837 325.0
1838 325.0
1839 325.0
1840 325.0
1841 325.0
1842 325.0
1843 325.0
1844 325.0
1845 325.0
1846 325.0
1857 347.0
1858 347.0
1859 347.0
1860 347.0
1861 347.0
1862 347.0
1863 347.0
1864 347.0
1865 347.0
1866 343.0
1867 343.0
1868 343.0
1869 343.0
1870 343.0
1871 343.0
1872 343.0
1873 343.0
1874 343.0
1875 343.0
1876 343.0
1887 337.0
1888 337.0
1889 337.0
1890 337.0
1891 337.0
1892 337.0
1893 337.0
1894 337.0
1895 337.0
1896 337.0
1907 341.0
1908 334.0
1909 334.0
1910 325.0
1911 325.0
1912 325.0
1913 324.0
1914 324.0
1915 324.0
1916 324.0
1917 324.0
1918 324.0
1919 324.0
1920 324.0
1921 324.0
1922 324.0
1923 324.0
1934 324.0
1935 324.0
1936 324.0
1937 324.0
1938 324.0
1939 324.0
1940 324.0
1941 324.0
1942 324.0
1943 324.0
1944 324.0
1955 326.0
1956 326.0
1957 326.0
1958 326.0
1959 322.0
1960 322.0
1961 322.0
1962 322.0
1963 322.0
1964 322.0
1965 322.0
1966 322.0
1967 322.0
1968 322.0
1969 322.0
1980 337.0
1981 337.0
1982 337.0
1983 337.0
1984 337.0
1985 328.0
1986 328.0
1987 328.0
1988 328.0
1989 328.0
1990 328.0
1991 328.0
1992 328.0
1993 328.0
1994 328.0
1995 328.0
2006 335.0
2007 335.0
2008 335.0
2009 332.0
2010 332.0
2011 332.0
2012 332.0
2013 332.0
2014 323.0
2015 323.0
2016 323.0
2017 323.0
2018 323.0
2019 323.0
2020 323.0
2021 323.0
2022 323.0
2023 323.0
2024 323.0
2035 339.0
2036 339.0
2037 339.0
2038 339.0
2039 339.0
2040 339.0
2041 339.0
2042 335.0
2043 335.0
2044 335.0
2045 335.0
2046 335.0
2047 335.0
2048 335.0
2049 335.0
2050 335.0
2051 335.0
2052 335.0
2063 331.0
2064 331.0
2065 331.0
2066 331.0
2067 331.0
2068 331.0
2069 331.0
2070 331.0
2071 331.0
2072 331.0
2083 335.0
2084 335.0
2085 335.0
2086 335.0
2087 335.0
2088 335.0
2089 335.0
2090 335.0
2091 335.0
2092 335.0
2103 335.0
2104 335.0
2105 335.0
2106 335.0
2107 335.0
2108 335.0
2109 335.0
2110 335.0
2111 335.0
2112 335.0
2123 328.0
2124 328.0
2125 328.0
2126 328.0
2127 328.0
2128 328.0
2129 328.0
2130 328.0
2131 328.0
2132 328.0
2143 321.0
2144 321.0
2145 321.0
2146 321.0
2147 321.0
2148 321.0
2149 321.0
2150 321.0
2151 321.0
2152 321.0
2163 334.0
2164 323.0
2165 323.0
2166 323.0
2167 323.0
2168 323.0
2169 323.0
2170 323.0
2171 323.0
2172 323.0
2173 323.0
2174 323.0
2185 330.0
2186 330.0
2187 330.0
2188 330.0
2189 330.0
2190 330.0
2191 330.0
2192 330.0
2193 330.0
2194 330.0
2205 323.0
2206 323.0
2207 323.0
2208 323.0
2209 323.0
2210 323.0
2211 323.0
2212 323.0
2213 323.0
2214 323.0
2225 322.0
2226 322.0
2227 322.0
2228 322.0
2229 322.0
2230 322.0
2231 322.0
2232 322.0
2233 322.0
2234 322.0
2245 330.0
2246 330.0
2247 330.0
2248 330.0
2249 330.0
2250 330.0
2251 330.0
2252 330.0
2253 330.0
2254 330.0
2265 336.0
2266 336.0
2267 336.0
2268 336.0
2269 336.0
2270 336.0
2271 336.0
2272 336.0
2273 336.0
2274 336.0
2285 336.0
2286 336.0
2287 336.0
2288 336.0
2289 336.0
2290 336.0
2291 336.0
2292 336.0
2293 336.0
2294 336.0
2305 337.0
2306 337.0
2307 337.0
2308 337.0
2309 337.0
2310 337.0
2311 337.0
2312 337.0
2313 337.0
2314 337.0
2325 379.0
2326 379.0
2327 374.0
2328 374.0
2329 363.0
2330 339.0
2331 339.0
2332 339.0
2333 339.0
2334 339.0
2335 339.0
2336 335.0
2337 335.0
2338 335.0
2339 335.0
2340 335.0
2341 335.0
2342 335.0
2343 335.0
2344 335.0
2345 335.0
2346 335.0
2357 328.0
2358 328.0
2359 328.0
2360 328.0
2361 328.0
2362 328.0
2363 328.0
2364 328.0
2365 328.0
2366 328.0
2377 335.0
2378 335.0
2379 335.0
2380 335.0
2381 335.0
2382 335.0
2383 335.0
2384 335.0
2385 335.0
2386 335.0
2397 332.0
2398 332.0
2399 332.0
2400 332.0
2401 332.0
2402 332.0
2403 332.0
2404 332.0
2405 332.0
2406 332.0
2417 339.0
2418 339.0
2419 339.0
2420 339.0
2421 339.0
2422 339.0
2423 339.0
2424 339.0
2425 339.0
2426 339.0
2437 332.0
2438 332.0
2439 332.0
2440 332.0
2441 332.0
2442 332.0
2443 332.0
2444 332.0
2445 329.0
2446 329.0
2447 329.0
2448 329.0
2449 329.0
2450 329.0
2451 329.0
2452 329.0
2453 329.0
2454 329.0
2455 329.0
2466 341.0
2467 341.0
2468 338.0
2469 338.0
2470 338.0
2471 338.0
2472 338.0
2473 338.0
2474 338.0
2475 338.0
2476 338.0
2477 338.0
2478 338.0
2489 334.0
2490 334.0
2491 334.0
2492 334.0
2493 334.0
2494 334.0
2495 334.0
2496 334.0
2497 334.0
2498 334.0
2509 348.0
2510 348.0
2511 346.0
2512 346.0
2513 346.0
2514 341.0
2515 341.0
2516 341.0
2517 341.0
2518 341.0
2519 341.0
2520 330.0
2521 330.0
2522 330.0
2523 330.0
2524 328.0
2525 328.0
2526 328.0
2527 328.0
2528 328.0
2529 328.0
2530 328.0
2531 328.0
2532 328.0
2533 328.0
2534 328.0
2545 341.0
2546 329.0
2547 329.0
2548 329.0
2549 329.0
2550 329.0
2551 329.0
2552 329.0
2553 329.0
2554 329.0
2555 329.0
2556 329.0
2567 335.0
2568 332.0
2569 332.0
2570 332.0
2571 332.0
2572 332.0
2573 332.0
2574 332.0
2575 332.0
2576 332.0
2577 332.0
2578 332.0
2589 319.0
2590 319.0
2591 319.0
2592 319.0
2593 319.0
2594 319.0
2595 319.0
2596 319.0
2597 319.0
2598 319.0
2609 338.0
2610 338.0
2611 338.0
2612 338.0
2613 338.0
2614 338.0
2615 338.0
2616 338.0
2617 338.0
2618 338.0
2629 345.0
2630 345.0
2631 345.0
2632 319.0
2633 319.0
2634 319.0
2635 319.0
2636 319.0
2637 319.0
2638 319.0
2639 319.0
2640 319.0
2641 319.0
2642 319.0
2653 319.0
2654 319.0
2655 319.0
2656 319.0
2657 319.0
2658 319.0
2659 319.0
2660 319.0
2661 319.0
2662 319.0
2673 325.0
2674 325.0
2675 325.0
2676 325.0
2677 325.0
2678 325.0
2679 325.0
2680 325.0
2681 325.0
2682 325.0
2693 334.0
2694 334.0
2695 334.0
2696 319.0
2697 319.0
2698 319.0
2699 319.0
2700 319.0
2701 319.0
2702 319.0
2703 319.0
2704 319.0
2705 319.0
2706 319.0
2717 334.0
2718 334.0
2719 334.0
2720 334.0
2721 334.0
2722 334.0
2723 332.0
2724 332.0
2725 332.0
2726 332.0
2727 332.0
2728 332.0
2729 332.0
2730 332.0
2731 332.0
2732 332.0
2733 332.0
2744 326.0
2745 326.0
2746 326.0
2747 326.0
2748 326.0
2749 326.0
2750 326.0
2751 326.0
2752 326.0
2753 323.0
2754 323.0
2755 323.0
2756 323.0
2757 323.0
2758 323.0
2759 323.0
2760 323.0
2761 323.0
2762 319.0
2763 319.0
2764 319.0
2765 319.0
2766 319.0
2767 319.0
2768 319.0
2769 319.0
2770 319.0
2771 319.0
2772 319.0
2783 320.0
2784 320.0
2785 320.0
2786 320.0
2787 320.0
2788 320.0
2789 320.0
2790 320.0
2791 320.0
2792 320.0
2803 328.0
2804 328.0
2805 328.0
2806 328.0
2807 328.0
2808 328.0
2809 328.0
2810 328.0
2811 328.0
2812 328.0
2823 326.0
2824 326.0
2825 326.0
2826 326.0
2827 326.0
2828 326.0
2829 326.0
2830 326.0
2831 326.0
2832 326.0
2843 326.0
2844 326.0
2845 326.0
2846 326.0
2847 326.0
2848 326.0
2849 326.0
2850 326.0
2851 326.0
2852 326.0
2863 324.0
2864 324.0
2865 324.0
2866 324.0
2867 324.0
2868 324.0
2869 324.0
2870 324.0
2871 324.0
2872 324.0
2883 328.0
2884 328.0
2885 328.0
2886 328.0
2887 328.0
2888 328.0
2889 328.0
2890 328.0
2891 328.0
2892 328.0
2903 322.0
2904 322.0
2905 322.0
2906 322.0
2907 322.0
2908 322.0
2909 322.0
2910 322.0
2911 322.0
2912 322.0
2923 321.0
2924 321.0
2925 321.0
2926 321.0
2927 321.0
2928 321.0
2929 321.0
2930 321.0
2931 321.0
2932 321.0
2943 330.0
2944 330.0
2945 330.0
2946 328.0
2947 328.0
2948 328.0
2949 328.0
2950 328.0
2951 328.0
2952 328.0
2953 328.0
2954 328.0
2955 328.0
2956 328.0
2967 324.0
2968 324.0
2969 324.0
2970 324.0
2971 324.0
2972 324.0
2973 324.0
2974 324.0
2975 324.0
2976 324.0
2987 328.0
2988 328.0
2989 328.0
2990 328.0
2991 328.0
2992 328.0
2993 328.0
2994 328.0
2995 328.0
2996 328.0
3007 311.0
3008 311.0
3009 311.0
3010 311.0
3011 311.0
3012 311.0
3013 311.0
3014 311.0
3015 311.0
3016 311.0
3027 323.0
3028 323.0
3029 323.0
3030 323.0
3031 323.0
3032 323.0
3033 323.0
3034 323.0
3035 323.0
3036 323.0
3047 329.0
3048 329.0
3049 329.0
3050 329.0
3051 329.0
3052 329.0
3053 329.0
3054 329.0
3055 329.0
3056 329.0
3067 323.0
3068 323.0
3069 323.0
3070 323.0
3071 323.0
3072 323.0
3073 323.0
3074 323.0
3075 323.0
3076 323.0
3087 333.0
3088 328.0
3089 328.0
3090 328.0
3091 328.0
3092 328.0
3093 328.0
3094 328.0
3095 328.0
3096 328.0
3097 328.0
3098 328.0
3109 328.0
3110 328.0
3111 328.0
3112 328.0
3113 328.0
3114 328.0
3115 328.0
3116 328.0
3117 328.0
3118 328.0
3129 328.0
3130 328.0
3131 328.0
3132 328.0
3133 328.0
3134 328.0
3135 328.0
3136 328.0
3137 328.0
3138 328.0
3149 331.0
3150 331.0
3151 331.0
3152 331.0
3153 331.0
3154 331.0
3155 331.0
3156 331.0
3157 331.0
3158 331.0
3169 325.0
3170 325.0
3171 325.0
3172 325.0
3173 325.0
3174 325.0
3175 325.0
3176 325.0
3177 325.0
3178 325.0
3189 328.0
3190 328.0
3191 328.0
3192 328.0
3193 328.0
3194 328.0
3195 328.0
3196 328.0
3197 328.0
3198 328.0
3209 329.0
3210 329.0
3211 329.0
3212 329.0
3213 329.0
3214 329.0
3215 329.0
3216 329.0
3217 329.0
3218 329.0
3229 330.0
3230 330.0
3231 330.0
3232 330.0
3233 330.0
3234 330.0
3235 330.0
3236 330.0
3237 330.0
3238 330.0
3239 330.0
3250 328.0
3251 328.0
3252 328.0
3253 328.0
3254 328.0
3255 328.0
3256 328.0
3257 328.0
3258 328.0
3259 328.0
3260 328.0
3271 328.0
3272 328.0
3273 328.0
3274 328.0
3275 328.0
3276 328.0
3277 328.0
3278 328.0
3279 328.0
3280 328.0
3291 328.0
3292 328.0
3293 328.0
3294 328.0
3295 328.0
3296 321.0
3297 321.0
3298 320.0
3299 320.0
3300 320.0
3301 320.0
3302 320.0
3303 320.0
3304 320.0
3305 320.0
3306 320.0
3307 320.0
3308 320.0
3319 354.0
3320 351.0
3321 351.0
3322 351.0
3323 351.0
3324 351.0
3325 351.0
3326 351.0
3327 351.0
3328 351.0
3329 347.0
3330 347.0
3331 346.0
3332 346.0
3333 346.0
3334 326.0
3335 326.0
3336 326.0
3337 326.0
3338 326.0
3339 326.0
3340 326.0
3341 326.0
3342 326.0
3343 326.0
3344 326.0
3355 318.0
3356 318.0
3357 318.0
3358 318.0
3359 318.0
3360 318.0
3361 318.0
3362 318.0
3363 318.0
3364 318.0
3375 350.0
3376 350.0
3377 350.0
3378 350.0
3379 350.0
3380 350.0
3381 350.0
3382 350.0
3383 350.0
3384 326.0
3385 326.0
3386 326.0
3387 326.0
3388 326.0
3389 326.0
3390 326.0
3391 326.0
3392 326.0
3393 326.0
3394 326.0
3405 320.0
3406 320.0
3407 320.0
3408 320.0
3409 320.0
3410 320.0
3411 320.0
3412 320.0
3413 320.0
3414 320.0
3425 324.0
3426 324.0
3427 324.0
3428 324.0
3429 324.0
3430 324.0
3431 324.0
3432 324.0
3433 324.0
3434 324.0
3445 320.0
3446 320.0
3447 320.0
3448 320.0
3449 320.0
3450 320.0
3451 320.0
3452 320.0
3453 320.0
3454 320.0
3465 325.0
3466 325.0
3467 325.0
3468 325.0
3469 325.0
3470 325.0
3471 325.0
3472 325.0
3473 325.0
3474 325.0
3485 359.0
3486 359.0
3487 359.0
3488 352.0
3489 349.0
3490 349.0
3491 349.0
3492 349.0
3493 349.0
3494 349.0
3495 349.0
3496 349.0
3497 349.0
3498 349.0
3499 349.0
3510 354.0
3511 354.0
3512 354.0
3513 354.0
3514 354.0
3515 354.0
3516 354.0
3517 354.0
3518 354.0
3519 354.0
3530 352.0
3531 352.0
3532 349.0
3533 349.0
3534 349.0
3535 349.0
3536 349.0
3537 349.0
3538 349.0
3539 349.0
3540 349.0
3541 349.0
3542 349.0
3553 339.0
3554 339.0
3555 339.0
3556 339.0
3557 339.0
3558 339.0
3559 339.0
3560 339.0
3561 339.0
3562 339.0
3573 334.0
3574 334.0
3575 334.0
3576 334.0
3577 334.0
3578 334.0
3579 334.0
3580 334.0
3581 334.0
3582 334.0
3593 334.0
3594 334.0
3595 334.0
3596 334.0
3597 334.0
3598 334.0
3599 334.0
3600 334.0
3601 334.0
3602 334.0
3613 333.0
3614 333.0
3615 333.0
3616 333.0
3617 333.0
3618 333.0
3619 333.0
3620 333.0
3621 333.0
3622 333.0
3633 334.0
3634 334.0
3635 334.0
3636 334.0
3637 334.0
3638 334.0
3639 334.0
3640 334.0
3641 334.0
3642 334.0
3653 326.0
3654 326.0
3655 326.0
3656 326.0
3657 326.0
3658 326.0
3659 326.0
3660 326.0
3661 326.0
3662 326.0
3673 334.0
3674 334.0
3675 334.0
3676 334.0
3677 334.0
3678 334.0
3679 334.0
3680 334.0
3681 334.0
3682 334.0
3693 337.0
3694 337.0
3695 337.0
3696 337.0
3697 337.0
3698 337.0
3699 337.0
3700 337.0
3701 337.0
3702 337.0
3713 337.0
3714 337.0
3715 337.0
3716 337.0
3717 337.0
3718 337.0
3719 337.0
3720 337.0
3721 337.0
3722 337.0
3733 330.0
3734 330.0
3735 330.0
3736 330.0
3737 330.0
3738 330.0
3739 330.0
3740 330.0
3741 330.0
3742 330.0
3753 371.0
3754 371.0
3755 371.0
3756 371.0
3757 371.0
3758 371.0
3759 371.0
3760 371.0
3761 371.0
3762 371.0
3773 374.0
3774 374.0
3775 374.0
3776 374.0
3777 374.0
3778 374.0
3779 374.0
3780 374.0
3781 374.0
3782 374.0
3793 334.0
3794 334.0
3795 334.0
3796 334.0
3797 334.0
3798 334.0
3799 334.0
3800 334.0
3801 334.0
3802 334.0
3813 359.0
3814 359.0
3815 359.0
3816 359.0
3817 359.0
3818 359.0
3819 359.0
3820 359.0
3821 359.0
3822 359.0
3833 356.0
3834 356.0
3835 356.0
3836 356.0
3837 356.0
3838 356.0
3839 356.0
3840 349.0
3841 349.0
3842 349.0
3843 349.0
3844 349.0
3845 349.0
3846 349.0
3847 349.0
3848 349.0
3849 349.0
3850 349.0
3861 351.0
3862 351.0
3863 351.0
3864 351.0
3865 351.0
3866 351.0
3867 351.0
3868 351.0
3869 351.0
3870 351.0
3881 330.0
3882 330.0
3883 330.0
3884 330.0
3885 330.0
3886 330.0
3887 330.0
3888 330.0
3889 330.0
3890 330.0
3891 330.0
3902 333.0
3903 333.0
3904 333.0
3905 333.0
3906 333.0
3907 333.0
3908 333.0
3909 333.0
3910 333.0
3911 333.0
3922 339.0
3923 339.0
3924 339.0
3925 337.0
3926 337.0
3927 337.0
3928 337.0
3929 337.0
3930 337.0
3931 337.0
3932 337.0
3933 337.0
3934 337.0
3935 337.0
3946 337.0
3947 337.0
3948 337.0
3949 334.0
3950 334.0
3951 334.0
3952 334.0
3953 334.0
3954 334.0
3955 334.0
3956 334.0
3957 334.0
3958 334.0
3959 334.0
3970 340.0
3971 340.0
3972 339.0
3973 339.0
3974 339.0
3975 339.0
3976 339.0
3977 339.0
3978 339.0
3979 339.0
3980 339.0
3981 339.0
3982 336.0
3983 334.0
3984 334.0
3985 334.0
3986 334.0
3987 334.0
3988 334.0
3989 328.0
3990 321.0
3991 321.0
3992 321.0
3993 321.0
3994 321.0
3995 321.0
3996 321.0
3997 321.0
3998 321.0
3999 321.0
4000 321.0
4011 329.0
4012 329.0
4013 329.0
4014 329.0
4015 329.0
4016 329.0
4017 329.0
4018 329.0
4019 329.0
4020 324.0
4021 324.0
4022 324.0
4023 324.0
4024 324.0
4025 324.0
4026 324.0
4027 324.0
4028 324.0
4029 324.0
4030 324.0
4041 327.0
4042 327.0
4043 327.0
4044 327.0
4045 327.0
4046 327.0
4047 327.0
4048 327.0
4049 327.0
4050 327.0
4061 327.0
4062 327.0
4063 327.0
4064 327.0
4065 327.0
4066 327.0
4067 327.0
4068 327.0
4069 327.0
4070 327.0
4081 329.0
4082 329.0
4083 329.0
4084 329.0
4085 329.0
4086 329.0
4087 329.0
4088 329.0
4089 324.0
4090 324.0
4091 324.0
4092 324.0
4093 324.0
4094 324.0
4095 324.0
4096 324.0
4097 324.0
4098 324.0
4099 324.0
4110 327.0
4111 327.0
4112 327.0
4113 327.0
4114 327.0
4115 327.0
4116 327.0
4117 327.0
4118 327.0
4119 327.0
4130 329.0
4131 329.0
4132 329.0
4133 329.0
4134 329.0
4135 329.0
4136 329.0
4137 329.0
4138 329.0
4139 329.0
4150 329.0
4151 324.0
4152 324.0
4153 324.0
4154 324.0
4155 324.0
4156 324.0
4157 324.0
4158 324.0
4159 324.0
4160 324.0
4161 324.0
4172 320.0
4173 320.0
4174 320.0
4175 320.0
4176 320.0
4177 320.0
4178 320.0
4179 320.0
4180 320.0
4181 320.0
4192 327.0
4193 327.0
4194 327.0
4195 327.0
4196 327.0
4197 327.0
4198 327.0
4199 327.0
4200 327.0
4201 327.0
4212 355.0
4213 355.0
4214 339.0
4215 339.0
4216 339.0
4217 339.0
4218 339.0
4219 339.0
4220 339.0
4221 339.0
4222 339.0
4223 339.0
4224 339.0
4235 333.0
4236 333.0
4237 333.0
4238 333.0
4239 333.0
4240 333.0
4241 333.0
4242 333.0
4243 331.0
4244 331.0
4245 331.0
4246 331.0
4247 331.0
4248 331.0
4249 327.0
4250 327.0
4251 327.0
4252 327.0
4253 327.0
4254 327.0
4255 327.0
4256 327.0
4257 327.0
4258 327.0
4259 327.0
4270 339.0
4271 339.0
4272 333.0
4273 333.0
4274 333.0
4275 333.0
4276 333.0
4277 333.0
4278 333.0
4279 333.0
4280 333.0
4281 333.0
4282 333.0
4293 337.0
4294 337.0
4295 337.0
4296 337.0
4297 337.0
4298 337.0
4299 336.0
4300 336.0
4301 336.0
4302 322.0
4303 322.0
4304 322.0
4305 322.0
4306 322.0
4307 322.0
4308 322.0
4309 322.0
4310 322.0
4311 322.0
4312 322.0
4323 359.0
4324 359.0
4325 359.0
4326 357.0
4327 355.0
4328 355.0
4329 355.0
4330 339.0
4331 339.0
4332 339.0
4333 339.0
4334 339.0
4335 339.0
4336 339.0
4337 338.0
4338 338.0
4339 338.0
4340 338.0
4341 338.0
4342 338.0
4343 338.0
4344 329.0
4345 329.0
4346 329.0
4347 329.0
4348 329.0
4349 329.0
4350 329.0
4351 329.0
4352 329.0
4353 329.0
4354 329.0
4365 332.0
4366 330.0
4367 330.0
4368 330.0
4369 330.0
4370 330.0
4371 330.0
4372 330.0
4373 330.0
4374 330.0
4375 330.0
4376 330.0
4387 330.0
4388 330.0
4389 330.0
4390 330.0
4391 330.0
4392 330.0
4393 330.0
4394 330.0
4395 330.0
4396 330.0
4397 330.0
4408 329.0
4409 329.0
4410 329.0
4411 329.0
4412 329.0
4413 329.0
4414 329.0
4415 329.0
4416 329.0
4417 329.0
4428 361.0
4429 357.0
4430 357.0
4431 357.0
4432 357.0
4433 357.0
4434 357.0
4435 357.0
4436 357.0
4437 357.0
4438 357.0
4439 357.0
4450 349.0
4451 349.0
4452 349.0
4453 349.0
4454 349.0
4455 349.0
4456 349.0
4457 349.0
4458 349.0
4459 349.0
4470 355.0
4471 355.0
4472 355.0
4473 355.0
4474 333.0
4475 333.0
4476 333.0
4477 333.0
4478 333.0
4479 333.0
4480 333.0
4481 333.0
4482 333.0
4483 333.0
4484 333.0
4495 355.0
4496 355.0
4497 355.0
4498 355.0
4499 355.0
4500 355.0
4501 355.0
4502 355.0
4503 355.0
4504 355.0
4505 355.0
4516 362.0
4517 362.0
4518 339.0
4519 339.0
4520 337.0
4521 336.0
4522 336.0
4523 336.0
4524 336.0
4525 336.0
4526 336.0
4527 336.0
4528 336.0
4529 328.0
4530 328.0
4531 328.0
4532 328.0
4533 328.0
4534 328.0
4535 328.0
4536 328.0
4537 328.0
4538 328.0
4539 328.0
4550 324.0
4551 324.0
4552 324.0
4553 324.0
4554 324.0
4555 324.0
4556 324.0
4557 324.0
4558 324.0
4559 324.0
4570 323.0
4571 323.0
4572 323.0
4573 323.0
4574 323.0
4575 323.0
4576 323.0
4577 323.0
4578 323.0
4579 323.0
4590 333.0
4591 333.0
4592 333.0
4593 333.0
4594 333.0
4595 333.0
4596 328.0
4597 328.0
4598 328.0
4599 321.0
4600 321.0
4601 321.0
4602 321.0
4603 321.0
4604 321.0
4605 321.0
4606 321.0
4607 321.0
4608 321.0
4609 321.0
4620 331.0
4621 331.0
4622 331.0
4623 331.0
4624 331.0
4625 331.0
4626 331.0
4627 331.0
4628 331.0
4629 331.0
4640 334.0
4641 334.0
4642 334.0
4643 334.0
4644 334.0
4645 334.0
4646 334.0
4647 334.0
4648 334.0
4649 334.0
4660 339.0
4661 339.0
4662 334.0
4663 334.0
4664 334.0
4665 334.0
4666 334.0
4667 334.0
4668 334.0
4669 334.0
4670 331.0
4671 331.0
4672 331.0
4673 331.0
4674 331.0
4675 331.0
4676 331.0
4677 331.0
4678 331.0
4679 331.0
4680 331.0
4691 337.0
4692 332.0
4693 332.0
4694 332.0
4695 332.0
4696 332.0
4697 332.0
4698 332.0
4699 332.0
4700 332.0
4701 332.0
4702 332.0
4713 339.0
4714 339.0
4715 339.0
4716 339.0
4717 339.0
4718 339.0
4719 339.0
4720 339.0
4721 339.0
4722 339.0
4733 329.0
4734 329.0
4735 329.0
4736 329.0
4737 329.0
4738 329.0
4739 329.0
4740 329.0
4741 329.0
4742 329.0
4753 340.0
4754 340.0
4755 328.0
4756 328.0
4757 328.0
4758 328.0
4759 328.0
4760 328.0
4761 328.0
4762 328.0
4763 328.0
4764 328.0
4765 328.0
4776 373.0
4777 373.0
4778 345.0
4779 345.0
4780 345.0
4781 345.0
4782 345.0
4783 345.0
4784 341.0
4785 341.0
4786 341.0
4787 341.0
4788 341.0
4789 341.0
4790 341.0
4791 341.0
4792 341.0
4793 341.0
4794 341.0
4805 344.0
4806 344.0
4807 344.0
4808 344.0
4809 344.0
4810 344.0
4811 344.0
4812 344.0
4813 344.0
4814 344.0
4825 345.0
4826 345.0
4827 345.0
4828 345.0
4829 345.0
4830 345.0
4831 345.0
4832 345.0
4833 343.0
4834 341.0
4835 341.0
4836 341.0
4837 341.0
4838 341.0
4839 341.0
4840 341.0
4841 341.0
4842 341.0
4843 341.0
4844 341.0
4855 365.0
4856 365.0
4857 365.0
4858 365.0
4859 365.0
4860 365.0
4861 361.0
4862 361.0
4863 361.0
4864 356.0
4865 356.0
4866 356.0
4867 356.0
4868 356.0
4869 356.0
4870 356.0
4871 356.0
4872 356.0
4873 356.0
4874 356.0
4885 359.0
4886 359.0
4887 359.0
4888 359.0
4889 359.0
4890 359.0
4891 359.0
4892 359.0
4893 359.0
4894 359.0
4905 365.0
4906 365.0
4907 365.0
4908 347.0
4909 347.0
4910 347.0
4911 347.0
4912 347.0
4913 347.0
4914 347.0
4915 347.0
4916 347.0
4917 347.0
4918 347.0
4929 349.0
4930 349.0
4931 349.0
4932 348.0
4933 348.0
4934 348.0
4935 348.0
4936 348.0
4937 348.0
4938 348.0
4939 347.0
4940 347.0
4941 347.0
4942 347.0
4943 347.0
4944 347.0
4945 347.0
4946 347.0
4947 347.0
4948 347.0
4949 347.0
4960 348.0
4961 348.0
4962 348.0
4963 348.0
4964 348.0
4965 348.0
4966 348.0
4967 348.0
4968 348.0
4969 348.0
4980 383.0
4981 383.0
4982 383.0
4983 383.0
4984 383.0
4985 383.0
4986 383.0
4987 383.0
4988 383.0
4989 383.0
