0 13532.0
1 13532.0
2 13532.0
3 13532.0
4 13369.0
5 13207.0
6 13207.0
7 13046.0
8 12885.0
9 12885.0
10 12885.0
11 12728.0
12 12728.0
13 12728.0
14 12728.0
15 12728.0
16 12728.0
17 12728.0
18 12728.0
19 12728.0
20 12728.0
21 12728.0
32 11340.0
33 11340.0
34 11340.0
35 11340.0
36 11340.0
37 11340.0
38 11340.0
39 11190.0
40 11190.0
41 11190.0
42 11190.0
43 10603.0
44 10603.0
45 10603.0
46 10603.0
47 10603.0
48 10603.0
49 10603.0
50 10603.0
51 10603.0
52 10603.0
53 10603.0
64 10896.0
65 10749.0
66 10749.0
67 10749.0
68 10603.0
69 10460.0
70 10460.0
71 10460.0
72 10460.0
73 10460.0
74 10317.0
75 10317.0
76 10317.0
77 10317.0
78 9344.0
79 9235.0
80 8707.0
81 8707.0
82 8707.0
83 8707.0
84 8707.0
85 8707.0
86 8707.0
87 8707.0
88 8707.0
89 8707.0
90 8707.0
101 8706.0
102 8706.0
103 8706.0
104 8706.0
105 8706.0
106 8706.0
107 8706.0
108 8706.0
109 8706.0
110 8706.0
121 7730.0
122 7730.0
123 7408.0
124 7408.0
125 7408.0
126 7299.0
127 7199.0
128 7199.0
129 7199.0
130 7199.0
131 6971.0
132 6971.0
133 6971.0
134 6971.0
135 6971.0
136 6971.0
137 6882.0
138 6882.0
139 6882.0
140 6654.0
141 6654.0
142 6654.0
143 6654.0
144 6654.0
145 6654.0
146 6654.0
147 6654.0
148 6654.0
149 6654.0
150 6319.0
151 6319.0
152 6319.0
153 6319.0
154 6256.0
155 6256.0
156 6147.0
157 6147.0
158 5985.0
159 5879.0
160 5777.0
161 5777.0
162 5777.0
163 5673.0
164 5673.0
165 5673.0
166 5673.0
167 5673.0
168 5570.0
169 5570.0
170 5570.0
171 5570.0
172 5570.0
173 5570.0
174 5570.0
175 5570.0
176 5468.0
177 5468.0
178 5468.0
179 5076.0
180 5076.0
181 4883.0
182 4791.0
183 4791.0
184 4605.0
185 4605.0
186 4518.0
187 4518.0
188 4518.0
189 4441.0
190 4441.0
191 4441.0
192 4175.0
193 4163.0
194 4083.0
195 3913.0
196 3761.0
197 3350.0
198 3322.0
199 3322.0
200 3272.0
201 3272.0
202 3242.0
203 3242.0
204 3242.0
205 3242.0
206 3242.0
207 3242.0
208 2829.0
209 2829.0
210 2813.0
211 2770.0
212 2770.0
213 2764.0
214 2703.0
215 2703.0
216 2644.0
217 2632.0
218 2632.0
219 2632.0
220 2632.0
221 2628.0
222 2628.0
223 2013.0
224 2013.0
225 2013.0
226 1987.0
227 1953.0
228 1953.0
229 1953.0
230 1942.0
231 1942.0
232 1942.0
233 1942.0
234 1942.0
235 1942.0
236 1942.0
237 1942.0
238 1720.0
239 1720.0
240 1475.0
241 1475.0
242 1475.0
243 1475.0
244 1475.0
245 1475.0
246 1475.0
247 1475.0
248 1475.0
249 1475.0
250 1475.0
261 1442.0
262 1442.0
263 1442.0
264 1442.0
265 1442.0
266 1392.0
267 1392.0
268 1392.0
269 1392.0
270 1392.0
271 1373.0
272 1373.0
273 1373.0
274 1373.0
275 1373.0
276 973.0
277 973.0
278 973.0
279 973.0
280 973.0
281 973.0
282 973.0
283 973.0
284 973.0
285 973.0
286 961.0
287 961.0
288 925.0
289 925.0
290 925.0
291 925.0
292 925.0
293 925.0
294 925.0
295 925.0
296 925.0
297 925.0
298 925.0
309 894.0
310 894.0
311 894.0
312 894.0
313 894.0
314 894.0
315 872.0
316 872.0
317 872.0
318 872.0
319 872.0
320 872.0
321 872.0
322 872.0
323 872.0
324 872.0
325 854.0
326 854.0
327 854.0
328 854.0
329 854.0
330 854.0
331 854.0
332 854.0
333 778.0
334 778.0
335 778.0
336 778.0
337 778.0
338 778.0
339 778.0
340 778.0
341 778.0
342 778.0
343 778.0
354 755.0
355 755.0
356 755.0
357 755.0
358 755.0
359 722.0
360 690.0
361 690.0
362 690.0
363 690.0
364 690.0
365 690.0
366 690.0
367 690.0
368 690.0
369 690.0
370 690.0
381 840.0
382 840.0
383 840.0
384 840.0
385 836.0
386 836.0
387 836.0
388 836.0
389 836.0
390 836.0
391 836.0
392 836.0
393 717.0
394 717.0
395 717.0
396 717.0
397 717.0
398 705.0
399 705.0
400 705.0
401 705.0
402 705.0
403 705.0
404 705.0
405 705.0
406 705.0
407 668.0
408 655.0
409 655.0
410 655.0
411 639.0
412 639.0
413 639.0
414 639.0
415 639.0
416 607.0
417 607.0
418 607.0
419 607.0
420 607.0
421 607.0
422 607.0
423 607.0
424 607.0
425 607.0
426 607.0
437 584.0
438 584.0
439 584.0
440 539.0
441 539.0
442 512.0
443 512.0
444 512.0
445 512.0
446 512.0
447 512.0
448 512.0
449 512.0
450 512.0
451 512.0
452 512.0
463 515.0
464 515.0
465 515.0
466 515.0
467 515.0
468 515.0
469 515.0
470 515.0
471 515.0
472 515.0
483 509.0
484 509.0
485 509.0
486 509.0
487 500.0
488 500.0
489 500.0
490 500.0
491 478.0
492 478.0
493 459.0
494 459.0
495 459.0
496 451.0
497 451.0
498 451.0
499 451.0
500 437.0
501 437.0
502 437.0
503 437.0
504 437.0
505 437.0
506 437.0
507 437.0
508 425.0
509 425.0
510 416.0
511 416.0
512 416.0
513 416.0
514 416.0
515 416.0
516 416.0
517 416.0
518 416.0
519 416.0
520 415.0
521 415.0
522 415.0
523 415.0
524 415.0
525 415.0
526 415.0
527 415.0
528 415.0
529 415.0
530 415.0
541 412.0
542 412.0
543 412.0
544 412.0
545 412.0
546 412.0
547 412.0
548 412.0
549 412.0
550 412.0
561 436.0
562 426.0
563 426.0
564 426.0
565 426.0
566 426.0
567 426.0
568 426.0
569 426.0
570 426.0
571 426.0
572 426.0
583 432.0
584 431.0
585 431.0
586 431.0
587 420.0
588 420.0
589 420.0
590 420.0
591 420.0
592 420.0
593 418.0
594 418.0
595 418.0
596 418.0
597 418.0
598 418.0
599 418.0
600 418.0
601 418.0
602 418.0
603 418.0
614 418.0
615 418.0
616 410.0
617 410.0
618 410.0
619 410.0
620 410.0
621 410.0
622 410.0
623 410.0
624 397.0
625 397.0
626 397.0
627 397.0
628 397.0
629 397.0
630 397.0
631 397.0
632 397.0
633 397.0
634 397.0
645 383.0
646 383.0
647 383.0
648 383.0
649 383.0
650 383.0
651 383.0
652 383.0
653 383.0
654 383.0
665 401.0
666 401.0
667 401.0
668 401.0
669 397.0
670 389.0
671 389.0
672 389.0
673 389.0
674 389.0
675 389.0
676 389.0
677 389.0
678 389.0
679 389.0
680 389.0
691 379.0
692 379.0
693 379.0
694 379.0
695 379.0
696 379.0
697 379.0
698 379.0
699 379.0
700 379.0
711 395.0
712 395.0
713 384.0
714 384.0
715 384.0
716 384.0
717 384.0
718 384.0
719 384.0
720 384.0
721 384.0
722 384.0
723 384.0
734 395.0
735 395.0
736 395.0
737 395.0
738 395.0
739 395.0
740 395.0
741 395.0
742 395.0
743 395.0
754 366.0
755 366.0
756 366.0
757 366.0
758 366.0
759 366.0
760 366.0
761 366.0
762 366.0
763 366.0
774 379.0
775 378.0
776 378.0
777 378.0
778 378.0
779 377.0
780 377.0
781 377.0
782 377.0
783 377.0
784 377.0
785 377.0
786 377.0
787 377.0
788 377.0
789 377.0
800 368.0
801 368.0
802 368.0
803 368.0
804 368.0
805 368.0
806 368.0
807 368.0
808 368.0
809 368.0
810 368.0
821 376.0
822 376.0
823 376.0
824 376.0
825 376.0
826 376.0
827 376.0
828 376.0
829 376.0
830 376.0
831 376.0
842 378.0
843 378.0
844 378.0
845 378.0
846 372.0
847 369.0
848 369.0
849 369.0
850 369.0
851 369.0
852 369.0
853 365.0
854 363.0
855 363.0
856 363.0
857 363.0
858 363.0
859 363.0
860 363.0
861 363.0
862 363.0
863 363.0
864 363.0
875 361.0
876 361.0
877 361.0
878 361.0
879 361.0
880 361.0
881 361.0
882 361.0
883 361.0
884 361.0
895 357.0
896 357.0
897 357.0
898 357.0
899 357.0
900 357.0
901 357.0
902 357.0
903 357.0
904 357.0
915 377.0
916 365.0
917 365.0
918 365.0
919 365.0
920 361.0
921 361.0
922 361.0
923 352.0
924 352.0
925 352.0
926 352.0
927 352.0
928 352.0
929 352.0
930 352.0
931 352.0
932 352.0
933 352.0
944 364.0
945 363.0
946 363.0
947 361.0
948 361.0
949 361.0
950 361.0
951 361.0
952 361.0
953 361.0
954 352.0
955 352.0
956 352.0
957 352.0
958 352.0
959 348.0
960 348.0
961 348.0
962 348.0
963 348.0
964 348.0
965 348.0
966 348.0
967 348.0
968 348.0
969 348.0
980 348.0
981 348.0
982 348.0
983 348.0
984 348.0
985 348.0
986 348.0
987 348.0
988 348.0
989 348.0
1000 357.0
1001 352.0
1002 352.0
1003 352.0
1004 352.0
1005 352.0
1006 352.0
1007 352.0
1008 352.0
1009 352.0
1010 352.0
1011 352.0
1022 360.0
1023 360.0
1024 360.0
1025 360.0
1026 360.0
1027 360.0
1028 360.0
1029 360.0
1030 360.0
1031 357.0
1032 357.0
1033 357.0
1034 357.0
1035 357.0
1036 357.0
1037 357.0
1038 357.0
1039 357.0
1040 357.0
1041 357.0
1052 352.0
1053 352.0
1054 352.0
1055 352.0
1056 352.0
1057 352.0
1058 352.0
1059 352.0
1060 352.0
1061 352.0
1072 341.0
1073 341.0
1074 341.0
1075 341.0
1076 341.0
1077 341.0
1078 341.0
1079 341.0
1080 341.0
1081 341.0
1092 384.0
1093 384.0
1094 384.0
1095 384.0
1096 384.0
1097 380.0
1098 380.0
1099 373.0
1100 373.0
1101 373.0
1102 373.0
1103 373.0
1104 373.0
1105 373.0
1106 373.0
1107 373.0
1108 373.0
1109 373.0
1120 375.0
1121 375.0
1122 375.0
1123 375.0
1124 375.0
1125 375.0
1126 372.0
1127 372.0
1128 372.0
1129 372.0
1130 367.0
1131 367.0
1132 367.0
1133 367.0
1134 367.0
1135 367.0
1136 366.0
1137 366.0
1138 366.0
1139 366.0
1140 366.0
1141 366.0
1142 366.0
1143 366.0
1144 366.0
1145 366.0
1146 366.0
1157 346.0
1158 344.0
1159 344.0
1160 344.0
1161 344.0
1162 344.0
1163 344.0
1164 344.0
1165 344.0
1166 344.0
1167 344.0
1168 344.0
1179 354.0
1180 354.0
1181 354.0
1182 354.0
1183 354.0
1184 354.0
1185 354.0
1186 347.0
1187 347.0
1188 347.0
1189 347.0
1190 347.0
1191 347.0
1192 347.0
1193 347.0
1194 347.0
1195 347.0
1196 347.0
1207 350.0
1208 350.0
1209 350.0
1210 350.0
1211 350.0
1212 350.0
1213 350.0
1214 350.0
1215 350.0
1216 350.0
1227 346.0
1228 346.0
1229 346.0
1230 346.0
1231 346.0
1232 346.0
1233 346.0
1234 346.0
1235 346.0
1236 346.0
1247 337.0
1248 337.0
1249 337.0
1250 337.0
1251 337.0
1252 337.0
1253 337.0
1254 337.0
1255 337.0
1256 337.0
1267 353.0
1268 353.0
1269 353.0
1270 353.0
1271 353.0
1272 353.0
1273 353.0
1274 353.0
1275 353.0
1276 353.0
1287 355.0
1288 355.0
1289 355.0
1290 355.0
1291 355.0
1292 355.0
1293 355.0
1294 355.0
1295 355.0
1296 355.0
1307 375.0
1308 375.0
1309 375.0
1310 375.0
1311 375.0
1312 375.0
1313 375.0
1314 375.0
1315 375.0
1316 375.0
1327 369.0
1328 369.0
1329 369.0
1330 369.0
1331 369.0
1332 369.0
1333 369.0
1334 369.0
1335 369.0
1336 369.0
1347 368.0
1348 368.0
1349 368.0
1350 368.0
1351 368.0
1352 368.0
1353 368.0
1354 368.0
1355 368.0
1356 368.0
1367 371.0
1368 371.0
1369 371.0
1370 371.0
1371 371.0
1372 371.0
1373 371.0
1374 371.0
1375 371.0
1376 362.0
1377 362.0
1378 362.0
1379 362.0
1380 362.0
1381 362.0
1382 362.0
1383 362.0
1384 362.0
1385 362.0
1386 348.0
1387 348.0
1388 348.0
1389 348.0
1390 348.0
1391 348.0
1392 348.0
1393 348.0
1394 348.0
1395 348.0
1396 348.0
1407 362.0
1408 362.0
1409 362.0
1410 362.0
1411 359.0
1412 356.0
1413 356.0
1414 356.0
1415 356.0
1416 356.0
1417 356.0
1418 356.0
1419 356.0
1420 356.0
1421 356.0
1422 356.0
1433 356.0
1434 346.0
1435 346.0
1436 346.0
1437 346.0
1438 346.0
1439 346.0
1440 346.0
1441 346.0
1442 346.0
1443 346.0
1444 346.0
1455 364.0
1456 364.0
1457 364.0
1458 364.0
1459 364.0
1460 356.0
1461 356.0
1462 356.0
1463 356.0
1464 356.0
1465 356.0
1466 356.0
1467 356.0
1468 356.0
1469 356.0
1470 356.0
1481 362.0
1482 362.0
1483 362.0
1484 362.0
1485 362.0
1486 362.0
1487 362.0
1488 358.0
1489 358.0
1490 358.0
1491 346.0
1492 346.0
1493 346.0
1494 346.0
1495 346.0
1496 346.0
1497 346.0
1498 346.0
1499 346.0
1500 346.0
1501 346.0
1512 375.0
1513 375.0
1514 375.0
1515 375.0
1516 375.0
1517 375.0
1518 375.0
1519 371.0
1520 371.0
1521 371.0
1522 371.0
1523 371.0
1524 371.0
1525 371.0
1526 371.0
1527 371.0
1528 371.0
1529 371.0
1540 368.0
1541 368.0
1542 368.0
1543 368.0
1544 368.0
1545 368.0
1546 368.0
1547 368.0
1548 368.0
1549 368.0
1560 373.0
1561 373.0
1562 373.0
1563 373.0
1564 373.0
1565 373.0
1566 359.0
1567 359.0
1568 359.0
1569 359.0
1570 359.0
1571 359.0
1572 359.0
1573 359.0
1574 359.0
1575 359.0
1576 359.0
1587 369.0
1588 369.0
1589 369.0
1590 363.0
1591 363.0
1592 363.0
1593 363.0
1594 363.0
1595 363.0
1596 363.0
1597 363.0
1598 363.0
1599 363.0
1600 363.0
1611 369.0
1612 344.0
1613 344.0
1614 344.0
1615 344.0
1616 344.0
1617 344.0
1618 344.0
1619 344.0
1620 344.0
1621 344.0
1622 344.0
1633 348.0
1634 348.0
1635 340.0
1636 340.0
1637 340.0
1638 340.0
1639 340.0
1640 332.0
1641 332.0
1642 332.0
1643 332.0
1644 332.0
1645 332.0
1646 332.0
1647 332.0
1648 332.0
1649 332.0
1650 332.0
1661 340.0
1662 340.0
1663 340.0
1664 340.0
1665 340.0
1666 340.0
1667 340.0
1668 340.0
1669 340.0
1670 340.0
1681 346.0
1682 340.0
1683 340.0
1684 340.0
1685 340.0
1686 340.0
1687 340.0
1688 340.0
1689 340.0
1690 340.0
1691 340.0
1692 340.0
1703 346.0
1704 346.0
1705 346.0
1706 346.0
1707 346.0
1708 346.0
1709 346.0
1710 346.0
1711 346.0
1712 346.0
1723 342.0
1724 342.0
1725 342.0
1726 342.0
1727 342.0
1728 342.0
1729 342.0
1730 342.0
1731 342.0
1732 342.0
1743 348.0
1744 348.0
1745 348.0
1746 332.0
1747 332.0
1748 332.0
1749 332.0
1750 332.0
1751 332.0
1752 332.0
1753 332.0
1754 332.0
1755 332.0
1756 332.0
1767 346.0
1768 346.0
1769 329.0
1770 329.0
1771 329.0
1772 329.0
1773 329.0
1774 329.0
1775 329.0
1776 329.0
1777 329.0
1778 329.0
1779 329.0
1790 332.0
1791 332.0
1792 332.0
1793 332.0
1794 332.0
1795 332.0
1796 332.0
1797 332.0
1798 332.0
1799 332.0
1810 332.0
1811 332.0
1812 332.0
1813 332.0
1814 332.0
1815 332.0
1816 332.0
1817 332.0
1818 332.0
1819 332.0
1830 342.0
1831 342.0
1832 342.0
1833 342.0
1834 342.0
1835 342.0
1836 342.0
1837 342.0
1838 342.0
1839 342.0
1850 349.0
1851 329.0
1852 329.0
1853 329.0
1854 329.0
1855 329.0
1856 329.0
1857 329.0
1858 329.0
1859 329.0
1860 329.0
1861 329.0
1872 346.0
1873 346.0
1874 346.0
1875 346.0
1876 346.0
1877 346.0
1878 346.0
1879 346.0
1880 346.0
1881 346.0
1892 344.0
1893 344.0
1894 340.0
1895 340.0
1896 340.0
1897 340.0
1898 340.0
1899 340.0
1900 340.0
1901 340.0
1902 340.0
1903 340.0
1904 340.0
1915 342.0
1916 342.0
1917 342.0
1918 342.0
1919 342.0
1920 342.0
1921 342.0
1922 342.0
1923 342.0
1924 342.0
1935 344.0
1936 342.0
1937 342.0
1938 342.0
1939 342.0
1940 342.0
1941 342.0
1942 342.0
1943 342.0
1944 342.0
1945 342.0
1946 342.0
1957 342.0
1958 342.0
1959 342.0
1960 342.0
1961 342.0
1962 342.0
1963 342.0
1964 342.0
1965 342.0
1966 342.0
1977 344.0
1978 343.0
1979 343.0
1980 343.0
1981 343.0
1982 343.0
1983 343.0
1984 343.0
1985 343.0
1986 340.0
1987 340.0
1988 340.0
1989 340.0
1990 340.0
1991 340.0
1992 340.0
1993 338.0
1994 338.0
1995 338.0
1996 338.0
1997 338.0
1998 338.0
1999 338.0
2000 338.0
2001 338.0
2002 338.0
2003 338.0
2014 348.0
2015 348.0
2016 348.0
2017 348.0
2018 348.0
2019 348.0
2020 348.0
2021 348.0
2022 348.0
2023 344.0
2024 344.0
2025 344.0
2026 344.0
2027 344.0
2028 344.0
2029 344.0
2030 344.0
2031 344.0
2032 342.0
2033 342.0
2034 342.0
2035 342.0
2036 342.0
2037 342.0
2038 342.0
2039 342.0
2040 342.0
2041 342.0
2042 342.0
2053 350.0
2054 350.0
2055 350.0
2056 340.0
2057 340.0
2058 340.0
2059 340.0
2060 340.0
2061 340.0
2062 340.0
2063 340.0
2064 340.0
2065 340.0
2066 340.0
2077 346.0
2078 346.0
2079 346.0
2080 346.0
2081 346.0
2082 346.0
2083 346.0
2084 346.0
2085 346.0
2086 346.0
2097 361.0
2098 361.0
2099 361.0
2100 361.0
2101 349.0
2102 349.0
2103 349.0
2104 349.0
2105 349.0
2106 349.0
2107 349.0
2108 349.0
2109 349.0
2110 349.0
2111 349.0
2122 341.0
2123 341.0
2124 341.0
2125 341.0
2126 341.0
2127 341.0
2128 341.0
2129 341.0
2130 341.0
2131 341.0
2142 347.0
2143 347.0
2144 347.0
2145 347.0
2146 347.0
2147 347.0
2148 347.0
2149 347.0
2150 347.0
2151 347.0
2162 349.0
2163 349.0
2164 349.0
2165 349.0
2166 349.0
2167 349.0
2168 347.0
2169 347.0
2170 347.0
2171 347.0
2172 347.0
2173 347.0
2174 347.0
2175 347.0
2176 347.0
2177 347.0
2178 347.0
2189 352.0
2190 352.0
2191 352.0
2192 352.0
2193 352.0
2194 352.0
2195 352.0
2196 352.0
2197 349.0
2198 349.0
2199 349.0
2200 349.0
2201 349.0
2202 349.0
2203 349.0
2204 349.0
2205 349.0
2206 349.0
2207 349.0
2218 349.0
2219 349.0
2220 349.0
2221 349.0
2222 349.0
2223 349.0
2224 349.0
2225 349.0
2226 349.0
2227 349.0
2238 405.0
2239 405.0
2240 405.0
2241 405.0
2242 405.0
2243 399.0
2244 399.0
2245 368.0
2246 368.0
2247 368.0
2248 368.0
2249 368.0
2250 368.0
2251 368.0
2252 368.0
2253 368.0
2254 363.0
2255 363.0
2256 363.0
2257 363.0
2258 363.0
2259 363.0
2260 363.0
2261 363.0
2262 363.0
2263 363.0
2264 363.0
2275 345.0
2276 345.0
2277 345.0
2278 345.0
2279 345.0
2280 345.0
2281 345.0
2282 345.0
2283 345.0
2284 345.0
2295 361.0
2296 361.0
2297 361.0
2298 361.0
2299 353.0
2300 353.0
2301 353.0
2302 345.0
2303 345.0
2304 345.0
2305 345.0
2306 345.0
2307 345.0
2308 345.0
2309 345.0
2310 345.0
2311 345.0
2312 345.0
2323 353.0
2324 353.0
2325 353.0
2326 353.0
2327 353.0
2328 353.0
2329 353.0
2330 353.0
2331 353.0
2332 353.0
2343 369.0
2344 369.0
2345 363.0
2346 355.0
2347 355.0
2348 355.0
2349 355.0
2350 355.0
2351 355.0
2352 355.0
2353 355.0
2354 355.0
2355 355.0
2356 355.0
2367 355.0
2368 355.0
2369 355.0
2370 355.0
2371 355.0
2372 355.0
2373 355.0
2374 355.0
2375 355.0
2376 355.0
2387 363.0
2388 363.0
2389 363.0
2390 363.0
2391 363.0
2392 363.0
2393 363.0
2394 363.0
2395 363.0
2396 363.0
2407 353.0
2408 353.0
2409 353.0
2410 353.0
2411 353.0
2412 353.0
2413 353.0
2414 353.0
2415 353.0
2416 353.0
2427 414.0
2428 414.0
2429 414.0
2430 414.0
2431 414.0
2432 414.0
2433 414.0
2434 414.0
2435 414.0
2436 414.0
2447 414.0
2448 414.0
2449 414.0
2450 414.0
2451 414.0
2452 414.0
2453 414.0
2454 391.0
2455 391.0
2456 391.0
2457 391.0
2458 391.0
2459 391.0
2460 391.0
2461 391.0
2462 391.0
2463 391.0
2464 391.0
2475 429.0
2476 422.0
2477 422.0
2478 422.0
2479 422.0
2480 420.0
2481 420.0
2482 406.0
2483 406.0
2484 406.0
2485 406.0
2486 406.0
2487 406.0
2488 406.0
2489 406.0
2490 406.0
2491 406.0
2492 406.0
2503 401.0
2504 401.0
2505 401.0
2506 374.0
2507 362.0
2508 358.0
2509 358.0
2510 358.0
2511 358.0
2512 358.0
2513 358.0
2514 358.0
2515 358.0
2516 358.0
2517 358.0
2518 358.0
2529 359.0
2530 358.0
2531 358.0
2532 358.0
2533 358.0
2534 358.0
2535 358.0
2536 358.0
2537 358.0
2538 358.0
2539 358.0
2540 358.0
2551 361.0
2552 361.0
2553 361.0
2554 361.0
2555 361.0
2556 355.0
2557 355.0
2558 355.0
2559 355.0
2560 355.0
2561 355.0
2562 355.0
2563 355.0
2564 355.0
2565 355.0
2566 355.0
2577 361.0
2578 361.0
2579 361.0
2580 361.0
2581 361.0
2582 361.0
2583 361.0
2584 361.0
2585 361.0
2586 361.0
2587 361.0
2598 355.0
2599 355.0
2600 355.0
2601 355.0
2602 355.0
2603 343.0
2604 343.0
2605 343.0
2606 343.0
2607 343.0
2608 343.0
2609 343.0
2610 343.0
2611 343.0
2612 343.0
2613 343.0
2624 357.0
2625 357.0
2626 357.0
2627 357.0
2628 357.0
2629 357.0
2630 357.0
2631 357.0
2632 357.0
2633 357.0
2644 354.0
2645 354.0
2646 354.0
2647 354.0
2648 354.0
2649 354.0
2650 354.0
2651 354.0
2652 354.0
2653 354.0
2664 346.0
2665 346.0
2666 346.0
2667 346.0
2668 346.0
2669 346.0
2670 346.0
2671 346.0
2672 346.0
2673 346.0
2684 379.0
2685 379.0
2686 379.0
2687 379.0
2688 379.0
2689 379.0
2690 379.0
2691 379.0
2692 379.0
2693 379.0
2704 366.0
2705 366.0
2706 366.0
2707 366.0
2708 366.0
2709 366.0
2710 366.0
2711 366.0
2712 366.0
2713 366.0
2724 385.0
2725 384.0
2726 384.0
2727 384.0
2728 384.0
2729 384.0
2730 384.0
2731 384.0
2732 384.0
2733 384.0
2734 384.0
2735 384.0
2746 378.0
2747 378.0
2748 378.0
2749 378.0
2750 378.0
2751 378.0
2752 378.0
2753 378.0
2754 378.0
2755 378.0
2766 383.0
2767 383.0
2768 383.0
2769 374.0
2770 372.0
2771 372.0
2772 372.0
2773 368.0
2774 358.0
2775 358.0
2776 358.0
2777 358.0
2778 358.0
2779 358.0
2780 358.0
2781 358.0
2782 358.0
2783 358.0
2784 358.0
2795 360.0
2796 360.0
2797 360.0
2798 360.0
2799 360.0
2800 360.0
2801 360.0
2802 360.0
2803 360.0
2804 360.0
2815 364.0
2816 364.0
2817 364.0
2818 364.0
2819 360.0
2820 360.0
2821 360.0
2822 358.0
2823 358.0
2824 349.0
2825 349.0
2826 349.0
2827 349.0
2828 349.0
2829 349.0
2830 349.0
2831 349.0
2832 349.0
2833 349.0
2834 349.0
2845 358.0
2846 351.0
2847 351.0
2848 351.0
2849 351.0
2850 351.0
2851 351.0
2852 351.0
2853 351.0
2854 351.0
2855 351.0
2856 351.0
2867 341.0
2868 341.0
2869 341.0
2870 341.0
2871 341.0
2872 341.0
2873 341.0
2874 341.0
2875 341.0
2876 341.0
2887 351.0
2888 351.0
2889 351.0
2890 351.0
2891 351.0
2892 341.0
2893 341.0
2894 341.0
2895 341.0
2896 341.0
2897 341.0
2898 341.0
2899 341.0
2900 341.0
2901 341.0
2902 341.0
2913 341.0
2914 341.0
2915 341.0
2916 341.0
2917 341.0
2918 341.0
2919 338.0
2920 338.0
2921 338.0
2922 338.0
2923 338.0
2924 338.0
2925 338.0
2926 338.0
2927 338.0
2928 338.0
2929 338.0
2940 349.0
2941 349.0
2942 349.0
2943 341.0
2944 341.0
2945 341.0
2946 341.0
2947 341.0
2948 341.0
2949 341.0
2950 341.0
2951 341.0
2952 341.0
2953 341.0
2964 353.0
2965 353.0
2966 353.0
2967 353.0
2968 353.0
2969 353.0
2970 353.0
2971 353.0
2972 353.0
2973 353.0
2984 352.0
2985 352.0
2986 352.0
2987 352.0
2988 352.0
2989 352.0
2990 352.0
2991 352.0
2992 352.0
2993 352.0
2994 352.0
3005 341.0
3006 341.0
3007 341.0
3008 341.0
3009 341.0
3010 341.0
3011 341.0
3012 341.0
3013 341.0
3014 341.0
3025 351.0
3026 351.0
3027 351.0
3028 351.0
3029 351.0
3030 351.0
3031 351.0
3032 351.0
3033 351.0
3034 351.0
3045 343.0
3046 343.0
3047 343.0
3048 343.0
3049 343.0
3050 343.0
3051 343.0
3052 343.0
3053 343.0
3054 343.0
3065 363.0
3066 363.0
3067 363.0
3068 363.0
3069 363.0
3070 363.0
3071 363.0
3072 363.0
3073 363.0
3074 359.0
3075 359.0
3076 359.0
3077 359.0
3078 359.0
3079 359.0
3080 359.0
3081 359.0
3082 359.0
3083 359.0
3084 359.0
3095 355.0
3096 355.0
3097 355.0
3098 355.0
3099 355.0
3100 355.0
3101 355.0
3102 355.0
3103 355.0
3104 355.0
3115 359.0
3116 359.0
3117 359.0
3118 359.0
3119 355.0
3120 355.0
3121 355.0
3122 355.0
3123 355.0
3124 355.0
3125 355.0
3126 355.0
3127 355.0
3128 355.0
3129 355.0
3140 361.0
3141 359.0
3142 359.0
3143 359.0
3144 359.0
3145 355.0
3146 355.0
3147 355.0
3148 355.0
3149 355.0
3150 355.0
3151 355.0
3152 355.0
3153 355.0
3154 355.0
3155 355.0
3166 350.0
3167 350.0
3168 350.0
3169 350.0
3170 350.0
3171 350.0
3172 350.0
3173 350.0
3174 350.0
3175 350.0
3186 368.0
3187 368.0
3188 368.0
3189 368.0
3190 368.0
3191 368.0
3192 368.0
3193 368.0
3194 368.0
3195 355.0
3196 355.0
3197 353.0
3198 353.0
3199 353.0
3200 353.0
3201 349.0
3202 349.0
3203 343.0
3204 343.0
3205 343.0
3206 343.0
3207 343.0
3208 343.0
3209 343.0
3210 343.0
3211 343.0
3212 343.0
3213 343.0
3224 339.0
3225 339.0
3226 339.0
3227 339.0
3228 339.0
3229 329.0
3230 329.0
3231 329.0
3232 329.0
3233 329.0
3234 329.0
3235 329.0
3236 329.0
3237 329.0
3238 329.0
3239 329.0
3250 348.0
3251 348.0
3252 348.0
3253 348.0
3254 348.0
3255 348.0
3256 344.0
3257 344.0
3258 344.0
3259 344.0
3260 344.0
3261 344.0
3262 344.0
3263 344.0
3264 344.0
3265 344.0
3266 344.0
3277 344.0
3278 344.0
3279 344.0
3280 344.0
3281 344.0
3282 344.0
3283 344.0
3284 344.0
3285 344.0
3286 344.0
3297 340.0
3298 340.0
3299 340.0
3300 340.0
3301 340.0
3302 340.0
3303 340.0
3304 340.0
3305 340.0
3306 340.0
3317 366.0
3318 361.0
3319 361.0
3320 361.0
3321 361.0
3322 355.0
3323 355.0
3324 355.0
3325 355.0
3326 355.0
3327 355.0
3328 355.0
3329 355.0
3330 355.0
3331 355.0
3332 355.0
3343 352.0
3344 352.0
3345 352.0
3346 352.0
3347 352.0
3348 352.0
3349 352.0
3350 352.0
3351 352.0
3352 352.0
3363 361.0
3364 361.0
3365 361.0
3366 355.0
3367 355.0
3368 355.0
3369 355.0
3370 355.0
3371 355.0
3372 355.0
3373 355.0
3374 355.0
3375 355.0
3376 355.0
3387 340.0
3388 340.0
3389 340.0
3390 340.0
3391 340.0
3392 340.0
3393 340.0
3394 340.0
3395 340.0
3396 329.0
3397 329.0
3398 329.0
3399 329.0
3400 329.0
3401 329.0
3402 329.0
3403 329.0
3404 329.0
3405 329.0
3406 329.0
3417 360.0
3418 360.0
3419 360.0
3420 360.0
3421 360.0
3422 360.0
3423 360.0
3424 360.0
3425 360.0
3426 360.0
3427 344.0
3428 344.0
3429 344.0
3430 344.0
3431 344.0
3432 344.0
3433 344.0
3434 344.0
3435 344.0
3436 344.0
3437 344.0
3448 347.0
3449 347.0
3450 347.0
3451 347.0
3452 347.0
3453 347.0
3454 347.0
3455 347.0
3456 344.0
3457 344.0
3458 344.0
3459 344.0
3460 344.0
3461 344.0
3462 344.0
3463 344.0
3464 344.0
3465 344.0
3466 344.0
3477 332.0
3478 332.0
3479 332.0
3480 332.0
3481 332.0
3482 332.0
3483 332.0
3484 332.0
3485 332.0
3486 332.0
3497 332.0
3498 332.0
3499 332.0
3500 332.0
3501 332.0
3502 332.0
3503 332.0
3504 332.0
3505 332.0
3506 332.0
3517 343.0
3518 343.0
3519 343.0
3520 343.0
3521 343.0
3522 343.0
3523 343.0
3524 343.0
3525 343.0
3526 343.0
3537 338.0
3538 338.0
3539 338.0
3540 338.0
3541 338.0
3542 338.0
3543 338.0
3544 338.0
3545 338.0
3546 338.0
3557 349.0
3558 349.0
3559 349.0
3560 349.0
3561 349.0
3562 349.0
3563 346.0
3564 346.0
3565 346.0
3566 346.0
3567 346.0
3568 346.0
3569 346.0
3570 346.0
3571 346.0
3572 346.0
3573 346.0
3584 346.0
3585 346.0
3586 346.0
3587 342.0
3588 342.0
3589 342.0
3590 342.0
3591 342.0
3592 342.0
3593 342.0
3594 342.0
3595 342.0
3596 342.0
3597 342.0
3608 352.0
3609 352.0
3610 352.0
3611 352.0
3612 352.0
3613 352.0
3614 348.0
3615 336.0
3616 336.0
3617 336.0
3618 336.0
3619 336.0
3620 336.0
3621 336.0
3622 336.0
3623 336.0
3624 336.0
3625 336.0
3636 346.0
3637 346.0
3638 346.0
3639 346.0
3640 346.0
3641 346.0
3642 346.0
3643 346.0
3644 346.0
3645 346.0
3646 346.0
3657 350.0
3658 350.0
3659 350.0
3660 350.0
3661 344.0
3662 344.0
3663 344.0
3664 344.0
3665 344.0
3666 344.0
3667 344.0
3668 344.0
3669 344.0
3670 344.0
3671 344.0
3682 350.0
3683 350.0
3684 344.0
3685 344.0
3686 344.0
3687 344.0
3688 344.0
3689 344.0
3690 344.0
3691 344.0
3692 344.0
3693 344.0
3694 344.0
3705 348.0
3706 348.0
3707 348.0
3708 346.0
3709 346.0
3710 346.0
3711 346.0
3712 346.0
3713 346.0
3714 346.0
3715 346.0
3716 342.0
3717 342.0
3718 342.0
3719 342.0
3720 342.0
3721 342.0
3722 342.0
3723 342.0
3724 342.0
3725 342.0
3726 342.0
3737 348.0
3738 348.0
3739 348.0
3740 348.0
3741 344.0
3742 344.0
3743 344.0
3744 344.0
3745 344.0
3746 344.0
3747 344.0
3748 344.0
3749 344.0
3750 344.0
3751 344.0
3762 332.0
3763 332.0
3764 332.0
3765 332.0
3766 332.0
3767 332.0
3768 332.0
3769 332.0
3770 332.0
3771 332.0
3772 332.0
3783 345.0
3784 345.0
3785 345.0
3786 338.0
3787 338.0
3788 338.0
3789 338.0
3790 338.0
3791 338.0
3792 338.0
3793 338.0
3794 338.0
3795 338.0
3796 338.0
3807 340.0
3808 340.0
3809 340.0
3810 340.0
3811 340.0
3812 340.0
3813 340.0
3814 340.0
3815 340.0
3816 340.0
3827 350.0
3828 348.0
3829 348.0
3830 348.0
3831 348.0
3832 348.0
3833 348.0
3834 348.0
3835 348.0
3836 348.0
3837 348.0
3838 344.0
3839 344.0
3840 344.0
3841 344.0
3842 344.0
3843 344.0
3844 344.0
3845 344.0
3846 344.0
3847 338.0
3848 338.0
3849 338.0
3850 338.0
3851 338.0
3852 338.0
3853 338.0
3854 338.0
3855 338.0
3856 338.0
3857 338.0
3868 346.0
3869 346.0
3870 346.0
3871 346.0
3872 346.0
3873 346.0
3874 346.0
3875 346.0
3876 346.0
3877 346.0
3888 342.0
3889 342.0
3890 342.0
3891 342.0
3892 342.0
3893 342.0
3894 342.0
3895 342.0
3896 335.0
3897 335.0
3898 335.0
3899 335.0
3900 335.0
3901 335.0
3902 335.0
3903 335.0
3904 335.0
3905 335.0
3906 335.0
3917 335.0
3918 335.0
3919 335.0
3920 335.0
3921 335.0
3922 335.0
3923 335.0
3924 335.0
3925 335.0
3926 335.0
3927 335.0
3938 338.0
3939 338.0
3940 338.0
3941 338.0
3942 338.0
3943 338.0
3944 338.0
3945 338.0
3946 338.0
3947 338.0
3958 348.0
3959 348.0
3960 348.0
3961 348.0
3962 348.0
3963 348.0
3964 338.0
3965 338.0
3966 338.0
3967 338.0
3968 338.0
3969 338.0
3970 338.0
3971 338.0
3972 338.0
3973 338.0
3974 338.0
3985 350.0
3986 346.0
3987 346.0
3988 346.0
3989 346.0
3990 346.0
3991 346.0
3992 346.0
3993 346.0
3994 346.0
3995 346.0
3996 346.0
4007 355.0
4008 355.0
4009 355.0
4010 355.0
4011 346.0
4012 346.0
4013 346.0
4014 346.0
4015 346.0
4016 346.0
4017 346.0
4018 346.0
4019 346.0
4020 346.0
4021 346.0
4032 338.0
4033 338.0
4034 338.0
4035 338.0
4036 338.0
4037 338.0
4038 338.0
4039 338.0
4040 338.0
4041 338.0
4052 344.0
4053 344.0
4054 344.0
4055 344.0
4056 344.0
4057 344.0
4058 344.0
4059 344.0
4060 344.0
4061 344.0
4062 344.0
4073 342.0
4074 342.0
4075 342.0
4076 342.0
4077 342.0
4078 342.0
4079 342.0
4080 342.0
4081 342.0
4082 342.0
4093 346.0
4094 346.0
4095 346.0
4096 346.0
4097 346.0
4098 346.0
4099 346.0
4100 346.0
4101 346.0
4102 346.0
4103 346.0
4114 346.0
4115 346.0
4116 346.0
4117 340.0
4118 340.0
4119 340.0
4120 332.0
4121 332.0
4122 332.0
4123 332.0
4124 332.0
4125 332.0
4126 332.0
4127 332.0
4128 332.0
4129 332.0
4130 332.0
4141 350.0
4142 350.0
4143 350.0
4144 349.0
4145 349.0
4146 342.0
4147 342.0
4148 342.0
4149 342.0
4150 342.0
4151 342.0
4152 342.0
4153 342.0
4154 342.0
4155 342.0
4156 342.0
4167 346.0
4168 346.0
4169 346.0
4170 344.0
4171 344.0
4172 344.0
4173 344.0
4174 344.0
4175 344.0
4176 344.0
4177 344.0
4178 344.0
4179 344.0
4180 344.0
4191 344.0
4192 344.0
4193 329.0
4194 329.0
4195 329.0
4196 329.0
4197 329.0
4198 329.0
4199 329.0
4200 329.0
4201 329.0
4202 329.0
4203 329.0
4214 343.0
4215 340.0
4216 340.0
4217 340.0
4218 340.0
4219 340.0
4220 340.0
4221 340.0
4222 338.0
4223 338.0
4224 338.0
4225 338.0
4226 338.0
4227 338.0
4228 338.0
4229 338.0
4230 338.0
4231 338.0
4232 338.0
4243 338.0
4244 338.0
4245 338.0
4246 338.0
4247 338.0
4248 338.0
4249 338.0
4250 338.0
4251 338.0
4252 338.0
4253 338.0
4264 340.0
4265 340.0
4266 340.0
4267 338.0
4268 338.0
4269 338.0
4270 338.0
4271 338.0
4272 338.0
4273 338.0
4274 338.0
4275 338.0
4276 338.0
4277 338.0
4288 342.0
4289 342.0
4290 342.0
4291 342.0
4292 342.0
4293 342.0
4294 342.0
4295 342.0
4296 342.0
4297 342.0
4308 348.0
4309 348.0
4310 348.0
4311 348.0
4312 348.0
4313 348.0
4314 348.0
4315 348.0
4316 348.0
4317 348.0
4328 338.0
4329 338.0
4330 338.0
4331 338.0
4332 338.0
4333 338.0
4334 338.0
4335 338.0
4336 338.0
4337 338.0
4348 355.0
4349 355.0
4350 355.0
4351 355.0
4352 355.0
4353 352.0
4354 352.0
4355 352.0
4356 352.0
4357 352.0
4358 352.0
4359 350.0
4360 350.0
4361 350.0
4362 350.0
4363 340.0
4364 340.0
4365 340.0
4366 340.0
4367 340.0
4368 340.0
4369 340.0
4370 340.0
4371 340.0
4372 340.0
4373 340.0
4384 342.0
4385 342.0
4386 342.0
4387 342.0
4388 342.0
4389 342.0
4390 342.0
4391 342.0
4392 342.0
4393 342.0
4404 342.0
4405 342.0
4406 342.0
4407 342.0
4408 342.0
4409 342.0
4410 342.0
4411 342.0
4412 342.0
4413 342.0
4424 348.0
4425 348.0
4426 348.0
4427 348.0
4428 348.0
4429 348.0
4430 348.0
4431 348.0
4432 348.0
4433 348.0
4444 338.0
4445 338.0
4446 338.0
4447 338.0
4448 338.0
4449 338.0
4450 338.0
4451 338.0
4452 338.0
4453 338.0
4464 344.0
4465 344.0
4466 344.0
4467 344.0
4468 344.0
4469 344.0
4470 344.0
4471 344.0
4472 343.0
4473 343.0
4474 343.0
4475 343.0
4476 343.0
4477 343.0
4478 343.0
4479 343.0
4480 343.0
4481 343.0
4482 343.0
4493 348.0
4494 348.0
4495 348.0
4496 348.0
4497 348.0
4498 348.0
4499 348.0
4500 348.0
4501 348.0
4502 348.0
4513 342.0
4514 342.0
4515 342.0
4516 342.0
4517 342.0
4518 342.0
4519 342.0
4520 342.0
4521 342.0
4522 342.0
4533 347.0
4534 347.0
4535 347.0
4536 347.0
4537 347.0
4538 347.0
4539 347.0
4540 347.0
4541 347.0
4542 347.0
4553 352.0
4554 352.0
4555 352.0
4556 352.0
4557 352.0
4558 352.0
4559 352.0
4560 352.0
4561 352.0
4562 352.0
4573 353.0
4574 346.0
4575 346.0
4576 346.0
4577 346.0
4578 346.0
4579 346.0
4580 346.0
4581 346.0
4582 346.0
4583 346.0
4584 346.0
4595 332.0
4596 332.0
4597 332.0
4598 332.0
4599 332.0
4600 332.0
4601 332.0
4602 332.0
4603 332.0
4604 332.0
4615 349.0
4616 349.0
4617 349.0
4618 349.0
4619 349.0
4620 349.0
4621 349.0
4622 349.0
4623 349.0
4624 349.0
4635 343.0
4636 342.0
4637 342.0
4638 342.0
4639 342.0
4640 342.0
4641 342.0
4642 342.0
4643 342.0
4644 340.0
4645 340.0
4646 340.0
4647 340.0
4648 340.0
4649 340.0
4650 340.0
4651 340.0
4652 340.0
4653 340.0
4654 340.0
4665 344.0
4666 344.0
4667 344.0
4668 344.0
4669 344.0
4670 344.0
4671 342.0
4672 342.0
4673 342.0
4674 342.0
4675 342.0
4676 342.0
4677 342.0
4678 342.0
4679 342.0
4680 342.0
4681 342.0
4692 346.0
4693 346.0
4694 343.0
4695 343.0
4696 343.0
4697 332.0
4698 332.0
4699 332.0
4700 332.0
4701 332.0
4702 332.0
4703 332.0
4704 332.0
4705 332.0
4706 332.0
4707 332.0
4718 346.0
4719 346.0
4720 344.0
4721 344.0
4722 344.0
4723 344.0
4724 344.0
4725 344.0
4726 344.0
4727 344.0
4728 344.0
4729 344.0
4730 344.0
4741 338.0
4742 338.0
4743 338.0
4744 338.0
4745 338.0
4746 338.0
4747 338.0
4748 338.0
4749 338.0
4750 338.0
4761 348.0
4762 348.0
4763 348.0
4764 348.0
4765 348.0
4766 348.0
4767 348.0
4768 348.0
4769 348.0
4770 348.0
4781 350.0
4782 350.0
4783 350.0
4784 350.0
4785 348.0
4786 348.0
4787 348.0
4788 348.0
4789 348.0
4790 348.0
4791 346.0
4792 346.0
4793 346.0
4794 346.0
4795 346.0
4796 346.0
4797 346.0
4798 346.0
4799 346.0
4800 346.0
4801 346.0
4812 334.0
4813 334.0
4814 334.0
4815 331.0
4816 331.0
4817 331.0
4818 331.0
4819 331.0
4820 331.0
4821 331.0
4822 331.0
4823 331.0
4824 331.0
4825 331.0
4836 345.0
4837 345.0
4838 345.0
4839 345.0
4840 345.0
4841 345.0
4842 344.0
4843 329.0
4844 329.0
4845 329.0
4846 329.0
4847 329.0
4848 329.0
4849 329.0
4850 329.0
4851 329.0
4852 329.0
4853 329.0
4864 347.0
4865 347.0
4866 347.0
4867 341.0
4868 341.0
4869 341.0
4870 341.0
4871 341.0
4872 341.0
4873 341.0
4874 341.0
4875 341.0
4876 341.0
4877 341.0
4888 345.0
4889 345.0
4890 345.0
4891 345.0
4892 345.0
4893 345.0
4894 329.0
4895 329.0
4896 329.0
4897 329.0
4898 329.0
4899 329.0
4900 329.0
4901 329.0
4902 329.0
4903 329.0
4904 329.0
4915 347.0
4916 347.0
4917 347.0
4918 347.0
4919 347.0
4920 341.0
4921 341.0
4922 339.0
4923 339.0
4924 339.0
4925 339.0
4926 339.0
4927 339.0
4928 339.0
4929 339.0
4930 339.0
4931 339.0
4932 339.0
4943 346.0
4944 346.0
4945 346.0
4946 346.0
4947 346.0
4948 346.0
4949 346.0
4950 346.0
4951 346.0
4952 346.0
4963 339.0
4964 339.0
4965 339.0
4966 339.0
4967 339.0
4968 339.0
4969 339.0
4970 339.0
4971 339.0
4972 339.0
4983 329.0
4984 329.0
4985 329.0
4986 329.0
4987 329.0
4988 329.0
4989 329.0
4990 329.0
4991 329.0
4992 329.0
