0 13074.0
1 12134.0
2 11982.0
3 11832.0
4 11231.0
5 11090.0
6 10951.0
7 10951.0
8 10951.0
9 10516.0
10 10516.0
11 10516.0
12 10230.0
13 10230.0
14 10230.0
15 9947.0
16 9947.0
17 9807.0
18 9530.0
19 9530.0
20 9530.0
21 9530.0
22 9398.0
23 9398.0
24 9398.0
25 9398.0
26 9262.0
27 9129.0
28 9129.0
29 9129.0
30 8995.0
31 8475.0
32 8475.0
33 8475.0
34 8475.0
35 8475.0
36 8346.0
37 8346.0
38 8346.0
39 8346.0
40 8346.0
41 8346.0
42 8346.0
43 8346.0
44 7968.0
45 7968.0
46 7968.0
47 7968.0
48 7968.0
49 7968.0
50 7960.0
51 7844.0
52 7844.0
53 7598.0
54 7598.0
55 7598.0
56 7598.0
57 7598.0
58 7477.0
59 7356.0
60 7236.0
61 7118.0
62 7003.0
63 6886.0
64 6878.0
65 6771.0
66 6771.0
67 6771.0
68 6771.0
69 6771.0
70 6771.0
71 6656.0
72 6656.0
73 6656.0
74 6555.0
75 6555.0
76 6552.0
77 6552.0
78 6552.0
79 6552.0
80 6552.0
81 6552.0
82 6552.0
83 6552.0
84 6552.0
85 6552.0
86 6440.0
87 6111.0
88 6111.0
89 6111.0
90 6062.0
91 6062.0
92 5850.0
93 5850.0
94 5850.0
95 5850.0
96 5850.0
97 5850.0
98 5850.0
99 5850.0
100 5643.0
101 5643.0
102 5643.0
103 5643.0
104 5643.0
105 5643.0
106 5643.0
107 5643.0
108 5643.0
109 5643.0
110 5540.0
111 5441.0
112 5441.0
113 5441.0
114 5412.0
115 5316.0
116 5316.0
117 5017.0
118 5017.0
119 5017.0
120 5017.0
121 5017.0
122 5017.0
123 5017.0
124 4919.0
125 4823.0
126 4733.0
127 4733.0
128 4733.0
129 4733.0
130 4733.0
131 4550.0
132 4550.0
133 4550.0
134 4550.0
135 4550.0
136 4550.0
137 4550.0
138 4550.0
139 4550.0
140 3555.0
141 3497.0
142 3497.0
143 3458.0
144 3458.0
145 3458.0
146 3456.0
147 3304.0
148 3304.0
149 3304.0
150 3304.0
151 3304.0
152 3304.0
153 3184.0
154 2029.0
155 2028.0
156 2028.0
157 2012.0
158 2012.0
159 2012.0
160 1942.0
161 1942.0
162 1942.0
163 1942.0
164 1942.0
165 1942.0
166 1942.0
167 1942.0
168 1942.0
169 1942.0
170 1291.0
171 1291.0
172 1175.0
173 1175.0
174 1175.0
175 1175.0
176 1141.0
177 1141.0
178 1003.0
179 912.0
180 912.0
181 864.0
182 864.0
183 864.0
184 864.0
185 851.0
186 851.0
187 851.0
188 776.0
189 776.0
190 773.0
191 773.0
192 753.0
193 753.0
194 753.0
195 744.0
196 744.0
197 731.0
198 731.0
199 731.0
200 684.0
201 684.0
202 684.0
203 684.0
204 684.0
205 666.0
206 666.0
207 666.0
208 666.0
209 658.0
210 658.0
211 658.0
212 642.0
213 642.0
214 642.0
215 636.0
216 636.0
217 636.0
218 602.0
219 602.0
220 602.0
221 602.0
222 580.0
223 580.0
224 580.0
225 580.0
226 580.0
227 580.0
228 580.0
229 580.0
230 580.0
231 580.0
232 580.0
233 580.0
234 580.0
235 580.0
236 580.0
237 580.0
238 580.0
239 580.0
240 580.0
241 580.0
242 580.0
243 567.0
244 567.0
245 567.0
246 567.0
247 567.0
248 567.0
249 567.0
250 567.0
251 567.0
252 567.0
253 567.0
254 567.0
255 567.0
256 567.0
257 567.0
258 567.0
259 567.0
260 567.0
261 567.0
262 567.0
263 567.0
264 567.0
265 567.0
266 567.0
267 567.0
268 567.0
269 567.0
270 567.0
271 567.0
272 567.0
273 567.0
274 567.0
275 567.0
276 567.0
277 567.0
278 567.0
279 567.0
280 559.0
281 557.0
282 557.0
283 557.0
284 557.0
285 557.0
286 557.0
287 557.0
288 557.0
289 557.0
290 557.0
291 553.0
292 553.0
293 551.0
294 551.0
295 551.0
296 551.0
297 551.0
298 551.0
299 513.0
300 513.0
301 513.0
302 513.0
303 513.0
304 513.0
305 513.0
306 513.0
307 513.0
308 513.0
309 513.0
310 513.0
311 509.0
312 475.0
313 471.0
314 471.0
315 471.0
316 467.0
317 467.0
318 467.0
319 467.0
320 457.0
321 457.0
322 457.0
323 457.0
324 457.0
325 457.0
326 457.0
327 457.0
328 457.0
329 457.0
330 457.0
331 457.0
332 457.0
333 457.0
334 457.0
335 457.0
336 457.0
337 457.0
338 457.0
339 457.0
340 457.0
341 457.0
342 457.0
343 457.0
344 457.0
345 457.0
346 457.0
347 457.0
348 457.0
349 457.0
350 457.0
351 457.0
352 457.0
353 457.0
354 457.0
355 457.0
356 457.0
357 457.0
358 457.0
359 457.0
360 457.0
361 457.0
362 446.0
363 446.0
364 446.0
365 446.0
366 446.0
367 446.0
368 446.0
369 446.0
370 446.0
371 446.0
372 446.0
373 446.0
374 446.0
375 446.0
376 446.0
377 446.0
378 446.0
379 446.0
380 446.0
381 446.0
382 446.0
383 446.0
384 446.0
385 446.0
386 446.0
387 446.0
388 446.0
389 446.0
390 446.0
391 446.0
392 446.0
393 446.0
394 446.0
395 430.0
396 430.0
397 430.0
398 430.0
399 430.0
400 430.0
401 430.0
402 428.0
403 428.0
404 428.0
405 428.0
406 428.0
407 428.0
408 428.0
409 428.0
410 428.0
411 428.0
412 428.0
413 428.0
414 428.0
415 428.0
416 428.0
417 428.0
418 428.0
419 428.0
420 428.0
421 428.0
422 428.0
423 428.0
424 428.0
425 428.0
426 428.0
427 428.0
428 428.0
429 428.0
430 428.0
431 428.0
432 428.0
433 428.0
434 428.0
435 428.0
436 428.0
437 428.0
438 428.0
439 428.0
440 428.0
441 428.0
442 428.0
443 428.0
444 428.0
445 428.0
446 428.0
447 428.0
448 428.0
449 428.0
450 428.0
451 428.0
452 428.0
453 428.0
454 428.0
455 428.0
456 428.0
457 428.0
458 428.0
459 428.0
460 428.0
461 428.0
462 428.0
463 428.0
464 428.0
465 428.0
466 428.0
467 428.0
468 428.0
469 428.0
470 428.0
471 428.0
472 428.0
473 428.0
474 428.0
475 427.0
476 427.0
477 427.0
478 427.0
479 427.0
480 427.0
481 427.0
482 427.0
483 427.0
484 427.0
485 427.0
486 427.0
487 427.0
488 427.0
489 427.0
490 427.0
491 427.0
492 427.0
493 427.0
494 427.0
495 427.0
496 427.0
497 427.0
498 427.0
499 427.0
500 427.0
501 415.0
502 411.0
503 411.0
504 411.0
505 411.0
506 407.0
507 407.0
508 407.0
509 407.0
510 407.0
511 407.0
512 407.0
513 407.0
514 407.0
515 407.0
516 407.0
517 407.0
518 401.0
519 401.0
520 401.0
521 399.0
522 399.0
523 399.0
524 399.0
525 399.0
526 399.0
527 399.0
528 399.0
529 399.0
530 399.0
531 399.0
532 399.0
533 399.0
534 399.0
535 399.0
536 399.0
537 399.0
538 399.0
539 399.0
540 399.0
541 399.0
542 399.0
543 399.0
544 399.0
545 399.0
546 399.0
547 399.0
548 399.0
549 399.0
550 399.0
551 399.0
552 399.0
553 399.0
554 399.0
555 399.0
556 399.0
557 399.0
558 399.0
559 399.0
560 399.0
561 399.0
562 399.0
563 397.0
564 397.0
565 397.0
566 397.0
567 397.0
568 397.0
569 397.0
570 397.0
571 397.0
572 393.0
573 372.0
574 371.0
575 371.0
576 371.0
577 349.0
578 349.0
579 349.0
580 349.0
581 349.0
582 349.0
583 349.0
584 349.0
585 349.0
586 349.0
587 349.0
588 349.0
589 349.0
590 349.0
591 349.0
592 349.0
593 349.0
594 349.0
595 349.0
596 349.0
597 349.0
598 349.0
599 349.0
600 349.0
601 349.0
602 349.0
603 349.0
604 349.0
605 349.0
606 349.0
607 349.0
608 349.0
609 349.0
610 349.0
611 349.0
612 349.0
613 349.0
614 349.0
615 349.0
616 349.0
617 349.0
618 349.0
619 349.0
620 349.0
621 349.0
622 349.0
623 349.0
624 349.0
625 349.0
626 349.0
627 349.0
628 349.0
629 349.0
630 349.0
631 349.0
632 349.0
633 349.0
634 349.0
635 349.0
636 349.0
637 347.0
638 347.0
639 347.0
640 345.0
641 345.0
642 333.0
643 333.0
644 333.0
645 333.0
646 333.0
647 333.0
648 333.0
649 333.0
650 333.0
651 333.0
652 333.0
653 333.0
654 333.0
655 333.0
656 333.0
657 333.0
658 333.0
659 333.0
660 333.0
661 333.0
662 333.0
663 333.0
664 333.0
665 333.0
666 333.0
667 333.0
668 333.0
669 333.0
670 333.0
671 333.0
672 333.0
673 333.0
674 333.0
675 333.0
676 333.0
677 333.0
678 333.0
679 333.0
680 333.0
681 333.0
682 333.0
683 333.0
684 333.0
685 333.0
686 333.0
687 333.0
688 333.0
689 333.0
690 333.0
691 333.0
692 333.0
693 333.0
694 333.0
695 333.0
696 333.0
697 333.0
698 333.0
699 333.0
700 333.0
701 333.0
702 333.0
703 333.0
704 333.0
705 333.0
706 333.0
707 333.0
708 333.0
709 333.0
710 333.0
711 333.0
712 333.0
713 333.0
714 333.0
715 333.0
716 333.0
717 333.0
718 333.0
719 333.0
720 333.0
721 333.0
722 333.0
723 333.0
724 333.0
725 333.0
726 333.0
727 333.0
728 333.0
729 333.0
730 333.0
731 333.0
732 333.0
733 333.0
734 333.0
735 333.0
736 333.0
737 333.0
738 333.0
739 333.0
740 333.0
741 333.0
742 333.0
743 333.0
744 333.0
745 333.0
746 333.0
747 333.0
748 333.0
749 333.0
750 333.0
751 333.0
752 333.0
753 333.0
754 333.0
755 333.0
756 333.0
757 333.0
758 333.0
759 333.0
760 333.0
761 333.0
762 333.0
763 333.0
764 333.0
765 333.0
766 333.0
767 333.0
768 333.0
769 333.0
770 333.0
771 333.0
772 333.0
773 333.0
774 333.0
775 333.0
776 333.0
777 333.0
778 333.0
779 333.0
780 333.0
781 333.0
782 333.0
783 333.0
784 333.0
785 333.0
786 333.0
787 333.0
788 333.0
789 333.0
790 333.0
791 333.0
792 333.0
793 333.0
794 333.0
795 333.0
796 333.0
797 333.0
798 333.0
799 333.0
800 333.0
801 333.0
802 333.0
803 333.0
804 333.0
805 333.0
806 333.0
807 333.0
808 333.0
809 333.0
810 333.0
811 333.0
812 333.0
813 333.0
814 333.0
815 333.0
816 333.0
817 333.0
818 333.0
819 333.0
820 333.0
821 333.0
822 333.0
823 333.0
824 333.0
825 333.0
826 333.0
827 333.0
828 333.0
829 333.0
830 333.0
831 333.0
832 333.0
833 333.0
834 333.0
835 333.0
836 333.0
837 333.0
838 333.0
839 333.0
840 333.0
841 330.0
842 330.0
843 330.0
844 330.0
845 330.0
846 330.0
847 330.0
848 330.0
849 330.0
850 330.0
851 330.0
852 330.0
853 330.0
854 330.0
855 330.0
856 330.0
857 330.0
858 330.0
859 330.0
860 330.0
861 330.0
862 330.0
863 330.0
864 330.0
865 330.0
866 330.0
867 330.0
868 330.0
869 326.0
870 326.0
871 326.0
872 326.0
873 326.0
874 326.0
875 326.0
876 326.0
877 326.0
878 326.0
879 326.0
880 326.0
881 326.0
882 326.0
883 326.0
884 326.0
885 326.0
886 326.0
887 326.0
888 326.0
889 326.0
890 326.0
891 326.0
892 326.0
893 326.0
894 326.0
895 326.0
896 326.0
897 326.0
898 326.0
899 326.0
900 326.0
901 326.0
902 326.0
903 326.0
904 326.0
905 326.0
906 326.0
907 326.0
908 326.0
909 326.0
910 326.0
911 326.0
912 326.0
913 326.0
914 326.0
915 326.0
916 326.0
917 326.0
918 326.0
919 326.0
920 326.0
921 326.0
922 326.0
923 326.0
924 326.0
925 326.0
926 326.0
927 326.0
928 326.0
929 326.0
930 326.0
931 326.0
932 326.0
933 326.0
934 326.0
935 326.0
936 326.0
937 326.0
938 326.0
939 326.0
940 326.0
941 326.0
942 326.0
943 326.0
944 326.0
945 326.0
946 326.0
947 326.0
948 326.0
949 326.0
950 326.0
951 326.0
952 326.0
953 326.0
954 326.0
955 326.0
956 326.0
957 326.0
958 326.0
959 326.0
960 326.0
961 318.0
962 318.0
963 318.0
964 318.0
965 318.0
966 318.0
967 318.0
968 318.0
969 318.0
970 318.0
971 318.0
972 318.0
973 318.0
974 318.0
975 318.0
976 318.0
977 318.0
978 318.0
979 318.0
980 318.0
981 318.0
982 318.0
983 318.0
984 318.0
985 318.0
986 318.0
987 318.0
988 318.0
989 318.0
990 318.0
991 318.0
992 318.0
993 318.0
994 318.0
995 318.0
996 318.0
997 318.0
998 318.0
999 318.0
1000 318.0
1001 318.0
1002 318.0
1003 318.0
1004 318.0
1005 318.0
1006 318.0
1007 318.0
1008 318.0
1009 318.0
1010 318.0
1011 318.0
1012 318.0
1013 318.0
1014 318.0
1015 318.0
1016 318.0
1017 318.0
1018 318.0
1019 318.0
1020 318.0
1021 318.0
1022 318.0
1023 318.0
1024 318.0
1025 318.0
1026 318.0
1027 318.0
1028 318.0
1029 318.0
1030 318.0
1031 318.0
1032 318.0
1033 318.0
1034 318.0
1035 318.0
1036 318.0
1037 318.0
1038 318.0
1039 318.0
1040 318.0
1041 318.0
1042 318.0
1043 318.0
1044 318.0
1045 318.0
1046 318.0
1047 318.0
1048 318.0
1049 318.0
1050 318.0
1051 318.0
1052 318.0
1053 318.0
1054 318.0
1055 318.0
1056 318.0
1057 318.0
1058 318.0
1059 318.0
1060 318.0
1061 318.0
1062 318.0
1063 318.0
1064 318.0
1065 318.0
1066 318.0
1067 318.0
1068 318.0
1069 318.0
1070 318.0
1071 318.0
1072 318.0
1073 318.0
1074 318.0
1075 318.0
1076 318.0
1077 318.0
1078 318.0
1079 318.0
1080 318.0
1081 318.0
1082 318.0
1083 318.0
1084 318.0
1085 318.0
1086 318.0
1087 318.0
1088 318.0
1089 318.0
1090 318.0
1091 318.0
1092 318.0
1093 318.0
1094 318.0
1095 318.0
1096 318.0
1097 318.0
1098 318.0
1099 318.0
1100 318.0
1101 318.0
1102 318.0
1103 318.0
1104 318.0
1105 318.0
1106 318.0
1107 318.0
1108 318.0
1109 318.0
1110 318.0
1111 318.0
1112 318.0
1113 318.0
1114 318.0
1115 318.0
1116 318.0
1117 318.0
1118 318.0
1119 318.0
1120 318.0
1121 318.0
1122 318.0
1123 318.0
1124 318.0
1125 318.0
1126 309.0
1127 309.0
1128 309.0
1129 309.0
1130 309.0
1131 309.0
1132 309.0
1133 309.0
1134 309.0
1135 309.0
1136 308.0
1137 308.0
1138 308.0
1139 308.0
1140 308.0
1141 308.0
1142 308.0
1143 308.0
1144 308.0
1145 308.0
1146 308.0
1147 308.0
1148 308.0
1149 308.0
1150 308.0
1151 308.0
1152 308.0
1153 308.0
1154 308.0
1155 308.0
1156 308.0
1157 308.0
1158 308.0
1159 308.0
1160 308.0
1161 308.0
1162 308.0
1163 308.0
1164 308.0
1165 308.0
1166 308.0
1167 308.0
1168 308.0
1169 308.0
1170 308.0
1171 308.0
1172 308.0
1173 308.0
1174 308.0
1175 308.0
1176 308.0
1177 308.0
1178 308.0
1179 308.0
1180 308.0
1181 308.0
1182 308.0
1183 308.0
1184 308.0
1185 308.0
1186 308.0
1187 308.0
1188 308.0
1189 308.0
1190 308.0
1191 308.0
1192 308.0
1193 308.0
1194 308.0
1195 308.0
1196 308.0
1197 308.0
1198 308.0
1199 308.0
1200 308.0
1201 308.0
1202 308.0
1203 308.0
1204 308.0
1205 308.0
1206 308.0
1207 308.0
1208 308.0
1209 308.0
1210 308.0
1211 308.0
1212 306.0
1213 306.0
1214 306.0
1215 306.0
1216 306.0
1217 306.0
1218 306.0
1219 306.0
1220 306.0
1221 306.0
1222 306.0
1223 306.0
1224 306.0
1225 306.0
1226 306.0
1227 306.0
1228 306.0
1229 306.0
1230 306.0
1231 306.0
1232 306.0
1233 306.0
1234 306.0
1235 306.0
1236 306.0
1237 306.0
1238 306.0
1239 306.0
1240 306.0
1241 306.0
1242 306.0
1243 306.0
1244 306.0
1245 306.0
1246 306.0
1247 306.0
1248 306.0
1249 306.0
1250 306.0
1251 306.0
1252 306.0
1253 306.0
1254 306.0
1255 306.0
1256 306.0
1257 306.0
1258 306.0
1259 306.0
1260 306.0
1261 306.0
1262 306.0
1263 306.0
1264 306.0
1265 306.0
1266 306.0
1267 306.0
1268 306.0
1269 306.0
1270 306.0
1271 306.0
1272 306.0
1273 306.0
1274 306.0
1275 306.0
1276 306.0
1277 306.0
1278 306.0
1279 306.0
1280 306.0
1281 306.0
1282 306.0
1283 306.0
1284 306.0
1285 306.0
1286 306.0
1287 306.0
1288 306.0
1289 306.0
1290 306.0
1291 306.0
1292 306.0
1293 306.0
1294 306.0
1295 306.0
1296 306.0
1297 306.0
1298 306.0
1299 306.0
1300 306.0
1301 306.0
1302 306.0
1303 306.0
1304 306.0
1305 306.0
1306 306.0
1307 306.0
1308 306.0
1309 306.0
1310 306.0
1311 306.0
1312 306.0
1313 306.0
1314 306.0
1315 306.0
1316 306.0
1317 306.0
1318 306.0
1319 306.0
1320 306.0
1321 306.0
1322 306.0
1323 306.0
1324 306.0
1325 306.0
1326 306.0
1327 306.0
1328 306.0
1329 306.0
1330 306.0
1331 306.0
1332 306.0
1333 306.0
1334 306.0
1335 306.0
1336 306.0
1337 306.0
1338 306.0
1339 306.0
1340 306.0
1341 306.0
1342 306.0
1343 306.0
1344 306.0
1345 306.0
1346 306.0
1347 306.0
1348 306.0
1349 306.0
1350 306.0
1351 306.0
1352 306.0
1353 306.0
1354 306.0
1355 306.0
1356 306.0
1357 306.0
1358 306.0
1359 306.0
1360 306.0
1361 306.0
1362 306.0
1363 306.0
1364 306.0
1365 306.0
1366 306.0
1367 306.0
1368 306.0
1369 306.0
1370 306.0
1371 306.0
1372 306.0
1373 306.0
1374 306.0
1375 306.0
1376 306.0
1377 306.0
1378 306.0
1379 306.0
1380 306.0
1381 306.0
1382 306.0
1383 306.0
1384 306.0
1385 306.0
1386 306.0
1387 306.0
1388 306.0
1389 306.0
1390 306.0
1391 306.0
1392 306.0
1393 306.0
1394 306.0
1395 306.0
1396 306.0
1397 306.0
1398 306.0
1399 306.0
1400 306.0
1401 306.0
1402 306.0
1403 306.0
1404 306.0
1405 306.0
1406 306.0
1407 306.0
1408 306.0
1409 306.0
1410 306.0
1411 306.0
1412 306.0
1413 306.0
1414 306.0
1415 306.0
1416 306.0
1417 306.0
1418 306.0
1419 306.0
1420 306.0
1421 306.0
1422 306.0
1423 306.0
1424 306.0
1425 306.0
1426 306.0
1427 306.0
1428 306.0
1429 306.0
1430 306.0
1431 306.0
1432 306.0
1433 306.0
1434 306.0
1435 306.0
1436 306.0
1437 306.0
1438 306.0
1439 306.0
1440 306.0
1441 306.0
1442 306.0
1443 306.0
1444 306.0
1445 306.0
1446 306.0
1447 306.0
1448 306.0
1449 306.0
1450 306.0
1451 306.0
1452 306.0
1453 306.0
1454 306.0
1455 306.0
1456 306.0
1457 306.0
1458 306.0
1459 306.0
1460 306.0
1461 306.0
1462 306.0
1463 306.0
1464 306.0
1465 306.0
1466 306.0
1467 306.0
1468 306.0
1469 306.0
1470 306.0
1471 306.0
1472 306.0
1473 306.0
1474 306.0
1475 306.0
1476 306.0
1477 306.0
1478 306.0
1479 306.0
1480 306.0
1481 306.0
1482 306.0
1483 306.0
1484 306.0
1485 306.0
1486 306.0
1487 306.0
1488 306.0
1489 306.0
1490 306.0
1491 306.0
1492 306.0
1493 306.0
1494 306.0
1495 306.0
1496 306.0
1497 306.0
1498 306.0
1499 306.0
1500 306.0
1501 306.0
1502 306.0
1503 306.0
1504 306.0
1505 306.0
1506 306.0
1507 306.0
1508 306.0
1509 306.0
1510 306.0
1511 306.0
1512 306.0
1513 306.0
1514 306.0
1515 306.0
1516 306.0
1517 306.0
1518 306.0
1519 306.0
1520 306.0
1521 306.0
1522 306.0
1523 306.0
1524 306.0
1525 306.0
1526 306.0
1527 306.0
1528 306.0
1529 306.0
1530 306.0
1531 306.0
1532 306.0
1533 306.0
1534 306.0
1535 306.0
1536 306.0
1537 306.0
1538 306.0
1539 306.0
1540 306.0
1541 306.0
1542 306.0
1543 306.0
1544 306.0
1545 306.0
1546 306.0
1547 306.0
1548 306.0
1549 306.0
1550 306.0
1551 306.0
1552 306.0
1553 306.0
1554 306.0
1555 306.0
1556 306.0
1557 306.0
1558 306.0
1559 306.0
1560 306.0
1561 306.0
1562 306.0
1563 306.0
1564 306.0
1565 306.0
1566 306.0
1567 306.0
1568 306.0
1569 306.0
1570 306.0
1571 306.0
1572 306.0
1573 306.0
1574 306.0
1575 306.0
1576 306.0
1577 306.0
1578 306.0
1579 306.0
1580 306.0
1581 306.0
1582 306.0
1583 306.0
1584 306.0
1585 306.0
1586 306.0
1587 306.0
1588 306.0
1589 306.0
1590 306.0
1591 306.0
1592 306.0
1593 306.0
1594 306.0
1595 306.0
1596 306.0
1597 306.0
1598 306.0
1599 306.0
1600 306.0
1601 306.0
1602 306.0
1603 306.0
1604 306.0
1605 306.0
1606 306.0
1607 306.0
1608 306.0
1609 306.0
1610 306.0
1611 306.0
1612 306.0
1613 306.0
1614 306.0
1615 306.0
1616 306.0
1617 306.0
1618 306.0
1619 306.0
1620 306.0
1621 306.0
1622 306.0
1623 306.0
1624 306.0
1625 306.0
1626 306.0
1627 306.0
1628 306.0
1629 306.0
1630 306.0
1631 306.0
1632 306.0
1633 306.0
1634 306.0
1635 306.0
1636 306.0
1637 306.0
1638 306.0
1639 306.0
1640 306.0
1641 306.0
1642 306.0
1643 306.0
1644 306.0
1645 306.0
1646 306.0
1647 306.0
1648 306.0
1649 306.0
1650 306.0
1651 306.0
1652 306.0
1653 306.0
1654 306.0
1655 306.0
1656 306.0
1657 306.0
1658 306.0
1659 306.0
1660 306.0
1661 306.0
1662 306.0
1663 306.0
1664 306.0
1665 306.0
1666 306.0
1667 306.0
1668 306.0
1669 306.0
1670 306.0
1671 306.0
1672 306.0
1673 306.0
1674 306.0
1675 306.0
1676 306.0
1677 306.0
1678 306.0
1679 306.0
1680 306.0
1681 306.0
1682 306.0
1683 306.0
1684 306.0
1685 306.0
1686 306.0
1687 306.0
1688 306.0
1689 306.0
1690 306.0
1691 306.0
1692 306.0
1693 306.0
1694 306.0
1695 306.0
1696 306.0
1697 306.0
1698 306.0
1699 306.0
1700 306.0
1701 306.0
1702 306.0
1703 306.0
1704 306.0
1705 306.0
1706 306.0
1707 306.0
1708 306.0
1709 306.0
1710 306.0
1711 306.0
1712 306.0
1713 306.0
1714 306.0
1715 306.0
1716 306.0
1717 306.0
1718 306.0
1719 306.0
1720 306.0
1721 306.0
1722 306.0
1723 306.0
1724 306.0
1725 306.0
1726 306.0
1727 306.0
1728 306.0
1729 306.0
1730 306.0
1731 306.0
1732 306.0
1733 306.0
1734 306.0
1735 306.0
1736 306.0
1737 306.0
1738 306.0
1739 306.0
1740 306.0
1741 306.0
1742 306.0
1743 306.0
1744 306.0
1745 306.0
1746 306.0
1747 306.0
1748 306.0
1749 306.0
1750 306.0
1751 306.0
1752 306.0
1753 306.0
1754 306.0
1755 306.0
1756 306.0
1757 306.0
1758 306.0
1759 306.0
1760 306.0
1761 306.0
1762 306.0
1763 306.0
1764 306.0
1765 306.0
1766 306.0
1767 306.0
1768 306.0
1769 306.0
1770 306.0
1771 306.0
1772 306.0
1773 306.0
1774 306.0
1775 306.0
1776 306.0
1777 306.0
1778 306.0
1779 306.0
1780 306.0
1781 306.0
1782 306.0
1783 306.0
1784 306.0
1785 306.0
1786 306.0
1787 306.0
1788 306.0
1789 306.0
1790 306.0
1791 306.0
1792 306.0
1793 306.0
1794 306.0
1795 306.0
1796 306.0
1797 306.0
1798 306.0
1799 306.0
1800 306.0
1801 306.0
1802 306.0
1803 306.0
1804 306.0
1805 306.0
1806 306.0
1807 306.0
1808 306.0
1809 306.0
1810 306.0
1811 306.0
1812 306.0
1813 306.0
1814 306.0
1815 306.0
1816 306.0
1817 306.0
1818 306.0
1819 306.0
1820 306.0
1821 306.0
1822 306.0
1823 306.0
1824 306.0
1825 306.0
1826 306.0
1827 306.0
1828 306.0
1829 306.0
1830 306.0
1831 306.0
1832 306.0
1833 306.0
1834 306.0
1835 306.0
1836 306.0
1837 306.0
1838 306.0
1839 306.0
1840 306.0
1841 306.0
1842 306.0
1843 306.0
1844 306.0
1845 306.0
1846 306.0
1847 306.0
1848 306.0
1849 306.0
1850 306.0
1851 306.0
1852 306.0
1853 306.0
1854 306.0
1855 306.0
1856 306.0
1857 306.0
1858 306.0
1859 306.0
1860 306.0
1861 306.0
1862 306.0
1863 306.0
1864 306.0
1865 306.0
1866 306.0
1867 306.0
1868 306.0
1869 306.0
1870 306.0
1871 306.0
1872 306.0
1873 306.0
1874 306.0
1875 306.0
1876 306.0
1877 306.0
1878 306.0
1879 306.0
1880 306.0
1881 306.0
1882 306.0
1883 306.0
1884 306.0
1885 306.0
1886 306.0
1887 306.0
1888 306.0
1889 306.0
1890 306.0
1891 306.0
1892 306.0
1893 306.0
1894 306.0
1895 306.0
1896 306.0
1897 306.0
1898 306.0
1899 306.0
1900 306.0
1901 306.0
1902 306.0
1903 306.0
1904 306.0
1905 306.0
1906 306.0
1907 306.0
1908 306.0
1909 306.0
1910 306.0
1911 306.0
1912 306.0
1913 306.0
1914 306.0
1915 306.0
1916 306.0
1917 306.0
1918 306.0
1919 306.0
1920 306.0
1921 306.0
1922 306.0
1923 306.0
1924 306.0
1925 306.0
1926 306.0
1927 306.0
1928 306.0
1929 306.0
1930 306.0
1931 306.0
1932 306.0
1933 306.0
1934 306.0
1935 306.0
1936 306.0
1937 306.0
1938 306.0
1939 306.0
1940 306.0
1941 306.0
1942 306.0
1943 306.0
1944 306.0
1945 306.0
1946 306.0
1947 306.0
1948 306.0
1949 306.0
1950 306.0
1951 306.0
1952 306.0
1953 306.0
1954 306.0
1955 306.0
1956 306.0
1957 306.0
1958 306.0
1959 306.0
1960 306.0
1961 306.0
1962 306.0
1963 306.0
1964 306.0
1965 306.0
1966 306.0
1967 306.0
1968 306.0
1969 306.0
1970 306.0
1971 306.0
1972 306.0
1973 306.0
1974 306.0
1975 306.0
1976 306.0
1977 306.0
1978 306.0
1979 306.0
1980 306.0
1981 306.0
1982 306.0
1983 306.0
1984 306.0
1985 306.0
1986 306.0
1987 306.0
1988 306.0
1989 306.0
1990 306.0
1991 306.0
1992 306.0
1993 306.0
1994 306.0
1995 306.0
1996 306.0
1997 306.0
1998 306.0
1999 306.0
2000 306.0
2001 306.0
2002 306.0
2003 306.0
2004 306.0
2005 306.0
2006 306.0
2007 306.0
2008 306.0
2009 306.0
2010 306.0
2011 306.0
2012 306.0
2013 306.0
2014 306.0
2015 306.0
2016 306.0
2017 306.0
2018 306.0
2019 306.0
2020 306.0
2021 306.0
2022 306.0
2023 306.0
2024 306.0
2025 306.0
2026 306.0
2027 306.0
2028 306.0
2029 306.0
2030 306.0
2031 306.0
2032 306.0
2033 306.0
2034 306.0
2035 306.0
2036 306.0
2037 306.0
2038 306.0
2039 306.0
2040 306.0
2041 306.0
2042 306.0
2043 306.0
2044 306.0
2045 306.0
2046 306.0
2047 306.0
2048 306.0
2049 306.0
2050 306.0
2051 306.0
2052 306.0
2053 306.0
2054 306.0
2055 306.0
2056 306.0
2057 306.0
2058 306.0
2059 306.0
2060 306.0
2061 306.0
2062 306.0
2063 306.0
2064 306.0
2065 306.0
2066 306.0
2067 306.0
2068 306.0
2069 306.0
2070 306.0
2071 306.0
2072 306.0
2073 306.0
2074 306.0
2075 306.0
2076 306.0
2077 306.0
2078 306.0
2079 306.0
2080 306.0
2081 306.0
2082 306.0
2083 306.0
2084 306.0
2085 306.0
2086 306.0
2087 306.0
2088 306.0
2089 306.0
2090 306.0
2091 306.0
2092 306.0
2093 306.0
2094 306.0
2095 306.0
2096 306.0
2097 306.0
2098 306.0
2099 306.0
2100 306.0
2101 306.0
2102 306.0
2103 306.0
2104 306.0
2105 306.0
2106 306.0
2107 306.0
2108 306.0
2109 306.0
2110 306.0
2111 306.0
2112 306.0
2113 306.0
2114 306.0
2115 306.0
2116 306.0
2117 306.0
2118 306.0
2119 306.0
2120 306.0
2121 306.0
2122 306.0
2123 306.0
2124 306.0
2125 306.0
2126 306.0
2127 306.0
2128 306.0
2129 306.0
2130 306.0
2131 306.0
2132 306.0
2133 306.0
2134 306.0
2135 306.0
2136 306.0
2137 306.0
2138 306.0
2139 306.0
2140 306.0
2141 306.0
2142 306.0
2143 306.0
2144 306.0
2145 306.0
2146 306.0
2147 306.0
2148 306.0
2149 306.0
2150 306.0
2151 306.0
2152 306.0
2153 306.0
2154 306.0
2155 306.0
2156 306.0
2157 306.0
2158 306.0
2159 306.0
2160 306.0
2161 306.0
2162 306.0
2163 306.0
2164 306.0
2165 306.0
2166 306.0
2167 306.0
2168 306.0
2169 306.0
2170 306.0
2171 306.0
2172 306.0
2173 306.0
2174 306.0
2175 306.0
2176 306.0
2177 306.0
2178 306.0
2179 306.0
2180 306.0
2181 306.0
2182 306.0
2183 306.0
2184 306.0
2185 306.0
2186 306.0
2187 306.0
2188 306.0
2189 306.0
2190 306.0
2191 306.0
2192 306.0
2193 306.0
2194 306.0
2195 306.0
2196 306.0
2197 306.0
2198 306.0
2199 306.0
2200 306.0
2201 306.0
2202 306.0
2203 306.0
2204 306.0
2205 306.0
2206 306.0
2207 306.0
2208 306.0
2209 306.0
2210 306.0
2211 306.0
2212 306.0
2213 306.0
2214 306.0
2215 306.0
2216 306.0
2217 306.0
2218 306.0
2219 306.0
2220 306.0
2221 306.0
2222 306.0
2223 306.0
2224 306.0
2225 306.0
2226 306.0
2227 306.0
2228 306.0
2229 306.0
2230 306.0
2231 306.0
2232 306.0
2233 306.0
2234 306.0
2235 306.0
2236 306.0
2237 306.0
2238 306.0
2239 306.0
2240 306.0
2241 306.0
2242 306.0
2243 306.0
2244 306.0
2245 306.0
2246 306.0
2247 306.0
2248 306.0
2249 306.0
2250 306.0
2251 306.0
2252 306.0
2253 306.0
2254 306.0
2255 306.0
2256 306.0
2257 306.0
2258 306.0
2259 306.0
2260 306.0
2261 306.0
2262 306.0
2263 306.0
2264 306.0
2265 306.0
2266 306.0
2267 306.0
2268 306.0
2269 306.0
2270 306.0
2271 306.0
2272 306.0
2273 306.0
2274 306.0
2275 306.0
2276 306.0
2277 306.0
2278 306.0
2279 306.0
2280 306.0
2281 306.0
2282 306.0
2283 306.0
2284 306.0
2285 306.0
2286 306.0
2287 306.0
2288 306.0
2289 306.0
2290 306.0
2291 306.0
2292 306.0
2293 306.0
2294 306.0
2295 306.0
2296 306.0
2297 306.0
2298 306.0
2299 306.0
2300 306.0
2301 306.0
2302 306.0
2303 306.0
2304 306.0
2305 306.0
2306 306.0
2307 306.0
2308 306.0
2309 306.0
2310 306.0
2311 306.0
2312 306.0
2313 306.0
2314 306.0
2315 306.0
2316 306.0
2317 306.0
2318 306.0
2319 306.0
2320 306.0
2321 306.0
2322 306.0
2323 306.0
2324 306.0
2325 306.0
2326 306.0
2327 306.0
2328 306.0
2329 306.0
2330 306.0
2331 306.0
2332 306.0
2333 306.0
2334 306.0
2335 306.0
2336 306.0
2337 306.0
2338 306.0
2339 306.0
2340 306.0
2341 306.0
2342 306.0
2343 306.0
2344 306.0
2345 306.0
2346 306.0
2347 306.0
2348 306.0
2349 306.0
2350 306.0
2351 306.0
2352 306.0
2353 306.0
2354 306.0
2355 306.0
2356 306.0
2357 306.0
2358 306.0
2359 306.0
2360 306.0
2361 306.0
2362 306.0
2363 306.0
2364 306.0
2365 306.0
2366 306.0
2367 306.0
2368 306.0
2369 306.0
2370 306.0
2371 306.0
2372 306.0
2373 306.0
2374 306.0
2375 306.0
2376 306.0
2377 306.0
2378 306.0
2379 306.0
2380 306.0
2381 306.0
2382 306.0
2383 306.0
2384 306.0
2385 306.0
2386 306.0
2387 306.0
2388 306.0
2389 306.0
2390 306.0
2391 306.0
2392 306.0
2393 306.0
2394 306.0
2395 306.0
2396 306.0
2397 306.0
2398 306.0
2399 306.0
2400 306.0
2401 306.0
2402 306.0
2403 306.0
2404 306.0
2405 306.0
2406 306.0
2407 306.0
2408 306.0
2409 306.0
2410 306.0
2411 306.0
2412 306.0
2413 306.0
2414 306.0
2415 306.0
2416 306.0
2417 306.0
2418 306.0
2419 306.0
2420 306.0
2421 306.0
2422 306.0
2423 306.0
2424 306.0
2425 306.0
2426 306.0
2427 306.0
2428 306.0
2429 306.0
2430 306.0
2431 306.0
2432 306.0
2433 306.0
2434 306.0
2435 306.0
2436 306.0
2437 306.0
2438 306.0
2439 306.0
2440 306.0
2441 306.0
2442 306.0
2443 306.0
2444 306.0
2445 306.0
2446 306.0
2447 306.0
2448 306.0
2449 306.0
2450 306.0
2451 306.0
2452 306.0
2453 306.0
2454 306.0
2455 306.0
2456 306.0
2457 306.0
2458 306.0
2459 306.0
2460 306.0
2461 306.0
2462 306.0
2463 306.0
2464 306.0
2465 306.0
2466 306.0
2467 306.0
2468 306.0
2469 306.0
2470 306.0
2471 306.0
2472 306.0
2473 306.0
2474 306.0
2475 306.0
2476 306.0
2477 306.0
2478 306.0
2479 306.0
2480 306.0
2481 306.0
2482 306.0
2483 306.0
2484 306.0
2485 306.0
2486 306.0
2487 306.0
2488 306.0
2489 306.0
2490 306.0
2491 306.0
2492 306.0
2493 306.0
2494 306.0
2495 306.0
2496 306.0
2497 306.0
2498 306.0
2499 306.0
2500 306.0
2501 306.0
2502 306.0
2503 306.0
2504 306.0
2505 306.0
2506 306.0
2507 306.0
2508 306.0
2509 306.0
2510 306.0
2511 306.0
2512 306.0
2513 306.0
2514 306.0
2515 306.0
2516 306.0
2517 306.0
2518 306.0
2519 306.0
2520 306.0
2521 306.0
2522 306.0
2523 306.0
2524 306.0
2525 306.0
2526 306.0
2527 306.0
2528 306.0
2529 306.0
2530 306.0
2531 306.0
2532 306.0
2533 306.0
2534 306.0
2535 306.0
2536 306.0
2537 306.0
2538 306.0
2539 306.0
2540 306.0
2541 306.0
2542 306.0
2543 306.0
2544 306.0
2545 306.0
2546 306.0
2547 306.0
2548 306.0
2549 306.0
2550 306.0
2551 306.0
2552 306.0
2553 306.0
2554 306.0
2555 306.0
2556 306.0
2557 306.0
2558 306.0
2559 306.0
2560 306.0
2561 306.0
2562 306.0
2563 306.0
2564 306.0
2565 306.0
2566 306.0
2567 306.0
2568 306.0
2569 306.0
2570 306.0
2571 306.0
2572 306.0
2573 306.0
2574 306.0
2575 306.0
2576 306.0
2577 306.0
2578 306.0
2579 306.0
2580 306.0
2581 306.0
2582 306.0
2583 306.0
2584 306.0
2585 306.0
2586 306.0
2587 306.0
2588 306.0
2589 306.0
2590 306.0
2591 306.0
2592 306.0
2593 306.0
2594 306.0
2595 306.0
2596 306.0
2597 306.0
2598 306.0
2599 306.0
2600 306.0
2601 306.0
2602 306.0
2603 306.0
2604 306.0
2605 306.0
2606 306.0
2607 306.0
2608 306.0
2609 306.0
2610 306.0
2611 306.0
2612 306.0
2613 306.0
2614 306.0
2615 306.0
2616 306.0
2617 306.0
2618 306.0
2619 306.0
2620 306.0
2621 306.0
2622 306.0
2623 306.0
2624 306.0
2625 306.0
2626 306.0
2627 306.0
2628 306.0
2629 306.0
2630 306.0
2631 306.0
2632 306.0
2633 306.0
2634 306.0
2635 306.0
2636 306.0
2637 306.0
2638 306.0
2639 306.0
2640 306.0
2641 306.0
2642 306.0
2643 306.0
2644 306.0
2645 306.0
2646 306.0
2647 306.0
2648 306.0
2649 306.0
2650 306.0
2651 306.0
2652 306.0
2653 306.0
2654 306.0
2655 306.0
2656 306.0
2657 306.0
2658 306.0
2659 306.0
2660 306.0
2661 306.0
2662 306.0
2663 306.0
2664 306.0
2665 306.0
2666 306.0
2667 306.0
2668 306.0
2669 306.0
2670 306.0
2671 306.0
2672 306.0
2673 306.0
2674 306.0
2675 306.0
2676 306.0
2677 306.0
2678 306.0
2679 306.0
2680 306.0
2681 306.0
2682 306.0
2683 306.0
2684 306.0
2685 306.0
2686 306.0
2687 306.0
2688 306.0
2689 306.0
2690 306.0
2691 306.0
2692 306.0
2693 306.0
2694 306.0
2695 306.0
2696 306.0
2697 306.0
2698 306.0
2699 306.0
2700 306.0
2701 306.0
2702 306.0
2703 306.0
2704 306.0
2705 306.0
2706 306.0
2707 306.0
2708 306.0
2709 306.0
2710 306.0
2711 306.0
2712 306.0
2713 306.0
2714 306.0
2715 306.0
2716 306.0
2717 306.0
2718 306.0
2719 306.0
2720 306.0
2721 306.0
2722 306.0
2723 306.0
2724 306.0
2725 306.0
2726 306.0
2727 306.0
2728 306.0
2729 306.0
2730 306.0
2731 306.0
2732 306.0
2733 306.0
2734 306.0
2735 306.0
2736 306.0
2737 306.0
2738 306.0
2739 306.0
2740 306.0
2741 306.0
2742 306.0
2743 306.0
2744 306.0
2745 306.0
2746 306.0
2747 306.0
2748 306.0
2749 306.0
2750 306.0
2751 306.0
2752 306.0
2753 306.0
2754 306.0
2755 306.0
2756 306.0
2757 306.0
2758 306.0
2759 306.0
2760 306.0
2761 306.0
2762 306.0
2763 306.0
2764 306.0
2765 306.0
2766 306.0
2767 306.0
2768 306.0
2769 306.0
2770 306.0
2771 306.0
2772 306.0
2773 306.0
2774 306.0
2775 306.0
2776 306.0
2777 306.0
2778 306.0
2779 306.0
2780 306.0
2781 306.0
2782 306.0
2783 306.0
2784 306.0
2785 306.0
2786 306.0
2787 306.0
2788 306.0
2789 306.0
2790 306.0
2791 306.0
2792 306.0
2793 306.0
2794 306.0
2795 306.0
2796 306.0
2797 306.0
2798 306.0
2799 306.0
2800 306.0
2801 306.0
2802 306.0
2803 306.0
2804 306.0
2805 306.0
2806 306.0
2807 306.0
2808 306.0
2809 306.0
2810 306.0
2811 306.0
2812 306.0
2813 306.0
2814 306.0
2815 306.0
2816 306.0
2817 306.0
2818 306.0
2819 306.0
2820 306.0
2821 306.0
2822 306.0
2823 306.0
2824 306.0
2825 306.0
2826 306.0
2827 306.0
2828 306.0
2829 306.0
2830 306.0
2831 306.0
2832 306.0
2833 306.0
2834 306.0
2835 306.0
2836 306.0
2837 306.0
2838 306.0
2839 306.0
2840 306.0
2841 306.0
2842 306.0
2843 306.0
2844 306.0
2845 306.0
2846 306.0
2847 306.0
2848 306.0
2849 306.0
2850 306.0
2851 306.0
2852 306.0
2853 306.0
2854 306.0
2855 306.0
2856 306.0
2857 306.0
2858 306.0
2859 306.0
2860 306.0
2861 306.0
2862 306.0
2863 306.0
2864 306.0
2865 306.0
2866 306.0
2867 306.0
2868 306.0
2869 306.0
2870 306.0
2871 306.0
2872 306.0
2873 306.0
2874 306.0
2875 306.0
2876 306.0
2877 306.0
2878 306.0
2879 306.0
2880 306.0
2881 306.0
2882 306.0
2883 306.0
2884 306.0
2885 306.0
2886 306.0
2887 306.0
2888 306.0
2889 306.0
2890 306.0
2891 306.0
2892 306.0
2893 306.0
2894 306.0
2895 306.0
2896 306.0
2897 306.0
2898 306.0
2899 306.0
2900 306.0
2901 306.0
2902 306.0
2903 306.0
2904 306.0
2905 306.0
2906 306.0
2907 306.0
2908 306.0
2909 306.0
2910 306.0
2911 306.0
2912 306.0
2913 306.0
2914 306.0
2915 306.0
2916 306.0
2917 306.0
2918 306.0
2919 306.0
2920 306.0
2921 306.0
2922 306.0
2923 306.0
2924 306.0
2925 306.0
2926 306.0
2927 306.0
2928 306.0
2929 306.0
2930 306.0
2931 306.0
2932 306.0
2933 306.0
2934 306.0
2935 306.0
2936 306.0
2937 306.0
2938 306.0
2939 306.0
2940 306.0
2941 306.0
2942 306.0
2943 306.0
2944 306.0
2945 306.0
2946 306.0
2947 306.0
2948 306.0
2949 306.0
2950 306.0
2951 306.0
2952 306.0
2953 306.0
2954 306.0
2955 306.0
2956 306.0
2957 306.0
2958 306.0
2959 306.0
2960 306.0
2961 306.0
2962 306.0
2963 306.0
2964 306.0
2965 306.0
2966 306.0
2967 306.0
2968 306.0
2969 306.0
2970 306.0
2971 306.0
2972 306.0
2973 306.0
2974 306.0
2975 306.0
2976 306.0
2977 306.0
2978 306.0
2979 306.0
2980 306.0
2981 306.0
2982 306.0
2983 306.0
2984 306.0
2985 306.0
2986 306.0
2987 306.0
2988 306.0
2989 306.0
2990 306.0
2991 306.0
2992 306.0
2993 306.0
2994 306.0
2995 306.0
2996 306.0
2997 306.0
2998 306.0
2999 306.0
3000 306.0
3001 306.0
3002 306.0
3003 306.0
3004 306.0
3005 306.0
3006 306.0
3007 306.0
3008 306.0
3009 306.0
3010 306.0
3011 306.0
3012 306.0
3013 306.0
3014 306.0
3015 306.0
3016 306.0
3017 306.0
3018 306.0
3019 306.0
3020 306.0
3021 306.0
3022 306.0
3023 306.0
3024 306.0
3025 306.0
3026 306.0
3027 306.0
3028 306.0
3029 306.0
3030 306.0
3031 306.0
3032 306.0
3033 306.0
3034 306.0
3035 306.0
3036 306.0
3037 306.0
3038 306.0
3039 306.0
3040 306.0
3041 306.0
3042 306.0
3043 306.0
3044 306.0
3045 306.0
3046 306.0
3047 306.0
3048 306.0
3049 306.0
3050 306.0
3051 306.0
3052 306.0
3053 306.0
3054 306.0
3055 306.0
3056 306.0
3057 306.0
3058 306.0
3059 306.0
3060 306.0
3061 306.0
3062 306.0
3063 306.0
3064 306.0
3065 306.0
3066 306.0
3067 306.0
3068 306.0
3069 306.0
3070 306.0
3071 306.0
3072 306.0
3073 306.0
3074 306.0
3075 306.0
3076 306.0
3077 306.0
3078 306.0
3079 306.0
3080 306.0
3081 306.0
3082 306.0
3083 306.0
3084 306.0
3085 306.0
3086 306.0
3087 306.0
3088 306.0
3089 306.0
3090 306.0
3091 306.0
3092 306.0
3093 306.0
3094 306.0
3095 306.0
3096 306.0
3097 306.0
3098 306.0
3099 306.0
3100 306.0
3101 306.0
3102 306.0
3103 306.0
3104 306.0
3105 306.0
3106 306.0
3107 306.0
3108 306.0
3109 306.0
3110 306.0
3111 306.0
3112 306.0
3113 306.0
3114 306.0
3115 306.0
3116 306.0
3117 306.0
3118 306.0
3119 306.0
3120 306.0
3121 306.0
3122 306.0
3123 306.0
3124 306.0
3125 306.0
3126 306.0
3127 306.0
3128 306.0
3129 306.0
3130 306.0
3131 306.0
3132 306.0
3133 306.0
3134 306.0
3135 306.0
3136 306.0
3137 306.0
3138 306.0
3139 306.0
3140 306.0
3141 306.0
3142 306.0
3143 306.0
3144 306.0
3145 306.0
3146 306.0
3147 306.0
3148 306.0
3149 306.0
3150 306.0
3151 306.0
3152 306.0
3153 306.0
3154 306.0
3155 306.0
3156 306.0
3157 306.0
3158 306.0
3159 306.0
3160 306.0
3161 306.0
3162 306.0
3163 306.0
3164 306.0
3165 306.0
3166 306.0
3167 306.0
3168 306.0
3169 306.0
3170 306.0
3171 306.0
3172 306.0
3173 306.0
3174 306.0
3175 306.0
3176 306.0
3177 306.0
3178 306.0
3179 306.0
3180 306.0
3181 306.0
3182 306.0
3183 306.0
3184 306.0
3185 306.0
3186 306.0
3187 306.0
3188 306.0
3189 306.0
3190 306.0
3191 306.0
3192 306.0
3193 306.0
3194 306.0
3195 306.0
3196 306.0
3197 306.0
3198 306.0
3199 306.0
3200 306.0
3201 306.0
3202 306.0
3203 306.0
3204 306.0
3205 306.0
3206 306.0
3207 306.0
3208 306.0
3209 306.0
3210 306.0
3211 306.0
3212 306.0
3213 306.0
3214 306.0
3215 306.0
3216 306.0
3217 306.0
3218 306.0
3219 306.0
3220 306.0
3221 306.0
3222 306.0
3223 306.0
3224 306.0
3225 306.0
3226 306.0
3227 306.0
3228 306.0
3229 306.0
3230 306.0
3231 306.0
3232 306.0
3233 306.0
3234 306.0
3235 306.0
3236 306.0
3237 306.0
3238 306.0
3239 306.0
3240 306.0
3241 306.0
3242 306.0
3243 306.0
3244 306.0
3245 306.0
3246 306.0
3247 306.0
3248 306.0
3249 306.0
3250 306.0
3251 306.0
3252 306.0
3253 306.0
3254 306.0
3255 306.0
3256 306.0
3257 306.0
3258 306.0
3259 306.0
3260 306.0
3261 306.0
3262 306.0
3263 306.0
3264 306.0
3265 306.0
3266 306.0
3267 306.0
3268 306.0
3269 306.0
3270 306.0
3271 306.0
3272 306.0
3273 306.0
3274 306.0
3275 306.0
3276 306.0
3277 306.0
3278 306.0
3279 306.0
3280 306.0
3281 306.0
3282 306.0
3283 306.0
3284 306.0
3285 306.0
3286 306.0
3287 306.0
3288 306.0
3289 306.0
3290 306.0
3291 306.0
3292 306.0
3293 306.0
3294 306.0
3295 306.0
3296 306.0
3297 306.0
3298 306.0
3299 306.0
3300 306.0
3301 306.0
3302 306.0
3303 306.0
3304 306.0
3305 306.0
3306 306.0
3307 306.0
3308 306.0
3309 306.0
3310 306.0
3311 306.0
3312 306.0
3313 306.0
3314 306.0
3315 306.0
3316 306.0
3317 306.0
3318 306.0
3319 306.0
3320 306.0
3321 306.0
3322 306.0
3323 306.0
3324 306.0
3325 306.0
3326 306.0
3327 306.0
3328 306.0
3329 306.0
3330 306.0
3331 306.0
3332 306.0
3333 306.0
3334 306.0
3335 306.0
3336 306.0
3337 306.0
3338 306.0
3339 306.0
3340 306.0
3341 306.0
3342 306.0
3343 306.0
3344 306.0
3345 306.0
3346 306.0
3347 306.0
3348 306.0
3349 306.0
3350 306.0
3351 306.0
3352 306.0
3353 306.0
3354 306.0
3355 306.0
3356 306.0
3357 306.0
3358 306.0
3359 306.0
3360 306.0
3361 306.0
3362 306.0
3363 306.0
3364 306.0
3365 306.0
3366 306.0
3367 306.0
3368 306.0
3369 306.0
3370 306.0
3371 306.0
3372 306.0
3373 306.0
3374 306.0
3375 306.0
3376 306.0
3377 306.0
3378 306.0
3379 306.0
3380 306.0
3381 306.0
3382 306.0
3383 306.0
3384 306.0
3385 306.0
3386 306.0
3387 306.0
3388 306.0
3389 306.0
3390 306.0
3391 306.0
3392 306.0
3393 306.0
3394 306.0
3395 306.0
3396 306.0
3397 306.0
3398 306.0
3399 306.0
3400 306.0
3401 306.0
3402 306.0
3403 306.0
3404 306.0
3405 306.0
3406 306.0
3407 306.0
3408 306.0
3409 306.0
3410 306.0
3411 306.0
3412 306.0
3413 306.0
3414 306.0
3415 306.0
3416 306.0
3417 306.0
3418 306.0
3419 306.0
3420 306.0
3421 306.0
3422 306.0
3423 306.0
3424 306.0
3425 306.0
3426 306.0
3427 306.0
3428 306.0
3429 306.0
3430 306.0
3431 306.0
3432 306.0
3433 306.0
3434 306.0
3435 306.0
3436 306.0
3437 306.0
3438 306.0
3439 306.0
3440 306.0
3441 306.0
3442 306.0
3443 306.0
3444 306.0
3445 306.0
3446 306.0
3447 306.0
3448 306.0
3449 306.0
3450 306.0
3451 306.0
3452 306.0
3453 306.0
3454 306.0
3455 306.0
3456 306.0
3457 306.0
3458 306.0
3459 306.0
3460 306.0
3461 306.0
3462 306.0
3463 306.0
3464 306.0
3465 306.0
3466 306.0
3467 306.0
3468 306.0
3469 306.0
3470 306.0
3471 306.0
3472 306.0
3473 306.0
3474 306.0
3475 306.0
3476 306.0
3477 306.0
3478 306.0
3479 306.0
3480 306.0
3481 306.0
3482 306.0
3483 306.0
3484 306.0
3485 306.0
3486 306.0
3487 306.0
3488 306.0
3489 306.0
3490 306.0
3491 306.0
3492 306.0
3493 306.0
3494 306.0
3495 306.0
3496 306.0
3497 306.0
3498 306.0
3499 306.0
3500 306.0
3501 306.0
3502 306.0
3503 306.0
3504 306.0
3505 306.0
3506 306.0
3507 306.0
3508 306.0
3509 306.0
3510 306.0
3511 306.0
3512 306.0
3513 306.0
3514 306.0
3515 306.0
3516 306.0
3517 306.0
3518 306.0
3519 306.0
3520 306.0
3521 306.0
3522 306.0
3523 306.0
3524 306.0
3525 306.0
3526 306.0
3527 306.0
3528 306.0
3529 306.0
3530 306.0
3531 306.0
3532 306.0
3533 306.0
3534 306.0
3535 306.0
3536 306.0
3537 306.0
3538 306.0
3539 306.0
3540 306.0
3541 306.0
3542 306.0
3543 306.0
3544 306.0
3545 306.0
3546 306.0
3547 306.0
3548 306.0
3549 306.0
3550 306.0
3551 306.0
3552 306.0
3553 306.0
3554 306.0
3555 306.0
3556 306.0
3557 306.0
3558 306.0
3559 306.0
3560 306.0
3561 306.0
3562 306.0
3563 306.0
3564 306.0
3565 306.0
3566 306.0
3567 306.0
3568 306.0
3569 306.0
3570 306.0
3571 306.0
3572 306.0
3573 306.0
3574 306.0
3575 306.0
3576 306.0
3577 306.0
3578 306.0
3579 306.0
3580 306.0
3581 306.0
3582 306.0
3583 306.0
3584 306.0
3585 306.0
3586 306.0
3587 306.0
3588 306.0
3589 306.0
3590 306.0
3591 306.0
3592 306.0
3593 306.0
3594 306.0
3595 306.0
3596 306.0
3597 306.0
3598 306.0
3599 306.0
3600 306.0
3601 306.0
3602 306.0
3603 306.0
3604 306.0
3605 306.0
3606 306.0
3607 306.0
3608 306.0
3609 306.0
3610 306.0
3611 306.0
3612 306.0
3613 306.0
3614 306.0
3615 306.0
3616 306.0
3617 306.0
3618 306.0
3619 306.0
3620 306.0
3621 306.0
3622 306.0
3623 306.0
3624 306.0
3625 306.0
3626 306.0
3627 306.0
3628 306.0
3629 306.0
3630 306.0
3631 306.0
3632 306.0
3633 306.0
3634 306.0
3635 306.0
3636 306.0
3637 306.0
3638 306.0
3639 306.0
3640 306.0
3641 306.0
3642 306.0
3643 306.0
3644 306.0
3645 306.0
3646 306.0
3647 306.0
3648 306.0
3649 306.0
3650 306.0
3651 306.0
3652 306.0
3653 306.0
3654 306.0
3655 306.0
3656 306.0
3657 306.0
3658 306.0
3659 306.0
3660 306.0
3661 306.0
3662 306.0
3663 306.0
3664 306.0
3665 306.0
3666 306.0
3667 306.0
3668 306.0
3669 306.0
3670 306.0
3671 306.0
3672 306.0
3673 306.0
3674 306.0
3675 306.0
3676 306.0
3677 306.0
3678 306.0
3679 306.0
3680 306.0
3681 306.0
3682 306.0
3683 306.0
3684 306.0
3685 306.0
3686 306.0
3687 306.0
3688 306.0
3689 306.0
3690 306.0
3691 306.0
3692 306.0
3693 306.0
3694 306.0
3695 306.0
3696 306.0
3697 306.0
3698 306.0
3699 306.0
3700 306.0
3701 306.0
3702 306.0
3703 306.0
3704 306.0
3705 306.0
3706 306.0
3707 306.0
3708 306.0
3709 306.0
3710 306.0
3711 306.0
3712 306.0
3713 306.0
3714 306.0
3715 306.0
3716 306.0
3717 306.0
3718 306.0
3719 306.0
3720 306.0
3721 306.0
3722 306.0
3723 306.0
3724 306.0
3725 306.0
3726 306.0
3727 306.0
3728 306.0
3729 306.0
3730 306.0
3731 306.0
3732 306.0
3733 306.0
3734 306.0
3735 306.0
3736 306.0
3737 306.0
3738 306.0
3739 306.0
3740 306.0
3741 306.0
3742 306.0
3743 306.0
3744 306.0
3745 306.0
3746 306.0
3747 306.0
3748 306.0
3749 306.0
3750 306.0
3751 306.0
3752 306.0
3753 306.0
3754 306.0
3755 306.0
3756 306.0
3757 306.0
3758 306.0
3759 306.0
3760 306.0
3761 306.0
3762 306.0
3763 306.0
3764 306.0
3765 306.0
3766 306.0
3767 306.0
3768 306.0
3769 306.0
3770 306.0
3771 306.0
3772 306.0
3773 306.0
3774 306.0
3775 306.0
3776 306.0
3777 306.0
3778 306.0
3779 306.0
3780 306.0
3781 306.0
3782 306.0
3783 306.0
3784 306.0
3785 306.0
3786 306.0
3787 306.0
3788 306.0
3789 306.0
3790 306.0
3791 306.0
3792 306.0
3793 306.0
3794 306.0
3795 306.0
3796 306.0
3797 306.0
3798 306.0
3799 306.0
3800 306.0
3801 306.0
3802 306.0
3803 306.0
3804 306.0
3805 306.0
3806 306.0
3807 306.0
3808 306.0
3809 306.0
3810 306.0
3811 306.0
3812 306.0
3813 306.0
3814 306.0
3815 306.0
3816 306.0
3817 306.0
3818 306.0
3819 306.0
3820 306.0
3821 306.0
3822 306.0
3823 306.0
3824 306.0
3825 306.0
3826 306.0
3827 306.0
3828 306.0
3829 306.0
3830 306.0
3831 306.0
3832 306.0
3833 306.0
3834 306.0
3835 306.0
3836 306.0
3837 306.0
3838 306.0
3839 306.0
3840 306.0
3841 306.0
3842 306.0
3843 306.0
3844 306.0
3845 306.0
3846 306.0
3847 306.0
3848 306.0
3849 306.0
3850 306.0
3851 306.0
3852 306.0
3853 306.0
3854 306.0
3855 306.0
3856 306.0
3857 306.0
3858 306.0
3859 306.0
3860 306.0
3861 306.0
3862 306.0
3863 306.0
3864 306.0
3865 306.0
3866 306.0
3867 306.0
3868 306.0
3869 306.0
3870 306.0
3871 306.0
3872 306.0
3873 306.0
3874 306.0
3875 306.0
3876 306.0
3877 306.0
3878 306.0
3879 306.0
3880 306.0
3881 306.0
3882 306.0
3883 306.0
3884 306.0
3885 306.0
3886 306.0
3887 306.0
3888 306.0
3889 306.0
3890 306.0
3891 306.0
3892 306.0
3893 306.0
3894 306.0
3895 306.0
3896 306.0
3897 306.0
3898 306.0
3899 306.0
3900 306.0
3901 306.0
3902 306.0
3903 306.0
3904 306.0
3905 306.0
3906 306.0
3907 306.0
3908 306.0
3909 306.0
3910 306.0
3911 306.0
3912 306.0
3913 306.0
3914 306.0
3915 306.0
3916 306.0
3917 306.0
3918 306.0
3919 306.0
3920 306.0
3921 306.0
3922 306.0
3923 306.0
3924 306.0
3925 306.0
3926 306.0
3927 306.0
3928 306.0
3929 306.0
3930 306.0
3931 306.0
3932 306.0
3933 306.0
3934 306.0
3935 306.0
3936 306.0
3937 306.0
3938 306.0
3939 306.0
3940 306.0
3941 306.0
3942 306.0
3943 306.0
3944 306.0
3945 306.0
3946 306.0
3947 306.0
3948 306.0
3949 306.0
3950 306.0
3951 306.0
3952 306.0
3953 306.0
3954 306.0
3955 306.0
3956 306.0
3957 306.0
3958 306.0
3959 306.0
3960 306.0
3961 306.0
3962 306.0
3963 306.0
3964 306.0
3965 306.0
3966 306.0
3967 306.0
3968 306.0
3969 306.0
3970 306.0
3971 306.0
3972 306.0
3973 306.0
3974 306.0
3975 306.0
3976 306.0
3977 306.0
3978 306.0
3979 306.0
3980 306.0
3981 306.0
3982 306.0
3983 306.0
3984 306.0
3985 306.0
3986 306.0
3987 306.0
3988 306.0
3989 306.0
3990 306.0
3991 306.0
3992 306.0
3993 306.0
3994 306.0
3995 306.0
3996 306.0
3997 306.0
3998 306.0
3999 306.0
4000 306.0
4001 306.0
4002 306.0
4003 306.0
4004 306.0
4005 306.0
4006 306.0
4007 306.0
4008 306.0
4009 306.0
4010 306.0
4011 306.0
4012 306.0
4013 306.0
4014 306.0
4015 306.0
4016 306.0
4017 306.0
4018 306.0
4019 306.0
4020 306.0
4021 306.0
4022 306.0
4023 306.0
4024 306.0
4025 306.0
4026 306.0
4027 306.0
4028 306.0
4029 306.0
4030 306.0
4031 306.0
4032 306.0
4033 306.0
4034 306.0
4035 306.0
4036 306.0
4037 306.0
4038 306.0
4039 306.0
4040 306.0
4041 306.0
4042 306.0
4043 306.0
4044 306.0
4045 306.0
4046 306.0
4047 306.0
4048 306.0
4049 306.0
4050 306.0
4051 306.0
4052 306.0
4053 306.0
4054 306.0
4055 306.0
4056 306.0
4057 306.0
4058 306.0
4059 306.0
4060 306.0
4061 306.0
4062 306.0
4063 306.0
4064 306.0
4065 306.0
4066 306.0
4067 306.0
4068 306.0
4069 306.0
4070 306.0
4071 306.0
4072 306.0
4073 306.0
4074 306.0
4075 306.0
4076 306.0
4077 306.0
4078 306.0
4079 306.0
4080 306.0
4081 306.0
4082 306.0
4083 306.0
4084 306.0
4085 306.0
4086 306.0
4087 306.0
4088 306.0
4089 306.0
4090 306.0
4091 306.0
4092 306.0
4093 306.0
4094 306.0
4095 306.0
4096 306.0
4097 306.0
4098 306.0
4099 306.0
4100 306.0
4101 306.0
4102 306.0
4103 306.0
4104 306.0
4105 306.0
4106 306.0
4107 306.0
4108 306.0
4109 306.0
4110 306.0
4111 306.0
4112 306.0
4113 306.0
4114 306.0
4115 306.0
4116 306.0
4117 306.0
4118 306.0
4119 306.0
4120 306.0
4121 306.0
4122 306.0
4123 306.0
4124 306.0
4125 306.0
4126 306.0
4127 306.0
4128 306.0
4129 306.0
4130 306.0
4131 306.0
4132 306.0
4133 306.0
4134 306.0
4135 306.0
4136 306.0
4137 306.0
4138 306.0
4139 306.0
4140 306.0
4141 306.0
4142 306.0
4143 306.0
4144 306.0
4145 306.0
4146 306.0
4147 306.0
4148 306.0
4149 306.0
4150 306.0
4151 306.0
4152 306.0
4153 306.0
4154 306.0
4155 306.0
4156 306.0
4157 306.0
4158 306.0
4159 306.0
4160 306.0
4161 306.0
4162 306.0
4163 306.0
4164 306.0
4165 306.0
4166 306.0
4167 306.0
4168 306.0
4169 306.0
4170 306.0
4171 306.0
4172 306.0
4173 306.0
4174 306.0
4175 306.0
4176 306.0
4177 306.0
4178 306.0
4179 306.0
4180 306.0
4181 306.0
4182 306.0
4183 306.0
4184 306.0
4185 306.0
4186 306.0
4187 306.0
4188 306.0
4189 306.0
4190 306.0
4191 306.0
4192 306.0
4193 306.0
4194 306.0
4195 306.0
4196 306.0
4197 306.0
4198 306.0
4199 306.0
4200 306.0
4201 306.0
4202 306.0
4203 306.0
4204 306.0
4205 306.0
4206 306.0
4207 306.0
4208 306.0
4209 306.0
4210 306.0
4211 306.0
4212 306.0
4213 306.0
4214 306.0
4215 306.0
4216 306.0
4217 306.0
4218 306.0
4219 306.0
4220 306.0
4221 306.0
4222 306.0
4223 306.0
4224 306.0
4225 306.0
4226 306.0
4227 306.0
4228 306.0
4229 306.0
4230 306.0
4231 306.0
4232 306.0
4233 306.0
4234 306.0
4235 306.0
4236 306.0
4237 306.0
4238 306.0
4239 306.0
4240 306.0
4241 306.0
4242 306.0
4243 306.0
4244 306.0
4245 306.0
4246 306.0
4247 306.0
4248 306.0
4249 306.0
4250 306.0
4251 306.0
4252 306.0
4253 306.0
4254 306.0
4255 306.0
4256 306.0
4257 306.0
4258 306.0
4259 306.0
4260 306.0
4261 306.0
4262 306.0
4263 306.0
4264 306.0
4265 306.0
4266 306.0
4267 306.0
4268 306.0
4269 306.0
4270 306.0
4271 306.0
4272 306.0
4273 306.0
4274 306.0
4275 306.0
4276 306.0
4277 306.0
4278 306.0
4279 306.0
4280 306.0
4281 306.0
4282 306.0
4283 306.0
4284 306.0
4285 306.0
4286 306.0
4287 306.0
4288 306.0
4289 306.0
4290 306.0
4291 306.0
4292 306.0
4293 306.0
4294 306.0
4295 306.0
4296 306.0
4297 306.0
4298 306.0
4299 306.0
4300 306.0
4301 306.0
4302 306.0
4303 306.0
4304 306.0
4305 306.0
4306 306.0
4307 306.0
4308 306.0
4309 306.0
4310 306.0
4311 306.0
4312 306.0
4313 306.0
4314 306.0
4315 306.0
4316 306.0
4317 306.0
4318 306.0
4319 306.0
4320 306.0
4321 306.0
4322 306.0
4323 306.0
4324 306.0
4325 306.0
4326 306.0
4327 306.0
4328 306.0
4329 306.0
4330 306.0
4331 306.0
4332 306.0
4333 306.0
4334 306.0
4335 306.0
4336 306.0
4337 306.0
4338 306.0
4339 306.0
4340 306.0
4341 306.0
4342 306.0
4343 306.0
4344 306.0
4345 306.0
4346 306.0
4347 306.0
4348 306.0
4349 306.0
4350 306.0
4351 306.0
4352 306.0
4353 306.0
4354 306.0
4355 306.0
4356 306.0
4357 306.0
4358 306.0
4359 306.0
4360 306.0
4361 306.0
4362 306.0
4363 306.0
4364 306.0
4365 306.0
4366 306.0
4367 306.0
4368 306.0
4369 306.0
4370 306.0
4371 306.0
4372 306.0
4373 306.0
4374 306.0
4375 306.0
4376 306.0
4377 306.0
4378 306.0
4379 306.0
4380 306.0
4381 306.0
4382 306.0
4383 306.0
4384 306.0
4385 306.0
4386 306.0
4387 306.0
4388 306.0
4389 306.0
4390 306.0
4391 306.0
4392 306.0
4393 306.0
4394 306.0
4395 306.0
4396 306.0
4397 306.0
4398 306.0
4399 306.0
4400 306.0
4401 306.0
4402 306.0
4403 306.0
4404 306.0
4405 306.0
4406 306.0
4407 306.0
4408 306.0
4409 306.0
4410 306.0
4411 306.0
4412 306.0
4413 306.0
4414 306.0
4415 306.0
4416 306.0
4417 306.0
4418 306.0
4419 306.0
4420 306.0
4421 306.0
4422 306.0
4423 306.0
4424 306.0
4425 306.0
4426 306.0
4427 306.0
4428 306.0
4429 306.0
4430 306.0
4431 306.0
4432 306.0
4433 306.0
4434 306.0
4435 306.0
4436 306.0
4437 306.0
4438 306.0
4439 306.0
4440 306.0
4441 306.0
4442 306.0
4443 306.0
4444 306.0
4445 306.0
4446 306.0
4447 306.0
4448 306.0
4449 306.0
4450 306.0
4451 306.0
4452 306.0
4453 306.0
4454 306.0
4455 306.0
4456 306.0
4457 306.0
4458 306.0
4459 306.0
4460 306.0
4461 306.0
4462 306.0
4463 306.0
4464 306.0
4465 306.0
4466 306.0
4467 306.0
4468 306.0
4469 306.0
4470 306.0
4471 306.0
4472 306.0
4473 306.0
4474 306.0
4475 306.0
4476 306.0
4477 306.0
4478 306.0
4479 306.0
4480 306.0
4481 306.0
4482 306.0
4483 306.0
4484 306.0
4485 306.0
4486 306.0
4487 306.0
4488 306.0
4489 306.0
4490 306.0
4491 306.0
4492 306.0
4493 306.0
4494 306.0
4495 306.0
4496 306.0
4497 306.0
4498 306.0
4499 306.0
4500 306.0
4501 306.0
4502 306.0
4503 306.0
4504 306.0
4505 306.0
4506 306.0
4507 306.0
4508 306.0
4509 306.0
4510 306.0
4511 306.0
4512 306.0
4513 306.0
4514 306.0
4515 306.0
4516 306.0
4517 306.0
4518 306.0
4519 306.0
4520 306.0
4521 306.0
4522 306.0
4523 306.0
4524 306.0
4525 306.0
4526 306.0
4527 306.0
4528 306.0
4529 306.0
4530 306.0
4531 306.0
4532 306.0
4533 306.0
4534 306.0
4535 306.0
4536 306.0
4537 306.0
4538 306.0
4539 306.0
4540 306.0
4541 306.0
4542 306.0
4543 306.0
4544 306.0
4545 306.0
4546 306.0
4547 306.0
4548 306.0
4549 306.0
4550 306.0
4551 306.0
4552 306.0
4553 306.0
4554 306.0
4555 306.0
4556 306.0
4557 306.0
4558 306.0
4559 306.0
4560 306.0
4561 306.0
4562 306.0
4563 306.0
4564 306.0
4565 306.0
4566 306.0
4567 306.0
4568 306.0
4569 306.0
4570 306.0
4571 306.0
4572 306.0
4573 306.0
4574 306.0
4575 306.0
4576 306.0
4577 306.0
4578 306.0
4579 306.0
4580 306.0
4581 306.0
4582 306.0
4583 306.0
4584 306.0
4585 306.0
4586 306.0
4587 306.0
4588 306.0
4589 306.0
4590 306.0
4591 306.0
4592 306.0
4593 306.0
4594 306.0
4595 306.0
4596 306.0
4597 306.0
4598 306.0
4599 306.0
4600 306.0
4601 306.0
4602 306.0
4603 306.0
4604 306.0
4605 306.0
4606 306.0
4607 306.0
4608 306.0
4609 306.0
4610 306.0
4611 306.0
4612 306.0
4613 306.0
4614 306.0
4615 306.0
4616 306.0
4617 306.0
4618 306.0
4619 306.0
4620 306.0
4621 306.0
4622 306.0
4623 306.0
4624 306.0
4625 306.0
4626 306.0
4627 306.0
4628 306.0
4629 306.0
4630 306.0
4631 306.0
4632 306.0
4633 306.0
4634 306.0
4635 306.0
4636 306.0
4637 306.0
4638 306.0
4639 306.0
4640 306.0
4641 306.0
4642 306.0
4643 306.0
4644 306.0
4645 306.0
4646 306.0
4647 306.0
4648 306.0
4649 306.0
4650 306.0
4651 306.0
4652 306.0
4653 306.0
4654 306.0
4655 306.0
4656 306.0
4657 306.0
4658 306.0
4659 306.0
4660 306.0
4661 306.0
4662 306.0
4663 306.0
4664 306.0
4665 306.0
4666 306.0
4667 306.0
4668 306.0
4669 306.0
4670 306.0
4671 306.0
4672 306.0
4673 306.0
4674 306.0
4675 306.0
4676 306.0
4677 306.0
4678 306.0
4679 306.0
4680 306.0
4681 306.0
4682 306.0
4683 306.0
4684 306.0
4685 306.0
4686 306.0
4687 306.0
4688 306.0
4689 306.0
4690 306.0
4691 306.0
4692 306.0
4693 306.0
4694 306.0
4695 306.0
4696 306.0
4697 306.0
4698 306.0
4699 306.0
4700 306.0
4701 306.0
4702 306.0
4703 306.0
4704 306.0
4705 306.0
4706 306.0
4707 306.0
4708 306.0
4709 306.0
4710 306.0
4711 306.0
4712 306.0
4713 306.0
4714 306.0
4715 306.0
4716 306.0
4717 306.0
4718 306.0
4719 306.0
4720 306.0
4721 306.0
4722 306.0
4723 306.0
4724 306.0
4725 306.0
4726 306.0
4727 306.0
4728 306.0
4729 306.0
4730 306.0
4731 306.0
4732 306.0
4733 306.0
4734 306.0
4735 306.0
4736 306.0
4737 306.0
4738 306.0
4739 306.0
4740 306.0
4741 306.0
4742 306.0
4743 306.0
4744 306.0
4745 306.0
4746 306.0
4747 306.0
4748 306.0
4749 306.0
4750 306.0
4751 306.0
4752 306.0
4753 306.0
4754 306.0
4755 306.0
4756 306.0
4757 306.0
4758 306.0
4759 306.0
4760 306.0
4761 306.0
4762 306.0
4763 306.0
4764 306.0
4765 306.0
4766 306.0
4767 306.0
4768 306.0
4769 306.0
4770 306.0
4771 306.0
4772 306.0
4773 306.0
4774 306.0
4775 306.0
4776 306.0
4777 306.0
4778 306.0
4779 306.0
4780 306.0
4781 306.0
4782 306.0
4783 306.0
4784 306.0
4785 306.0
4786 306.0
4787 306.0
4788 306.0
4789 306.0
4790 306.0
4791 306.0
4792 306.0
4793 306.0
4794 306.0
4795 306.0
4796 306.0
4797 306.0
4798 306.0
4799 306.0
4800 306.0
4801 306.0
4802 306.0
4803 306.0
4804 306.0
4805 306.0
4806 306.0
4807 306.0
4808 306.0
4809 306.0
4810 306.0
4811 306.0
4812 306.0
4813 306.0
4814 306.0
4815 306.0
4816 306.0
4817 306.0
4818 306.0
4819 306.0
4820 306.0
4821 306.0
4822 306.0
4823 306.0
4824 306.0
4825 306.0
4826 306.0
4827 306.0
4828 306.0
4829 306.0
4830 306.0
4831 306.0
4832 306.0
4833 306.0
4834 306.0
4835 306.0
4836 306.0
4837 306.0
4838 306.0
4839 306.0
4840 306.0
4841 306.0
4842 306.0
4843 306.0
4844 306.0
4845 306.0
4846 306.0
4847 306.0
4848 306.0
4849 306.0
4850 306.0
4851 306.0
4852 306.0
4853 306.0
4854 306.0
4855 306.0
4856 306.0
4857 306.0
4858 306.0
4859 306.0
4860 306.0
4861 306.0
4862 306.0
4863 306.0
4864 306.0
4865 306.0
4866 306.0
4867 306.0
4868 306.0
4869 306.0
4870 306.0
4871 306.0
4872 306.0
4873 306.0
4874 306.0
4875 306.0
4876 306.0
4877 306.0
4878 306.0
4879 306.0
4880 306.0
4881 306.0
4882 306.0
4883 306.0
4884 306.0
4885 306.0
4886 306.0
4887 306.0
4888 306.0
4889 306.0
4890 306.0
4891 306.0
4892 306.0
4893 306.0
4894 306.0
4895 306.0
4896 306.0
4897 306.0
4898 306.0
4899 306.0
4900 306.0
4901 306.0
4902 306.0
4903 306.0
4904 306.0
4905 306.0
4906 306.0
4907 306.0
4908 306.0
4909 306.0
4910 306.0
4911 306.0
4912 306.0
4913 306.0
4914 306.0
4915 306.0
4916 306.0
4917 306.0
4918 306.0
4919 306.0
4920 306.0
4921 306.0
4922 306.0
4923 306.0
4924 306.0
4925 306.0
4926 306.0
4927 306.0
4928 306.0
4929 306.0
4930 306.0
4931 306.0
4932 306.0
4933 306.0
4934 306.0
4935 306.0
4936 306.0
4937 306.0
4938 306.0
4939 306.0
4940 306.0
4941 306.0
4942 306.0
4943 306.0
4944 306.0
4945 306.0
4946 306.0
4947 306.0
4948 306.0
4949 306.0
4950 306.0
4951 306.0
4952 306.0
4953 306.0
4954 306.0
4955 306.0
4956 306.0
4957 306.0
4958 306.0
4959 306.0
4960 306.0
4961 306.0
4962 306.0
4963 306.0
4964 306.0
4965 306.0
4966 306.0
4967 306.0
4968 306.0
4969 306.0
4970 306.0
4971 306.0
4972 306.0
4973 306.0
4974 306.0
4975 306.0
4976 306.0
4977 306.0
4978 306.0
4979 306.0
4980 306.0
4981 306.0
4982 306.0
4983 306.0
4984 306.0
4985 306.0
4986 306.0
4987 306.0
4988 306.0
4989 306.0
4990 306.0
4991 306.0
4992 306.0
4993 306.0
4994 306.0
4995 306.0
4996 306.0
4997 306.0
4998 306.0
4999 306.0
