0 13536.0
1 12889.0
2 12729.0
3 12571.0
4 12416.0
5 12259.0
6 12107.0
7 11964.0
8 11810.0
9 11810.0
10 11810.0
11 11657.0
12 11505.0
13 11505.0
14 11505.0
15 11204.0
16 11204.0
17 11204.0
18 11055.0
19 11055.0
20 10908.0
21 10908.0
22 10908.0
23 10908.0
24 10762.0
25 10618.0
26 10329.0
27 10329.0
28 10329.0
29 10329.0
30 10329.0
31 10329.0
32 10329.0
33 10186.0
34 10045.0
35 10045.0
36 10045.0
37 10045.0
38 10045.0
39 9904.0
40 9764.0
41 9764.0
42 9353.0
43 9353.0
44 9353.0
45 9353.0
46 9353.0
47 9353.0
48 9353.0
49 9353.0
50 9353.0
51 9353.0
52 9353.0
53 9353.0
54 9353.0
55 9353.0
56 9353.0
57 9353.0
58 9353.0
59 9353.0
60 9353.0
61 9217.0
62 9082.0
63 9082.0
64 8686.0
65 8681.0
66 8558.0
67 8558.0
68 8429.0
69 8429.0
70 8429.0
71 8049.0
72 7932.0
73 7684.0
74 7684.0
75 7562.0
76 7200.0
77 7200.0
78 7200.0
79 7200.0
80 6963.0
81 6507.0
82 6507.0
83 6398.0
84 6070.0
85 5962.0
86 5249.0
87 5054.0
88 5054.0
89 5054.0
90 5054.0
91 5054.0
92 4858.0
93 4858.0
94 4763.0
95 4672.0
96 4391.0
97 4391.0
98 4308.0
99 4308.0
100 4308.0
101 4308.0
102 4308.0
103 4308.0
104 4308.0
105 4308.0
106 4217.0
107 4217.0
108 4127.0
109 4040.0
110 3878.0
111 3792.0
112 3792.0
113 3792.0
114 3792.0
115 3792.0
116 3792.0
117 3792.0
118 3625.0
119 3625.0
120 3625.0
121 3511.0
122 3509.0
123 3278.0
124 3278.0
125 3155.0
126 3155.0
127 3065.0
128 2951.0
129 2951.0
130 2929.0
131 2929.0
132 2929.0
133 2929.0
134 2771.0
135 2771.0
136 2771.0
137 2771.0
138 2724.0
139 2724.0
140 2724.0
141 2724.0
142 2654.0
143 2654.0
144 2654.0
145 2654.0
146 2654.0
147 2654.0
148 2624.0
149 2624.0
150 2556.0
151 2550.0
152 2550.0
153 2550.0
154 2550.0
155 2550.0
156 2550.0
157 2494.0
158 2494.0
159 2494.0
160 2494.0
161 2494.0
162 2494.0
163 2494.0
164 2494.0
165 2494.0
166 2494.0
167 2494.0
168 2494.0
169 2494.0
170 2494.0
171 2494.0
172 2494.0
173 2494.0
174 2494.0
175 2494.0
176 2494.0
177 2494.0
178 2494.0
179 2494.0
180 2494.0
181 2494.0
182 2428.0
183 2428.0
184 2428.0
185 2428.0
186 2428.0
187 2422.0
188 2422.0
189 2422.0
190 2418.0
191 2244.0
192 2244.0
193 2244.0
194 2244.0
195 2244.0
196 2129.0
197 2110.0
198 2110.0
199 2110.0
200 2110.0
201 1945.0
202 1842.0
203 1842.0
204 1842.0
205 1842.0
206 1842.0
207 1222.0
208 1222.0
209 1222.0
210 1222.0
211 1222.0
212 1222.0
213 1222.0
214 1222.0
215 1222.0
216 1222.0
217 1151.0
218 1151.0
219 1151.0
220 1151.0
221 1039.0
222 1039.0
223 1039.0
224 1039.0
225 1037.0
226 1033.0
227 907.0
228 907.0
229 907.0
230 907.0
231 907.0
232 907.0
233 907.0
234 895.0
235 895.0
236 895.0
237 895.0
238 895.0
239 895.0
240 805.0
241 805.0
242 805.0
243 799.0
244 783.0
245 783.0
246 783.0
247 641.0
248 640.0
249 635.0
250 628.0
251 608.0
252 608.0
253 608.0
254 608.0
255 608.0
256 608.0
257 608.0
258 608.0
259 608.0
260 608.0
261 608.0
262 608.0
263 534.0
264 534.0
265 534.0
266 534.0
267 534.0
268 534.0
269 534.0
270 534.0
271 534.0
272 534.0
273 534.0
274 534.0
275 534.0
276 534.0
277 534.0
278 534.0
279 534.0
280 534.0
281 534.0
282 534.0
283 534.0
284 534.0
285 534.0
286 534.0
287 534.0
288 534.0
289 534.0
290 534.0
291 534.0
292 534.0
293 534.0
294 532.0
295 532.0
296 532.0
297 532.0
298 532.0
299 514.0
300 514.0
301 512.0
302 512.0
303 512.0
304 512.0
305 512.0
306 512.0
307 496.0
308 496.0
309 496.0
310 496.0
311 496.0
312 496.0
313 496.0
314 496.0
315 496.0
316 496.0
317 496.0
318 496.0
319 496.0
320 496.0
321 496.0
322 496.0
323 496.0
324 496.0
325 496.0
326 496.0
327 496.0
328 496.0
329 496.0
330 496.0
331 496.0
332 496.0
333 496.0
334 496.0
335 496.0
336 496.0
337 496.0
338 496.0
339 496.0
340 488.0
341 488.0
342 488.0
343 488.0
344 488.0
345 486.0
346 486.0
347 486.0
348 486.0
349 486.0
350 486.0
351 486.0
352 486.0
353 486.0
354 486.0
355 486.0
356 486.0
357 486.0
358 486.0
359 486.0
360 486.0
361 486.0
362 486.0
363 486.0
364 486.0
365 486.0
366 486.0
367 486.0
368 486.0
369 486.0
370 486.0
371 486.0
372 486.0
373 486.0
374 486.0
375 486.0
376 486.0
377 486.0
378 486.0
379 484.0
380 484.0
381 484.0
382 484.0
383 484.0
384 484.0
385 484.0
386 484.0
387 484.0
388 484.0
389 484.0
390 484.0
391 484.0
392 484.0
393 484.0
394 484.0
395 484.0
396 484.0
397 484.0
398 484.0
399 484.0
400 484.0
401 484.0
402 484.0
403 484.0
404 484.0
405 484.0
406 484.0
407 484.0
408 484.0
409 484.0
410 484.0
411 484.0
412 484.0
413 484.0
414 484.0
415 484.0
416 466.0
417 464.0
418 444.0
419 444.0
420 444.0
421 444.0
422 444.0
423 444.0
424 444.0
425 444.0
426 444.0
427 444.0
428 442.0
429 442.0
430 442.0
431 442.0
432 442.0
433 442.0
434 442.0
435 442.0
436 442.0
437 442.0
438 442.0
439 442.0
440 442.0
441 442.0
442 442.0
443 442.0
444 442.0
445 442.0
446 442.0
447 442.0
448 442.0
449 442.0
450 442.0
451 442.0
452 442.0
453 441.0
454 441.0
455 441.0
456 441.0
457 441.0
458 441.0
459 441.0
460 441.0
461 441.0
462 441.0
463 433.0
464 433.0
465 433.0
466 433.0
467 419.0
468 419.0
469 419.0
470 419.0
471 419.0
472 419.0
473 419.0
474 419.0
475 417.0
476 417.0
477 417.0
478 417.0
479 417.0
480 417.0
481 417.0
482 417.0
483 417.0
484 417.0
485 417.0
486 417.0
487 417.0
488 417.0
489 417.0
490 417.0
491 417.0
492 417.0
493 417.0
494 417.0
495 417.0
496 417.0
497 417.0
498 417.0
499 417.0
500 417.0
501 417.0
502 417.0
503 417.0
504 417.0
505 417.0
506 417.0
507 417.0
508 417.0
509 417.0
510 417.0
511 417.0
512 417.0
513 417.0
514 417.0
515 417.0
516 417.0
517 417.0
518 417.0
519 417.0
520 417.0
521 417.0
522 417.0
523 417.0
524 417.0
525 417.0
526 417.0
527 417.0
528 417.0
529 417.0
530 417.0
531 417.0
532 417.0
533 417.0
534 417.0
535 417.0
536 417.0
537 417.0
538 417.0
539 417.0
540 417.0
541 417.0
542 417.0
543 417.0
544 417.0
545 417.0
546 417.0
547 417.0
548 417.0
549 417.0
550 417.0
551 417.0
552 417.0
553 417.0
554 417.0
555 417.0
556 417.0
557 417.0
558 417.0
559 417.0
560 417.0
561 417.0
562 417.0
563 417.0
564 417.0
565 417.0
566 417.0
567 417.0
568 417.0
569 417.0
570 417.0
571 417.0
572 417.0
573 417.0
574 417.0
575 417.0
576 417.0
577 417.0
578 417.0
579 417.0
580 417.0
581 417.0
582 417.0
583 417.0
584 417.0
585 417.0
586 417.0
587 417.0
588 417.0
589 417.0
590 416.0
591 416.0
592 416.0
593 416.0
594 416.0
595 416.0
596 416.0
597 416.0
598 416.0
599 416.0
600 416.0
601 416.0
602 416.0
603 416.0
604 416.0
605 416.0
606 416.0
607 416.0
608 416.0
609 416.0
610 416.0
611 416.0
612 416.0
613 416.0
614 416.0
615 416.0
616 416.0
617 416.0
618 416.0
619 416.0
620 416.0
621 416.0
622 416.0
623 416.0
624 416.0
625 416.0
626 416.0
627 416.0
628 416.0
629 416.0
630 416.0
631 416.0
632 416.0
633 416.0
634 416.0
635 416.0
636 416.0
637 416.0
638 416.0
639 416.0
640 416.0
641 416.0
642 416.0
643 416.0
644 416.0
645 416.0
646 416.0
647 416.0
648 416.0
649 416.0
650 416.0
651 416.0
652 416.0
653 416.0
654 416.0
655 416.0
656 416.0
657 416.0
658 416.0
659 416.0
660 416.0
661 416.0
662 416.0
663 416.0
664 416.0
665 416.0
666 416.0
667 416.0
668 416.0
669 416.0
670 416.0
671 416.0
672 416.0
673 416.0
674 416.0
675 416.0
676 416.0
677 416.0
678 416.0
679 416.0
680 416.0
681 416.0
682 416.0
683 416.0
684 416.0
685 416.0
686 416.0
687 416.0
688 416.0
689 416.0
690 416.0
691 416.0
692 416.0
693 416.0
694 416.0
695 416.0
696 416.0
697 416.0
698 416.0
699 416.0
700 416.0
701 416.0
702 416.0
703 416.0
704 416.0
705 416.0
706 416.0
707 416.0
708 416.0
709 416.0
710 416.0
711 416.0
712 416.0
713 416.0
714 416.0
715 416.0
716 416.0
717 416.0
718 416.0
719 416.0
720 416.0
721 416.0
722 416.0
723 416.0
724 416.0
725 416.0
726 416.0
727 416.0
728 416.0
729 416.0
730 416.0
731 416.0
732 416.0
733 416.0
734 416.0
735 416.0
736 416.0
737 416.0
738 416.0
739 416.0
740 416.0
741 416.0
742 416.0
743 416.0
744 416.0
745 416.0
746 416.0
747 416.0
748 416.0
749 416.0
750 416.0
751 416.0
752 416.0
753 416.0
754 416.0
755 416.0
756 416.0
757 416.0
758 416.0
759 416.0
760 416.0
761 416.0
762 416.0
763 416.0
764 416.0
765 416.0
766 416.0
767 416.0
768 416.0
769 416.0
770 416.0
771 416.0
772 416.0
773 416.0
774 416.0
775 416.0
776 416.0
777 416.0
778 416.0
779 416.0
780 416.0
781 416.0
782 416.0
783 416.0
784 416.0
785 416.0
786 416.0
787 416.0
788 416.0
789 416.0
790 416.0
791 416.0
792 416.0
793 416.0
794 416.0
795 416.0
796 416.0
797 416.0
798 402.0
799 402.0
800 402.0
801 402.0
802 402.0
803 402.0
804 402.0
805 402.0
806 402.0
807 402.0
808 402.0
809 402.0
810 402.0
811 402.0
812 402.0
813 402.0
814 402.0
815 402.0
816 402.0
817 402.0
818 402.0
819 402.0
820 402.0
821 402.0
822 402.0
823 402.0
824 402.0
825 402.0
826 402.0
827 402.0
828 402.0
829 402.0
830 402.0
831 402.0
832 402.0
833 402.0
834 402.0
835 402.0
836 402.0
837 402.0
838 402.0
839 402.0
840 402.0
841 400.0
842 400.0
843 400.0
844 400.0
845 400.0
846 400.0
847 400.0
848 400.0
849 400.0
850 400.0
851 400.0
852 400.0
853 400.0
854 400.0
855 400.0
856 400.0
857 400.0
858 400.0
859 400.0
860 400.0
861 400.0
862 400.0
863 400.0
864 400.0
865 400.0
866 400.0
867 400.0
868 400.0
869 400.0
870 400.0
871 400.0
872 400.0
873 400.0
874 400.0
875 400.0
876 400.0
877 400.0
878 400.0
879 400.0
880 400.0
881 400.0
882 400.0
883 400.0
884 400.0
885 400.0
886 400.0
887 400.0
888 400.0
889 400.0
890 400.0
891 400.0
892 400.0
893 400.0
894 400.0
895 400.0
896 400.0
897 400.0
898 400.0
899 400.0
900 400.0
901 400.0
902 400.0
903 400.0
904 400.0
905 400.0
906 400.0
907 400.0
908 400.0
909 400.0
910 400.0
911 400.0
912 400.0
913 400.0
914 400.0
915 400.0
916 400.0
917 400.0
918 394.0
919 394.0
920 394.0
921 394.0
922 394.0
923 394.0
924 394.0
925 378.0
926 378.0
927 378.0
928 378.0
929 378.0
930 378.0
931 378.0
932 378.0
933 378.0
934 378.0
935 378.0
936 378.0
937 378.0
938 378.0
939 378.0
940 378.0
941 378.0
942 378.0
943 378.0
944 378.0
945 378.0
946 378.0
947 378.0
948 378.0
949 378.0
950 378.0
951 378.0
952 378.0
953 378.0
954 378.0
955 378.0
956 378.0
957 378.0
958 378.0
959 378.0
960 378.0
961 378.0
962 378.0
963 378.0
964 378.0
965 378.0
966 378.0
967 378.0
968 378.0
969 378.0
970 378.0
971 378.0
972 378.0
973 378.0
974 378.0
975 378.0
976 378.0
977 378.0
978 378.0
979 378.0
980 378.0
981 378.0
982 378.0
983 378.0
984 378.0
985 378.0
986 378.0
987 378.0
988 378.0
989 378.0
990 378.0
991 378.0
992 378.0
993 378.0
994 378.0
995 378.0
996 378.0
997 378.0
998 376.0
999 376.0
1000 376.0
1001 376.0
1002 376.0
1003 376.0
1004 376.0
1005 376.0
1006 376.0
1007 376.0
1008 376.0
1009 376.0
1010 376.0
1011 376.0
1012 376.0
1013 376.0
1014 376.0
1015 376.0
1016 376.0
1017 376.0
1018 376.0
1019 376.0
1020 376.0
1021 376.0
1022 376.0
1023 376.0
1024 376.0
1025 376.0
1026 376.0
1027 376.0
1028 376.0
1029 376.0
1030 376.0
1031 376.0
1032 376.0
1033 376.0
1034 376.0
1035 376.0
1036 376.0
1037 376.0
1038 376.0
1039 376.0
1040 376.0
1041 376.0
1042 376.0
1043 376.0
1044 376.0
1045 376.0
1046 376.0
1047 376.0
1048 376.0
1049 376.0
1050 376.0
1051 376.0
1052 376.0
1053 376.0
1054 376.0
1055 376.0
1056 376.0
1057 376.0
1058 376.0
1059 376.0
1060 370.0
1061 370.0
1062 370.0
1063 370.0
1064 370.0
1065 370.0
1066 370.0
1067 370.0
1068 370.0
1069 370.0
1070 370.0
1071 370.0
1072 370.0
1073 370.0
1074 370.0
1075 370.0
1076 370.0
1077 370.0
1078 370.0
1079 370.0
1080 370.0
1081 370.0
1082 370.0
1083 370.0
1084 370.0
1085 370.0
1086 370.0
1087 370.0
1088 370.0
1089 370.0
1090 370.0
1091 370.0
1092 370.0
1093 370.0
1094 370.0
1095 370.0
1096 370.0
1097 370.0
1098 370.0
1099 370.0
1100 370.0
1101 370.0
1102 370.0
1103 370.0
1104 370.0
1105 370.0
1106 370.0
1107 370.0
1108 370.0
1109 370.0
1110 370.0
1111 370.0
1112 370.0
1113 370.0
1114 370.0
1115 370.0
1116 370.0
1117 370.0
1118 370.0
1119 370.0
1120 370.0
1121 370.0
1122 370.0
1123 370.0
1124 370.0
1125 370.0
1126 370.0
1127 370.0
1128 370.0
1129 370.0
1130 370.0
1131 370.0
1132 370.0
1133 370.0
1134 370.0
1135 370.0
1136 370.0
1137 370.0
1138 370.0
1139 370.0
1140 370.0
1141 370.0
1142 370.0
1143 370.0
1144 370.0
1145 370.0
1146 370.0
1147 370.0
1148 370.0
1149 370.0
1150 370.0
1151 370.0
1152 370.0
1153 370.0
1154 370.0
1155 370.0
1156 370.0
1157 370.0
1158 370.0
1159 370.0
1160 370.0
1161 370.0
1162 370.0
1163 370.0
1164 370.0
1165 370.0
1166 370.0
1167 370.0
1168 370.0
1169 370.0
1170 370.0
1171 370.0
1172 370.0
1173 370.0
1174 370.0
1175 370.0
1176 370.0
1177 370.0
1178 370.0
1179 370.0
1180 370.0
1181 370.0
1182 370.0
1183 370.0
1184 370.0
1185 370.0
1186 370.0
1187 370.0
1188 370.0
1189 370.0
1190 370.0
1191 370.0
1192 370.0
1193 370.0
1194 370.0
1195 370.0
1196 370.0
1197 370.0
1198 370.0
1199 370.0
1200 370.0
1201 370.0
1202 370.0
1203 370.0
1204 370.0
1205 370.0
1206 370.0
1207 370.0
1208 370.0
1209 370.0
1210 370.0
1211 370.0
1212 370.0
1213 370.0
1214 370.0
1215 370.0
1216 370.0
1217 370.0
1218 370.0
1219 370.0
1220 370.0
1221 370.0
1222 370.0
1223 370.0
1224 370.0
1225 370.0
1226 370.0
1227 370.0
1228 370.0
1229 370.0
1230 370.0
1231 370.0
1232 370.0
1233 370.0
1234 370.0
1235 370.0
1236 370.0
1237 370.0
1238 365.0
1239 365.0
1240 365.0
1241 365.0
1242 365.0
1243 365.0
1244 365.0
1245 353.0
1246 353.0
1247 353.0
1248 353.0
1249 353.0
1250 353.0
1251 353.0
1252 353.0
1253 353.0
1254 353.0
1255 353.0
1256 353.0
1257 353.0
1258 353.0
1259 353.0
1260 353.0
1261 353.0
1262 353.0
1263 353.0
1264 353.0
1265 353.0
1266 352.0
1267 352.0
1268 352.0
1269 352.0
1270 352.0
1271 352.0
1272 352.0
1273 352.0
1274 352.0
1275 352.0
1276 352.0
1277 352.0
1278 352.0
1279 352.0
1280 352.0
1281 352.0
1282 352.0
1283 352.0
1284 352.0
1285 352.0
1286 352.0
1287 352.0
1288 352.0
1289 352.0
1290 352.0
1291 352.0
1292 352.0
1293 352.0
1294 352.0
1295 352.0
1296 352.0
1297 352.0
1298 352.0
1299 352.0
1300 352.0
1301 352.0
1302 352.0
1303 352.0
1304 352.0
1305 352.0
1306 352.0
1307 352.0
1308 352.0
1309 352.0
1310 352.0
1311 352.0
1312 352.0
1313 352.0
1314 352.0
1315 352.0
1316 352.0
1317 352.0
1318 352.0
1319 352.0
1320 352.0
1321 352.0
1322 352.0
1323 352.0
1324 352.0
1325 352.0
1326 352.0
1327 352.0
1328 352.0
1329 352.0
1330 352.0
1331 352.0
1332 352.0
1333 352.0
1334 352.0
1335 352.0
1336 352.0
1337 352.0
1338 352.0
1339 352.0
1340 352.0
1341 352.0
1342 352.0
1343 352.0
1344 352.0
1345 352.0
1346 352.0
1347 352.0
1348 352.0
1349 352.0
1350 352.0
1351 352.0
1352 352.0
1353 352.0
1354 352.0
1355 340.0
1356 340.0
1357 340.0
1358 340.0
1359 340.0
1360 340.0
1361 340.0
1362 340.0
1363 340.0
1364 340.0
1365 340.0
1366 340.0
1367 340.0
1368 340.0
1369 340.0
1370 340.0
1371 340.0
1372 340.0
1373 340.0
1374 340.0
1375 340.0
1376 340.0
1377 340.0
1378 340.0
1379 340.0
1380 340.0
1381 340.0
1382 340.0
1383 340.0
1384 340.0
1385 340.0
1386 340.0
1387 340.0
1388 340.0
1389 340.0
1390 340.0
1391 340.0
1392 340.0
1393 340.0
1394 340.0
1395 340.0
1396 340.0
1397 340.0
1398 340.0
1399 340.0
1400 340.0
1401 340.0
1402 340.0
1403 340.0
1404 340.0
1405 340.0
1406 340.0
1407 340.0
1408 340.0
1409 340.0
1410 340.0
1411 340.0
1412 340.0
1413 340.0
1414 340.0
1415 340.0
1416 340.0
1417 340.0
1418 340.0
1419 340.0
1420 340.0
1421 340.0
1422 340.0
1423 340.0
1424 340.0
1425 340.0
1426 340.0
1427 340.0
1428 340.0
1429 340.0
1430 340.0
1431 340.0
1432 340.0
1433 340.0
1434 340.0
1435 340.0
1436 340.0
1437 340.0
1438 340.0
1439 340.0
1440 340.0
1441 340.0
1442 340.0
1443 340.0
1444 340.0
1445 340.0
1446 340.0
1447 340.0
1448 340.0
1449 340.0
1450 340.0
1451 340.0
1452 340.0
1453 340.0
1454 340.0
1455 340.0
1456 340.0
1457 340.0
1458 340.0
1459 340.0
1460 340.0
1461 340.0
1462 340.0
1463 340.0
1464 340.0
1465 340.0
1466 340.0
1467 340.0
1468 340.0
1469 340.0
1470 340.0
1471 340.0
1472 340.0
1473 340.0
1474 331.0
1475 331.0
1476 331.0
1477 331.0
1478 331.0
1479 331.0
1480 331.0
1481 331.0
1482 331.0
1483 331.0
1484 331.0
1485 331.0
1486 331.0
1487 331.0
1488 331.0
1489 331.0
1490 331.0
1491 331.0
1492 331.0
1493 331.0
1494 331.0
1495 331.0
1496 331.0
1497 331.0
1498 331.0
1499 331.0
1500 331.0
1501 331.0
1502 331.0
1503 331.0
1504 331.0
1505 331.0
1506 331.0
1507 331.0
1508 331.0
1509 331.0
1510 331.0
1511 331.0
1512 331.0
1513 331.0
1514 331.0
1515 331.0
1516 331.0
1517 331.0
1518 331.0
1519 331.0
1520 331.0
1521 331.0
1522 331.0
1523 331.0
1524 331.0
1525 331.0
1526 331.0
1527 331.0
1528 331.0
1529 331.0
1530 331.0
1531 331.0
1532 331.0
1533 331.0
1534 331.0
1535 331.0
1536 331.0
1537 331.0
1538 331.0
1539 331.0
1540 331.0
1541 331.0
1542 331.0
1543 331.0
1544 331.0
1545 331.0
1546 331.0
1547 331.0
1548 330.0
1549 330.0
1550 330.0
1551 330.0
1552 330.0
1553 330.0
1554 330.0
1555 330.0
1556 330.0
1557 330.0
1558 330.0
1559 330.0
1560 330.0
1561 330.0
1562 330.0
1563 330.0
1564 330.0
1565 330.0
1566 330.0
1567 330.0
1568 330.0
1569 330.0
1570 330.0
1571 330.0
1572 330.0
1573 330.0
1574 330.0
1575 330.0
1576 330.0
1577 330.0
1578 330.0
1579 330.0
1580 330.0
1581 330.0
1582 330.0
1583 330.0
1584 330.0
1585 330.0
1586 330.0
1587 330.0
1588 330.0
1589 330.0
1590 330.0
1591 330.0
1592 330.0
1593 330.0
1594 330.0
1595 330.0
1596 330.0
1597 330.0
1598 330.0
1599 330.0
1600 330.0
1601 330.0
1602 330.0
1603 330.0
1604 330.0
1605 330.0
1606 330.0
1607 330.0
1608 330.0
1609 330.0
1610 330.0
1611 330.0
1612 330.0
1613 330.0
1614 330.0
1615 330.0
1616 330.0
1617 330.0
1618 330.0
1619 330.0
1620 330.0
1621 330.0
1622 330.0
1623 330.0
1624 330.0
1625 330.0
1626 330.0
1627 330.0
1628 330.0
1629 330.0
1630 330.0
1631 330.0
1632 330.0
1633 330.0
1634 330.0
1635 330.0
1636 330.0
1637 330.0
1638 330.0
1639 330.0
1640 330.0
1641 330.0
1642 330.0
1643 330.0
1644 330.0
1645 330.0
1646 330.0
1647 330.0
1648 330.0
1649 330.0
1650 330.0
1651 330.0
1652 330.0
1653 330.0
1654 330.0
1655 330.0
1656 330.0
1657 330.0
1658 330.0
1659 330.0
1660 330.0
1661 330.0
1662 330.0
1663 330.0
1664 330.0
1665 330.0
1666 330.0
1667 330.0
1668 330.0
1669 330.0
1670 330.0
1671 330.0
1672 330.0
1673 330.0
1674 330.0
1675 330.0
1676 330.0
1677 330.0
1678 330.0
1679 330.0
1680 330.0
1681 330.0
1682 330.0
1683 330.0
1684 330.0
1685 330.0
1686 330.0
1687 330.0
1688 330.0
1689 330.0
1690 330.0
1691 330.0
1692 330.0
1693 330.0
1694 330.0
1695 330.0
1696 330.0
1697 330.0
1698 330.0
1699 330.0
1700 330.0
1701 330.0
1702 330.0
1703 330.0
1704 330.0
1705 330.0
1706 330.0
1707 330.0
1708 330.0
1709 330.0
1710 330.0
1711 330.0
1712 330.0
1713 330.0
1714 330.0
1715 330.0
1716 330.0
1717 330.0
1718 330.0
1719 330.0
1720 330.0
1721 330.0
1722 330.0
1723 330.0
1724 330.0
1725 330.0
1726 330.0
1727 330.0
1728 330.0
1729 330.0
1730 330.0
1731 330.0
1732 330.0
1733 330.0
1734 330.0
1735 330.0
1736 330.0
1737 330.0
1738 330.0
1739 330.0
1740 330.0
1741 330.0
1742 330.0
1743 330.0
1744 330.0
1745 330.0
1746 330.0
1747 330.0
1748 330.0
1749 330.0
1750 330.0
1751 330.0
1752 330.0
1753 330.0
1754 330.0
1755 330.0
1756 330.0
1757 330.0
1758 330.0
1759 330.0
1760 330.0
1761 330.0
1762 330.0
1763 330.0
1764 330.0
1765 330.0
1766 330.0
1767 330.0
1768 330.0
1769 330.0
1770 330.0
1771 330.0
1772 330.0
1773 330.0
1774 330.0
1775 330.0
1776 330.0
1777 330.0
1778 330.0
1779 330.0
1780 330.0
1781 330.0
1782 330.0
1783 330.0
1784 330.0
1785 330.0
1786 330.0
1787 330.0
1788 330.0
1789 330.0
1790 330.0
1791 330.0
1792 330.0
1793 330.0
1794 330.0
1795 330.0
1796 330.0
1797 330.0
1798 330.0
1799 330.0
1800 330.0
1801 330.0
1802 330.0
1803 330.0
1804 330.0
1805 330.0
1806 330.0
1807 330.0
1808 330.0
1809 330.0
1810 330.0
1811 330.0
1812 330.0
1813 330.0
1814 330.0
1815 330.0
1816 330.0
1817 330.0
1818 330.0
1819 330.0
1820 330.0
1821 330.0
1822 330.0
1823 330.0
1824 330.0
1825 330.0
1826 330.0
1827 330.0
1828 330.0
1829 330.0
1830 330.0
1831 330.0
1832 330.0
1833 330.0
1834 330.0
1835 330.0
1836 330.0
1837 330.0
1838 330.0
1839 330.0
1840 330.0
1841 330.0
1842 330.0
1843 330.0
1844 330.0
1845 330.0
1846 330.0
1847 330.0
1848 330.0
1849 330.0
1850 330.0
1851 330.0
1852 330.0
1853 330.0
1854 330.0
1855 330.0
1856 330.0
1857 330.0
1858 330.0
1859 330.0
1860 330.0
1861 330.0
1862 330.0
1863 330.0
1864 330.0
1865 330.0
1866 330.0
1867 330.0
1868 330.0
1869 330.0
1870 330.0
1871 330.0
1872 330.0
1873 330.0
1874 330.0
1875 330.0
1876 330.0
1877 330.0
1878 330.0
1879 330.0
1880 330.0
1881 330.0
1882 330.0
1883 330.0
1884 330.0
1885 330.0
1886 330.0
1887 330.0
1888 330.0
1889 330.0
1890 330.0
1891 330.0
1892 330.0
1893 330.0
1894 330.0
1895 330.0
1896 330.0
1897 330.0
1898 330.0
1899 330.0
1900 330.0
1901 330.0
1902 330.0
1903 330.0
1904 330.0
1905 330.0
1906 330.0
1907 330.0
1908 330.0
1909 330.0
1910 330.0
1911 330.0
1912 330.0
1913 330.0
1914 330.0
1915 330.0
1916 330.0
1917 330.0
1918 330.0
1919 330.0
1920 330.0
1921 330.0
1922 330.0
1923 330.0
1924 330.0
1925 330.0
1926 330.0
1927 330.0
1928 330.0
1929 330.0
1930 330.0
1931 330.0
1932 330.0
1933 330.0
1934 330.0
1935 330.0
1936 330.0
1937 330.0
1938 330.0
1939 330.0
1940 330.0
1941 330.0
1942 330.0
1943 330.0
1944 330.0
1945 330.0
1946 330.0
1947 330.0
1948 330.0
1949 330.0
1950 330.0
1951 330.0
1952 330.0
1953 330.0
1954 330.0
1955 330.0
1956 330.0
1957 330.0
1958 330.0
1959 330.0
1960 330.0
1961 330.0
1962 330.0
1963 330.0
1964 330.0
1965 330.0
1966 330.0
1967 330.0
1968 330.0
1969 330.0
1970 330.0
1971 330.0
1972 330.0
1973 330.0
1974 330.0
1975 330.0
1976 330.0
1977 330.0
1978 330.0
1979 330.0
1980 330.0
1981 330.0
1982 330.0
1983 330.0
1984 330.0
1985 330.0
1986 330.0
1987 330.0
1988 330.0
1989 330.0
1990 330.0
1991 330.0
1992 330.0
1993 330.0
1994 330.0
1995 330.0
1996 330.0
1997 330.0
1998 330.0
1999 330.0
2000 330.0
2001 330.0
2002 330.0
2003 330.0
2004 330.0
2005 330.0
2006 330.0
2007 330.0
2008 330.0
2009 330.0
2010 330.0
2011 330.0
2012 330.0
2013 330.0
2014 330.0
2015 330.0
2016 330.0
2017 330.0
2018 330.0
2019 330.0
2020 330.0
2021 330.0
2022 330.0
2023 330.0
2024 330.0
2025 330.0
2026 330.0
2027 330.0
2028 330.0
2029 330.0
2030 330.0
2031 330.0
2032 330.0
2033 330.0
2034 330.0
2035 330.0
2036 330.0
2037 330.0
2038 330.0
2039 330.0
2040 330.0
2041 330.0
2042 330.0
2043 330.0
2044 330.0
2045 330.0
2046 330.0
2047 330.0
2048 330.0
2049 330.0
2050 330.0
2051 330.0
2052 330.0
2053 330.0
2054 330.0
2055 330.0
2056 330.0
2057 330.0
2058 330.0
2059 330.0
2060 330.0
2061 330.0
2062 330.0
2063 330.0
2064 330.0
2065 330.0
2066 330.0
2067 330.0
2068 330.0
2069 330.0
2070 330.0
2071 330.0
2072 330.0
2073 330.0
2074 330.0
2075 330.0
2076 330.0
2077 330.0
2078 330.0
2079 330.0
2080 330.0
2081 330.0
2082 330.0
2083 330.0
2084 330.0
2085 330.0
2086 330.0
2087 330.0
2088 330.0
2089 330.0
2090 330.0
2091 330.0
2092 330.0
2093 330.0
2094 330.0
2095 330.0
2096 330.0
2097 330.0
2098 330.0
2099 330.0
2100 330.0
2101 330.0
2102 330.0
2103 330.0
2104 330.0
2105 330.0
2106 330.0
2107 330.0
2108 330.0
2109 330.0
2110 330.0
2111 330.0
2112 330.0
2113 330.0
2114 330.0
2115 330.0
2116 330.0
2117 330.0
2118 330.0
2119 330.0
2120 330.0
2121 330.0
2122 330.0
2123 330.0
2124 330.0
2125 330.0
2126 330.0
2127 330.0
2128 330.0
2129 330.0
2130 330.0
2131 330.0
2132 330.0
2133 330.0
2134 330.0
2135 330.0
2136 330.0
2137 330.0
2138 330.0
2139 330.0
2140 330.0
2141 330.0
2142 330.0
2143 330.0
2144 330.0
2145 330.0
2146 330.0
2147 330.0
2148 330.0
2149 330.0
2150 330.0
2151 330.0
2152 330.0
2153 330.0
2154 330.0
2155 330.0
2156 330.0
2157 330.0
2158 330.0
2159 330.0
2160 330.0
2161 330.0
2162 330.0
2163 330.0
2164 330.0
2165 330.0
2166 330.0
2167 330.0
2168 330.0
2169 330.0
2170 330.0
2171 330.0
2172 330.0
2173 330.0
2174 330.0
2175 330.0
2176 330.0
2177 330.0
2178 330.0
2179 330.0
2180 330.0
2181 330.0
2182 330.0
2183 330.0
2184 330.0
2185 330.0
2186 330.0
2187 330.0
2188 330.0
2189 330.0
2190 330.0
2191 330.0
2192 330.0
2193 330.0
2194 330.0
2195 330.0
2196 330.0
2197 330.0
2198 330.0
2199 330.0
2200 330.0
2201 330.0
2202 330.0
2203 330.0
2204 330.0
2205 330.0
2206 330.0
2207 330.0
2208 330.0
2209 330.0
2210 330.0
2211 330.0
2212 330.0
2213 330.0
2214 330.0
2215 330.0
2216 330.0
2217 330.0
2218 330.0
2219 330.0
2220 330.0
2221 330.0
2222 330.0
2223 330.0
2224 330.0
2225 330.0
2226 330.0
2227 330.0
2228 330.0
2229 330.0
2230 330.0
2231 330.0
2232 330.0
2233 330.0
2234 330.0
2235 330.0
2236 330.0
2237 330.0
2238 330.0
2239 330.0
2240 330.0
2241 330.0
2242 330.0
2243 330.0
2244 330.0
2245 330.0
2246 330.0
2247 330.0
2248 330.0
2249 330.0
2250 330.0
2251 330.0
2252 330.0
2253 330.0
2254 330.0
2255 330.0
2256 330.0
2257 330.0
2258 330.0
2259 330.0
2260 330.0
2261 330.0
2262 330.0
2263 330.0
2264 330.0
2265 330.0
2266 330.0
2267 330.0
2268 330.0
2269 330.0
2270 330.0
2271 330.0
2272 330.0
2273 330.0
2274 330.0
2275 330.0
2276 330.0
2277 330.0
2278 330.0
2279 330.0
2280 330.0
2281 330.0
2282 330.0
2283 330.0
2284 330.0
2285 330.0
2286 330.0
2287 330.0
2288 330.0
2289 330.0
2290 330.0
2291 330.0
2292 330.0
2293 330.0
2294 330.0
2295 330.0
2296 330.0
2297 330.0
2298 330.0
2299 330.0
2300 330.0
2301 330.0
2302 330.0
2303 330.0
2304 330.0
2305 330.0
2306 330.0
2307 330.0
2308 330.0
2309 330.0
2310 330.0
2311 330.0
2312 330.0
2313 330.0
2314 330.0
2315 330.0
2316 330.0
2317 330.0
2318 330.0
2319 330.0
2320 330.0
2321 330.0
2322 330.0
2323 330.0
2324 330.0
2325 330.0
2326 330.0
2327 330.0
2328 330.0
2329 330.0
2330 330.0
2331 330.0
2332 330.0
2333 330.0
2334 330.0
2335 330.0
2336 330.0
2337 330.0
2338 330.0
2339 330.0
2340 330.0
2341 330.0
2342 330.0
2343 330.0
2344 330.0
2345 330.0
2346 330.0
2347 330.0
2348 330.0
2349 330.0
2350 330.0
2351 330.0
2352 330.0
2353 330.0
2354 330.0
2355 330.0
2356 330.0
2357 330.0
2358 330.0
2359 330.0
2360 330.0
2361 330.0
2362 330.0
2363 330.0
2364 330.0
2365 330.0
2366 330.0
2367 330.0
2368 330.0
2369 330.0
2370 330.0
2371 330.0
2372 330.0
2373 330.0
2374 330.0
2375 330.0
2376 330.0
2377 330.0
2378 330.0
2379 330.0
2380 330.0
2381 330.0
2382 330.0
2383 330.0
2384 330.0
2385 330.0
2386 330.0
2387 330.0
2388 330.0
2389 330.0
2390 330.0
2391 330.0
2392 330.0
2393 330.0
2394 330.0
2395 330.0
2396 330.0
2397 330.0
2398 330.0
2399 330.0
2400 330.0
2401 330.0
2402 330.0
2403 330.0
2404 330.0
2405 330.0
2406 330.0
2407 330.0
2408 330.0
2409 330.0
2410 330.0
2411 330.0
2412 330.0
2413 330.0
2414 330.0
2415 330.0
2416 330.0
2417 330.0
2418 330.0
2419 330.0
2420 330.0
2421 330.0
2422 330.0
2423 330.0
2424 330.0
2425 330.0
2426 330.0
2427 330.0
2428 330.0
2429 330.0
2430 330.0
2431 330.0
2432 330.0
2433 330.0
2434 330.0
2435 330.0
2436 330.0
2437 330.0
2438 330.0
2439 330.0
2440 330.0
2441 330.0
2442 330.0
2443 330.0
2444 330.0
2445 330.0
2446 330.0
2447 330.0
2448 330.0
2449 330.0
2450 330.0
2451 330.0
2452 330.0
2453 330.0
2454 330.0
2455 330.0
2456 330.0
2457 330.0
2458 330.0
2459 330.0
2460 330.0
2461 330.0
2462 330.0
2463 330.0
2464 330.0
2465 330.0
2466 330.0
2467 330.0
2468 330.0
2469 330.0
2470 330.0
2471 330.0
2472 330.0
2473 330.0
2474 330.0
2475 330.0
2476 330.0
2477 330.0
2478 330.0
2479 330.0
2480 330.0
2481 330.0
2482 328.0
2483 328.0
2484 328.0
2485 328.0
2486 328.0
2487 328.0
2488 328.0
2489 328.0
2490 328.0
2491 328.0
2492 328.0
2493 328.0
2494 328.0
2495 328.0
2496 328.0
2497 328.0
2498 328.0
2499 328.0
2500 328.0
2501 328.0
2502 328.0
2503 328.0
2504 328.0
2505 328.0
2506 328.0
2507 328.0
2508 328.0
2509 328.0
2510 328.0
2511 328.0
2512 328.0
2513 328.0
2514 328.0
2515 328.0
2516 328.0
2517 328.0
2518 328.0
2519 328.0
2520 328.0
2521 328.0
2522 328.0
2523 328.0
2524 328.0
2525 328.0
2526 328.0
2527 328.0
2528 328.0
2529 328.0
2530 328.0
2531 328.0
2532 328.0
2533 328.0
2534 328.0
2535 328.0
2536 328.0
2537 328.0
2538 328.0
2539 328.0
2540 328.0
2541 328.0
2542 328.0
2543 328.0
2544 328.0
2545 328.0
2546 328.0
2547 328.0
2548 328.0
2549 328.0
2550 328.0
2551 328.0
2552 328.0
2553 328.0
2554 328.0
2555 328.0
2556 328.0
2557 328.0
2558 328.0
2559 328.0
2560 328.0
2561 328.0
2562 328.0
2563 328.0
2564 328.0
2565 328.0
2566 328.0
2567 328.0
2568 328.0
2569 328.0
2570 328.0
2571 328.0
2572 328.0
2573 328.0
2574 328.0
2575 328.0
2576 328.0
2577 328.0
2578 328.0
2579 328.0
2580 328.0
2581 328.0
2582 328.0
2583 328.0
2584 328.0
2585 328.0
2586 328.0
2587 328.0
2588 328.0
2589 328.0
2590 328.0
2591 328.0
2592 328.0
2593 328.0
2594 328.0
2595 328.0
2596 328.0
2597 328.0
2598 328.0
2599 328.0
2600 328.0
2601 328.0
2602 328.0
2603 328.0
2604 328.0
2605 328.0
2606 328.0
2607 328.0
2608 328.0
2609 328.0
2610 328.0
2611 328.0
2612 328.0
2613 328.0
2614 328.0
2615 328.0
2616 328.0
2617 328.0
2618 328.0
2619 328.0
2620 328.0
2621 328.0
2622 328.0
2623 328.0
2624 328.0
2625 328.0
2626 328.0
2627 328.0
2628 328.0
2629 328.0
2630 328.0
2631 328.0
2632 328.0
2633 328.0
2634 328.0
2635 328.0
2636 328.0
2637 328.0
2638 328.0
2639 328.0
2640 328.0
2641 328.0
2642 328.0
2643 328.0
2644 328.0
2645 328.0
2646 328.0
2647 328.0
2648 328.0
2649 328.0
2650 328.0
2651 328.0
2652 328.0
2653 328.0
2654 328.0
2655 328.0
2656 328.0
2657 328.0
2658 328.0
2659 328.0
2660 328.0
2661 328.0
2662 328.0
2663 328.0
2664 328.0
2665 328.0
2666 328.0
2667 328.0
2668 328.0
2669 328.0
2670 328.0
2671 328.0
2672 328.0
2673 328.0
2674 328.0
2675 328.0
2676 328.0
2677 328.0
2678 328.0
2679 328.0
2680 328.0
2681 328.0
2682 328.0
2683 328.0
2684 328.0
2685 328.0
2686 328.0
2687 328.0
2688 328.0
2689 328.0
2690 328.0
2691 328.0
2692 328.0
2693 328.0
2694 328.0
2695 328.0
2696 328.0
2697 328.0
2698 328.0
2699 328.0
2700 328.0
2701 328.0
2702 328.0
2703 328.0
2704 328.0
2705 328.0
2706 328.0
2707 328.0
2708 328.0
2709 328.0
2710 328.0
2711 328.0
2712 328.0
2713 328.0
2714 328.0
2715 328.0
2716 328.0
2717 328.0
2718 328.0
2719 328.0
2720 328.0
2721 328.0
2722 328.0
2723 328.0
2724 328.0
2725 328.0
2726 328.0
2727 328.0
2728 328.0
2729 328.0
2730 328.0
2731 328.0
2732 328.0
2733 328.0
2734 328.0
2735 328.0
2736 328.0
2737 328.0
2738 328.0
2739 328.0
2740 328.0
2741 328.0
2742 328.0
2743 328.0
2744 328.0
2745 328.0
2746 328.0
2747 328.0
2748 328.0
2749 328.0
2750 328.0
2751 328.0
2752 328.0
2753 325.0
2754 325.0
2755 325.0
2756 325.0
2757 325.0
2758 325.0
2759 325.0
2760 325.0
2761 325.0
2762 325.0
2763 325.0
2764 325.0
2765 325.0
2766 325.0
2767 325.0
2768 325.0
2769 325.0
2770 325.0
2771 325.0
2772 325.0
2773 325.0
2774 325.0
2775 325.0
2776 325.0
2777 325.0
2778 325.0
2779 325.0
2780 325.0
2781 325.0
2782 325.0
2783 325.0
2784 325.0
2785 325.0
2786 325.0
2787 325.0
2788 325.0
2789 325.0
2790 325.0
2791 325.0
2792 325.0
2793 325.0
2794 325.0
2795 325.0
2796 325.0
2797 325.0
2798 325.0
2799 325.0
2800 325.0
2801 325.0
2802 325.0
2803 325.0
2804 325.0
2805 325.0
2806 325.0
2807 325.0
2808 325.0
2809 325.0
2810 325.0
2811 325.0
2812 325.0
2813 325.0
2814 325.0
2815 325.0
2816 325.0
2817 325.0
2818 325.0
2819 325.0
2820 325.0
2821 325.0
2822 325.0
2823 325.0
2824 325.0
2825 325.0
2826 325.0
2827 325.0
2828 325.0
2829 325.0
2830 325.0
2831 325.0
2832 325.0
2833 325.0
2834 325.0
2835 325.0
2836 325.0
2837 325.0
2838 325.0
2839 325.0
2840 325.0
2841 325.0
2842 325.0
2843 325.0
2844 325.0
2845 325.0
2846 325.0
2847 325.0
2848 325.0
2849 325.0
2850 325.0
2851 325.0
2852 325.0
2853 325.0
2854 325.0
2855 325.0
2856 325.0
2857 325.0
2858 325.0
2859 325.0
2860 325.0
2861 325.0
2862 325.0
2863 325.0
2864 325.0
2865 325.0
2866 325.0
2867 325.0
2868 325.0
2869 325.0
2870 325.0
2871 325.0
2872 325.0
2873 325.0
2874 325.0
2875 325.0
2876 325.0
2877 325.0
2878 325.0
2879 325.0
2880 325.0
2881 325.0
2882 325.0
2883 325.0
2884 325.0
2885 325.0
2886 325.0
2887 325.0
2888 325.0
2889 325.0
2890 325.0
2891 325.0
2892 325.0
2893 325.0
2894 325.0
2895 325.0
2896 325.0
2897 325.0
2898 325.0
2899 325.0
2900 318.0
2901 318.0
2902 318.0
2903 318.0
2904 318.0
2905 318.0
2906 318.0
2907 318.0
2908 318.0
2909 318.0
2910 318.0
2911 318.0
2912 318.0
2913 318.0
2914 318.0
2915 318.0
2916 318.0
2917 318.0
2918 318.0
2919 318.0
2920 318.0
2921 318.0
2922 318.0
2923 318.0
2924 318.0
2925 318.0
2926 318.0
2927 318.0
2928 318.0
2929 318.0
2930 318.0
2931 318.0
2932 318.0
2933 318.0
2934 318.0
2935 318.0
2936 318.0
2937 318.0
2938 318.0
2939 318.0
2940 318.0
2941 318.0
2942 318.0
2943 318.0
2944 318.0
2945 318.0
2946 318.0
2947 318.0
2948 318.0
2949 318.0
2950 318.0
2951 318.0
2952 318.0
2953 318.0
2954 318.0
2955 318.0
2956 318.0
2957 318.0
2958 318.0
2959 318.0
2960 318.0
2961 318.0
2962 318.0
2963 318.0
2964 318.0
2965 318.0
2966 318.0
2967 318.0
2968 318.0
2969 318.0
2970 318.0
2971 318.0
2972 318.0
2973 318.0
2974 318.0
2975 318.0
2976 318.0
2977 318.0
2978 318.0
2979 318.0
2980 318.0
2981 318.0
2982 318.0
2983 318.0
2984 318.0
2985 318.0
2986 318.0
2987 318.0
2988 318.0
2989 318.0
2990 318.0
2991 318.0
2992 318.0
2993 318.0
2994 318.0
2995 318.0
2996 318.0
2997 318.0
2998 318.0
2999 318.0
3000 318.0
3001 318.0
3002 318.0
3003 318.0
3004 318.0
3005 318.0
3006 318.0
3007 318.0
3008 318.0
3009 318.0
3010 318.0
3011 318.0
3012 318.0
3013 318.0
3014 318.0
3015 318.0
3016 318.0
3017 318.0
3018 318.0
3019 318.0
3020 318.0
3021 318.0
3022 318.0
3023 318.0
3024 318.0
3025 318.0
3026 318.0
3027 318.0
3028 318.0
3029 318.0
3030 318.0
3031 318.0
3032 318.0
3033 318.0
3034 318.0
3035 318.0
3036 318.0
3037 318.0
3038 318.0
3039 318.0
3040 318.0
3041 318.0
3042 318.0
3043 318.0
3044 318.0
3045 318.0
3046 318.0
3047 318.0
3048 318.0
3049 318.0
3050 318.0
3051 318.0
3052 318.0
3053 318.0
3054 318.0
3055 318.0
3056 318.0
3057 318.0
3058 318.0
3059 318.0
3060 318.0
3061 318.0
3062 318.0
3063 318.0
3064 318.0
3065 318.0
3066 318.0
3067 318.0
3068 318.0
3069 318.0
3070 318.0
3071 318.0
3072 318.0
3073 318.0
3074 318.0
3075 318.0
3076 318.0
3077 318.0
3078 318.0
3079 318.0
3080 318.0
3081 318.0
3082 318.0
3083 318.0
3084 318.0
3085 318.0
3086 318.0
3087 318.0
3088 318.0
3089 318.0
3090 318.0
3091 318.0
3092 318.0
3093 318.0
3094 318.0
3095 318.0
3096 318.0
3097 318.0
3098 318.0
3099 318.0
3100 318.0
3101 318.0
3102 318.0
3103 318.0
3104 318.0
3105 318.0
3106 318.0
3107 318.0
3108 318.0
3109 318.0
3110 318.0
3111 318.0
3112 318.0
3113 318.0
3114 318.0
3115 318.0
3116 318.0
3117 318.0
3118 318.0
3119 318.0
3120 318.0
3121 318.0
3122 318.0
3123 318.0
3124 318.0
3125 318.0
3126 318.0
3127 318.0
3128 318.0
3129 318.0
3130 318.0
3131 318.0
3132 318.0
3133 318.0
3134 318.0
3135 318.0
3136 318.0
3137 318.0
3138 318.0
3139 318.0
3140 318.0
3141 318.0
3142 318.0
3143 318.0
3144 318.0
3145 318.0
3146 318.0
3147 318.0
3148 318.0
3149 318.0
3150 318.0
3151 318.0
3152 318.0
3153 318.0
3154 318.0
3155 318.0
3156 318.0
3157 318.0
3158 318.0
3159 318.0
3160 318.0
3161 318.0
3162 318.0
3163 318.0
3164 318.0
3165 318.0
3166 318.0
3167 318.0
3168 318.0
3169 318.0
3170 318.0
3171 318.0
3172 318.0
3173 318.0
3174 318.0
3175 318.0
3176 318.0
3177 318.0
3178 318.0
3179 318.0
3180 318.0
3181 318.0
3182 318.0
3183 318.0
3184 318.0
3185 318.0
3186 318.0
3187 318.0
3188 318.0
3189 318.0
3190 318.0
3191 318.0
3192 318.0
3193 318.0
3194 318.0
3195 318.0
3196 318.0
3197 318.0
3198 318.0
3199 318.0
3200 318.0
3201 318.0
3202 318.0
3203 318.0
3204 318.0
3205 318.0
3206 318.0
3207 318.0
3208 318.0
3209 318.0
3210 318.0
3211 318.0
3212 318.0
3213 318.0
3214 318.0
3215 318.0
3216 318.0
3217 318.0
3218 318.0
3219 318.0
3220 318.0
3221 318.0
3222 318.0
3223 318.0
3224 318.0
3225 318.0
3226 318.0
3227 318.0
3228 318.0
3229 318.0
3230 318.0
3231 318.0
3232 318.0
3233 318.0
3234 318.0
3235 318.0
3236 318.0
3237 318.0
3238 318.0
3239 318.0
3240 318.0
3241 318.0
3242 318.0
3243 318.0
3244 318.0
3245 318.0
3246 318.0
3247 318.0
3248 318.0
3249 318.0
3250 318.0
3251 318.0
3252 318.0
3253 318.0
3254 318.0
3255 318.0
3256 318.0
3257 318.0
3258 318.0
3259 318.0
3260 318.0
3261 318.0
3262 318.0
3263 318.0
3264 318.0
3265 318.0
3266 318.0
3267 318.0
3268 318.0
3269 318.0
3270 318.0
3271 318.0
3272 318.0
3273 318.0
3274 318.0
3275 318.0
3276 318.0
3277 318.0
3278 318.0
3279 318.0
3280 318.0
3281 318.0
3282 318.0
3283 318.0
3284 318.0
3285 318.0
3286 318.0
3287 318.0
3288 318.0
3289 318.0
3290 318.0
3291 318.0
3292 318.0
3293 318.0
3294 318.0
3295 318.0
3296 318.0
3297 318.0
3298 318.0
3299 318.0
3300 318.0
3301 318.0
3302 318.0
3303 318.0
3304 318.0
3305 318.0
3306 318.0
3307 318.0
3308 318.0
3309 318.0
3310 318.0
3311 318.0
3312 318.0
3313 318.0
3314 318.0
3315 318.0
3316 318.0
3317 318.0
3318 318.0
3319 318.0
3320 318.0
3321 318.0
3322 318.0
3323 318.0
3324 318.0
3325 318.0
3326 318.0
3327 318.0
3328 318.0
3329 318.0
3330 318.0
3331 318.0
3332 318.0
3333 318.0
3334 318.0
3335 318.0
3336 318.0
3337 318.0
3338 318.0
3339 318.0
3340 318.0
3341 318.0
3342 318.0
3343 318.0
3344 318.0
3345 318.0
3346 318.0
3347 318.0
3348 318.0
3349 318.0
3350 318.0
3351 318.0
3352 318.0
3353 318.0
3354 318.0
3355 318.0
3356 318.0
3357 318.0
3358 318.0
3359 318.0
3360 318.0
3361 318.0
3362 318.0
3363 318.0
3364 318.0
3365 318.0
3366 318.0
3367 318.0
3368 318.0
3369 318.0
3370 318.0
3371 318.0
3372 318.0
3373 318.0
3374 318.0
3375 318.0
3376 318.0
3377 318.0
3378 318.0
3379 318.0
3380 318.0
3381 318.0
3382 318.0
3383 318.0
3384 318.0
3385 318.0
3386 318.0
3387 318.0
3388 318.0
3389 318.0
3390 318.0
3391 318.0
3392 318.0
3393 318.0
3394 318.0
3395 318.0
3396 318.0
3397 318.0
3398 318.0
3399 318.0
3400 318.0
3401 318.0
3402 318.0
3403 318.0
3404 318.0
3405 318.0
3406 318.0
3407 318.0
3408 318.0
3409 318.0
3410 318.0
3411 318.0
3412 318.0
3413 318.0
3414 318.0
3415 318.0
3416 318.0
3417 318.0
3418 318.0
3419 318.0
3420 318.0
3421 318.0
3422 318.0
3423 318.0
3424 318.0
3425 318.0
3426 318.0
3427 318.0
3428 318.0
3429 318.0
3430 318.0
3431 318.0
3432 318.0
3433 318.0
3434 318.0
3435 318.0
3436 318.0
3437 318.0
3438 318.0
3439 318.0
3440 318.0
3441 318.0
3442 318.0
3443 318.0
3444 318.0
3445 318.0
3446 318.0
3447 318.0
3448 318.0
3449 318.0
3450 318.0
3451 318.0
3452 318.0
3453 318.0
3454 318.0
3455 318.0
3456 318.0
3457 318.0
3458 318.0
3459 318.0
3460 318.0
3461 318.0
3462 318.0
3463 318.0
3464 318.0
3465 318.0
3466 318.0
3467 318.0
3468 318.0
3469 318.0
3470 318.0
3471 318.0
3472 318.0
3473 318.0
3474 318.0
3475 318.0
3476 318.0
3477 318.0
3478 318.0
3479 318.0
3480 318.0
3481 318.0
3482 318.0
3483 318.0
3484 318.0
3485 318.0
3486 318.0
3487 318.0
3488 318.0
3489 318.0
3490 318.0
3491 318.0
3492 318.0
3493 318.0
3494 318.0
3495 318.0
3496 318.0
3497 318.0
3498 318.0
3499 318.0
3500 318.0
3501 318.0
3502 318.0
3503 318.0
3504 318.0
3505 318.0
3506 318.0
3507 318.0
3508 318.0
3509 318.0
3510 318.0
3511 318.0
3512 318.0
3513 318.0
3514 318.0
3515 318.0
3516 318.0
3517 318.0
3518 318.0
3519 318.0
3520 318.0
3521 318.0
3522 318.0
3523 318.0
3524 318.0
3525 318.0
3526 318.0
3527 318.0
3528 318.0
3529 318.0
3530 318.0
3531 318.0
3532 318.0
3533 318.0
3534 318.0
3535 318.0
3536 318.0
3537 318.0
3538 318.0
3539 318.0
3540 318.0
3541 318.0
3542 318.0
3543 318.0
3544 318.0
3545 318.0
3546 318.0
3547 318.0
3548 318.0
3549 318.0
3550 318.0
3551 318.0
3552 318.0
3553 318.0
3554 318.0
3555 318.0
3556 318.0
3557 318.0
3558 318.0
3559 318.0
3560 318.0
3561 318.0
3562 318.0
3563 318.0
3564 318.0
3565 318.0
3566 318.0
3567 318.0
3568 318.0
3569 318.0
3570 318.0
3571 318.0
3572 318.0
3573 318.0
3574 318.0
3575 318.0
3576 318.0
3577 318.0
3578 318.0
3579 318.0
3580 318.0
3581 318.0
3582 318.0
3583 318.0
3584 318.0
3585 318.0
3586 318.0
3587 318.0
3588 318.0
3589 318.0
3590 318.0
3591 318.0
3592 318.0
3593 318.0
3594 318.0
3595 318.0
3596 318.0
3597 318.0
3598 318.0
3599 318.0
3600 318.0
3601 318.0
3602 318.0
3603 318.0
3604 318.0
3605 318.0
3606 317.0
3607 317.0
3608 317.0
3609 317.0
3610 317.0
3611 317.0
3612 317.0
3613 317.0
3614 317.0
3615 317.0
3616 317.0
3617 317.0
3618 317.0
3619 317.0
3620 317.0
3621 317.0
3622 317.0
3623 317.0
3624 317.0
3625 317.0
3626 317.0
3627 317.0
3628 317.0
3629 317.0
3630 317.0
3631 317.0
3632 317.0
3633 317.0
3634 317.0
3635 317.0
3636 317.0
3637 317.0
3638 317.0
3639 317.0
3640 317.0
3641 317.0
3642 317.0
3643 317.0
3644 317.0
3645 317.0
3646 317.0
3647 317.0
3648 317.0
3649 317.0
3650 317.0
3651 317.0
3652 317.0
3653 317.0
3654 317.0
3655 317.0
3656 317.0
3657 317.0
3658 317.0
3659 317.0
3660 317.0
3661 317.0
3662 317.0
3663 317.0
3664 317.0
3665 317.0
3666 317.0
3667 317.0
3668 317.0
3669 317.0
3670 317.0
3671 317.0
3672 317.0
3673 317.0
3674 317.0
3675 317.0
3676 317.0
3677 317.0
3678 317.0
3679 317.0
3680 317.0
3681 317.0
3682 317.0
3683 317.0
3684 317.0
3685 317.0
3686 317.0
3687 317.0
3688 317.0
3689 317.0
3690 317.0
3691 317.0
3692 317.0
3693 317.0
3694 317.0
3695 317.0
3696 317.0
3697 317.0
3698 317.0
3699 317.0
3700 317.0
3701 317.0
3702 317.0
3703 317.0
3704 317.0
3705 317.0
3706 317.0
3707 317.0
3708 317.0
3709 317.0
3710 317.0
3711 317.0
3712 317.0
3713 317.0
3714 317.0
3715 317.0
3716 317.0
3717 317.0
3718 317.0
3719 317.0
3720 317.0
3721 317.0
3722 317.0
3723 317.0
3724 317.0
3725 317.0
3726 317.0
3727 317.0
3728 317.0
3729 317.0
3730 317.0
3731 317.0
3732 317.0
3733 317.0
3734 317.0
3735 317.0
3736 317.0
3737 317.0
3738 317.0
3739 317.0
3740 317.0
3741 317.0
3742 317.0
3743 317.0
3744 317.0
3745 317.0
3746 317.0
3747 317.0
3748 317.0
3749 317.0
3750 317.0
3751 317.0
3752 317.0
3753 317.0
3754 317.0
3755 317.0
3756 317.0
3757 317.0
3758 317.0
3759 317.0
3760 317.0
3761 317.0
3762 317.0
3763 317.0
3764 317.0
3765 317.0
3766 317.0
3767 317.0
3768 317.0
3769 317.0
3770 317.0
3771 317.0
3772 317.0
3773 317.0
3774 317.0
3775 317.0
3776 317.0
3777 317.0
3778 317.0
3779 317.0
3780 317.0
3781 317.0
3782 317.0
3783 317.0
3784 317.0
3785 317.0
3786 317.0
3787 317.0
3788 317.0
3789 317.0
3790 317.0
3791 317.0
3792 317.0
3793 317.0
3794 317.0
3795 317.0
3796 317.0
3797 317.0
3798 317.0
3799 317.0
3800 317.0
3801 317.0
3802 317.0
3803 317.0
3804 317.0
3805 317.0
3806 317.0
3807 317.0
3808 317.0
3809 317.0
3810 317.0
3811 317.0
3812 317.0
3813 317.0
3814 317.0
3815 317.0
3816 317.0
3817 317.0
3818 317.0
3819 317.0
3820 317.0
3821 317.0
3822 317.0
3823 317.0
3824 317.0
3825 317.0
3826 317.0
3827 317.0
3828 317.0
3829 317.0
3830 317.0
3831 317.0
3832 317.0
3833 317.0
3834 317.0
3835 317.0
3836 317.0
3837 317.0
3838 317.0
3839 317.0
3840 317.0
3841 317.0
3842 317.0
3843 317.0
3844 317.0
3845 317.0
3846 317.0
3847 317.0
3848 317.0
3849 317.0
3850 317.0
3851 317.0
3852 317.0
3853 317.0
3854 317.0
3855 317.0
3856 317.0
3857 317.0
3858 317.0
3859 317.0
3860 317.0
3861 317.0
3862 317.0
3863 317.0
3864 317.0
3865 317.0
3866 317.0
3867 317.0
3868 317.0
3869 317.0
3870 317.0
3871 317.0
3872 317.0
3873 317.0
3874 317.0
3875 317.0
3876 317.0
3877 317.0
3878 317.0
3879 317.0
3880 317.0
3881 317.0
3882 317.0
3883 317.0
3884 317.0
3885 317.0
3886 317.0
3887 317.0
3888 317.0
3889 317.0
3890 317.0
3891 317.0
3892 317.0
3893 317.0
3894 317.0
3895 317.0
3896 317.0
3897 317.0
3898 317.0
3899 317.0
3900 317.0
3901 317.0
3902 317.0
3903 317.0
3904 317.0
3905 317.0
3906 317.0
3907 317.0
3908 317.0
3909 317.0
3910 317.0
3911 317.0
3912 317.0
3913 317.0
3914 317.0
3915 317.0
3916 317.0
3917 317.0
3918 317.0
3919 317.0
3920 317.0
3921 317.0
3922 317.0
3923 317.0
3924 317.0
3925 317.0
3926 317.0
3927 317.0
3928 317.0
3929 317.0
3930 317.0
3931 317.0
3932 317.0
3933 317.0
3934 317.0
3935 317.0
3936 317.0
3937 317.0
3938 317.0
3939 317.0
3940 317.0
3941 317.0
3942 317.0
3943 317.0
3944 317.0
3945 317.0
3946 317.0
3947 317.0
3948 317.0
3949 317.0
3950 317.0
3951 317.0
3952 317.0
3953 317.0
3954 317.0
3955 317.0
3956 317.0
3957 317.0
3958 317.0
3959 317.0
3960 317.0
3961 317.0
3962 317.0
3963 317.0
3964 317.0
3965 317.0
3966 317.0
3967 317.0
3968 317.0
3969 317.0
3970 317.0
3971 317.0
3972 317.0
3973 317.0
3974 317.0
3975 317.0
3976 317.0
3977 317.0
3978 317.0
3979 317.0
3980 317.0
3981 317.0
3982 317.0
3983 317.0
3984 317.0
3985 317.0
3986 317.0
3987 317.0
3988 317.0
3989 317.0
3990 317.0
3991 317.0
3992 317.0
3993 317.0
3994 317.0
3995 317.0
3996 317.0
3997 317.0
3998 317.0
3999 317.0
4000 317.0
4001 317.0
4002 317.0
4003 317.0
4004 317.0
4005 317.0
4006 317.0
4007 317.0
4008 317.0
4009 317.0
4010 317.0
4011 317.0
4012 317.0
4013 317.0
4014 317.0
4015 317.0
4016 317.0
4017 317.0
4018 317.0
4019 317.0
4020 317.0
4021 317.0
4022 317.0
4023 317.0
4024 317.0
4025 317.0
4026 317.0
4027 317.0
4028 317.0
4029 317.0
4030 317.0
4031 317.0
4032 317.0
4033 317.0
4034 317.0
4035 317.0
4036 317.0
4037 317.0
4038 317.0
4039 317.0
4040 317.0
4041 317.0
4042 317.0
4043 317.0
4044 317.0
4045 317.0
4046 317.0
4047 317.0
4048 317.0
4049 317.0
4050 317.0
4051 317.0
4052 317.0
4053 317.0
4054 317.0
4055 317.0
4056 317.0
4057 317.0
4058 317.0
4059 317.0
4060 317.0
4061 317.0
4062 317.0
4063 317.0
4064 317.0
4065 317.0
4066 317.0
4067 317.0
4068 317.0
4069 317.0
4070 317.0
4071 317.0
4072 317.0
4073 317.0
4074 317.0
4075 317.0
4076 317.0
4077 317.0
4078 317.0
4079 317.0
4080 317.0
4081 317.0
4082 317.0
4083 317.0
4084 317.0
4085 317.0
4086 317.0
4087 317.0
4088 317.0
4089 317.0
4090 317.0
4091 317.0
4092 317.0
4093 317.0
4094 317.0
4095 317.0
4096 317.0
4097 317.0
4098 317.0
4099 317.0
4100 317.0
4101 317.0
4102 317.0
4103 317.0
4104 317.0
4105 317.0
4106 317.0
4107 317.0
4108 317.0
4109 317.0
4110 317.0
4111 317.0
4112 317.0
4113 317.0
4114 317.0
4115 317.0
4116 317.0
4117 317.0
4118 317.0
4119 317.0
4120 317.0
4121 317.0
4122 317.0
4123 317.0
4124 317.0
4125 317.0
4126 317.0
4127 317.0
4128 317.0
4129 317.0
4130 317.0
4131 317.0
4132 317.0
4133 317.0
4134 317.0
4135 317.0
4136 317.0
4137 317.0
4138 317.0
4139 317.0
4140 317.0
4141 317.0
4142 317.0
4143 317.0
4144 317.0
4145 317.0
4146 317.0
4147 317.0
4148 317.0
4149 317.0
4150 317.0
4151 317.0
4152 317.0
4153 317.0
4154 317.0
4155 317.0
4156 317.0
4157 317.0
4158 317.0
4159 317.0
4160 317.0
4161 317.0
4162 317.0
4163 317.0
4164 317.0
4165 317.0
4166 317.0
4167 317.0
4168 317.0
4169 317.0
4170 317.0
4171 317.0
4172 317.0
4173 317.0
4174 317.0
4175 317.0
4176 317.0
4177 317.0
4178 317.0
4179 317.0
4180 317.0
4181 317.0
4182 317.0
4183 317.0
4184 317.0
4185 317.0
4186 317.0
4187 317.0
4188 317.0
4189 317.0
4190 317.0
4191 317.0
4192 317.0
4193 317.0
4194 317.0
4195 317.0
4196 317.0
4197 317.0
4198 317.0
4199 317.0
4200 317.0
4201 317.0
4202 317.0
4203 317.0
4204 317.0
4205 317.0
4206 317.0
4207 317.0
4208 317.0
4209 317.0
4210 317.0
4211 317.0
4212 317.0
4213 317.0
4214 317.0
4215 317.0
4216 317.0
4217 317.0
4218 317.0
4219 317.0
4220 317.0
4221 317.0
4222 317.0
4223 317.0
4224 317.0
4225 317.0
4226 317.0
4227 317.0
4228 317.0
4229 317.0
4230 317.0
4231 317.0
4232 317.0
4233 317.0
4234 317.0
4235 317.0
4236 317.0
4237 317.0
4238 317.0
4239 317.0
4240 317.0
4241 317.0
4242 317.0
4243 317.0
4244 317.0
4245 317.0
4246 317.0
4247 317.0
4248 317.0
4249 317.0
4250 317.0
4251 317.0
4252 317.0
4253 317.0
4254 317.0
4255 317.0
4256 317.0
4257 317.0
4258 317.0
4259 317.0
4260 317.0
4261 317.0
4262 317.0
4263 317.0
4264 317.0
4265 317.0
4266 317.0
4267 317.0
4268 317.0
4269 317.0
4270 317.0
4271 317.0
4272 317.0
4273 317.0
4274 317.0
4275 317.0
4276 317.0
4277 317.0
4278 317.0
4279 317.0
4280 317.0
4281 317.0
4282 317.0
4283 317.0
4284 317.0
4285 317.0
4286 317.0
4287 317.0
4288 317.0
4289 317.0
4290 317.0
4291 317.0
4292 317.0
4293 317.0
4294 317.0
4295 317.0
4296 317.0
4297 317.0
4298 317.0
4299 317.0
4300 317.0
4301 317.0
4302 317.0
4303 317.0
4304 317.0
4305 317.0
4306 317.0
4307 317.0
4308 317.0
4309 317.0
4310 317.0
4311 317.0
4312 317.0
4313 317.0
4314 317.0
4315 317.0
4316 317.0
4317 317.0
4318 317.0
4319 317.0
4320 317.0
4321 317.0
4322 317.0
4323 317.0
4324 317.0
4325 317.0
4326 317.0
4327 317.0
4328 317.0
4329 317.0
4330 317.0
4331 317.0
4332 317.0
4333 317.0
4334 317.0
4335 317.0
4336 317.0
4337 317.0
4338 317.0
4339 317.0
4340 317.0
4341 317.0
4342 317.0
4343 317.0
4344 317.0
4345 317.0
4346 317.0
4347 317.0
4348 317.0
4349 317.0
4350 317.0
4351 317.0
4352 317.0
4353 317.0
4354 317.0
4355 317.0
4356 317.0
4357 317.0
4358 317.0
4359 317.0
4360 317.0
4361 317.0
4362 317.0
4363 317.0
4364 317.0
4365 317.0
4366 317.0
4367 317.0
4368 317.0
4369 317.0
4370 317.0
4371 317.0
4372 317.0
4373 317.0
4374 317.0
4375 317.0
4376 317.0
4377 317.0
4378 317.0
4379 317.0
4380 317.0
4381 317.0
4382 317.0
4383 317.0
4384 317.0
4385 317.0
4386 317.0
4387 317.0
4388 317.0
4389 317.0
4390 317.0
4391 317.0
4392 317.0
4393 317.0
4394 317.0
4395 317.0
4396 317.0
4397 317.0
4398 317.0
4399 317.0
4400 317.0
4401 317.0
4402 317.0
4403 317.0
4404 317.0
4405 317.0
4406 317.0
4407 317.0
4408 317.0
4409 317.0
4410 317.0
4411 317.0
4412 317.0
4413 317.0
4414 317.0
4415 317.0
4416 317.0
4417 317.0
4418 317.0
4419 317.0
4420 317.0
4421 317.0
4422 317.0
4423 317.0
4424 317.0
4425 317.0
4426 317.0
4427 317.0
4428 317.0
4429 317.0
4430 317.0
4431 317.0
4432 317.0
4433 317.0
4434 317.0
4435 317.0
4436 317.0
4437 317.0
4438 317.0
4439 317.0
4440 317.0
4441 317.0
4442 317.0
4443 317.0
4444 317.0
4445 317.0
4446 317.0
4447 317.0
4448 317.0
4449 317.0
4450 317.0
4451 317.0
4452 317.0
4453 317.0
4454 317.0
4455 317.0
4456 317.0
4457 317.0
4458 317.0
4459 317.0
4460 317.0
4461 317.0
4462 317.0
4463 317.0
4464 317.0
4465 317.0
4466 317.0
4467 317.0
4468 317.0
4469 317.0
4470 317.0
4471 317.0
4472 317.0
4473 317.0
4474 317.0
4475 317.0
4476 317.0
4477 317.0
4478 317.0
4479 317.0
4480 317.0
4481 317.0
4482 317.0
4483 317.0
4484 317.0
4485 317.0
4486 317.0
4487 317.0
4488 317.0
4489 317.0
4490 317.0
4491 317.0
4492 317.0
4493 317.0
4494 317.0
4495 317.0
4496 317.0
4497 317.0
4498 317.0
4499 317.0
4500 317.0
4501 317.0
4502 317.0
4503 317.0
4504 317.0
4505 317.0
4506 317.0
4507 317.0
4508 317.0
4509 317.0
4510 317.0
4511 317.0
4512 317.0
4513 317.0
4514 317.0
4515 317.0
4516 317.0
4517 317.0
4518 317.0
4519 317.0
4520 317.0
4521 317.0
4522 317.0
4523 317.0
4524 317.0
4525 317.0
4526 317.0
4527 317.0
4528 317.0
4529 317.0
4530 317.0
4531 317.0
4532 317.0
4533 317.0
4534 317.0
4535 317.0
4536 317.0
4537 317.0
4538 317.0
4539 317.0
4540 317.0
4541 317.0
4542 317.0
4543 317.0
4544 317.0
4545 317.0
4546 317.0
4547 317.0
4548 317.0
4549 317.0
4550 317.0
4551 317.0
4552 317.0
4553 317.0
4554 317.0
4555 317.0
4556 317.0
4557 317.0
4558 317.0
4559 317.0
4560 317.0
4561 317.0
4562 317.0
4563 317.0
4564 317.0
4565 317.0
4566 317.0
4567 317.0
4568 317.0
4569 317.0
4570 317.0
4571 317.0
4572 317.0
4573 317.0
4574 317.0
4575 317.0
4576 317.0
4577 317.0
4578 317.0
4579 317.0
4580 317.0
4581 317.0
4582 317.0
4583 317.0
4584 317.0
4585 317.0
4586 317.0
4587 317.0
4588 317.0
4589 317.0
4590 317.0
4591 317.0
4592 317.0
4593 317.0
4594 317.0
4595 317.0
4596 317.0
4597 317.0
4598 317.0
4599 317.0
4600 317.0
4601 317.0
4602 317.0
4603 317.0
4604 317.0
4605 317.0
4606 317.0
4607 317.0
4608 317.0
4609 317.0
4610 317.0
4611 317.0
4612 317.0
4613 317.0
4614 317.0
4615 317.0
4616 317.0
4617 317.0
4618 317.0
4619 317.0
4620 317.0
4621 317.0
4622 317.0
4623 317.0
4624 317.0
4625 317.0
4626 317.0
4627 317.0
4628 317.0
4629 317.0
4630 317.0
4631 317.0
4632 317.0
4633 317.0
4634 317.0
4635 317.0
4636 317.0
4637 317.0
4638 317.0
4639 317.0
4640 317.0
4641 317.0
4642 317.0
4643 317.0
4644 317.0
4645 317.0
4646 317.0
4647 317.0
4648 317.0
4649 317.0
4650 317.0
4651 317.0
4652 317.0
4653 317.0
4654 317.0
4655 317.0
4656 317.0
4657 317.0
4658 317.0
4659 317.0
4660 317.0
4661 317.0
4662 317.0
4663 317.0
4664 317.0
4665 317.0
4666 317.0
4667 317.0
4668 317.0
4669 317.0
4670 317.0
4671 317.0
4672 317.0
4673 317.0
4674 317.0
4675 317.0
4676 317.0
4677 317.0
4678 317.0
4679 317.0
4680 317.0
4681 317.0
4682 317.0
4683 317.0
4684 317.0
4685 317.0
4686 317.0
4687 317.0
4688 317.0
4689 317.0
4690 317.0
4691 317.0
4692 317.0
4693 317.0
4694 317.0
4695 317.0
4696 317.0
4697 317.0
4698 317.0
4699 317.0
4700 317.0
4701 317.0
4702 317.0
4703 317.0
4704 317.0
4705 317.0
4706 317.0
4707 317.0
4708 317.0
4709 317.0
4710 317.0
4711 317.0
4712 317.0
4713 317.0
4714 317.0
4715 317.0
4716 317.0
4717 317.0
4718 317.0
4719 317.0
4720 317.0
4721 317.0
4722 317.0
4723 317.0
4724 317.0
4725 317.0
4726 317.0
4727 317.0
4728 317.0
4729 317.0
4730 317.0
4731 317.0
4732 317.0
4733 317.0
4734 317.0
4735 317.0
4736 317.0
4737 317.0
4738 317.0
4739 317.0
4740 317.0
4741 317.0
4742 317.0
4743 317.0
4744 317.0
4745 317.0
4746 317.0
4747 317.0
4748 317.0
4749 317.0
4750 317.0
4751 317.0
4752 317.0
4753 317.0
4754 317.0
4755 317.0
4756 317.0
4757 317.0
4758 317.0
4759 317.0
4760 317.0
4761 317.0
4762 317.0
4763 317.0
4764 317.0
4765 317.0
4766 317.0
4767 317.0
4768 317.0
4769 317.0
4770 317.0
4771 317.0
4772 317.0
4773 317.0
4774 317.0
4775 317.0
4776 317.0
4777 317.0
4778 317.0
4779 317.0
4780 317.0
4781 317.0
4782 317.0
4783 317.0
4784 317.0
4785 317.0
4786 317.0
4787 317.0
4788 317.0
4789 317.0
4790 317.0
4791 317.0
4792 317.0
4793 317.0
4794 317.0
4795 317.0
4796 317.0
4797 317.0
4798 317.0
4799 317.0
4800 317.0
4801 317.0
4802 317.0
4803 317.0
4804 317.0
4805 317.0
4806 317.0
4807 317.0
4808 317.0
4809 317.0
4810 317.0
4811 317.0
4812 317.0
4813 317.0
4814 317.0
4815 317.0
4816 317.0
4817 317.0
4818 317.0
4819 317.0
4820 317.0
4821 317.0
4822 317.0
4823 317.0
4824 317.0
4825 317.0
4826 317.0
4827 317.0
4828 317.0
4829 317.0
4830 317.0
4831 317.0
4832 317.0
4833 317.0
4834 317.0
4835 317.0
4836 317.0
4837 317.0
4838 317.0
4839 317.0
4840 317.0
4841 317.0
4842 317.0
4843 317.0
4844 317.0
4845 317.0
4846 317.0
4847 317.0
4848 317.0
4849 317.0
4850 317.0
4851 317.0
4852 317.0
4853 317.0
4854 317.0
4855 317.0
4856 317.0
4857 317.0
4858 317.0
4859 317.0
4860 317.0
4861 317.0
4862 317.0
4863 317.0
4864 317.0
4865 317.0
4866 317.0
4867 317.0
4868 317.0
4869 317.0
4870 317.0
4871 317.0
4872 317.0
4873 317.0
4874 317.0
4875 317.0
4876 317.0
4877 317.0
4878 317.0
4879 317.0
4880 317.0
4881 317.0
4882 317.0
4883 317.0
4884 317.0
4885 317.0
4886 317.0
4887 317.0
4888 317.0
4889 317.0
4890 317.0
4891 317.0
4892 317.0
4893 317.0
4894 317.0
4895 317.0
4896 317.0
4897 317.0
4898 317.0
4899 317.0
4900 317.0
4901 317.0
4902 317.0
4903 317.0
4904 317.0
4905 317.0
4906 317.0
4907 317.0
4908 317.0
4909 317.0
4910 317.0
4911 317.0
4912 317.0
4913 317.0
4914 317.0
4915 317.0
4916 317.0
4917 317.0
4918 317.0
4919 317.0
4920 317.0
4921 317.0
4922 317.0
4923 317.0
4924 317.0
4925 317.0
4926 317.0
4927 317.0
4928 317.0
4929 317.0
4930 317.0
4931 317.0
4932 317.0
4933 317.0
4934 317.0
4935 317.0
4936 317.0
4937 317.0
4938 317.0
4939 317.0
4940 317.0
4941 317.0
4942 317.0
4943 317.0
4944 317.0
4945 317.0
4946 317.0
4947 317.0
4948 317.0
4949 317.0
4950 317.0
4951 317.0
4952 317.0
4953 317.0
4954 317.0
4955 317.0
4956 317.0
4957 317.0
4958 317.0
4959 317.0
4960 317.0
4961 317.0
4962 317.0
4963 317.0
4964 317.0
4965 317.0
4966 317.0
4967 317.0
4968 317.0
4969 317.0
4970 317.0
4971 317.0
4972 317.0
4973 317.0
4974 317.0
4975 317.0
4976 317.0
4977 317.0
4978 317.0
4979 317.0
4980 317.0
4981 317.0
4982 317.0
4983 317.0
4984 317.0
4985 317.0
4986 317.0
4987 317.0
4988 317.0
4989 317.0
4990 317.0
4991 317.0
4992 317.0
4993 317.0
4994 317.0
4995 317.0
4996 317.0
4997 317.0
4998 317.0
4999 317.0
