0 23
1 24
2 26
3 26
4 26
5 26
6 26
7 27
8 27
9 28
10 28
11 29
12 30
13 30
14 31
15 31
16 31
17 31
18 31
19 32
20 32
21 32
22 32
23 32
24 32
25 32
26 32
27 32
28 32
29 32
40 34
41 35
42 35
43 35
44 35
45 38
46 38
47 38
48 38
49 38
50 38
51 38
52 38
53 38
54 39
55 39
56 39
57 39
58 39
59 39
60 39
61 39
62 39
63 39
64 40
65 40
66 41
67 41
68 41
69 41
70 42
71 42
72 44
73 45
74 46
75 46
76 48
77 48
78 48
79 48
80 48
81 48
82 49
83 49
84 49
85 49
86 49
87 50
88 50
89 50
90 50
91 50
92 50
93 50
94 50
95 50
96 50
97 50
108 51
109 51
110 51
111 51
112 51
113 51
114 51
115 51
116 51
117 51
128 56
129 56
130 56
131 56
132 56
133 57
134 57
135 57
136 57
137 57
138 57
139 57
140 57
141 57
142 57
143 57
154 61
155 61
156 62
157 62
158 62
159 63
160 66
161 66
162 66
163 66
164 66
165 66
166 66
167 66
168 66
169 66
170 66
181 66
182 66
183 66
184 67
185 67
186 67
187 67
188 67
189 67
190 67
191 67
192 67
193 67
194 67
205 70
206 70
207 70
208 70
209 70
210 70
211 70
212 70
213 70
214 70
225 72
226 72
227 72
228 72
229 72
230 72
231 74
232 74
233 74
234 74
235 74
236 76
237 76
238 76
239 76
240 76
241 76
242 76
243 77
244 77
245 77
246 77
247 77
248 77
249 77
250 77
251 77
252 77
253 77
264 77
265 77
266 77
267 78
268 78
269 78
270 79
271 80
272 80
273 80
274 80
275 81
276 81
277 81
278 81
279 81
280 81
281 81
282 81
283 81
284 81
285 81
296 82
297 82
298 82
299 82
300 82
301 82
302 83
303 83
304 83
305 83
306 83
307 83
308 83
309 83
310 83
311 83
312 83
323 84
324 84
325 84
326 84
327 84
328 84
329 84
330 84
331 84
332 84
343 83
344 83
345 83
346 84
347 84
348 84
349 85
350 85
351 85
352 85
353 85
354 85
355 85
356 85
357 85
358 85
359 85
370 85
371 85
372 85
373 85
374 85
375 85
376 85
377 85
378 85
379 85
390 85
391 85
392 85
393 85
394 85
395 85
396 85
397 85
398 85
399 85
410 85
411 85
412 85
413 85
414 85
415 85
416 85
417 85
418 85
419 85
420 85
431 85
432 85
433 85
434 85
435 85
436 85
437 85
438 85
439 85
440 85
451 85
452 85
453 85
454 85
455 85
456 85
457 85
458 85
459 85
460 85
471 85
472 85
473 85
474 85
475 85
476 85
477 85
478 85
479 85
480 85
491 85
492 85
493 85
494 85
495 85
496 85
497 85
498 85
499 85
500 85
511 85
512 85
513 85
514 85
515 85
516 85
517 85
518 85
519 85
520 85
531 84
532 84
533 84
534 84
535 84
536 84
537 84
538 84
539 84
540 84
551 85
552 85
553 85
554 85
555 85
556 85
557 85
558 85
559 85
560 85
571 84
572 84
573 84
574 84
575 84
576 84
577 84
578 84
579 84
580 85
581 85
582 85
583 85
584 85
585 85
586 85
587 85
588 85
589 85
590 85
601 84
602 84
603 84
604 84
605 84
606 84
607 85
608 85
609 85
610 85
611 85
612 85
613 85
614 85
615 85
616 85
617 85
628 84
629 84
630 84
631 84
632 84
633 84
634 84
635 84
636 84
637 84
648 85
649 85
650 85
651 85
652 85
653 85
654 85
655 85
656 85
657 85
668 85
669 86
670 86
671 86
672 86
673 86
674 86
675 86
676 86
677 86
678 86
679 86
690 85
691 85
692 85
693 85
694 85
695 85
696 85
697 85
698 85
699 85
710 86
711 86
712 86
713 86
714 86
715 86
716 86
717 86
718 86
719 86
730 86
731 86
732 86
733 86
734 86
735 86
736 86
737 86
738 86
739 86
750 85
751 85
752 85
753 85
754 85
755 85
756 85
757 85
758 85
759 85
770 85
771 85
772 85
773 85
774 85
775 85
776 86
777 86
778 86
779 86
780 86
781 86
782 86
783 86
784 86
785 86
786 86
797 86
798 86
799 86
800 86
801 86
802 86
803 86
804 86
805 86
806 86
817 85
818 85
819 85
820 86
821 86
822 86
823 86
824 86
825 86
826 86
827 86
828 86
829 86
830 86
841 86
842 86
843 86
844 86
845 86
846 86
847 86
848 86
849 86
850 86
851 86
862 86
863 86
864 86
865 86
866 86
867 86
868 86
869 86
870 86
871 86
882 86
883 86
884 86
885 86
886 86
887 86
888 86
889 86
890 86
891 86
902 85
903 85
904 85
905 85
906 85
907 85
908 85
909 85
910 86
911 86
912 86
913 86
914 86
915 86
916 86
917 86
918 86
919 86
920 86
931 87
932 87
933 87
934 87
935 87
936 88
937 88
938 88
939 88
940 88
941 88
942 88
943 88
944 88
945 88
946 88
957 88
958 88
959 88
960 88
961 88
962 88
963 88
964 88
965 88
966 88
977 88
978 88
979 88
980 88
981 88
982 88
983 88
984 88
985 88
986 88
997 86
998 86
999 86
1000 86
1001 86
1002 86
1003 86
1004 86
1005 87
1006 87
1007 87
1008 87
1009 87
1010 87
1011 87
1012 87
1013 87
1014 87
1015 87
1026 87
1027 87
1028 87
1029 87
1030 87
1031 87
1032 87
1033 87
1034 87
1035 87
1046 85
1047 85
1048 85
1049 86
1050 86
1051 86
1052 86
1053 86
1054 86
1055 86
1056 86
1057 86
1058 86
1059 86
1070 85
1071 85
1072 85
1073 85
1074 85
1075 85
1076 85
1077 85
1078 85
1079 85
1090 86
1091 86
1092 86
1093 86
1094 86
1095 86
1096 86
1097 86
1098 86
1099 86
1110 86
1111 86
1112 86
1113 86
1114 86
1115 86
1116 86
1117 86
1118 86
1119 86
1130 85
1131 85
1132 85
1133 85
1134 85
1135 85
1136 85
1137 85
1138 85
1139 85
1150 85
1151 85
1152 85
1153 85
1154 85
1155 85
1156 85
1157 85
1158 85
1159 85
1170 85
1171 86
1172 86
1173 86
1174 86
1175 86
1176 86
1177 86
1178 87
1179 87
1180 87
1181 87
1182 87
1183 87
1184 87
1185 87
1186 87
1187 87
1188 87
1199 87
1200 87
1201 87
1202 87
1203 87
1204 87
1205 87
1206 87
1207 87
1208 87
1219 86
1220 86
1221 86
1222 87
1223 87
1224 87
1225 87
1226 87
1227 88
1228 88
1229 88
1230 88
1231 88
1232 88
1233 88
1234 89
1235 89
1236 89
1237 89
1238 89
1239 89
1240 89
1241 89
1242 89
1243 89
1244 89
1255 89
1256 89
1257 89
1258 89
1259 89
1260 89
1261 89
1262 89
1263 89
1264 89
1275 89
1276 89
1277 89
1278 89
1279 89
1280 89
1281 89
1282 89
1283 89
1284 89
1295 89
1296 89
1297 89
1298 89
1299 89
1300 89
1301 89
1302 89
1303 89
1304 89
1315 89
1316 89
1317 89
1318 89
1319 89
1320 89
1321 89
1322 89
1323 89
1324 89
1335 88
1336 88
1337 88
1338 88
1339 88
1340 88
1341 88
1342 88
1343 88
1344 88
1355 88
1356 88
1357 88
1358 88
1359 88
1360 88
1361 88
1362 88
1363 88
1364 88
1365 88
1376 88
1377 88
1378 88
1379 88
1380 88
1381 88
1382 88
1383 88
1384 88
1385 88
1396 88
1397 88
1398 88
1399 88
1400 88
1401 88
1402 88
1403 88
1404 88
1405 88
1416 89
1417 89
1418 89
1419 89
1420 89
1421 89
1422 89
1423 89
1424 89
1425 89
1436 88
1437 88
1438 89
1439 89
1440 89
1441 89
1442 90
1443 90
1444 90
1445 90
1446 90
1447 90
1448 90
1449 90
1450 90
1451 90
1452 90
1463 89
1464 89
1465 89
1466 89
1467 89
1468 89
1469 89
1470 89
1471 89
1472 89
1483 89
1484 91
1485 91
1486 91
1487 91
1488 92
1489 92
1490 92
1491 92
1492 92
1493 92
1494 92
1495 92
1496 92
1497 92
1498 92
1509 92
1510 92
1511 92
1512 92
1513 92
1514 92
1515 92
1516 92
1517 92
1518 92
1529 91
1530 91
1531 91
1532 91
1533 91
1534 91
1535 91
1536 91
1537 91
1538 91
1549 91
1550 91
1551 91
1552 91
1553 91
1554 91
1555 91
1556 91
1557 91
1558 91
1569 90
1570 90
1571 90
1572 90
1573 90
1574 90
1575 90
1576 90
1577 90
1578 90
1589 90
1590 90
1591 90
1592 90
1593 90
1594 90
1595 90
1596 90
1597 90
1598 90
1609 89
1610 89
1611 89
1612 89
1613 89
1614 89
1615 89
1616 89
1617 89
1618 89
1629 89
1630 89
1631 89
1632 89
1633 89
1634 89
1635 89
1636 89
1637 89
1638 89
1649 90
1650 90
1651 90
1652 90
1653 90
1654 90
1655 90
1656 90
1657 90
1658 90
1669 90
1670 90
1671 90
1672 90
1673 90
1674 90
1675 90
1676 90
1677 90
1678 90
1689 90
1690 90
1691 90
1692 90
1693 90
1694 90
1695 90
1696 90
1697 90
1698 90
1709 89
1710 89
1711 89
1712 89
1713 89
1714 89
1715 89
1716 89
1717 89
1718 89
1729 89
1730 89
1731 89
1732 89
1733 89
1734 89
1735 89
1736 89
1737 89
1738 89
1749 89
1750 89
1751 89
1752 89
1753 89
1754 89
1755 89
1756 89
1757 89
1758 89
1769 89
1770 89
1771 89
1772 89
1773 89
1774 89
1775 89
1776 89
1777 89
1778 89
1789 89
1790 89
1791 89
1792 89
1793 89
1794 89
1795 89
1796 89
1797 89
1798 89
1809 89
1810 89
1811 89
1812 89
1813 89
1814 89
1815 89
1816 89
1817 89
1818 89
1829 89
1830 89
1831 89
1832 89
1833 89
1834 89
1835 89
1836 89
1837 89
1838 90
1839 90
1840 90
1841 90
1842 90
1843 90
1844 90
1845 90
1846 90
1847 90
1848 90
1859 90
1860 90
1861 90
1862 90
1863 90
1864 90
1865 90
1866 90
1867 90
1868 90
1879 89
1880 89
1881 89
1882 89
1883 89
1884 89
1885 89
1886 89
1887 89
1888 89
1899 90
1900 90
1901 90
1902 90
1903 90
1904 90
1905 90
1906 90
1907 90
1908 90
1919 91
1920 91
1921 91
1922 91
1923 91
1924 91
1925 91
1926 91
1927 91
1928 91
1939 90
1940 90
1941 90
1942 91
1943 91
1944 91
1945 91
1946 91
1947 91
1948 91
1949 91
1950 91
1951 91
1952 91
1963 91
1964 91
1965 91
1966 91
1967 91
1968 91
1969 91
1970 91
1971 91
1972 91
1983 91
1984 91
1985 91
1986 91
1987 91
1988 91
1989 91
1990 91
1991 91
1992 91
2003 90
2004 90
2005 90
2006 90
2007 90
2008 90
2009 90
2010 90
2011 90
2012 90
2023 90
2024 90
2025 90
2026 90
2027 90
2028 90
2029 90
2030 90
2031 90
2032 90
2043 90
2044 90
2045 90
2046 90
2047 90
2048 90
2049 90
2050 90
2051 90
2052 90
2063 89
2064 89
2065 89
2066 89
2067 89
2068 89
2069 89
2070 89
2071 89
2072 89
2083 90
2084 90
2085 90
2086 90
2087 90
2088 90
2089 90
2090 90
2091 90
2092 90
2103 90
2104 90
2105 90
2106 90
2107 90
2108 90
2109 90
2110 90
2111 90
2112 90
2123 89
2124 89
2125 89
2126 89
2127 89
2128 89
2129 89
2130 89
2131 90
2132 90
2133 90
2134 90
2135 90
2136 90
2137 90
2138 90
2139 90
2140 90
2141 90
2152 89
2153 89
2154 89
2155 89
2156 89
2157 89
2158 89
2159 89
2160 89
2161 89
2172 90
2173 90
2174 90
2175 90
2176 90
2177 90
2178 90
2179 90
2180 90
2181 90
2182 90
2193 89
2194 89
2195 89
2196 89
2197 89
2198 89
2199 89
2200 89
2201 90
2202 90
2203 90
2204 90
2205 90
2206 90
2207 90
2208 90
2209 90
2210 90
2211 90
2222 90
2223 90
2224 90
2225 90
2226 90
2227 91
2228 91
2229 91
2230 91
2231 91
2232 91
2233 91
2234 91
2235 91
2236 91
2237 91
2248 91
2249 91
2250 91
2251 91
2252 91
2253 91
2254 91
2255 91
2256 91
2257 91
2268 91
2269 91
2270 91
2271 91
2272 91
2273 91
2274 91
2275 91
2276 91
2277 91
2288 91
2289 91
2290 91
2291 91
2292 91
2293 91
2294 91
2295 91
2296 91
2297 91
2308 90
2309 90
2310 90
2311 90
2312 90
2313 90
2314 90
2315 90
2316 90
2317 90
2328 90
2329 90
2330 90
2331 90
2332 90
2333 90
2334 90
2335 90
2336 90
2337 90
2348 91
2349 91
2350 91
2351 91
2352 91
2353 91
2354 91
2355 91
2356 91
2357 91
2368 91
2369 91
2370 91
2371 91
2372 92
2373 92
2374 92
2375 92
2376 92
2377 92
2378 92
2379 92
2380 92
2381 92
2382 92
2393 93
2394 93
2395 93
2396 93
2397 93
2398 93
2399 93
2400 93
2401 93
2402 93
2413 92
2414 92
2415 92
2416 92
2417 92
2418 92
2419 92
2420 92
2421 92
2422 92
2433 93
2434 93
2435 93
2436 93
2437 93
2438 93
2439 93
2440 93
2441 93
2442 93
2453 92
2454 92
2455 92
2456 92
2457 93
2458 93
2459 93
2460 93
2461 93
2462 93
2463 93
2464 93
2465 93
2466 93
2467 93
2478 93
2479 93
2480 93
2481 93
2482 93
2483 93
2484 93
2485 93
2486 93
2487 93
2498 93
2499 93
2500 93
2501 93
2502 93
2503 93
2504 93
2505 93
2506 93
2507 93
2518 93
2519 93
2520 93
2521 93
2522 93
2523 93
2524 93
2525 93
2526 93
2527 93
2538 93
2539 93
2540 93
2541 93
2542 93
2543 93
2544 93
2545 93
2546 93
2547 93
2558 93
2559 93
2560 93
2561 93
2562 93
2563 93
2564 93
2565 93
2566 93
2567 93
2578 92
2579 92
2580 92
2581 92
2582 92
2583 92
2584 92
2585 92
2586 92
2587 92
2598 92
2599 92
2600 92
2601 92
2602 92
2603 92
2604 92
2605 92
2606 92
2607 92
2618 92
2619 92
2620 92
2621 92
2622 92
2623 92
2624 92
2625 92
2626 93
2627 93
2628 93
2629 93
2630 93
2631 93
2632 93
2633 93
2634 93
2635 93
2636 93
2647 93
2648 93
2649 93
2650 93
2651 93
2652 93
2653 93
2654 93
2655 93
2656 93
2667 93
2668 93
2669 93
2670 93
2671 93
2672 93
2673 93
2674 93
2675 93
2676 93
2687 93
2688 93
2689 93
2690 93
2691 93
2692 93
2693 93
2694 93
2695 93
2696 93
2707 93
2708 93
2709 93
2710 93
2711 93
2712 93
2713 93
2714 93
2715 93
2716 93
2727 93
2728 93
2729 93
2730 93
2731 93
2732 93
2733 93
2734 93
2735 93
2736 93
2747 93
2748 93
2749 93
2750 93
2751 93
2752 93
2753 93
2754 93
2755 93
2756 93
2767 93
2768 93
2769 93
2770 93
2771 93
2772 93
2773 93
2774 93
2775 93
2776 93
2787 93
2788 93
2789 93
2790 93
2791 93
2792 93
2793 93
2794 93
2795 93
2796 93
2807 93
2808 93
2809 93
2810 93
2811 93
2812 93
2813 93
2814 93
2815 93
2816 93
2827 92
2828 92
2829 92
2830 92
2831 92
2832 92
2833 92
2834 92
2835 92
2836 92
2847 93
2848 93
2849 93
2850 93
2851 93
2852 93
2853 93
2854 93
2855 93
2856 93
2867 92
2868 92
2869 93
2870 93
2871 93
2872 93
2873 93
2874 93
2875 93
2876 93
2877 93
2878 93
2879 93
2890 93
2891 93
2892 93
2893 93
2894 93
2895 93
2896 93
2897 93
2898 93
2899 93
2910 92
2911 92
2912 92
2913 92
2914 92
2915 92
2916 92
2917 92
2918 92
2919 92
2930 92
2931 92
2932 92
2933 92
2934 92
2935 92
2936 92
2937 92
2938 92
2939 92
2950 92
2951 92
2952 92
2953 92
2954 92
2955 92
2956 92
2957 92
2958 92
2959 92
2970 91
2971 91
2972 91
2973 91
2974 91
2975 91
2976 91
2977 91
2978 91
2979 91
2990 90
2991 90
2992 90
2993 90
2994 90
2995 90
2996 90
2997 90
2998 90
2999 91
3000 91
3001 91
3002 91
3003 91
3004 91
3005 91
3006 91
3007 91
3008 91
3009 91
3020 91
3021 91
3022 91
3023 91
3024 91
3025 91
3026 91
3027 91
3028 91
3029 91
3040 90
3041 90
3042 90
3043 90
3044 90
3045 90
3046 90
3047 90
3048 90
3049 90
3060 90
3061 90
3062 90
3063 90
3064 91
3065 91
3066 91
3067 91
3068 91
3069 91
3070 91
3071 91
3072 91
3073 91
3074 91
3085 91
3086 91
3087 91
3088 91
3089 91
3090 91
3091 91
3092 91
3093 91
3094 91
3105 91
3106 91
3107 91
3108 91
3109 91
3110 91
3111 91
3112 91
3113 91
3114 92
3115 92
3116 92
3117 92
3118 92
3119 92
3120 92
3121 92
3122 92
3123 92
3124 92
3135 93
3136 93
3137 93
3138 93
3139 93
3140 93
3141 93
3142 93
3143 93
3144 93
3155 93
3156 93
3157 93
3158 93
3159 93
3160 93
3161 93
3162 93
3163 93
3164 93
3175 93
3176 93
3177 93
3178 93
3179 93
3180 93
3181 93
3182 93
3183 93
3184 93
3195 93
3196 93
3197 93
3198 93
3199 93
3200 93
3201 93
3202 93
3203 93
3204 93
3215 92
3216 92
3217 92
3218 92
3219 92
3220 92
3221 92
3222 93
3223 93
3224 93
3225 93
3226 93
3227 93
3228 93
3229 93
3230 93
3231 93
3232 93
3243 93
3244 93
3245 93
3246 93
3247 93
3248 93
3249 93
3250 93
3251 93
3252 93
3263 93
3264 93
3265 93
3266 93
3267 93
3268 93
3269 93
3270 93
3271 93
3272 93
3283 93
3284 93
3285 93
3286 93
3287 93
3288 93
3289 93
3290 93
3291 93
3292 93
3303 93
3304 93
3305 93
3306 93
3307 93
3308 93
3309 93
3310 93
3311 93
3312 93
3323 91
3324 91
3325 91
3326 91
3327 91
3328 91
3329 91
3330 91
3331 91
3332 91
3343 90
3344 90
3345 91
3346 91
3347 91
3348 91
3349 92
3350 92
3351 92
3352 92
3353 92
3354 92
3355 92
3356 92
3357 92
3358 92
3359 92
3370 92
3371 92
3372 92
3373 92
3374 92
3375 92
3376 92
3377 92
3378 92
3379 92
3390 90
3391 90
3392 90
3393 90
3394 90
3395 90
3396 90
3397 90
3398 90
3399 90
3410 90
3411 90
3412 90
3413 90
3414 90
3415 90
3416 90
3417 90
3418 90
3419 90
3430 89
3431 89
3432 90
3433 91
3434 91
3435 91
3436 91
3437 91
3438 91
3439 91
3440 91
3441 91
3442 91
3443 91
3454 90
3455 90
3456 90
3457 90
3458 90
3459 90
3460 90
3461 90
3462 90
3463 90
3474 92
3475 92
3476 92
3477 92
3478 92
3479 92
3480 92
3481 92
3482 92
3483 92
3494 92
3495 92
3496 92
3497 92
3498 92
3499 92
3500 92
3501 92
3502 92
3503 92
3514 92
3515 92
3516 92
3517 92
3518 92
3519 92
3520 92
3521 92
3522 92
3523 92
3534 92
3535 92
3536 92
3537 92
3538 92
3539 92
3540 92
3541 92
3542 92
3543 92
3554 93
3555 93
3556 93
3557 93
3558 93
3559 93
3560 93
3561 93
3562 93
3563 93
3574 93
3575 93
3576 93
3577 93
3578 93
3579 93
3580 93
3581 93
3582 93
3583 93
3594 92
3595 92
3596 92
3597 92
3598 93
3599 93
3600 93
3601 93
3602 93
3603 93
3604 93
3605 93
3606 93
3607 93
3608 93
3619 93
3620 93
3621 93
3622 93
3623 93
3624 93
3625 93
3626 93
3627 93
3628 93
3639 93
3640 93
3641 93
3642 93
3643 93
3644 93
3645 93
3646 93
3647 93
3648 93
3659 92
3660 92
3661 92
3662 92
3663 92
3664 92
3665 92
3666 93
3667 93
3668 93
3669 93
3670 93
3671 93
3672 93
3673 93
3674 93
3675 93
3676 93
3687 93
3688 93
3689 93
3690 93
3691 93
3692 93
3693 93
3694 93
3695 93
3696 93
3707 93
3708 93
3709 93
3710 93
3711 93
3712 93
3713 93
3714 93
3715 93
3716 93
3727 92
3728 92
3729 92
3730 92
3731 92
3732 92
3733 92
3734 92
3735 92
3736 92
3747 92
3748 92
3749 92
3750 92
3751 92
3752 92
3753 92
3754 92
3755 92
3756 92
3767 92
3768 92
3769 92
3770 92
3771 92
3772 92
3773 92
3774 92
3775 92
3776 92
3787 91
3788 91
3789 92
3790 92
3791 92
3792 92
3793 92
3794 92
3795 92
3796 92
3797 92
3798 92
3799 92
3810 92
3811 92
3812 92
3813 92
3814 92
3815 92
3816 92
3817 92
3818 92
3819 92
3830 92
3831 92
3832 92
3833 92
3834 92
3835 92
3836 92
3837 92
3838 92
3839 92
3850 91
3851 91
3852 91
3853 91
3854 91
3855 91
3856 91
3857 91
3858 91
3859 91
3870 89
3871 89
3872 89
3873 89
3874 89
3875 89
3876 89
3877 89
3878 89
3879 89
3890 89
3891 89
3892 89
3893 89
3894 89
3895 89
3896 89
3897 89
3898 89
3899 89
3910 89
3911 89
3912 89
3913 89
3914 89
3915 89
3916 89
3917 89
3918 89
3919 89
3930 88
3931 88
3932 88
3933 88
3934 88
3935 88
3936 88
3937 90
3938 90
3939 90
3940 90
3941 90
3942 90
3943 90
3944 90
3945 90
3946 90
3947 90
3958 90
3959 90
3960 90
3961 90
3962 90
3963 90
3964 90
3965 90
3966 90
3967 90
3978 90
3979 90
3980 90
3981 90
3982 90
3983 90
3984 90
3985 90
3986 90
3987 90
3998 89
3999 89
4000 89
4001 89
4002 89
4003 89
4004 89
4005 89
4006 89
4007 89
4018 89
4019 89
4020 89
4021 89
4022 89
4023 89
4024 89
4025 89
4026 89
4027 89
4038 90
4039 90
4040 90
4041 90
4042 90
4043 90
4044 90
4045 90
4046 90
4047 90
4058 90
4059 90
4060 90
4061 90
4062 90
4063 90
4064 90
4065 90
4066 90
4067 90
4078 91
4079 91
4080 91
4081 91
4082 91
4083 91
4084 91
4085 91
4086 91
4087 91
4098 91
4099 91
4100 91
4101 91
4102 91
4103 91
4104 91
4105 91
4106 91
4107 91
4118 91
4119 91
4120 91
4121 91
4122 91
4123 91
4124 91
4125 91
4126 91
4127 91
4138 90
4139 90
4140 90
4141 91
4142 91
4143 91
4144 91
4145 91
4146 91
4147 91
4148 91
4149 91
4150 91
4151 91
4162 90
4163 90
4164 91
4165 91
4166 91
4167 91
4168 91
4169 91
4170 91
4171 91
4172 91
4173 91
4174 91
4185 91
4186 91
4187 91
4188 91
4189 91
4190 91
4191 91
4192 91
4193 91
4194 91
4205 90
4206 90
4207 90
4208 90
4209 90
4210 90
4211 90
4212 90
4213 90
4214 90
4225 90
4226 90
4227 90
4228 90
4229 90
4230 90
4231 90
4232 90
4233 90
4234 90
4245 89
4246 89
4247 89
4248 89
4249 89
4250 89
4251 89
4252 89
4253 89
4254 89
4265 88
4266 88
4267 88
4268 88
4269 88
4270 88
4271 88
4272 89
4273 89
4274 89
4275 89
4276 89
4277 90
4278 90
4279 90
4280 90
4281 90
4282 90
4283 90
4284 90
4285 90
4286 90
4287 90
4298 89
4299 89
4300 89
4301 89
4302 90
4303 90
4304 90
4305 90
4306 90
4307 90
4308 90
4309 90
4310 90
4311 90
4312 90
4323 90
4324 90
4325 90
4326 90
4327 90
4328 90
4329 90
4330 90
4331 90
4332 90
4343 88
4344 88
4345 90
4346 90
4347 90
4348 90
4349 90
4350 90
4351 90
4352 90
4353 90
4354 90
4355 90
4366 90
4367 90
4368 90
4369 90
4370 90
4371 90
4372 90
4373 90
4374 90
4375 90
4386 90
4387 90
4388 90
4389 90
4390 90
4391 90
4392 90
4393 90
4394 90
4395 90
4406 90
4407 90
4408 90
4409 90
4410 90
4411 90
4412 90
4413 90
4414 90
4415 90
4426 90
4427 90
4428 90
4429 90
4430 90
4431 90
4432 90
4433 90
4434 90
4435 90
4446 90
4447 90
4448 90
4449 90
4450 90
4451 90
4452 90
4453 90
4454 90
4455 90
4466 89
4467 89
4468 89
4469 89
4470 89
4471 89
4472 89
4473 89
4474 89
4475 89
4486 89
4487 89
4488 89
4489 89
4490 89
4491 89
4492 89
4493 89
4494 89
4495 89
4506 89
4507 89
4508 89
4509 89
4510 89
4511 89
4512 90
4513 90
4514 90
4515 90
4516 90
4517 90
4518 90
4519 90
4520 90
4521 90
4522 90
4533 89
4534 89
4535 89
4536 89
4537 89
4538 89
4539 89
4540 89
4541 89
4542 89
4553 89
4554 89
4555 89
4556 89
4557 89
4558 89
4559 89
4560 89
4561 89
4562 89
4573 90
4574 90
4575 90
4576 90
4577 90
4578 90
4579 90
4580 90
4581 90
4582 90
4593 89
4594 90
4595 90
4596 90
4597 90
4598 90
4599 90
4600 90
4601 90
4602 90
4603 90
4604 90
4615 89
4616 89
4617 89
4618 89
4619 89
4620 89
4621 90
4622 90
4623 90
4624 90
4625 90
4626 90
4627 90
4628 90
4629 90
4630 90
4631 90
4642 90
4643 90
4644 90
4645 90
4646 90
4647 90
4648 90
4649 90
4650 90
4651 90
4662 91
4663 91
4664 91
4665 91
4666 91
4667 91
4668 91
4669 91
4670 91
4671 91
4672 91
4683 90
4684 90
4685 90
4686 90
4687 90
4688 90
4689 90
4690 90
4691 90
4692 90
4703 91
4704 91
4705 91
4706 91
4707 91
4708 91
4709 91
4710 91
4711 91
4712 91
4723 90
4724 90
4725 90
4726 90
4727 90
4728 90
4729 90
4730 90
4731 90
4732 90
4743 90
4744 90
4745 90
4746 90
4747 90
4748 90
4749 90
4750 91
4751 91
4752 91
4753 91
4754 91
4755 91
4756 91
4757 91
4758 91
4759 91
4760 91
4771 91
4772 91
4773 91
4774 91
4775 91
4776 91
4777 91
4778 91
4779 91
4780 91
4791 91
4792 91
4793 91
4794 91
4795 91
4796 91
4797 91
4798 91
4799 91
4800 91
4811 89
4812 89
4813 89
4814 89
4815 89
4816 89
4817 89
4818 89
4819 89
4820 89
4831 90
4832 90
4833 90
4834 90
4835 90
4836 90
4837 90
4838 90
4839 90
4840 90
4851 91
4852 91
4853 91
4854 91
4855 91
4856 91
4857 91
4858 91
4859 91
4860 91
4871 91
4872 91
4873 91
4874 91
4875 91
4876 91
4877 91
4878 91
4879 91
4880 91
4891 91
4892 91
4893 91
4894 91
4895 91
4896 91
4897 91
4898 91
4899 91
4900 91
4911 91
4912 91
4913 91
4914 91
4915 91
4916 91
4917 91
4918 91
4919 91
4920 91
4931 91
4932 91
4933 91
4934 91
4935 91
4936 91
4937 91
4938 91
4939 91
4940 91
4951 89
4952 89
4953 89
4954 89
4955 89
4956 89
4957 89
4958 89
4959 89
4960 89
4971 89
4972 89
4973 89
4974 89
4975 89
4976 89
4977 89
4978 90
4979 90
4980 90
4981 90
4982 90
4983 90
4984 90
4985 90
4986 90
4987 90
4988 90
4999 90
