0 22
1 22
2 22
3 22
4 22
5 22
6 22
7 22
8 22
9 22
10 22
21 24
22 24
23 24
24 25
25 25
26 25
27 25
28 25
29 25
30 25
31 25
32 25
33 25
34 26
35 26
36 26
37 26
38 27
39 28
40 28
41 28
42 28
43 28
44 28
45 28
46 28
47 28
48 28
49 28
60 28
61 28
62 28
63 28
64 28
65 28
66 28
67 28
68 28
69 28
80 28
81 28
82 28
83 28
84 28
85 28
86 28
87 28
88 28
89 28
100 29
101 29
102 29
103 29
104 29
105 29
106 29
107 29
108 29
109 29
120 53
121 53
122 54
123 54
124 54
125 54
126 54
127 55
128 55
129 55
130 55
131 55
132 55
133 56
134 56
135 56
136 56
137 56
138 56
139 56
140 56
141 56
142 56
143 56
154 57
155 57
156 57
157 57
158 57
159 57
160 57
161 57
162 57
163 57
164 57
175 59
176 59
177 59
178 59
179 59
180 59
181 60
182 62
183 62
184 62
185 62
186 62
187 62
188 62
189 62
190 62
191 62
192 62
203 62
204 62
205 62
206 62
207 62
208 62
209 62
210 62
211 62
212 62
223 63
224 63
225 63
226 63
227 63
228 63
229 64
230 64
231 64
232 64
233 64
234 64
235 67
236 67
237 67
238 67
239 68
240 68
241 68
242 68
243 68
244 68
245 68
246 68
247 68
248 68
249 68
260 68
261 68
262 68
263 68
264 68
265 68
266 68
267 68
268 69
269 69
270 69
271 69
272 69
273 69
274 69
275 82
276 83
277 83
278 83
279 84
280 84
281 84
282 84
283 84
284 84
285 84
286 84
287 84
288 84
289 84
300 84
301 85
302 85
303 85
304 85
305 85
306 88
307 88
308 88
309 88
310 88
311 88
312 88
313 88
314 88
315 88
316 88
327 88
328 88
329 88
330 88
331 88
332 88
333 88
334 88
335 88
336 88
347 88
348 88
349 88
350 88
351 88
352 88
353 88
354 88
355 88
356 88
367 91
368 91
369 91
370 91
371 91
372 91
373 92
374 92
375 92
376 92
377 92
378 92
379 92
380 92
381 92
382 92
383 92
394 93
395 93
396 93
397 93
398 93
399 93
400 93
401 93
402 93
403 93
414 93
415 93
416 93
417 93
418 93
419 93
420 93
421 93
422 93
423 93
434 93
435 93
436 93
437 93
438 93
439 94
440 94
441 94
442 94
443 94
444 94
445 94
446 94
447 94
448 94
449 94
460 94
461 94
462 94
463 94
464 94
465 94
466 94
467 94
468 95
469 95
470 95
471 95
472 95
473 95
474 95
475 95
476 95
477 95
478 95
489 97
490 97
491 97
492 97
493 97
494 97
495 97
496 97
497 97
498 97
509 97
510 97
511 97
512 97
513 97
514 97
515 97
516 97
517 97
518 97
529 97
530 97
531 97
532 97
533 97
534 97
535 97
536 97
537 97
538 97
549 94
550 94
551 94
552 94
553 94
554 94
555 94
556 94
557 94
558 94
569 94
570 95
571 96
572 96
573 96
574 96
575 96
576 96
577 96
578 96
579 96
580 96
581 96
592 96
593 96
594 96
595 96
596 96
597 96
598 96
599 96
600 96
601 96
612 96
613 96
614 96
615 96
616 96
617 96
618 96
619 96
620 96
621 96
632 97
633 97
634 97
635 97
636 97
637 97
638 97
639 97
640 97
641 97
652 97
653 97
654 97
655 98
656 98
657 98
658 98
659 98
660 98
661 98
662 98
663 98
664 98
665 98
676 98
677 98
678 98
679 98
680 98
681 98
682 98
683 98
684 98
685 98
696 98
697 98
698 98
699 98
700 98
701 98
702 98
703 98
704 98
705 98
716 96
717 96
718 96
719 96
720 96
721 96
722 96
723 96
724 96
725 96
736 97
737 97
738 97
739 97
740 97
741 97
742 97
743 97
744 97
745 97
756 98
757 98
758 98
759 98
760 98
761 98
762 98
763 99
764 99
765 101
766 101
767 101
768 101
769 101
770 101
771 101
772 103
773 103
774 103
775 103
776 103
777 103
778 103
779 103
780 103
781 103
782 103
793 103
794 103
795 103
796 103
797 104
798 104
799 104
800 104
801 104
802 104
803 104
804 104
805 104
806 104
807 104
818 105
819 105
820 105
821 105
822 105
823 106
824 106
825 106
826 106
827 106
828 106
829 106
830 106
831 106
832 106
833 106
844 107
845 107
846 107
847 107
848 107
849 107
850 109
851 109
852 109
853 109
854 109
855 109
856 109
857 109
858 109
859 109
860 109
871 110
872 110
873 110
874 110
875 110
876 110
877 110
878 110
879 111
880 111
881 111
882 111
883 111
884 111
885 111
886 111
887 111
888 111
889 111
900 112
901 112
902 112
903 112
904 112
905 112
906 112
907 112
908 112
909 112
920 113
921 113
922 113
923 113
924 113
925 114
926 114
927 114
928 115
929 115
930 115
931 115
932 116
933 116
934 116
935 116
936 117
937 117
938 117
939 117
940 117
941 117
942 117
943 117
944 117
945 117
946 117
957 118
958 118
959 118
960 118
961 118
962 118
963 118
964 118
965 118
966 118
977 119
978 119
979 119
980 119
981 119
982 120
983 120
984 120
985 120
986 120
987 120
988 120
989 120
990 120
991 120
992 120
1003 120
1004 120
1005 120
1006 120
1007 120
1008 120
1009 120
1010 120
1011 120
1012 120
1023 121
1024 121
1025 121
1026 121
1027 122
1028 122
1029 122
1030 122
1031 122
1032 122
1033 122
1034 122
1035 122
1036 122
1037 122
1048 123
1049 123
1050 123
1051 123
1052 124
1053 124
1054 124
1055 124
1056 124
1057 124
1058 124
1059 124
1060 124
1061 124
1062 124
1073 124
1074 124
1075 124
1076 124
1077 124
1078 125
1079 125
1080 125
1081 125
1082 125
1083 125
1084 125
1085 125
1086 125
1087 125
1088 125
1099 126
1100 126
1101 126
1102 126
1103 126
1104 126
1105 126
1106 126
1107 126
1108 126
1109 126
1120 126
1121 126
1122 126
1123 126
1124 126
1125 126
1126 126
1127 126
1128 126
1129 126
1140 125
1141 125
1142 125
1143 126
1144 127
1145 127
1146 127
1147 127
1148 127
1149 127
1150 127
1151 127
1152 127
1153 127
1154 127
1165 127
1166 127
1167 127
1168 127
1169 127
1170 127
1171 127
1172 127
1173 127
1174 127
1185 127
1186 127
1187 127
1188 127
1189 127
1190 127
1191 127
1192 127
1193 127
1194 127
1205 127
1206 127
1207 127
1208 127
1209 127
1210 127
1211 127
1212 127
1213 127
1214 127
1225 127
1226 127
1227 127
1228 127
1229 127
1230 127
1231 127
1232 127
1233 127
1234 127
1245 128
1246 128
1247 128
1248 128
1249 128
1250 128
1251 128
1252 128
1253 128
1254 128
1265 128
1266 128
1267 128
1268 128
1269 128
1270 128
1271 128
1272 129
1273 129
1274 129
1275 129
1276 129
1277 129
1278 129
1279 129
1280 129
1281 129
1282 129
1293 129
1294 129
1295 129
1296 129
1297 131
1298 131
1299 131
1300 131
1301 131
1302 131
1303 131
1304 131
1305 131
1306 131
1307 131
1318 131
1319 131
1320 131
1321 131
1322 131
1323 131
1324 131
1325 131
1326 131
1327 131
1338 131
1339 131
1340 132
1341 132
1342 132
1343 132
1344 132
1345 132
1346 132
1347 132
1348 132
1349 132
1350 132
1361 132
1362 132
1363 132
1364 132
1365 132
1366 132
1367 132
1368 132
1369 132
1370 132
1381 133
1382 133
1383 133
1384 133
1385 133
1386 133
1387 133
1388 133
1389 133
1390 133
1391 133
1402 133
1403 133
1404 133
1405 133
1406 133
1407 133
1408 133
1409 133
1410 133
1411 133
1422 131
1423 131
1424 131
1425 131
1426 131
1427 131
1428 131
1429 131
1430 131
1431 131
1442 131
1443 131
1444 131
1445 131
1446 131
1447 131
1448 131
1449 131
1450 131
1451 131
1462 132
1463 132
1464 132
1465 132
1466 132
1467 132
1468 132
1469 132
1470 132
1471 132
1482 135
1483 135
1484 135
1485 135
1486 135
1487 135
1488 135
1489 135
1490 136
1491 136
1492 136
1493 136
1494 136
1495 136
1496 136
1497 136
1498 136
1499 136
1500 136
1511 136
1512 136
1513 136
1514 136
1515 136
1516 136
1517 136
1518 136
1519 136
1520 136
1531 136
1532 136
1533 136
1534 136
1535 136
1536 136
1537 136
1538 136
1539 136
1540 136
1551 136
1552 136
1553 136
1554 136
1555 137
1556 137
1557 137
1558 137
1559 137
1560 137
1561 137
1562 137
1563 137
1564 137
1565 137
1576 142
1577 142
1578 142
1579 142
1580 142
1581 142
1582 142
1583 142
1584 142
1585 142
1596 143
1597 143
1598 143
1599 143
1600 143
1601 143
1602 143
1603 143
1604 143
1605 143
1616 143
1617 143
1618 143
1619 143
1620 143
1621 143
1622 143
1623 143
1624 143
1625 143
1636 143
1637 143
1638 143
1639 143
1640 143
1641 143
1642 143
1643 143
1644 143
1645 143
1656 146
1657 146
1658 146
1659 146
1660 146
1661 146
1662 146
1663 146
1664 146
1665 146
1676 146
1677 146
1678 146
1679 146
1680 146
1681 146
1682 146
1683 146
1684 146
1685 146
1696 147
1697 147
1698 147
1699 147
1700 147
1701 147
1702 147
1703 147
1704 147
1705 147
1716 147
1717 147
1718 147
1719 147
1720 147
1721 147
1722 147
1723 147
1724 147
1725 147
1736 147
1737 147
1738 147
1739 147
1740 147
1741 147
1742 147
1743 147
1744 147
1745 147
1756 147
1757 147
1758 147
1759 147
1760 147
1761 147
1762 147
1763 147
1764 147
1765 147
1776 147
1777 147
1778 147
1779 147
1780 147
1781 147
1782 147
1783 147
1784 147
1785 147
1796 146
1797 146
1798 146
1799 146
1800 146
1801 146
1802 146
1803 146
1804 146
1805 146
1816 145
1817 145
1818 145
1819 145
1820 145
1821 145
1822 145
1823 145
1824 145
1825 145
1836 144
1837 144
1838 144
1839 144
1840 144
1841 144
1842 144
1843 144
1844 144
1845 144
1856 144
1857 144
1858 144
1859 144
1860 144
1861 144
1862 144
1863 144
1864 144
1865 144
1876 142
1877 142
1878 142
1879 142
1880 142
1881 142
1882 142
1883 142
1884 142
1885 142
1896 142
1897 142
1898 142
1899 142
1900 142
1901 142
1902 142
1903 142
1904 142
1905 142
1916 141
1917 141
1918 141
1919 141
1920 141
1921 141
1922 141
1923 141
1924 141
1925 143
1926 143
1927 143
1928 143
1929 143
1930 143
1931 143
1932 143
1933 144
1934 144
1935 144
1936 144
1937 144
1938 144
1939 144
1940 144
1941 144
1942 144
1943 144
1954 144
1955 144
1956 144
1957 144
1958 144
1959 144
1960 144
1961 144
1962 144
1963 144
1974 143
1975 143
1976 143
1977 143
1978 143
1979 143
1980 143
1981 143
1982 143
1983 143
1994 144
1995 144
1996 144
1997 144
1998 144
1999 144
2000 144
2001 144
2002 144
2003 144
2014 144
2015 144
2016 144
2017 144
2018 144
2019 145
2020 145
2021 145
2022 145
2023 145
2024 145
2025 145
2026 145
2027 145
2028 145
2029 145
2040 145
2041 145
2042 146
2043 146
2044 146
2045 146
2046 146
2047 147
2048 147
2049 147
2050 147
2051 147
2052 147
2053 147
2054 147
2055 147
2056 147
2057 148
2058 148
2059 148
2060 148
2061 148
2062 148
2063 148
2064 149
2065 149
2066 149
2067 149
2068 149
2069 149
2070 149
2071 149
2072 149
2073 149
2074 149
2085 149
2086 149
2087 149
2088 149
2089 149
2090 149
2091 149
2092 149
2093 149
2094 149
2105 149
2106 149
2107 149
2108 149
2109 149
2110 149
2111 150
2112 150
2113 150
2114 150
2115 150
2116 151
2117 151
2118 151
2119 151
2120 151
2121 151
2122 151
2123 151
2124 151
2125 151
2126 151
2137 151
2138 151
2139 151
2140 151
2141 151
2142 151
2143 151
2144 151
2145 151
2146 151
2157 152
2158 152
2159 152
2160 152
2161 152
2162 152
2163 152
2164 152
2165 152
2166 152
2177 153
2178 154
2179 154
2180 154
2181 154
2182 154
2183 154
2184 154
2185 154
2186 154
2187 154
2188 154
2199 154
2200 154
2201 154
2202 154
2203 154
2204 154
2205 154
2206 154
2207 154
2208 154
2219 154
2220 154
2221 154
2222 154
2223 154
2224 154
2225 154
2226 154
2227 154
2228 154
2239 155
2240 156
2241 157
2242 157
2243 157
2244 157
2245 157
2246 157
2247 157
2248 157
2249 157
2250 157
2251 157
2262 157
2263 157
2264 157
2265 157
2266 157
2267 157
2268 157
2269 159
2270 159
2271 159
2272 159
2273 159
2274 159
2275 161
2276 161
2277 161
2278 161
2279 161
2280 161
2281 161
2282 161
2283 161
2284 161
2285 161
2296 161
2297 161
2298 161
2299 161
2300 161
2301 161
2302 161
2303 161
2304 161
2305 161
2316 162
2317 162
2318 162
2319 162
2320 162
2321 162
2322 162
2323 162
2324 162
2325 162
2336 162
2337 162
2338 162
2339 162
2340 162
2341 162
2342 162
2343 162
2344 162
2345 162
2356 163
2357 163
2358 163
2359 163
2360 163
2361 163
2362 163
2363 163
2364 163
2365 163
2376 163
2377 163
2378 163
2379 163
2380 163
2381 163
2382 163
2383 163
2384 163
2385 163
2396 163
2397 163
2398 163
2399 163
2400 163
2401 163
2402 163
2403 163
2404 163
2405 163
2416 163
2417 163
2418 163
2419 163
2420 163
2421 163
2422 163
2423 163
2424 164
2425 164
2426 164
2427 164
2428 164
2429 164
2430 164
2431 164
2432 164
2433 164
2434 164
2445 165
2446 165
2447 165
2448 165
2449 165
2450 165
2451 165
2452 165
2453 165
2454 165
2465 165
2466 165
2467 165
2468 165
2469 165
2470 165
2471 165
2472 165
2473 165
2474 165
2485 164
2486 164
2487 164
2488 164
2489 164
2490 164
2491 164
2492 164
2493 164
2494 164
2505 165
2506 165
2507 165
2508 165
2509 165
2510 165
2511 165
2512 165
2513 165
2514 165
2525 165
2526 165
2527 165
2528 165
2529 165
2530 165
2531 165
2532 165
2533 165
2534 167
2535 167
2536 167
2537 167
2538 167
2539 167
2540 167
2541 167
2542 167
2543 167
2544 167
2555 168
2556 168
2557 168
2558 168
2559 168
2560 168
2561 168
2562 171
2563 171
2564 171
2565 171
2566 171
2567 171
2568 172
2569 172
2570 172
2571 172
2572 173
2573 173
2574 173
2575 173
2576 173
2577 173
2578 173
2579 173
2580 173
2581 173
2582 173
2593 173
2594 173
2595 173
2596 173
2597 173
2598 173
2599 173
2600 174
2601 174
2602 174
2603 174
2604 174
2605 174
2606 174
2607 174
2608 174
2609 174
2610 174
2621 174
2622 174
2623 174
2624 174
2625 174
2626 174
2627 174
2628 174
2629 174
2630 174
2641 174
2642 174
2643 174
2644 174
2645 175
2646 175
2647 176
2648 176
2649 176
2650 176
2651 176
2652 176
2653 176
2654 176
2655 176
2656 177
2657 177
2658 177
2659 177
2660 177
2661 177
2662 177
2663 177
2664 177
2665 177
2666 177
2677 178
2678 178
2679 178
2680 178
2681 178
2682 178
2683 178
2684 178
2685 178
2686 178
2697 178
2698 178
2699 178
2700 178
2701 178
2702 178
2703 178
2704 178
2705 178
2706 178
2717 178
2718 178
2719 178
2720 178
2721 178
2722 178
2723 178
2724 178
2725 178
2726 178
2737 177
2738 177
2739 177
2740 177
2741 177
2742 177
2743 177
2744 177
2745 177
2746 177
2757 176
2758 176
2759 176
2760 176
2761 176
2762 176
2763 176
2764 176
2765 176
2766 176
2777 176
2778 176
2779 176
2780 176
2781 176
2782 176
2783 176
2784 176
2785 176
2786 176
2797 176
2798 176
2799 176
2800 176
2801 176
2802 176
2803 176
2804 176
2805 176
2806 176
2817 176
2818 178
2819 178
2820 178
2821 178
2822 178
2823 178
2824 178
2825 178
2826 178
2827 178
2828 178
2839 178
2840 178
2841 178
2842 178
2843 178
2844 178
2845 178
2846 178
2847 178
2848 178
2859 178
2860 178
2861 179
2862 179
2863 179
2864 179
2865 179
2866 179
2867 179
2868 179
2869 179
2870 179
2871 179
2882 179
2883 179
2884 179
2885 179
2886 179
2887 179
2888 179
2889 179
2890 179
2891 179
2902 179
2903 179
2904 179
2905 179
2906 179
2907 179
2908 179
2909 180
2910 180
2911 180
2912 180
2913 180
2914 180
2915 180
2916 180
2917 180
2918 180
2919 180
2930 180
2931 180
2932 180
2933 180
2934 180
2935 180
2936 180
2937 180
2938 180
2939 180
2950 180
2951 180
2952 180
2953 180
2954 180
2955 180
2956 180
2957 180
2958 180
2959 180
2970 180
2971 180
2972 180
2973 180
2974 180
2975 180
2976 180
2977 180
2978 180
2979 180
2990 181
2991 181
2992 181
2993 181
2994 182
2995 182
2996 182
2997 182
2998 182
2999 182
3000 182
3001 182
3002 182
3003 182
3004 182
3015 182
3016 182
3017 182
3018 182
3019 182
3020 182
3021 182
3022 182
3023 182
3024 182
3035 181
3036 181
3037 181
3038 181
3039 181
3040 181
3041 181
3042 181
3043 181
3044 181
3055 180
3056 180
3057 180
3058 180
3059 181
3060 181
3061 181
3062 181
3063 181
3064 181
3065 181
3066 181
3067 181
3068 181
3069 181
3080 181
3081 181
3082 181
3083 181
3084 181
3085 181
3086 181
3087 181
3088 181
3089 181
3100 180
3101 180
3102 180
3103 180
3104 180
3105 181
3106 181
3107 181
3108 181
3109 181
3110 181
3111 181
3112 181
3113 181
3114 181
3115 181
3126 181
3127 181
3128 181
3129 181
3130 181
3131 181
3132 181
3133 181
3134 181
3135 181
3146 181
3147 181
3148 181
3149 181
3150 181
3151 181
3152 181
3153 181
3154 181
3155 181
3166 180
3167 180
3168 180
3169 180
3170 180
3171 180
3172 180
3173 180
3174 180
3175 180
3186 179
3187 179
3188 179
3189 179
3190 179
3191 179
3192 179
3193 179
3194 179
3195 179
3206 179
3207 179
3208 179
3209 179
3210 179
3211 179
3212 179
3213 179
3214 179
3215 179
3226 179
3227 179
3228 179
3229 179
3230 179
3231 179
3232 179
3233 179
3234 179
3235 179
3246 179
3247 179
3248 179
3249 179
3250 179
3251 179
3252 179
3253 179
3254 179
3255 179
3266 179
3267 179
3268 179
3269 179
3270 179
3271 179
3272 179
3273 179
3274 179
3275 179
3286 179
3287 179
3288 179
3289 179
3290 179
3291 179
3292 179
3293 179
3294 179
3295 179
3306 179
3307 179
3308 179
3309 179
3310 179
3311 179
3312 179
3313 179
3314 179
3315 179
3326 178
3327 178
3328 178
3329 178
3330 178
3331 178
3332 178
3333 178
3334 178
3335 178
3346 177
3347 177
3348 177
3349 177
3350 177
3351 177
3352 177
3353 177
3354 177
3355 177
3366 176
3367 176
3368 176
3369 176
3370 176
3371 176
3372 176
3373 176
3374 176
3375 176
3386 176
3387 176
3388 176
3389 176
3390 176
3391 176
3392 176
3393 176
3394 176
3395 176
3406 176
3407 176
3408 176
3409 176
3410 176
3411 176
3412 176
3413 176
3414 176
3415 176
3426 176
3427 176
3428 176
3429 176
3430 176
3431 176
3432 176
3433 176
3434 176
3435 176
3446 177
3447 177
3448 177
3449 177
3450 177
3451 177
3452 177
3453 177
3454 177
3455 177
3466 177
3467 177
3468 177
3469 177
3470 177
3471 177
3472 177
3473 177
3474 178
3475 178
3476 178
3477 178
3478 178
3479 178
3480 178
3481 178
3482 179
3483 179
3484 179
3485 179
3486 179
3487 179
3488 179
3489 179
3490 179
3491 179
3492 179
3503 179
3504 179
3505 179
3506 179
3507 179
3508 179
3509 179
3510 179
3511 180
3512 180
3513 180
3514 180
3515 180
3516 180
3517 180
3518 180
3519 180
3520 180
3521 180
3532 181
3533 181
3534 181
3535 181
3536 181
3537 181
3538 181
3539 181
3540 181
3541 181
3552 183
3553 183
3554 183
3555 183
3556 183
3557 183
3558 183
3559 183
3560 183
3561 183
3572 183
3573 183
3574 183
3575 183
3576 183
3577 183
3578 183
3579 183
3580 183
3581 183
3592 183
3593 183
3594 183
3595 183
3596 183
3597 183
3598 183
3599 183
3600 183
3601 183
3612 183
3613 183
3614 183
3615 183
3616 183
3617 183
3618 183
3619 183
3620 183
3621 183
3632 184
3633 184
3634 184
3635 184
3636 184
3637 184
3638 184
3639 184
3640 184
3641 184
3652 183
3653 183
3654 183
3655 183
3656 183
3657 183
3658 183
3659 183
3660 183
3661 183
3672 183
3673 183
3674 183
3675 183
3676 183
3677 183
3678 183
3679 183
3680 183
3681 184
3682 184
3683 184
3684 184
3685 184
3686 184
3687 184
3688 184
3689 184
3690 184
3691 184
3702 184
3703 184
3704 184
3705 184
3706 184
3707 184
3708 184
3709 184
3710 184
3711 196
3712 196
3713 196
3714 196
3715 196
3716 196
3717 196
3718 196
3719 196
3720 196
3721 196
3732 196
3733 196
3734 196
3735 196
3736 196
3737 196
3738 196
3739 196
3740 196
3741 196
3752 196
3753 196
3754 196
3755 196
3756 196
3757 196
3758 196
3759 196
3760 196
3761 196
3772 196
3773 196
3774 196
3775 196
3776 196
3777 196
3778 196
3779 196
3780 196
3781 196
3792 194
3793 194
3794 194
3795 194
3796 194
3797 194
3798 194
3799 194
3800 194
3801 194
3812 193
3813 193
3814 193
3815 193
3816 193
3817 193
3818 193
3819 193
3820 193
3821 193
3832 192
3833 192
3834 192
3835 192
3836 192
3837 192
3838 192
3839 192
3840 192
3841 192
3852 192
3853 192
3854 192
3855 192
3856 192
3857 192
3858 192
3859 192
3860 192
3861 192
3872 191
3873 191
3874 191
3875 191
3876 191
3877 191
3878 191
3879 191
3880 191
3881 191
3892 191
3893 191
3894 191
3895 191
3896 191
3897 191
3898 191
3899 191
3900 191
3901 191
3912 191
3913 191
3914 191
3915 191
3916 191
3917 191
3918 191
3919 191
3920 191
3921 191
3932 192
3933 192
3934 192
3935 192
3936 192
3937 192
3938 192
3939 192
3940 192
3941 192
3952 192
3953 192
3954 192
3955 192
3956 192
3957 192
3958 192
3959 192
3960 192
3961 192
3972 192
3973 192
3974 192
3975 192
3976 192
3977 192
3978 192
3979 192
3980 192
3981 192
3992 192
3993 192
3994 192
3995 192
3996 192
3997 192
3998 193
3999 193
4000 193
4001 193
4002 193
4003 193
4004 193
4005 193
4006 193
4007 193
4008 194
4009 194
4010 194
4011 194
4012 194
4013 195
4014 195
4015 195
4016 195
4017 195
4018 195
4019 195
4020 195
4021 195
4022 195
4023 195
4034 195
4035 195
4036 195
4037 195
4038 195
4039 195
4040 195
4041 195
4042 195
4043 195
4054 195
4055 195
4056 195
4057 195
4058 195
4059 196
4060 196
4061 196
4062 196
4063 196
4064 196
4065 196
4066 196
4067 196
4068 196
4069 196
4080 196
4081 196
4082 196
4083 196
4084 196
4085 196
4086 196
4087 196
4088 196
4089 197
4090 197
4091 197
4092 197
4093 197
4094 197
4095 197
4096 197
4097 197
4098 197
4099 197
4110 197
4111 197
4112 197
4113 197
4114 197
4115 197
4116 197
4117 197
4118 197
4119 198
4120 198
4121 198
4122 198
4123 198
4124 198
4125 198
4126 198
4127 198
4128 198
4129 199
4130 200
4131 200
4132 200
4133 200
4134 200
4135 200
4136 200
4137 200
4138 200
4139 201
4140 201
4141 201
4142 201
4143 201
4144 201
4145 201
4146 201
4147 201
4148 201
4149 201
4160 201
4161 201
4162 201
4163 201
4164 201
4165 201
4166 201
4167 201
4168 202
4169 202
4170 202
4171 202
4172 202
4173 202
4174 202
4175 202
4176 202
4177 202
4178 202
4189 202
4190 202
4191 202
4192 202
4193 202
4194 202
4195 202
4196 202
4197 202
4198 202
4209 202
4210 202
4211 202
4212 202
4213 202
4214 202
4215 202
4216 202
4217 202
4218 202
4229 201
4230 201
4231 201
4232 201
4233 201
4234 201
4235 201
4236 201
4237 201
4238 201
4249 198
4250 198
4251 198
4252 198
4253 198
4254 198
4255 198
4256 198
4257 198
4258 198
4269 197
4270 197
4271 197
4272 197
4273 197
4274 197
4275 197
4276 197
4277 197
4278 197
4289 198
4290 198
4291 198
4292 198
4293 198
4294 198
4295 198
4296 198
4297 198
4298 198
4309 198
4310 198
4311 198
4312 198
4313 198
4314 198
4315 198
4316 198
4317 198
4318 198
4329 199
4330 199
4331 199
4332 199
4333 199
4334 199
4335 199
4336 199
4337 199
4338 199
4349 199
4350 199
4351 199
4352 199
4353 199
4354 199
4355 199
4356 199
4357 199
4358 199
4369 200
4370 200
4371 200
4372 200
4373 200
4374 200
4375 200
4376 200
4377 200
4378 200
4389 199
4390 199
4391 199
4392 199
4393 199
4394 199
4395 199
4396 199
4397 199
4398 199
4409 199
4410 199
4411 199
4412 199
4413 199
4414 199
4415 199
4416 199
4417 199
4418 199
4429 199
4430 199
4431 199
4432 199
4433 199
4434 199
4435 199
4436 199
4437 199
4438 199
4449 197
4450 197
4451 197
4452 197
4453 197
4454 197
4455 197
4456 197
4457 197
4458 197
4469 197
4470 197
4471 197
4472 197
4473 197
4474 197
4475 197
4476 197
4477 197
4478 197
4489 197
4490 197
4491 198
4492 198
4493 198
4494 198
4495 198
4496 198
4497 198
4498 198
4499 198
4500 198
4501 198
4512 198
4513 198
4514 198
4515 198
4516 198
4517 199
4518 199
4519 199
4520 199
4521 199
4522 199
4523 199
4524 199
4525 199
4526 199
4527 199
4538 199
4539 199
4540 199
4541 199
4542 199
4543 199
4544 199
4545 199
4546 199
4547 199
4558 199
4559 199
4560 199
4561 199
4562 199
4563 199
4564 199
4565 199
4566 199
4567 199
4578 198
4579 198
4580 198
4581 198
4582 198
4583 198
4584 198
4585 198
4586 198
4587 198
4598 198
4599 198
4600 198
4601 198
4602 198
4603 198
4604 198
4605 198
4606 198
4607 198
4618 198
4619 198
4620 198
4621 198
4622 198
4623 198
4624 198
4625 198
4626 198
4627 198
4638 198
4639 198
4640 198
4641 198
4642 198
4643 198
4644 198
4645 198
4646 198
4647 198
4658 195
4659 195
4660 195
4661 195
4662 195
4663 195
4664 195
4665 195
4666 195
4667 195
4678 195
4679 195
4680 195
4681 195
4682 195
4683 195
4684 195
4685 195
4686 195
4687 195
4698 195
4699 195
4700 195
4701 195
4702 195
4703 195
4704 195
4705 195
4706 195
4707 195
4718 195
4719 195
4720 195
4721 195
4722 195
4723 195
4724 195
4725 195
4726 195
4727 195
4738 195
4739 195
4740 196
4741 196
4742 196
4743 196
4744 196
4745 196
4746 196
4747 196
4748 196
4749 196
4750 196
4761 196
4762 196
4763 196
4764 196
4765 196
4766 196
4767 196
4768 197
4769 197
4770 198
4771 198
4772 198
4773 198
4774 198
4775 198
4776 198
4777 198
4778 198
4779 198
4780 198
4791 198
4792 198
4793 198
4794 198
4795 198
4796 198
4797 198
4798 198
4799 198
4800 198
4811 197
4812 197
4813 197
4814 197
4815 197
4816 197
4817 197
4818 197
4819 197
4820 197
4831 197
4832 197
4833 197
4834 197
4835 197
4836 197
4837 197
4838 197
4839 197
4840 197
4851 198
4852 198
4853 198
4854 198
4855 198
4856 198
4857 198
4858 198
4859 198
4860 198
4861 198
4872 200
4873 200
4874 200
4875 200
4876 200
4877 200
4878 200
4879 200
4880 200
4881 200
4892 200
4893 200
4894 200
4895 200
4896 200
4897 200
4898 200
4899 200
4900 200
4901 200
4912 200
4913 200
4914 200
4915 200
4916 200
4917 200
4918 200
4919 200
4920 200
4921 200
4932 198
4933 198
4934 198
4935 198
4936 198
4937 198
4938 198
4939 199
4940 199
4941 199
4942 199
4943 199
4944 199
4945 199
4946 199
4947 199
4948 199
4949 199
4960 199
4961 199
4962 199
4963 199
4964 199
4965 199
4966 199
4967 199
4968 199
4969 199
4980 198
4981 198
4982 198
4983 198
4984 198
4985 198
4986 198
4987 198
4988 198
4989 198
