0 33
1 35
2 36
3 37
4 37
5 37
6 37
7 37
8 39
9 39
10 39
11 39
12 44
13 44
14 44
15 44
16 44
17 44
18 45
19 45
20 45
21 45
22 45
23 45
24 45
25 48
26 49
27 49
28 49
29 49
30 49
31 50
32 50
33 56
34 56
35 57
36 57
37 58
38 58
39 60
40 60
41 60
42 60
43 60
44 60
45 61
46 61
47 61
48 61
49 61
50 61
51 61
52 61
53 61
54 61
55 61
66 72
67 72
68 76
69 76
70 76
71 78
72 78
73 80
74 80
75 80
76 80
77 81
78 81
79 81
80 81
81 81
82 81
83 81
84 81
85 81
86 85
87 85
88 85
89 85
90 85
91 85
92 85
93 85
94 85
95 85
96 85
107 92
108 92
109 92
110 92
111 92
112 92
113 92
114 112
115 112
116 112
117 112
118 112
119 112
120 112
121 112
122 112
123 115
124 115
125 115
126 115
127 115
128 115
129 118
130 118
131 118
132 118
133 119
134 119
135 120
136 120
137 120
138 120
139 120
140 120
141 123
142 123
143 123
144 123
145 123
146 125
147 125
148 125
149 125
150 125
151 125
152 125
153 126
154 127
155 127
156 127
157 127
158 127
159 132
160 133
161 133
162 135
163 135
164 135
165 137
166 137
167 137
168 137
169 137
170 138
171 138
172 138
173 138
174 138
175 138
176 138
177 147
178 148
179 148
180 148
181 148
182 149
183 149
184 149
185 149
186 149
187 149
188 149
189 150
190 150
191 150
192 151
193 151
194 151
195 153
196 153
197 153
198 153
199 153
200 153
201 153
202 153
203 153
204 154
205 154
206 154
207 154
208 154
209 154
210 154
211 154
212 154
213 154
214 154
225 198
226 198
227 198
228 198
229 198
230 198
231 215
232 216
233 217
234 217
235 217
236 217
237 217
238 224
239 224
240 224
241 224
242 224
243 224
244 224
245 224
246 224
247 224
248 224
259 225
260 225
261 225
262 227
263 227
264 227
265 227
266 227
267 227
268 227
269 227
270 227
271 227
272 227
283 227
284 227
285 227
286 228
287 228
288 228
289 228
290 228
291 228
292 228
293 228
294 228
295 228
296 228
307 228
308 228
309 228
310 228
311 228
312 228
313 229
314 229
315 229
316 229
317 229
318 229
319 229
320 229
321 229
322 229
323 229
334 232
335 232
336 232
337 233
338 238
339 238
340 238
341 238
342 238
343 238
344 238
345 238
346 238
347 238
348 238
359 239
360 239
361 239
362 239
363 239
364 239
365 241
366 241
367 241
368 241
369 241
370 241
371 241
372 241
373 241
374 241
375 241
386 241
387 241
388 241
389 241
390 241
391 241
392 241
393 241
394 241
395 241
406 241
407 241
408 241
409 241
410 241
411 242
412 242
413 242
414 242
415 242
416 242
417 242
418 242
419 242
420 242
421 242
432 245
433 245
434 245
435 245
436 245
437 249
438 249
439 249
440 249
441 249
442 249
443 249
444 249
445 249
446 249
447 249
458 250
459 250
460 250
461 250
462 250
463 250
464 250
465 251
466 251
467 251
468 251
469 251
470 251
471 251
472 251
473 251
474 251
475 251
486 250
487 250
488 250
489 250
490 250
491 250
492 250
493 250
494 250
495 250
506 249
507 250
508 252
509 252
510 252
511 252
512 252
513 252
514 252
515 252
516 252
517 252
518 252
529 254
530 254
531 254
532 254
533 255
534 255
535 255
536 255
537 255
538 255
539 255
540 255
541 255
542 255
543 255
554 262
555 262
556 262
557 262
558 262
559 262
560 262
561 262
562 262
563 262
564 262
575 262
576 262
577 262
578 262
579 262
580 262
581 262
582 262
583 262
584 262
595 267
596 267
597 267
598 267
599 267
600 267
601 267
602 274
603 274
604 280
605 280
606 280
607 280
608 280
609 280
610 280
611 282
612 282
613 282
614 282
615 282
616 283
617 283
618 283
619 283
620 283
621 283
622 284
623 284
624 285
625 285
626 285
627 285
628 285
629 285
630 285
631 285
632 285
633 285
634 285
645 285
646 285
647 285
648 285
649 285
650 285
651 285
652 285
653 285
654 285
665 285
666 285
667 285
668 285
669 285
670 285
671 285
672 285
673 285
674 285
685 283
686 283
687 283
688 283
689 283
690 283
691 283
692 283
693 285
694 285
695 285
696 285
697 285
698 285
699 285
700 285
701 285
702 285
703 285
714 284
715 285
716 285
717 285
718 285
719 285
720 285
721 286
722 286
723 286
724 286
725 286
726 286
727 286
728 286
729 286
730 286
731 286
742 286
743 286
744 286
745 286
746 286
747 286
748 286
749 288
750 288
751 288
752 288
753 288
754 288
755 288
756 288
757 288
758 288
759 288
770 290
771 290
772 292
773 292
774 292
775 292
776 292
777 292
778 292
779 292
780 292
781 292
782 296
783 296
784 296
785 296
786 297
787 297
788 297
789 297
790 297
791 297
792 297
793 297
794 298
795 298
796 298
797 298
798 298
799 298
800 298
801 298
802 298
803 298
804 298
815 298
816 298
817 298
818 298
819 298
820 298
821 298
822 298
823 298
824 298
835 299
836 299
837 299
838 299
839 299
840 299
841 299
842 308
843 308
844 308
845 308
846 308
847 308
848 308
849 308
850 308
851 308
852 308
863 308
864 308
865 308
866 308
867 308
868 308
869 308
870 308
871 308
872 308
883 308
884 308
885 308
886 308
887 308
888 308
889 308
890 308
891 310
892 310
893 310
894 310
895 310
896 310
897 310
898 310
899 310
900 310
901 310
912 310
913 310
914 310
915 310
916 310
917 310
918 310
919 310
920 310
921 310
932 309
933 309
934 309
935 309
936 309
937 310
938 310
939 310
940 310
941 310
942 310
943 310
944 310
945 310
946 310
947 310
958 309
959 309
960 309
961 309
962 309
963 309
964 309
965 309
966 309
967 309
978 312
979 312
980 312
981 312
982 312
983 312
984 312
985 312
986 312
987 312
998 311
999 311
1000 311
1001 311
1002 311
1003 311
1004 311
1005 311
1006 311
1007 311
1018 311
1019 311
1020 311
1021 311
1022 311
1023 311
1024 311
1025 311
1026 311
1027 311
1028 311
1039 311
1040 311
1041 311
1042 311
1043 311
1044 311
1045 311
1046 311
1047 311
1048 311
1059 310
1060 310
1061 310
1062 310
1063 310
1064 310
1065 311
1066 311
1067 311
1068 311
1069 311
1070 311
1071 311
1072 311
1073 311
1074 311
1075 311
1086 311
1087 311
1088 311
1089 311
1090 311
1091 311
1092 311
1093 311
1094 311
1095 311
1106 310
1107 310
1108 310
1109 310
1110 310
1111 310
1112 310
1113 310
1114 310
1115 310
1126 311
1127 311
1128 311
1129 311
1130 311
1131 311
1132 311
1133 311
1134 311
1135 311
1146 311
1147 311
1148 311
1149 311
1150 311
1151 311
1152 311
1153 311
1154 311
1155 311
1166 311
1167 311
1168 311
1169 311
1170 311
1171 311
1172 311
1173 311
1174 311
1175 311
1186 311
1187 311
1188 311
1189 311
1190 311
1191 311
1192 311
1193 311
1194 311
1195 311
1206 311
1207 312
1208 312
1209 312
1210 312
1211 312
1212 312
1213 312
1214 312
1215 312
1216 312
1217 312
1228 310
1229 310
1230 310
1231 310
1232 310
1233 310
1234 310
1235 310
1236 310
1237 310
1248 310
1249 310
1250 310
1251 310
1252 310
1253 310
1254 310
1255 310
1256 310
1257 310
1268 310
1269 310
1270 310
1271 310
1272 310
1273 310
1274 310
1275 310
1276 310
1277 311
1278 311
1279 311
1280 311
1281 311
1282 311
1283 311
1284 311
1285 311
1286 311
1287 311
1298 310
1299 310
1300 310
1301 310
1302 310
1303 310
1304 310
1305 310
1306 310
1307 310
1318 310
1319 310
1320 310
1321 310
1322 311
1323 311
1324 311
1325 311
1326 311
1327 311
1328 311
1329 311
1330 311
1331 311
1332 313
1333 313
1334 313
1335 313
1336 313
1337 313
1338 313
1339 313
1340 313
1341 313
1342 313
1353 312
1354 312
1355 312
1356 312
1357 312
1358 312
1359 312
1360 312
1361 312
1362 312
1373 312
1374 312
1375 312
1376 312
1377 312
1378 312
1379 312
1380 312
1381 312
1382 312
1393 312
1394 312
1395 312
1396 312
1397 312
1398 312
1399 312
1400 312
1401 312
1402 312
1413 311
1414 312
1415 312
1416 312
1417 312
1418 312
1419 312
1420 312
1421 312
1422 312
1423 312
1424 312
1435 312
1436 312
1437 312
1438 312
1439 312
1440 312
1441 312
1442 312
1443 312
1444 312
1455 312
1456 312
1457 312
1458 312
1459 312
1460 312
1461 312
1462 312
1463 312
1464 312
1475 312
1476 312
1477 312
1478 312
1479 312
1480 312
1481 312
1482 312
1483 312
1484 312
1495 312
1496 312
1497 312
1498 312
1499 312
1500 312
1501 312
1502 312
1503 312
1504 312
1515 311
1516 311
1517 312
1518 312
1519 312
1520 312
1521 312
1522 312
1523 312
1524 312
1525 312
1526 312
1527 312
1538 312
1539 312
1540 312
1541 312
1542 312
1543 313
1544 313
1545 313
1546 313
1547 313
1548 313
1549 313
1550 313
1551 313
1552 313
1553 313
1564 311
1565 311
1566 311
1567 311
1568 311
1569 311
1570 312
1571 312
1572 312
1573 312
1574 312
1575 312
1576 312
1577 312
1578 312
1579 312
1580 312
1591 311
1592 311
1593 311
1594 311
1595 311
1596 311
1597 311
1598 311
1599 311
1600 311
1611 310
1612 310
1613 310
1614 310
1615 310
1616 310
1617 310
1618 310
1619 310
1620 311
1621 311
1622 311
1623 311
1624 311
1625 311
1626 311
1627 311
1628 311
1629 311
1630 311
1641 311
1642 311
1643 311
1644 311
1645 311
1646 311
1647 311
1648 311
1649 311
1650 311
1661 311
1662 311
1663 311
1664 311
1665 311
1666 311
1667 311
1668 311
1669 311
1670 311
1681 311
1682 311
1683 311
1684 311
1685 311
1686 311
1687 311
1688 311
1689 311
1690 311
1691 311
1702 311
1703 311
1704 311
1705 311
1706 311
1707 311
1708 311
1709 311
1710 311
1711 311
1722 310
1723 310
1724 310
1725 310
1726 310
1727 310
1728 312
1729 312
1730 312
1731 312
1732 312
1733 312
1734 312
1735 312
1736 312
1737 312
1738 312
1749 312
1750 312
1751 312
1752 312
1753 312
1754 312
1755 312
1756 312
1757 312
1758 312
1769 311
1770 311
1771 311
1772 311
1773 311
1774 311
1775 311
1776 311
1777 311
1778 311
1789 311
1790 311
1791 311
1792 311
1793 311
1794 311
1795 311
1796 312
1797 312
1798 312
1799 312
1800 312
1801 312
1802 312
1803 312
1804 312
1805 312
1806 312
1817 312
1818 312
1819 312
1820 312
1821 312
1822 312
1823 312
1824 312
1825 312
1826 312
1837 312
1838 312
1839 312
1840 312
1841 312
1842 312
1843 312
1844 312
1845 312
1846 312
1857 312
1858 312
1859 312
1860 312
1861 312
1862 312
1863 312
1864 312
1865 312
1866 312
1877 312
1878 312
1879 312
1880 312
1881 312
1882 312
1883 312
1884 312
1885 312
1886 312
1897 312
1898 312
1899 312
1900 312
1901 312
1902 312
1903 312
1904 312
1905 312
1906 312
1917 313
1918 313
1919 313
1920 313
1921 313
1922 313
1923 313
1924 313
1925 313
1926 313
1937 312
1938 312
1939 312
1940 312
1941 312
1942 312
1943 312
1944 312
1945 312
1946 312
1957 310
1958 310
1959 310
1960 310
1961 310
1962 310
1963 310
1964 310
1965 310
1966 310
1977 312
1978 312
1979 312
1980 312
1981 312
1982 312
1983 312
1984 312
1985 312
1986 312
1997 312
1998 312
1999 312
2000 312
2001 312
2002 312
2003 312
2004 312
2005 312
2006 312
2017 312
2018 312
2019 312
2020 312
2021 312
2022 312
2023 312
2024 312
2025 312
2026 312
2037 311
2038 311
2039 311
2040 311
2041 311
2042 311
2043 311
2044 313
2045 313
2046 313
2047 313
2048 313
2049 313
2050 313
2051 313
2052 313
2053 313
2054 313
2065 312
2066 312
2067 312
2068 312
2069 312
2070 312
2071 312
2072 312
2073 312
2074 312
2085 312
2086 312
2087 312
2088 312
2089 312
2090 312
2091 312
2092 312
2093 312
2094 312
2105 312
2106 312
2107 312
2108 312
2109 312
2110 312
2111 312
2112 312
2113 312
2114 312
2125 311
2126 311
2127 311
2128 311
2129 311
2130 311
2131 311
2132 311
2133 311
2134 311
2145 311
2146 311
2147 311
2148 312
2149 312
2150 312
2151 312
2152 312
2153 312
2154 312
2155 312
2156 312
2157 312
2158 312
2169 313
2170 313
2171 313
2172 313
2173 313
2174 313
2175 313
2176 313
2177 313
2178 313
2189 312
2190 312
2191 312
2192 312
2193 312
2194 312
2195 312
2196 312
2197 312
2198 312
2209 312
2210 312
2211 312
2212 312
2213 312
2214 312
2215 312
2216 312
2217 312
2218 312
2219 312
2230 312
2231 312
2232 312
2233 312
2234 312
2235 312
2236 312
2237 312
2238 312
2239 312
2250 310
2251 310
2252 310
2253 310
2254 310
2255 310
2256 310
2257 310
2258 310
2259 310
2270 312
2271 312
2272 313
2273 313
2274 313
2275 313
2276 313
2277 313
2278 313
2279 313
2280 313
2281 313
2282 313
2293 311
2294 311
2295 311
2296 312
2297 312
2298 312
2299 312
2300 312
2301 312
2302 312
2303 312
2304 312
2305 312
2306 312
2317 312
2318 312
2319 312
2320 312
2321 312
2322 312
2323 312
2324 312
2325 312
2326 312
2337 311
2338 312
2339 312
2340 312
2341 312
2342 312
2343 312
2344 312
2345 312
2346 312
2347 312
2348 312
2359 312
2360 312
2361 312
2362 312
2363 312
2364 312
2365 312
2366 312
2367 312
2368 312
2379 311
2380 311
2381 311
2382 311
2383 311
2384 311
2385 311
2386 311
2387 311
2388 311
2399 311
2400 311
2401 311
2402 311
2403 311
2404 311
2405 311
2406 311
2407 311
2408 311
2419 311
2420 311
2421 311
2422 311
2423 311
2424 311
2425 311
2426 311
2427 311
2428 311
2439 310
2440 310
2441 310
2442 310
2443 311
2444 311
2445 311
2446 311
2447 311
2448 311
2449 311
2450 311
2451 311
2452 311
2453 311
2464 312
2465 312
2466 312
2467 312
2468 312
2469 312
2470 312
2471 312
2472 312
2473 312
2484 312
2485 312
2486 312
2487 312
2488 312
2489 312
2490 312
2491 312
2492 312
2493 312
2504 312
2505 312
2506 312
2507 312
2508 312
2509 312
2510 312
2511 312
2512 312
2513 312
2524 312
2525 312
2526 312
2527 312
2528 312
2529 312
2530 312
2531 312
2532 313
2533 313
2534 313
2535 313
2536 313
2537 313
2538 313
2539 313
2540 313
2541 313
2542 313
2553 312
2554 312
2555 312
2556 312
2557 312
2558 312
2559 312
2560 312
2561 312
2562 312
2563 312
2574 311
2575 311
2576 311
2577 311
2578 311
2579 311
2580 312
2581 312
2582 312
2583 312
2584 312
2585 312
2586 312
2587 312
2588 312
2589 312
2590 312
2601 312
2602 312
2603 312
2604 312
2605 312
2606 312
2607 312
2608 312
2609 312
2610 312
2621 311
2622 311
2623 311
2624 311
2625 311
2626 311
2627 311
2628 311
2629 311
2630 311
2641 310
2642 310
2643 310
2644 310
2645 310
2646 310
2647 310
2648 310
2649 310
2650 310
2661 310
2662 310
2663 310
2664 310
2665 310
2666 310
2667 310
2668 310
2669 310
2670 310
2671 310
2682 309
2683 309
2684 309
2685 309
2686 309
2687 309
2688 309
2689 309
2690 309
2691 309
2702 309
2703 309
2704 310
2705 310
2706 310
2707 310
2708 310
2709 310
2710 310
2711 310
2712 310
2713 310
2714 310
2725 309
2726 309
2727 309
2728 310
2729 310
2730 310
2731 310
2732 310
2733 310
2734 310
2735 310
2736 310
2737 310
2738 310
2749 309
2750 309
2751 309
2752 309
2753 309
2754 309
2755 309
2756 309
2757 309
2758 309
2769 310
2770 310
2771 310
2772 310
2773 310
2774 310
2775 310
2776 310
2777 310
2778 310
2789 310
2790 310
2791 310
2792 310
2793 310
2794 310
2795 310
2796 310
2797 310
2798 310
2809 310
2810 310
2811 310
2812 310
2813 310
2814 310
2815 310
2816 310
2817 310
2818 310
2829 309
2830 309
2831 309
2832 309
2833 309
2834 313
2835 313
2836 313
2837 313
2838 313
2839 313
2840 313
2841 313
2842 313
2843 313
2844 313
2855 312
2856 312
2857 312
2858 312
2859 312
2860 312
2861 312
2862 312
2863 312
2864 312
2875 312
2876 312
2877 312
2878 312
2879 312
2880 313
2881 313
2882 313
2883 313
2884 313
2885 313
2886 313
2887 313
2888 313
2889 313
2890 313
2901 313
2902 313
2903 313
2904 313
2905 313
2906 313
2907 313
2908 313
2909 313
2910 313
2921 313
2922 313
2923 313
2924 313
2925 313
2926 313
2927 313
2928 313
2929 313
2930 313
2941 312
2942 313
2943 313
2944 313
2945 313
2946 313
2947 313
2948 313
2949 313
2950 313
2951 313
2952 313
2963 312
2964 312
2965 312
2966 313
2967 313
2968 313
2969 313
2970 313
2971 313
2972 313
2973 313
2974 313
2975 313
2976 313
2987 314
2988 314
2989 314
2990 314
2991 314
2992 314
2993 314
2994 314
2995 314
2996 314
3007 313
3008 313
3009 313
3010 313
3011 313
3012 313
3013 313
3014 313
3015 313
3016 313
3027 313
3028 313
3029 313
3030 313
3031 313
3032 313
3033 313
3034 313
3035 313
3036 313
3047 313
3048 313
3049 313
3050 313
3051 313
3052 313
3053 313
3054 313
3055 313
3056 313
3067 313
3068 313
3069 313
3070 313
3071 313
3072 313
3073 313
3074 313
3075 313
3076 313
3077 313
3088 312
3089 312
3090 312
3091 313
3092 313
3093 313
3094 313
3095 313
3096 313
3097 313
3098 313
3099 313
3100 313
3101 313
3112 312
3113 312
3114 312
3115 312
3116 312
3117 312
3118 312
3119 312
3120 312
3121 312
3132 313
3133 313
3134 313
3135 313
3136 313
3137 313
3138 313
3139 313
3140 313
3141 313
3152 312
3153 312
3154 312
3155 312
3156 312
3157 313
3158 313
3159 313
3160 313
3161 313
3162 313
3163 313
3164 313
3165 313
3166 313
3167 313
3178 313
3179 313
3180 313
3181 313
3182 313
3183 313
3184 313
3185 313
3186 313
3187 313
3198 312
3199 312
3200 312
3201 313
3202 313
3203 313
3204 313
3205 313
3206 313
3207 313
3208 313
3209 313
3210 313
3211 313
3222 312
3223 312
3224 312
3225 312
3226 312
3227 312
3228 312
3229 312
3230 312
3231 312
3242 314
3243 314
3244 314
3245 314
3246 314
3247 314
3248 314
3249 314
3250 314
3251 314
3262 314
3263 314
3264 314
3265 314
3266 314
3267 314
3268 314
3269 314
3270 314
3271 314
3282 314
3283 314
3284 314
3285 314
3286 314
3287 314
3288 314
3289 314
3290 314
3291 314
3302 313
3303 313
3304 313
3305 313
3306 313
3307 313
3308 313
3309 314
3310 314
3311 314
3312 314
3313 314
3314 314
3315 314
3316 314
3317 314
3318 314
3319 314
3330 313
3331 314
3332 314
3333 314
3334 314
3335 314
3336 314
3337 314
3338 314
3339 314
3340 314
3341 314
3352 314
3353 314
3354 314
3355 314
3356 314
3357 314
3358 314
3359 314
3360 314
3361 314
3372 314
3373 314
3374 314
3375 314
3376 314
3377 314
3378 314
3379 314
3380 314
3381 314
3392 313
3393 313
3394 313
3395 313
3396 313
3397 313
3398 313
3399 313
3400 313
3401 313
3412 314
3413 314
3414 314
3415 314
3416 314
3417 314
3418 314
3419 314
3420 314
3421 314
3432 314
3433 314
3434 314
3435 314
3436 314
3437 314
3438 314
3439 314
3440 314
3441 314
3452 313
3453 313
3454 313
3455 313
3456 313
3457 313
3458 313
3459 313
3460 313
3461 313
3472 315
3473 315
3474 315
3475 315
3476 315
3477 315
3478 315
3479 315
3480 315
3481 315
3492 315
3493 315
3494 315
3495 315
3496 315
3497 315
3498 315
3499 315
3500 315
3501 315
3512 313
3513 313
3514 313
3515 313
3516 313
3517 313
3518 313
3519 313
3520 313
3521 313
3532 312
3533 312
3534 312
3535 312
3536 312
3537 312
3538 312
3539 312
3540 312
3541 312
3552 313
3553 313
3554 313
3555 313
3556 313
3557 313
3558 313
3559 313
3560 313
3561 313
3572 313
3573 313
3574 313
3575 313
3576 313
3577 313
3578 313
3579 313
3580 313
3581 313
3582 313
3593 313
3594 313
3595 313
3596 313
3597 313
3598 313
3599 313
3600 313
3601 313
3602 313
3613 314
3614 314
3615 314
3616 314
3617 314
3618 314
3619 314
3620 314
3621 314
3622 314
3633 314
3634 314
3635 314
3636 314
3637 314
3638 314
3639 314
3640 314
3641 314
3642 314
3653 313
3654 313
3655 313
3656 314
3657 314
3658 314
3659 314
3660 314
3661 314
3662 314
3663 314
3664 314
3665 314
3666 314
3677 313
3678 313
3679 313
3680 313
3681 313
3682 314
3683 314
3684 314
3685 314
3686 314
3687 314
3688 314
3689 314
3690 314
3691 314
3692 314
3703 314
3704 314
3705 314
3706 314
3707 314
3708 314
3709 314
3710 314
3711 314
3712 314
3723 313
3724 313
3725 313
3726 313
3727 313
3728 313
3729 313
3730 314
3731 314
3732 314
3733 314
3734 314
3735 314
3736 314
3737 314
3738 314
3739 314
3740 314
3751 313
3752 313
3753 313
3754 313
3755 314
3756 314
3757 314
3758 314
3759 314
3760 314
3761 315
3762 315
3763 315
3764 315
3765 315
3766 315
3767 315
3768 315
3769 315
3770 315
3771 315
3782 314
3783 314
3784 314
3785 314
3786 314
3787 314
3788 314
3789 314
3790 314
3791 314
3802 312
3803 312
3804 312
3805 312
3806 312
3807 312
3808 312
3809 312
3810 312
3811 312
3822 313
3823 313
3824 313
3825 313
3826 313
3827 313
3828 313
3829 313
3830 313
3831 313
3842 312
3843 312
3844 312
3845 312
3846 312
3847 312
3848 312
3849 313
3850 313
3851 313
3852 313
3853 313
3854 313
3855 313
3856 313
3857 313
3858 313
3859 313
3870 313
3871 313
3872 313
3873 313
3874 313
3875 314
3876 314
3877 314
3878 314
3879 314
3880 314
3881 314
3882 314
3883 314
3884 314
3885 314
3896 313
3897 313
3898 314
3899 314
3900 314
3901 314
3902 314
3903 314
3904 314
3905 314
3906 314
3907 314
3908 314
3919 314
3920 314
3921 314
3922 314
3923 314
3924 314
3925 314
3926 314
3927 314
3928 314
3939 314
3940 314
3941 314
3942 314
3943 314
3944 314
3945 314
3946 314
3947 314
3948 314
3959 313
3960 313
3961 313
3962 313
3963 313
3964 313
3965 313
3966 313
3967 313
3968 313
3979 312
3980 312
3981 312
3982 312
3983 312
3984 312
3985 312
3986 312
3987 313
3988 313
3989 313
3990 313
3991 313
3992 313
3993 313
3994 313
3995 313
3996 313
3997 313
4008 313
4009 313
4010 313
4011 313
4012 313
4013 313
4014 313
4015 313
4016 313
4017 313
4028 313
4029 313
4030 313
4031 313
4032 313
4033 313
4034 313
4035 313
4036 313
4037 313
4048 313
4049 313
4050 313
4051 313
4052 313
4053 313
4054 313
4055 313
4056 313
4057 313
4068 313
4069 313
4070 313
4071 313
4072 313
4073 313
4074 313
4075 313
4076 313
4077 313
4088 314
4089 314
4090 314
4091 314
4092 314
4093 314
4094 314
4095 314
4096 314
4097 314
4108 314
4109 314
4110 314
4111 314
4112 314
4113 314
4114 314
4115 314
4116 314
4117 314
4128 314
4129 314
4130 314
4131 314
4132 314
4133 314
4134 314
4135 314
4136 314
4137 314
4148 313
4149 313
4150 313
4151 313
4152 313
4153 313
4154 314
4155 314
4156 314
4157 314
4158 314
4159 314
4160 314
4161 314
4162 314
4163 314
4164 314
4175 313
4176 313
4177 313
4178 313
4179 313
4180 313
4181 313
4182 313
4183 313
4184 313
4195 314
4196 314
4197 314
4198 314
4199 314
4200 314
4201 314
4202 314
4203 314
4204 314
4215 313
4216 313
4217 313
4218 313
4219 313
4220 313
4221 313
4222 313
4223 313
4224 313
4235 314
4236 314
4237 314
4238 314
4239 314
4240 314
4241 314
4242 314
4243 314
4244 314
4255 314
4256 314
4257 314
4258 314
4259 314
4260 314
4261 314
4262 314
4263 314
4264 314
4275 314
4276 314
4277 314
4278 314
4279 314
4280 314
4281 314
4282 314
4283 314
4284 314
4295 313
4296 314
4297 314
4298 314
4299 314
4300 314
4301 314
4302 314
4303 314
4304 314
4305 314
4306 314
4317 314
4318 314
4319 314
4320 314
4321 314
4322 314
4323 314
4324 314
4325 314
4326 314
4337 314
4338 314
4339 314
4340 314
4341 314
4342 314
4343 314
4344 314
4345 314
4346 314
4357 315
4358 315
4359 315
4360 315
4361 315
4362 315
4363 315
4364 315
4365 315
4366 315
4377 314
4378 314
4379 314
4380 314
4381 314
4382 314
4383 314
4384 314
4385 314
4386 314
4397 314
4398 314
4399 314
4400 314
4401 314
4402 314
4403 314
4404 314
4405 314
4406 314
4417 313
4418 313
4419 313
4420 313
4421 313
4422 313
4423 313
4424 313
4425 313
4426 313
4437 314
4438 314
4439 314
4440 314
4441 314
4442 314
4443 314
4444 314
4445 314
4446 314
4457 314
4458 314
4459 314
4460 314
4461 314
4462 314
4463 314
4464 315
4465 315
4466 315
4467 315
4468 315
4469 315
4470 315
4471 315
4472 315
4473 315
4474 315
4485 313
4486 313
4487 314
4488 314
4489 314
4490 314
4491 314
4492 314
4493 314
4494 314
4495 314
4496 314
4497 314
4508 314
4509 314
4510 314
4511 314
4512 314
4513 314
4514 314
4515 314
4516 314
4517 314
4528 313
4529 313
4530 313
4531 313
4532 313
4533 313
4534 313
4535 313
4536 313
4537 313
4548 313
4549 313
4550 313
4551 313
4552 313
4553 313
4554 313
4555 313
4556 313
4557 313
4568 312
4569 312
4570 312
4571 312
4572 312
4573 312
4574 312
4575 312
4576 312
4577 312
4588 312
4589 312
4590 312
4591 312
4592 312
4593 312
4594 312
4595 312
4596 312
4597 313
4598 313
4599 313
4600 313
4601 313
4602 313
4603 313
4604 313
4605 313
4606 313
4607 313
4618 313
4619 313
4620 313
4621 313
4622 313
4623 313
4624 313
4625 313
4626 313
4627 313
4638 312
4639 312
4640 312
4641 312
4642 312
4643 312
4644 312
4645 312
4646 312
4647 313
4648 313
4649 313
4650 313
4651 313
4652 313
4653 313
4654 313
4655 313
4656 313
4657 313
4668 313
4669 313
4670 313
4671 313
4672 313
4673 313
4674 313
4675 313
4676 313
4677 313
4688 313
4689 313
4690 313
4691 313
4692 313
4693 313
4694 313
4695 313
4696 313
4697 313
4708 312
4709 312
4710 312
4711 312
4712 312
4713 312
4714 312
4715 312
4716 312
4717 312
4728 313
4729 313
4730 313
4731 313
4732 313
4733 313
4734 313
4735 313
4736 313
4737 313
4748 313
4749 313
4750 313
4751 313
4752 313
4753 313
4754 313
4755 313
4756 313
4757 313
4768 313
4769 313
4770 313
4771 313
4772 313
4773 313
4774 313
4775 313
4776 313
4777 313
4788 313
4789 313
4790 313
4791 313
4792 313
4793 313
4794 313
4795 313
4796 313
4797 313
4808 312
4809 312
4810 312
4811 312
4812 312
4813 312
4814 312
4815 312
4816 312
4817 312
4828 312
4829 312
4830 312
4831 312
4832 312
4833 312
4834 312
4835 312
4836 312
4837 312
4848 313
4849 313
4850 313
4851 313
4852 313
4853 313
4854 313
4855 313
4856 313
4857 313
4868 313
4869 313
4870 314
4871 314
4872 314
4873 314
4874 314
4875 314
4876 314
4877 314
4878 314
4879 314
4880 314
4891 313
4892 313
4893 313
4894 313
4895 313
4896 313
4897 313
4898 313
4899 313
4900 313
4911 313
4912 314
4913 314
4914 314
4915 314
4916 314
4917 314
4918 314
4919 314
4920 314
4921 314
4922 314
4933 315
4934 315
4935 315
4936 315
4937 315
4938 315
4939 315
4940 315
4941 315
4942 315
4953 314
4954 314
4955 314
4956 314
4957 314
4958 314
4959 314
4960 314
4961 314
4962 314
4973 314
4974 314
4975 314
4976 314
4977 314
4978 314
4979 314
4980 314
4981 314
4982 314
4993 313
4994 313
4995 313
4996 313
4997 313
4998 313
4999 313
