0 71
1 73
2 74
3 75
4 75
5 78
6 79
7 80
8 80
9 80
10 80
11 81
12 82
13 82
14 82
15 84
16 84
17 84
18 84
19 84
20 84
21 84
22 84
23 84
24 84
25 84
36 85
37 85
38 85
39 85
40 85
41 141
42 143
43 143
44 144
45 144
46 148
47 150
48 150
49 150
50 150
51 150
52 150
53 150
54 151
55 151
56 151
57 152
58 152
59 152
60 152
61 152
62 152
63 152
64 152
65 152
66 155
67 155
68 155
69 158
70 158
71 159
72 159
73 159
74 159
75 159
76 159
77 159
78 160
79 160
80 160
81 160
82 162
83 162
84 162
85 162
86 162
87 162
88 162
89 162
90 162
91 162
92 162
103 171
104 172
105 174
106 174
107 176
108 176
109 176
110 176
111 176
112 176
113 176
114 178
115 178
116 179
117 179
118 179
119 179
120 179
121 179
122 179
123 179
124 179
125 179
126 179
137 180
138 180
139 183
140 183
141 183
142 183
143 183
144 183
145 184
146 184
147 184
148 185
149 185
150 185
151 187
152 187
153 187
154 187
155 187
156 188
157 188
158 188
159 188
160 188
161 188
162 188
163 189
164 189
165 189
166 189
167 189
168 189
169 190
170 190
171 190
172 190
173 190
174 190
175 190
176 190
177 190
178 190
179 190
190 191
191 191
192 191
193 191
194 191
195 195
196 195
197 195
198 195
199 195
200 195
201 195
202 200
203 200
204 200
205 200
206 200
207 200
208 200
209 200
210 200
211 200
212 200
223 199
224 199
225 199
226 199
227 199
228 199
229 199
230 199
231 199
232 199
243 204
244 204
245 204
246 204
247 204
248 204
249 204
250 204
251 204
252 204
263 222
264 222
265 223
266 223
267 223
268 223
269 223
270 223
271 223
272 223
273 223
274 223
275 225
276 225
277 225
278 225
279 225
280 225
281 225
282 225
283 225
284 225
285 225
296 225
297 225
298 225
299 225
300 225
301 225
302 225
303 225
304 225
305 225
316 226
317 227
318 227
319 227
320 227
321 227
322 227
323 227
324 227
325 227
326 227
327 228
328 228
329 228
330 229
331 229
332 229
333 229
334 229
335 229
336 229
337 229
338 229
339 229
340 229
351 228
352 228
353 228
354 228
355 228
356 228
357 228
358 230
359 230
360 230
361 230
362 230
363 231
364 231
365 231
366 231
367 231
368 231
369 231
370 231
371 231
372 231
373 231
384 236
385 236
386 236
387 236
388 236
389 236
390 236
391 236
392 236
393 236
394 236
405 236
406 236
407 236
408 237
409 237
410 237
411 237
412 237
413 237
414 237
415 237
416 237
417 237
418 237
429 236
430 236
431 236
432 236
433 237
434 237
435 237
436 237
437 237
438 237
439 240
440 240
441 240
442 240
443 243
444 243
445 243
446 243
447 243
448 243
449 243
450 243
451 243
452 243
453 243
464 243
465 243
466 243
467 243
468 243
469 243
470 243
471 243
472 243
473 243
484 241
485 241
486 241
487 241
488 241
489 242
490 242
491 242
492 242
493 242
494 242
495 242
496 242
497 242
498 242
499 242
510 242
511 242
512 242
513 242
514 242
515 242
516 242
517 242
518 242
519 242
530 243
531 243
532 243
533 243
534 243
535 243
536 243
537 243
538 243
539 243
550 247
551 247
552 247
553 247
554 247
555 247
556 247
557 247
558 247
559 247
570 250
571 250
572 250
573 250
574 250
575 250
576 250
577 250
578 250
579 250
590 249
591 249
592 249
593 249
594 249
595 250
596 250
597 250
598 250
599 257
600 257
601 257
602 257
603 257
604 257
605 257
606 257
607 257
608 257
609 257
620 256
621 256
622 256
623 259
624 259
625 269
626 269
627 269
628 269
629 269
630 269
631 269
632 269
633 271
634 271
635 271
636 271
637 271
638 271
639 271
640 271
641 271
642 271
643 271
654 286
655 286
656 286
657 286
658 286
659 286
660 286
661 286
662 286
663 289
664 289
665 289
666 289
667 289
668 289
669 289
670 289
671 289
672 289
673 289
684 288
685 288
686 288
687 288
688 288
689 288
690 288
691 289
692 289
693 289
694 289
695 289
696 289
697 289
698 289
699 289
700 289
701 289
712 289
713 289
714 289
715 289
716 289
717 289
718 289
719 289
720 289
721 289
732 288
733 288
734 288
735 288
736 288
737 288
738 288
739 288
740 288
741 288
752 288
753 288
754 289
755 289
756 289
757 289
758 289
759 289
760 289
761 289
762 289
763 289
764 289
775 289
776 289
777 289
778 289
779 289
780 289
781 289
782 289
783 289
784 289
795 289
796 289
797 289
798 289
799 289
800 289
801 289
802 289
803 289
804 289
815 289
816 289
817 289
818 289
819 289
820 289
821 289
822 289
823 289
824 289
835 288
836 288
837 288
838 288
839 289
840 289
841 289
842 289
843 289
844 289
845 289
846 289
847 289
848 289
849 289
860 288
861 288
862 288
863 288
864 288
865 288
866 288
867 288
868 288
869 288
880 289
881 289
882 289
883 289
884 289
885 289
886 289
887 289
888 289
889 289
900 292
901 292
902 293
903 293
904 293
905 293
906 293
907 293
908 293
909 293
910 293
911 293
912 293
923 292
924 293
925 293
926 293
927 293
928 293
929 293
930 293
931 293
932 293
933 293
934 293
945 293
946 293
947 293
948 293
949 293
950 293
951 293
952 293
953 293
954 293
965 293
966 293
967 293
968 293
969 293
970 293
971 293
972 293
973 293
974 293
985 292
986 292
987 292
988 292
989 292
990 292
991 292
992 292
993 292
994 292
1005 292
1006 292
1007 292
1008 292
1009 292
1010 292
1011 292
1012 292
1013 292
1014 292
1025 291
1026 291
1027 291
1028 291
1029 291
1030 291
1031 291
1032 291
1033 291
1034 291
1045 294
1046 294
1047 294
1048 294
1049 294
1050 294
1051 294
1052 294
1053 294
1054 294
1065 293
1066 293
1067 293
1068 293
1069 293
1070 293
1071 293
1072 293
1073 293
1074 293
1085 294
1086 294
1087 294
1088 300
1089 300
1090 300
1091 300
1092 300
1093 300
1094 300
1095 300
1096 300
1097 300
1098 300
1109 300
1110 300
1111 300
1112 300
1113 300
1114 300
1115 300
1116 300
1117 300
1118 300
1129 300
1130 300
1131 300
1132 300
1133 300
1134 300
1135 300
1136 300
1137 300
1138 300
1149 302
1150 302
1151 302
1152 302
1153 302
1154 302
1155 302
1156 302
1157 302
1158 302
1169 302
1170 302
1171 302
1172 302
1173 302
1174 302
1175 302
1176 302
1177 302
1178 302
1189 302
1190 306
1191 306
1192 306
1193 306
1194 306
1195 306
1196 306
1197 306
1198 306
1199 306
1200 306
1211 306
1212 306
1213 306
1214 306
1215 306
1216 306
1217 306
1218 306
1219 306
1220 306
1231 306
1232 306
1233 306
1234 306
1235 306
1236 306
1237 306
1238 306
1239 306
1240 306
1251 305
1252 305
1253 305
1254 305
1255 305
1256 305
1257 305
1258 305
1259 305
1260 305
1271 304
1272 304
1273 304
1274 304
1275 304
1276 304
1277 304
1278 304
1279 304
1280 304
1291 304
1292 304
1293 304
1294 304
1295 304
1296 304
1297 304
1298 304
1299 304
1300 304
1311 304
1312 304
1313 304
1314 305
1315 305
1316 305
1317 305
1318 305
1319 305
1320 305
1321 305
1322 305
1323 305
1324 305
1335 306
1336 306
1337 306
1338 306
1339 306
1340 306
1341 306
1342 306
1343 306
1344 306
1355 305
1356 305
1357 305
1358 305
1359 305
1360 305
1361 305
1362 305
1363 305
1364 305
1375 305
1376 305
1377 305
1378 306
1379 306
1380 306
1381 306
1382 306
1383 306
1384 306
1385 306
1386 306
1387 306
1388 306
1399 306
1400 306
1401 306
1402 306
1403 306
1404 306
1405 306
1406 306
1407 306
1408 306
1419 306
1420 306
1421 306
1422 306
1423 306
1424 306
1425 306
1426 306
1427 306
1428 306
1439 305
1440 305
1441 305
1442 305
1443 305
1444 308
1445 308
1446 308
1447 308
1448 308
1449 308
1450 308
1451 308
1452 308
1453 308
1454 308
1465 307
1466 308
1467 308
1468 308
1469 308
1470 308
1471 308
1472 308
1473 308
1474 308
1475 308
1476 308
1487 307
1488 307
1489 308
1490 308
1491 308
1492 308
1493 308
1494 308
1495 308
1496 308
1497 308
1498 308
1499 308
1510 308
1511 308
1512 308
1513 308
1514 308
1515 308
1516 308
1517 308
1518 308
1519 308
1530 308
1531 308
1532 308
1533 308
1534 308
1535 308
1536 308
1537 308
1538 308
1539 308
1550 308
1551 308
1552 308
1553 308
1554 308
1555 308
1556 308
1557 308
1558 308
1559 308
1570 306
1571 306
1572 306
1573 306
1574 306
1575 306
1576 306
1577 306
1578 306
1579 307
1580 307
1581 307
1582 307
1583 307
1584 307
1585 307
1586 307
1587 307
1588 307
1589 307
1600 307
1601 307
1602 307
1603 307
1604 307
1605 307
1606 307
1607 307
1608 307
1609 307
1620 307
1621 308
1622 308
1623 308
1624 308
1625 308
1626 308
1627 308
1628 308
1629 308
1630 308
1631 308
1642 307
1643 307
1644 307
1645 307
1646 308
1647 308
1648 308
1649 308
1650 308
1651 308
1652 308
1653 308
1654 309
1655 309
1656 309
1657 309
1658 309
1659 309
1660 309
1661 309
1662 309
1663 309
1664 309
1675 308
1676 308
1677 308
1678 309
1679 309
1680 309
1681 309
1682 309
1683 309
1684 309
1685 309
1686 309
1687 309
1688 309
1699 309
1700 309
1701 309
1702 309
1703 309
1704 309
1705 309
1706 309
1707 309
1708 309
1719 308
1720 308
1721 308
1722 308
1723 308
1724 308
1725 308
1726 309
1727 309
1728 309
1729 309
1730 310
1731 310
1732 310
1733 310
1734 310
1735 310
1736 310
1737 310
1738 310
1739 310
1740 310
1751 309
1752 309
1753 309
1754 309
1755 309
1756 309
1757 309
1758 309
1759 309
1760 309
1771 308
1772 308
1773 308
1774 308
1775 308
1776 308
1777 308
1778 308
1779 308
1780 308
1791 308
1792 308
1793 308
1794 308
1795 308
1796 308
1797 308
1798 308
1799 308
1800 308
1811 308
1812 308
1813 308
1814 308
1815 308
1816 308
1817 308
1818 308
1819 308
1820 308
1831 308
1832 308
1833 308
1834 308
1835 308
1836 308
1837 308
1838 308
1839 308
1840 308
1851 307
1852 308
1853 308
1854 308
1855 308
1856 308
1857 308
1858 308
1859 308
1860 308
1861 308
1862 308
1873 307
1874 307
1875 308
1876 308
1877 308
1878 308
1879 308
1880 308
1881 308
1882 308
1883 308
1884 308
1885 308
1896 308
1897 308
1898 308
1899 308
1900 308
1901 308
1902 308
1903 308
1904 308
1905 308
1916 308
1917 308
1918 308
1919 308
1920 308
1921 308
1922 308
1923 308
1924 308
1925 308
1936 307
1937 307
1938 307
1939 307
1940 307
1941 307
1942 307
1943 307
1944 307
1945 307
1956 312
1957 312
1958 312
1959 312
1960 312
1961 312
1962 312
1963 312
1964 312
1965 312
1976 312
1977 312
1978 312
1979 312
1980 312
1981 312
1982 312
1983 312
1984 312
1985 312
1996 312
1997 312
1998 312
1999 312
2000 312
2001 312
2002 312
2003 312
2004 312
2005 312
2016 311
2017 311
2018 311
2019 311
2020 311
2021 311
2022 311
2023 311
2024 311
2025 312
2026 312
2027 312
2028 312
2029 312
2030 312
2031 312
2032 312
2033 312
2034 312
2035 312
2046 312
2047 312
2048 312
2049 312
2050 312
2051 312
2052 312
2053 312
2054 313
2055 313
2056 313
2057 313
2058 313
2059 313
2060 313
2061 313
2062 313
2063 313
2064 313
2075 313
2076 313
2077 313
2078 313
2079 313
2080 313
2081 313
2082 313
2083 313
2084 313
2095 312
2096 312
2097 312
2098 312
2099 312
2100 312
2101 312
2102 312
2103 312
2104 312
2115 312
2116 312
2117 312
2118 312
2119 312
2120 312
2121 312
2122 312
2123 312
2124 312
2135 311
2136 311
2137 311
2138 311
2139 311
2140 311
2141 311
2142 311
2143 311
2144 311
2155 311
2156 311
2157 312
2158 312
2159 312
2160 312
2161 312
2162 312
2163 312
2164 312
2165 312
2166 312
2167 312
2178 311
2179 311
2180 311
2181 311
2182 311
2183 311
2184 311
2185 311
2186 311
2187 311
2198 312
2199 312
2200 312
2201 312
2202 312
2203 312
2204 312
2205 312
2206 312
2207 312
2218 311
2219 311
2220 311
2221 311
2222 312
2223 312
2224 312
2225 312
2226 312
2227 312
2228 312
2229 312
2230 312
2231 312
2232 312
2243 312
2244 312
2245 312
2246 312
2247 312
2248 312
2249 312
2250 312
2251 312
2252 312
2263 311
2264 311
2265 311
2266 311
2267 311
2268 311
2269 311
2270 311
2271 311
2272 311
2283 312
2284 312
2285 312
2286 312
2287 312
2288 312
2289 312
2290 312
2291 312
2292 312
2303 311
2304 312
2305 312
2306 312
2307 312
2308 312
2309 312
2310 312
2311 312
2312 312
2313 312
2314 312
2325 312
2326 312
2327 312
2328 312
2329 312
2330 312
2331 312
2332 312
2333 312
2334 312
2345 311
2346 311
2347 311
2348 311
2349 311
2350 311
2351 312
2352 312
2353 312
2354 312
2355 312
2356 312
2357 312
2358 312
2359 312
2360 312
2361 312
2372 313
2373 313
2374 313
2375 313
2376 313
2377 313
2378 313
2379 313
2380 313
2381 313
2392 312
2393 312
2394 312
2395 312
2396 312
2397 312
2398 312
2399 312
2400 312
2401 312
2412 311
2413 311
2414 312
2415 312
2416 312
2417 312
2418 312
2419 312
2420 312
2421 312
2422 312
2423 312
2424 312
2435 312
2436 312
2437 312
2438 312
2439 312
2440 312
2441 312
2442 312
2443 312
2444 312
2455 311
2456 311
2457 311
2458 311
2459 311
2460 311
2461 311
2462 311
2463 311
2464 311
2475 312
2476 312
2477 312
2478 312
2479 312
2480 312
2481 312
2482 312
2483 312
2484 312
2495 312
2496 312
2497 312
2498 312
2499 312
2500 312
2501 312
2502 312
2503 312
2504 312
2515 313
2516 313
2517 313
2518 313
2519 313
2520 313
2521 313
2522 313
2523 313
2524 313
2535 312
2536 312
2537 312
2538 312
2539 312
2540 312
2541 312
2542 312
2543 312
2544 312
2555 312
2556 312
2557 312
2558 312
2559 312
2560 312
2561 312
2562 312
2563 312
2564 312
2575 311
2576 311
2577 311
2578 311
2579 311
2580 311
2581 311
2582 311
2583 312
2584 312
2585 312
2586 312
2587 312
2588 312
2589 312
2590 312
2591 312
2592 312
2593 312
2604 311
2605 311
2606 311
2607 311
2608 311
2609 311
2610 311
2611 312
2612 312
2613 312
2614 312
2615 312
2616 312
2617 312
2618 312
2619 312
2620 312
2621 312
2632 312
2633 312
2634 312
2635 312
2636 312
2637 312
2638 312
2639 312
2640 312
2641 312
2642 312
2653 312
2654 312
2655 312
2656 312
2657 312
2658 312
2659 312
2660 312
2661 312
2662 312
2673 312
2674 312
2675 312
2676 312
2677 312
2678 312
2679 312
2680 312
2681 312
2682 312
2693 311
2694 311
2695 311
2696 311
2697 311
2698 311
2699 311
2700 311
2701 311
2702 311
2713 312
2714 312
2715 312
2716 312
2717 312
2718 312
2719 312
2720 312
2721 312
2722 312
2733 312
2734 312
2735 312
2736 312
2737 312
2738 312
2739 312
2740 312
2741 312
2742 312
2753 311
2754 311
2755 311
2756 311
2757 311
2758 311
2759 311
2760 311
2761 311
2762 311
2773 311
2774 311
2775 311
2776 311
2777 311
2778 311
2779 311
2780 311
2781 311
2782 311
2793 312
2794 312
2795 312
2796 312
2797 312
2798 312
2799 312
2800 312
2801 312
2802 312
2813 312
2814 312
2815 312
2816 312
2817 312
2818 312
2819 312
2820 312
2821 312
2822 312
2833 311
2834 312
2835 312
2836 312
2837 312
2838 312
2839 312
2840 312
2841 312
2842 312
2843 312
2844 312
2855 311
2856 311
2857 311
2858 311
2859 311
2860 311
2861 311
2862 311
2863 311
2864 311
2875 312
2876 312
2877 312
2878 312
2879 312
2880 312
2881 312
2882 312
2883 312
2884 312
2895 313
2896 313
2897 313
2898 313
2899 313
2900 313
2901 313
2902 313
2903 313
2904 313
2915 312
2916 312
2917 312
2918 312
2919 312
2920 312
2921 312
2922 312
2923 312
2924 312
2935 312
2936 312
2937 312
2938 312
2939 312
2940 312
2941 312
2942 312
2943 312
2944 312
2955 311
2956 311
2957 311
2958 311
2959 311
2960 311
2961 311
2962 311
2963 311
2964 311
2975 312
2976 312
2977 312
2978 312
2979 312
2980 312
2981 312
2982 312
2983 312
2984 312
2995 312
2996 312
2997 312
2998 312
2999 312
3000 312
3001 312
3002 312
3003 312
3004 312
3015 311
3016 311
3017 311
3018 311
3019 311
3020 311
3021 311
3022 311
3023 311
3024 311
3035 311
3036 311
3037 311
3038 311
3039 311
3040 311
3041 311
3042 311
3043 311
3044 311
3055 311
3056 311
3057 311
3058 311
3059 312
3060 312
3061 312
3062 312
3063 312
3064 312
3065 312
3066 312
3067 312
3068 312
3069 312
3080 311
3081 311
3082 311
3083 311
3084 311
3085 311
3086 313
3087 313
3088 313
3089 313
3090 313
3091 313
3092 313
3093 313
3094 313
3095 313
3096 313
3107 312
3108 312
3109 312
3110 312
3111 312
3112 312
3113 312
3114 312
3115 312
3116 312
3127 311
3128 311
3129 311
3130 311
3131 311
3132 311
3133 311
3134 311
3135 311
3136 311
3147 313
3148 313
3149 313
3150 313
3151 313
3152 313
3153 313
3154 313
3155 313
3156 313
3157 313
3168 312
3169 312
3170 312
3171 312
3172 312
3173 312
3174 312
3175 312
3176 312
3177 312
3188 312
3189 312
3190 312
3191 312
3192 312
3193 312
3194 312
3195 312
3196 312
3197 312
3208 312
3209 312
3210 312
3211 312
3212 312
3213 312
3214 312
3215 312
3216 312
3217 312
3228 312
3229 312
3230 312
3231 312
3232 312
3233 312
3234 312
3235 312
3236 312
3237 312
3248 311
3249 311
3250 311
3251 311
3252 311
3253 311
3254 311
3255 311
3256 311
3257 311
3268 311
3269 311
3270 311
3271 311
3272 311
3273 311
3274 311
3275 311
3276 311
3277 311
3288 311
3289 311
3290 311
3291 311
3292 311
3293 311
3294 311
3295 311
3296 311
3297 311
3308 310
3309 310
3310 310
3311 310
3312 310
3313 310
3314 310
3315 310
3316 310
3317 310
3328 311
3329 311
3330 311
3331 311
3332 311
3333 311
3334 311
3335 311
3336 311
3337 311
3348 311
3349 311
3350 311
3351 311
3352 311
3353 311
3354 311
3355 311
3356 311
3357 311
3368 311
3369 311
3370 311
3371 311
3372 311
3373 311
3374 311
3375 311
3376 311
3377 311
3388 311
3389 311
3390 311
3391 311
3392 311
3393 311
3394 311
3395 311
3396 311
3397 311
3408 312
3409 312
3410 312
3411 312
3412 312
3413 312
3414 312
3415 312
3416 312
3417 312
3418 312
3429 312
3430 312
3431 312
3432 312
3433 313
3434 313
3435 313
3436 313
3437 313
3438 313
3439 313
3440 313
3441 313
3442 313
3443 313
3454 311
3455 311
3456 311
3457 311
3458 311
3459 311
3460 311
3461 311
3462 311
3463 311
3474 312
3475 312
3476 312
3477 312
3478 312
3479 312
3480 312
3481 312
3482 312
3483 312
3494 311
3495 311
3496 311
3497 311
3498 311
3499 311
3500 311
3501 311
3502 311
3503 311
3514 311
3515 311
3516 311
3517 311
3518 311
3519 311
3520 311
3521 311
3522 312
3523 312
3524 312
3525 312
3526 312
3527 312
3528 312
3529 312
3530 312
3531 312
3532 312
3543 312
3544 312
3545 312
3546 312
3547 312
3548 312
3549 312
3550 312
3551 312
3552 312
3563 311
3564 311
3565 311
3566 311
3567 311
3568 311
3569 311
3570 311
3571 311
3572 311
3583 310
3584 310
3585 310
3586 310
3587 310
3588 310
3589 310
3590 310
3591 310
3592 310
3603 311
3604 311
3605 311
3606 311
3607 311
3608 311
3609 311
3610 311
3611 311
3612 311
3623 310
3624 310
3625 310
3626 310
3627 310
3628 310
3629 310
3630 310
3631 310
3632 310
3643 310
3644 310
3645 310
3646 310
3647 310
3648 310
3649 310
3650 310
3651 310
3652 310
3663 309
3664 309
3665 309
3666 309
3667 309
3668 309
3669 309
3670 309
3671 309
3672 309
3683 308
3684 308
3685 308
3686 308
3687 308
3688 308
3689 308
3690 308
3691 308
3692 308
3703 309
3704 309
3705 309
3706 309
3707 309
3708 309
3709 310
3710 310
3711 310
3712 310
3713 310
3714 310
3715 310
3716 310
3717 310
3718 310
3719 310
3730 311
3731 311
3732 311
3733 311
3734 311
3735 311
3736 311
3737 311
3738 311
3739 311
3750 311
3751 311
3752 311
3753 311
3754 311
3755 311
3756 311
3757 311
3758 311
3759 311
3770 310
3771 310
3772 310
3773 310
3774 310
3775 310
3776 312
3777 312
3778 312
3779 312
3780 312
3781 312
3782 312
3783 312
3784 312
3785 312
3786 312
3797 310
3798 311
3799 311
3800 311
3801 312
3802 312
3803 312
3804 312
3805 312
3806 312
3807 312
3808 312
3809 312
3810 312
3811 312
3822 310
3823 310
3824 310
3825 311
3826 311
3827 311
3828 311
3829 311
3830 311
3831 311
3832 311
3833 311
3834 311
3835 311
3846 311
3847 311
3848 311
3849 311
3850 311
3851 311
3852 311
3853 311
3854 311
3855 311
3866 310
3867 310
3868 310
3869 310
3870 310
3871 310
3872 310
3873 310
3874 310
3875 310
3886 311
3887 311
3888 311
3889 311
3890 311
3891 311
3892 311
3893 311
3894 311
3895 311
3906 310
3907 310
3908 310
3909 310
3910 311
3911 311
3912 311
3913 311
3914 311
3915 311
3916 311
3917 311
3918 311
3919 311
3920 311
3931 312
3932 312
3933 312
3934 312
3935 312
3936 312
3937 312
3938 312
3939 312
3940 312
3951 310
3952 310
3953 311
3954 311
3955 311
3956 311
3957 311
3958 313
3959 313
3960 313
3961 313
3962 313
3963 313
3964 313
3965 313
3966 313
3967 313
3968 313
3979 312
3980 312
3981 312
3982 312
3983 312
3984 312
3985 312
3986 312
3987 312
3988 312
3999 311
4000 311
4001 311
4002 311
4003 311
4004 311
4005 311
4006 312
4007 312
4008 312
4009 312
4010 312
4011 312
4012 312
4013 313
4014 313
4015 313
4016 313
4017 313
4018 313
4019 313
4020 313
4021 313
4022 313
4023 313
4034 312
4035 312
4036 312
4037 313
4038 313
4039 313
4040 313
4041 313
4042 313
4043 313
4044 313
4045 313
4046 313
4047 313
4058 312
4059 312
4060 312
4061 312
4062 312
4063 312
4064 312
4065 312
4066 312
4067 312
4078 312
4079 312
4080 312
4081 312
4082 312
4083 312
4084 312
4085 312
4086 312
4087 312
4098 313
4099 313
4100 313
4101 313
4102 313
4103 313
4104 313
4105 313
4106 313
4107 313
4118 313
4119 313
4120 313
4121 313
4122 313
4123 313
4124 313
4125 313
4126 313
4127 313
4138 312
4139 312
4140 312
4141 312
4142 312
4143 312
4144 312
4145 312
4146 312
4147 312
4158 312
4159 312
4160 312
4161 312
4162 312
4163 312
4164 312
4165 312
4166 312
4167 312
4178 311
4179 311
4180 311
4181 311
4182 311
4183 311
4184 311
4185 311
4186 311
4187 311
4198 311
4199 311
4200 311
4201 311
4202 311
4203 311
4204 311
4205 311
4206 311
4207 311
4218 311
4219 311
4220 311
4221 311
4222 311
4223 311
4224 311
4225 311
4226 311
4227 311
4238 310
4239 310
4240 310
4241 310
4242 310
4243 310
4244 310
4245 310
4246 310
4247 310
4258 309
4259 309
4260 309
4261 309
4262 309
4263 309
4264 309
4265 309
4266 309
4267 309
4278 309
4279 309
4280 309
4281 309
4282 309
4283 309
4284 309
4285 309
4286 309
4287 309
4298 309
4299 309
4300 309
4301 309
4302 309
4303 309
4304 309
4305 309
4306 309
4307 309
4308 309
4319 309
4320 309
4321 309
4322 309
4323 309
4324 309
4325 309
4326 309
4327 309
4328 309
4339 310
4340 310
4341 310
4342 310
4343 310
4344 310
4345 310
4346 310
4347 310
4348 310
4359 311
4360 311
4361 312
4362 312
4363 312
4364 312
4365 312
4366 312
4367 312
4368 312
4369 312
4370 312
4371 312
4382 311
4383 311
4384 311
4385 311
4386 311
4387 311
4388 311
4389 311
4390 311
4391 311
4402 312
4403 312
4404 312
4405 312
4406 312
4407 312
4408 312
4409 312
4410 312
4411 312
4422 312
4423 312
4424 312
4425 312
4426 312
4427 312
4428 312
4429 312
4430 312
4431 312
4442 310
4443 310
4444 310
4445 310
4446 311
4447 311
4448 311
4449 311
4450 311
4451 311
4452 311
4453 311
4454 311
4455 311
4456 311
4467 311
4468 311
4469 311
4470 311
4471 311
4472 311
4473 311
4474 311
4475 311
4476 311
4487 311
4488 311
4489 311
4490 311
4491 311
4492 311
4493 311
4494 311
4495 311
4496 311
4507 311
4508 311
4509 311
4510 311
4511 311
4512 311
4513 311
4514 311
4515 311
4516 311
4527 310
4528 310
4529 310
4530 310
4531 310
4532 310
4533 310
4534 310
4535 310
4536 310
4547 310
4548 310
4549 310
4550 310
4551 310
4552 310
4553 310
4554 310
4555 310
4556 310
4567 310
4568 310
4569 310
4570 310
4571 310
4572 310
4573 310
4574 310
4575 310
4576 310
4587 309
4588 309
4589 309
4590 309
4591 309
4592 309
4593 309
4594 309
4595 309
4596 309
4607 310
4608 310
4609 310
4610 310
4611 310
4612 310
4613 310
4614 310
4615 310
4616 310
4627 311
4628 311
4629 311
4630 311
4631 311
4632 311
4633 311
4634 311
4635 311
4636 311
4647 310
4648 310
4649 310
4650 310
4651 310
4652 310
4653 310
4654 310
4655 310
4656 310
4667 311
4668 311
4669 311
4670 311
4671 311
4672 311
4673 311
4674 311
4675 311
4676 311
4687 309
4688 309
4689 309
4690 310
4691 310
4692 310
4693 310
4694 310
4695 310
4696 310
4697 310
4698 310
4699 310
4700 310
4711 309
4712 309
4713 309
4714 309
4715 309
4716 309
4717 310
4718 310
4719 310
4720 310
4721 310
4722 310
4723 310
4724 310
4725 310
4726 310
4727 310
4738 311
4739 311
4740 311
4741 311
4742 311
4743 311
4744 311
4745 311
4746 311
4747 311
4758 310
4759 310
4760 310
4761 310
4762 310
4763 310
4764 310
4765 310
4766 310
4767 310
4778 310
4779 310
4780 311
4781 311
4782 311
4783 311
4784 311
4785 311
4786 311
4787 311
4788 311
4789 311
4790 311
4801 310
4802 310
4803 310
4804 310
4805 310
4806 310
4807 310
4808 311
4809 311
4810 311
4811 311
4812 311
4813 311
4814 311
4815 311
4816 311
4817 311
4818 311
4829 311
4830 311
4831 311
4832 311
4833 311
4834 311
4835 311
4836 311
4837 311
4838 311
4849 311
4850 311
4851 311
4852 311
4853 311
4854 311
4855 311
4856 311
4857 311
4858 311
4869 311
4870 311
4871 311
4872 311
4873 311
4874 311
4875 311
4876 311
4877 311
4878 311
4879 311
4890 311
4891 311
4892 311
4893 311
4894 311
4895 311
4896 311
4897 311
4898 311
4899 311
4910 311
4911 311
4912 311
4913 311
4914 311
4915 311
4916 311
4917 311
4918 311
4919 311
4930 309
4931 309
4932 309
4933 309
4934 310
4935 311
4936 311
4937 311
4938 311
4939 311
4940 311
4941 311
4942 311
4943 311
4944 311
4945 311
4956 311
4957 311
4958 311
4959 311
4960 311
4961 311
4962 311
4963 311
4964 311
4965 311
4976 311
4977 311
4978 311
4979 311
4980 311
4981 311
4982 311
4983 311
4984 311
4985 311
4996 310
4997 310
4998 310
4999 310
