0 22804.0
1 22804.0
2 22804.0
3 22804.0
4 22380.0
5 22380.0
6 22380.0
7 22380.0
8 22380.0
9 22380.0
10 22169.0
11 22169.0
12 22169.0
13 22169.0
14 22169.0
15 22169.0
16 22169.0
17 22169.0
18 21959.0
19 21959.0
20 21959.0
21 21752.0
22 21752.0
23 21752.0
24 21544.0
25 21544.0
26 21544.0
27 21544.0
28 21337.0
29 21337.0
30 21337.0
31 21337.0
32 21337.0
33 21337.0
34 21132.0
35 21132.0
36 21132.0
37 21132.0
38 20927.0
39 20927.0
40 20927.0
41 20927.0
42 20723.0
43 20723.0
44 20723.0
45 20723.0
46 20723.0
47 20520.0
48 20520.0
49 20520.0
50 20520.0
51 20520.0
52 20520.0
53 20520.0
54 20318.0
55 20117.0
56 20117.0
57 20117.0
58 20117.0
59 20117.0
60 20117.0
61 20117.0
62 20117.0
63 20117.0
64 20117.0
65 20117.0
76 19724.0
77 19724.0
78 19724.0
79 19724.0
80 19527.0
81 19527.0
82 19527.0
83 19527.0
84 19335.0
85 19335.0
86 19335.0
87 19335.0
88 19335.0
89 19335.0
90 19335.0
91 19335.0
92 19335.0
93 19335.0
94 19335.0
105 19139.0
106 19139.0
107 19139.0
108 18751.0
109 18751.0
110 18751.0
111 18751.0
112 18751.0
113 18751.0
114 18751.0
115 18751.0
116 18751.0
117 18751.0
118 18751.0
129 18366.0
130 18366.0
131 18176.0
132 18176.0
133 18176.0
134 18176.0
135 18176.0
136 18176.0
137 18176.0
138 18176.0
139 18176.0
140 18176.0
141 18176.0
152 19328.0
153 19328.0
154 19328.0
155 19328.0
156 19328.0
157 19328.0
158 19328.0
159 19328.0
160 18938.0
161 18749.0
162 18749.0
163 18749.0
164 18176.0
165 17798.0
166 17058.0
167 17058.0
168 17058.0
169 16891.0
170 16828.0
171 16828.0
172 16828.0
173 16828.0
174 16828.0
175 16828.0
176 16828.0
177 16828.0
178 16828.0
179 16828.0
180 16828.0
191 16478.0
192 16478.0
193 16478.0
194 16478.0
195 16478.0
196 16478.0
197 16478.0
198 10223.0
199 10223.0
200 10047.0
201 10047.0
202 10047.0
203 10047.0
204 10047.0
205 10047.0
206 10047.0
207 10047.0
208 10047.0
209 10047.0
210 10047.0
221 9882.0
222 9797.0
223 9797.0
224 9797.0
225 9797.0
226 9797.0
227 9797.0
228 9797.0
229 9797.0
230 9797.0
231 9797.0
232 9797.0
243 9488.0
244 9488.0
245 9488.0
246 9488.0
247 9488.0
248 9488.0
249 9488.0
250 9488.0
251 9488.0
252 9488.0
263 8996.0
264 8996.0
265 8996.0
266 8869.0
267 8834.0
268 8757.0
269 8757.0
270 8754.0
271 8754.0
272 8754.0
273 8754.0
274 8754.0
275 8754.0
276 8754.0
277 8754.0
278 8754.0
279 8754.0
280 8754.0
291 8757.0
292 8757.0
293 8757.0
294 8757.0
295 8757.0
296 8757.0
297 8757.0
298 8757.0
299 8757.0
300 8757.0
311 8757.0
312 8757.0
313 8757.0
314 8757.0
315 8748.0
316 8748.0
317 8748.0
318 8748.0
319 8748.0
320 8748.0
321 8748.0
322 8748.0
323 8748.0
324 8748.0
325 8748.0
336 8265.0
337 8265.0
338 8265.0
339 8265.0
340 8265.0
341 8265.0
342 8265.0
343 8265.0
344 8023.0
345 8023.0
346 8023.0
347 8023.0
348 8023.0
349 8023.0
350 8023.0
351 8023.0
352 8023.0
353 8023.0
354 8023.0
365 8047.0
366 8047.0
367 8047.0
368 8047.0
369 8047.0
370 8047.0
371 7930.0
372 7930.0
373 7930.0
374 7930.0
375 7930.0
376 7930.0
377 7930.0
378 7930.0
379 7930.0
380 7930.0
381 7930.0
392 7899.0
393 7899.0
394 7899.0
395 7899.0
396 7899.0
397 7899.0
398 7899.0
399 7899.0
400 7899.0
401 7899.0
412 7742.0
413 7742.0
414 7742.0
415 7742.0
416 7742.0
417 7742.0
418 7742.0
419 7688.0
420 7688.0
421 7688.0
422 7688.0
423 7688.0
424 7688.0
425 7688.0
426 7688.0
427 7688.0
428 7688.0
429 7688.0
440 7138.0
441 7138.0
442 7138.0
443 7138.0
444 7138.0
445 7138.0
446 7138.0
447 7138.0
448 7138.0
449 7138.0
460 7374.0
461 7374.0
462 7374.0
463 7374.0
464 7374.0
465 7374.0
466 7374.0
467 7374.0
468 7374.0
469 7374.0
470 7358.0
471 7358.0
472 7358.0
473 7358.0
474 7358.0
475 7358.0
476 7358.0
477 7358.0
478 7358.0
479 7358.0
480 7358.0
491 7358.0
492 7358.0
493 7358.0
494 7358.0
495 7358.0
496 7358.0
497 7358.0
498 7358.0
499 7358.0
500 7358.0
511 7358.0
512 7358.0
513 7358.0
514 7358.0
515 7358.0
516 7358.0
517 7358.0
518 7358.0
519 7138.0
520 7138.0
521 7138.0
522 7138.0
523 7138.0
524 7138.0
525 7138.0
526 7138.0
527 7138.0
528 7138.0
529 7138.0
540 6513.0
541 6513.0
542 6513.0
543 6510.0
544 6449.0
545 6449.0
546 6449.0
547 6449.0
548 6449.0
549 6449.0
550 6449.0
551 6449.0
552 6449.0
553 6449.0
554 6336.0
555 6336.0
556 6336.0
557 6336.0
558 6336.0
559 6336.0
560 6336.0
561 6336.0
562 6336.0
563 6336.0
564 6336.0
575 6336.0
576 6336.0
577 6336.0
578 3774.0
579 3774.0
580 3774.0
581 3774.0
582 3774.0
583 3774.0
584 3774.0
585 3774.0
586 3774.0
587 3774.0
588 3774.0
599 3743.0
600 3743.0
601 3743.0
602 3743.0
603 3743.0
604 3743.0
605 3743.0
606 3743.0
607 3743.0
608 3743.0
609 3743.0
620 3675.0
621 3675.0
622 3675.0
623 3675.0
624 3675.0
625 3675.0
626 3675.0
627 3675.0
628 3675.0
629 3675.0
640 4458.0
641 4458.0
642 4458.0
643 4458.0
644 4458.0
645 4003.0
646 3974.0
647 3974.0
648 3974.0
649 3974.0
650 3974.0
651 3974.0
652 3974.0
653 3974.0
654 3974.0
655 3974.0
656 3954.0
657 3943.0
658 3943.0
659 3891.0
660 3868.0
661 3868.0
662 3868.0
663 3868.0
664 3868.0
665 3868.0
666 3868.0
667 3868.0
668 3868.0
669 3868.0
670 3868.0
681 3920.0
682 3920.0
683 3920.0
684 3920.0
685 3920.0
686 3920.0
687 3920.0
688 3920.0
689 3920.0
690 3920.0
701 3830.0
702 3830.0
703 3830.0
704 3830.0
705 3830.0
706 3830.0
707 3830.0
708 3830.0
709 3830.0
710 3830.0
721 3876.0
722 3828.0
723 3828.0
724 3828.0
725 3828.0
726 3828.0
727 3828.0
728 3828.0
729 3828.0
730 3767.0
731 3767.0
732 3767.0
733 3767.0
734 3767.0
735 3767.0
736 3767.0
737 3767.0
738 3767.0
739 3767.0
740 3706.0
741 3706.0
742 3706.0
743 3706.0
744 3706.0
745 3706.0
746 3706.0
747 3706.0
748 3706.0
749 3706.0
750 3646.0
751 3646.0
752 3646.0
753 3646.0
754 3646.0
755 3646.0
756 3646.0
757 3646.0
758 3646.0
759 3646.0
760 3646.0
771 3675.0
772 3675.0
773 3675.0
774 3675.0
775 3675.0
776 3675.0
777 3675.0
778 3675.0
779 3675.0
780 3675.0
791 4196.0
792 4196.0
793 4196.0
794 4196.0
795 4196.0
796 4196.0
797 4142.0
798 4142.0
799 4142.0
800 4142.0
801 4142.0
802 4001.0
803 4001.0
804 4001.0
805 4001.0
806 4001.0
807 4001.0
808 4001.0
809 4001.0
810 4001.0
811 4001.0
812 4001.0
823 4028.0
824 4028.0
825 4028.0
826 4028.0
827 4028.0
828 4028.0
829 4028.0
830 4028.0
831 4028.0
832 4028.0
843 3881.0
844 3881.0
845 3881.0
846 3881.0
847 3881.0
848 3881.0
849 3881.0
850 3881.0
851 3881.0
852 3881.0
863 3939.0
864 3939.0
865 3939.0
866 3939.0
867 3939.0
868 3939.0
869 3939.0
870 3939.0
871 3939.0
872 3881.0
873 3881.0
874 3872.0
875 3855.0
876 3855.0
877 3855.0
878 3855.0
879 3855.0
880 3855.0
881 3855.0
882 3855.0
883 3855.0
884 3855.0
885 3855.0
896 4688.0
897 4688.0
898 4688.0
899 4633.0
900 4633.0
901 4571.0
902 4571.0
903 4571.0
904 4571.0
905 4571.0
906 4571.0
907 4390.0
908 4390.0
909 4390.0
910 4390.0
911 4390.0
912 4390.0
913 4374.0
914 4374.0
915 4374.0
916 4374.0
917 4374.0
918 4374.0
919 4374.0
920 4374.0
921 4374.0
922 4374.0
923 4374.0
934 4299.0
935 4299.0
936 4299.0
937 4299.0
938 3929.0
939 3929.0
940 3929.0
941 3929.0
942 3929.0
943 3929.0
944 3929.0
945 3929.0
946 3929.0
947 3929.0
948 3929.0
959 3933.0
960 3933.0
961 3933.0
962 3895.0
963 3895.0
964 3890.0
965 3890.0
966 3890.0
967 3890.0
968 3890.0
969 3890.0
970 3890.0
971 3890.0
972 3836.0
973 3824.0
974 3824.0
975 3824.0
976 3824.0
977 3824.0
978 3824.0
979 3824.0
980 3824.0
981 3824.0
982 3824.0
983 3824.0
994 3790.0
995 3790.0
996 3790.0
997 3790.0
998 3790.0
999 3790.0
1000 3790.0
1001 3790.0
1002 3790.0
1003 3790.0
1014 3836.0
1015 3836.0
1016 3824.0
1017 3712.0
1018 3712.0
1019 3712.0
1020 3712.0
1021 3712.0
1022 3712.0
1023 3712.0
1024 3712.0
1025 3712.0
1026 3712.0
1027 3712.0
1038 3730.0
1039 3730.0
1040 3730.0
1041 3730.0
1042 3730.0
1043 3730.0
1044 3730.0
1045 3730.0
1046 3730.0
1047 3730.0
1058 3763.0
1059 3763.0
1060 3763.0
1061 3763.0
1062 3763.0
1063 3763.0
1064 3763.0
1065 3763.0
1066 3763.0
1067 3763.0
1078 3818.0
1079 3818.0
1080 3818.0
1081 3818.0
1082 3818.0
1083 3818.0
1084 3818.0
1085 3818.0
1086 3818.0
1087 3767.0
1088 3767.0
1089 3767.0
1090 3767.0
1091 3767.0
1092 3767.0
1093 3767.0
1094 3767.0
1095 3767.0
1096 3767.0
1097 3767.0
1108 3824.0
1109 3824.0
1110 3824.0
1111 3824.0
1112 3824.0
1113 3824.0
1114 3767.0
1115 3767.0
1116 3767.0
1117 3767.0
1118 3767.0
1119 3767.0
1120 3767.0
1121 3767.0
1122 3767.0
1123 3767.0
1124 3767.0
1135 3781.0
1136 3781.0
1137 3781.0
1138 3781.0
1139 3781.0
1140 3781.0
1141 3781.0
1142 3781.0
1143 3781.0
1144 3781.0
1155 4302.0
1156 4302.0
1157 4302.0
1158 4302.0
1159 4302.0
1160 4302.0
1161 4302.0
1162 4302.0
1163 4302.0
1164 4302.0
1175 4526.0
1176 4526.0
1177 4526.0
1178 4526.0
1179 4526.0
1180 4526.0
1181 4526.0
1182 4526.0
1183 4526.0
1184 4526.0
1195 4524.0
1196 4524.0
1197 4524.0
1198 4458.0
1199 4458.0
1200 4458.0
1201 4458.0
1202 4458.0
1203 4458.0
1204 4458.0
1205 4458.0
1206 4458.0
1207 4458.0
1208 4458.0
1219 4205.0
1220 4205.0
1221 4157.0
1222 4157.0
1223 4157.0
1224 4157.0
1225 4157.0
1226 4157.0
1227 4157.0
1228 4157.0
1229 4157.0
1230 4157.0
1231 4157.0
1242 4210.0
1243 4210.0
1244 4210.0
1245 4210.0
1246 4210.0
1247 4210.0
1248 4210.0
1249 4210.0
1250 4210.0
1251 4210.0
1252 4210.0
1263 4033.0
1264 4033.0
1265 4033.0
1266 4033.0
1267 4033.0
1268 4033.0
1269 4033.0
1270 4033.0
1271 4033.0
1272 4033.0
1283 4033.0
1284 4033.0
1285 4033.0
1286 4033.0
1287 4033.0
1288 4033.0
1289 4033.0
1290 4033.0
1291 4024.0
1292 4024.0
1293 4024.0
1294 4024.0
1295 4024.0
1296 4024.0
1297 4024.0
1298 4024.0
1299 4024.0
1300 4024.0
1301 4024.0
1312 4098.0
1313 3864.0
1314 3864.0
1315 3864.0
1316 3864.0
1317 3864.0
1318 3864.0
1319 3864.0
1320 3864.0
1321 3864.0
1322 3864.0
1323 3864.0
1334 3926.0
1335 3926.0
1336 3926.0
1337 3926.0
1338 3861.0
1339 3861.0
1340 3861.0
1341 3861.0
1342 3861.0
1343 3861.0
1344 3861.0
1345 3861.0
1346 3861.0
1347 3861.0
1348 3861.0
1359 3838.0
1360 3838.0
1361 3838.0
1362 3838.0
1363 3838.0
1364 3838.0
1365 3838.0
1366 3838.0
1367 3572.0
1368 3572.0
1369 3572.0
1370 3572.0
1371 3572.0
1372 3212.0
1373 3212.0
1374 3212.0
1375 3212.0
1376 3212.0
1377 3212.0
1378 3212.0
1379 3212.0
1380 3212.0
1381 3168.0
1382 3150.0
1383 3150.0
1384 3110.0
1385 3110.0
1386 3110.0
1387 3110.0
1388 3110.0
1389 3110.0
1390 3110.0
1391 3110.0
1392 3110.0
1393 3110.0
1394 3110.0
1405 3028.0
1406 3028.0
1407 3028.0
1408 3028.0
1409 3028.0
1410 3028.0
1411 3028.0
1412 3028.0
1413 3028.0
1414 3028.0
1425 3069.0
1426 3069.0
1427 3058.0
1428 3058.0
1429 3058.0
1430 3058.0
1431 3058.0
1432 3058.0
1433 3058.0
1434 3058.0
1435 3058.0
1436 3058.0
1437 3058.0
1448 3146.0
1449 3068.0
1450 3068.0
1451 3068.0
1452 3068.0
1453 3068.0
1454 3068.0
1455 3068.0
1456 3068.0
1457 3068.0
1458 3068.0
1459 3068.0
1470 3110.0
1471 3110.0
1472 3110.0
1473 3110.0
1474 3110.0
1475 3110.0
1476 3110.0
1477 3110.0
1478 3110.0
1479 3110.0
1490 3110.0
1491 3110.0
1492 3110.0
1493 3110.0
1494 3110.0
1495 3110.0
1496 3110.0
1497 3110.0
1498 3044.0
1499 3044.0
1500 3044.0
1501 3044.0
1502 3044.0
1503 3044.0
1504 3044.0
1505 3044.0
1506 3044.0
1507 3044.0
1508 3044.0
1519 3136.0
1520 3136.0
1521 3136.0
1522 3136.0
1523 3136.0
1524 3136.0
1525 3136.0
1526 3136.0
1527 3136.0
1528 3136.0
1539 3146.0
1540 3146.0
1541 3146.0
1542 3146.0
1543 3146.0
1544 3146.0
1545 3146.0
1546 3136.0
1547 3136.0
1548 3136.0
1549 3136.0
1550 3136.0
1551 3136.0
1552 3136.0
1553 3136.0
1554 3136.0
1555 3136.0
1556 3136.0
1567 4724.0
1568 4724.0
1569 4724.0
1570 4724.0
1571 4724.0
1572 4724.0
1573 4491.0
1574 4491.0
1575 4491.0
1576 4491.0
1577 4491.0
1578 4491.0
1579 4491.0
1580 4491.0
1581 4491.0
1582 4491.0
1583 4491.0
1594 4566.0
1595 4566.0
1596 4566.0
1597 4566.0
1598 4566.0
1599 4566.0
1600 4566.0
1601 4566.0
1602 4566.0
1603 4566.0
1614 4588.0
1615 4588.0
1616 4588.0
1617 4588.0
1618 4588.0
1619 4588.0
1620 4588.0
1621 4588.0
1622 4588.0
1623 4588.0
1634 4683.0
1635 4661.0
1636 4661.0
1637 4661.0
1638 4661.0
1639 4661.0
1640 4661.0
1641 4661.0
1642 4661.0
1643 4661.0
1644 4661.0
1645 4661.0
1656 3174.0
1657 3174.0
1658 3174.0
1659 3174.0
1660 3174.0
1661 3174.0
1662 3174.0
1663 3174.0
1664 3174.0
1665 3174.0
1676 3174.0
1677 3174.0
1678 3174.0
1679 3174.0
1680 3174.0
1681 3174.0
1682 3174.0
1683 3174.0
1684 3174.0
1685 3174.0
1696 3216.0
1697 3216.0
1698 3216.0
1699 3216.0
1700 3216.0
1701 3216.0
1702 3216.0
1703 3216.0
1704 3216.0
1705 3216.0
1716 3195.0
1717 3195.0
1718 3195.0
1719 3195.0
1720 3195.0
1721 3129.0
1722 3129.0
1723 3129.0
1724 3129.0
1725 3129.0
1726 3129.0
1727 3129.0
1728 3129.0
1729 3129.0
1730 3129.0
1731 3100.0
1732 3100.0
1733 3100.0
1734 3100.0
1735 3100.0
1736 3100.0
1737 3100.0
1738 3100.0
1739 2997.0
1740 2997.0
1741 2997.0
1742 2997.0
1743 2997.0
1744 2997.0
1745 2997.0
1746 2997.0
1747 2997.0
1748 2997.0
1749 2997.0
1760 2944.0
1761 2944.0
1762 2944.0
1763 2944.0
1764 2944.0
1765 2944.0
1766 2944.0
1767 2944.0
1768 2944.0
1769 2944.0
1780 2944.0
1781 2944.0
1782 2944.0
1783 2680.0
1784 2680.0
1785 2680.0
1786 2680.0
1787 2680.0
1788 2680.0
1789 2680.0
1790 2680.0
1791 2680.0
1792 2680.0
1793 2680.0
1804 2702.0
1805 2702.0
1806 2702.0
1807 2702.0
1808 2702.0
1809 2702.0
1810 2702.0
1811 2702.0
1812 2702.0
1813 2702.0
1824 2900.0
1825 2900.0
1826 2900.0
1827 2900.0
1828 2900.0
1829 2900.0
1830 2887.0
1831 2887.0
1832 2887.0
1833 2887.0
1834 2887.0
1835 2887.0
1836 2887.0
1837 2887.0
1838 2887.0
1839 2887.0
1840 2887.0
1851 2887.0
1852 2887.0
1853 2887.0
1854 2887.0
1855 2887.0
1856 2887.0
1857 2887.0
1858 2887.0
1859 2887.0
1860 2887.0
1871 2800.0
1872 2800.0
1873 2800.0
1874 2800.0
1875 2800.0
1876 2800.0
1877 2800.0
1878 2800.0
1879 2800.0
1880 2800.0
1891 2849.0
1892 2849.0
1893 2849.0
1894 2849.0
1895 2849.0
1896 2849.0
1897 2849.0
1898 2849.0
1899 2849.0
1900 2849.0
1911 2743.0
1912 2743.0
1913 2743.0
1914 2743.0
1915 2743.0
1916 2743.0
1917 2743.0
1918 2743.0
1919 2743.0
1920 2743.0
1931 2887.0
1932 2887.0
1933 2849.0
1934 2849.0
1935 2849.0
1936 2849.0
1937 2849.0
1938 2849.0
1939 2849.0
1940 2849.0
1941 2849.0
1942 2849.0
1943 2849.0
1954 2877.0
1955 2877.0
1956 2877.0
1957 2877.0
1958 2877.0
1959 2877.0
1960 2877.0
1961 2877.0
1962 2877.0
1963 2877.0
1974 3101.0
1975 3101.0
1976 3101.0
1977 3101.0
1978 3101.0
1979 3101.0
1980 3101.0
1981 3101.0
1982 3101.0
1983 3101.0
1994 3107.0
1995 3107.0
1996 3101.0
1997 3091.0
1998 3091.0
1999 3091.0
2000 3091.0
2001 3091.0
2002 3091.0
2003 3091.0
2004 3091.0
2005 3091.0
2006 3091.0
2007 3091.0
2018 3033.0
2019 3033.0
2020 3033.0
2021 3033.0
2022 3033.0
2023 3033.0
2024 3033.0
2025 3033.0
2026 3018.0
2027 3018.0
2028 3018.0
2029 3018.0
2030 3018.0
2031 3018.0
2032 3018.0
2033 3018.0
2034 3018.0
2035 3018.0
2036 3018.0
2047 2970.0
2048 2970.0
2049 2970.0
2050 2970.0
2051 2970.0
2052 2970.0
2053 2970.0
2054 2970.0
2055 2970.0
2056 2970.0
2067 2998.0
2068 2998.0
2069 2998.0
2070 2998.0
2071 2998.0
2072 2998.0
2073 2998.0
2074 2998.0
2075 2998.0
2076 2998.0
2087 3064.0
2088 3010.0
2089 3010.0
2090 3010.0
2091 3010.0
2092 3010.0
2093 3010.0
2094 3010.0
2095 3010.0
2096 2934.0
2097 2934.0
2098 2934.0
2099 2934.0
2100 2934.0
2101 2934.0
2102 2934.0
2103 2934.0
2104 2934.0
2105 2934.0
2106 2934.0
2117 2919.0
2118 2919.0
2119 2919.0
2120 2919.0
2121 2919.0
2122 2919.0
2123 2899.0
2124 2899.0
2125 2899.0
2126 2899.0
2127 2899.0
2128 2899.0
2129 2899.0
2130 2899.0
2131 2899.0
2132 2899.0
2133 2899.0
2144 2885.0
2145 2885.0
2146 2885.0
2147 2885.0
2148 2885.0
2149 2885.0
2150 2885.0
2151 2885.0
2152 2885.0
2153 2885.0
2164 2863.0
2165 2863.0
2166 2863.0
2167 2863.0
2168 2863.0
2169 2863.0
2170 2863.0
2171 2863.0
2172 2863.0
2173 2863.0
2184 2936.0
2185 2936.0
2186 2885.0
2187 2885.0
2188 2885.0
2189 2885.0
2190 2885.0
2191 2885.0
2192 2885.0
2193 2885.0
2194 2885.0
2195 2885.0
2196 2885.0
2207 2916.0
2208 2916.0
2209 2908.0
2210 2878.0
2211 2878.0
2212 2878.0
2213 2878.0
2214 2878.0
2215 2878.0
2216 2878.0
2217 2878.0
2218 2878.0
2219 2814.0
2220 2814.0
2221 2814.0
2222 2814.0
2223 2814.0
2224 2814.0
2225 2814.0
2226 2814.0
2227 2814.0
2228 2814.0
2229 2814.0
2240 2887.0
2241 2865.0
2242 2865.0
2243 2865.0
2244 2865.0
2245 2695.0
2246 2695.0
2247 2695.0
2248 2695.0
2249 2695.0
2250 2695.0
2251 2695.0
2252 2695.0
2253 2695.0
2254 2695.0
2255 2695.0
2266 2650.0
2267 2650.0
2268 2650.0
2269 2650.0
2270 2650.0
2271 2650.0
2272 2650.0
2273 2650.0
2274 2650.0
2275 2650.0
2286 2770.0
2287 2770.0
2288 2770.0
2289 2770.0
2290 2770.0
2291 2650.0
2292 2650.0
2293 2650.0
2294 2650.0
2295 2650.0
2296 2650.0
2297 2650.0
2298 2650.0
2299 2650.0
2300 2650.0
2301 2650.0
2312 2770.0
2313 2770.0
2314 2770.0
2315 2770.0
2316 2770.0
2317 2770.0
2318 2770.0
2319 2770.0
2320 2770.0
2321 2770.0
2332 2791.0
2333 2791.0
2334 2791.0
2335 2791.0
2336 2791.0
2337 2716.0
2338 2716.0
2339 2716.0
2340 2716.0
2341 2716.0
2342 2716.0
2343 2716.0
2344 2716.0
2345 2716.0
2346 2716.0
2347 2716.0
2358 2642.0
2359 2642.0
2360 2642.0
2361 2642.0
2362 2642.0
2363 2642.0
2364 2642.0
2365 2642.0
2366 2642.0
2367 2642.0
2378 2602.0
2379 2602.0
2380 2602.0
2381 2602.0
2382 2602.0
2383 2602.0
2384 2602.0
2385 2602.0
2386 2602.0
2387 2602.0
2398 2692.0
2399 2692.0
2400 2692.0
2401 2692.0
2402 2692.0
2403 2692.0
2404 2692.0
2405 2692.0
2406 2692.0
2407 2692.0
2418 2692.0
2419 2692.0
2420 2692.0
2421 2692.0
2422 2692.0
2423 2692.0
2424 2692.0
2425 2692.0
2426 2692.0
2427 2692.0
2438 2784.0
2439 2784.0
2440 2784.0
2441 2784.0
2442 2705.0
2443 2705.0
2444 2705.0
2445 2705.0
2446 2705.0
2447 2705.0
2448 2705.0
2449 2705.0
2450 2705.0
2451 2705.0
2452 2705.0
2463 2785.0
2464 2785.0
2465 2785.0
2466 2785.0
2467 2785.0
2468 2785.0
2469 2785.0
2470 2785.0
2471 2683.0
2472 2683.0
2473 2683.0
2474 2683.0
2475 2683.0
2476 2683.0
2477 2683.0
2478 2683.0
2479 2683.0
2480 2683.0
2481 2683.0
2492 2759.0
2493 2759.0
2494 2747.0
2495 2747.0
2496 2747.0
2497 2747.0
2498 2747.0
2499 2747.0
2500 2747.0
2501 2747.0
2502 2747.0
2503 2747.0
2504 2747.0
2515 2755.0
2516 2755.0
2517 2755.0
2518 2755.0
2519 2755.0
2520 2755.0
2521 2755.0
2522 2755.0
2523 2755.0
2524 2755.0
2535 2734.0
2536 2705.0
2537 2705.0
2538 2705.0
2539 2705.0
2540 2705.0
2541 2705.0
2542 2705.0
2543 2705.0
2544 2705.0
2545 2705.0
2546 2705.0
2557 2753.0
2558 2753.0
2559 2753.0
2560 2747.0
2561 2747.0
2562 2747.0
2563 2747.0
2564 2747.0
2565 2747.0
2566 2747.0
2567 2747.0
2568 2747.0
2569 2747.0
2570 2747.0
2581 2720.0
2582 2720.0
2583 2720.0
2584 2720.0
2585 2720.0
2586 2720.0
2587 2720.0
2588 2720.0
2589 2720.0
2590 2720.0
2601 2681.0
2602 2681.0
2603 2681.0
2604 2681.0
2605 2681.0
2606 2681.0
2607 2681.0
2608 2681.0
2609 2681.0
2610 2681.0
2621 2509.0
2622 2509.0
2623 2509.0
2624 2509.0
2625 2509.0
2626 2509.0
2627 2509.0
2628 2509.0
2629 2509.0
2630 2509.0
2641 2698.0
2642 2698.0
2643 2698.0
2644 2698.0
2645 2698.0
2646 2698.0
2647 2698.0
2648 2698.0
2649 2698.0
2650 2698.0
2661 2509.0
2662 2509.0
2663 2509.0
2664 2509.0
2665 2509.0
2666 2509.0
2667 2509.0
2668 2509.0
2669 2509.0
2670 2509.0
2681 2734.0
2682 2734.0
2683 2734.0
2684 2734.0
2685 2734.0
2686 2734.0
2687 2685.0
2688 2685.0
2689 2685.0
2690 2685.0
2691 2685.0
2692 2685.0
2693 2685.0
2694 2685.0
2695 2685.0
2696 2685.0
2697 2685.0
2708 2734.0
2709 2734.0
2710 2734.0
2711 2734.0
2712 2734.0
2713 2734.0
2714 2633.0
2715 2633.0
2716 2633.0
2717 2633.0
2718 2633.0
2719 2633.0
2720 2633.0
2721 2633.0
2722 2633.0
2723 2633.0
2724 2633.0
2735 2685.0
2736 2685.0
2737 2685.0
2738 2685.0
2739 2685.0
2740 2685.0
2741 2685.0
2742 2685.0
2743 2685.0
2744 2685.0
2755 2927.0
2756 2927.0
2757 2927.0
2758 2927.0
2759 2927.0
2760 2927.0
2761 2927.0
2762 2927.0
2763 2927.0
2764 2927.0
2775 2974.0
2776 2974.0
2777 2959.0
2778 2959.0
2779 2959.0
2780 2959.0
2781 2959.0
2782 2959.0
2783 2959.0
2784 2959.0
2785 2959.0
2786 2959.0
2787 2959.0
2798 2829.0
2799 2829.0
2800 2829.0
2801 2829.0
2802 2829.0
2803 2829.0
2804 2829.0
2805 2829.0
2806 2829.0
2807 2829.0
2818 2904.0
2819 2904.0
2820 2904.0
2821 2904.0
2822 2904.0
2823 2904.0
2824 2904.0
2825 2903.0
2826 2903.0
2827 2903.0
2828 2903.0
2829 2895.0
2830 2895.0
2831 2895.0
2832 2895.0
2833 2895.0
2834 2895.0
2835 2895.0
2836 2895.0
2837 2895.0
2838 2895.0
2839 2895.0
2850 2868.0
2851 2868.0
2852 2868.0
2853 2868.0
2854 2868.0
2855 2868.0
2856 2868.0
2857 2868.0
2858 2868.0
2859 2868.0
2870 2679.0
2871 2679.0
2872 2679.0
2873 2679.0
2874 2679.0
2875 2679.0
2876 2679.0
2877 2679.0
2878 2679.0
2879 2679.0
2890 2787.0
2891 2787.0
2892 2787.0
2893 2787.0
2894 2787.0
2895 2787.0
2896 2787.0
2897 2787.0
2898 2787.0
2899 2787.0
2910 2799.0
2911 2799.0
2912 2799.0
2913 2799.0
2914 2799.0
2915 2799.0
2916 2799.0
2917 2787.0
2918 2787.0
2919 2787.0
2920 2787.0
2921 2787.0
2922 2787.0
2923 2787.0
2924 2787.0
2925 2787.0
2926 2787.0
2927 2787.0
2938 2799.0
2939 2799.0
2940 2799.0
2941 2799.0
2942 2799.0
2943 2799.0
2944 2799.0
2945 2799.0
2946 2799.0
2947 2799.0
2948 2799.0
2959 2787.0
2960 2787.0
2961 2787.0
2962 2787.0
2963 2787.0
2964 2787.0
2965 2787.0
2966 2787.0
2967 2787.0
2968 2787.0
2979 2799.0
2980 2799.0
2981 2799.0
2982 2799.0
2983 2754.0
2984 2754.0
2985 2754.0
2986 2754.0
2987 2754.0
2988 2754.0
2989 2707.0
2990 2707.0
2991 2707.0
2992 2707.0
2993 2707.0
2994 2707.0
2995 2707.0
2996 2707.0
2997 2707.0
2998 2707.0
2999 2707.0
3010 2759.0
3011 2759.0
3012 2759.0
3013 2759.0
3014 2759.0
3015 2759.0
3016 2759.0
3017 2759.0
3018 2759.0
3019 2759.0
3030 2787.0
3031 2787.0
3032 2787.0
3033 2787.0
3034 2787.0
3035 2787.0
3036 2787.0
3037 2787.0
3038 2787.0
3039 2787.0
3050 2799.0
3051 2799.0
3052 2799.0
3053 2799.0
3054 2799.0
3055 2799.0
3056 2799.0
3057 2799.0
3058 2799.0
3059 2799.0
3070 2754.0
3071 2754.0
3072 2754.0
3073 2754.0
3074 2754.0
3075 2754.0
3076 2754.0
3077 2754.0
3078 2754.0
3079 2754.0
3090 3881.0
3091 3881.0
3092 3881.0
3093 3881.0
3094 3881.0
3095 3881.0
3096 3881.0
3097 3881.0
3098 2714.0
3099 2714.0
3100 2714.0
3101 2714.0
3102 2714.0
3103 2714.0
3104 2714.0
3105 2714.0
3106 2714.0
3107 2714.0
3108 2714.0
3119 2779.0
3120 2779.0
3121 2779.0
3122 2779.0
3123 2779.0
3124 2779.0
3125 2779.0
3126 2779.0
3127 2779.0
3128 2779.0
3129 2779.0
3140 2794.0
3141 2794.0
3142 2794.0
3143 2794.0
3144 2794.0
3145 2794.0
3146 2794.0
3147 2794.0
3148 2794.0
3149 2794.0
3160 4143.0
3161 4143.0
3162 3863.0
3163 2998.0
3164 2998.0
3165 2998.0
3166 2998.0
3167 2998.0
3168 2998.0
3169 2998.0
3170 2998.0
3171 2998.0
3172 2998.0
3173 2998.0
3184 3053.0
3185 3053.0
3186 3053.0
3187 3053.0
3188 3053.0
3189 3053.0
3190 3053.0
3191 3053.0
3192 3053.0
3193 3053.0
3204 2969.0
3205 2969.0
3206 2969.0
3207 2969.0
3208 2969.0
3209 2969.0
3210 2969.0
3211 2969.0
3212 2969.0
3213 2969.0
3224 3008.0
3225 3008.0
3226 3008.0
3227 3008.0
3228 3008.0
3229 3008.0
3230 3008.0
3231 3008.0
3232 3008.0
3233 3008.0
3244 3067.0
3245 3067.0
3246 3047.0
3247 3047.0
3248 3047.0
3249 3047.0
3250 3047.0
3251 3047.0
3252 3047.0
3253 3047.0
3254 3008.0
3255 3008.0
3256 3008.0
3257 3008.0
3258 3008.0
3259 3008.0
3260 3008.0
3261 3008.0
3262 3008.0
3263 3008.0
3264 3008.0
3275 2959.0
3276 2959.0
3277 2959.0
3278 2947.0
3279 2947.0
3280 2947.0
3281 2947.0
3282 2947.0
3283 2947.0
3284 2947.0
3285 2947.0
3286 2947.0
3287 2947.0
3288 2947.0
3299 3031.0
3300 3031.0
3301 3031.0
3302 3031.0
3303 3030.0
3304 3030.0
3305 3030.0
3306 3030.0
3307 3030.0
3308 3030.0
3309 3030.0
3310 3030.0
3311 3030.0
3312 3030.0
3313 3030.0
3324 2773.0
3325 2773.0
3326 2773.0
3327 2773.0
3328 2773.0
3329 2773.0
3330 2773.0
3331 2773.0
3332 2773.0
3333 2773.0
3344 2850.0
3345 2850.0
3346 2850.0
3347 2850.0
3348 2850.0
3349 2850.0
3350 2830.0
3351 2830.0
3352 2830.0
3353 2830.0
3354 2830.0
3355 2830.0
3356 2830.0
3357 2830.0
3358 2830.0
3359 2830.0
3360 2830.0
3371 2883.0
3372 2883.0
3373 2883.0
3374 2833.0
3375 2833.0
3376 2833.0
3377 2833.0
3378 2833.0
3379 2833.0
3380 2833.0
3381 2833.0
3382 2833.0
3383 2833.0
3384 2833.0
3395 2749.0
3396 2749.0
3397 2749.0
3398 2749.0
3399 2749.0
3400 2749.0
3401 2749.0
3402 2749.0
3403 2749.0
3404 2749.0
3415 2736.0
3416 2736.0
3417 2736.0
3418 2736.0
3419 2736.0
3420 2736.0
3421 2736.0
3422 2736.0
3423 2736.0
3424 2736.0
3435 2820.0
3436 2820.0
3437 2820.0
3438 2730.0
3439 2730.0
3440 2730.0
3441 2730.0
3442 2730.0
3443 2730.0
3444 2730.0
3445 2730.0
3446 2730.0
3447 2730.0
3448 2730.0
3459 2704.0
3460 2704.0
3461 2704.0
3462 2704.0
3463 2704.0
3464 2704.0
3465 2704.0
3466 2704.0
3467 2704.0
3468 2704.0
3479 2806.0
3480 2806.0
3481 2806.0
3482 2806.0
3483 2806.0
3484 2806.0
3485 2806.0
3486 2806.0
3487 2806.0
3488 2806.0
3499 4106.0
3500 4056.0
3501 4056.0
3502 4056.0
3503 4056.0
3504 4030.0
3505 3880.0
3506 3880.0
3507 3880.0
3508 3880.0
3509 3880.0
3510 3880.0
3511 3880.0
3512 3880.0
3513 3880.0
3514 3880.0
3515 3880.0
3526 3880.0
3527 3808.0
3528 3808.0
3529 3808.0
3530 3808.0
3531 2708.0
3532 2708.0
3533 2708.0
3534 2708.0
3535 2708.0
3536 2708.0
3537 2708.0
3538 2708.0
3539 2708.0
3540 2708.0
3541 2708.0
3552 2708.0
3553 2708.0
3554 2708.0
3555 2708.0
3556 2708.0
3557 2708.0
3558 2708.0
3559 2660.0
3560 2660.0
3561 2660.0
3562 2660.0
3563 2660.0
3564 2660.0
3565 2660.0
3566 2660.0
3567 2660.0
3568 2660.0
3569 2660.0
3580 2845.0
3581 2845.0
3582 2794.0
3583 2794.0
3584 2794.0
3585 2794.0
3586 2794.0
3587 2794.0
3588 2794.0
3589 2794.0
3590 2794.0
3591 2794.0
3592 2794.0
3603 2810.0
3604 2810.0
3605 2810.0
3606 2795.0
3607 2795.0
3608 2795.0
3609 2795.0
3610 2795.0
3611 2795.0
3612 2761.0
3613 2701.0
3614 2701.0
3615 2701.0
3616 2701.0
3617 2701.0
3618 2701.0
3619 2701.0
3620 2701.0
3621 2701.0
3622 2699.0
3623 2699.0
3624 2699.0
3625 2699.0
3626 2699.0
3627 2699.0
3628 2699.0
3629 2699.0
3630 2699.0
3631 2699.0
3632 2699.0
3643 2748.0
3644 2708.0
3645 2708.0
3646 2708.0
3647 2708.0
3648 2708.0
3649 2708.0
3650 2708.0
3651 2708.0
3652 2708.0
3653 2708.0
3654 2708.0
3665 2655.0
3666 2655.0
3667 2655.0
3668 2655.0
3669 2655.0
3670 2655.0
3671 2655.0
3672 2655.0
3673 2655.0
3674 2655.0
3685 3981.0
3686 3981.0
3687 3981.0
3688 3981.0
3689 3981.0
3690 3981.0
3691 3981.0
3692 3981.0
3693 3981.0
3694 3981.0
3705 2637.0
3706 2637.0
3707 2637.0
3708 2637.0
3709 2637.0
3710 2637.0
3711 2637.0
3712 2637.0
3713 2637.0
3714 2637.0
3725 2781.0
3726 2685.0
3727 2685.0
3728 2685.0
3729 2685.0
3730 2685.0
3731 2685.0
3732 2685.0
3733 2685.0
3734 2685.0
3735 2685.0
3736 2685.0
3747 2685.0
3748 2685.0
3749 2685.0
3750 2685.0
3751 2685.0
3752 2685.0
3753 2685.0
3754 2685.0
3755 2685.0
3756 2685.0
3767 2712.0
3768 2712.0
3769 2712.0
3770 2712.0
3771 2712.0
3772 2712.0
3773 2712.0
3774 2712.0
3775 2712.0
3776 2712.0
3787 2781.0
3788 2781.0
3789 2733.0
3790 2733.0
3791 2733.0
3792 2733.0
3793 2733.0
3794 2733.0
3795 2733.0
3796 2733.0
3797 2733.0
3798 2508.0
3799 2508.0
3800 2508.0
3801 2508.0
3802 2508.0
3803 2508.0
3804 2508.0
3805 2508.0
3806 2508.0
3807 2508.0
3808 2508.0
3819 2756.0
3820 2756.0
3821 2756.0
3822 2756.0
3823 2592.0
3824 2592.0
3825 2592.0
3826 2592.0
3827 2592.0
3828 2592.0
3829 2592.0
3830 2592.0
3831 2592.0
3832 2592.0
3833 2592.0
3844 2784.0
3845 2784.0
3846 2784.0
3847 2784.0
3848 2781.0
3849 2781.0
3850 2781.0
3851 2781.0
3852 2781.0
3853 2781.0
3854 2781.0
3855 2781.0
3856 2781.0
3857 2733.0
3858 2733.0
3859 2733.0
3860 2733.0
3861 2733.0
3862 2733.0
3863 2733.0
3864 2733.0
3865 2733.0
3866 2733.0
3867 2733.0
3878 2684.0
3879 2684.0
3880 2684.0
3881 2684.0
3882 2684.0
3883 2684.0
3884 2684.0
3885 2684.0
3886 2684.0
3887 2684.0
3888 2684.0
3899 2781.0
3900 2781.0
3901 2684.0
3902 2684.0
3903 2684.0
3904 2684.0
3905 2684.0
3906 2684.0
3907 2684.0
3908 2684.0
3909 2684.0
3910 2684.0
3911 2684.0
3922 2733.0
3923 2733.0
3924 2733.0
3925 2733.0
3926 2733.0
3927 2733.0
3928 2733.0
3929 2733.0
3930 2733.0
3931 2733.0
3942 2768.0
3943 2768.0
3944 2768.0
3945 2768.0
3946 2768.0
3947 2768.0
3948 2768.0
3949 2768.0
3950 2768.0
3951 2768.0
3962 2729.0
3963 2729.0
3964 2585.0
3965 2585.0
3966 2585.0
3967 2585.0
3968 2585.0
3969 2585.0
3970 2585.0
3971 2585.0
3972 2585.0
3973 2585.0
3974 2585.0
3985 2760.0
3986 2760.0
3987 2760.0
3988 2760.0
3989 2760.0
3990 2760.0
3991 2760.0
3992 2760.0
3993 2760.0
3994 2760.0
4005 2781.0
4006 2781.0
4007 2781.0
4008 2781.0
4009 2781.0
4010 2781.0
4011 2781.0
4012 2781.0
4013 2781.0
4014 2781.0
4025 2787.0
4026 2787.0
4027 2787.0
4028 2787.0
4029 2787.0
4030 2787.0
4031 2787.0
4032 2787.0
4033 2781.0
4034 2781.0
4035 2781.0
4036 2781.0
4037 2781.0
4038 2781.0
4039 2729.0
4040 2729.0
4041 2729.0
4042 2729.0
4043 2585.0
4044 2585.0
4045 2585.0
4046 2585.0
4047 2585.0
4048 2585.0
4049 2585.0
4050 2585.0
4051 2585.0
4052 2585.0
4053 2585.0
4064 2729.0
4065 2729.0
4066 2729.0
4067 2729.0
4068 2729.0
4069 2729.0
4070 2729.0
4071 2729.0
4072 2729.0
4073 2729.0
4074 2729.0
4085 2679.0
4086 2679.0
4087 2679.0
4088 2679.0
4089 2679.0
4090 2679.0
4091 2679.0
4092 2679.0
4093 2679.0
4094 2679.0
4095 2679.0
4106 2781.0
4107 2709.0
4108 2709.0
4109 2709.0
4110 2709.0
4111 2709.0
4112 2709.0
4113 2709.0
4114 2709.0
4115 2709.0
4116 2709.0
4117 2709.0
4128 2781.0
4129 2781.0
4130 2760.0
4131 2760.0
4132 2760.0
4133 2760.0
4134 2760.0
4135 2760.0
4136 2760.0
4137 2760.0
4138 2695.0
4139 2695.0
4140 2683.0
4141 2683.0
4142 2683.0
4143 2683.0
4144 2683.0
4145 2683.0
4146 2683.0
4147 2631.0
4148 2631.0
4149 2631.0
4150 2631.0
4151 2631.0
4152 2631.0
4153 2631.0
4154 2631.0
4155 2631.0
4156 2631.0
4157 2631.0
4168 2676.0
4169 2676.0
4170 2676.0
4171 2676.0
4172 2676.0
4173 2676.0
4174 2676.0
4175 2676.0
4176 2676.0
4177 2676.0
4188 2712.0
4189 2712.0
4190 2712.0
4191 2712.0
4192 2712.0
4193 2712.0
4194 2712.0
4195 2712.0
4196 2712.0
4197 2712.0
4208 2891.0
4209 2891.0
4210 2891.0
4211 2660.0
4212 2660.0
4213 2660.0
4214 2660.0
4215 2660.0
4216 2660.0
4217 2660.0
4218 2660.0
4219 2660.0
4220 2660.0
4221 2660.0
4232 2742.0
4233 2742.0
4234 2742.0
4235 2742.0
4236 2742.0
4237 2742.0
4238 2742.0
4239 2742.0
4240 2742.0
4241 2742.0
4252 2757.0
4253 2757.0
4254 2742.0
4255 2742.0
4256 2742.0
4257 2742.0
4258 2742.0
4259 2742.0
4260 2742.0
4261 2742.0
4262 2742.0
4263 2742.0
4264 2742.0
4275 2757.0
4276 2757.0
4277 2757.0
4278 2757.0
4279 2757.0
4280 2757.0
4281 2757.0
4282 2757.0
4283 2757.0
4284 2743.0
4285 2743.0
4286 2683.0
4287 2683.0
4288 2683.0
4289 2683.0
4290 2683.0
4291 2683.0
4292 2683.0
4293 2683.0
4294 2683.0
4295 2683.0
4296 2683.0
4307 2693.0
4308 2693.0
4309 2693.0
4310 2693.0
4311 2693.0
4312 2693.0
4313 2693.0
4314 2693.0
4315 2693.0
4316 2693.0
4327 2729.0
4328 2729.0
4329 2729.0
4330 2729.0
4331 2729.0
4332 2729.0
4333 2729.0
4334 2729.0
4335 2729.0
4336 2729.0
4347 2677.0
4348 2677.0
4349 2677.0
4350 2677.0
4351 2677.0
4352 2677.0
4353 2677.0
4354 2677.0
4355 2677.0
4356 2677.0
4357 2677.0
4368 2799.0
4369 2799.0
4370 2799.0
4371 2799.0
4372 2799.0
4373 2799.0
4374 2799.0
4375 2799.0
4376 2799.0
4377 2697.0
4378 2697.0
4379 2697.0
4380 2697.0
4381 2697.0
4382 2697.0
4383 2697.0
4384 2697.0
4385 2697.0
4386 2697.0
4387 2697.0
4398 2710.0
4399 2710.0
4400 2710.0
4401 2710.0
4402 2710.0
4403 2710.0
4404 2710.0
4405 2710.0
4406 2710.0
4407 2710.0
4418 2647.0
4419 2647.0
4420 2647.0
4421 2647.0
4422 2647.0
4423 2647.0
4424 2647.0
4425 2647.0
4426 2647.0
4427 2647.0
4438 2695.0
4439 2645.0
4440 2645.0
4441 2645.0
4442 2645.0
4443 2645.0
4444 2645.0
4445 2645.0
4446 2645.0
4447 2645.0
4448 2645.0
4449 2645.0
4460 2641.0
4461 2641.0
4462 2641.0
4463 2641.0
4464 2641.0
4465 2641.0
4466 2641.0
4467 2641.0
4468 2641.0
4469 2641.0
4480 2767.0
4481 2767.0
4482 2767.0
4483 2767.0
4484 2767.0
4485 2767.0
4486 2767.0
4487 2767.0
4488 2767.0
4489 2767.0
4500 2802.0
4501 2802.0
4502 2802.0
4503 2802.0
4504 2802.0
4505 2802.0
4506 2802.0
4507 2641.0
4508 2641.0
4509 2641.0
4510 2641.0
4511 2641.0
4512 2641.0
4513 2641.0
4514 2641.0
4515 2641.0
4516 2641.0
4517 2641.0
4528 2680.0
4529 2680.0
4530 2680.0
4531 2680.0
4532 2680.0
4533 2680.0
4534 2680.0
4535 2680.0
4536 2680.0
4537 2680.0
4538 2655.0
4539 2655.0
4540 2655.0
4541 2655.0
4542 2655.0
4543 2655.0
4544 2655.0
4545 2655.0
4546 2655.0
4547 2655.0
4548 2655.0
4559 2756.0
4560 2756.0
4561 2756.0
4562 2680.0
4563 2680.0
4564 2680.0
4565 2680.0
4566 2680.0
4567 2680.0
4568 2680.0
4569 2680.0
4570 2680.0
4571 2680.0
4572 2680.0
4583 2645.0
4584 2624.0
4585 2624.0
4586 2624.0
4587 2624.0
4588 2624.0
4589 2624.0
4590 2624.0
4591 2624.0
4592 2624.0
4593 2624.0
4594 2624.0
4605 2788.0
4606 2788.0
4607 2774.0
4608 2624.0
4609 2624.0
4610 2624.0
4611 2624.0
4612 2624.0
4613 2624.0
4614 2624.0
4615 2624.0
4616 2624.0
4617 2624.0
4618 2624.0
4629 2624.0
4630 2624.0
4631 2624.0
4632 2624.0
4633 2624.0
4634 2624.0
4635 2624.0
4636 2624.0
4637 2624.0
4638 2624.0
4649 2645.0
4650 2645.0
4651 2645.0
4652 2645.0
4653 2645.0
4654 2645.0
4655 2645.0
4656 2645.0
4657 2645.0
4658 2645.0
4669 2760.0
4670 2760.0
4671 2760.0
4672 2760.0
4673 2760.0
4674 2760.0
4675 2760.0
4676 2760.0
4677 2760.0
4678 2760.0
4689 2886.0
4690 2886.0
4691 2886.0
4692 2886.0
4693 2886.0
4694 2886.0
4695 2886.0
4696 2886.0
4697 2886.0
4698 2886.0
4699 2886.0
4710 2986.0
4711 2986.0
4712 2986.0
4713 2986.0
4714 2986.0
4715 2986.0
4716 2986.0
4717 2986.0
4718 2972.0
4719 2972.0
4720 2972.0
4721 2972.0
4722 2972.0
4723 2972.0
4724 2972.0
4725 2972.0
4726 2972.0
4727 2972.0
4728 2972.0
4739 2687.0
4740 2687.0
4741 2687.0
4742 2687.0
4743 2687.0
4744 2687.0
4745 2687.0
4746 2687.0
4747 2687.0
4748 2687.0
4759 2753.0
4760 2753.0
4761 2753.0
4762 2753.0
4763 2753.0
4764 2753.0
4765 2753.0
4766 2753.0
4767 2753.0
4768 2753.0
4779 2797.0
4780 2797.0
4781 2797.0
4782 2774.0
4783 2774.0
4784 2774.0
4785 2774.0
4786 2624.0
4787 2624.0
4788 2624.0
4789 2624.0
4790 2624.0
4791 2624.0
4792 2624.0
4793 2624.0
4794 2624.0
4795 2624.0
4796 2624.0
4807 2788.0
4808 2788.0
4809 2788.0
4810 2655.0
4811 2655.0
4812 2655.0
4813 2655.0
4814 2655.0
4815 2655.0
4816 2655.0
4817 2655.0
4818 2655.0
4819 2655.0
4820 2655.0
4831 2688.0
4832 2688.0
4833 2688.0
4834 2688.0
4835 2688.0
4836 2688.0
4837 2688.0
4838 2688.0
4839 2688.0
4840 2688.0
4851 3664.0
4852 3598.0
4853 3598.0
4854 3598.0
4855 3598.0
4856 3598.0
4857 3598.0
4858 3598.0
4859 3558.0
4860 3558.0
4861 3558.0
4862 3558.0
4863 3558.0
4864 3558.0
4865 3558.0
4866 3558.0
4867 3558.0
4868 3558.0
4869 3558.0
4880 3657.0
4881 3657.0
4882 3657.0
4883 3624.0
4884 3624.0
4885 3624.0
4886 3624.0
4887 3624.0
4888 3624.0
4889 3624.0
4890 3624.0
4891 3624.0
4892 3624.0
4893 3624.0
4904 3432.0
4905 3432.0
4906 3432.0
4907 3432.0
4908 3432.0
4909 3432.0
4910 3432.0
4911 3432.0
4912 3432.0
4913 3432.0
4924 3536.0
4925 3536.0
4926 3529.0
4927 3529.0
4928 3529.0
4929 3529.0
4930 3529.0
4931 3529.0
4932 3529.0
4933 3529.0
4934 3529.0
4935 3529.0
4936 3529.0
4947 3520.0
4948 3520.0
4949 3468.0
4950 3468.0
4951 3468.0
4952 3468.0
4953 3468.0
4954 3468.0
4955 3424.0
4956 3424.0
4957 3424.0
4958 3424.0
4959 3352.0
4960 3352.0
4961 3352.0
4962 3352.0
4963 3352.0
4964 3352.0
4965 2837.0
4966 2837.0
4967 2837.0
4968 2837.0
4969 2837.0
4970 2837.0
4971 2837.0
4972 2837.0
4973 2837.0
4974 2837.0
4975 2824.0
4976 2824.0
4977 2824.0
4978 2824.0
4979 2824.0
4980 2824.0
4981 2824.0
4982 2824.0
4983 2824.0
4984 2824.0
4985 2824.0
4996 2789.0
4997 2789.0
4998 2789.0
4999 2789.0
