0 24533.0
1 24312.0
2 23656.0
3 23656.0
4 23224.0
5 23224.0
6 23224.0
7 23224.0
8 23224.0
9 23224.0
10 23224.0
11 23224.0
12 23009.0
13 23009.0
14 23009.0
15 23009.0
16 23009.0
17 23009.0
18 23009.0
19 23009.0
20 22795.0
21 22795.0
22 22795.0
23 22795.0
24 22795.0
25 22795.0
26 22795.0
27 22795.0
28 22795.0
29 22795.0
30 22795.0
41 22370.0
42 22370.0
43 22370.0
44 22370.0
45 22370.0
46 22370.0
47 22370.0
48 22370.0
49 22370.0
50 22370.0
61 22159.0
62 22159.0
63 22159.0
64 22159.0
65 22159.0
66 22159.0
67 22159.0
68 22159.0
69 22159.0
70 22159.0
71 22159.0
82 22581.0
83 22581.0
84 22369.0
85 22369.0
86 22369.0
87 22369.0
88 22369.0
89 22369.0
90 22158.0
91 22158.0
92 22158.0
93 22158.0
94 22158.0
95 21740.0
96 21740.0
97 21122.0
98 19722.0
99 19529.0
100 19529.0
101 19529.0
102 19529.0
103 19529.0
104 19137.0
105 19137.0
106 19137.0
107 19137.0
108 19137.0
109 19137.0
110 19137.0
111 19137.0
112 19137.0
113 19137.0
114 19137.0
125 18942.0
126 18942.0
127 18942.0
128 18942.0
129 18942.0
130 18942.0
131 18942.0
132 18942.0
133 18748.0
134 18748.0
135 18748.0
136 18748.0
137 18748.0
138 18748.0
139 18748.0
140 18748.0
141 18175.0
142 18175.0
143 18175.0
144 18175.0
145 18175.0
146 18175.0
147 18175.0
148 17988.0
149 17850.0
150 17850.0
151 17850.0
152 17662.0
153 17662.0
154 17662.0
155 17662.0
156 17662.0
157 17662.0
158 17662.0
159 17662.0
160 17662.0
161 17662.0
162 17662.0
173 17662.0
174 17662.0
175 17662.0
176 17662.0
177 17662.0
178 17662.0
179 17662.0
180 17662.0
181 17662.0
182 17476.0
183 17476.0
184 17476.0
185 17476.0
186 17476.0
187 17476.0
188 17476.0
189 17476.0
190 17290.0
191 17290.0
192 17290.0
193 16566.0
194 16410.0
195 16271.0
196 16271.0
197 16092.0
198 16092.0
199 15915.0
200 15793.0
201 15793.0
202 14933.0
203 14787.0
204 14787.0
205 14787.0
206 14787.0
207 14787.0
208 14787.0
209 14787.0
210 14787.0
211 14787.0
212 14787.0
213 14787.0
224 14451.0
225 14451.0
226 7323.0
227 7323.0
228 7323.0
229 7287.0
230 7287.0
231 7287.0
232 7287.0
233 7287.0
234 7287.0
235 7287.0
236 7287.0
237 7287.0
238 7287.0
239 7063.0
240 7041.0
241 7041.0
242 7041.0
243 7041.0
244 7041.0
245 7041.0
246 7041.0
247 7041.0
248 7041.0
249 7041.0
250 7041.0
261 6871.0
262 6860.0
263 6860.0
264 6860.0
265 6860.0
266 6860.0
267 6860.0
268 6860.0
269 6860.0
270 6860.0
271 6860.0
272 6860.0
283 6809.0
284 6809.0
285 6800.0
286 6800.0
287 6800.0
288 6800.0
289 6800.0
290 6800.0
291 6800.0
292 6800.0
293 6782.0
294 6782.0
295 6782.0
296 6782.0
297 6782.0
298 6782.0
299 6733.0
300 6733.0
301 6733.0
302 6733.0
303 6724.0
304 6334.0
305 6334.0
306 6334.0
307 6334.0
308 6334.0
309 6334.0
310 6257.0
311 6257.0
312 6257.0
313 6257.0
314 6257.0
315 6257.0
316 6257.0
317 6257.0
318 6257.0
319 6257.0
320 6257.0
331 6219.0
332 6219.0
333 6219.0
334 6211.0
335 6211.0
336 6211.0
337 6211.0
338 6144.0
339 6144.0
340 6144.0
341 6144.0
342 6144.0
343 6144.0
344 6144.0
345 6144.0
346 6144.0
347 6144.0
348 6144.0
359 6062.0
360 6062.0
361 6062.0
362 5540.0
363 5540.0
364 5485.0
365 5358.0
366 5358.0
367 5358.0
368 5358.0
369 5358.0
370 5358.0
371 5358.0
372 5358.0
373 5358.0
374 5358.0
375 5358.0
386 5386.0
387 5386.0
388 5386.0
389 5386.0
390 5386.0
391 5386.0
392 5386.0
393 5386.0
394 5386.0
395 5386.0
406 4626.0
407 4626.0
408 4626.0
409 4626.0
410 4626.0
411 4626.0
412 4626.0
413 4626.0
414 4626.0
415 4626.0
426 5457.0
427 5457.0
428 5431.0
429 5431.0
430 5413.0
431 5413.0
432 5413.0
433 5413.0
434 5413.0
435 5413.0
436 5413.0
437 5413.0
438 5413.0
439 5413.0
440 5413.0
451 5169.0
452 5169.0
453 5169.0
454 5169.0
455 5144.0
456 5144.0
457 5144.0
458 5144.0
459 5144.0
460 5144.0
461 5144.0
462 5144.0
463 5144.0
464 5144.0
465 5144.0
476 4865.0
477 4865.0
478 4865.0
479 4865.0
480 4865.0
481 4865.0
482 4865.0
483 4865.0
484 4865.0
485 4865.0
496 4603.0
497 4603.0
498 4603.0
499 4603.0
500 4603.0
501 4603.0
502 4603.0
503 4603.0
504 4603.0
505 4603.0
516 4408.0
517 4408.0
518 4408.0
519 4408.0
520 4408.0
521 4408.0
522 4408.0
523 4408.0
524 4408.0
525 4408.0
536 4394.0
537 4394.0
538 4394.0
539 4394.0
540 4206.0
541 4206.0
542 4206.0
543 4206.0
544 4206.0
545 4206.0
546 4206.0
547 4206.0
548 4206.0
549 4206.0
550 4206.0
561 4206.0
562 4206.0
563 4206.0
564 4206.0
565 4206.0
566 4206.0
567 4206.0
568 4206.0
569 4206.0
570 4206.0
581 4150.0
582 4150.0
583 4097.0
584 4097.0
585 4097.0
586 4097.0
587 4097.0
588 4097.0
589 4097.0
590 4097.0
591 4097.0
592 4097.0
593 4097.0
604 4143.0
605 4143.0
606 4143.0
607 4143.0
608 4143.0
609 4143.0
610 4143.0
611 4143.0
612 4143.0
613 4143.0
624 4040.0
625 4040.0
626 4008.0
627 4008.0
628 4008.0
629 4008.0
630 4008.0
631 4008.0
632 3372.0
633 3372.0
634 3372.0
635 3372.0
636 3372.0
637 3372.0
638 3372.0
639 3372.0
640 2940.0
641 2940.0
642 2940.0
643 2940.0
644 2940.0
645 2940.0
646 2940.0
647 2940.0
648 2940.0
649 2940.0
650 2940.0
661 2940.0
662 2940.0
663 2940.0
664 2940.0
665 2940.0
666 2940.0
667 2940.0
668 2940.0
669 2940.0
670 2940.0
681 3186.0
682 3186.0
683 3186.0
684 3186.0
685 3186.0
686 3186.0
687 3186.0
688 3186.0
689 3186.0
690 3186.0
691 3186.0
702 3211.0
703 3095.0
704 3095.0
705 3095.0
706 3095.0
707 3095.0
708 3095.0
709 3095.0
710 3095.0
711 3095.0
712 3095.0
713 3023.0
714 3020.0
715 3020.0
716 3020.0
717 3020.0
718 3020.0
719 3020.0
720 3020.0
721 3020.0
722 3020.0
723 3020.0
724 3020.0
735 2942.0
736 2942.0
737 2942.0
738 2942.0
739 2942.0
740 2942.0
741 2942.0
742 2942.0
743 2942.0
744 2942.0
755 3002.0
756 3002.0
757 3002.0
758 3002.0
759 3002.0
760 3002.0
761 3002.0
762 3002.0
763 3002.0
764 3002.0
775 3005.0
776 3005.0
777 2969.0
778 2969.0
779 2969.0
780 2969.0
781 2969.0
782 2969.0
783 2969.0
784 2969.0
785 2969.0
786 2969.0
787 2969.0
798 3020.0
799 3020.0
800 3020.0
801 2928.0
802 2928.0
803 2928.0
804 2928.0
805 2928.0
806 2928.0
807 2928.0
808 2928.0
809 2928.0
810 2928.0
811 2928.0
822 2985.0
823 2985.0
824 2985.0
825 2985.0
826 2985.0
827 2985.0
828 2985.0
829 2985.0
830 2985.0
831 2985.0
842 2793.0
843 2793.0
844 2793.0
845 2793.0
846 2793.0
847 2793.0
848 2793.0
849 2793.0
850 2793.0
851 2793.0
862 2974.0
863 2974.0
864 2974.0
865 2974.0
866 2974.0
867 2962.0
868 2962.0
869 2962.0
870 2962.0
871 2962.0
872 2962.0
873 2962.0
874 2962.0
875 2962.0
876 2962.0
877 2899.0
878 2899.0
879 2899.0
880 2899.0
881 2899.0
882 2899.0
883 2899.0
884 2899.0
885 2899.0
886 2899.0
887 2899.0
898 2941.0
899 2941.0
900 2941.0
901 2941.0
902 2941.0
903 2941.0
904 2941.0
905 2941.0
906 2941.0
907 2937.0
908 2937.0
909 2937.0
910 2937.0
911 2937.0
912 2937.0
913 2937.0
914 2937.0
915 2937.0
916 2937.0
917 2937.0
928 2852.0
929 2852.0
930 2852.0
931 2852.0
932 2852.0
933 2852.0
934 2852.0
935 2852.0
936 2852.0
937 2852.0
948 2859.0
949 2859.0
950 2781.0
951 2781.0
952 2781.0
953 2781.0
954 2781.0
955 2781.0
956 2781.0
957 2781.0
958 2781.0
959 2781.0
960 2781.0
971 2908.0
972 2908.0
973 2908.0
974 2908.0
975 2908.0
976 2908.0
977 2908.0
978 2908.0
979 2908.0
980 2908.0
981 2908.0
992 2870.0
993 2870.0
994 2870.0
995 2870.0
996 2870.0
997 2870.0
998 2870.0
999 2870.0
1000 2870.0
1001 2870.0
1012 2918.0
1013 2918.0
1014 2918.0
1015 2918.0
1016 2908.0
1017 2908.0
1018 2908.0
1019 2908.0
1020 2908.0
1021 2908.0
1022 2908.0
1023 2908.0
1024 2908.0
1025 2908.0
1026 2908.0
1037 2922.0
1038 2922.0
1039 2889.0
1040 2889.0
1041 2889.0
1042 2889.0
1043 2889.0
1044 2889.0
1045 2889.0
1046 2889.0
1047 2889.0
1048 2889.0
1049 2889.0
1060 2889.0
1061 2889.0
1062 2889.0
1063 2889.0
1064 2889.0
1065 2889.0
1066 2889.0
1067 2889.0
1068 2889.0
1069 2889.0
1080 2922.0
1081 2922.0
1082 2833.0
1083 2833.0
1084 2833.0
1085 2833.0
1086 2833.0
1087 2833.0
1088 2833.0
1089 2833.0
1090 2833.0
1091 2833.0
1092 2833.0
1103 2926.0
1104 2926.0
1105 2881.0
1106 2881.0
1107 2881.0
1108 2881.0
1109 2881.0
1110 2881.0
1111 2881.0
1112 2881.0
1113 2881.0
1114 2881.0
1115 2881.0
1126 2889.0
1127 2889.0
1128 2889.0
1129 2889.0
1130 2889.0
1131 2856.0
1132 2856.0
1133 2856.0
1134 2856.0
1135 2856.0
1136 2856.0
1137 2856.0
1138 2856.0
1139 2856.0
1140 2856.0
1141 2856.0
1152 2922.0
1153 2922.0
1154 2922.0
1155 2922.0
1156 2922.0
1157 2922.0
1158 2922.0
1159 2922.0
1160 2922.0
1161 2922.0
1172 2761.0
1173 2761.0
1174 2761.0
1175 2761.0
1176 2761.0
1177 2761.0
1178 2761.0
1179 2761.0
1180 2761.0
1181 2761.0
1192 2913.0
1193 2899.0
1194 2899.0
1195 2899.0
1196 2899.0
1197 2890.0
1198 2890.0
1199 2890.0
1200 2890.0
1201 2890.0
1202 2890.0
1203 2890.0
1204 2890.0
1205 2890.0
1206 2890.0
1207 2890.0
1218 2917.0
1219 2917.0
1220 2917.0
1221 2917.0
1222 2917.0
1223 2917.0
1224 2917.0
1225 2917.0
1226 2917.0
1227 2917.0
1238 2851.0
1239 2851.0
1240 2851.0
1241 2851.0
1242 2851.0
1243 2851.0
1244 2851.0
1245 2851.0
1246 2851.0
1247 2851.0
1258 2832.0
1259 2832.0
1260 2832.0
1261 2832.0
1262 2832.0
1263 2832.0
1264 2832.0
1265 2832.0
1266 2832.0
1267 2832.0
1278 2881.0
1279 2881.0
1280 2881.0
1281 2881.0
1282 2881.0
1283 2881.0
1284 2881.0
1285 2881.0
1286 2881.0
1287 2881.0
1298 3423.0
1299 3423.0
1300 3423.0
1301 3423.0
1302 3423.0
1303 3423.0
1304 3423.0
1305 3423.0
1306 3423.0
1307 3423.0
1318 3427.0
1319 3427.0
1320 3427.0
1321 3423.0
1322 3423.0
1323 3423.0
1324 3423.0
1325 3423.0
1326 3423.0
1327 3423.0
1328 3423.0
1329 3423.0
1330 3423.0
1331 3423.0
1342 3420.0
1343 3295.0
1344 3295.0
1345 3295.0
1346 3295.0
1347 3282.0
1348 3282.0
1349 3282.0
1350 3282.0
1351 3282.0
1352 3282.0
1353 3266.0
1354 3266.0
1355 3266.0
1356 3266.0
1357 3266.0
1358 3266.0
1359 3266.0
1360 3266.0
1361 3266.0
1362 3266.0
1363 3266.0
1374 2826.0
1375 2826.0
1376 2826.0
1377 2826.0
1378 2826.0
1379 2826.0
1380 2826.0
1381 2826.0
1382 2826.0
1383 2826.0
1394 2866.0
1395 2866.0
1396 2866.0
1397 2866.0
1398 2866.0
1399 2866.0
1400 2864.0
1401 2864.0
1402 2864.0
1403 2864.0
1404 2864.0
1405 2864.0
1406 2819.0
1407 2819.0
1408 2819.0
1409 2819.0
1410 2819.0
1411 2819.0
1412 2819.0
1413 2819.0
1414 2792.0
1415 2792.0
1416 2792.0
1417 2792.0
1418 2792.0
1419 2792.0
1420 2792.0
1421 2792.0
1422 2792.0
1423 2792.0
1424 2792.0
1435 3350.0
1436 3350.0
1437 3326.0
1438 3326.0
1439 3326.0
1440 3326.0
1441 3318.0
1442 3318.0
1443 3272.0
1444 3272.0
1445 3272.0
1446 3272.0
1447 3272.0
1448 3272.0
1449 3272.0
1450 3272.0
1451 3242.0
1452 3242.0
1453 3242.0
1454 3242.0
1455 3242.0
1456 3242.0
1457 3242.0
1458 3242.0
1459 3242.0
1460 3242.0
1461 3242.0
1472 3116.0
1473 3116.0
1474 3116.0
1475 3116.0
1476 3116.0
1477 3116.0
1478 3116.0
1479 3116.0
1480 3116.0
1481 3116.0
1492 4734.0
1493 4734.0
1494 4734.0
1495 4734.0
1496 4734.0
1497 4734.0
1498 4734.0
1499 4734.0
1500 4734.0
1501 4734.0
1512 4814.0
1513 4814.0
1514 4814.0
1515 4814.0
1516 4814.0
1517 4814.0
1518 4814.0
1519 4814.0
1520 4814.0
1521 4814.0
1532 4814.0
1533 4814.0
1534 4814.0
1535 4814.0
1536 4814.0
1537 4814.0
1538 4814.0
1539 4814.0
1540 4814.0
1541 4814.0
1552 4814.0
1553 4814.0
1554 4814.0
1555 4814.0
1556 4814.0
1557 4814.0
1558 4766.0
1559 4766.0
1560 4766.0
1561 4766.0
1562 4766.0
1563 4766.0
1564 4766.0
1565 4766.0
1566 4766.0
1567 4766.0
1568 4766.0
1579 3218.0
1580 3218.0
1581 3218.0
1582 3218.0
1583 3218.0
1584 3218.0
1585 3218.0
1586 3218.0
1587 3218.0
1588 3218.0
1599 3089.0
1600 3089.0
1601 3089.0
1602 3089.0
1603 3089.0
1604 3089.0
1605 3089.0
1606 3089.0
1607 3089.0
1608 3089.0
1619 3162.0
1620 3162.0
1621 3162.0
1622 3162.0
1623 3162.0
1624 3162.0
1625 3162.0
1626 3162.0
1627 3162.0
1628 3162.0
1639 3134.0
1640 3134.0
1641 3134.0
1642 3134.0
1643 3134.0
1644 3134.0
1645 3134.0
1646 3134.0
1647 3134.0
1648 3134.0
1659 3160.0
1660 3160.0
1661 3160.0
1662 3160.0
1663 3160.0
1664 3160.0
1665 3160.0
1666 3160.0
1667 3160.0
1668 3140.0
1669 3140.0
1670 3140.0
1671 3140.0
1672 3140.0
1673 3140.0
1674 3140.0
1675 3140.0
1676 3140.0
1677 3140.0
1678 3140.0
1689 3089.0
1690 3089.0
1691 3089.0
1692 3089.0
1693 3089.0
1694 3089.0
1695 3089.0
1696 3089.0
1697 3089.0
1698 3089.0
1709 3183.0
1710 3183.0
1711 3183.0
1712 3183.0
1713 3183.0
1714 3183.0
1715 3183.0
1716 3183.0
1717 3183.0
1718 3183.0
1729 3164.0
1730 3164.0
1731 3164.0
1732 3164.0
1733 3164.0
1734 3164.0
1735 3144.0
1736 3144.0
1737 3144.0
1738 3144.0
1739 3144.0
1740 3144.0
1741 3144.0
1742 3144.0
1743 3144.0
1744 3144.0
1745 3078.0
1746 3078.0
1747 3078.0
1748 3078.0
1749 3078.0
1750 3078.0
1751 3078.0
1752 3078.0
1753 3078.0
1754 3078.0
1755 3078.0
1766 3081.0
1767 3081.0
1768 3081.0
1769 3081.0
1770 3081.0
1771 3081.0
1772 2625.0
1773 2625.0
1774 2625.0
1775 2625.0
1776 2625.0
1777 2625.0
1778 2625.0
1779 2625.0
1780 2625.0
1781 2625.0
1782 2625.0
1793 2781.0
1794 2781.0
1795 2781.0
1796 2781.0
1797 2781.0
1798 2781.0
1799 2781.0
1800 2781.0
1801 2781.0
1802 2781.0
1813 2789.0
1814 2789.0
1815 2789.0
1816 2789.0
1817 2789.0
1818 2789.0
1819 2789.0
1820 2789.0
1821 2789.0
1822 2789.0
1833 2753.0
1834 2753.0
1835 2753.0
1836 2753.0
1837 2753.0
1838 2753.0
1839 2753.0
1840 2753.0
1841 2753.0
1842 2753.0
1853 2712.0
1854 2712.0
1855 2712.0
1856 2712.0
1857 2712.0
1858 2712.0
1859 2712.0
1860 2712.0
1861 2712.0
1862 2712.0
1873 2712.0
1874 2712.0
1875 2712.0
1876 2712.0
1877 2712.0
1878 2712.0
1879 2712.0
1880 2712.0
1881 2712.0
1882 2712.0
1893 2713.0
1894 2713.0
1895 2713.0
1896 2631.0
1897 2631.0
1898 2631.0
1899 2631.0
1900 2631.0
1901 2631.0
1902 2631.0
1903 2631.0
1904 2631.0
1905 2631.0
1906 2631.0
1917 2683.0
1918 2683.0
1919 2683.0
1920 2683.0
1921 2683.0
1922 2683.0
1923 2683.0
1924 2683.0
1925 2683.0
1926 2683.0
1937 2529.0
1938 2529.0
1939 2529.0
1940 2529.0
1941 2529.0
1942 2529.0
1943 2529.0
1944 2529.0
1945 2529.0
1946 2529.0
1957 2701.0
1958 2701.0
1959 2701.0
1960 2701.0
1961 2701.0
1962 2701.0
1963 2701.0
1964 2701.0
1965 2701.0
1966 2701.0
1977 2717.0
1978 2717.0
1979 2717.0
1980 2717.0
1981 2717.0
1982 2717.0
1983 2594.0
1984 2594.0
1985 2594.0
1986 2594.0
1987 2594.0
1988 2594.0
1989 2594.0
1990 2594.0
1991 2594.0
1992 2594.0
1993 2594.0
2004 2647.0
2005 2647.0
2006 2647.0
2007 2647.0
2008 2647.0
2009 2647.0
2010 2647.0
2011 2647.0
2012 2647.0
2013 2647.0
2024 2594.0
2025 2594.0
2026 2594.0
2027 2594.0
2028 2594.0
2029 2594.0
2030 2594.0
2031 2594.0
2032 2594.0
2033 2594.0
2044 2653.0
2045 2653.0
2046 2653.0
2047 2653.0
2048 2653.0
2049 2653.0
2050 2653.0
2051 2653.0
2052 2653.0
2053 2653.0
2064 2503.0
2065 2503.0
2066 2503.0
2067 2503.0
2068 2503.0
2069 2503.0
2070 2503.0
2071 2503.0
2072 2503.0
2073 2503.0
2084 2692.0
2085 2692.0
2086 2692.0
2087 2692.0
2088 2692.0
2089 2692.0
2090 2657.0
2091 2657.0
2092 2657.0
2093 2657.0
2094 2651.0
2095 2651.0
2096 2651.0
2097 2651.0
2098 2651.0
2099 2647.0
2100 2647.0
2101 2647.0
2102 2647.0
2103 2647.0
2104 2647.0
2105 2647.0
2106 2647.0
2107 2647.0
2108 2647.0
2109 2618.0
2110 2618.0
2111 2618.0
2112 2618.0
2113 2618.0
2114 2618.0
2115 2618.0
2116 2618.0
2117 2618.0
2118 2618.0
2119 2618.0
2130 2705.0
2131 2705.0
2132 2629.0
2133 2629.0
2134 2629.0
2135 2629.0
2136 2629.0
2137 2629.0
2138 2629.0
2139 2629.0
2140 2629.0
2141 2629.0
2142 2629.0
2153 2611.0
2154 2611.0
2155 2611.0
2156 2611.0
2157 2611.0
2158 2611.0
2159 2611.0
2160 2611.0
2161 2611.0
2162 2611.0
2163 2611.0
2174 2651.0
2175 2651.0
2176 2651.0
2177 2651.0
2178 2651.0
2179 2651.0
2180 2651.0
2181 2651.0
2182 2651.0
2183 2651.0
2194 2587.0
2195 2587.0
2196 2587.0
2197 2587.0
2198 2587.0
2199 2587.0
2200 2587.0
2201 2587.0
2202 2587.0
2203 2587.0
2214 2595.0
2215 2595.0
2216 2595.0
2217 2595.0
2218 2595.0
2219 2595.0
2220 2595.0
2221 2595.0
2222 2595.0
2223 2595.0
2234 2647.0
2235 2647.0
2236 2647.0
2237 2647.0
2238 2647.0
2239 2647.0
2240 2647.0
2241 2647.0
2242 2647.0
2243 2647.0
2244 2647.0
2255 2672.0
2256 2657.0
2257 2657.0
2258 2657.0
2259 2655.0
2260 2651.0
2261 2651.0
2262 2651.0
2263 2651.0
2264 2651.0
2265 2651.0
2266 2651.0
2267 2651.0
2268 2651.0
2269 2651.0
2270 2651.0
2281 2693.0
2282 2693.0
2283 2618.0
2284 2618.0
2285 2618.0
2286 2618.0
2287 2618.0
2288 2618.0
2289 2618.0
2290 2618.0
2291 2618.0
2292 2618.0
2293 2618.0
2304 2675.0
2305 2675.0
2306 2675.0
2307 2675.0
2308 2675.0
2309 2675.0
2310 2675.0
2311 2675.0
2312 2675.0
2313 2675.0
2324 3029.0
2325 3029.0
2326 3029.0
2327 3029.0
2328 3021.0
2329 3021.0
2330 3021.0
2331 3021.0
2332 3021.0
2333 3021.0
2334 3021.0
2335 3021.0
2336 3021.0
2337 3021.0
2338 3021.0
2349 2985.0
2350 2985.0
2351 2985.0
2352 2985.0
2353 2985.0
2354 2985.0
2355 2985.0
2356 2985.0
2357 2985.0
2358 2985.0
2369 3269.0
2370 3269.0
2371 3269.0
2372 3269.0
2373 3269.0
2374 3257.0
2375 3257.0
2376 3257.0
2377 3257.0
2378 3257.0
2379 3257.0
2380 3245.0
2381 3245.0
2382 3245.0
2383 3245.0
2384 3245.0
2385 3245.0
2386 3035.0
2387 3035.0
2388 3035.0
2389 3035.0
2390 3035.0
2391 3035.0
2392 3035.0
2393 3035.0
2394 3035.0
2395 3035.0
2396 3035.0
2407 3057.0
2408 3057.0
2409 3057.0
2410 3057.0
2411 3057.0
2412 3057.0
2413 3057.0
2414 3057.0
2415 3057.0
2416 2810.0
2417 2810.0
2418 2810.0
2419 2810.0
2420 2810.0
2421 2810.0
2422 2810.0
2423 2810.0
2424 2810.0
2425 2810.0
2426 2810.0
2437 2735.0
2438 2735.0
2439 2735.0
2440 2735.0
2441 2735.0
2442 2735.0
2443 2735.0
2444 2735.0
2445 2735.0
2446 2735.0
2457 4439.0
2458 4439.0
2459 4439.0
2460 4439.0
2461 4427.0
2462 4427.0
2463 4427.0
2464 4427.0
2465 4427.0
2466 4427.0
2467 4427.0
2468 4427.0
2469 4427.0
2470 4427.0
2471 4427.0
2482 4350.0
2483 4350.0
2484 4350.0
2485 4350.0
2486 4350.0
2487 4200.0
2488 4200.0
2489 4200.0
2490 4200.0
2491 4200.0
2492 4200.0
2493 4200.0
2494 4136.0
2495 4062.0
2496 4062.0
2497 4062.0
2498 4062.0
2499 4062.0
2500 4062.0
2501 4062.0
2502 4062.0
2503 4062.0
2504 4062.0
2505 4062.0
2516 3896.0
2517 3896.0
2518 3782.0
2519 3269.0
2520 3269.0
2521 3167.0
2522 3167.0
2523 3167.0
2524 3167.0
2525 3167.0
2526 3167.0
2527 3167.0
2528 3167.0
2529 3167.0
2530 3167.0
2531 3167.0
2542 3273.0
2543 3273.0
2544 3273.0
2545 3260.0
2546 3260.0
2547 3260.0
2548 3260.0
2549 3260.0
2550 3260.0
2551 3234.0
2552 3130.0
2553 3130.0
2554 3130.0
2555 3130.0
2556 3130.0
2557 3130.0
2558 3130.0
2559 3130.0
2560 3130.0
2561 3130.0
2562 3130.0
2573 2972.0
2574 2972.0
2575 2972.0
2576 2972.0
2577 2972.0
2578 2972.0
2579 2972.0
2580 2972.0
2581 2972.0
2582 2972.0
2593 3128.0
2594 3128.0
2595 3128.0
2596 3128.0
2597 3128.0
2598 3094.0
2599 3094.0
2600 3094.0
2601 3094.0
2602 3094.0
2603 3094.0
2604 3094.0
2605 3094.0
2606 3094.0
2607 3094.0
2608 3094.0
2619 3118.0
2620 3118.0
2621 3118.0
2622 3118.0
2623 3118.0
2624 3118.0
2625 3118.0
2626 3118.0
2627 3118.0
2628 3118.0
2639 3115.0
2640 3115.0
2641 3115.0
2642 3115.0
2643 3115.0
2644 3115.0
2645 3110.0
2646 3110.0
2647 3110.0
2648 3110.0
2649 2963.0
2650 2963.0
2651 2963.0
2652 2963.0
2653 2963.0
2654 2963.0
2655 2963.0
2656 2963.0
2657 2963.0
2658 2963.0
2659 2963.0
2670 3122.0
2671 3122.0
2672 3122.0
2673 3046.0
2674 3046.0
2675 3046.0
2676 3046.0
2677 3046.0
2678 3046.0
2679 3046.0
2680 3046.0
2681 3046.0
2682 3046.0
2683 3046.0
2694 3046.0
2695 3046.0
2696 3046.0
2697 3046.0
2698 3046.0
2699 3046.0
2700 3046.0
2701 3046.0
2702 3046.0
2703 3046.0
2714 3646.0
2715 3646.0
2716 3646.0
2717 3646.0
2718 3646.0
2719 3646.0
2720 3646.0
2721 3645.0
2722 3645.0
2723 3645.0
2724 3635.0
2725 3635.0
2726 3635.0
2727 3635.0
2728 3635.0
2729 3635.0
2730 3635.0
2731 3635.0
2732 3635.0
2733 3635.0
2734 3635.0
2745 3535.0
2746 3535.0
2747 3535.0
2748 3535.0
2749 3535.0
2750 3535.0
2751 3535.0
2752 3535.0
2753 3535.0
2754 3535.0
2765 3490.0
2766 3424.0
2767 3424.0
2768 3393.0
2769 3393.0
2770 3393.0
2771 3393.0
2772 3347.0
2773 3330.0
2774 3330.0
2775 3330.0
2776 3330.0
2777 3330.0
2778 3330.0
2779 3330.0
2780 3330.0
2781 3330.0
2782 3330.0
2783 3330.0
2794 3240.0
2795 3240.0
2796 3240.0
2797 3240.0
2798 3240.0
2799 3240.0
2800 3240.0
2801 3230.0
2802 3230.0
2803 3230.0
2804 3230.0
2805 3230.0
2806 3230.0
2807 3230.0
2808 3230.0
2809 3230.0
2810 3230.0
2811 3230.0
2822 3052.0
2823 3052.0
2824 3052.0
2825 3052.0
2826 3052.0
2827 3052.0
2828 3052.0
2829 3052.0
2830 3052.0
2831 3052.0
2842 3047.0
2843 3047.0
2844 3047.0
2845 3047.0
2846 3047.0
2847 3047.0
2848 3047.0
2849 3047.0
2850 3047.0
2851 3047.0
2862 3085.0
2863 3057.0
2864 3057.0
2865 3037.0
2866 3037.0
2867 3037.0
2868 3037.0
2869 3037.0
2870 3037.0
2871 3037.0
2872 3037.0
2873 3037.0
2874 3037.0
2875 3037.0
2886 3007.0
2887 3007.0
2888 3007.0
2889 3007.0
2890 2983.0
2891 2983.0
2892 2983.0
2893 2983.0
2894 2983.0
2895 2983.0
2896 2983.0
2897 2983.0
2898 2983.0
2899 2983.0
2900 2983.0
2911 2935.0
2912 2935.0
2913 2935.0
2914 2935.0
2915 2935.0
2916 2935.0
2917 2935.0
2918 2935.0
2919 2935.0
2920 2935.0
2931 2985.0
2932 2985.0
2933 2985.0
2934 2985.0
2935 2985.0
2936 2985.0
2937 2985.0
2938 2985.0
2939 2985.0
2940 2985.0
2951 3037.0
2952 3037.0
2953 3037.0
2954 3037.0
2955 3033.0
2956 2985.0
2957 2985.0
2958 2985.0
2959 2985.0
2960 2985.0
2961 2985.0
2962 2985.0
2963 2985.0
2964 2985.0
2965 2985.0
2966 2985.0
2977 3007.0
2978 3007.0
2979 3007.0
2980 2941.0
2981 2941.0
2982 2941.0
2983 2941.0
2984 2941.0
2985 2941.0
2986 2941.0
2987 2941.0
2988 2941.0
2989 2941.0
2990 2941.0
3001 3037.0
3002 3037.0
3003 3037.0
3004 3037.0
3005 3037.0
3006 3037.0
3007 3037.0
3008 3037.0
3009 3037.0
3010 3037.0
3021 3033.0
3022 3033.0
3023 3033.0
3024 3033.0
3025 3033.0
3026 3033.0
3027 3033.0
3028 3033.0
3029 3033.0
3030 3033.0
3041 3028.0
3042 3028.0
3043 3028.0
3044 3028.0
3045 3028.0
3046 3028.0
3047 3028.0
3048 3028.0
3049 3028.0
3050 3028.0
3061 2985.0
3062 2985.0
3063 2985.0
3064 2985.0
3065 2985.0
3066 2985.0
3067 2985.0
3068 2985.0
3069 2985.0
3070 2985.0
3081 3025.0
3082 3025.0
3083 3025.0
3084 3025.0
3085 3025.0
3086 3025.0
3087 3025.0
3088 3025.0
3089 3025.0
3090 3025.0
3091 3025.0
3102 2959.0
3103 2959.0
3104 2959.0
3105 2959.0
3106 2959.0
3107 2959.0
3108 2959.0
3109 2959.0
3110 2959.0
3111 2959.0
3122 2992.0
3123 2992.0
3124 2992.0
3125 2992.0
3126 2992.0
3127 2992.0
3128 2810.0
3129 2810.0
3130 2810.0
3131 2810.0
3132 2810.0
3133 2810.0
3134 2810.0
3135 2810.0
3136 2810.0
3137 2810.0
3138 2810.0
3149 2900.0
3150 2900.0
3151 2900.0
3152 2900.0
3153 2900.0
3154 2900.0
3155 2900.0
3156 2900.0
3157 2900.0
3158 2900.0
3169 2901.0
3170 2901.0
3171 2901.0
3172 2901.0
3173 2901.0
3174 2901.0
3175 2901.0
3176 2901.0
3177 2901.0
3178 2901.0
3189 2937.0
3190 2909.0
3191 2841.0
3192 2841.0
3193 2841.0
3194 2841.0
3195 2841.0
3196 2841.0
3197 2841.0
3198 2841.0
3199 2841.0
3200 2841.0
3201 2841.0
3212 2937.0
3213 2937.0
3214 2937.0
3215 2937.0
3216 2937.0
3217 2937.0
3218 2937.0
3219 2922.0
3220 2898.0
3221 2834.0
3222 2834.0
3223 2834.0
3224 2834.0
3225 2834.0
3226 2834.0
3227 2834.0
3228 2834.0
3229 2834.0
3230 2834.0
3231 2834.0
3242 2898.0
3243 2898.0
3244 2898.0
3245 2898.0
3246 2898.0
3247 2898.0
3248 2898.0
3249 2898.0
3250 2898.0
3251 2898.0
3262 2898.0
3263 2898.0
3264 2898.0
3265 2898.0
3266 2898.0
3267 2898.0
3268 2898.0
3269 2898.0
3270 2898.0
3271 2898.0
3282 2853.0
3283 2853.0
3284 2853.0
3285 2853.0
3286 2853.0
3287 2853.0
3288 2853.0
3289 2853.0
3290 2853.0
3291 2853.0
3302 2801.0
3303 2801.0
3304 2801.0
3305 2801.0
3306 2801.0
3307 2801.0
3308 2801.0
3309 2801.0
3310 2801.0
3311 2801.0
3322 2853.0
3323 2853.0
3324 2853.0
3325 2853.0
3326 2853.0
3327 2853.0
3328 2853.0
3329 2846.0
3330 2846.0
3331 2820.0
3332 2820.0
3333 2820.0
3334 2820.0
3335 2820.0
3336 2820.0
3337 2820.0
3338 2820.0
3339 2820.0
3340 2820.0
3341 2820.0
3352 2658.0
3353 2658.0
3354 2658.0
3355 2658.0
3356 2658.0
3357 2658.0
3358 2658.0
3359 2658.0
3360 2658.0
3361 2658.0
3372 2808.0
3373 2808.0
3374 2808.0
3375 2792.0
3376 2792.0
3377 2792.0
3378 2778.0
3379 2778.0
3380 2778.0
3381 2778.0
3382 2628.0
3383 2628.0
3384 2628.0
3385 2628.0
3386 2628.0
3387 2628.0
3388 2628.0
3389 2628.0
3390 2628.0
3391 2628.0
3392 2628.0
3403 2706.0
3404 2706.0
3405 2706.0
3406 2706.0
3407 2706.0
3408 2706.0
3409 2706.0
3410 2706.0
3411 2706.0
3412 2668.0
3413 2668.0
3414 2668.0
3415 2668.0
3416 2643.0
3417 2643.0
3418 2643.0
3419 2643.0
3420 2643.0
3421 2643.0
3422 2643.0
3423 2643.0
3424 2643.0
3425 2500.0
3426 2500.0
3427 2500.0
3428 2500.0
3429 2500.0
3430 2500.0
3431 2500.0
3432 2500.0
3433 2500.0
3434 2500.0
3435 2500.0
3446 2624.0
3447 2624.0
3448 2624.0
3449 2624.0
3450 2624.0
3451 2624.0
3452 2624.0
3453 2624.0
3454 2624.0
3455 2624.0
3466 2703.0
3467 2703.0
3468 2703.0
3469 2703.0
3470 2703.0
3471 2703.0
3472 2703.0
3473 2703.0
3474 2703.0
3475 2703.0
3486 2624.0
3487 2624.0
3488 2624.0
3489 2624.0
3490 2624.0
3491 2624.0
3492 2624.0
3493 2624.0
3494 2624.0
3495 2624.0
3506 2728.0
3507 2497.0
3508 2497.0
3509 2497.0
3510 2497.0
3511 2497.0
3512 2497.0
3513 2497.0
3514 2497.0
3515 2497.0
3516 2497.0
3517 2497.0
3528 2586.0
3529 2586.0
3530 2586.0
3531 2586.0
3532 2586.0
3533 2490.0
3534 2490.0
3535 2490.0
3536 2490.0
3537 2490.0
3538 2490.0
3539 2490.0
3540 2490.0
3541 2490.0
3542 2490.0
3543 2490.0
3554 2642.0
3555 2642.0
3556 2605.0
3557 2605.0
3558 2605.0
3559 2605.0
3560 2605.0
3561 2605.0
3562 2605.0
3563 2605.0
3564 2605.0
3565 2605.0
3566 2605.0
3577 2565.0
3578 2565.0
3579 2565.0
3580 2565.0
3581 2565.0
3582 2565.0
3583 2565.0
3584 2565.0
3585 2565.0
3586 2565.0
3597 2564.0
3598 2564.0
3599 2546.0
3600 2546.0
3601 2546.0
3602 2546.0
3603 2546.0
3604 2546.0
3605 2546.0
3606 2546.0
3607 2546.0
3608 2546.0
3609 2546.0
3620 2564.0
3621 2564.0
3622 2564.0
3623 2564.0
3624 2514.0
3625 2514.0
3626 2514.0
3627 2514.0
3628 2514.0
3629 2514.0
3630 2514.0
3631 2514.0
3632 2514.0
3633 2514.0
3634 2514.0
3645 2605.0
3646 2605.0
3647 2605.0
3648 2605.0
3649 2605.0
3650 2605.0
3651 2605.0
3652 2605.0
3653 2605.0
3654 2605.0
3665 2604.0
3666 2604.0
3667 2604.0
3668 2604.0
3669 2604.0
3670 2604.0
3671 2604.0
3672 2604.0
3673 2604.0
3674 2557.0
3675 2557.0
3676 2557.0
3677 2526.0
3678 2526.0
3679 2526.0
3680 2526.0
3681 2526.0
3682 2526.0
3683 2526.0
3684 2526.0
3685 2526.0
3686 2526.0
3687 2526.0
3698 2529.0
3699 2529.0
3700 2529.0
3701 2529.0
3702 2529.0
3703 2529.0
3704 2526.0
3705 2526.0
3706 2526.0
3707 2526.0
3708 2526.0
3709 2526.0
3710 2526.0
3711 2526.0
3712 2526.0
3713 2526.0
3714 2526.0
3725 2642.0
3726 2642.0
3727 2642.0
3728 2642.0
3729 2642.0
3730 2621.0
3731 2621.0
3732 2621.0
3733 2621.0
3734 2621.0
3735 2621.0
3736 2621.0
3737 2621.0
3738 2621.0
3739 2621.0
3740 2540.0
3741 2540.0
3742 2540.0
3743 2540.0
3744 2540.0
3745 2540.0
3746 2514.0
3747 2514.0
3748 2514.0
3749 2514.0
3750 2514.0
3751 2514.0
3752 2514.0
3753 2514.0
3754 2514.0
3755 2514.0
3756 2514.0
3767 2632.0
3768 2632.0
3769 2632.0
3770 2632.0
3771 2632.0
3772 2632.0
3773 2586.0
3774 2586.0
3775 2586.0
3776 2586.0
3777 2586.0
3778 2586.0
3779 2586.0
3780 2557.0
3781 2557.0
3782 2557.0
3783 2557.0
3784 2557.0
3785 2557.0
3786 2557.0
3787 2557.0
3788 2557.0
3789 2557.0
3790 2557.0
3801 2661.0
3802 2642.0
3803 2642.0
3804 2642.0
3805 2642.0
3806 2642.0
3807 2642.0
3808 2642.0
3809 2642.0
3810 2514.0
3811 2514.0
3812 2514.0
3813 2514.0
3814 2514.0
3815 2514.0
3816 2514.0
3817 2514.0
3818 2514.0
3819 2514.0
3820 2514.0
3831 2664.0
3832 2664.0
3833 2646.0
3834 2646.0
3835 2646.0
3836 2646.0
3837 2646.0
3838 2646.0
3839 2646.0
3840 2586.0
3841 2586.0
3842 2586.0
3843 2586.0
3844 2586.0
3845 2564.0
3846 2564.0
3847 2564.0
3848 2564.0
3849 2564.0
3850 2564.0
3851 2564.0
3852 2564.0
3853 2564.0
3854 2564.0
3855 2564.0
3866 2634.0
3867 2634.0
3868 2634.0
3869 2634.0
3870 2634.0
3871 2634.0
3872 2634.0
3873 2565.0
3874 2565.0
3875 2526.0
3876 2526.0
3877 2526.0
3878 2526.0
3879 2526.0
3880 2526.0
3881 2526.0
3882 2526.0
3883 2526.0
3884 2526.0
3885 2526.0
3896 2584.0
3897 2584.0
3898 2584.0
3899 2584.0
3900 2584.0
3901 2584.0
3902 2584.0
3903 2584.0
3904 2584.0
3905 2584.0
3916 2529.0
3917 2529.0
3918 2529.0
3919 2529.0
3920 2529.0
3921 2529.0
3922 2529.0
3923 2529.0
3924 2529.0
3925 2529.0
3936 2646.0
3937 2646.0
3938 2632.0
3939 2632.0
3940 2632.0
3941 2632.0
3942 2632.0
3943 2632.0
3944 2632.0
3945 2632.0
3946 2632.0
3947 2632.0
3948 2632.0
3959 2586.0
3960 2565.0
3961 2565.0
3962 2565.0
3963 2565.0
3964 2565.0
3965 2565.0
3966 2565.0
3967 2565.0
3968 2565.0
3969 2564.0
3970 2564.0
3971 2564.0
3972 2564.0
3973 2564.0
3974 2564.0
3975 2564.0
3976 2564.0
3977 2564.0
3978 2564.0
3979 2564.0
3990 2634.0
3991 2634.0
3992 2634.0
3993 2634.0
3994 2634.0
3995 2634.0
3996 2557.0
3997 2557.0
3998 2557.0
3999 2557.0
4000 2557.0
4001 2557.0
4002 2557.0
4003 2557.0
4004 2557.0
4005 2557.0
4006 2557.0
4017 2546.0
4018 2546.0
4019 2546.0
4020 2546.0
4021 2546.0
4022 2546.0
4023 2546.0
4024 2546.0
4025 2546.0
4026 2546.0
4037 2514.0
4038 2514.0
4039 2514.0
4040 2514.0
4041 2514.0
4042 2514.0
4043 2514.0
4044 2514.0
4045 2514.0
4046 2514.0
4057 2564.0
4058 2564.0
4059 2564.0
4060 2564.0
4061 2564.0
4062 2564.0
4063 2564.0
4064 2564.0
4065 2564.0
4066 2564.0
4067 2564.0
4078 2490.0
4079 2490.0
4080 2490.0
4081 2490.0
4082 2490.0
4083 2490.0
4084 2490.0
4085 2490.0
4086 2490.0
4087 2490.0
4098 2490.0
4099 2490.0
4100 2490.0
4101 2490.0
4102 2490.0
4103 2490.0
4104 2490.0
4105 2490.0
4106 2490.0
4107 2490.0
4118 2605.0
4119 2605.0
4120 2605.0
4121 2605.0
4122 2605.0
4123 2605.0
4124 2605.0
4125 2605.0
4126 2605.0
4127 2605.0
4138 2565.0
4139 2565.0
4140 2565.0
4141 2564.0
4142 2564.0
4143 2564.0
4144 2564.0
4145 2564.0
4146 2538.0
4147 2538.0
4148 2538.0
4149 2538.0
4150 2538.0
4151 2538.0
4152 2538.0
4153 2538.0
4154 2538.0
4155 2538.0
4156 2538.0
4167 2546.0
4168 2546.0
4169 2546.0
4170 2546.0
4171 2490.0
4172 2490.0
4173 2490.0
4174 2490.0
4175 2490.0
4176 2490.0
4177 2490.0
4178 2490.0
4179 2490.0
4180 2490.0
4181 2490.0
4192 2605.0
4193 2605.0
4194 2605.0
4195 2605.0
4196 2605.0
4197 2605.0
4198 2605.0
4199 2605.0
4200 2605.0
4201 2586.0
4202 2586.0
4203 2586.0
4204 2586.0
4205 2586.0
4206 2586.0
4207 2586.0
4208 2586.0
4209 2586.0
4210 2586.0
4211 2586.0
4222 2526.0
4223 2526.0
4224 2526.0
4225 2526.0
4226 2526.0
4227 2526.0
4228 2526.0
4229 2526.0
4230 2526.0
4231 2526.0
4242 2557.0
4243 2557.0
4244 2557.0
4245 2557.0
4246 2557.0
4247 2557.0
4248 2557.0
4249 2557.0
4250 2557.0
4251 2557.0
4262 2606.0
4263 2606.0
4264 2606.0
4265 2606.0
4266 2606.0
4267 2606.0
4268 2606.0
4269 2606.0
4270 2606.0
4271 2606.0
4282 2490.0
4283 2490.0
4284 2490.0
4285 2490.0
4286 2490.0
4287 2490.0
4288 2490.0
4289 2490.0
4290 2490.0
4291 2490.0
4302 2586.0
4303 2586.0
4304 2586.0
4305 2586.0
4306 2586.0
4307 2586.0
4308 2586.0
4309 2586.0
4310 2586.0
4311 2586.0
4322 2605.0
4323 2605.0
4324 2605.0
4325 2605.0
4326 2605.0
4327 2605.0
4328 2605.0
4329 2605.0
4330 2605.0
4331 2605.0
4342 2632.0
4343 2632.0
4344 2632.0
4345 2632.0
4346 2632.0
4347 2632.0
4348 2632.0
4349 2632.0
4350 2632.0
4351 2632.0
4362 2540.0
4363 2540.0
4364 2540.0
4365 2540.0
4366 2540.0
4367 2540.0
4368 2540.0
4369 2540.0
4370 2540.0
4371 2540.0
4382 2621.0
4383 2621.0
4384 2584.0
4385 2584.0
4386 2564.0
4387 2564.0
4388 2564.0
4389 2564.0
4390 2514.0
4391 2514.0
4392 2514.0
4393 2514.0
4394 2514.0
4395 2514.0
4396 2514.0
4397 2514.0
4398 2514.0
4399 2514.0
4400 2514.0
4411 2564.0
4412 2564.0
4413 2564.0
4414 2564.0
4415 2564.0
4416 2564.0
4417 2564.0
4418 2564.0
4419 2564.0
4420 2564.0
4431 2526.0
4432 2526.0
4433 2526.0
4434 2526.0
4435 2526.0
4436 2526.0
4437 2526.0
4438 2526.0
4439 2526.0
4440 2526.0
4451 2557.0
4452 2557.0
4453 2557.0
4454 2557.0
4455 2557.0
4456 2557.0
4457 2526.0
4458 2526.0
4459 2526.0
4460 2526.0
4461 2526.0
4462 2526.0
4463 2526.0
4464 2526.0
4465 2526.0
4466 2526.0
4467 2526.0
4478 2546.0
4479 2546.0
4480 2546.0
4481 2546.0
4482 2546.0
4483 2546.0
4484 2546.0
4485 2546.0
4486 2546.0
4487 2546.0
4498 2557.0
4499 2557.0
4500 2557.0
4501 2557.0
4502 2557.0
4503 2557.0
4504 2557.0
4505 2557.0
4506 2557.0
4507 2557.0
4518 2540.0
4519 2540.0
4520 2540.0
4521 2540.0
4522 2540.0
4523 2540.0
4524 2540.0
4525 2540.0
4526 2540.0
4527 2540.0
4538 2646.0
4539 2646.0
4540 2490.0
4541 2490.0
4542 2490.0
4543 2490.0
4544 2490.0
4545 2490.0
4546 2490.0
4547 2490.0
4548 2490.0
4549 2490.0
4550 2490.0
4561 2604.0
4562 2604.0
4563 2604.0
4564 2604.0
4565 2604.0
4566 2604.0
4567 2604.0
4568 2604.0
4569 2604.0
4570 2604.0
4571 2604.0
4582 2642.0
4583 2642.0
4584 2642.0
4585 2584.0
4586 2584.0
4587 2584.0
4588 2584.0
4589 2584.0
4590 2584.0
4591 2584.0
4592 2584.0
4593 2584.0
4594 2584.0
4595 2584.0
4606 2526.0
4607 2526.0
4608 2526.0
4609 2526.0
4610 2526.0
4611 2526.0
4612 2526.0
4613 2526.0
4614 2526.0
4615 2526.0
4626 2632.0
4627 2605.0
4628 2605.0
4629 2605.0
4630 2605.0
4631 2605.0
4632 2605.0
4633 2605.0
4634 2605.0
4635 2605.0
4636 2605.0
4637 2605.0
4648 2564.0
4649 2564.0
4650 2564.0
4651 2564.0
4652 2564.0
4653 2564.0
4654 2564.0
4655 2564.0
4656 2564.0
4657 2564.0
4668 2621.0
4669 2621.0
4670 2621.0
4671 2621.0
4672 2621.0
4673 2526.0
4674 2526.0
4675 2526.0
4676 2526.0
4677 2526.0
4678 2526.0
4679 2526.0
4680 2526.0
4681 2526.0
4682 2526.0
4683 2526.0
4694 2490.0
4695 2490.0
4696 2490.0
4697 2490.0
4698 2490.0
4699 2490.0
4700 2490.0
4701 2490.0
4702 2490.0
4703 2490.0
4714 2584.0
4715 2584.0
4716 2584.0
4717 2584.0
4718 2584.0
4719 2584.0
4720 2584.0
4721 2584.0
4722 2584.0
4723 2584.0
4734 2953.0
4735 2953.0
4736 2953.0
4737 2953.0
4738 2953.0
4739 2953.0
4740 2953.0
4741 2953.0
4742 2953.0
4743 2953.0
4744 2953.0
4755 2973.0
4756 2973.0
4757 2973.0
4758 2973.0
4759 2973.0
4760 2689.0
4761 2689.0
4762 2689.0
4763 2689.0
4764 2673.0
4765 2673.0
4766 2673.0
4767 2673.0
4768 2673.0
4769 2673.0
4770 2673.0
4771 2673.0
4772 2673.0
4773 2638.0
4774 2638.0
4775 2638.0
4776 2638.0
4777 2638.0
4778 2638.0
4779 2638.0
4780 2638.0
4781 2638.0
4782 2638.0
4783 2638.0
4794 2631.0
4795 2631.0
4796 2631.0
4797 2631.0
4798 2631.0
4799 2631.0
4800 2631.0
4801 2631.0
4802 2631.0
4803 2631.0
4814 2600.0
4815 2600.0
4816 2600.0
4817 2564.0
4818 2564.0
4819 2564.0
4820 2564.0
4821 2564.0
4822 2564.0
4823 2564.0
4824 2564.0
4825 2564.0
4826 2564.0
4827 2564.0
4838 2603.0
4839 2603.0
4840 2603.0
4841 2603.0
4842 2603.0
4843 2603.0
4844 2603.0
4845 2603.0
4846 2603.0
4847 2603.0
4858 2735.0
4859 2735.0
4860 2735.0
4861 2735.0
4862 2735.0
4863 2735.0
4864 2735.0
4865 2735.0
4866 2735.0
4867 2735.0
4878 3072.0
4879 3072.0
4880 3048.0
4881 3048.0
4882 3048.0
4883 3048.0
4884 3048.0
4885 3048.0
4886 3048.0
4887 3048.0
4888 3048.0
4889 3048.0
4890 3048.0
4901 3034.0
4902 3034.0
4903 3034.0
4904 3034.0
4905 3034.0
4906 3034.0
4907 3034.0
4908 3034.0
4909 3034.0
4910 3034.0
4911 3034.0
4922 3129.0
4923 3129.0
4924 3129.0
4925 3129.0
4926 3129.0
4927 3129.0
4928 3129.0
4929 3129.0
4930 3129.0
4931 3129.0
4942 3035.0
4943 3035.0
4944 3035.0
4945 3031.0
4946 3031.0
4947 3031.0
4948 3031.0
4949 2784.0
4950 2784.0
4951 2784.0
4952 2784.0
4953 2784.0
4954 2784.0
4955 2784.0
4956 2784.0
4957 2784.0
4958 2784.0
4959 2784.0
4970 2878.0
4971 2878.0
4972 2878.0
4973 2878.0
4974 2878.0
4975 2878.0
4976 2860.0
4977 2860.0
4978 2860.0
4979 2860.0
4980 2860.0
4981 2860.0
4982 2860.0
4983 2860.0
4984 2860.0
4985 2860.0
4986 2860.0
4997 2658.0
4998 2658.0
4999 2658.0
