0 24753.0
1 24311.0
2 24311.0
3 24311.0
4 24311.0
5 24311.0
6 24311.0
7 24311.0
8 23443.0
9 23443.0
10 23443.0
11 23443.0
12 23227.0
13 23227.0
14 23227.0
15 23227.0
16 23227.0
17 23012.0
18 22798.0
19 22798.0
20 22798.0
21 22586.0
22 22164.0
23 22164.0
24 22164.0
25 22164.0
26 22164.0
27 22164.0
28 22164.0
29 22164.0
30 22164.0
31 22164.0
32 22164.0
43 21954.0
44 21954.0
45 21954.0
46 21954.0
47 21954.0
48 21954.0
49 21954.0
50 21954.0
51 21954.0
52 21954.0
63 15184.0
64 15014.0
65 15014.0
66 14918.0
67 14755.0
68 14755.0
69 14755.0
70 14755.0
71 14755.0
72 14755.0
73 14755.0
74 14755.0
75 14755.0
76 14755.0
77 14755.0
88 14099.0
89 14099.0
90 14099.0
91 14099.0
92 14099.0
93 14099.0
94 14099.0
95 14099.0
96 14099.0
97 14099.0
108 13297.0
109 13297.0
110 13297.0
111 13297.0
112 13297.0
113 13297.0
114 13297.0
115 13297.0
116 13297.0
117 13297.0
128 13139.0
129 13139.0
130 13139.0
131 13139.0
132 13139.0
133 13139.0
134 13139.0
135 13139.0
136 13139.0
137 13139.0
148 12982.0
149 12982.0
150 12982.0
151 12982.0
152 12982.0
153 12982.0
154 12982.0
155 12970.0
156 12970.0
157 12970.0
158 12970.0
159 12970.0
160 12970.0
161 12970.0
162 12970.0
163 12970.0
164 12970.0
165 12970.0
176 12826.0
177 12826.0
178 12826.0
179 11992.0
180 11992.0
181 11992.0
182 11992.0
183 11992.0
184 11992.0
185 11992.0
186 11992.0
187 11992.0
188 11992.0
189 11992.0
200 11612.0
201 11171.0
202 11118.0
203 11118.0
204 10947.0
205 10811.0
206 10681.0
207 10681.0
208 10681.0
209 10681.0
210 10681.0
211 10681.0
212 10681.0
213 10681.0
214 10681.0
215 10681.0
216 10681.0
227 11778.0
228 11778.0
229 11778.0
230 11778.0
231 11778.0
232 11778.0
233 11778.0
234 11778.0
235 11778.0
236 11778.0
247 10958.0
248 10958.0
249 10958.0
250 10958.0
251 10958.0
252 10958.0
253 6884.0
254 6805.0
255 6431.0
256 6431.0
257 6430.0
258 6430.0
259 6371.0
260 6371.0
261 6371.0
262 6371.0
263 6371.0
264 6371.0
265 6371.0
266 6371.0
267 6371.0
268 6193.0
269 6193.0
270 6193.0
271 6193.0
272 6193.0
273 6193.0
274 6193.0
275 6193.0
276 6193.0
277 6193.0
278 6193.0
289 6150.0
290 6150.0
291 6150.0
292 6150.0
293 6150.0
294 6150.0
295 6150.0
296 6150.0
297 6150.0
298 6150.0
299 6150.0
310 7639.0
311 7639.0
312 7639.0
313 7639.0
314 7231.0
315 7231.0
316 7231.0
317 7231.0
318 7231.0
319 7130.0
320 7130.0
321 7130.0
322 7130.0
323 7130.0
324 7130.0
325 7130.0
326 7130.0
327 7130.0
328 7130.0
329 7130.0
340 7058.0
341 7058.0
342 7020.0
343 7020.0
344 7020.0
345 7020.0
346 7020.0
347 7020.0
348 7020.0
349 7020.0
350 6994.0
351 6909.0
352 6909.0
353 6909.0
354 6909.0
355 6909.0
356 6909.0
357 6909.0
358 6909.0
359 6909.0
360 6909.0
361 6909.0
372 6891.0
373 6891.0
374 6891.0
375 6891.0
376 6891.0
377 6891.0
378 6891.0
379 6891.0
380 6691.0
381 6691.0
382 6691.0
383 6691.0
384 6691.0
385 6691.0
386 6691.0
387 6691.0
388 6691.0
389 6691.0
390 6691.0
401 7215.0
402 7215.0
403 7215.0
404 7215.0
405 7215.0
406 7215.0
407 7215.0
408 7215.0
409 7215.0
410 7215.0
421 6836.0
422 6836.0
423 6836.0
424 6836.0
425 6836.0
426 6836.0
427 6836.0
428 6836.0
429 6836.0
430 6836.0
431 6836.0
442 6097.0
443 6097.0
444 6097.0
445 6097.0
446 6097.0
447 6097.0
448 6097.0
449 6097.0
450 6097.0
451 6097.0
462 6189.0
463 6189.0
464 6189.0
465 6189.0
466 6189.0
467 6189.0
468 6189.0
469 6189.0
470 6189.0
471 6189.0
482 6131.0
483 6131.0
484 6131.0
485 6131.0
486 6131.0
487 6131.0
488 6131.0
489 6131.0
490 6131.0
491 6131.0
502 7383.0
503 7173.0
504 7106.0
505 7075.0
506 7016.0
507 7016.0
508 7016.0
509 7016.0
510 7016.0
511 7016.0
512 7016.0
513 7016.0
514 5846.0
515 5810.0
516 5765.0
517 5765.0
518 5425.0
519 5425.0
520 5385.0
521 5385.0
522 5385.0
523 5385.0
524 5385.0
525 5385.0
526 5385.0
527 5385.0
528 5385.0
529 5385.0
530 5385.0
541 5183.0
542 5100.0
543 5100.0
544 5100.0
545 5100.0
546 5100.0
547 5100.0
548 5100.0
549 5100.0
550 5100.0
551 5100.0
552 5100.0
563 5091.0
564 5091.0
565 5091.0
566 4623.0
567 4623.0
568 4623.0
569 4623.0
570 4623.0
571 4623.0
572 4623.0
573 4623.0
574 4623.0
575 4623.0
576 4623.0
587 3895.0
588 3099.0
589 3099.0
590 3099.0
591 3099.0
592 3070.0
593 3070.0
594 3070.0
595 3070.0
596 3070.0
597 3070.0
598 3070.0
599 3070.0
600 3070.0
601 3070.0
602 3070.0
613 3333.0
614 3333.0
615 3333.0
616 3157.0
617 3157.0
618 3157.0
619 3157.0
620 3157.0
621 3157.0
622 3157.0
623 3157.0
624 3055.0
625 3055.0
626 3055.0
627 3055.0
628 3055.0
629 3055.0
630 3055.0
631 3055.0
632 3055.0
633 3055.0
634 3055.0
645 3209.0
646 3209.0
647 3209.0
648 3209.0
649 3209.0
650 3209.0
651 3209.0
652 3195.0
653 3195.0
654 3195.0
655 3195.0
656 3195.0
657 3195.0
658 3195.0
659 3195.0
660 3195.0
661 3187.0
662 3187.0
663 3170.0
664 3170.0
665 3170.0
666 3170.0
667 3170.0
668 3145.0
669 3145.0
670 3145.0
671 3145.0
672 3145.0
673 3145.0
674 3145.0
675 3145.0
676 3145.0
677 3145.0
678 3145.0
689 3105.0
690 3105.0
691 3105.0
692 3105.0
693 3105.0
694 3105.0
695 3105.0
696 3105.0
697 3105.0
698 3105.0
709 3175.0
710 3031.0
711 3031.0
712 3031.0
713 3031.0
714 2997.0
715 2997.0
716 2997.0
717 2997.0
718 2997.0
719 2997.0
720 2997.0
721 2997.0
722 2997.0
723 2997.0
724 2997.0
735 3187.0
736 3187.0
737 3187.0
738 3187.0
739 3187.0
740 3187.0
741 3170.0
742 3170.0
743 3170.0
744 3170.0
745 3170.0
746 3170.0
747 3170.0
748 3170.0
749 3170.0
750 3170.0
751 3170.0
762 3105.0
763 3105.0
764 3105.0
765 3105.0
766 3105.0
767 3105.0
768 3105.0
769 3105.0
770 3105.0
771 3105.0
782 3181.0
783 3181.0
784 3181.0
785 3181.0
786 3181.0
787 3181.0
788 3181.0
789 3181.0
790 3181.0
791 3181.0
802 3182.0
803 3182.0
804 3181.0
805 3181.0
806 3181.0
807 3181.0
808 3144.0
809 3144.0
810 3144.0
811 3144.0
812 3144.0
813 3144.0
814 3144.0
815 3144.0
816 3144.0
817 3144.0
818 3144.0
829 3104.0
830 3104.0
831 3104.0
832 3104.0
833 3104.0
834 3104.0
835 3030.0
836 3030.0
837 3030.0
838 3030.0
839 3030.0
840 3030.0
841 3030.0
842 3030.0
843 3030.0
844 3030.0
845 3030.0
856 2991.0
857 2991.0
858 2991.0
859 2991.0
860 2991.0
861 2991.0
862 2991.0
863 2991.0
864 2991.0
865 2991.0
876 3206.0
877 3206.0
878 3181.0
879 3181.0
880 3181.0
881 3181.0
882 3181.0
883 3085.0
884 3085.0
885 3085.0
886 3085.0
887 2851.0
888 2851.0
889 2851.0
890 2851.0
891 2851.0
892 2851.0
893 2851.0
894 2851.0
895 2851.0
896 2851.0
897 2851.0
908 2814.0
909 2814.0
910 2814.0
911 2814.0
912 2814.0
913 2814.0
914 2814.0
915 2814.0
916 2814.0
917 2814.0
928 2829.0
929 2829.0
930 2829.0
931 2829.0
932 2829.0
933 2829.0
934 2829.0
935 2829.0
936 2829.0
937 2829.0
948 2797.0
949 2797.0
950 2797.0
951 2707.0
952 2707.0
953 2707.0
954 2707.0
955 2707.0
956 2627.0
957 2627.0
958 2627.0
959 2567.0
960 2567.0
961 2567.0
962 2567.0
963 2567.0
964 2567.0
965 2567.0
966 2567.0
967 2567.0
968 2567.0
969 2567.0
980 2567.0
981 2567.0
982 2567.0
983 2567.0
984 2567.0
985 2567.0
986 2567.0
987 2567.0
988 2567.0
989 2567.0
990 2567.0
1001 2420.0
1002 2420.0
1003 2420.0
1004 2420.0
1005 2420.0
1006 2420.0
1007 2420.0
1008 2420.0
1009 2420.0
1010 2420.0
1021 2609.0
1022 2609.0
1023 2609.0
1024 2609.0
1025 2609.0
1026 2609.0
1027 2609.0
1028 2609.0
1029 2609.0
1030 2609.0
1041 2643.0
1042 2585.0
1043 2585.0
1044 2474.0
1045 2474.0
1046 2474.0
1047 2474.0
1048 2474.0
1049 2474.0
1050 2474.0
1051 2474.0
1052 2474.0
1053 2420.0
1054 2420.0
1055 2420.0
1056 2420.0
1057 2420.0
1058 2420.0
1059 2420.0
1060 2420.0
1061 2420.0
1062 2420.0
1063 2420.0
1074 2987.0
1075 2935.0
1076 2935.0
1077 2935.0
1078 2935.0
1079 2935.0
1080 2935.0
1081 2935.0
1082 2935.0
1083 2935.0
1084 2935.0
1085 2935.0
1096 2941.0
1097 2941.0
1098 2941.0
1099 2941.0
1100 2941.0
1101 2941.0
1102 2941.0
1103 2941.0
1104 2889.0
1105 2889.0
1106 2889.0
1107 2889.0
1108 2889.0
1109 2749.0
1110 2749.0
1111 2749.0
1112 2749.0
1113 2749.0
1114 2749.0
1115 2749.0
1116 2749.0
1117 2749.0
1118 2749.0
1119 2749.0
1130 2692.0
1131 2692.0
1132 2692.0
1133 2692.0
1134 2692.0
1135 2692.0
1136 2692.0
1137 2692.0
1138 2692.0
1139 2692.0
1140 2692.0
1151 2644.0
1152 2644.0
1153 2644.0
1154 2644.0
1155 2644.0
1156 2644.0
1157 2644.0
1158 2644.0
1159 2644.0
1160 2644.0
1171 2636.0
1172 2636.0
1173 2636.0
1174 2580.0
1175 2580.0
1176 2580.0
1177 2580.0
1178 2580.0
1179 2580.0
1180 2580.0
1181 2580.0
1182 2580.0
1183 2580.0
1184 2580.0
1195 2736.0
1196 2736.0
1197 2736.0
1198 2736.0
1199 2580.0
1200 2580.0
1201 2580.0
1202 2580.0
1203 2580.0
1204 2580.0
1205 2580.0
1206 2580.0
1207 2580.0
1208 2580.0
1209 2580.0
1220 2670.0
1221 2670.0
1222 2670.0
1223 2670.0
1224 2670.0
1225 2670.0
1226 2670.0
1227 2670.0
1228 2670.0
1229 2670.0
1240 2669.0
1241 2669.0
1242 2669.0
1243 2669.0
1244 2669.0
1245 2669.0
1246 2669.0
1247 2669.0
1248 2669.0
1249 2669.0
1260 2686.0
1261 2670.0
1262 2670.0
1263 2670.0
1264 2670.0
1265 2670.0
1266 2670.0
1267 2580.0
1268 2580.0
1269 2580.0
1270 2580.0
1271 2577.0
1272 2577.0
1273 2577.0
1274 2577.0
1275 2577.0
1276 2577.0
1277 2577.0
1278 2577.0
1279 2577.0
1280 2577.0
1281 2577.0
1292 2633.0
1293 2633.0
1294 2633.0
1295 2633.0
1296 2633.0
1297 2633.0
1298 2633.0
1299 2633.0
1300 2633.0
1301 2633.0
1312 2675.0
1313 2613.0
1314 2596.0
1315 2596.0
1316 2596.0
1317 2596.0
1318 2596.0
1319 2596.0
1320 2596.0
1321 2596.0
1322 2596.0
1323 2596.0
1324 2468.0
1325 2468.0
1326 2468.0
1327 2468.0
1328 2468.0
1329 2468.0
1330 2432.0
1331 2432.0
1332 2432.0
1333 2432.0
1334 2432.0
1335 2432.0
1336 2432.0
1337 2432.0
1338 2432.0
1339 2432.0
1340 2432.0
1351 2432.0
1352 2432.0
1353 2432.0
1354 2432.0
1355 2432.0
1356 2432.0
1357 2432.0
1358 2432.0
1359 2432.0
1360 2432.0
1371 2521.0
1372 2521.0
1373 2521.0
1374 2521.0
1375 2521.0
1376 2521.0
1377 2521.0
1378 2521.0
1379 2521.0
1380 2521.0
1391 2560.0
1392 2560.0
1393 2560.0
1394 2560.0
1395 2560.0
1396 2560.0
1397 2560.0
1398 2560.0
1399 2560.0
1400 2526.0
1401 2526.0
1402 2526.0
1403 2526.0
1404 2526.0
1405 2526.0
1406 2526.0
1407 2526.0
1408 2526.0
1409 2526.0
1410 2526.0
1421 2482.0
1422 2482.0
1423 2482.0
1424 2482.0
1425 2482.0
1426 2482.0
1427 2482.0
1428 2482.0
1429 2482.0
1430 2482.0
1441 2398.0
1442 2398.0
1443 2398.0
1444 2398.0
1445 2398.0
1446 2398.0
1447 2398.0
1448 2398.0
1449 2398.0
1450 2398.0
1461 2525.0
1462 2456.0
1463 2456.0
1464 2456.0
1465 2456.0
1466 2456.0
1467 2456.0
1468 2456.0
1469 2456.0
1470 2456.0
1471 2456.0
1472 2456.0
1483 2468.0
1484 2468.0
1485 2468.0
1486 2468.0
1487 2468.0
1488 2468.0
1489 2468.0
1490 2468.0
1491 2468.0
1492 2468.0
1503 2456.0
1504 2456.0
1505 2456.0
1506 2456.0
1507 2456.0
1508 2456.0
1509 2456.0
1510 2456.0
1511 2456.0
1512 2456.0
1523 2488.0
1524 2488.0
1525 2488.0
1526 2488.0
1527 2488.0
1528 2488.0
1529 2488.0
1530 2488.0
1531 2488.0
1532 2488.0
1543 2398.0
1544 2398.0
1545 2398.0
1546 2398.0
1547 2398.0
1548 2398.0
1549 2398.0
1550 2398.0
1551 2398.0
1552 2398.0
1563 3048.0
1564 3048.0
1565 3048.0
1566 3048.0
1567 3038.0
1568 3038.0
1569 2912.0
1570 2912.0
1571 2912.0
1572 2780.0
1573 2780.0
1574 2780.0
1575 2780.0
1576 2508.0
1577 2508.0
1578 2508.0
1579 2508.0
1580 2508.0
1581 2508.0
1582 2508.0
1583 2508.0
1584 2508.0
1585 2508.0
1586 2508.0
1597 2480.0
1598 2480.0
1599 2480.0
1600 2480.0
1601 2480.0
1602 2480.0
1603 2480.0
1604 2480.0
1605 2480.0
1606 2480.0
1617 3067.0
1618 3067.0
1619 3067.0
1620 3067.0
1621 3067.0
1622 3067.0
1623 3067.0
1624 2961.0
1625 2961.0
1626 2961.0
1627 2961.0
1628 2961.0
1629 2961.0
1630 2961.0
1631 2961.0
1632 2961.0
1633 2961.0
1634 2961.0
1645 3285.0
1646 3285.0
1647 3280.0
1648 3261.0
1649 3261.0
1650 3261.0
1651 3261.0
1652 3261.0
1653 3261.0
1654 3261.0
1655 3261.0
1656 3261.0
1657 3261.0
1658 3261.0
1669 2938.0
1670 2938.0
1671 2938.0
1672 2938.0
1673 2938.0
1674 2938.0
1675 2938.0
1676 2938.0
1677 2938.0
1678 2915.0
1679 2915.0
1680 2915.0
1681 2915.0
1682 2915.0
1683 2915.0
1684 2915.0
1685 2915.0
1686 2915.0
1687 2915.0
1688 2915.0
1699 2766.0
1700 2766.0
1701 2766.0
1702 2766.0
1703 2766.0
1704 2766.0
1705 2766.0
1706 2766.0
1707 2766.0
1708 2766.0
1719 2748.0
1720 2748.0
1721 2748.0
1722 2748.0
1723 2748.0
1724 2748.0
1725 2748.0
1726 2748.0
1727 2748.0
1728 2748.0
1739 2783.0
1740 2783.0
1741 2783.0
1742 2783.0
1743 2778.0
1744 2778.0
1745 2778.0
1746 2778.0
1747 2778.0
1748 2778.0
1749 2778.0
1750 2778.0
1751 2778.0
1752 2778.0
1753 2778.0
1764 2712.0
1765 2712.0
1766 2712.0
1767 2712.0
1768 2712.0
1769 2712.0
1770 2712.0
1771 2712.0
1772 2712.0
1773 2712.0
1784 2800.0
1785 2800.0
1786 2287.0
1787 2287.0
1788 2287.0
1789 2287.0
1790 2287.0
1791 2287.0
1792 2287.0
1793 2287.0
1794 2287.0
1795 2287.0
1796 2287.0
1807 2895.0
1808 2895.0
1809 2895.0
1810 2895.0
1811 2895.0
1812 2895.0
1813 2895.0
1814 2895.0
1815 2895.0
1816 2866.0
1817 2866.0
1818 2866.0
1819 2866.0
1820 2866.0
1821 2866.0
1822 2719.0
1823 2650.0
1824 2650.0
1825 2650.0
1826 2650.0
1827 2650.0
1828 2650.0
1829 2650.0
1830 2650.0
1831 2650.0
1832 2650.0
1833 2650.0
1844 2652.0
1845 2652.0
1846 2652.0
1847 2652.0
1848 2652.0
1849 2652.0
1850 2652.0
1851 2652.0
1852 2652.0
1853 2652.0
1864 2661.0
1865 2661.0
1866 2661.0
1867 2661.0
1868 2661.0
1869 2661.0
1870 2661.0
1871 2661.0
1872 2661.0
1873 2661.0
1874 2661.0
1885 2695.0
1886 2695.0
1887 2695.0
1888 2668.0
1889 2668.0
1890 2668.0
1891 2593.0
1892 2593.0
1893 2593.0
1894 2593.0
1895 2593.0
1896 2593.0
1897 2593.0
1898 2593.0
1899 2593.0
1900 2593.0
1901 2593.0
1912 3100.0
1913 3100.0
1914 3100.0
1915 3100.0
1916 3100.0
1917 3100.0
1918 3078.0
1919 3078.0
1920 3078.0
1921 3078.0
1922 3078.0
1923 3078.0
1924 3078.0
1925 3078.0
1926 3078.0
1927 3078.0
1928 3078.0
1939 3031.0
1940 3031.0
1941 3031.0
1942 3031.0
1943 3031.0
1944 3031.0
1945 3031.0
1946 3031.0
1947 3031.0
1948 3031.0
1959 2588.0
1960 2588.0
1961 2588.0
1962 2588.0
1963 2588.0
1964 2588.0
1965 2588.0
1966 2588.0
1967 2588.0
1968 2588.0
1979 2608.0
1980 2608.0
1981 2608.0
1982 2594.0
1983 2594.0
1984 2594.0
1985 2594.0
1986 2534.0
1987 2534.0
1988 2534.0
1989 2534.0
1990 2534.0
1991 2534.0
1992 2534.0
1993 2534.0
1994 2534.0
1995 2534.0
1996 2534.0
2007 2460.0
2008 2460.0
2009 2460.0
2010 2460.0
2011 2460.0
2012 2460.0
2013 2460.0
2014 2460.0
2015 2460.0
2016 2460.0
2027 2592.0
2028 2592.0
2029 2592.0
2030 2592.0
2031 2592.0
2032 2592.0
2033 2592.0
2034 2592.0
2035 2592.0
2036 2592.0
2047 2601.0
2048 2601.0
2049 2601.0
2050 2601.0
2051 2601.0
2052 2601.0
2053 2601.0
2054 2601.0
2055 2601.0
2056 2601.0
2067 2577.0
2068 2577.0
2069 2577.0
2070 2577.0
2071 2577.0
2072 2495.0
2073 2495.0
2074 2495.0
2075 2495.0
2076 2495.0
2077 2495.0
2078 2495.0
2079 2495.0
2080 2495.0
2081 2495.0
2082 2495.0
2093 2617.0
2094 2617.0
2095 2617.0
2096 2617.0
2097 2617.0
2098 2617.0
2099 2617.0
2100 2617.0
2101 2617.0
2102 2617.0
2113 3482.0
2114 3482.0
2115 3482.0
2116 3482.0
2117 3355.0
2118 3355.0
2119 3355.0
2120 3355.0
2121 3355.0
2122 3355.0
2123 3355.0
2124 3355.0
2125 3355.0
2126 3355.0
2127 3355.0
2138 3418.0
2139 3418.0
2140 3418.0
2141 3418.0
2142 3418.0
2143 3418.0
2144 3418.0
2145 3418.0
2146 3418.0
2147 3418.0
2158 3394.0
2159 3394.0
2160 3394.0
2161 3394.0
2162 3394.0
2163 3394.0
2164 3394.0
2165 3394.0
2166 3394.0
2167 3394.0
2178 3455.0
2179 3455.0
2180 3455.0
2181 3455.0
2182 3455.0
2183 3455.0
2184 3455.0
2185 3455.0
2186 3455.0
2187 3455.0
2198 3293.0
2199 3293.0
2200 3293.0
2201 3293.0
2202 3293.0
2203 3293.0
2204 3293.0
2205 2555.0
2206 2555.0
2207 2555.0
2208 2555.0
2209 2555.0
2210 2555.0
2211 2555.0
2212 2555.0
2213 2555.0
2214 2555.0
2215 2555.0
2226 2515.0
2227 2515.0
2228 2515.0
2229 2515.0
2230 2515.0
2231 2515.0
2232 2515.0
2233 2515.0
2234 2515.0
2235 2515.0
2246 2488.0
2247 2488.0
2248 2488.0
2249 2488.0
2250 2488.0
2251 2488.0
2252 2488.0
2253 2445.0
2254 2445.0
2255 2445.0
2256 2445.0
2257 2445.0
2258 2445.0
2259 2445.0
2260 2445.0
2261 2445.0
2262 2445.0
2263 2445.0
2274 2493.0
2275 2470.0
2276 2470.0
2277 2470.0
2278 2470.0
2279 2470.0
2280 2470.0
2281 2470.0
2282 2470.0
2283 2470.0
2284 2470.0
2285 2470.0
2296 2528.0
2297 2528.0
2298 2509.0
2299 2509.0
2300 2509.0
2301 2509.0
2302 2509.0
2303 2509.0
2304 2509.0
2305 2509.0
2306 2509.0
2307 2490.0
2308 2490.0
2309 2490.0
2310 2490.0
2311 2490.0
2312 2490.0
2313 2490.0
2314 2490.0
2315 2490.0
2316 2490.0
2317 2490.0
2328 2497.0
2329 2497.0
2330 2418.0
2331 2418.0
2332 2418.0
2333 2418.0
2334 2418.0
2335 2418.0
2336 2418.0
2337 2418.0
2338 2418.0
2339 2418.0
2340 2418.0
2351 2446.0
2352 2446.0
2353 2446.0
2354 2446.0
2355 2446.0
2356 2446.0
2357 2446.0
2358 2446.0
2359 2446.0
2360 2446.0
2371 2418.0
2372 2418.0
2373 2418.0
2374 2418.0
2375 2418.0
2376 2418.0
2377 2418.0
2378 2418.0
2379 2418.0
2380 2418.0
2391 2486.0
2392 2486.0
2393 2486.0
2394 2486.0
2395 2486.0
2396 2458.0
2397 2458.0
2398 2458.0
2399 2458.0
2400 2458.0
2401 2458.0
2402 2458.0
2403 2458.0
2404 2458.0
2405 2458.0
2406 2458.0
2417 2446.0
2418 2446.0
2419 2446.0
2420 2446.0
2421 2446.0
2422 2446.0
2423 2446.0
2424 2446.0
2425 2446.0
2426 2446.0
2427 2446.0
2438 2527.0
2439 2527.0
2440 2527.0
2441 2527.0
2442 2527.0
2443 2527.0
2444 2527.0
2445 2527.0
2446 2527.0
2447 2527.0
2458 2493.0
2459 2469.0
2460 2469.0
2461 2469.0
2462 2469.0
2463 2469.0
2464 2469.0
2465 2469.0
2466 2469.0
2467 2469.0
2468 2469.0
2469 2469.0
2480 2519.0
2481 2485.0
2482 2485.0
2483 2485.0
2484 2485.0
2485 2485.0
2486 2485.0
2487 2485.0
2488 2485.0
2489 2485.0
2490 2485.0
2491 2485.0
2502 2485.0
2503 2485.0
2504 2485.0
2505 2485.0
2506 2485.0
2507 2485.0
2508 2485.0
2509 2485.0
2510 2485.0
2511 2485.0
2522 2495.0
2523 2495.0
2524 2485.0
2525 2485.0
2526 2485.0
2527 2485.0
2528 2485.0
2529 2485.0
2530 2485.0
2531 2485.0
2532 2485.0
2533 2485.0
2534 2485.0
2545 2507.0
2546 2507.0
2547 2507.0
2548 2507.0
2549 2507.0
2550 2507.0
2551 2507.0
2552 2507.0
2553 2507.0
2554 2507.0
2565 2337.0
2566 2337.0
2567 2337.0
2568 2337.0
2569 2337.0
2570 2337.0
2571 2337.0
2572 2337.0
2573 2337.0
2574 2337.0
2575 2337.0
2586 2331.0
2587 2331.0
2588 2331.0
2589 2331.0
2590 2331.0
2591 2331.0
2592 2331.0
2593 2331.0
2594 2331.0
2595 2301.0
2596 2301.0
2597 2301.0
2598 2301.0
2599 2301.0
2600 2301.0
2601 2301.0
2602 2301.0
2603 2255.0
2604 2255.0
2605 2255.0
2606 2255.0
2607 2255.0
2608 2255.0
2609 2255.0
2610 2255.0
2611 2255.0
2612 2255.0
2613 2255.0
2624 2315.0
2625 2315.0
2626 2315.0
2627 2315.0
2628 2315.0
2629 2315.0
2630 2315.0
2631 2315.0
2632 2315.0
2633 2315.0
2644 2445.0
2645 2445.0
2646 2445.0
2647 2410.0
2648 2410.0
2649 2406.0
2650 2406.0
2651 2406.0
2652 2406.0
2653 2406.0
2654 2375.0
2655 2375.0
2656 2375.0
2657 2375.0
2658 2352.0
2659 2352.0
2660 2352.0
2661 2331.0
2662 2331.0
2663 2331.0
2664 2331.0
2665 2331.0
2666 2331.0
2667 2331.0
2668 2331.0
2669 2331.0
2670 2331.0
2671 2331.0
2682 2331.0
2683 2331.0
2684 2331.0
2685 2331.0
2686 2331.0
2687 2331.0
2688 2331.0
2689 2331.0
2690 2331.0
2691 2331.0
2692 2331.0
2703 2352.0
2704 2352.0
2705 2352.0
2706 2352.0
2707 2352.0
2708 2352.0
2709 2352.0
2710 2352.0
2711 2352.0
2712 2352.0
2723 2363.0
2724 2363.0
2725 2351.0
2726 2351.0
2727 2351.0
2728 2351.0
2729 2351.0
2730 2351.0
2731 2351.0
2732 2351.0
2733 2351.0
2734 2351.0
2735 2351.0
2746 2303.0
2747 2303.0
2748 2303.0
2749 2303.0
2750 2303.0
2751 2303.0
2752 2303.0
2753 2303.0
2754 2303.0
2755 2303.0
2756 2303.0
2767 2301.0
2768 2301.0
2769 2301.0
2770 2301.0
2771 2301.0
2772 2301.0
2773 2301.0
2774 2301.0
2775 2301.0
2776 2301.0
2787 2331.0
2788 2331.0
2789 2331.0
2790 2331.0
2791 2331.0
2792 2331.0
2793 2331.0
2794 2331.0
2795 2331.0
2796 2331.0
2807 2375.0
2808 2375.0
2809 2375.0
2810 2313.0
2811 2313.0
2812 2313.0
2813 2313.0
2814 2313.0
2815 2313.0
2816 2313.0
2817 2313.0
2818 2313.0
2819 2313.0
2820 2313.0
2831 2268.0
2832 2268.0
2833 2268.0
2834 2268.0
2835 2268.0
2836 2268.0
2837 2268.0
2838 2268.0
2839 2268.0
2840 2268.0
2851 2224.0
2852 2224.0
2853 2099.0
2854 2099.0
2855 2099.0
2856 2099.0
2857 2099.0
2858 2099.0
2859 2099.0
2860 2099.0
2861 2099.0
2862 2099.0
2863 2099.0
2874 2323.0
2875 2323.0
2876 2323.0
2877 2323.0
2878 2323.0
2879 2323.0
2880 2323.0
2881 2323.0
2882 2323.0
2883 2323.0
2894 2297.0
2895 2297.0
2896 2297.0
2897 2297.0
2898 2297.0
2899 2297.0
2900 2297.0
2901 2297.0
2902 2297.0
2903 2195.0
2904 2195.0
2905 2195.0
2906 2195.0
2907 2195.0
2908 2195.0
2909 2195.0
2910 2195.0
2911 2195.0
2912 2195.0
2913 2195.0
2924 2300.0
2925 2195.0
2926 2195.0
2927 2195.0
2928 2195.0
2929 2195.0
2930 2195.0
2931 2195.0
2932 2195.0
2933 2195.0
2934 2195.0
2935 2195.0
2946 2360.0
2947 2360.0
2948 2360.0
2949 2324.0
2950 2324.0
2951 2324.0
2952 2324.0
2953 2324.0
2954 2324.0
2955 2324.0
2956 2324.0
2957 2324.0
2958 2324.0
2959 2324.0
2970 2195.0
2971 2195.0
2972 2195.0
2973 2195.0
2974 2195.0
2975 2195.0
2976 2195.0
2977 2195.0
2978 2195.0
2979 2195.0
2980 2195.0
2991 2323.0
2992 2323.0
2993 2317.0
2994 2317.0
2995 2287.0
2996 2287.0
2997 2287.0
2998 2287.0
2999 2287.0
3000 2287.0
3001 2287.0
3002 2287.0
3003 2287.0
3004 2287.0
3005 2287.0
3016 2239.0
3017 2239.0
3018 2239.0
3019 2239.0
3020 2239.0
3021 2239.0
3022 2239.0
3023 2239.0
3024 2239.0
3025 2239.0
3036 2355.0
3037 2355.0
3038 2355.0
3039 2355.0
3040 2355.0
3041 2355.0
3042 2355.0
3043 2255.0
3044 2255.0
3045 2255.0
3046 2255.0
3047 2255.0
3048 2255.0
3049 2255.0
3050 2255.0
3051 2255.0
3052 2255.0
3053 2255.0
3064 2303.0
3065 2303.0
3066 2303.0
3067 2303.0
3068 2303.0
3069 2303.0
3070 2303.0
3071 2303.0
3072 2303.0
3073 2303.0
3084 2303.0
3085 2303.0
3086 2303.0
3087 2303.0
3088 2303.0
3089 2303.0
3090 2303.0
3091 2303.0
3092 2300.0
3093 2300.0
3094 2300.0
3095 2300.0
3096 2300.0
3097 2300.0
3098 2287.0
3099 2287.0
3100 2287.0
3101 2287.0
3102 2287.0
3103 2287.0
3104 2287.0
3105 2287.0
3106 2287.0
3107 2287.0
3108 2287.0
3119 2360.0
3120 2360.0
3121 2360.0
3122 2360.0
3123 2360.0
3124 2360.0
3125 2360.0
3126 2360.0
3127 2323.0
3128 2323.0
3129 2323.0
3130 2323.0
3131 2323.0
3132 2323.0
3133 2323.0
3134 2323.0
3135 2323.0
3136 2323.0
3137 2323.0
3148 2299.0
3149 2299.0
3150 2299.0
3151 2299.0
3152 2299.0
3153 2299.0
3154 2299.0
3155 2299.0
3156 2299.0
3157 2299.0
3168 2299.0
3169 2299.0
3170 2299.0
3171 2299.0
3172 2299.0
3173 2299.0
3174 2299.0
3175 2299.0
3176 2299.0
3177 2299.0
3188 2287.0
3189 2287.0
3190 2287.0
3191 2255.0
3192 2255.0
3193 2255.0
3194 2255.0
3195 2255.0
3196 2255.0
3197 2255.0
3198 2255.0
3199 2255.0
3200 2255.0
3201 2255.0
3212 2323.0
3213 2323.0
3214 2323.0
3215 2323.0
3216 2323.0
3217 2323.0
3218 2323.0
3219 2323.0
3220 2323.0
3221 2323.0
3222 2323.0
3233 2297.0
3234 2297.0
3235 2297.0
3236 2255.0
3237 2255.0
3238 2255.0
3239 2255.0
3240 2255.0
3241 2255.0
3242 2255.0
3243 2255.0
3244 2255.0
3245 2255.0
3246 2255.0
3257 2299.0
3258 2239.0
3259 2239.0
3260 2239.0
3261 2239.0
3262 2239.0
3263 2239.0
3264 2239.0
3265 2239.0
3266 2239.0
3267 2239.0
3268 2239.0
3279 2224.0
3280 2224.0
3281 2224.0
3282 2224.0
3283 2224.0
3284 2224.0
3285 2224.0
3286 2224.0
3287 2224.0
3288 2224.0
3299 2288.0
3300 2288.0
3301 2288.0
3302 2288.0
3303 2288.0
3304 2288.0
3305 2288.0
3306 2288.0
3307 2288.0
3308 2288.0
3319 2317.0
3320 2317.0
3321 2317.0
3322 2317.0
3323 2317.0
3324 2317.0
3325 2317.0
3326 2317.0
3327 2317.0
3328 2317.0
3339 2336.0
3340 2224.0
3341 2224.0
3342 2224.0
3343 2224.0
3344 2224.0
3345 2224.0
3346 2224.0
3347 2224.0
3348 2224.0
3349 2224.0
3350 2224.0
3361 2224.0
3362 2224.0
3363 2224.0
3364 2224.0
3365 2224.0
3366 2224.0
3367 2224.0
3368 2224.0
3369 2224.0
3370 2224.0
3381 2239.0
3382 2239.0
3383 2239.0
3384 2239.0
3385 2239.0
3386 2239.0
3387 2239.0
3388 2239.0
3389 2239.0
3390 2239.0
3401 2288.0
3402 2288.0
3403 2288.0
3404 2288.0
3405 2288.0
3406 2288.0
3407 2288.0
3408 2288.0
3409 2288.0
3410 2288.0
3421 2299.0
3422 2255.0
3423 2255.0
3424 2255.0
3425 2195.0
3426 2195.0
3427 2195.0
3428 2195.0
3429 2195.0
3430 2195.0
3431 2195.0
3432 2195.0
3433 2195.0
3434 2195.0
3435 2195.0
3446 2323.0
3447 2323.0
3448 2323.0
3449 2323.0
3450 2323.0
3451 2323.0
3452 2323.0
3453 2224.0
3454 2224.0
3455 2224.0
3456 2224.0
3457 2224.0
3458 2224.0
3459 2224.0
3460 2224.0
3461 2224.0
3462 2224.0
3463 2224.0
3474 2195.0
3475 2195.0
3476 2195.0
3477 2195.0
3478 2195.0
3479 2195.0
3480 2195.0
3481 2195.0
3482 2195.0
3483 2195.0
3494 2297.0
3495 2297.0
3496 2297.0
3497 2297.0
3498 2297.0
3499 2297.0
3500 2297.0
3501 2297.0
3502 2224.0
3503 2224.0
3504 2224.0
3505 2224.0
3506 2224.0
3507 2224.0
3508 2224.0
3509 2224.0
3510 2224.0
3511 2224.0
3512 2224.0
3523 2288.0
3524 2288.0
3525 2288.0
3526 2288.0
3527 2288.0
3528 2288.0
3529 2288.0
3530 2288.0
3531 2288.0
3532 2288.0
3543 2355.0
3544 2297.0
3545 2297.0
3546 2297.0
3547 2297.0
3548 2297.0
3549 2297.0
3550 2297.0
3551 2297.0
3552 2297.0
3553 2297.0
3554 2297.0
3565 2300.0
3566 2300.0
3567 2300.0
3568 2252.0
3569 2252.0
3570 2252.0
3571 2252.0
3572 2252.0
3573 2252.0
3574 2252.0
3575 2252.0
3576 2252.0
3577 2252.0
3578 2252.0
3589 2336.0
3590 2336.0
3591 2336.0
3592 2299.0
3593 2299.0
3594 2299.0
3595 2299.0
3596 2299.0
3597 2299.0
3598 2195.0
3599 2195.0
3600 2195.0
3601 2195.0
3602 2195.0
3603 2195.0
3604 2195.0
3605 2195.0
3606 2195.0
3607 2195.0
3608 2195.0
3619 2224.0
3620 2224.0
3621 2224.0
3622 2224.0
3623 2224.0
3624 2224.0
3625 2224.0
3626 2224.0
3627 2224.0
3628 2224.0
3639 2323.0
3640 2252.0
3641 2252.0
3642 2252.0
3643 2252.0
3644 2252.0
3645 2195.0
3646 2195.0
3647 2195.0
3648 2195.0
3649 2195.0
3650 2195.0
3651 2195.0
3652 2195.0
3653 2195.0
3654 2195.0
3655 2195.0
3666 2297.0
3667 2297.0
3668 2297.0
3669 2297.0
3670 2297.0
3671 2297.0
3672 2297.0
3673 2224.0
3674 2224.0
3675 2224.0
3676 2224.0
3677 2224.0
3678 2224.0
3679 2224.0
3680 2224.0
3681 2224.0
3682 2224.0
3683 2224.0
3694 2347.0
3695 2347.0
3696 2347.0
3697 2347.0
3698 2347.0
3699 2347.0
3700 2347.0
3701 2347.0
3702 2347.0
3703 2347.0
3714 2347.0
3715 2347.0
3716 2347.0
3717 2347.0
3718 2347.0
3719 2347.0
3720 2347.0
3721 2347.0
3722 2347.0
3723 2347.0
3734 2297.0
3735 2297.0
3736 2297.0
3737 2297.0
3738 2297.0
3739 2297.0
3740 2297.0
3741 2297.0
3742 2297.0
3743 2297.0
3754 2336.0
3755 2336.0
3756 2336.0
3757 2336.0
3758 2336.0
3759 2336.0
3760 2336.0
3761 2336.0
3762 2336.0
3763 2336.0
3774 2239.0
3775 2239.0
3776 2239.0
3777 2239.0
3778 2239.0
3779 2239.0
3780 2239.0
3781 2239.0
3782 2239.0
3783 2239.0
3784 2239.0
3795 2253.0
3796 2253.0
3797 2253.0
3798 2253.0
3799 2253.0
3800 2253.0
3801 2253.0
3802 2253.0
3803 2253.0
3804 2224.0
3805 2224.0
3806 2224.0
3807 2224.0
3808 2224.0
3809 2224.0
3810 2224.0
3811 2224.0
3812 2224.0
3813 2224.0
3814 2224.0
3825 2348.0
3826 2348.0
3827 2348.0
3828 2348.0
3829 2348.0
3830 2299.0
3831 2299.0
3832 2299.0
3833 2299.0
3834 2288.0
3835 2288.0
3836 2288.0
3837 2288.0
3838 2288.0
3839 2288.0
3840 2224.0
3841 2224.0
3842 2224.0
3843 2224.0
3844 2224.0
3845 2224.0
3846 2224.0
3847 2224.0
3848 2224.0
3849 2224.0
3850 2224.0
3861 2224.0
3862 2224.0
3863 2224.0
3864 2195.0
3865 2195.0
3866 2195.0
3867 2195.0
3868 2195.0
3869 2195.0
3870 2195.0
3871 2195.0
3872 2195.0
3873 2195.0
3874 2195.0
3885 2323.0
3886 2323.0
3887 2323.0
3888 2323.0
3889 2287.0
3890 2287.0
3891 2287.0
3892 2287.0
3893 2287.0
3894 2287.0
3895 2287.0
3896 2287.0
3897 2287.0
3898 2287.0
3899 2287.0
3910 2317.0
3911 2317.0
3912 2317.0
3913 2317.0
3914 2195.0
3915 2195.0
3916 2195.0
3917 2195.0
3918 2195.0
3919 2195.0
3920 2195.0
3921 2195.0
3922 2195.0
3923 2195.0
3924 2195.0
3935 2224.0
3936 2224.0
3937 2224.0
3938 2224.0
3939 2224.0
3940 2224.0
3941 2224.0
3942 2224.0
3943 2224.0
3944 2224.0
3955 2347.0
3956 2347.0
3957 2347.0
3958 2315.0
3959 2099.0
3960 2099.0
3961 2099.0
3962 2099.0
3963 2099.0
3964 2099.0
3965 2099.0
3966 2099.0
3967 2099.0
3968 2099.0
3969 2099.0
3980 2363.0
3981 2363.0
3982 2360.0
3983 2360.0
3984 2360.0
3985 2360.0
3986 2360.0
3987 2359.0
3988 2359.0
3989 2359.0
3990 2359.0
3991 2359.0
3992 2359.0
3993 2359.0
3994 2359.0
3995 2359.0
3996 2359.0
3997 2359.0
4008 2324.0
4009 2288.0
4010 2288.0
4011 2288.0
4012 2288.0
4013 2288.0
4014 2288.0
4015 2288.0
4016 2288.0
4017 2288.0
4018 2288.0
4019 2288.0
4030 2790.0
4031 2783.0
4032 2783.0
4033 2783.0
4034 2783.0
4035 2741.0
4036 2357.0
4037 2357.0
4038 2339.0
4039 2337.0
4040 2337.0
4041 2337.0
4042 2337.0
4043 2337.0
4044 2337.0
4045 2337.0
4046 2307.0
4047 2307.0
4048 2259.0
4049 2259.0
4050 2259.0
4051 2259.0
4052 2259.0
4053 2259.0
4054 2259.0
4055 2259.0
4056 2259.0
4057 2259.0
4058 2259.0
4069 3068.0
4070 3068.0
4071 3068.0
4072 2948.0
4073 2948.0
4074 2948.0
4075 2948.0
4076 2948.0
4077 2948.0
4078 2948.0
4079 2948.0
4080 2948.0
4081 2948.0
4082 2948.0
4093 2734.0
4094 2700.0
4095 2632.0
4096 2632.0
4097 2632.0
4098 2632.0
4099 2632.0
4100 2632.0
4101 2632.0
4102 2632.0
4103 2632.0
4104 2632.0
4105 2632.0
4116 2620.0
4117 2620.0
4118 2620.0
4119 2620.0
4120 2620.0
4121 2620.0
4122 2620.0
4123 2620.0
4124 2620.0
4125 2620.0
4136 2757.0
4137 2757.0
4138 2757.0
4139 2757.0
4140 2757.0
4141 2655.0
4142 2655.0
4143 2655.0
4144 2655.0
4145 2655.0
4146 2655.0
4147 2655.0
4148 2655.0
4149 2655.0
4150 2655.0
4151 2655.0
4162 2727.0
4163 2727.0
4164 2727.0
4165 2529.0
4166 2529.0
4167 2529.0
4168 2529.0
4169 2529.0
4170 2529.0
4171 2529.0
4172 2529.0
4173 2529.0
4174 2529.0
4175 2529.0
4186 2688.0
4187 2688.0
4188 2688.0
4189 2688.0
4190 2688.0
4191 2688.0
4192 2688.0
4193 2688.0
4194 2664.0
4195 2664.0
4196 2664.0
4197 2664.0
4198 2664.0
4199 2664.0
4200 2664.0
4201 2664.0
4202 2664.0
4203 2664.0
4204 2664.0
4215 3297.0
4216 3297.0
4217 3297.0
4218 3297.0
4219 3297.0
4220 3297.0
4221 3297.0
4222 3297.0
4223 3297.0
4224 3297.0
4235 3296.0
4236 3296.0
4237 3296.0
4238 3296.0
4239 3296.0
4240 3296.0
4241 3296.0
4242 3296.0
4243 3296.0
4244 3296.0
4255 2921.0
4256 2921.0
4257 2921.0
4258 2921.0
4259 2921.0
4260 2921.0
4261 2790.0
4262 2790.0
4263 2790.0
4264 2790.0
4265 2790.0
4266 2790.0
4267 2790.0
4268 2790.0
4269 2790.0
4270 2790.0
4271 2790.0
4282 2679.0
4283 2679.0
4284 2679.0
4285 2679.0
4286 2679.0
4287 2679.0
4288 2679.0
4289 2679.0
4290 2679.0
4291 2679.0
4302 2739.0
4303 2739.0
4304 2739.0
4305 2739.0
4306 2739.0
4307 2679.0
4308 2679.0
4309 2679.0
4310 2679.0
4311 2679.0
4312 2679.0
4313 2679.0
4314 2679.0
4315 2679.0
4316 2647.0
4317 2647.0
4318 2647.0
4319 2647.0
4320 2647.0
4321 2647.0
4322 2647.0
4323 2647.0
4324 2647.0
4325 2647.0
4326 2647.0
4337 3811.0
4338 3811.0
4339 3811.0
4340 3811.0
4341 3167.0
4342 3167.0
4343 3167.0
4344 3133.0
4345 3133.0
4346 3133.0
4347 3060.0
4348 3060.0
4349 3060.0
4350 3060.0
4351 3060.0
4352 3060.0
4353 3060.0
4354 3060.0
4355 3060.0
4356 3060.0
4357 3060.0
4368 3152.0
4369 3152.0
4370 3152.0
4371 3152.0
4372 3152.0
4373 3152.0
4374 3152.0
4375 3152.0
4376 3152.0
4377 3152.0
4388 3247.0
4389 3247.0
4390 3247.0
4391 3247.0
4392 3247.0
4393 3247.0
4394 3247.0
4395 3247.0
4396 3247.0
4397 3247.0
4408 3255.0
4409 3255.0
4410 3255.0
4411 3255.0
4412 3255.0
4413 3255.0
4414 3255.0
4415 2933.0
4416 2933.0
4417 2933.0
4418 2933.0
4419 2933.0
4420 2933.0
4421 2933.0
4422 2933.0
4423 2933.0
4424 2933.0
4425 2927.0
4426 2927.0
4427 2919.0
4428 2919.0
4429 2919.0
4430 2919.0
4431 2919.0
4432 2919.0
4433 2876.0
4434 2876.0
4435 2876.0
4436 2876.0
4437 2876.0
4438 2725.0
4439 2725.0
4440 2725.0
4441 2725.0
4442 2725.0
4443 2725.0
4444 2725.0
4445 2725.0
4446 2725.0
4447 2725.0
4448 2725.0
4459 3156.0
4460 3156.0
4461 3156.0
4462 3156.0
4463 3156.0
4464 3156.0
4465 3156.0
4466 3156.0
4467 3153.0
4468 3153.0
4469 3153.0
4470 3153.0
4471 3153.0
4472 3153.0
4473 3153.0
4474 3153.0
4475 3153.0
4476 3153.0
4477 3153.0
4488 3199.0
4489 3199.0
4490 3175.0
4491 3175.0
4492 3175.0
4493 3175.0
4494 3175.0
4495 3175.0
4496 3175.0
4497 3175.0
4498 3175.0
4499 3175.0
4500 3175.0
4511 3141.0
4512 3141.0
4513 3141.0
4514 3113.0
4515 3113.0
4516 3113.0
4517 3113.0
4518 3113.0
4519 3113.0
4520 3113.0
4521 3113.0
4522 3113.0
4523 3113.0
4524 3113.0
4535 3136.0
4536 3136.0
4537 3136.0
4538 3136.0
4539 3136.0
4540 3136.0
4541 3136.0
4542 3136.0
4543 3136.0
4544 3136.0
4555 3149.0
4556 3149.0
4557 3149.0
4558 3149.0
4559 3149.0
4560 3149.0
4561 3149.0
4562 3149.0
4563 3021.0
4564 3021.0
4565 3021.0
4566 3021.0
4567 3021.0
4568 3021.0
4569 3021.0
4570 3021.0
4571 3021.0
4572 3021.0
4573 3021.0
4584 2910.0
4585 2910.0
4586 2910.0
4587 2910.0
4588 2910.0
4589 2838.0
4590 2838.0
4591 2838.0
4592 2838.0
4593 2729.0
4594 2729.0
4595 2729.0
4596 2719.0
4597 2719.0
4598 2719.0
4599 2719.0
4600 2719.0
4601 2718.0
4602 2718.0
4603 2718.0
4604 2650.0
4605 2650.0
4606 2650.0
4607 2638.0
4608 2638.0
4609 2638.0
4610 2638.0
4611 2638.0
4612 2638.0
4613 2638.0
4614 2638.0
4615 2638.0
4616 2638.0
4617 2638.0
4628 2658.0
4629 2658.0
4630 2658.0
4631 2658.0
4632 2658.0
4633 2658.0
4634 2658.0
4635 2658.0
4636 2658.0
4637 2658.0
4648 2638.0
4649 2638.0
4650 2638.0
4651 2638.0
4652 2638.0
4653 2638.0
4654 2638.0
4655 2638.0
4656 2638.0
4657 2638.0
4658 2638.0
4669 2701.0
4670 2701.0
4671 2701.0
4672 2701.0
4673 2701.0
4674 2701.0
4675 2701.0
4676 2701.0
4677 2606.0
4678 2606.0
4679 2606.0
4680 2606.0
4681 2606.0
4682 2606.0
4683 2606.0
4684 2606.0
4685 2606.0
4686 2606.0
4687 2606.0
4698 2685.0
4699 2685.0
4700 2685.0
4701 2685.0
4702 2685.0
4703 2685.0
4704 2685.0
4705 2685.0
4706 2685.0
4707 2685.0
4708 2685.0
4719 2638.0
4720 2638.0
4721 2638.0
4722 2638.0
4723 2638.0
4724 2638.0
4725 2638.0
4726 2638.0
4727 2638.0
4728 2638.0
4739 3036.0
4740 3036.0
4741 3036.0
4742 3036.0
4743 3036.0
4744 3036.0
4745 3036.0
4746 3036.0
4747 3036.0
4748 3036.0
4759 3016.0
4760 3010.0
4761 3010.0
4762 3010.0
4763 3010.0
4764 3010.0
4765 3010.0
4766 3010.0
4767 3010.0
4768 3010.0
4769 3010.0
4770 3010.0
4781 3010.0
4782 3010.0
4783 3010.0
4784 3010.0
4785 3010.0
4786 3010.0
4787 3010.0
4788 3010.0
4789 3010.0
4790 3010.0
4801 2702.0
4802 2702.0
4803 2702.0
4804 2702.0
4805 2702.0
4806 2673.0
4807 2673.0
4808 2673.0
4809 2673.0
4810 2673.0
4811 2673.0
4812 2667.0
4813 2667.0
4814 2667.0
4815 2667.0
4816 2667.0
4817 2650.0
4818 2650.0
4819 2650.0
4820 2650.0
4821 2650.0
4822 2650.0
4823 2650.0
4824 2650.0
4825 2650.0
4826 2650.0
4827 2650.0
4838 2711.0
4839 2711.0
4840 2711.0
4841 2711.0
4842 2711.0
4843 2711.0
4844 2711.0
4845 2711.0
4846 2711.0
4847 2711.0
4858 2631.0
4859 2631.0
4860 2631.0
4861 2631.0
4862 2631.0
4863 2631.0
4864 2631.0
4865 2631.0
4866 2631.0
4867 2631.0
4878 2616.0
4879 2616.0
4880 2616.0
4881 2616.0
4882 2616.0
4883 2616.0
4884 2616.0
4885 2616.0
4886 2616.0
4887 2616.0
4898 2673.0
4899 2673.0
4900 2673.0
4901 2673.0
4902 2673.0
4903 2673.0
4904 2673.0
4905 2673.0
4906 2673.0
4907 2660.0
4908 2660.0
4909 2660.0
4910 2660.0
4911 2660.0
4912 2660.0
4913 2660.0
4914 2660.0
4915 2660.0
4916 2660.0
4917 2660.0
4928 2631.0
4929 2631.0
4930 2631.0
4931 2631.0
4932 2631.0
4933 2631.0
4934 2631.0
4935 2631.0
4936 2631.0
4937 2631.0
4938 2631.0
4949 2668.0
4950 2668.0
4951 2668.0
4952 2648.0
4953 2648.0
4954 2648.0
4955 2648.0
4956 2648.0
4957 2648.0
4958 2648.0
4959 2648.0
4960 2648.0
4961 2648.0
4962 2648.0
4973 2702.0
4974 2702.0
4975 2702.0
4976 2702.0
4977 2702.0
4978 2702.0
4979 2702.0
4980 2702.0
4981 2702.0
4982 2702.0
4993 2667.0
4994 2667.0
4995 2667.0
4996 2667.0
4997 2667.0
4998 2667.0
4999 2667.0
