0 24753.0
1 24753.0
2 24753.0
3 24531.0
4 24531.0
5 24531.0
6 24531.0
7 24531.0
8 24531.0
9 24531.0
10 24531.0
11 24531.0
12 24531.0
13 24531.0
14 24531.0
15 24310.0
16 24310.0
17 24310.0
18 24310.0
19 24090.0
20 24090.0
21 24090.0
22 24090.0
23 24090.0
24 24090.0
25 24090.0
26 24090.0
27 24090.0
28 24090.0
29 24090.0
30 24090.0
31 24090.0
32 24090.0
33 24090.0
34 24090.0
35 24090.0
36 24090.0
37 24090.0
38 23871.0
39 23871.0
40 23871.0
41 23871.0
42 23871.0
43 23871.0
44 23871.0
45 23871.0
46 23871.0
47 23871.0
48 23871.0
49 23871.0
50 23871.0
51 23871.0
52 23871.0
53 23653.0
54 23653.0
55 23653.0
56 23653.0
57 23653.0
58 23653.0
59 23653.0
60 23653.0
61 23653.0
62 23653.0
63 23653.0
64 23653.0
65 23653.0
66 23653.0
67 23653.0
68 23653.0
69 23653.0
70 23653.0
71 23653.0
72 23653.0
73 23437.0
74 23437.0
75 23437.0
76 23437.0
77 23437.0
78 23437.0
79 23437.0
80 23221.0
81 23221.0
82 23221.0
83 23221.0
84 23221.0
85 23006.0
86 23006.0
87 23006.0
88 23006.0
89 23006.0
90 23006.0
91 23006.0
92 23006.0
93 23006.0
94 22370.0
95 22370.0
96 22370.0
97 22370.0
98 22370.0
99 21949.0
100 21741.0
101 21741.0
102 21533.0
103 21125.0
104 21125.0
105 20717.0
106 20717.0
107 20717.0
108 20717.0
109 20717.0
110 20313.0
111 20313.0
112 20313.0
113 20112.0
114 20112.0
115 20112.0
116 20112.0
117 20112.0
118 20112.0
119 20112.0
120 20112.0
121 19518.0
122 19518.0
123 19328.0
124 19328.0
125 19328.0
126 19328.0
127 19328.0
128 19328.0
129 19328.0
130 19132.0
131 19132.0
132 19132.0
133 18940.0
134 18940.0
135 18940.0
136 18746.0
137 18746.0
138 18746.0
139 18746.0
140 18554.0
141 18554.0
142 18554.0
143 18554.0
144 18554.0
145 18554.0
146 18554.0
147 18554.0
148 18554.0
149 18554.0
150 18554.0
151 18554.0
152 18554.0
153 18554.0
154 18554.0
155 18554.0
156 18554.0
157 18554.0
158 18554.0
159 18554.0
160 18554.0
161 18554.0
162 18554.0
163 18554.0
164 18554.0
165 18554.0
166 18554.0
167 18363.0
168 18174.0
169 18174.0
170 18174.0
171 18174.0
172 18174.0
173 18174.0
174 18174.0
175 18174.0
176 18174.0
177 18174.0
178 18174.0
179 18174.0
180 18174.0
181 18174.0
182 18174.0
183 18174.0
184 18174.0
185 18174.0
186 17984.0
187 17984.0
188 17984.0
189 17984.0
190 17984.0
191 17064.0
192 16724.0
193 16724.0
194 16563.0
195 16227.0
196 16227.0
197 16227.0
198 16227.0
199 16227.0
200 16227.0
201 16227.0
202 16227.0
203 16227.0
204 16227.0
205 16227.0
206 16227.0
207 16227.0
208 16227.0
209 16227.0
210 16227.0
211 16227.0
212 16227.0
213 16227.0
214 16227.0
215 16227.0
216 16227.0
217 16227.0
218 16227.0
219 16227.0
220 16227.0
221 16227.0
222 16227.0
223 16227.0
224 16227.0
225 16227.0
226 16227.0
227 16048.0
228 15871.0
229 15871.0
230 15871.0
231 15871.0
232 15871.0
233 15871.0
234 15871.0
235 15871.0
236 15871.0
237 15871.0
238 15871.0
239 15871.0
240 15871.0
241 15870.0
242 15706.0
243 15706.0
244 15706.0
245 15531.0
246 14843.0
247 14797.0
248 14797.0
249 14797.0
250 14797.0
251 14797.0
252 14797.0
253 14797.0
254 14797.0
255 14797.0
256 14797.0
257 14797.0
258 14797.0
259 14797.0
260 14797.0
261 14797.0
262 14797.0
263 14797.0
264 14797.0
265 14797.0
266 14797.0
267 14797.0
268 14797.0
269 14797.0
270 14797.0
271 14797.0
272 14797.0
273 14797.0
274 14797.0
275 14797.0
276 14797.0
277 14797.0
278 14797.0
279 14797.0
280 14797.0
281 14797.0
282 14797.0
283 14797.0
284 14627.0
285 14627.0
286 14627.0
287 14627.0
288 14627.0
289 14627.0
290 14627.0
291 14293.0
292 14293.0
293 14293.0
294 13641.0
295 13641.0
296 13641.0
297 13641.0
298 13641.0
299 13641.0
300 13641.0
301 13641.0
302 13641.0
303 13641.0
304 13641.0
305 13641.0
306 13641.0
307 13641.0
308 13641.0
309 13641.0
310 13641.0
311 13641.0
312 13641.0
313 13641.0
314 13641.0
315 13641.0
316 13641.0
317 13641.0
318 13641.0
319 13641.0
320 13641.0
321 13641.0
322 13641.0
323 13641.0
324 13641.0
325 13641.0
326 13641.0
327 13641.0
328 13641.0
329 13641.0
330 13641.0
331 13641.0
332 13641.0
333 13641.0
334 13641.0
335 13641.0
336 13641.0
337 13641.0
338 13641.0
339 13641.0
340 13641.0
341 13641.0
342 13641.0
343 13641.0
344 13641.0
345 13641.0
346 13641.0
347 13641.0
348 13641.0
349 13641.0
350 13641.0
351 13641.0
352 13641.0
353 13641.0
354 13641.0
355 13641.0
356 13641.0
357 13641.0
358 13641.0
359 13641.0
360 13641.0
361 13641.0
362 13641.0
363 13641.0
364 13641.0
365 13641.0
366 13641.0
367 13641.0
368 13641.0
369 13641.0
370 13641.0
371 13641.0
372 13641.0
373 13641.0
374 13641.0
375 13641.0
376 13641.0
377 13641.0
378 13505.0
379 13505.0
380 13505.0
381 13505.0
382 13505.0
383 13343.0
384 13343.0
385 13343.0
386 13343.0
387 13343.0
388 13343.0
389 13343.0
390 13343.0
391 13343.0
392 13343.0
393 13343.0
394 13343.0
395 13343.0
396 13343.0
397 13343.0
398 13343.0
399 13184.0
400 13184.0
401 13184.0
402 13184.0
403 13184.0
404 13184.0
405 13184.0
406 13184.0
407 13184.0
408 13025.0
409 12914.0
410 12908.0
411 12797.0
412 12797.0
413 12797.0
414 12797.0
415 12797.0
416 12797.0
417 12797.0
418 12797.0
419 12797.0
420 12797.0
421 12797.0
422 12032.0
423 12032.0
424 12032.0
425 12032.0
426 12032.0
427 12032.0
428 12032.0
429 11898.0
430 11036.0
431 11036.0
432 11035.0
433 10905.0
434 10905.0
435 10905.0
436 10792.0
437 10792.0
438 10756.0
439 10756.0
440 10745.0
441 10745.0
442 10602.0
443 10602.0
444 10602.0
445 10602.0
446 10602.0
447 10602.0
448 10602.0
449 10602.0
450 10602.0
451 10602.0
452 10602.0
453 10602.0
454 10602.0
455 10460.0
456 10460.0
457 10460.0
458 10460.0
459 10460.0
460 10460.0
461 10460.0
462 10460.0
463 10460.0
464 10460.0
465 10460.0
466 10460.0
467 10460.0
468 10333.0
469 10333.0
470 10333.0
471 10333.0
472 10333.0
473 10333.0
474 10333.0
475 10328.0
476 10328.0
477 10328.0
478 10328.0
479 10328.0
480 10328.0
481 10328.0
482 10328.0
483 10328.0
484 10328.0
485 10328.0
486 10328.0
487 10328.0
488 10328.0
489 10328.0
490 10191.0
491 10191.0
492 10191.0
493 10191.0
494 10191.0
495 10191.0
496 10191.0
497 10191.0
498 10191.0
499 10191.0
500 10191.0
501 10191.0
502 10056.0
503 9828.0
504 9828.0
505 9695.0
506 9695.0
507 9695.0
508 9695.0
509 9695.0
510 9695.0
511 9695.0
512 9695.0
513 9695.0
514 9695.0
515 9695.0
516 9695.0
517 9695.0
518 9695.0
519 9695.0
520 9695.0
521 9695.0
522 9695.0
523 9695.0
524 9695.0
525 9695.0
526 9695.0
527 9695.0
528 9695.0
529 9695.0
530 9695.0
531 9695.0
532 9695.0
533 9695.0
534 9695.0
535 9695.0
536 9695.0
537 9695.0
538 9695.0
539 9695.0
540 9695.0
541 9695.0
542 9695.0
543 9695.0
544 9695.0
545 9695.0
546 9695.0
547 9695.0
548 9695.0
549 9695.0
550 9695.0
551 9695.0
552 9695.0
553 9695.0
554 9685.0
555 9685.0
556 9685.0
557 9685.0
558 9685.0
559 9685.0
560 9685.0
561 9685.0
562 9685.0
563 9685.0
564 9654.0
565 9654.0
566 9654.0
567 9654.0
568 9654.0
569 9654.0
570 9654.0
571 9654.0
572 9654.0
573 9654.0
574 9654.0
575 9654.0
576 9654.0
577 9654.0
578 9654.0
579 9584.0
580 9584.0
581 9584.0
582 9584.0
583 9584.0
584 9584.0
585 9584.0
586 9584.0
587 9584.0
588 9584.0
589 9584.0
590 9440.0
591 9440.0
592 9440.0
593 9440.0
594 9440.0
595 9440.0
596 9440.0
597 9440.0
598 9440.0
599 9440.0
600 9440.0
601 9440.0
602 9440.0
603 9440.0
604 9440.0
605 9440.0
606 9440.0
607 9440.0
608 9440.0
609 9308.0
610 9308.0
611 9308.0
612 9308.0
613 9308.0
614 9308.0
615 9308.0
616 9308.0
617 9308.0
618 9308.0
619 9308.0
620 9308.0
621 9045.0
622 9045.0
623 9045.0
624 9045.0
625 9045.0
626 9045.0
627 9045.0
628 9045.0
629 9045.0
630 9045.0
631 9045.0
632 9045.0
633 9045.0
634 9045.0
635 9045.0
636 9045.0
637 9045.0
638 9045.0
639 9045.0
640 9045.0
641 9045.0
642 9045.0
643 9045.0
644 9045.0
645 9045.0
646 9045.0
647 9045.0
648 9045.0
649 9045.0
650 9045.0
651 9045.0
652 9045.0
653 9045.0
654 9045.0
655 9045.0
656 9045.0
657 9045.0
658 9045.0
659 9045.0
660 9045.0
661 9045.0
662 9045.0
663 9045.0
664 9045.0
665 9045.0
666 9045.0
667 9045.0
668 9045.0
669 9045.0
670 9045.0
671 9045.0
672 9045.0
673 9045.0
674 9045.0
675 9045.0
676 9045.0
677 9045.0
678 9045.0
679 9045.0
680 9045.0
681 9045.0
682 9045.0
683 9045.0
684 8972.0
685 8972.0
686 8972.0
687 8972.0
688 8972.0
689 8972.0
690 8972.0
691 8845.0
692 8845.0
693 8845.0
694 8845.0
695 8845.0
696 8845.0
697 8845.0
698 8845.0
699 8845.0
700 8845.0
701 8845.0
702 8845.0
703 8845.0
704 8845.0
705 8845.0
706 8716.0
707 8716.0
708 8716.0
709 8716.0
710 8716.0
711 8716.0
712 8716.0
713 8716.0
714 8716.0
715 8716.0
716 8716.0
717 8716.0
718 8716.0
719 8716.0
720 8716.0
721 8716.0
722 8716.0
723 8716.0
724 8716.0
725 8716.0
726 8716.0
727 8716.0
728 8716.0
729 8716.0
730 8716.0
731 8716.0
732 8716.0
733 8716.0
734 8716.0
735 8716.0
736 8716.0
737 8716.0
738 8716.0
739 8716.0
740 8615.0
741 8615.0
742 8615.0
743 8615.0
744 8615.0
745 8615.0
746 8615.0
747 8615.0
748 8615.0
749 8615.0
750 8615.0
751 8615.0
752 8615.0
753 8615.0
754 8615.0
755 8615.0
756 8615.0
757 8615.0
758 8615.0
759 8615.0
760 8615.0
761 8615.0
762 8615.0
763 8615.0
764 8615.0
765 8615.0
766 8615.0
767 8615.0
768 8615.0
769 8615.0
770 8615.0
771 8615.0
772 8615.0
773 8615.0
774 8615.0
775 8615.0
776 8615.0
777 8615.0
778 8615.0
779 8615.0
780 8615.0
781 8615.0
782 8615.0
783 8615.0
784 8615.0
785 8615.0
786 8615.0
787 8615.0
788 8615.0
789 8615.0
790 8615.0
791 8615.0
792 8615.0
793 8615.0
794 8615.0
795 8615.0
796 8615.0
797 8615.0
798 8615.0
799 8615.0
800 8615.0
801 8615.0
802 8615.0
803 8615.0
804 8615.0
805 8615.0
806 8615.0
807 8615.0
808 8615.0
809 8615.0
810 8615.0
811 8615.0
812 8615.0
813 8615.0
814 8615.0
815 8615.0
816 8615.0
817 8615.0
818 8615.0
819 8615.0
820 8615.0
821 8615.0
822 8615.0
823 8615.0
824 8615.0
825 8615.0
826 8615.0
827 8615.0
828 8615.0
829 8615.0
830 8615.0
831 8615.0
832 8615.0
833 8615.0
834 8615.0
835 8615.0
836 8615.0
837 8615.0
838 8615.0
839 8615.0
840 8615.0
841 8615.0
842 8615.0
843 8615.0
844 8615.0
845 8615.0
846 8615.0
847 8615.0
848 8615.0
849 8615.0
850 8615.0
851 8615.0
852 8615.0
853 8615.0
854 8615.0
855 8615.0
856 8615.0
857 8615.0
858 8615.0
859 8615.0
860 8615.0
861 8615.0
862 8615.0
863 8615.0
864 8615.0
865 8615.0
866 8615.0
867 8615.0
868 8615.0
869 8615.0
870 8615.0
871 8615.0
872 8131.0
873 8117.0
874 8116.0
875 8005.0
876 7901.0
877 7901.0
878 7901.0
879 7901.0
880 7901.0
881 7901.0
882 7901.0
883 7901.0
884 7901.0
885 7901.0
886 7901.0
887 7901.0
888 7901.0
889 7901.0
890 7901.0
891 7901.0
892 7901.0
893 7901.0
894 7901.0
895 7901.0
896 7901.0
897 7901.0
898 7901.0
899 7901.0
900 7901.0
901 7901.0
902 7901.0
903 7901.0
904 7901.0
905 7901.0
906 7901.0
907 7901.0
908 7901.0
909 7901.0
910 7901.0
911 7901.0
912 7901.0
913 7901.0
914 7901.0
915 7901.0
916 7901.0
917 7901.0
918 7901.0
919 7901.0
920 7901.0
921 7901.0
922 7901.0
923 7901.0
924 7901.0
925 7901.0
926 7901.0
927 7901.0
928 7901.0
929 7901.0
930 7901.0
931 7901.0
932 7901.0
933 7901.0
934 7901.0
935 7901.0
936 7901.0
937 7901.0
938 7901.0
939 7901.0
940 7901.0
941 7901.0
942 7901.0
943 7901.0
944 7901.0
945 7901.0
946 7901.0
947 7901.0
948 7901.0
949 7901.0
950 7901.0
951 7901.0
952 7901.0
953 7901.0
954 7901.0
955 7901.0
956 7901.0
957 7901.0
958 7901.0
959 7901.0
960 7901.0
961 7901.0
962 7901.0
963 7901.0
964 7901.0
965 7901.0
966 7901.0
967 7901.0
968 7901.0
969 7901.0
970 7901.0
971 7901.0
972 7901.0
973 7901.0
974 7901.0
975 7901.0
976 7901.0
977 7901.0
978 7901.0
979 7901.0
980 7901.0
981 7901.0
982 7901.0
983 7901.0
984 7901.0
985 7901.0
986 7901.0
987 7901.0
988 7901.0
989 7901.0
990 7901.0
991 7901.0
992 7901.0
993 7901.0
994 7901.0
995 7901.0
996 7901.0
997 7901.0
998 7901.0
999 7901.0
1000 7901.0
1001 7901.0
1002 7901.0
1003 7901.0
1004 7901.0
1005 7901.0
1006 7901.0
1007 7901.0
1008 7901.0
1009 7901.0
1010 7901.0
1011 7901.0
1012 7901.0
1013 7901.0
1014 7901.0
1015 7901.0
1016 7901.0
1017 7901.0
1018 7901.0
1019 7901.0
1020 7901.0
1021 7867.0
1022 7867.0
1023 7867.0
1024 7867.0
1025 7867.0
1026 7867.0
1027 7867.0
1028 7867.0
1029 7867.0
1030 7867.0
1031 7867.0
1032 7867.0
1033 7867.0
1034 7867.0
1035 7867.0
1036 7867.0
1037 7867.0
1038 7867.0
1039 7867.0
1040 7867.0
1041 7867.0
1042 7867.0
1043 7867.0
1044 7867.0
1045 7867.0
1046 7867.0
1047 7867.0
1048 7867.0
1049 7867.0
1050 7867.0
1051 7867.0
1052 7867.0
1053 7867.0
1054 7867.0
1055 7867.0
1056 7867.0
1057 7867.0
1058 7867.0
1059 7867.0
1060 7867.0
1061 7867.0
1062 7867.0
1063 7867.0
1064 7867.0
1065 7867.0
1066 7867.0
1067 7867.0
1068 7867.0
1069 7867.0
1070 7867.0
1071 7867.0
1072 7867.0
1073 7867.0
1074 7867.0
1075 7867.0
1076 7867.0
1077 7867.0
1078 7867.0
1079 7867.0
1080 7867.0
1081 7867.0
1082 7867.0
1083 7867.0
1084 7867.0
1085 7867.0
1086 7867.0
1087 7867.0
1088 7867.0
1089 7867.0
1090 7867.0
1091 7867.0
1092 7867.0
1093 7867.0
1094 7867.0
1095 7867.0
1096 7867.0
1097 7867.0
1098 7867.0
1099 7867.0
1100 7867.0
1101 7867.0
1102 7867.0
1103 7867.0
1104 7867.0
1105 7867.0
1106 7867.0
1107 7867.0
1108 7867.0
1109 7867.0
1110 7779.0
1111 7779.0
1112 7779.0
1113 7779.0
1114 7779.0
1115 7779.0
1116 7779.0
1117 7779.0
1118 7779.0
1119 7779.0
1120 7779.0
1121 7779.0
1122 7779.0
1123 7779.0
1124 7779.0
1125 7779.0
1126 7779.0
1127 7779.0
1128 7779.0
1129 7779.0
1130 7779.0
1131 7779.0
1132 7779.0
1133 7779.0
1134 7779.0
1135 7779.0
1136 7779.0
1137 7779.0
1138 7779.0
1139 7779.0
1140 7779.0
1141 7779.0
1142 7779.0
1143 7779.0
1144 7779.0
1145 7779.0
1146 7779.0
1147 7779.0
1148 7779.0
1149 7779.0
1150 7779.0
1151 7779.0
1152 7779.0
1153 7779.0
1154 7779.0
1155 7779.0
1156 7779.0
1157 7779.0
1158 7779.0
1159 7779.0
1160 7779.0
1161 7779.0
1162 7779.0
1163 7779.0
1164 7779.0
1165 7779.0
1166 7651.0
1167 7572.0
1168 7572.0
1169 7572.0
1170 7572.0
1171 7572.0
1172 7572.0
1173 7572.0
1174 7572.0
1175 7572.0
1176 7572.0
1177 7572.0
1178 7572.0
1179 7572.0
1180 7572.0
1181 7572.0
1182 7572.0
1183 7572.0
1184 7572.0
1185 7572.0
1186 7572.0
1187 7572.0
1188 7572.0
1189 7572.0
1190 7572.0
1191 7572.0
1192 7572.0
1193 7572.0
1194 7572.0
1195 7572.0
1196 7572.0
1197 7572.0
1198 7572.0
1199 7572.0
1200 7572.0
1201 7572.0
1202 7572.0
1203 7572.0
1204 7572.0
1205 7572.0
1206 7572.0
1207 7572.0
1208 7572.0
1209 6907.0
1210 6855.0
1211 6787.0
1212 6787.0
1213 6767.0
1214 6767.0
1215 6716.0
1216 6674.0
1217 6674.0
1218 6674.0
1219 6674.0
1220 6674.0
1221 6674.0
1222 6674.0
1223 6674.0
1224 6674.0
1225 6674.0
1226 6674.0
1227 6674.0
1228 6674.0
1229 6674.0
1230 6674.0
1231 6674.0
1232 6674.0
1233 6674.0
1234 6674.0
1235 6674.0
1236 6674.0
1237 6674.0
1238 6674.0
1239 6674.0
1240 6674.0
1241 6674.0
1242 6674.0
1243 6674.0
1244 6674.0
1245 6674.0
1246 6674.0
1247 6674.0
1248 6674.0
1249 6674.0
1250 6674.0
1251 6674.0
1252 6674.0
1253 6674.0
1254 6674.0
1255 6674.0
1256 6674.0
1257 6674.0
1258 6674.0
1259 6674.0
1260 6674.0
1261 6674.0
1262 6674.0
1263 6674.0
1264 6674.0
1265 6674.0
1266 6674.0
1267 6674.0
1268 6674.0
1269 6674.0
1270 6674.0
1271 6674.0
1272 6674.0
1273 6674.0
1274 6674.0
1275 6674.0
1276 6674.0
1277 6674.0
1278 6674.0
1279 6674.0
1280 6674.0
1281 6674.0
1282 6674.0
1283 6674.0
1284 6654.0
1285 6602.0
1286 6602.0
1287 6561.0
1288 6561.0
1289 6561.0
1290 6561.0
1291 6561.0
1292 6561.0
1293 6561.0
1294 6561.0
1295 6561.0
1296 6561.0
1297 6561.0
1298 6561.0
1299 6561.0
1300 6561.0
1301 6561.0
1302 6456.0
1303 6456.0
1304 6456.0
1305 6456.0
1306 6456.0
1307 6456.0
1308 6456.0
1309 6456.0
1310 6456.0
1311 6456.0
1312 6456.0
1313 6456.0
1314 6456.0
1315 6456.0
1316 6456.0
1317 6456.0
1318 6456.0
1319 6456.0
1320 6456.0
1321 6352.0
1322 6352.0
1323 6352.0
1324 6352.0
1325 6352.0
1326 6352.0
1327 6352.0
1328 6352.0
1329 6352.0
1330 6352.0
1331 6352.0
1332 6352.0
1333 6352.0
1334 6352.0
1335 6352.0
1336 6352.0
1337 6352.0
1338 6352.0
1339 6352.0
1340 6352.0
1341 6352.0
1342 6352.0
1343 6352.0
1344 6352.0
1345 6352.0
1346 6352.0
1347 6352.0
1348 6352.0
1349 6352.0
1350 6352.0
1351 6352.0
1352 6352.0
1353 6352.0
1354 6352.0
1355 6352.0
1356 6352.0
1357 6352.0
1358 6352.0
1359 6352.0
1360 6352.0
1361 6352.0
1362 6352.0
1363 6352.0
1364 6352.0
1365 6352.0
1366 6352.0
1367 6352.0
1368 6352.0
1369 6352.0
1370 6250.0
1371 6250.0
1372 6250.0
1373 6250.0
1374 6250.0
1375 6250.0
1376 6250.0
1377 6250.0
1378 6250.0
1379 6250.0
1380 6250.0
1381 6250.0
1382 6250.0
1383 6250.0
1384 6250.0
1385 6250.0
1386 6250.0
1387 6250.0
1388 6250.0
1389 6250.0
1390 6250.0
1391 6250.0
1392 6148.0
1393 6148.0
1394 6148.0
1395 6148.0
1396 6148.0
1397 6148.0
1398 6148.0
1399 6148.0
1400 6148.0
1401 6148.0
1402 6148.0
1403 6148.0
1404 6148.0
1405 6148.0
1406 6148.0
1407 6148.0
1408 6148.0
1409 6148.0
1410 6148.0
1411 6148.0
1412 6148.0
1413 6148.0
1414 6148.0
1415 6148.0
1416 6148.0
1417 6148.0
1418 6148.0
1419 6148.0
1420 6148.0
1421 6148.0
1422 6148.0
1423 6148.0
1424 6148.0
1425 6148.0
1426 6148.0
1427 6148.0
1428 6148.0
1429 6148.0
1430 6148.0
1431 6148.0
1432 6148.0
1433 6148.0
1434 6148.0
1435 6148.0
1436 6148.0
1437 6148.0
1438 6148.0
1439 6148.0
1440 6148.0
1441 6148.0
1442 6148.0
1443 6148.0
1444 6148.0
1445 6148.0
1446 6148.0
1447 6148.0
1448 6148.0
1449 6148.0
1450 6148.0
1451 6148.0
1452 6148.0
1453 6148.0
1454 6148.0
1455 6148.0
1456 6148.0
1457 6148.0
1458 6148.0
1459 6148.0
1460 6148.0
1461 6148.0
1462 6148.0
1463 6148.0
1464 6091.0
1465 6091.0
1466 6091.0
1467 6091.0
1468 6091.0
1469 5991.0
1470 5991.0
1471 5991.0
1472 5991.0
1473 5991.0
1474 5991.0
1475 5991.0
1476 5991.0
1477 5991.0
1478 5991.0
1479 5991.0
1480 5991.0
1481 5991.0
1482 5991.0
1483 5991.0
1484 5991.0
1485 5991.0
1486 5991.0
1487 5991.0
1488 5991.0
1489 5991.0
1490 5991.0
1491 5991.0
1492 5991.0
1493 5991.0
1494 5991.0
1495 5991.0
1496 5991.0
1497 5991.0
1498 5991.0
1499 5991.0
1500 5991.0
1501 5991.0
1502 5991.0
1503 5991.0
1504 5991.0
1505 5991.0
1506 5991.0
1507 5991.0
1508 5991.0
1509 5991.0
1510 5991.0
1511 5991.0
1512 5991.0
1513 5991.0
1514 5991.0
1515 5991.0
1516 5991.0
1517 5991.0
1518 5991.0
1519 5927.0
1520 5927.0
1521 5927.0
1522 5927.0
1523 5921.0
1524 5921.0
1525 5921.0
1526 5921.0
1527 5921.0
1528 5921.0
1529 5921.0
1530 5921.0
1531 5921.0
1532 5921.0
1533 5037.0
1534 5037.0
1535 4970.0
1536 4970.0
1537 4960.0
1538 4960.0
1539 4960.0
1540 4960.0
1541 4960.0
1542 4874.0
1543 4874.0
1544 4874.0
1545 4874.0
1546 4874.0
1547 4874.0
1548 4874.0
1549 4874.0
1550 4874.0
1551 4874.0
1552 4874.0
1553 4874.0
1554 4874.0
1555 4874.0
1556 4874.0
1557 4874.0
1558 4550.0
1559 4550.0
1560 4550.0
1561 4550.0
1562 4550.0
1563 4550.0
1564 4550.0
1565 4550.0
1566 4550.0
1567 4550.0
1568 4550.0
1569 4550.0
1570 4550.0
1571 4550.0
1572 4550.0
1573 4550.0
1574 4550.0
1575 4550.0
1576 4550.0
1577 4550.0
1578 4550.0
1579 4550.0
1580 4550.0
1581 4550.0
1582 4550.0
1583 4550.0
1584 4550.0
1585 4550.0
1586 4550.0
1587 4550.0
1588 4550.0
1589 4550.0
1590 4550.0
1591 4550.0
1592 4550.0
1593 4550.0
1594 4550.0
1595 4550.0
1596 4550.0
1597 4488.0
1598 4488.0
1599 4488.0
1600 4488.0
1601 4488.0
1602 4488.0
1603 4488.0
1604 4480.0
1605 4480.0
1606 4480.0
1607 4480.0
1608 4478.0
1609 4478.0
1610 4478.0
1611 4478.0
1612 4478.0
1613 4478.0
1614 4478.0
1615 4316.0
1616 4316.0
1617 4316.0
1618 4316.0
1619 4316.0
1620 4316.0
1621 4316.0
1622 4316.0
1623 4316.0
1624 4316.0
1625 4316.0
1626 4316.0
1627 4316.0
1628 4316.0
1629 4316.0
1630 4316.0
1631 4316.0
1632 4316.0
1633 4316.0
1634 4316.0
1635 4316.0
1636 4316.0
1637 4316.0
1638 4316.0
1639 4316.0
1640 4316.0
1641 4316.0
1642 4316.0
1643 4316.0
1644 4316.0
1645 4316.0
1646 4316.0
1647 4316.0
1648 4316.0
1649 4316.0
1650 4316.0
1651 4316.0
1652 4316.0
1653 4316.0
1654 4316.0
1655 4316.0
1656 4316.0
1657 4316.0
1658 4316.0
1659 4316.0
1660 4316.0
1661 4316.0
1662 4316.0
1663 4316.0
1664 4316.0
1665 4316.0
1666 4316.0
1667 4316.0
1668 4316.0
1669 4316.0
1670 4316.0
1671 4316.0
1672 4316.0
1673 4316.0
1674 4316.0
1675 4316.0
1676 4316.0
1677 4316.0
1678 4316.0
1679 4316.0
1680 4316.0
1681 4316.0
1682 4316.0
1683 4316.0
1684 4316.0
1685 4316.0
1686 4316.0
1687 4316.0
1688 4316.0
1689 4316.0
1690 4316.0
1691 4316.0
1692 4316.0
1693 4316.0
1694 4316.0
1695 4316.0
1696 4316.0
1697 4316.0
1698 4236.0
1699 4236.0
1700 4236.0
1701 4236.0
1702 4236.0
1703 4236.0
1704 4236.0
1705 4236.0
1706 4236.0
1707 4236.0
1708 4236.0
1709 4236.0
1710 4236.0
1711 4236.0
1712 4236.0
1713 4236.0
1714 4236.0
1715 4236.0
1716 4236.0
1717 4236.0
1718 4236.0
1719 4236.0
1720 4236.0
1721 4236.0
1722 4236.0
1723 4236.0
1724 4236.0
1725 4236.0
1726 4236.0
1727 4236.0
1728 4236.0
1729 4236.0
1730 4236.0
1731 4236.0
1732 4236.0
1733 4236.0
1734 4236.0
1735 4236.0
1736 4236.0
1737 4236.0
1738 4236.0
1739 4236.0
1740 4236.0
1741 4236.0
1742 4236.0
1743 4236.0
1744 4236.0
1745 4236.0
1746 4236.0
1747 4236.0
1748 4236.0
1749 4236.0
1750 4236.0
1751 4236.0
1752 4236.0
1753 4236.0
1754 4236.0
1755 4236.0
1756 4236.0
1757 4236.0
1758 4236.0
1759 4236.0
1760 4236.0
1761 4236.0
1762 4236.0
1763 4236.0
1764 4236.0
1765 4236.0
1766 4236.0
1767 4236.0
1768 4236.0
1769 4236.0
1770 4236.0
1771 4236.0
1772 4236.0
1773 4236.0
1774 4236.0
1775 4236.0
1776 4236.0
1777 4236.0
1778 4236.0
1779 4236.0
1780 4236.0
1781 4236.0
1782 4236.0
1783 4236.0
1784 4236.0
1785 4236.0
1786 4236.0
1787 4236.0
1788 4219.0
1789 4219.0
1790 4219.0
1791 4219.0
1792 4219.0
1793 4219.0
1794 4219.0
1795 4219.0
1796 4219.0
1797 4219.0
1798 4219.0
1799 4219.0
1800 4219.0
1801 4219.0
1802 4219.0
1803 4219.0
1804 4219.0
1805 4143.0
1806 4119.0
1807 4119.0
1808 4119.0
1809 4119.0
1810 4119.0
1811 4119.0
1812 4119.0
1813 4119.0
1814 4119.0
1815 4119.0
1816 4119.0
1817 4119.0
1818 4119.0
1819 4119.0
1820 4119.0
1821 4119.0
1822 4075.0
1823 4075.0
1824 4075.0
1825 4073.0
1826 4073.0
1827 4073.0
1828 4073.0
1829 4073.0
1830 4073.0
1831 4073.0
1832 4073.0
1833 4073.0
1834 4073.0
1835 4073.0
1836 4073.0
1837 4073.0
1838 4073.0
1839 4073.0
1840 4073.0
1841 4073.0
1842 4073.0
1843 4073.0
1844 4073.0
1845 4073.0
1846 4073.0
1847 4073.0
1848 4073.0
1849 4073.0
1850 4073.0
1851 4073.0
1852 4073.0
1853 4073.0
1854 4073.0
1855 4073.0
1856 4073.0
1857 4073.0
1858 4073.0
1859 4073.0
1860 4073.0
1861 4073.0
1862 4073.0
1863 4073.0
1864 4073.0
1865 4073.0
1866 4073.0
1867 4073.0
1868 4073.0
1869 4073.0
1870 4073.0
1871 4073.0
1872 4073.0
1873 4073.0
1874 4073.0
1875 4073.0
1876 4073.0
1877 4073.0
1878 4073.0
1879 4073.0
1880 4073.0
1881 4073.0
1882 4073.0
1883 4073.0
1884 4073.0
1885 4073.0
1886 4073.0
1887 4073.0
1888 4073.0
1889 4073.0
1890 4073.0
1891 4073.0
1892 4073.0
1893 4073.0
1894 4073.0
1895 4073.0
1896 4073.0
1897 4073.0
1898 4073.0
1899 4073.0
1900 4073.0
1901 4073.0
1902 4073.0
1903 4073.0
1904 3682.0
1905 3682.0
1906 3682.0
1907 3682.0
1908 3682.0
1909 3682.0
1910 3682.0
1911 3682.0
1912 3682.0
1913 3682.0
1914 3682.0
1915 3682.0
1916 3682.0
1917 3682.0
1918 3682.0
1919 3682.0
1920 3682.0
1921 3682.0
1922 3682.0
1923 3682.0
1924 3682.0
1925 3682.0
1926 3682.0
1927 3682.0
1928 3682.0
1929 3682.0
1930 3682.0
1931 3682.0
1932 3682.0
1933 3682.0
1934 3682.0
1935 3682.0
1936 3682.0
1937 3682.0
1938 3682.0
1939 3682.0
1940 3682.0
1941 3682.0
1942 3682.0
1943 3682.0
1944 3682.0
1945 3682.0
1946 3682.0
1947 3682.0
1948 3682.0
1949 3682.0
1950 3682.0
1951 3682.0
1952 3682.0
1953 3682.0
1954 3682.0
1955 3682.0
1956 3682.0
1957 3682.0
1958 3682.0
1959 3682.0
1960 3682.0
1961 3682.0
1962 3682.0
1963 3682.0
1964 3682.0
1965 3682.0
1966 3682.0
1967 3682.0
1968 3682.0
1969 3682.0
1970 3682.0
1971 3682.0
1972 3682.0
1973 3682.0
1974 3682.0
1975 3682.0
1976 3682.0
1977 3682.0
1978 3682.0
1979 3682.0
1980 3682.0
1981 3682.0
1982 3682.0
1983 3682.0
1984 3682.0
1985 3682.0
1986 3682.0
1987 3682.0
1988 3682.0
1989 3682.0
1990 3682.0
1991 3682.0
1992 3682.0
1993 3682.0
1994 3682.0
1995 2959.0
1996 2959.0
1997 2959.0
1998 2959.0
1999 2959.0
2000 2959.0
2001 2959.0
2002 2959.0
2003 2959.0
2004 2959.0
2005 2959.0
2006 2959.0
2007 2959.0
2008 2959.0
2009 2959.0
2010 2959.0
2011 2959.0
2012 2959.0
2013 2959.0
2014 2959.0
2015 2959.0
2016 2959.0
2017 2959.0
2018 2959.0
2019 2959.0
2020 2959.0
2021 2959.0
2022 2959.0
2023 2959.0
2024 2959.0
2025 2959.0
2026 2959.0
2027 2959.0
2028 2959.0
2029 2959.0
2030 2959.0
2031 2959.0
2032 2959.0
2033 2959.0
2034 2959.0
2035 2959.0
2036 2959.0
2037 2959.0
2038 2959.0
2039 2959.0
2040 2959.0
2041 2959.0
2042 2959.0
2043 2959.0
2044 2959.0
2045 2959.0
2046 2959.0
2047 2959.0
2048 2959.0
2049 2959.0
2050 2959.0
2051 2959.0
2052 2959.0
2053 2959.0
2054 2959.0
2055 2918.0
2056 2918.0
2057 2918.0
2058 2918.0
2059 2918.0
2060 2918.0
2061 2918.0
2062 2918.0
2063 2918.0
2064 2918.0
2065 2918.0
2066 2918.0
2067 2918.0
2068 2918.0
2069 2918.0
2070 2918.0
2071 2918.0
2072 2918.0
2073 2918.0
2074 2918.0
2075 2918.0
2076 2918.0
2077 2918.0
2078 2918.0
2079 2918.0
2080 2918.0
2081 2918.0
2082 2918.0
2083 2912.0
2084 2912.0
2085 2912.0
2086 2912.0
2087 2912.0
2088 2912.0
2089 2912.0
2090 2912.0
2091 2912.0
2092 2912.0
2093 2912.0
2094 2912.0
2095 2912.0
2096 2912.0
2097 2912.0
2098 2912.0
2099 2912.0
2100 2912.0
2101 2912.0
2102 2912.0
2103 2912.0
2104 2912.0
2105 2912.0
2106 2912.0
2107 2912.0
2108 2912.0
2109 2912.0
2110 2912.0
2111 2912.0
2112 2912.0
2113 2912.0
2114 2912.0
2115 2912.0
2116 2912.0
2117 2912.0
2118 2912.0
2119 2912.0
2120 2912.0
2121 2912.0
2122 2912.0
2123 2912.0
2124 2912.0
2125 2912.0
2126 2912.0
2127 2912.0
2128 2912.0
2129 2912.0
2130 2912.0
2131 2912.0
2132 2912.0
2133 2912.0
2134 2912.0
2135 2912.0
2136 2912.0
2137 2912.0
2138 2912.0
2139 2912.0
2140 2912.0
2141 2912.0
2142 2912.0
2143 2912.0
2144 2912.0
2145 2912.0
2146 2912.0
2147 2912.0
2148 2912.0
2149 2912.0
2150 2912.0
2151 2912.0
2152 2912.0
2153 2912.0
2154 2912.0
2155 2912.0
2156 2912.0
2157 2912.0
2158 2912.0
2159 2912.0
2160 2912.0
2161 2912.0
2162 2912.0
2163 2912.0
2164 2912.0
2165 2912.0
2166 2912.0
2167 2912.0
2168 2912.0
2169 2912.0
2170 2912.0
2171 2912.0
2172 2912.0
2173 2912.0
2174 2912.0
2175 2912.0
2176 2912.0
2177 2912.0
2178 2912.0
2179 2912.0
2180 2912.0
2181 2912.0
2182 2912.0
2183 2912.0
2184 2912.0
2185 2912.0
2186 2912.0
2187 2912.0
2188 2912.0
2189 2912.0
2190 2912.0
2191 2912.0
2192 2912.0
2193 2912.0
2194 2912.0
2195 2912.0
2196 2912.0
2197 2912.0
2198 2912.0
2199 2912.0
2200 2912.0
2201 2912.0
2202 2912.0
2203 2912.0
2204 2912.0
2205 2912.0
2206 2912.0
2207 2912.0
2208 2912.0
2209 2912.0
2210 2912.0
2211 2912.0
2212 2912.0
2213 2912.0
2214 2912.0
2215 2912.0
2216 2912.0
2217 2912.0
2218 2912.0
2219 2912.0
2220 2912.0
2221 2912.0
2222 2912.0
2223 2912.0
2224 2912.0
2225 2912.0
2226 2912.0
2227 2912.0
2228 2912.0
2229 2912.0
2230 2912.0
2231 2912.0
2232 2912.0
2233 2912.0
2234 2912.0
2235 2912.0
2236 2912.0
2237 2912.0
2238 2912.0
2239 2912.0
2240 2912.0
2241 2912.0
2242 2912.0
2243 2912.0
2244 2912.0
2245 2912.0
2246 2912.0
2247 2912.0
2248 2912.0
2249 2912.0
2250 2912.0
2251 2912.0
2252 2912.0
2253 2912.0
2254 2912.0
2255 2912.0
2256 2912.0
2257 2912.0
2258 2912.0
2259 2912.0
2260 2912.0
2261 2912.0
2262 2912.0
2263 2912.0
2264 2912.0
2265 2912.0
2266 2912.0
2267 2912.0
2268 2912.0
2269 2912.0
2270 2912.0
2271 2912.0
2272 2912.0
2273 2912.0
2274 2912.0
2275 2912.0
2276 2912.0
2277 2912.0
2278 2912.0
2279 2912.0
2280 2912.0
2281 2912.0
2282 2912.0
2283 2912.0
2284 2912.0
2285 2912.0
2286 2912.0
2287 2912.0
2288 2912.0
2289 2912.0
2290 2912.0
2291 2912.0
2292 2912.0
2293 2912.0
2294 2886.0
2295 2886.0
2296 2886.0
2297 2886.0
2298 2886.0
2299 2886.0
2300 2886.0
2301 2886.0
2302 2886.0
2303 2886.0
2304 2886.0
2305 2886.0
2306 2886.0
2307 2886.0
2308 2886.0
2309 2886.0
2310 2886.0
2311 2886.0
2312 2886.0
2313 2886.0
2314 2886.0
2315 2886.0
2316 2886.0
2317 2886.0
2318 2886.0
2319 2886.0
2320 2886.0
2321 2886.0
2322 2886.0
2323 2886.0
2324 2886.0
2325 2886.0
2326 2886.0
2327 2886.0
2328 2886.0
2329 2886.0
2330 2886.0
2331 2886.0
2332 2886.0
2333 2886.0
2334 2886.0
2335 2886.0
2336 2886.0
2337 2886.0
2338 2886.0
2339 2886.0
2340 2886.0
2341 2886.0
2342 2886.0
2343 2886.0
2344 2886.0
2345 2886.0
2346 2886.0
2347 2886.0
2348 2886.0
2349 2868.0
2350 2868.0
2351 2868.0
2352 2868.0
2353 2868.0
2354 2864.0
2355 2834.0
2356 2834.0
2357 2834.0
2358 2834.0
2359 2834.0
2360 2834.0
2361 2834.0
2362 2834.0
2363 2834.0
2364 2834.0
2365 2834.0
2366 2834.0
2367 2834.0
2368 2834.0
2369 2834.0
2370 2834.0
2371 2834.0
2372 2834.0
2373 2834.0
2374 2834.0
2375 2834.0
2376 2834.0
2377 2834.0
2378 2834.0
2379 2834.0
2380 2834.0
2381 2834.0
2382 2834.0
2383 2834.0
2384 2834.0
2385 2834.0
2386 2834.0
2387 2834.0
2388 2834.0
2389 2834.0
2390 2834.0
2391 2834.0
2392 2834.0
2393 2834.0
2394 2834.0
2395 2834.0
2396 2834.0
2397 2834.0
2398 2834.0
2399 2832.0
2400 2832.0
2401 2832.0
2402 2832.0
2403 2832.0
2404 2832.0
2405 2832.0
2406 2832.0
2407 2832.0
2408 2832.0
2409 2832.0
2410 2832.0
2411 2832.0
2412 2832.0
2413 2832.0
2414 2832.0
2415 2796.0
2416 2796.0
2417 2796.0
2418 2796.0
2419 2796.0
2420 2796.0
2421 2796.0
2422 2796.0
2423 2796.0
2424 2796.0
2425 2796.0
2426 2796.0
2427 2796.0
2428 2796.0
2429 2796.0
2430 2796.0
2431 2796.0
2432 2796.0
2433 2796.0
2434 2796.0
2435 2796.0
2436 2796.0
2437 2796.0
2438 2796.0
2439 2796.0
2440 2796.0
2441 2796.0
2442 2796.0
2443 2796.0
2444 2796.0
2445 2796.0
2446 2796.0
2447 2796.0
2448 2796.0
2449 2796.0
2450 2796.0
2451 2796.0
2452 2796.0
2453 2796.0
2454 2796.0
2455 2796.0
2456 2796.0
2457 2796.0
2458 2796.0
2459 2796.0
2460 2796.0
2461 2796.0
2462 2796.0
2463 2796.0
2464 2796.0
2465 2796.0
2466 2796.0
2467 2796.0
2468 2796.0
2469 2735.0
2470 2735.0
2471 2735.0
2472 2735.0
2473 2735.0
2474 2735.0
2475 2735.0
2476 2735.0
2477 2735.0
2478 2735.0
2479 2735.0
2480 2735.0
2481 2735.0
2482 2735.0
2483 2735.0
2484 2735.0
2485 2735.0
2486 2735.0
2487 2735.0
2488 2735.0
2489 2735.0
2490 2735.0
2491 2735.0
2492 2735.0
2493 2735.0
2494 2735.0
2495 2735.0
2496 2735.0
2497 2735.0
2498 2735.0
2499 2735.0
2500 2735.0
2501 2735.0
2502 2735.0
2503 2735.0
2504 2735.0
2505 2735.0
2506 2735.0
2507 2735.0
2508 2735.0
2509 2735.0
2510 2735.0
2511 2735.0
2512 2735.0
2513 2735.0
2514 2735.0
2515 2735.0
2516 2735.0
2517 2735.0
2518 2735.0
2519 2735.0
2520 2735.0
2521 2735.0
2522 2735.0
2523 2735.0
2524 2735.0
2525 2735.0
2526 2735.0
2527 2735.0
2528 2735.0
2529 2735.0
2530 2735.0
2531 2735.0
2532 2735.0
2533 2735.0
2534 2735.0
2535 2735.0
2536 2735.0
2537 2735.0
2538 2735.0
2539 2735.0
2540 2735.0
2541 2735.0
2542 2735.0
2543 2735.0
2544 2735.0
2545 2735.0
2546 2735.0
2547 2735.0
2548 2735.0
2549 2735.0
2550 2735.0
2551 2735.0
2552 2735.0
2553 2735.0
2554 2735.0
2555 2735.0
2556 2735.0
2557 2735.0
2558 2735.0
2559 2735.0
2560 2735.0
2561 2735.0
2562 2735.0
2563 2735.0
2564 2735.0
2565 2735.0
2566 2735.0
2567 2735.0
2568 2735.0
2569 2735.0
2570 2735.0
2571 2735.0
2572 2735.0
2573 2735.0
2574 2735.0
2575 2735.0
2576 2735.0
2577 2735.0
2578 2735.0
2579 2735.0
2580 2735.0
2581 2735.0
2582 2735.0
2583 2735.0
2584 2735.0
2585 2735.0
2586 2735.0
2587 2735.0
2588 2735.0
2589 2735.0
2590 2735.0
2591 2735.0
2592 2735.0
2593 2735.0
2594 2735.0
2595 2735.0
2596 2735.0
2597 2735.0
2598 2735.0
2599 2735.0
2600 2735.0
2601 2735.0
2602 2735.0
2603 2735.0
2604 2735.0
2605 2735.0
2606 2735.0
2607 2710.0
2608 2710.0
2609 2710.0
2610 2710.0
2611 2710.0
2612 2710.0
2613 2710.0
2614 2710.0
2615 2710.0
2616 2710.0
2617 2646.0
2618 2646.0
2619 2646.0
2620 2646.0
2621 2646.0
2622 2646.0
2623 2646.0
2624 2646.0
2625 2646.0
2626 2646.0
2627 2646.0
2628 2646.0
2629 2646.0
2630 2646.0
2631 2646.0
2632 2646.0
2633 2646.0
2634 2646.0
2635 2646.0
2636 2646.0
2637 2646.0
2638 2646.0
2639 2646.0
2640 2646.0
2641 2646.0
2642 2538.0
2643 2538.0
2644 2538.0
2645 2538.0
2646 2538.0
2647 2538.0
2648 2538.0
2649 2538.0
2650 2538.0
2651 2538.0
2652 2538.0
2653 2538.0
2654 2538.0
2655 2538.0
2656 2538.0
2657 2538.0
2658 2482.0
2659 2482.0
2660 2482.0
2661 2482.0
2662 2482.0
2663 2482.0
2664 2482.0
2665 2482.0
2666 2482.0
2667 2482.0
2668 2482.0
2669 2482.0
2670 2482.0
2671 2482.0
2672 2482.0
2673 2482.0
2674 2482.0
2675 2482.0
2676 2482.0
2677 2482.0
2678 2482.0
2679 2482.0
2680 2482.0
2681 2482.0
2682 2482.0
2683 2482.0
2684 2482.0
2685 2482.0
2686 2482.0
2687 2482.0
2688 2482.0
2689 2482.0
2690 2482.0
2691 2482.0
2692 2482.0
2693 2482.0
2694 2482.0
2695 2482.0
2696 2482.0
2697 2482.0
2698 2482.0
2699 2482.0
2700 2482.0
2701 2482.0
2702 2482.0
2703 2482.0
2704 2482.0
2705 2482.0
2706 2482.0
2707 2482.0
2708 2482.0
2709 2482.0
2710 2482.0
2711 2482.0
2712 2482.0
2713 2482.0
2714 2482.0
2715 2482.0
2716 2482.0
2717 2482.0
2718 2482.0
2719 2482.0
2720 2482.0
2721 2482.0
2722 2482.0
2723 2482.0
2724 2482.0
2725 2482.0
2726 2482.0
2727 2482.0
2728 2482.0
2729 2482.0
2730 2482.0
2731 2482.0
2732 2482.0
2733 2482.0
2734 2482.0
2735 2482.0
2736 2482.0
2737 2482.0
2738 2482.0
2739 2482.0
2740 2482.0
2741 2482.0
2742 2482.0
2743 2482.0
2744 2482.0
2745 2482.0
2746 2482.0
2747 2482.0
2748 2482.0
2749 2482.0
2750 2482.0
2751 2482.0
2752 2482.0
2753 2482.0
2754 2482.0
2755 2482.0
2756 2482.0
2757 2482.0
2758 2482.0
2759 2482.0
2760 2482.0
2761 2482.0
2762 2482.0
2763 2482.0
2764 2482.0
2765 2482.0
2766 2482.0
2767 2482.0
2768 2482.0
2769 2482.0
2770 2482.0
2771 2482.0
2772 2482.0
2773 2482.0
2774 2482.0
2775 2482.0
2776 2482.0
2777 2482.0
2778 2482.0
2779 2482.0
2780 2482.0
2781 2482.0
2782 2482.0
2783 2482.0
2784 2482.0
2785 2482.0
2786 2482.0
2787 2482.0
2788 2482.0
2789 2482.0
2790 2482.0
2791 2482.0
2792 2482.0
2793 2482.0
2794 2482.0
2795 2482.0
2796 2482.0
2797 2482.0
2798 2482.0
2799 2482.0
2800 2482.0
2801 2482.0
2802 2482.0
2803 2482.0
2804 2482.0
2805 2482.0
2806 2482.0
2807 2482.0
2808 2482.0
2809 2482.0
2810 2482.0
2811 2482.0
2812 2482.0
2813 2482.0
2814 2482.0
2815 2482.0
2816 2482.0
2817 2482.0
2818 2482.0
2819 2482.0
2820 2482.0
2821 2482.0
2822 2482.0
2823 2482.0
2824 2482.0
2825 2482.0
2826 2482.0
2827 2482.0
2828 2482.0
2829 2482.0
2830 2482.0
2831 2482.0
2832 2482.0
2833 2482.0
2834 2482.0
2835 2482.0
2836 2482.0
2837 2482.0
2838 2482.0
2839 2482.0
2840 2482.0
2841 2482.0
2842 2482.0
2843 2482.0
2844 2482.0
2845 2482.0
2846 2482.0
2847 2482.0
2848 2482.0
2849 2482.0
2850 2482.0
2851 2482.0
2852 2482.0
2853 2482.0
2854 2482.0
2855 2482.0
2856 2482.0
2857 2482.0
2858 2482.0
2859 2482.0
2860 2482.0
2861 2482.0
2862 2482.0
2863 2482.0
2864 2482.0
2865 2482.0
2866 2482.0
2867 2482.0
2868 2482.0
2869 2482.0
2870 2482.0
2871 2482.0
2872 2482.0
2873 2482.0
2874 2482.0
2875 2482.0
2876 2482.0
2877 2482.0
2878 2482.0
2879 2482.0
2880 2482.0
2881 2482.0
2882 2482.0
2883 2482.0
2884 2482.0
2885 2482.0
2886 2482.0
2887 2482.0
2888 2482.0
2889 2482.0
2890 2482.0
2891 2482.0
2892 2482.0
2893 2482.0
2894 2482.0
2895 2482.0
2896 2482.0
2897 2482.0
2898 2482.0
2899 2482.0
2900 2482.0
2901 2482.0
2902 2482.0
2903 2482.0
2904 2482.0
2905 2482.0
2906 2482.0
2907 2482.0
2908 2482.0
2909 2482.0
2910 2482.0
2911 2482.0
2912 2482.0
2913 2482.0
2914 2482.0
2915 2482.0
2916 2482.0
2917 2482.0
2918 2482.0
2919 2482.0
2920 2482.0
2921 2482.0
2922 2482.0
2923 2482.0
2924 2482.0
2925 2482.0
2926 2482.0
2927 2482.0
2928 2482.0
2929 2482.0
2930 2482.0
2931 2482.0
2932 2482.0
2933 2482.0
2934 2482.0
2935 2482.0
2936 2482.0
2937 2482.0
2938 2482.0
2939 2482.0
2940 2482.0
2941 2482.0
2942 2482.0
2943 2482.0
2944 2482.0
2945 2482.0
2946 2482.0
2947 2482.0
2948 2482.0
2949 2482.0
2950 2482.0
2951 2482.0
2952 2482.0
2953 2482.0
2954 2482.0
2955 2482.0
2956 2482.0
2957 2482.0
2958 2482.0
2959 2482.0
2960 2482.0
2961 2482.0
2962 2482.0
2963 2482.0
2964 2482.0
2965 2482.0
2966 2482.0
2967 2482.0
2968 2482.0
2969 2482.0
2970 2482.0
2971 2482.0
2972 2482.0
2973 2482.0
2974 2482.0
2975 2482.0
2976 2482.0
2977 2482.0
2978 2482.0
2979 2482.0
2980 2482.0
2981 2482.0
2982 2482.0
2983 2482.0
2984 2482.0
2985 2482.0
2986 2482.0
2987 2482.0
2988 2482.0
2989 2482.0
2990 2482.0
2991 2482.0
2992 2482.0
2993 2482.0
2994 2482.0
2995 2482.0
2996 2482.0
2997 2482.0
2998 2482.0
2999 2482.0
3000 2482.0
3001 2482.0
3002 2482.0
3003 2482.0
3004 2482.0
3005 2482.0
3006 2482.0
3007 2482.0
3008 2482.0
3009 2482.0
3010 2482.0
3011 2482.0
3012 2482.0
3013 2482.0
3014 2482.0
3015 2482.0
3016 2482.0
3017 2482.0
3018 2482.0
3019 2482.0
3020 2482.0
3021 2482.0
3022 2482.0
3023 2482.0
3024 2482.0
3025 2482.0
3026 2482.0
3027 2482.0
3028 2482.0
3029 2482.0
3030 2482.0
3031 2482.0
3032 2482.0
3033 2482.0
3034 2482.0
3035 2482.0
3036 2482.0
3037 2482.0
3038 2482.0
3039 2482.0
3040 2482.0
3041 2482.0
3042 2482.0
3043 2482.0
3044 2482.0
3045 2482.0
3046 2482.0
3047 2482.0
3048 2482.0
3049 2482.0
3050 2482.0
3051 2482.0
3052 2482.0
3053 2482.0
3054 2482.0
3055 2482.0
3056 2482.0
3057 2482.0
3058 2482.0
3059 2482.0
3060 2482.0
3061 2482.0
3062 2482.0
3063 2482.0
3064 2482.0
3065 2482.0
3066 2482.0
3067 2482.0
3068 2482.0
3069 2482.0
3070 2482.0
3071 2482.0
3072 2482.0
3073 2482.0
3074 2482.0
3075 2482.0
3076 2482.0
3077 2482.0
3078 2482.0
3079 2482.0
3080 2482.0
3081 2482.0
3082 2482.0
3083 2482.0
3084 2482.0
3085 2482.0
3086 2482.0
3087 2482.0
3088 2482.0
3089 2482.0
3090 2482.0
3091 2482.0
3092 2482.0
3093 2482.0
3094 2482.0
3095 2482.0
3096 2482.0
3097 2482.0
3098 2482.0
3099 2482.0
3100 2482.0
3101 2482.0
3102 2482.0
3103 2482.0
3104 2482.0
3105 2482.0
3106 2482.0
3107 2482.0
3108 2482.0
3109 2482.0
3110 2482.0
3111 2482.0
3112 2482.0
3113 2482.0
3114 2482.0
3115 2482.0
3116 2482.0
3117 2482.0
3118 2482.0
3119 2482.0
3120 2482.0
3121 2482.0
3122 2482.0
3123 2482.0
3124 2482.0
3125 2482.0
3126 2482.0
3127 2482.0
3128 2482.0
3129 2482.0
3130 2482.0
3131 2482.0
3132 2482.0
3133 2482.0
3134 2482.0
3135 2482.0
3136 2482.0
3137 2482.0
3138 2482.0
3139 2482.0
3140 2482.0
3141 2482.0
3142 2482.0
3143 2482.0
3144 2482.0
3145 2482.0
3146 2482.0
3147 2482.0
3148 2482.0
3149 2482.0
3150 2482.0
3151 2482.0
3152 2482.0
3153 2482.0
3154 2482.0
3155 2482.0
3156 2482.0
3157 2482.0
3158 2482.0
3159 2482.0
3160 2482.0
3161 2482.0
3162 2482.0
3163 2482.0
3164 2482.0
3165 2482.0
3166 2482.0
3167 2482.0
3168 2482.0
3169 2482.0
3170 2482.0
3171 2482.0
3172 2482.0
3173 2482.0
3174 2482.0
3175 2482.0
3176 2482.0
3177 2482.0
3178 2482.0
3179 2482.0
3180 2482.0
3181 2482.0
3182 2482.0
3183 2482.0
3184 2482.0
3185 2482.0
3186 2482.0
3187 2482.0
3188 2482.0
3189 2482.0
3190 2482.0
3191 2482.0
3192 2482.0
3193 2482.0
3194 2482.0
3195 2482.0
3196 2482.0
3197 2482.0
3198 2482.0
3199 2482.0
3200 2482.0
3201 2482.0
3202 2482.0
3203 2482.0
3204 2482.0
3205 2482.0
3206 2482.0
3207 2482.0
3208 2482.0
3209 2482.0
3210 2482.0
3211 2482.0
3212 2482.0
3213 2482.0
3214 2482.0
3215 2482.0
3216 2482.0
3217 2482.0
3218 2482.0
3219 2482.0
3220 2482.0
3221 2482.0
3222 2482.0
3223 2482.0
3224 2482.0
3225 2482.0
3226 2482.0
3227 2482.0
3228 2482.0
3229 2482.0
3230 2482.0
3231 2482.0
3232 2482.0
3233 2482.0
3234 2482.0
3235 2482.0
3236 2482.0
3237 2482.0
3238 2482.0
3239 2482.0
3240 2482.0
3241 2482.0
3242 2482.0
3243 2482.0
3244 2482.0
3245 2482.0
3246 2482.0
3247 2482.0
3248 2482.0
3249 2482.0
3250 2482.0
3251 2482.0
3252 2482.0
3253 2482.0
3254 2482.0
3255 2482.0
3256 2482.0
3257 2482.0
3258 2482.0
3259 2482.0
3260 2482.0
3261 2482.0
3262 2482.0
3263 2482.0
3264 2482.0
3265 2482.0
3266 2482.0
3267 2482.0
3268 2482.0
3269 2482.0
3270 2482.0
3271 2482.0
3272 2482.0
3273 2482.0
3274 2482.0
3275 2482.0
3276 2482.0
3277 2482.0
3278 2482.0
3279 2482.0
3280 2482.0
3281 2482.0
3282 2482.0
3283 2482.0
3284 2482.0
3285 2482.0
3286 2482.0
3287 2482.0
3288 2482.0
3289 2482.0
3290 2482.0
3291 2482.0
3292 2482.0
3293 2482.0
3294 2482.0
3295 2482.0
3296 2482.0
3297 2482.0
3298 2482.0
3299 2482.0
3300 2482.0
3301 2482.0
3302 2482.0
3303 2482.0
3304 2482.0
3305 2482.0
3306 2482.0
3307 2482.0
3308 2482.0
3309 2482.0
3310 2482.0
3311 2482.0
3312 2482.0
3313 2482.0
3314 2482.0
3315 2482.0
3316 2482.0
3317 2482.0
3318 2482.0
3319 2482.0
3320 2482.0
3321 2482.0
3322 2482.0
3323 2482.0
3324 2482.0
3325 2482.0
3326 2482.0
3327 2482.0
3328 2482.0
3329 2482.0
3330 2482.0
3331 2482.0
3332 2482.0
3333 2482.0
3334 2482.0
3335 2482.0
3336 2482.0
3337 2482.0
3338 2482.0
3339 2482.0
3340 2482.0
3341 2482.0
3342 2482.0
3343 2482.0
3344 2482.0
3345 2482.0
3346 2482.0
3347 2482.0
3348 2482.0
3349 2482.0
3350 2482.0
3351 2482.0
3352 2482.0
3353 2482.0
3354 2482.0
3355 2482.0
3356 2482.0
3357 2482.0
3358 2482.0
3359 2482.0
3360 2482.0
3361 2482.0
3362 2482.0
3363 2482.0
3364 2482.0
3365 2482.0
3366 2482.0
3367 2482.0
3368 2482.0
3369 2482.0
3370 2482.0
3371 2482.0
3372 2482.0
3373 2482.0
3374 2482.0
3375 2482.0
3376 2482.0
3377 2482.0
3378 2482.0
3379 2482.0
3380 2482.0
3381 2482.0
3382 2482.0
3383 2482.0
3384 2482.0
3385 2482.0
3386 2482.0
3387 2482.0
3388 2482.0
3389 2482.0
3390 2482.0
3391 2482.0
3392 2482.0
3393 2482.0
3394 2482.0
3395 2482.0
3396 2482.0
3397 2482.0
3398 2482.0
3399 2482.0
3400 2482.0
3401 2482.0
3402 2482.0
3403 2482.0
3404 2482.0
3405 2482.0
3406 2482.0
3407 2482.0
3408 2482.0
3409 2482.0
3410 2482.0
3411 2482.0
3412 2482.0
3413 2482.0
3414 2482.0
3415 2482.0
3416 2482.0
3417 2482.0
3418 2482.0
3419 2482.0
3420 2482.0
3421 2482.0
3422 2482.0
3423 2482.0
3424 2482.0
3425 2482.0
3426 2482.0
3427 2482.0
3428 2482.0
3429 2482.0
3430 2482.0
3431 2482.0
3432 2482.0
3433 2482.0
3434 2482.0
3435 2482.0
3436 2482.0
3437 2482.0
3438 2482.0
3439 2482.0
3440 2482.0
3441 2482.0
3442 2482.0
3443 2482.0
3444 2482.0
3445 2482.0
3446 2482.0
3447 2482.0
3448 2482.0
3449 2482.0
3450 2482.0
3451 2482.0
3452 2482.0
3453 2482.0
3454 2482.0
3455 2482.0
3456 2482.0
3457 2482.0
3458 2482.0
3459 2482.0
3460 2482.0
3461 2482.0
3462 2482.0
3463 2482.0
3464 2482.0
3465 2482.0
3466 2482.0
3467 2482.0
3468 2482.0
3469 2482.0
3470 2482.0
3471 2482.0
3472 2482.0
3473 2482.0
3474 2482.0
3475 2482.0
3476 2482.0
3477 2482.0
3478 2482.0
3479 2482.0
3480 2482.0
3481 2482.0
3482 2482.0
3483 2482.0
3484 2482.0
3485 2482.0
3486 2482.0
3487 2482.0
3488 2482.0
3489 2482.0
3490 2482.0
3491 2482.0
3492 2482.0
3493 2482.0
3494 2482.0
3495 2482.0
3496 2482.0
3497 2482.0
3498 2482.0
3499 2482.0
3500 2482.0
3501 2482.0
3502 2482.0
3503 2482.0
3504 2482.0
3505 2482.0
3506 2482.0
3507 2482.0
3508 2482.0
3509 2482.0
3510 2482.0
3511 2482.0
3512 2482.0
3513 2482.0
3514 2482.0
3515 2482.0
3516 2482.0
3517 2482.0
3518 2482.0
3519 2482.0
3520 2482.0
3521 2482.0
3522 2482.0
3523 2482.0
3524 2482.0
3525 2482.0
3526 2482.0
3527 2482.0
3528 2482.0
3529 2482.0
3530 2482.0
3531 2482.0
3532 2482.0
3533 2482.0
3534 2482.0
3535 2482.0
3536 2482.0
3537 2482.0
3538 2482.0
3539 2482.0
3540 2482.0
3541 2482.0
3542 2482.0
3543 2482.0
3544 2482.0
3545 2482.0
3546 2482.0
3547 2482.0
3548 2482.0
3549 2482.0
3550 2482.0
3551 2482.0
3552 2482.0
3553 2482.0
3554 2482.0
3555 2482.0
3556 2482.0
3557 2482.0
3558 2482.0
3559 2482.0
3560 2482.0
3561 2482.0
3562 2482.0
3563 2482.0
3564 2482.0
3565 2482.0
3566 2482.0
3567 2482.0
3568 2482.0
3569 2482.0
3570 2482.0
3571 2482.0
3572 2482.0
3573 2482.0
3574 2482.0
3575 2482.0
3576 2482.0
3577 2482.0
3578 2482.0
3579 2482.0
3580 2482.0
3581 2482.0
3582 2482.0
3583 2482.0
3584 2482.0
3585 2482.0
3586 2482.0
3587 2482.0
3588 2482.0
3589 2482.0
3590 2482.0
3591 2482.0
3592 2482.0
3593 2482.0
3594 2482.0
3595 2482.0
3596 2482.0
3597 2482.0
3598 2482.0
3599 2482.0
3600 2482.0
3601 2482.0
3602 2482.0
3603 2482.0
3604 2482.0
3605 2482.0
3606 2482.0
3607 2482.0
3608 2482.0
3609 2482.0
3610 2482.0
3611 2482.0
3612 2482.0
3613 2482.0
3614 2482.0
3615 2482.0
3616 2482.0
3617 2482.0
3618 2482.0
3619 2482.0
3620 2482.0
3621 2482.0
3622 2482.0
3623 2482.0
3624 2482.0
3625 2482.0
3626 2482.0
3627 2482.0
3628 2482.0
3629 2482.0
3630 2482.0
3631 2482.0
3632 2482.0
3633 2482.0
3634 2482.0
3635 2482.0
3636 2482.0
3637 2482.0
3638 2482.0
3639 2482.0
3640 2482.0
3641 2482.0
3642 2482.0
3643 2482.0
3644 2482.0
3645 2482.0
3646 2482.0
3647 2482.0
3648 2482.0
3649 2482.0
3650 2482.0
3651 2482.0
3652 2482.0
3653 2482.0
3654 2482.0
3655 2482.0
3656 2482.0
3657 2482.0
3658 2482.0
3659 2482.0
3660 2482.0
3661 2482.0
3662 2482.0
3663 2482.0
3664 2482.0
3665 2482.0
3666 2482.0
3667 2482.0
3668 2482.0
3669 2482.0
3670 2482.0
3671 2482.0
3672 2482.0
3673 2482.0
3674 2482.0
3675 2482.0
3676 2482.0
3677 2482.0
3678 2482.0
3679 2482.0
3680 2482.0
3681 2482.0
3682 2482.0
3683 2482.0
3684 2482.0
3685 2482.0
3686 2482.0
3687 2482.0
3688 2482.0
3689 2482.0
3690 2482.0
3691 2482.0
3692 2482.0
3693 2482.0
3694 2482.0
3695 2482.0
3696 2482.0
3697 2482.0
3698 2482.0
3699 2482.0
3700 2482.0
3701 2482.0
3702 2482.0
3703 2482.0
3704 2482.0
3705 2482.0
3706 2482.0
3707 2482.0
3708 2482.0
3709 2482.0
3710 2482.0
3711 2482.0
3712 2482.0
3713 2482.0
3714 2482.0
3715 2482.0
3716 2482.0
3717 2482.0
3718 2482.0
3719 2482.0
3720 2482.0
3721 2482.0
3722 2482.0
3723 2482.0
3724 2482.0
3725 2482.0
3726 2482.0
3727 2482.0
3728 2482.0
3729 2482.0
3730 2482.0
3731 2482.0
3732 2482.0
3733 2482.0
3734 2482.0
3735 2482.0
3736 2482.0
3737 2482.0
3738 2482.0
3739 2482.0
3740 2482.0
3741 2482.0
3742 2482.0
3743 2482.0
3744 2482.0
3745 2482.0
3746 2482.0
3747 2482.0
3748 2482.0
3749 2482.0
3750 2482.0
3751 2482.0
3752 2482.0
3753 2482.0
3754 2482.0
3755 2482.0
3756 2482.0
3757 2482.0
3758 2482.0
3759 2482.0
3760 2482.0
3761 2482.0
3762 2482.0
3763 2482.0
3764 2482.0
3765 2482.0
3766 2482.0
3767 2482.0
3768 2482.0
3769 2482.0
3770 2482.0
3771 2482.0
3772 2482.0
3773 2482.0
3774 2482.0
3775 2482.0
3776 2482.0
3777 2482.0
3778 2482.0
3779 2482.0
3780 2482.0
3781 2482.0
3782 2482.0
3783 2482.0
3784 2482.0
3785 2482.0
3786 2482.0
3787 2482.0
3788 2482.0
3789 2482.0
3790 2482.0
3791 2482.0
3792 2482.0
3793 2482.0
3794 2482.0
3795 2482.0
3796 2482.0
3797 2482.0
3798 2482.0
3799 2482.0
3800 2482.0
3801 2482.0
3802 2482.0
3803 2482.0
3804 2482.0
3805 2482.0
3806 2482.0
3807 2482.0
3808 2482.0
3809 2482.0
3810 2482.0
3811 2482.0
3812 2482.0
3813 2482.0
3814 2482.0
3815 2482.0
3816 2482.0
3817 2482.0
3818 2482.0
3819 2482.0
3820 2482.0
3821 2482.0
3822 2482.0
3823 2482.0
3824 2482.0
3825 2482.0
3826 2482.0
3827 2482.0
3828 2482.0
3829 2482.0
3830 2482.0
3831 2482.0
3832 2482.0
3833 2482.0
3834 2482.0
3835 2482.0
3836 2482.0
3837 2482.0
3838 2482.0
3839 2482.0
3840 2482.0
3841 2482.0
3842 2482.0
3843 2482.0
3844 2482.0
3845 2482.0
3846 2482.0
3847 2482.0
3848 2482.0
3849 2482.0
3850 2482.0
3851 2482.0
3852 2482.0
3853 2482.0
3854 2482.0
3855 2482.0
3856 2482.0
3857 2482.0
3858 2482.0
3859 2482.0
3860 2482.0
3861 2482.0
3862 2482.0
3863 2482.0
3864 2482.0
3865 2482.0
3866 2482.0
3867 2482.0
3868 2482.0
3869 2482.0
3870 2482.0
3871 2482.0
3872 2482.0
3873 2482.0
3874 2482.0
3875 2482.0
3876 2482.0
3877 2482.0
3878 2482.0
3879 2482.0
3880 2482.0
3881 2482.0
3882 2482.0
3883 2482.0
3884 2482.0
3885 2482.0
3886 2482.0
3887 2482.0
3888 2482.0
3889 2482.0
3890 2482.0
3891 2482.0
3892 2482.0
3893 2482.0
3894 2482.0
3895 2482.0
3896 2482.0
3897 2482.0
3898 2482.0
3899 2482.0
3900 2482.0
3901 2482.0
3902 2482.0
3903 2482.0
3904 2482.0
3905 2482.0
3906 2482.0
3907 2482.0
3908 2482.0
3909 2482.0
3910 2482.0
3911 2482.0
3912 2482.0
3913 2482.0
3914 2482.0
3915 2482.0
3916 2482.0
3917 2482.0
3918 2482.0
3919 2482.0
3920 2482.0
3921 2482.0
3922 2482.0
3923 2482.0
3924 2482.0
3925 2482.0
3926 2482.0
3927 2482.0
3928 2482.0
3929 2482.0
3930 2482.0
3931 2482.0
3932 2482.0
3933 2482.0
3934 2482.0
3935 2482.0
3936 2482.0
3937 2482.0
3938 2482.0
3939 2482.0
3940 2482.0
3941 2482.0
3942 2482.0
3943 2482.0
3944 2482.0
3945 2482.0
3946 2482.0
3947 2482.0
3948 2482.0
3949 2482.0
3950 2482.0
3951 2482.0
3952 2482.0
3953 2482.0
3954 2482.0
3955 2482.0
3956 2482.0
3957 2482.0
3958 2482.0
3959 2482.0
3960 2482.0
3961 2482.0
3962 2482.0
3963 2482.0
3964 2482.0
3965 2482.0
3966 2482.0
3967 2482.0
3968 2482.0
3969 2482.0
3970 2482.0
3971 2482.0
3972 2482.0
3973 2482.0
3974 2482.0
3975 2482.0
3976 2482.0
3977 2482.0
3978 2482.0
3979 2482.0
3980 2482.0
3981 2482.0
3982 2482.0
3983 2482.0
3984 2482.0
3985 2482.0
3986 2482.0
3987 2482.0
3988 2482.0
3989 2482.0
3990 2482.0
3991 2482.0
3992 2482.0
3993 2482.0
3994 2482.0
3995 2482.0
3996 2482.0
3997 2482.0
3998 2482.0
3999 2482.0
4000 2482.0
4001 2482.0
4002 2482.0
4003 2482.0
4004 2482.0
4005 2482.0
4006 2482.0
4007 2482.0
4008 2482.0
4009 2482.0
4010 2482.0
4011 2482.0
4012 2482.0
4013 2482.0
4014 2482.0
4015 2482.0
4016 2482.0
4017 2482.0
4018 2482.0
4019 2482.0
4020 2482.0
4021 2482.0
4022 2482.0
4023 2482.0
4024 2482.0
4025 2482.0
4026 2482.0
4027 2482.0
4028 2482.0
4029 2482.0
4030 2482.0
4031 2482.0
4032 2482.0
4033 2482.0
4034 2482.0
4035 2482.0
4036 2482.0
4037 2482.0
4038 2482.0
4039 2482.0
4040 2482.0
4041 2482.0
4042 2482.0
4043 2482.0
4044 2482.0
4045 2482.0
4046 2482.0
4047 2482.0
4048 2482.0
4049 2482.0
4050 2482.0
4051 2482.0
4052 2482.0
4053 2482.0
4054 2482.0
4055 2482.0
4056 2482.0
4057 2482.0
4058 2482.0
4059 2482.0
4060 2482.0
4061 2482.0
4062 2482.0
4063 2482.0
4064 2482.0
4065 2482.0
4066 2482.0
4067 2482.0
4068 2482.0
4069 2482.0
4070 2482.0
4071 2482.0
4072 2482.0
4073 2482.0
4074 2482.0
4075 2482.0
4076 2482.0
4077 2482.0
4078 2482.0
4079 2482.0
4080 2482.0
4081 2482.0
4082 2482.0
4083 2482.0
4084 2482.0
4085 2482.0
4086 2482.0
4087 2482.0
4088 2482.0
4089 2482.0
4090 2482.0
4091 2482.0
4092 2482.0
4093 2482.0
4094 2482.0
4095 2482.0
4096 2482.0
4097 2482.0
4098 2482.0
4099 2482.0
4100 2482.0
4101 2482.0
4102 2482.0
4103 2482.0
4104 2482.0
4105 2482.0
4106 2482.0
4107 2482.0
4108 2482.0
4109 2482.0
4110 2482.0
4111 2482.0
4112 2482.0
4113 2482.0
4114 2482.0
4115 2482.0
4116 2482.0
4117 2482.0
4118 2482.0
4119 2482.0
4120 2482.0
4121 2482.0
4122 2482.0
4123 2482.0
4124 2482.0
4125 2482.0
4126 2482.0
4127 2482.0
4128 2482.0
4129 2482.0
4130 2482.0
4131 2482.0
4132 2482.0
4133 2482.0
4134 2482.0
4135 2482.0
4136 2482.0
4137 2482.0
4138 2482.0
4139 2482.0
4140 2482.0
4141 2482.0
4142 2482.0
4143 2482.0
4144 2482.0
4145 2482.0
4146 2482.0
4147 2482.0
4148 2482.0
4149 2482.0
4150 2482.0
4151 2482.0
4152 2482.0
4153 2482.0
4154 2482.0
4155 2482.0
4156 2482.0
4157 2482.0
4158 2482.0
4159 2482.0
4160 2482.0
4161 2482.0
4162 2482.0
4163 2482.0
4164 2482.0
4165 2482.0
4166 2482.0
4167 2482.0
4168 2482.0
4169 2482.0
4170 2482.0
4171 2482.0
4172 2482.0
4173 2482.0
4174 2482.0
4175 2482.0
4176 2482.0
4177 2482.0
4178 2482.0
4179 2482.0
4180 2482.0
4181 2482.0
4182 2482.0
4183 2482.0
4184 2482.0
4185 2482.0
4186 2482.0
4187 2482.0
4188 2482.0
4189 2482.0
4190 2482.0
4191 2482.0
4192 2482.0
4193 2482.0
4194 2482.0
4195 2482.0
4196 2482.0
4197 2482.0
4198 2482.0
4199 2482.0
4200 2482.0
4201 2482.0
4202 2482.0
4203 2482.0
4204 2482.0
4205 2482.0
4206 2482.0
4207 2482.0
4208 2482.0
4209 2482.0
4210 2482.0
4211 2482.0
4212 2482.0
4213 2482.0
4214 2482.0
4215 2482.0
4216 2482.0
4217 2482.0
4218 2482.0
4219 2482.0
4220 2482.0
4221 2482.0
4222 2482.0
4223 2482.0
4224 2482.0
4225 2482.0
4226 2482.0
4227 2482.0
4228 2482.0
4229 2482.0
4230 2482.0
4231 2482.0
4232 2482.0
4233 2482.0
4234 2482.0
4235 2482.0
4236 2482.0
4237 2482.0
4238 2482.0
4239 2482.0
4240 2482.0
4241 2482.0
4242 2482.0
4243 2482.0
4244 2482.0
4245 2482.0
4246 2482.0
4247 2482.0
4248 2482.0
4249 2482.0
4250 2482.0
4251 2482.0
4252 2482.0
4253 2482.0
4254 2482.0
4255 2482.0
4256 2482.0
4257 2482.0
4258 2482.0
4259 2482.0
4260 2482.0
4261 2482.0
4262 2482.0
4263 2482.0
4264 2482.0
4265 2482.0
4266 2482.0
4267 2482.0
4268 2482.0
4269 2482.0
4270 2482.0
4271 2482.0
4272 2482.0
4273 2482.0
4274 2482.0
4275 2482.0
4276 2482.0
4277 2482.0
4278 2482.0
4279 2482.0
4280 2482.0
4281 2482.0
4282 2482.0
4283 2482.0
4284 2482.0
4285 2482.0
4286 2482.0
4287 2482.0
4288 2482.0
4289 2482.0
4290 2482.0
4291 2482.0
4292 2482.0
4293 2482.0
4294 2482.0
4295 2482.0
4296 2482.0
4297 2482.0
4298 2482.0
4299 2482.0
4300 2482.0
4301 2482.0
4302 2482.0
4303 2482.0
4304 2482.0
4305 2482.0
4306 2482.0
4307 2482.0
4308 2482.0
4309 2482.0
4310 2482.0
4311 2482.0
4312 2482.0
4313 2482.0
4314 2482.0
4315 2482.0
4316 2482.0
4317 2482.0
4318 2482.0
4319 2482.0
4320 2482.0
4321 2482.0
4322 2482.0
4323 2482.0
4324 2482.0
4325 2482.0
4326 2482.0
4327 2482.0
4328 2482.0
4329 2482.0
4330 2482.0
4331 2482.0
4332 2482.0
4333 2482.0
4334 2482.0
4335 2482.0
4336 2482.0
4337 2482.0
4338 2482.0
4339 2482.0
4340 2482.0
4341 2482.0
4342 2482.0
4343 2482.0
4344 2482.0
4345 2482.0
4346 2482.0
4347 2482.0
4348 2482.0
4349 2482.0
4350 2482.0
4351 2482.0
4352 2482.0
4353 2482.0
4354 2482.0
4355 2482.0
4356 2482.0
4357 2482.0
4358 2482.0
4359 2482.0
4360 2482.0
4361 2482.0
4362 2482.0
4363 2482.0
4364 2482.0
4365 2482.0
4366 2482.0
4367 2482.0
4368 2482.0
4369 2482.0
4370 2482.0
4371 2482.0
4372 2482.0
4373 2482.0
4374 2482.0
4375 2482.0
4376 2482.0
4377 2482.0
4378 2482.0
4379 2482.0
4380 2482.0
4381 2482.0
4382 2482.0
4383 2482.0
4384 2482.0
4385 2482.0
4386 2482.0
4387 2482.0
4388 2482.0
4389 2482.0
4390 2482.0
4391 2482.0
4392 2482.0
4393 2482.0
4394 2482.0
4395 2482.0
4396 2482.0
4397 2482.0
4398 2482.0
4399 2482.0
4400 2482.0
4401 2482.0
4402 2482.0
4403 2482.0
4404 2482.0
4405 2482.0
4406 2482.0
4407 2482.0
4408 2482.0
4409 2482.0
4410 2482.0
4411 2482.0
4412 2482.0
4413 2482.0
4414 2482.0
4415 2482.0
4416 2482.0
4417 2482.0
4418 2482.0
4419 2482.0
4420 2482.0
4421 2482.0
4422 2482.0
4423 2482.0
4424 2482.0
4425 2482.0
4426 2482.0
4427 2482.0
4428 2482.0
4429 2482.0
4430 2482.0
4431 2482.0
4432 2482.0
4433 2482.0
4434 2482.0
4435 2482.0
4436 2482.0
4437 2482.0
4438 2482.0
4439 2482.0
4440 2482.0
4441 2482.0
4442 2482.0
4443 2482.0
4444 2482.0
4445 2482.0
4446 2482.0
4447 2482.0
4448 2482.0
4449 2482.0
4450 2482.0
4451 2482.0
4452 2482.0
4453 2482.0
4454 2482.0
4455 2482.0
4456 2482.0
4457 2482.0
4458 2482.0
4459 2482.0
4460 2482.0
4461 2482.0
4462 2482.0
4463 2482.0
4464 2482.0
4465 2482.0
4466 2482.0
4467 2482.0
4468 2482.0
4469 2482.0
4470 2482.0
4471 2482.0
4472 2482.0
4473 2482.0
4474 2482.0
4475 2482.0
4476 2482.0
4477 2482.0
4478 2482.0
4479 2482.0
4480 2482.0
4481 2482.0
4482 2482.0
4483 2482.0
4484 2482.0
4485 2482.0
4486 2482.0
4487 2482.0
4488 2482.0
4489 2482.0
4490 2482.0
4491 2482.0
4492 2482.0
4493 2482.0
4494 2482.0
4495 2482.0
4496 2482.0
4497 2482.0
4498 2482.0
4499 2482.0
4500 2482.0
4501 2482.0
4502 2482.0
4503 2482.0
4504 2482.0
4505 2482.0
4506 2482.0
4507 2482.0
4508 2482.0
4509 2482.0
4510 2482.0
4511 2482.0
4512 2482.0
4513 2482.0
4514 2482.0
4515 2482.0
4516 2482.0
4517 2482.0
4518 2482.0
4519 2482.0
4520 2482.0
4521 2482.0
4522 2482.0
4523 2482.0
4524 2482.0
4525 2482.0
4526 2482.0
4527 2482.0
4528 2482.0
4529 2482.0
4530 2482.0
4531 2482.0
4532 2482.0
4533 2482.0
4534 2482.0
4535 2482.0
4536 2482.0
4537 2482.0
4538 2482.0
4539 2482.0
4540 2482.0
4541 2482.0
4542 2482.0
4543 2482.0
4544 2482.0
4545 2482.0
4546 2482.0
4547 2482.0
4548 2482.0
4549 2482.0
4550 2482.0
4551 2482.0
4552 2482.0
4553 2482.0
4554 2482.0
4555 2482.0
4556 2482.0
4557 2482.0
4558 2482.0
4559 2482.0
4560 2482.0
4561 2482.0
4562 2482.0
4563 2482.0
4564 2482.0
4565 2482.0
4566 2482.0
4567 2482.0
4568 2482.0
4569 2482.0
4570 2482.0
4571 2482.0
4572 2482.0
4573 2482.0
4574 2482.0
4575 2482.0
4576 2482.0
4577 2482.0
4578 2482.0
4579 2482.0
4580 2482.0
4581 2482.0
4582 2482.0
4583 2482.0
4584 2482.0
4585 2482.0
4586 2482.0
4587 2482.0
4588 2482.0
4589 2482.0
4590 2482.0
4591 2482.0
4592 2482.0
4593 2482.0
4594 2482.0
4595 2482.0
4596 2482.0
4597 2482.0
4598 2482.0
4599 2482.0
4600 2482.0
4601 2482.0
4602 2482.0
4603 2482.0
4604 2482.0
4605 2482.0
4606 2482.0
4607 2482.0
4608 2482.0
4609 2482.0
4610 2482.0
4611 2482.0
4612 2482.0
4613 2482.0
4614 2482.0
4615 2482.0
4616 2482.0
4617 2482.0
4618 2482.0
4619 2482.0
4620 2482.0
4621 2482.0
4622 2482.0
4623 2482.0
4624 2482.0
4625 2482.0
4626 2482.0
4627 2482.0
4628 2482.0
4629 2482.0
4630 2482.0
4631 2482.0
4632 2482.0
4633 2482.0
4634 2482.0
4635 2482.0
4636 2482.0
4637 2482.0
4638 2482.0
4639 2482.0
4640 2482.0
4641 2482.0
4642 2482.0
4643 2482.0
4644 2482.0
4645 2482.0
4646 2482.0
4647 2482.0
4648 2482.0
4649 2482.0
4650 2482.0
4651 2482.0
4652 2482.0
4653 2482.0
4654 2482.0
4655 2482.0
4656 2482.0
4657 2482.0
4658 2482.0
4659 2482.0
4660 2482.0
4661 2482.0
4662 2482.0
4663 2482.0
4664 2482.0
4665 2482.0
4666 2482.0
4667 2482.0
4668 2482.0
4669 2482.0
4670 2482.0
4671 2482.0
4672 2482.0
4673 2482.0
4674 2482.0
4675 2482.0
4676 2482.0
4677 2482.0
4678 2482.0
4679 2482.0
4680 2482.0
4681 2482.0
4682 2482.0
4683 2482.0
4684 2482.0
4685 2482.0
4686 2482.0
4687 2482.0
4688 2482.0
4689 2482.0
4690 2482.0
4691 2482.0
4692 2482.0
4693 2482.0
4694 2482.0
4695 2482.0
4696 2482.0
4697 2482.0
4698 2482.0
4699 2482.0
4700 2482.0
4701 2482.0
4702 2482.0
4703 2482.0
4704 2482.0
4705 2482.0
4706 2482.0
4707 2482.0
4708 2482.0
4709 2482.0
4710 2482.0
4711 2482.0
4712 2482.0
4713 2482.0
4714 2482.0
4715 2482.0
4716 2482.0
4717 2482.0
4718 2482.0
4719 2482.0
4720 2482.0
4721 2482.0
4722 2482.0
4723 2482.0
4724 2482.0
4725 2482.0
4726 2482.0
4727 2482.0
4728 2482.0
4729 2482.0
4730 2482.0
4731 2482.0
4732 2482.0
4733 2482.0
4734 2482.0
4735 2482.0
4736 2482.0
4737 2482.0
4738 2482.0
4739 2482.0
4740 2482.0
4741 2482.0
4742 2482.0
4743 2482.0
4744 2482.0
4745 2482.0
4746 2482.0
4747 2482.0
4748 2482.0
4749 2482.0
4750 2482.0
4751 2482.0
4752 2482.0
4753 2482.0
4754 2482.0
4755 2482.0
4756 2482.0
4757 2482.0
4758 2482.0
4759 2482.0
4760 2482.0
4761 2482.0
4762 2482.0
4763 2482.0
4764 2482.0
4765 2482.0
4766 2482.0
4767 2482.0
4768 2482.0
4769 2482.0
4770 2482.0
4771 2482.0
4772 2482.0
4773 2482.0
4774 2482.0
4775 2482.0
4776 2482.0
4777 2482.0
4778 2482.0
4779 2482.0
4780 2482.0
4781 2482.0
4782 2482.0
4783 2482.0
4784 2482.0
4785 2482.0
4786 2482.0
4787 2482.0
4788 2482.0
4789 2482.0
4790 2482.0
4791 2482.0
4792 2482.0
4793 2482.0
4794 2482.0
4795 2482.0
4796 2482.0
4797 2482.0
4798 2482.0
4799 2482.0
4800 2482.0
4801 2482.0
4802 2482.0
4803 2482.0
4804 2482.0
4805 2482.0
4806 2482.0
4807 2482.0
4808 2482.0
4809 2482.0
4810 2482.0
4811 2482.0
4812 2482.0
4813 2482.0
4814 2482.0
4815 2482.0
4816 2482.0
4817 2482.0
4818 2482.0
4819 2482.0
4820 2482.0
4821 2482.0
4822 2482.0
4823 2482.0
4824 2482.0
4825 2482.0
4826 2482.0
4827 2482.0
4828 2482.0
4829 2482.0
4830 2482.0
4831 2482.0
4832 2482.0
4833 2482.0
4834 2482.0
4835 2482.0
4836 2482.0
4837 2482.0
4838 2482.0
4839 2482.0
4840 2482.0
4841 2482.0
4842 2482.0
4843 2482.0
4844 2482.0
4845 2482.0
4846 2482.0
4847 2482.0
4848 2482.0
4849 2482.0
4850 2482.0
4851 2482.0
4852 2482.0
4853 2482.0
4854 2482.0
4855 2482.0
4856 2482.0
4857 2482.0
4858 2482.0
4859 2482.0
4860 2482.0
4861 2482.0
4862 2482.0
4863 2482.0
4864 2482.0
4865 2482.0
4866 2482.0
4867 2482.0
4868 2482.0
4869 2482.0
4870 2482.0
4871 2482.0
4872 2482.0
4873 2482.0
4874 2482.0
4875 2482.0
4876 2482.0
4877 2482.0
4878 2482.0
4879 2482.0
4880 2482.0
4881 2482.0
4882 2482.0
4883 2482.0
4884 2482.0
4885 2482.0
4886 2482.0
4887 2482.0
4888 2482.0
4889 2482.0
4890 2482.0
4891 2482.0
4892 2482.0
4893 2482.0
4894 2482.0
4895 2482.0
4896 2482.0
4897 2482.0
4898 2482.0
4899 2482.0
4900 2482.0
4901 2482.0
4902 2482.0
4903 2482.0
4904 2482.0
4905 2482.0
4906 2482.0
4907 2482.0
4908 2482.0
4909 2482.0
4910 2482.0
4911 2482.0
4912 2482.0
4913 2482.0
4914 2482.0
4915 2482.0
4916 2482.0
4917 2482.0
4918 2482.0
4919 2482.0
4920 2482.0
4921 2482.0
4922 2482.0
4923 2482.0
4924 2482.0
4925 2482.0
4926 2482.0
4927 2482.0
4928 2482.0
4929 2482.0
4930 2482.0
4931 2482.0
4932 2482.0
4933 2482.0
4934 2482.0
4935 2482.0
4936 2482.0
4937 2482.0
4938 2482.0
4939 2482.0
4940 2482.0
4941 2482.0
4942 2482.0
4943 2482.0
4944 2482.0
4945 2482.0
4946 2482.0
4947 2482.0
4948 2482.0
4949 2482.0
4950 2482.0
4951 2482.0
4952 2482.0
4953 2482.0
4954 2482.0
4955 2482.0
4956 2482.0
4957 2482.0
4958 2482.0
4959 2482.0
4960 2482.0
4961 2482.0
4962 2482.0
4963 2482.0
4964 2482.0
4965 2482.0
4966 2482.0
4967 2482.0
4968 2482.0
4969 2482.0
4970 2482.0
4971 2482.0
4972 2482.0
4973 2482.0
4974 2482.0
4975 2482.0
4976 2482.0
4977 2482.0
4978 2482.0
4979 2482.0
4980 2482.0
4981 2482.0
4982 2482.0
4983 2482.0
4984 2482.0
4985 2482.0
4986 2482.0
4987 2482.0
4988 2482.0
4989 2482.0
4990 2482.0
4991 2482.0
4992 2482.0
4993 2482.0
4994 2482.0
4995 2482.0
4996 2482.0
4997 2482.0
4998 2482.0
4999 2482.0
