0 24534.0
1 24313.0
2 24313.0
3 24313.0
4 24313.0
5 24313.0
6 24313.0
7 24313.0
8 24313.0
9 23875.0
10 23875.0
11 23657.0
12 23657.0
13 23657.0
14 23657.0
15 23440.0
16 22588.0
17 22588.0
18 22588.0
19 22588.0
20 22588.0
21 22588.0
22 22588.0
23 22588.0
24 22588.0
25 22588.0
26 22588.0
27 22588.0
28 22588.0
29 22588.0
30 22376.0
31 22168.0
32 21969.0
33 21969.0
34 21969.0
35 21969.0
36 21969.0
37 21969.0
38 21969.0
39 21969.0
40 21969.0
41 21969.0
42 21969.0
43 21969.0
44 21969.0
45 21760.0
46 21760.0
47 21760.0
48 21552.0
49 21552.0
50 21552.0
51 21552.0
52 21552.0
53 21552.0
54 21552.0
55 21140.0
56 20940.0
57 20940.0
58 20940.0
59 20940.0
60 20736.0
61 20534.0
62 20534.0
63 19156.0
64 19078.0
65 19078.0
66 19078.0
67 19078.0
68 19078.0
69 18884.0
70 18884.0
71 18884.0
72 18884.0
73 18884.0
74 18884.0
75 18884.0
76 18884.0
77 18691.0
78 18691.0
79 18691.0
80 18691.0
81 18691.0
82 17935.0
83 15977.0
84 15823.0
85 15647.0
86 15647.0
87 15647.0
88 15299.0
89 15299.0
90 15299.0
91 15299.0
92 15299.0
93 15299.0
94 15299.0
95 15299.0
96 15299.0
97 15299.0
98 15299.0
99 15299.0
100 15299.0
101 15299.0
102 15299.0
103 15299.0
104 15299.0
105 15126.0
106 15126.0
107 15126.0
108 15126.0
109 15126.0
110 15126.0
111 15126.0
112 15126.0
113 15126.0
114 15126.0
115 15126.0
116 15126.0
117 14955.0
118 14955.0
119 14955.0
120 14955.0
121 14955.0
122 14955.0
123 14811.0
124 14811.0
125 14811.0
126 14811.0
127 14811.0
128 14811.0
129 14811.0
130 14811.0
131 14811.0
132 14811.0
133 14811.0
134 14811.0
135 14811.0
136 14811.0
137 14811.0
138 14811.0
139 14811.0
140 14811.0
141 14811.0
142 14811.0
143 14811.0
144 14811.0
145 14811.0
146 14811.0
147 14811.0
148 14811.0
149 14811.0
150 14811.0
151 14811.0
152 14811.0
153 14811.0
154 14811.0
155 14811.0
156 14811.0
157 14811.0
158 14811.0
159 14811.0
160 14646.0
161 14646.0
162 14646.0
163 14646.0
164 14646.0
165 14646.0
166 14646.0
167 14646.0
168 14646.0
169 14646.0
170 14145.0
171 13986.0
172 13986.0
173 13986.0
174 13986.0
175 13986.0
176 13986.0
177 13986.0
178 13986.0
179 13986.0
180 13986.0
181 13868.0
182 13868.0
183 13868.0
184 13868.0
185 13868.0
186 13868.0
187 13868.0
188 13068.0
189 13068.0
190 13068.0
191 13068.0
192 13068.0
193 13068.0
194 13068.0
195 13068.0
196 13068.0
197 13068.0
198 13068.0
199 13068.0
200 13068.0
201 13068.0
202 13068.0
203 13068.0
204 13068.0
205 13068.0
206 13068.0
207 13068.0
208 13068.0
209 13068.0
210 13068.0
211 13068.0
212 13068.0
213 12946.0
214 12946.0
215 12946.0
216 12946.0
217 12946.0
218 12946.0
219 12946.0
220 12946.0
221 12946.0
222 12946.0
223 12946.0
224 12946.0
225 12946.0
226 12946.0
227 12946.0
228 12946.0
229 12651.0
230 12651.0
231 12651.0
232 12043.0
233 12043.0
234 12043.0
235 12043.0
236 11451.0
237 11451.0
238 11451.0
239 11451.0
240 11451.0
241 11451.0
242 11451.0
243 11451.0
244 11451.0
245 11451.0
246 11451.0
247 11451.0
248 11451.0
249 11451.0
250 11451.0
251 11451.0
252 11451.0
253 11451.0
254 11451.0
255 11451.0
256 11451.0
257 11451.0
258 11451.0
259 11451.0
260 11451.0
261 11451.0
262 11451.0
263 11451.0
264 11451.0
265 11451.0
266 11451.0
267 11451.0
268 11451.0
269 11451.0
270 11451.0
271 11451.0
272 11418.0
273 11418.0
274 11418.0
275 11418.0
276 11418.0
277 11418.0
278 11418.0
279 9786.0
280 9676.0
281 9676.0
282 9676.0
283 9676.0
284 9676.0
285 9676.0
286 9676.0
287 9676.0
288 9676.0
289 9676.0
290 9676.0
291 9410.0
292 9410.0
293 9410.0
294 9410.0
295 9410.0
296 9410.0
297 9410.0
298 9410.0
299 9410.0
300 9410.0
301 9410.0
302 9410.0
303 9410.0
304 9410.0
305 9410.0
306 9410.0
307 9410.0
308 9410.0
309 9410.0
310 9410.0
311 9410.0
312 9410.0
313 9410.0
314 9410.0
315 9410.0
316 9410.0
317 9410.0
318 9410.0
319 9410.0
320 9410.0
321 9410.0
322 9410.0
323 9410.0
324 9410.0
325 9410.0
326 9410.0
327 9410.0
328 9410.0
329 9410.0
330 9410.0
331 9410.0
332 9410.0
333 9410.0
334 9410.0
335 9410.0
336 9410.0
337 9410.0
338 9410.0
339 9410.0
340 9410.0
341 9410.0
342 9410.0
343 9410.0
344 9410.0
345 9410.0
346 9410.0
347 9410.0
348 9410.0
349 9410.0
350 9410.0
351 9410.0
352 9210.0
353 9136.0
354 9136.0
355 9136.0
356 9098.0
357 9098.0
358 9098.0
359 9098.0
360 9098.0
361 9098.0
362 9098.0
363 9084.0
364 9084.0
365 9084.0
366 9084.0
367 9084.0
368 9084.0
369 9022.0
370 8953.0
371 8953.0
372 8953.0
373 8953.0
374 8953.0
375 8953.0
376 8953.0
377 8953.0
378 8953.0
379 8953.0
380 8953.0
381 8953.0
382 8953.0
383 8953.0
384 8953.0
385 8953.0
386 8953.0
387 8953.0
388 8953.0
389 8953.0
390 8953.0
391 8953.0
392 8953.0
393 8953.0
394 8953.0
395 8953.0
396 8953.0
397 8714.0
398 8714.0
399 8714.0
400 8714.0
401 8714.0
402 8714.0
403 8714.0
404 7668.0
405 7668.0
406 7668.0
407 7668.0
408 7668.0
409 7668.0
410 7668.0
411 7584.0
412 7584.0
413 7584.0
414 7494.0
415 7494.0
416 7494.0
417 7494.0
418 7456.0
419 7456.0
420 7384.0
421 7384.0
422 7384.0
423 7384.0
424 7384.0
425 7384.0
426 7384.0
427 7384.0
428 7384.0
429 7384.0
430 7384.0
431 7162.0
432 7162.0
433 7162.0
434 7162.0
435 7162.0
436 7162.0
437 7162.0
438 7162.0
439 7162.0
440 7162.0
441 7162.0
442 7162.0
443 7162.0
444 7162.0
445 7162.0
446 7162.0
447 7162.0
448 7162.0
449 7162.0
450 7162.0
451 7162.0
452 7162.0
453 7162.0
454 7162.0
455 7162.0
456 7162.0
457 7162.0
458 7162.0
459 7162.0
460 7162.0
461 7162.0
462 7110.0
463 7110.0
464 7110.0
465 7110.0
466 7110.0
467 7110.0
468 7110.0
469 4734.0
470 4734.0
471 4734.0
472 4734.0
473 4734.0
474 4734.0
475 4734.0
476 4734.0
477 4584.0
478 4584.0
479 4584.0
480 4584.0
481 4584.0
482 4584.0
483 4584.0
484 4584.0
485 4584.0
486 4557.0
487 4557.0
488 4546.0
489 4546.0
490 4546.0
491 4546.0
492 4505.0
493 4505.0
494 4505.0
495 4505.0
496 4505.0
497 4505.0
498 4505.0
499 4505.0
500 4505.0
501 4505.0
502 4505.0
503 4505.0
504 4505.0
505 4505.0
506 4505.0
507 4505.0
508 4505.0
509 4505.0
510 4505.0
511 4505.0
512 4505.0
513 4505.0
514 4505.0
515 4505.0
516 4505.0
517 4505.0
518 4505.0
519 4505.0
520 4505.0
521 4505.0
522 4505.0
523 4505.0
524 4505.0
525 4505.0
526 4505.0
527 4505.0
528 4490.0
529 4478.0
530 4478.0
531 4478.0
532 4472.0
533 4472.0
534 4472.0
535 4446.0
536 4446.0
537 4446.0
538 4437.0
539 4437.0
540 4437.0
541 4437.0
542 4437.0
543 4437.0
544 4437.0
545 4437.0
546 4437.0
547 4437.0
548 4376.0
549 4116.0
550 4082.0
551 4082.0
552 4082.0
553 4072.0
554 4072.0
555 4045.0
556 4045.0
557 4020.0
558 4019.0
559 4019.0
560 4019.0
561 4019.0
562 3960.0
563 3960.0
564 3960.0
565 3960.0
566 3960.0
567 3960.0
568 3960.0
569 3816.0
570 3816.0
571 3816.0
572 3816.0
573 3816.0
574 3816.0
575 3816.0
576 3816.0
577 3816.0
578 3816.0
579 3816.0
580 3816.0
581 3816.0
582 3816.0
583 3816.0
584 3816.0
585 3816.0
586 3816.0
587 3816.0
588 3816.0
589 3816.0
590 3816.0
591 3816.0
592 3816.0
593 3816.0
594 3816.0
595 3816.0
596 3816.0
597 3816.0
598 3816.0
599 3816.0
600 3816.0
601 3816.0
602 3816.0
603 3815.0
604 3815.0
605 3815.0
606 3815.0
607 3775.0
608 3775.0
609 3775.0
610 3775.0
611 3775.0
612 3775.0
613 3775.0
614 3775.0
615 3775.0
616 3775.0
617 3775.0
618 3775.0
619 3775.0
620 3775.0
621 3775.0
622 3775.0
623 3775.0
624 3775.0
625 3775.0
626 3775.0
627 3775.0
628 3775.0
629 3775.0
630 3775.0
631 3775.0
632 3775.0
633 3775.0
634 3775.0
635 3775.0
636 3775.0
637 3775.0
638 3753.0
639 3753.0
640 3753.0
641 3753.0
642 3753.0
643 3753.0
644 3753.0
645 3753.0
646 3753.0
647 3753.0
648 3753.0
649 3753.0
650 3753.0
651 3573.0
652 3526.0
653 3526.0
654 3526.0
655 3526.0
656 3526.0
657 3526.0
658 3526.0
659 3526.0
660 3526.0
661 3526.0
662 3526.0
663 3526.0
664 3526.0
665 3526.0
666 3526.0
667 3526.0
668 3526.0
669 3526.0
670 3505.0
671 3505.0
672 3505.0
673 3505.0
674 3505.0
675 3505.0
676 3505.0
677 3505.0
678 3472.0
679 3472.0
680 3472.0
681 3472.0
682 3458.0
683 3458.0
684 3458.0
685 3458.0
686 3458.0
687 3458.0
688 3458.0
689 3458.0
690 3458.0
691 3458.0
692 3458.0
693 3458.0
694 3458.0
695 3458.0
696 3458.0
697 3458.0
698 3458.0
699 3458.0
700 3458.0
701 3458.0
702 3458.0
703 3458.0
704 3458.0
705 3458.0
706 3458.0
707 3458.0
708 3458.0
709 3458.0
710 3458.0
711 3458.0
712 3458.0
713 3458.0
714 3458.0
715 3458.0
716 3458.0
717 3458.0
718 3458.0
719 3458.0
720 3458.0
721 3458.0
722 3442.0
723 3442.0
724 3442.0
725 3442.0
726 3442.0
727 3442.0
728 3442.0
729 3442.0
730 3442.0
731 3442.0
732 3442.0
733 3442.0
734 3442.0
735 3442.0
736 3442.0
737 3442.0
738 3442.0
739 3442.0
740 3442.0
741 3442.0
742 3442.0
743 3442.0
744 3442.0
745 3442.0
746 3442.0
747 3442.0
748 3442.0
749 3442.0
750 3442.0
751 3442.0
752 3442.0
753 3442.0
754 3442.0
755 3442.0
756 3442.0
757 3442.0
758 3442.0
759 3442.0
760 3442.0
761 3442.0
762 3442.0
763 3442.0
764 3442.0
765 3442.0
766 3442.0
767 3442.0
768 3442.0
769 3442.0
770 3442.0
771 3442.0
772 3442.0
773 3442.0
774 3442.0
775 3442.0
776 3442.0
777 3442.0
778 3442.0
779 3442.0
780 3442.0
781 3442.0
782 3442.0
783 3442.0
784 3442.0
785 3442.0
786 3442.0
787 3442.0
788 3436.0
789 3436.0
790 3436.0
791 3436.0
792 3436.0
793 3436.0
794 3436.0
795 3436.0
796 3436.0
797 3436.0
798 3436.0
799 3436.0
800 3436.0
801 3436.0
802 3436.0
803 3436.0
804 3436.0
805 3436.0
806 3436.0
807 3436.0
808 3436.0
809 3436.0
810 3436.0
811 3436.0
812 3436.0
813 3436.0
814 3436.0
815 3436.0
816 3436.0
817 3436.0
818 3436.0
819 3436.0
820 3436.0
821 3436.0
822 3436.0
823 3436.0
824 3436.0
825 3436.0
826 3436.0
827 3436.0
828 3436.0
829 3436.0
830 3436.0
831 3436.0
832 3436.0
833 3436.0
834 3436.0
835 3436.0
836 3436.0
837 3436.0
838 3436.0
839 3436.0
840 3436.0
841 3436.0
842 3436.0
843 3436.0
844 3436.0
845 3436.0
846 3406.0
847 3406.0
848 3406.0
849 3406.0
850 3406.0
851 3406.0
852 3406.0
853 3406.0
854 3406.0
855 3406.0
856 3406.0
857 3406.0
858 3406.0
859 3406.0
860 3406.0
861 3406.0
862 3406.0
863 3406.0
864 3406.0
865 3406.0
866 3406.0
867 3406.0
868 3406.0
869 3406.0
870 3406.0
871 3406.0
872 3406.0
873 3406.0
874 3406.0
875 3406.0
876 3406.0
877 3406.0
878 3406.0
879 3406.0
880 3406.0
881 3406.0
882 3406.0
883 3406.0
884 3406.0
885 3406.0
886 3406.0
887 3406.0
888 3406.0
889 3406.0
890 3406.0
891 3406.0
892 3406.0
893 3406.0
894 3406.0
895 3406.0
896 3406.0
897 3406.0
898 3404.0
899 3404.0
900 3404.0
901 3404.0
902 3404.0
903 3404.0
904 3404.0
905 3404.0
906 3404.0
907 3404.0
908 3404.0
909 3404.0
910 3404.0
911 3404.0
912 3404.0
913 3404.0
914 3404.0
915 3404.0
916 3404.0
917 3404.0
918 3404.0
919 3404.0
920 3404.0
921 3404.0
922 3404.0
923 3404.0
924 3404.0
925 3404.0
926 3404.0
927 3404.0
928 3404.0
929 3404.0
930 3404.0
931 3404.0
932 3404.0
933 3404.0
934 3404.0
935 3404.0
936 3404.0
937 3404.0
938 3404.0
939 3404.0
940 3404.0
941 3404.0
942 3404.0
943 3404.0
944 3404.0
945 3404.0
946 3404.0
947 3404.0
948 3404.0
949 3404.0
950 3404.0
951 3404.0
952 3404.0
953 3404.0
954 3404.0
955 3404.0
956 3404.0
957 3404.0
958 3404.0
959 3404.0
960 3404.0
961 3404.0
962 3404.0
963 3404.0
964 3404.0
965 3404.0
966 3404.0
967 3404.0
968 3404.0
969 3404.0
970 3404.0
971 3404.0
972 3404.0
973 3404.0
974 3404.0
975 3404.0
976 3404.0
977 3404.0
978 3404.0
979 3404.0
980 3404.0
981 3404.0
982 3404.0
983 3404.0
984 3404.0
985 3404.0
986 3404.0
987 3404.0
988 3404.0
989 3404.0
990 3404.0
991 3404.0
992 3404.0
993 3404.0
994 3404.0
995 3404.0
996 3404.0
997 3404.0
998 3404.0
999 3404.0
1000 3404.0
1001 3404.0
1002 3404.0
1003 3404.0
1004 3404.0
1005 3404.0
1006 3404.0
1007 3404.0
1008 3404.0
1009 3404.0
1010 3404.0
1011 3404.0
1012 3404.0
1013 3404.0
1014 3404.0
1015 3404.0
1016 3404.0
1017 3404.0
1018 3404.0
1019 3404.0
1020 3404.0
1021 3404.0
1022 3404.0
1023 3404.0
1024 3404.0
1025 3404.0
1026 3404.0
1027 3404.0
1028 3404.0
1029 3404.0
1030 3404.0
1031 3404.0
1032 3404.0
1033 3404.0
1034 3404.0
1035 3404.0
1036 3404.0
1037 3404.0
1038 3404.0
1039 3404.0
1040 3404.0
1041 3404.0
1042 3404.0
1043 3404.0
1044 3404.0
1045 3404.0
1046 3404.0
1047 3404.0
1048 3404.0
1049 3404.0
1050 3404.0
1051 3404.0
1052 3404.0
1053 3404.0
1054 3404.0
1055 3404.0
1056 3404.0
1057 3404.0
1058 3404.0
1059 3404.0
1060 3404.0
1061 3404.0
1062 3404.0
1063 3404.0
1064 3404.0
1065 3404.0
1066 3404.0
1067 3404.0
1068 3404.0
1069 3404.0
1070 3404.0
1071 3404.0
1072 3404.0
1073 3404.0
1074 3404.0
1075 3404.0
1076 3404.0
1077 3404.0
1078 3404.0
1079 3404.0
1080 3404.0
1081 3404.0
1082 3404.0
1083 3404.0
1084 3404.0
1085 3404.0
1086 3404.0
1087 3404.0
1088 3404.0
1089 3404.0
1090 3404.0
1091 3404.0
1092 3404.0
1093 3404.0
1094 3404.0
1095 3404.0
1096 3404.0
1097 3404.0
1098 3404.0
1099 3404.0
1100 3404.0
1101 3404.0
1102 3404.0
1103 3404.0
1104 3404.0
1105 3404.0
1106 3404.0
1107 3404.0
1108 3404.0
1109 3404.0
1110 3404.0
1111 3404.0
1112 3404.0
1113 3404.0
1114 3404.0
1115 3404.0
1116 3404.0
1117 3404.0
1118 3404.0
1119 3404.0
1120 3404.0
1121 3404.0
1122 3404.0
1123 3404.0
1124 3404.0
1125 3404.0
1126 3404.0
1127 3404.0
1128 3404.0
1129 3404.0
1130 3404.0
1131 3404.0
1132 3404.0
1133 3404.0
1134 3404.0
1135 3404.0
1136 3404.0
1137 3404.0
1138 3404.0
1139 3404.0
1140 3404.0
1141 3404.0
1142 3404.0
1143 3404.0
1144 3404.0
1145 3404.0
1146 3404.0
1147 3404.0
1148 3404.0
1149 3404.0
1150 3404.0
1151 3404.0
1152 3404.0
1153 3404.0
1154 3379.0
1155 3379.0
1156 3379.0
1157 3379.0
1158 3379.0
1159 3379.0
1160 3379.0
1161 3379.0
1162 3379.0
1163 3379.0
1164 3379.0
1165 3379.0
1166 3379.0
1167 3379.0
1168 3379.0
1169 3379.0
1170 3379.0
1171 3379.0
1172 3379.0
1173 3379.0
1174 3379.0
1175 3379.0
1176 3379.0
1177 3379.0
1178 3379.0
1179 3379.0
1180 3379.0
1181 3379.0
1182 3379.0
1183 3379.0
1184 3379.0
1185 3379.0
1186 3379.0
1187 3379.0
1188 3379.0
1189 3379.0
1190 3379.0
1191 3379.0
1192 3379.0
1193 3379.0
1194 3379.0
1195 3379.0
1196 3379.0
1197 3379.0
1198 3379.0
1199 3379.0
1200 3379.0
1201 3379.0
1202 3379.0
1203 3379.0
1204 3379.0
1205 3379.0
1206 3379.0
1207 3379.0
1208 3379.0
1209 3379.0
1210 3379.0
1211 3379.0
1212 3379.0
1213 3379.0
1214 3379.0
1215 3379.0
1216 3379.0
1217 3379.0
1218 3379.0
1219 3379.0
1220 3379.0
1221 3379.0
1222 3379.0
1223 3379.0
1224 3379.0
1225 3379.0
1226 3379.0
1227 3379.0
1228 3379.0
1229 3379.0
1230 3379.0
1231 3379.0
1232 3379.0
1233 3379.0
1234 3379.0
1235 3379.0
1236 3379.0
1237 3379.0
1238 3379.0
1239 3379.0
1240 3379.0
1241 3379.0
1242 3379.0
1243 3379.0
1244 3379.0
1245 3379.0
1246 3379.0
1247 3379.0
1248 3379.0
1249 3379.0
1250 3379.0
1251 3379.0
1252 3379.0
1253 3379.0
1254 3379.0
1255 3379.0
1256 3379.0
1257 3379.0
1258 3379.0
1259 3379.0
1260 3379.0
1261 3379.0
1262 3379.0
1263 3379.0
1264 3379.0
1265 3379.0
1266 3379.0
1267 3379.0
1268 3379.0
1269 3379.0
1270 3379.0
1271 3379.0
1272 3379.0
1273 3379.0
1274 3379.0
1275 3379.0
1276 3379.0
1277 3379.0
1278 3379.0
1279 3379.0
1280 3379.0
1281 3379.0
1282 3379.0
1283 3379.0
1284 3379.0
1285 3379.0
1286 3379.0
1287 3379.0
1288 3379.0
1289 3379.0
1290 3379.0
1291 3379.0
1292 3379.0
1293 3379.0
1294 3379.0
1295 3379.0
1296 3379.0
1297 3379.0
1298 3379.0
1299 3379.0
1300 3379.0
1301 3379.0
1302 3379.0
1303 3379.0
1304 3379.0
1305 3379.0
1306 3379.0
1307 3379.0
1308 3379.0
1309 3379.0
1310 3379.0
1311 3379.0
1312 3379.0
1313 3379.0
1314 3379.0
1315 3379.0
1316 3379.0
1317 3379.0
1318 3379.0
1319 3379.0
1320 3379.0
1321 3379.0
1322 3379.0
1323 3379.0
1324 3379.0
1325 3379.0
1326 3379.0
1327 3379.0
1328 3379.0
1329 3379.0
1330 3379.0
1331 3379.0
1332 3379.0
1333 3379.0
1334 3379.0
1335 3379.0
1336 3379.0
1337 3379.0
1338 3379.0
1339 3379.0
1340 3379.0
1341 3379.0
1342 3379.0
1343 3379.0
1344 3379.0
1345 3379.0
1346 3379.0
1347 3379.0
1348 3379.0
1349 3379.0
1350 3379.0
1351 3379.0
1352 3379.0
1353 3379.0
1354 3379.0
1355 3379.0
1356 3379.0
1357 3379.0
1358 3379.0
1359 3379.0
1360 3379.0
1361 3379.0
1362 3379.0
1363 3379.0
1364 3379.0
1365 3379.0
1366 3379.0
1367 3379.0
1368 3379.0
1369 3379.0
1370 3379.0
1371 3379.0
1372 3379.0
1373 3379.0
1374 3379.0
1375 3379.0
1376 3379.0
1377 3379.0
1378 3379.0
1379 3379.0
1380 3379.0
1381 3379.0
1382 3379.0
1383 3379.0
1384 3379.0
1385 3379.0
1386 3379.0
1387 3379.0
1388 3379.0
1389 3379.0
1390 3379.0
1391 3379.0
1392 3379.0
1393 3379.0
1394 3379.0
1395 3379.0
1396 3379.0
1397 3379.0
1398 3379.0
1399 3379.0
1400 3379.0
1401 3379.0
1402 3379.0
1403 3379.0
1404 3379.0
1405 3379.0
1406 3379.0
1407 3379.0
1408 3379.0
1409 3379.0
1410 3379.0
1411 3379.0
1412 3379.0
1413 3379.0
1414 3379.0
1415 3379.0
1416 3379.0
1417 3379.0
1418 3379.0
1419 3379.0
1420 3379.0
1421 3379.0
1422 3379.0
1423 3379.0
1424 3379.0
1425 3379.0
1426 3379.0
1427 3379.0
1428 3379.0
1429 3379.0
1430 3379.0
1431 3379.0
1432 3379.0
1433 3379.0
1434 3379.0
1435 3379.0
1436 3379.0
1437 3379.0
1438 3379.0
1439 3379.0
1440 3379.0
1441 3379.0
1442 3379.0
1443 3379.0
1444 3379.0
1445 3379.0
1446 3379.0
1447 3379.0
1448 3379.0
1449 3379.0
1450 3379.0
1451 3379.0
1452 3379.0
1453 3379.0
1454 3379.0
1455 3379.0
1456 3379.0
1457 3379.0
1458 3379.0
1459 3379.0
1460 3379.0
1461 3379.0
1462 3379.0
1463 3379.0
1464 3379.0
1465 3379.0
1466 3379.0
1467 3379.0
1468 3379.0
1469 3379.0
1470 3379.0
1471 3379.0
1472 3379.0
1473 3379.0
1474 3379.0
1475 3379.0
1476 3379.0
1477 3379.0
1478 3379.0
1479 3379.0
1480 3379.0
1481 3379.0
1482 3379.0
1483 3379.0
1484 3379.0
1485 3379.0
1486 3379.0
1487 3379.0
1488 3379.0
1489 3379.0
1490 3379.0
1491 3379.0
1492 3379.0
1493 3379.0
1494 3379.0
1495 3379.0
1496 3379.0
1497 3379.0
1498 3379.0
1499 3379.0
1500 3379.0
1501 3379.0
1502 3379.0
1503 3379.0
1504 3379.0
1505 3379.0
1506 3379.0
1507 3379.0
1508 3379.0
1509 3379.0
1510 3379.0
1511 3379.0
1512 3379.0
1513 3379.0
1514 3379.0
1515 3379.0
1516 3379.0
1517 3379.0
1518 3379.0
1519 3379.0
1520 3379.0
1521 3379.0
1522 3379.0
1523 3379.0
1524 3379.0
1525 3379.0
1526 3379.0
1527 3379.0
1528 3379.0
1529 3379.0
1530 3379.0
1531 3379.0
1532 3379.0
1533 3379.0
1534 3379.0
1535 3379.0
1536 3379.0
1537 3379.0
1538 3379.0
1539 3379.0
1540 3379.0
1541 3379.0
1542 3379.0
1543 3379.0
1544 3379.0
1545 3379.0
1546 3379.0
1547 3379.0
1548 3379.0
1549 3379.0
1550 3379.0
1551 3379.0
1552 3379.0
1553 3379.0
1554 3379.0
1555 3379.0
1556 3379.0
1557 3379.0
1558 3379.0
1559 3379.0
1560 3379.0
1561 3379.0
1562 3379.0
1563 3379.0
1564 3379.0
1565 3379.0
1566 3379.0
1567 3379.0
1568 3379.0
1569 3379.0
1570 3379.0
1571 3379.0
1572 3379.0
1573 3379.0
1574 3379.0
1575 3379.0
1576 3379.0
1577 3379.0
1578 3379.0
1579 3379.0
1580 3379.0
1581 3379.0
1582 3379.0
1583 3379.0
1584 3379.0
1585 3379.0
1586 3379.0
1587 3379.0
1588 3379.0
1589 3379.0
1590 3379.0
1591 3379.0
1592 3379.0
1593 3379.0
1594 3379.0
1595 3379.0
1596 3379.0
1597 3379.0
1598 3379.0
1599 3379.0
1600 3379.0
1601 3379.0
1602 3379.0
1603 3379.0
1604 3379.0
1605 3379.0
1606 3379.0
1607 3379.0
1608 3379.0
1609 3379.0
1610 3379.0
1611 3379.0
1612 3379.0
1613 3379.0
1614 3379.0
1615 3379.0
1616 3379.0
1617 3379.0
1618 3379.0
1619 3379.0
1620 3379.0
1621 3379.0
1622 3379.0
1623 3379.0
1624 3379.0
1625 3379.0
1626 3379.0
1627 3379.0
1628 3379.0
1629 3379.0
1630 3379.0
1631 3379.0
1632 3379.0
1633 3379.0
1634 3379.0
1635 3379.0
1636 3379.0
1637 3379.0
1638 3379.0
1639 3379.0
1640 3379.0
1641 3379.0
1642 3379.0
1643 3379.0
1644 3379.0
1645 3379.0
1646 3379.0
1647 3379.0
1648 3379.0
1649 3379.0
1650 3379.0
1651 3379.0
1652 3379.0
1653 3379.0
1654 3379.0
1655 3379.0
1656 3379.0
1657 3379.0
1658 3379.0
1659 3379.0
1660 3379.0
1661 3379.0
1662 3379.0
1663 3379.0
1664 3379.0
1665 3379.0
1666 3379.0
1667 3379.0
1668 3379.0
1669 3379.0
1670 3379.0
1671 3379.0
1672 3379.0
1673 3379.0
1674 3379.0
1675 3379.0
1676 3379.0
1677 3379.0
1678 3379.0
1679 3379.0
1680 3379.0
1681 3379.0
1682 3379.0
1683 3379.0
1684 3379.0
1685 3379.0
1686 3379.0
1687 3379.0
1688 3379.0
1689 3379.0
1690 3379.0
1691 3379.0
1692 3379.0
1693 3379.0
1694 3379.0
1695 3379.0
1696 3379.0
1697 3379.0
1698 3379.0
1699 3379.0
1700 3379.0
1701 3379.0
1702 3379.0
1703 3379.0
1704 3379.0
1705 3379.0
1706 3379.0
1707 3379.0
1708 3379.0
1709 3379.0
1710 3379.0
1711 3379.0
1712 3379.0
1713 3379.0
1714 3379.0
1715 3379.0
1716 3379.0
1717 3379.0
1718 3379.0
1719 3379.0
1720 3379.0
1721 3379.0
1722 3379.0
1723 3379.0
1724 3379.0
1725 3379.0
1726 3379.0
1727 3379.0
1728 3379.0
1729 3379.0
1730 3379.0
1731 3379.0
1732 3379.0
1733 3379.0
1734 3379.0
1735 3379.0
1736 3379.0
1737 3379.0
1738 3379.0
1739 3379.0
1740 3379.0
1741 3379.0
1742 3379.0
1743 3379.0
1744 3379.0
1745 3379.0
1746 3379.0
1747 3379.0
1748 3379.0
1749 3379.0
1750 3379.0
1751 3379.0
1752 3379.0
1753 3379.0
1754 3379.0
1755 3379.0
1756 3379.0
1757 3379.0
1758 3379.0
1759 3379.0
1760 3379.0
1761 3379.0
1762 3379.0
1763 3379.0
1764 3379.0
1765 3379.0
1766 3379.0
1767 3379.0
1768 3379.0
1769 3379.0
1770 3379.0
1771 3379.0
1772 3379.0
1773 3379.0
1774 3379.0
1775 3379.0
1776 3379.0
1777 3379.0
1778 3379.0
1779 3379.0
1780 3379.0
1781 3379.0
1782 3379.0
1783 3379.0
1784 3379.0
1785 3379.0
1786 3379.0
1787 3379.0
1788 3379.0
1789 3379.0
1790 3379.0
1791 3379.0
1792 3379.0
1793 3379.0
1794 3379.0
1795 3379.0
1796 3379.0
1797 3379.0
1798 3379.0
1799 3379.0
1800 3379.0
1801 3379.0
1802 3379.0
1803 3379.0
1804 3379.0
1805 3379.0
1806 3379.0
1807 3379.0
1808 3379.0
1809 3379.0
1810 3379.0
1811 3379.0
1812 3379.0
1813 3379.0
1814 3379.0
1815 3379.0
1816 3379.0
1817 3379.0
1818 3379.0
1819 3379.0
1820 3379.0
1821 3379.0
1822 3379.0
1823 3379.0
1824 3379.0
1825 3379.0
1826 3379.0
1827 3379.0
1828 3379.0
1829 3379.0
1830 3379.0
1831 3379.0
1832 3379.0
1833 3379.0
1834 3379.0
1835 3379.0
1836 3379.0
1837 3379.0
1838 3379.0
1839 3379.0
1840 3379.0
1841 3379.0
1842 3379.0
1843 3379.0
1844 3379.0
1845 3379.0
1846 3379.0
1847 3379.0
1848 3379.0
1849 3379.0
1850 3379.0
1851 3379.0
1852 3379.0
1853 3379.0
1854 3379.0
1855 3379.0
1856 3379.0
1857 3379.0
1858 3379.0
1859 3379.0
1860 3379.0
1861 3379.0
1862 3379.0
1863 3379.0
1864 3379.0
1865 3379.0
1866 3379.0
1867 3379.0
1868 3379.0
1869 3379.0
1870 3379.0
1871 3379.0
1872 3379.0
1873 3379.0
1874 3379.0
1875 3379.0
1876 3379.0
1877 3379.0
1878 3379.0
1879 3379.0
1880 3379.0
1881 3379.0
1882 3379.0
1883 3379.0
1884 3379.0
1885 3379.0
1886 3379.0
1887 3379.0
1888 3379.0
1889 3379.0
1890 3379.0
1891 3379.0
1892 3379.0
1893 3379.0
1894 3379.0
1895 3379.0
1896 3379.0
1897 3379.0
1898 3379.0
1899 3379.0
1900 3379.0
1901 3379.0
1902 3379.0
1903 3379.0
1904 3379.0
1905 3379.0
1906 3379.0
1907 3379.0
1908 3379.0
1909 3379.0
1910 3379.0
1911 3379.0
1912 3379.0
1913 3379.0
1914 3379.0
1915 3379.0
1916 3379.0
1917 3379.0
1918 3379.0
1919 3379.0
1920 3379.0
1921 3379.0
1922 3379.0
1923 3379.0
1924 3379.0
1925 3379.0
1926 3379.0
1927 3379.0
1928 3379.0
1929 3379.0
1930 3379.0
1931 3379.0
1932 3379.0
1933 3379.0
1934 3379.0
1935 3379.0
1936 3379.0
1937 3379.0
1938 3379.0
1939 3379.0
1940 3379.0
1941 3379.0
1942 3379.0
1943 3379.0
1944 3379.0
1945 3379.0
1946 3379.0
1947 3379.0
1948 3379.0
1949 3379.0
1950 3379.0
1951 3379.0
1952 3379.0
1953 3379.0
1954 3379.0
1955 3379.0
1956 3379.0
1957 3379.0
1958 3379.0
1959 3379.0
1960 3379.0
1961 3379.0
1962 3379.0
1963 3379.0
1964 3379.0
1965 3379.0
1966 3379.0
1967 3379.0
1968 3379.0
1969 3379.0
1970 3379.0
1971 3379.0
1972 3379.0
1973 3379.0
1974 3379.0
1975 3379.0
1976 3379.0
1977 3379.0
1978 3379.0
1979 3379.0
1980 3379.0
1981 3379.0
1982 3379.0
1983 3379.0
1984 3379.0
1985 3379.0
1986 3379.0
1987 3379.0
1988 3379.0
1989 3379.0
1990 3379.0
1991 3379.0
1992 3379.0
1993 3379.0
1994 3379.0
1995 3379.0
1996 3379.0
1997 3379.0
1998 3379.0
1999 3379.0
2000 3379.0
2001 3379.0
2002 3379.0
2003 3379.0
2004 3379.0
2005 3379.0
2006 3379.0
2007 3379.0
2008 3379.0
2009 3379.0
2010 3379.0
2011 3379.0
2012 3379.0
2013 3379.0
2014 3379.0
2015 3379.0
2016 3379.0
2017 3379.0
2018 3379.0
2019 3379.0
2020 3379.0
2021 3379.0
2022 3379.0
2023 3379.0
2024 3379.0
2025 3379.0
2026 3379.0
2027 3379.0
2028 3379.0
2029 3379.0
2030 3379.0
2031 3379.0
2032 3379.0
2033 3379.0
2034 3379.0
2035 3379.0
2036 3379.0
2037 3379.0
2038 3379.0
2039 3379.0
2040 3379.0
2041 3379.0
2042 3379.0
2043 3379.0
2044 3379.0
2045 3379.0
2046 3379.0
2047 3379.0
2048 3379.0
2049 3379.0
2050 3379.0
2051 3379.0
2052 3379.0
2053 3379.0
2054 3379.0
2055 3379.0
2056 3379.0
2057 3379.0
2058 3379.0
2059 3379.0
2060 3379.0
2061 3379.0
2062 3379.0
2063 3379.0
2064 3379.0
2065 3379.0
2066 3379.0
2067 3379.0
2068 3379.0
2069 3379.0
2070 3379.0
2071 3379.0
2072 3379.0
2073 3379.0
2074 3379.0
2075 3379.0
2076 3379.0
2077 3379.0
2078 3379.0
2079 3379.0
2080 3379.0
2081 3379.0
2082 3379.0
2083 3379.0
2084 3379.0
2085 3379.0
2086 3379.0
2087 3379.0
2088 3379.0
2089 3379.0
2090 3379.0
2091 3379.0
2092 3379.0
2093 3379.0
2094 3379.0
2095 3379.0
2096 3379.0
2097 3379.0
2098 3379.0
2099 3379.0
2100 3379.0
2101 3379.0
2102 3379.0
2103 3379.0
2104 3379.0
2105 3379.0
2106 3379.0
2107 3379.0
2108 3379.0
2109 3379.0
2110 3379.0
2111 3379.0
2112 3379.0
2113 3379.0
2114 3379.0
2115 3379.0
2116 3379.0
2117 3379.0
2118 3379.0
2119 3379.0
2120 3379.0
2121 3379.0
2122 3379.0
2123 3379.0
2124 3379.0
2125 3379.0
2126 3379.0
2127 3379.0
2128 3379.0
2129 3379.0
2130 3379.0
2131 3379.0
2132 3379.0
2133 3379.0
2134 3379.0
2135 3379.0
2136 3379.0
2137 3379.0
2138 3379.0
2139 3379.0
2140 3379.0
2141 3379.0
2142 3379.0
2143 3379.0
2144 3379.0
2145 3379.0
2146 3379.0
2147 3379.0
2148 3379.0
2149 3379.0
2150 3379.0
2151 3379.0
2152 3379.0
2153 3379.0
2154 3379.0
2155 3379.0
2156 3379.0
2157 3379.0
2158 3379.0
2159 3379.0
2160 3379.0
2161 3379.0
2162 3379.0
2163 3379.0
2164 3379.0
2165 3379.0
2166 3379.0
2167 3379.0
2168 3379.0
2169 3379.0
2170 3379.0
2171 3379.0
2172 3379.0
2173 3379.0
2174 3379.0
2175 3379.0
2176 3379.0
2177 3379.0
2178 3379.0
2179 3379.0
2180 3379.0
2181 3379.0
2182 3379.0
2183 3379.0
2184 3379.0
2185 3379.0
2186 3379.0
2187 3379.0
2188 3379.0
2189 3379.0
2190 3379.0
2191 3379.0
2192 3379.0
2193 3379.0
2194 3379.0
2195 3379.0
2196 3379.0
2197 3379.0
2198 3379.0
2199 3379.0
2200 3379.0
2201 3379.0
2202 3379.0
2203 3379.0
2204 3379.0
2205 3379.0
2206 3379.0
2207 3379.0
2208 3379.0
2209 3379.0
2210 3379.0
2211 3379.0
2212 3379.0
2213 3379.0
2214 3379.0
2215 3379.0
2216 3379.0
2217 3379.0
2218 3379.0
2219 3379.0
2220 3379.0
2221 3379.0
2222 3379.0
2223 3379.0
2224 3379.0
2225 3379.0
2226 3379.0
2227 3379.0
2228 3379.0
2229 3379.0
2230 3379.0
2231 3379.0
2232 3379.0
2233 3379.0
2234 3379.0
2235 3379.0
2236 3379.0
2237 3379.0
2238 3379.0
2239 3379.0
2240 3379.0
2241 3379.0
2242 3379.0
2243 3379.0
2244 3379.0
2245 3379.0
2246 3379.0
2247 3379.0
2248 3379.0
2249 3379.0
2250 3379.0
2251 3379.0
2252 3379.0
2253 3379.0
2254 3379.0
2255 3379.0
2256 3379.0
2257 3379.0
2258 3379.0
2259 3379.0
2260 3379.0
2261 3379.0
2262 3379.0
2263 3379.0
2264 3379.0
2265 3379.0
2266 3379.0
2267 3379.0
2268 3379.0
2269 3379.0
2270 3379.0
2271 3379.0
2272 3379.0
2273 3379.0
2274 3379.0
2275 3379.0
2276 3379.0
2277 3379.0
2278 3379.0
2279 3379.0
2280 3379.0
2281 3379.0
2282 3379.0
2283 3379.0
2284 3379.0
2285 3379.0
2286 3379.0
2287 3379.0
2288 3379.0
2289 3379.0
2290 3379.0
2291 3379.0
2292 3379.0
2293 3379.0
2294 3379.0
2295 3379.0
2296 3379.0
2297 3379.0
2298 3379.0
2299 3379.0
2300 3379.0
2301 3379.0
2302 3379.0
2303 3379.0
2304 3379.0
2305 3379.0
2306 3379.0
2307 3379.0
2308 3379.0
2309 3379.0
2310 3379.0
2311 3379.0
2312 3379.0
2313 3379.0
2314 3379.0
2315 3379.0
2316 3379.0
2317 3379.0
2318 3379.0
2319 3379.0
2320 3379.0
2321 3379.0
2322 3379.0
2323 3379.0
2324 3379.0
2325 3379.0
2326 3379.0
2327 3379.0
2328 3379.0
2329 3379.0
2330 3379.0
2331 3379.0
2332 3379.0
2333 3379.0
2334 3379.0
2335 3379.0
2336 3379.0
2337 3379.0
2338 3379.0
2339 3379.0
2340 3379.0
2341 3379.0
2342 3379.0
2343 3379.0
2344 3379.0
2345 3379.0
2346 3379.0
2347 3379.0
2348 3379.0
2349 3379.0
2350 3379.0
2351 3379.0
2352 3379.0
2353 3379.0
2354 3379.0
2355 3379.0
2356 3379.0
2357 3379.0
2358 3379.0
2359 3379.0
2360 3379.0
2361 3379.0
2362 3379.0
2363 3379.0
2364 3379.0
2365 3379.0
2366 3379.0
2367 3379.0
2368 3379.0
2369 3379.0
2370 3379.0
2371 3379.0
2372 3379.0
2373 3379.0
2374 3379.0
2375 3379.0
2376 3379.0
2377 3379.0
2378 3379.0
2379 3379.0
2380 3379.0
2381 3379.0
2382 3379.0
2383 3379.0
2384 3379.0
2385 3379.0
2386 3379.0
2387 3379.0
2388 3379.0
2389 3379.0
2390 3379.0
2391 3379.0
2392 3379.0
2393 3379.0
2394 3379.0
2395 3379.0
2396 3379.0
2397 3379.0
2398 3379.0
2399 3379.0
2400 3379.0
2401 3379.0
2402 3379.0
2403 3379.0
2404 3379.0
2405 3379.0
2406 3379.0
2407 3379.0
2408 3379.0
2409 3379.0
2410 3379.0
2411 3379.0
2412 3379.0
2413 3379.0
2414 3379.0
2415 3379.0
2416 3379.0
2417 3379.0
2418 3379.0
2419 3379.0
2420 3379.0
2421 3379.0
2422 3379.0
2423 3379.0
2424 3379.0
2425 3379.0
2426 3379.0
2427 3379.0
2428 3379.0
2429 3379.0
2430 3379.0
2431 3379.0
2432 3379.0
2433 3379.0
2434 3379.0
2435 3379.0
2436 3379.0
2437 3379.0
2438 3379.0
2439 3379.0
2440 3379.0
2441 3379.0
2442 3379.0
2443 3379.0
2444 3379.0
2445 3379.0
2446 3379.0
2447 3379.0
2448 3379.0
2449 3379.0
2450 3379.0
2451 3379.0
2452 3379.0
2453 3379.0
2454 3379.0
2455 3379.0
2456 3379.0
2457 3379.0
2458 3379.0
2459 3379.0
2460 3379.0
2461 3379.0
2462 3379.0
2463 3379.0
2464 3379.0
2465 3379.0
2466 3379.0
2467 3379.0
2468 3379.0
2469 3379.0
2470 3379.0
2471 3379.0
2472 3379.0
2473 3379.0
2474 3379.0
2475 3379.0
2476 3379.0
2477 3379.0
2478 3379.0
2479 3379.0
2480 3379.0
2481 3379.0
2482 3379.0
2483 3379.0
2484 3379.0
2485 3379.0
2486 3379.0
2487 3379.0
2488 3379.0
2489 3379.0
2490 3379.0
2491 3379.0
2492 3379.0
2493 3379.0
2494 3379.0
2495 3379.0
2496 3379.0
2497 3379.0
2498 3379.0
2499 3379.0
2500 3379.0
2501 3379.0
2502 3379.0
2503 3379.0
2504 3379.0
2505 3379.0
2506 3379.0
2507 3379.0
2508 3379.0
2509 3379.0
2510 3379.0
2511 3379.0
2512 3379.0
2513 3379.0
2514 3379.0
2515 3379.0
2516 3379.0
2517 3379.0
2518 3379.0
2519 3379.0
2520 3379.0
2521 3379.0
2522 3379.0
2523 3379.0
2524 3379.0
2525 3379.0
2526 3379.0
2527 3379.0
2528 3379.0
2529 3379.0
2530 3379.0
2531 3379.0
2532 3379.0
2533 3379.0
2534 3379.0
2535 3379.0
2536 3379.0
2537 3379.0
2538 3379.0
2539 3379.0
2540 3379.0
2541 3379.0
2542 3379.0
2543 3379.0
2544 3379.0
2545 3379.0
2546 3379.0
2547 3379.0
2548 3379.0
2549 3379.0
2550 3379.0
2551 3379.0
2552 3379.0
2553 3379.0
2554 3379.0
2555 3379.0
2556 3379.0
2557 3379.0
2558 3379.0
2559 3379.0
2560 3379.0
2561 3379.0
2562 3379.0
2563 3379.0
2564 3379.0
2565 3379.0
2566 3379.0
2567 3379.0
2568 3379.0
2569 3379.0
2570 3379.0
2571 3379.0
2572 3379.0
2573 3379.0
2574 3379.0
2575 3379.0
2576 3379.0
2577 3379.0
2578 3379.0
2579 3379.0
2580 3379.0
2581 3379.0
2582 3379.0
2583 3379.0
2584 3379.0
2585 3379.0
2586 3379.0
2587 3379.0
2588 3379.0
2589 3379.0
2590 3379.0
2591 3379.0
2592 3379.0
2593 3379.0
2594 3379.0
2595 3379.0
2596 3379.0
2597 3379.0
2598 3379.0
2599 3379.0
2600 3379.0
2601 3379.0
2602 3379.0
2603 3379.0
2604 3379.0
2605 3379.0
2606 3379.0
2607 3379.0
2608 3379.0
2609 3379.0
2610 3379.0
2611 3379.0
2612 3379.0
2613 3379.0
2614 3379.0
2615 3379.0
2616 3379.0
2617 3379.0
2618 3379.0
2619 3379.0
2620 3379.0
2621 3379.0
2622 3379.0
2623 3379.0
2624 3379.0
2625 3379.0
2626 3379.0
2627 3379.0
2628 3379.0
2629 3379.0
2630 3379.0
2631 3379.0
2632 3379.0
2633 3379.0
2634 3379.0
2635 3379.0
2636 3379.0
2637 3379.0
2638 3379.0
2639 3379.0
2640 3379.0
2641 3379.0
2642 3379.0
2643 3379.0
2644 3379.0
2645 3379.0
2646 3379.0
2647 3379.0
2648 3379.0
2649 3379.0
2650 3379.0
2651 3379.0
2652 3379.0
2653 3379.0
2654 3379.0
2655 3379.0
2656 3379.0
2657 3379.0
2658 3379.0
2659 3379.0
2660 3379.0
2661 3379.0
2662 3379.0
2663 3379.0
2664 3379.0
2665 3379.0
2666 3379.0
2667 3379.0
2668 3379.0
2669 3379.0
2670 3379.0
2671 3379.0
2672 3379.0
2673 3379.0
2674 3379.0
2675 3379.0
2676 3379.0
2677 3379.0
2678 3379.0
2679 3379.0
2680 3379.0
2681 3379.0
2682 3379.0
2683 3379.0
2684 3379.0
2685 3379.0
2686 3379.0
2687 3379.0
2688 3379.0
2689 3379.0
2690 3379.0
2691 3379.0
2692 3379.0
2693 3379.0
2694 3379.0
2695 3379.0
2696 3379.0
2697 3379.0
2698 3379.0
2699 3379.0
2700 3379.0
2701 3379.0
2702 3379.0
2703 3379.0
2704 3379.0
2705 3379.0
2706 3379.0
2707 3379.0
2708 3379.0
2709 3379.0
2710 3379.0
2711 3379.0
2712 3379.0
2713 3379.0
2714 3379.0
2715 3379.0
2716 3379.0
2717 3379.0
2718 3379.0
2719 3379.0
2720 3379.0
2721 3379.0
2722 3379.0
2723 3379.0
2724 3379.0
2725 3379.0
2726 3379.0
2727 3379.0
2728 3379.0
2729 3379.0
2730 3379.0
2731 3379.0
2732 3379.0
2733 3379.0
2734 3379.0
2735 3379.0
2736 3379.0
2737 3379.0
2738 3379.0
2739 3379.0
2740 3379.0
2741 3379.0
2742 3379.0
2743 3379.0
2744 3379.0
2745 3379.0
2746 3379.0
2747 3379.0
2748 3379.0
2749 3379.0
2750 3379.0
2751 3379.0
2752 3379.0
2753 3379.0
2754 3379.0
2755 3379.0
2756 3379.0
2757 3379.0
2758 3379.0
2759 3379.0
2760 3379.0
2761 3379.0
2762 3379.0
2763 3379.0
2764 3379.0
2765 3379.0
2766 3379.0
2767 3379.0
2768 3379.0
2769 3379.0
2770 3379.0
2771 3379.0
2772 3379.0
2773 3379.0
2774 3379.0
2775 3379.0
2776 3379.0
2777 3379.0
2778 3379.0
2779 3379.0
2780 3379.0
2781 3379.0
2782 3379.0
2783 3379.0
2784 3379.0
2785 3379.0
2786 3379.0
2787 3379.0
2788 3379.0
2789 3379.0
2790 3379.0
2791 3379.0
2792 3379.0
2793 3379.0
2794 3379.0
2795 3379.0
2796 3379.0
2797 3379.0
2798 3379.0
2799 3379.0
2800 3379.0
2801 3379.0
2802 3379.0
2803 3379.0
2804 3379.0
2805 3379.0
2806 3379.0
2807 3379.0
2808 3379.0
2809 3379.0
2810 3379.0
2811 3379.0
2812 3379.0
2813 3379.0
2814 3379.0
2815 3379.0
2816 3379.0
2817 3379.0
2818 3379.0
2819 3379.0
2820 3379.0
2821 3379.0
2822 3379.0
2823 3379.0
2824 3379.0
2825 3379.0
2826 3379.0
2827 3379.0
2828 3379.0
2829 3379.0
2830 3379.0
2831 3379.0
2832 3379.0
2833 3379.0
2834 3379.0
2835 3379.0
2836 3379.0
2837 3379.0
2838 3379.0
2839 3379.0
2840 3379.0
2841 3379.0
2842 3379.0
2843 3379.0
2844 3379.0
2845 3379.0
2846 3379.0
2847 3379.0
2848 3379.0
2849 3379.0
2850 3379.0
2851 3379.0
2852 3379.0
2853 3379.0
2854 3379.0
2855 3379.0
2856 3379.0
2857 3379.0
2858 3379.0
2859 3379.0
2860 3379.0
2861 3379.0
2862 3379.0
2863 3379.0
2864 3379.0
2865 3379.0
2866 3379.0
2867 3379.0
2868 3379.0
2869 3379.0
2870 3379.0
2871 3379.0
2872 3379.0
2873 3379.0
2874 3379.0
2875 3379.0
2876 3379.0
2877 3379.0
2878 3379.0
2879 3379.0
2880 3379.0
2881 3379.0
2882 3379.0
2883 3379.0
2884 3379.0
2885 3379.0
2886 3379.0
2887 3379.0
2888 3379.0
2889 3379.0
2890 3379.0
2891 3379.0
2892 3379.0
2893 3379.0
2894 3379.0
2895 3379.0
2896 3379.0
2897 3379.0
2898 3379.0
2899 3379.0
2900 3379.0
2901 3379.0
2902 3379.0
2903 3379.0
2904 3379.0
2905 3379.0
2906 3379.0
2907 3379.0
2908 3379.0
2909 3379.0
2910 3379.0
2911 3379.0
2912 3379.0
2913 3379.0
2914 3379.0
2915 3379.0
2916 3379.0
2917 3379.0
2918 3379.0
2919 3379.0
2920 3379.0
2921 3379.0
2922 3379.0
2923 3379.0
2924 3379.0
2925 3379.0
2926 3379.0
2927 3379.0
2928 3379.0
2929 3379.0
2930 3379.0
2931 3379.0
2932 3379.0
2933 3379.0
2934 3379.0
2935 3379.0
2936 3379.0
2937 3379.0
2938 3379.0
2939 3379.0
2940 3379.0
2941 3379.0
2942 3379.0
2943 3379.0
2944 3379.0
2945 3379.0
2946 3379.0
2947 3379.0
2948 3379.0
2949 3379.0
2950 3379.0
2951 3379.0
2952 3379.0
2953 3379.0
2954 3379.0
2955 3379.0
2956 3379.0
2957 3379.0
2958 3379.0
2959 3379.0
2960 3379.0
2961 3379.0
2962 3379.0
2963 3379.0
2964 3379.0
2965 3379.0
2966 3379.0
2967 3379.0
2968 3379.0
2969 3379.0
2970 3379.0
2971 3379.0
2972 3379.0
2973 3379.0
2974 3379.0
2975 3379.0
2976 3379.0
2977 3379.0
2978 3379.0
2979 3379.0
2980 3379.0
2981 3379.0
2982 3379.0
2983 3379.0
2984 3379.0
2985 3379.0
2986 3379.0
2987 3379.0
2988 3379.0
2989 3379.0
2990 3379.0
2991 3379.0
2992 3379.0
2993 3379.0
2994 3379.0
2995 3379.0
2996 3379.0
2997 3379.0
2998 3379.0
2999 3379.0
3000 3379.0
3001 3379.0
3002 3379.0
3003 3379.0
3004 3379.0
3005 3379.0
3006 3379.0
3007 3379.0
3008 3379.0
3009 3379.0
3010 3379.0
3011 3379.0
3012 3379.0
3013 3379.0
3014 3379.0
3015 3379.0
3016 3379.0
3017 3379.0
3018 3379.0
3019 3379.0
3020 3379.0
3021 3379.0
3022 3379.0
3023 3379.0
3024 3379.0
3025 3379.0
3026 3379.0
3027 3379.0
3028 3379.0
3029 3379.0
3030 3379.0
3031 3379.0
3032 3379.0
3033 3379.0
3034 3379.0
3035 3379.0
3036 3379.0
3037 3379.0
3038 3379.0
3039 3379.0
3040 3379.0
3041 3379.0
3042 3379.0
3043 3379.0
3044 3379.0
3045 3379.0
3046 3379.0
3047 3379.0
3048 3379.0
3049 3379.0
3050 3379.0
3051 3379.0
3052 3379.0
3053 3379.0
3054 3379.0
3055 3379.0
3056 3379.0
3057 3379.0
3058 3379.0
3059 3379.0
3060 3379.0
3061 3379.0
3062 3379.0
3063 3379.0
3064 3379.0
3065 3379.0
3066 3379.0
3067 3379.0
3068 3379.0
3069 3379.0
3070 3379.0
3071 3379.0
3072 3379.0
3073 3379.0
3074 3379.0
3075 3379.0
3076 3379.0
3077 3379.0
3078 3379.0
3079 3379.0
3080 3379.0
3081 3379.0
3082 3379.0
3083 3379.0
3084 3379.0
3085 3379.0
3086 3379.0
3087 3379.0
3088 3379.0
3089 3379.0
3090 3379.0
3091 3379.0
3092 3379.0
3093 3379.0
3094 3379.0
3095 3379.0
3096 3379.0
3097 3379.0
3098 3379.0
3099 3379.0
3100 3379.0
3101 3379.0
3102 3379.0
3103 3379.0
3104 3379.0
3105 3379.0
3106 3379.0
3107 3379.0
3108 3379.0
3109 3379.0
3110 3379.0
3111 3379.0
3112 3379.0
3113 3379.0
3114 3379.0
3115 3379.0
3116 3379.0
3117 3379.0
3118 3379.0
3119 3379.0
3120 3379.0
3121 3379.0
3122 3379.0
3123 3379.0
3124 3379.0
3125 3379.0
3126 3379.0
3127 3379.0
3128 3379.0
3129 3379.0
3130 3379.0
3131 3379.0
3132 3379.0
3133 3379.0
3134 3379.0
3135 3379.0
3136 3379.0
3137 3379.0
3138 3379.0
3139 3379.0
3140 3379.0
3141 3379.0
3142 3379.0
3143 3379.0
3144 3379.0
3145 3379.0
3146 3379.0
3147 3379.0
3148 3379.0
3149 3379.0
3150 3379.0
3151 3379.0
3152 3379.0
3153 3379.0
3154 3379.0
3155 3379.0
3156 3379.0
3157 3379.0
3158 3379.0
3159 3379.0
3160 3379.0
3161 3379.0
3162 3379.0
3163 3379.0
3164 3379.0
3165 3379.0
3166 3379.0
3167 3379.0
3168 3379.0
3169 3379.0
3170 3379.0
3171 3379.0
3172 3379.0
3173 3379.0
3174 3379.0
3175 3379.0
3176 3379.0
3177 3379.0
3178 3379.0
3179 3379.0
3180 3379.0
3181 3379.0
3182 3379.0
3183 3379.0
3184 3379.0
3185 3379.0
3186 3379.0
3187 3379.0
3188 3379.0
3189 3379.0
3190 3379.0
3191 3379.0
3192 3379.0
3193 3379.0
3194 3379.0
3195 3379.0
3196 3379.0
3197 3379.0
3198 3379.0
3199 3379.0
3200 3379.0
3201 3379.0
3202 3379.0
3203 3379.0
3204 3379.0
3205 3379.0
3206 3379.0
3207 3379.0
3208 3379.0
3209 3379.0
3210 3379.0
3211 3379.0
3212 3379.0
3213 3379.0
3214 3379.0
3215 3379.0
3216 3379.0
3217 3379.0
3218 3379.0
3219 3379.0
3220 3379.0
3221 3379.0
3222 3379.0
3223 3379.0
3224 3379.0
3225 3379.0
3226 3379.0
3227 3379.0
3228 3379.0
3229 3379.0
3230 3379.0
3231 3379.0
3232 3379.0
3233 3379.0
3234 3379.0
3235 3379.0
3236 3379.0
3237 3379.0
3238 3379.0
3239 3379.0
3240 3379.0
3241 3379.0
3242 3379.0
3243 3379.0
3244 3379.0
3245 3379.0
3246 3379.0
3247 3379.0
3248 3379.0
3249 3379.0
3250 3379.0
3251 3379.0
3252 3379.0
3253 3379.0
3254 3379.0
3255 3379.0
3256 3379.0
3257 3379.0
3258 3379.0
3259 3379.0
3260 3379.0
3261 3379.0
3262 3379.0
3263 3379.0
3264 3379.0
3265 3379.0
3266 3379.0
3267 3379.0
3268 3379.0
3269 3379.0
3270 3379.0
3271 3379.0
3272 3379.0
3273 3379.0
3274 3379.0
3275 3379.0
3276 3379.0
3277 3379.0
3278 3379.0
3279 3379.0
3280 3379.0
3281 3379.0
3282 3379.0
3283 3379.0
3284 3379.0
3285 3379.0
3286 3379.0
3287 3379.0
3288 3379.0
3289 3379.0
3290 3379.0
3291 3379.0
3292 3379.0
3293 3379.0
3294 3379.0
3295 3379.0
3296 3379.0
3297 3379.0
3298 3379.0
3299 3379.0
3300 3379.0
3301 3379.0
3302 3379.0
3303 3379.0
3304 3379.0
3305 3379.0
3306 3379.0
3307 3379.0
3308 3379.0
3309 3379.0
3310 3379.0
3311 3379.0
3312 3379.0
3313 3379.0
3314 3379.0
3315 3379.0
3316 3379.0
3317 3379.0
3318 3379.0
3319 3379.0
3320 3379.0
3321 3379.0
3322 3379.0
3323 3379.0
3324 3379.0
3325 3379.0
3326 3379.0
3327 3379.0
3328 3379.0
3329 3379.0
3330 3379.0
3331 3379.0
3332 3379.0
3333 3379.0
3334 3379.0
3335 3379.0
3336 3379.0
3337 3379.0
3338 3379.0
3339 3379.0
3340 3379.0
3341 3379.0
3342 3379.0
3343 3379.0
3344 3379.0
3345 3379.0
3346 3379.0
3347 3379.0
3348 3379.0
3349 3379.0
3350 3379.0
3351 3379.0
3352 3379.0
3353 3379.0
3354 3379.0
3355 3379.0
3356 3379.0
3357 3379.0
3358 3379.0
3359 3379.0
3360 3379.0
3361 3379.0
3362 3379.0
3363 3379.0
3364 3379.0
3365 3379.0
3366 3379.0
3367 3379.0
3368 3379.0
3369 3379.0
3370 3379.0
3371 3379.0
3372 3379.0
3373 3379.0
3374 3379.0
3375 3379.0
3376 3379.0
3377 3379.0
3378 3379.0
3379 3379.0
3380 3379.0
3381 3379.0
3382 3379.0
3383 3379.0
3384 3379.0
3385 3379.0
3386 3379.0
3387 3379.0
3388 3379.0
3389 3379.0
3390 3379.0
3391 3379.0
3392 3379.0
3393 3379.0
3394 3379.0
3395 3379.0
3396 3379.0
3397 3379.0
3398 3379.0
3399 3379.0
3400 3379.0
3401 3379.0
3402 3379.0
3403 3379.0
3404 3379.0
3405 3379.0
3406 3379.0
3407 3379.0
3408 3379.0
3409 3379.0
3410 3379.0
3411 3379.0
3412 3379.0
3413 3379.0
3414 3379.0
3415 3379.0
3416 3379.0
3417 3379.0
3418 3379.0
3419 3379.0
3420 3379.0
3421 3379.0
3422 3379.0
3423 3379.0
3424 3379.0
3425 3379.0
3426 3379.0
3427 3379.0
3428 3379.0
3429 3379.0
3430 3379.0
3431 3379.0
3432 3379.0
3433 3379.0
3434 3379.0
3435 3379.0
3436 3379.0
3437 3379.0
3438 3379.0
3439 3379.0
3440 3379.0
3441 3379.0
3442 3379.0
3443 3379.0
3444 3379.0
3445 3379.0
3446 3379.0
3447 3379.0
3448 3379.0
3449 3379.0
3450 3379.0
3451 3379.0
3452 3379.0
3453 3379.0
3454 3379.0
3455 3379.0
3456 3379.0
3457 3379.0
3458 3379.0
3459 3379.0
3460 3379.0
3461 3379.0
3462 3379.0
3463 3379.0
3464 3379.0
3465 3379.0
3466 3379.0
3467 3379.0
3468 3379.0
3469 3379.0
3470 3379.0
3471 3379.0
3472 3379.0
3473 3379.0
3474 3379.0
3475 3379.0
3476 3379.0
3477 3379.0
3478 3379.0
3479 3379.0
3480 3379.0
3481 3379.0
3482 3379.0
3483 3379.0
3484 3379.0
3485 3379.0
3486 3379.0
3487 3379.0
3488 3379.0
3489 3379.0
3490 3379.0
3491 3379.0
3492 3379.0
3493 3379.0
3494 3379.0
3495 3379.0
3496 3379.0
3497 3379.0
3498 3379.0
3499 3379.0
3500 3379.0
3501 3379.0
3502 3379.0
3503 3379.0
3504 3379.0
3505 3379.0
3506 3379.0
3507 3379.0
3508 3379.0
3509 3379.0
3510 3379.0
3511 3379.0
3512 3379.0
3513 3379.0
3514 3379.0
3515 3379.0
3516 3379.0
3517 3379.0
3518 3379.0
3519 3379.0
3520 3379.0
3521 3379.0
3522 3379.0
3523 3379.0
3524 3379.0
3525 3379.0
3526 3379.0
3527 3379.0
3528 3379.0
3529 3379.0
3530 3379.0
3531 3379.0
3532 3379.0
3533 3379.0
3534 3379.0
3535 3379.0
3536 3379.0
3537 3379.0
3538 3379.0
3539 3379.0
3540 3379.0
3541 3379.0
3542 3379.0
3543 3379.0
3544 3379.0
3545 3379.0
3546 3379.0
3547 3379.0
3548 3379.0
3549 3379.0
3550 3379.0
3551 3379.0
3552 3379.0
3553 3379.0
3554 3379.0
3555 3379.0
3556 3379.0
3557 3379.0
3558 3379.0
3559 3379.0
3560 3379.0
3561 3379.0
3562 3379.0
3563 3379.0
3564 3379.0
3565 3379.0
3566 3379.0
3567 3379.0
3568 3379.0
3569 3379.0
3570 3379.0
3571 3379.0
3572 3379.0
3573 3379.0
3574 3379.0
3575 3379.0
3576 3379.0
3577 3379.0
3578 3379.0
3579 3379.0
3580 3379.0
3581 3379.0
3582 3379.0
3583 3379.0
3584 3379.0
3585 3379.0
3586 3379.0
3587 3379.0
3588 3379.0
3589 3379.0
3590 3379.0
3591 3379.0
3592 3379.0
3593 3379.0
3594 3379.0
3595 3379.0
3596 3379.0
3597 3379.0
3598 3379.0
3599 3379.0
3600 3379.0
3601 3379.0
3602 3379.0
3603 3379.0
3604 3379.0
3605 3379.0
3606 3379.0
3607 3379.0
3608 3379.0
3609 3379.0
3610 3379.0
3611 3379.0
3612 3379.0
3613 3379.0
3614 3379.0
3615 3379.0
3616 3379.0
3617 3379.0
3618 3379.0
3619 3379.0
3620 3379.0
3621 3379.0
3622 3379.0
3623 3379.0
3624 3379.0
3625 3379.0
3626 3379.0
3627 3379.0
3628 3379.0
3629 3379.0
3630 3379.0
3631 3379.0
3632 3379.0
3633 3379.0
3634 3379.0
3635 3379.0
3636 3379.0
3637 3379.0
3638 3379.0
3639 3379.0
3640 3379.0
3641 3379.0
3642 3379.0
3643 3379.0
3644 3379.0
3645 3379.0
3646 3379.0
3647 3379.0
3648 3379.0
3649 3379.0
3650 3379.0
3651 3379.0
3652 3379.0
3653 3379.0
3654 3379.0
3655 3379.0
3656 3379.0
3657 3379.0
3658 3379.0
3659 3379.0
3660 3379.0
3661 3379.0
3662 3379.0
3663 3379.0
3664 3379.0
3665 3379.0
3666 3379.0
3667 3379.0
3668 3379.0
3669 3379.0
3670 3379.0
3671 3379.0
3672 3379.0
3673 3379.0
3674 3379.0
3675 3379.0
3676 3379.0
3677 3379.0
3678 3379.0
3679 3379.0
3680 3379.0
3681 3379.0
3682 3379.0
3683 3379.0
3684 3379.0
3685 3379.0
3686 3379.0
3687 3379.0
3688 3379.0
3689 3379.0
3690 3379.0
3691 3379.0
3692 3379.0
3693 3379.0
3694 3379.0
3695 3379.0
3696 3379.0
3697 3379.0
3698 3379.0
3699 3379.0
3700 3379.0
3701 3379.0
3702 3379.0
3703 3379.0
3704 3379.0
3705 3379.0
3706 3379.0
3707 3379.0
3708 3379.0
3709 3379.0
3710 3379.0
3711 3379.0
3712 3379.0
3713 3379.0
3714 3379.0
3715 3379.0
3716 3379.0
3717 3379.0
3718 3379.0
3719 3379.0
3720 3379.0
3721 3379.0
3722 3379.0
3723 3379.0
3724 3379.0
3725 3379.0
3726 3379.0
3727 3379.0
3728 3379.0
3729 3379.0
3730 3379.0
3731 3379.0
3732 3379.0
3733 3379.0
3734 3379.0
3735 3379.0
3736 3379.0
3737 3379.0
3738 3379.0
3739 3379.0
3740 3379.0
3741 3379.0
3742 3379.0
3743 3379.0
3744 3379.0
3745 3379.0
3746 3379.0
3747 3379.0
3748 3379.0
3749 3379.0
3750 3379.0
3751 3379.0
3752 3379.0
3753 3379.0
3754 3379.0
3755 3379.0
3756 3379.0
3757 3379.0
3758 3379.0
3759 3379.0
3760 3379.0
3761 3379.0
3762 3379.0
3763 3379.0
3764 3379.0
3765 3379.0
3766 3379.0
3767 3379.0
3768 3379.0
3769 3379.0
3770 3379.0
3771 3379.0
3772 3379.0
3773 3379.0
3774 3379.0
3775 3379.0
3776 3379.0
3777 3379.0
3778 3379.0
3779 3379.0
3780 3379.0
3781 3379.0
3782 3379.0
3783 3379.0
3784 3379.0
3785 3379.0
3786 3379.0
3787 3379.0
3788 3379.0
3789 3379.0
3790 3379.0
3791 3379.0
3792 3379.0
3793 3379.0
3794 3379.0
3795 3379.0
3796 3379.0
3797 3379.0
3798 3379.0
3799 3379.0
3800 3379.0
3801 3379.0
3802 3379.0
3803 3379.0
3804 3379.0
3805 3379.0
3806 3379.0
3807 3379.0
3808 3379.0
3809 3379.0
3810 3379.0
3811 3379.0
3812 3379.0
3813 3379.0
3814 3379.0
3815 3379.0
3816 3379.0
3817 3379.0
3818 3379.0
3819 3379.0
3820 3379.0
3821 3379.0
3822 3379.0
3823 3379.0
3824 3379.0
3825 3379.0
3826 3379.0
3827 3379.0
3828 3379.0
3829 3379.0
3830 3379.0
3831 3379.0
3832 3379.0
3833 3379.0
3834 3379.0
3835 3379.0
3836 3379.0
3837 3379.0
3838 3379.0
3839 3379.0
3840 3379.0
3841 3379.0
3842 3379.0
3843 3379.0
3844 3379.0
3845 3379.0
3846 3379.0
3847 3379.0
3848 3379.0
3849 3379.0
3850 3379.0
3851 3379.0
3852 3379.0
3853 3379.0
3854 3379.0
3855 3379.0
3856 3379.0
3857 3379.0
3858 3379.0
3859 3379.0
3860 3379.0
3861 3379.0
3862 3379.0
3863 3379.0
3864 3379.0
3865 3379.0
3866 3379.0
3867 3379.0
3868 3379.0
3869 3379.0
3870 3379.0
3871 3379.0
3872 3379.0
3873 3379.0
3874 3379.0
3875 3379.0
3876 3379.0
3877 3379.0
3878 3379.0
3879 3379.0
3880 3379.0
3881 3379.0
3882 3379.0
3883 3379.0
3884 3379.0
3885 3379.0
3886 3379.0
3887 3379.0
3888 3379.0
3889 3379.0
3890 3379.0
3891 3379.0
3892 3379.0
3893 3379.0
3894 3379.0
3895 3379.0
3896 3379.0
3897 3379.0
3898 3379.0
3899 3379.0
3900 3379.0
3901 3379.0
3902 3379.0
3903 3379.0
3904 3379.0
3905 3379.0
3906 3379.0
3907 3379.0
3908 3379.0
3909 3379.0
3910 3379.0
3911 3379.0
3912 3379.0
3913 3379.0
3914 3379.0
3915 3379.0
3916 3379.0
3917 3379.0
3918 3379.0
3919 3379.0
3920 3379.0
3921 3379.0
3922 3379.0
3923 3379.0
3924 3379.0
3925 3379.0
3926 3379.0
3927 3379.0
3928 3379.0
3929 3379.0
3930 3379.0
3931 3379.0
3932 3379.0
3933 3379.0
3934 3379.0
3935 3379.0
3936 3379.0
3937 3379.0
3938 3379.0
3939 3379.0
3940 3379.0
3941 3379.0
3942 3379.0
3943 3379.0
3944 3379.0
3945 3379.0
3946 3379.0
3947 3379.0
3948 3379.0
3949 3379.0
3950 3379.0
3951 3379.0
3952 3379.0
3953 3379.0
3954 3379.0
3955 3379.0
3956 3379.0
3957 3379.0
3958 3379.0
3959 3379.0
3960 3379.0
3961 3379.0
3962 3379.0
3963 3379.0
3964 3379.0
3965 3379.0
3966 3379.0
3967 3379.0
3968 3379.0
3969 3379.0
3970 3379.0
3971 3379.0
3972 3379.0
3973 3379.0
3974 3379.0
3975 3379.0
3976 3379.0
3977 3379.0
3978 3379.0
3979 3379.0
3980 3379.0
3981 3379.0
3982 3379.0
3983 3379.0
3984 3379.0
3985 3379.0
3986 3379.0
3987 3379.0
3988 3379.0
3989 3379.0
3990 3379.0
3991 3379.0
3992 3379.0
3993 3379.0
3994 3379.0
3995 3379.0
3996 3379.0
3997 3379.0
3998 3379.0
3999 3379.0
4000 3379.0
4001 3379.0
4002 3379.0
4003 3379.0
4004 3379.0
4005 3379.0
4006 3379.0
4007 3379.0
4008 3379.0
4009 3379.0
4010 3379.0
4011 3379.0
4012 3379.0
4013 3379.0
4014 3379.0
4015 3379.0
4016 3379.0
4017 3379.0
4018 3379.0
4019 3379.0
4020 3379.0
4021 3379.0
4022 3379.0
4023 3379.0
4024 3379.0
4025 3379.0
4026 3379.0
4027 3379.0
4028 3379.0
4029 3379.0
4030 3379.0
4031 3379.0
4032 3379.0
4033 3379.0
4034 3379.0
4035 3379.0
4036 3379.0
4037 3379.0
4038 3379.0
4039 3379.0
4040 3379.0
4041 3379.0
4042 3379.0
4043 3379.0
4044 3379.0
4045 3379.0
4046 3379.0
4047 3379.0
4048 3379.0
4049 3379.0
4050 3379.0
4051 3379.0
4052 3379.0
4053 3379.0
4054 3379.0
4055 3379.0
4056 3379.0
4057 3379.0
4058 3379.0
4059 3379.0
4060 3379.0
4061 3379.0
4062 3379.0
4063 3379.0
4064 3379.0
4065 3379.0
4066 3379.0
4067 3379.0
4068 3379.0
4069 3379.0
4070 3379.0
4071 3379.0
4072 3379.0
4073 3379.0
4074 3379.0
4075 3379.0
4076 3379.0
4077 3379.0
4078 3379.0
4079 3379.0
4080 3379.0
4081 3379.0
4082 3379.0
4083 3379.0
4084 3379.0
4085 3379.0
4086 3379.0
4087 3379.0
4088 3379.0
4089 3379.0
4090 3379.0
4091 3379.0
4092 3379.0
4093 3379.0
4094 3379.0
4095 3379.0
4096 3379.0
4097 3379.0
4098 3379.0
4099 3379.0
4100 3379.0
4101 3379.0
4102 3379.0
4103 3379.0
4104 3379.0
4105 3379.0
4106 3379.0
4107 3379.0
4108 3379.0
4109 3379.0
4110 3379.0
4111 3379.0
4112 3379.0
4113 3379.0
4114 3379.0
4115 3379.0
4116 3379.0
4117 3379.0
4118 3379.0
4119 3379.0
4120 3379.0
4121 3379.0
4122 3379.0
4123 3379.0
4124 3379.0
4125 3379.0
4126 3379.0
4127 3379.0
4128 3379.0
4129 3379.0
4130 3379.0
4131 3379.0
4132 3379.0
4133 3379.0
4134 3379.0
4135 3379.0
4136 3379.0
4137 3379.0
4138 3379.0
4139 3379.0
4140 3379.0
4141 3379.0
4142 3379.0
4143 3379.0
4144 3379.0
4145 3379.0
4146 3379.0
4147 3379.0
4148 3379.0
4149 3379.0
4150 3379.0
4151 3379.0
4152 3379.0
4153 3379.0
4154 3379.0
4155 3379.0
4156 3379.0
4157 3379.0
4158 3379.0
4159 3379.0
4160 3379.0
4161 3379.0
4162 3379.0
4163 3379.0
4164 3379.0
4165 3379.0
4166 3379.0
4167 3379.0
4168 3379.0
4169 3379.0
4170 3379.0
4171 3379.0
4172 3379.0
4173 3379.0
4174 3379.0
4175 3379.0
4176 3379.0
4177 3379.0
4178 3379.0
4179 3379.0
4180 3379.0
4181 3379.0
4182 3379.0
4183 3379.0
4184 3379.0
4185 3379.0
4186 3379.0
4187 3379.0
4188 3379.0
4189 3379.0
4190 3379.0
4191 3379.0
4192 3379.0
4193 3379.0
4194 3379.0
4195 3379.0
4196 3379.0
4197 3379.0
4198 3379.0
4199 3379.0
4200 3379.0
4201 3379.0
4202 3379.0
4203 3379.0
4204 3379.0
4205 3379.0
4206 3379.0
4207 3379.0
4208 3379.0
4209 3379.0
4210 3379.0
4211 3379.0
4212 3379.0
4213 3379.0
4214 3379.0
4215 3379.0
4216 3379.0
4217 3379.0
4218 3379.0
4219 3379.0
4220 3379.0
4221 3379.0
4222 3379.0
4223 3379.0
4224 3379.0
4225 3379.0
4226 3379.0
4227 3379.0
4228 3379.0
4229 3379.0
4230 3379.0
4231 3379.0
4232 3379.0
4233 3379.0
4234 3379.0
4235 3379.0
4236 3379.0
4237 3379.0
4238 3379.0
4239 3379.0
4240 3379.0
4241 3379.0
4242 3379.0
4243 3379.0
4244 3379.0
4245 3379.0
4246 3379.0
4247 3379.0
4248 3379.0
4249 3379.0
4250 3379.0
4251 3379.0
4252 3379.0
4253 3379.0
4254 3379.0
4255 3379.0
4256 3379.0
4257 3379.0
4258 3379.0
4259 3379.0
4260 3379.0
4261 3379.0
4262 3379.0
4263 3379.0
4264 3379.0
4265 3379.0
4266 3379.0
4267 3379.0
4268 3379.0
4269 3379.0
4270 3379.0
4271 3379.0
4272 3379.0
4273 3379.0
4274 3379.0
4275 3379.0
4276 3379.0
4277 3379.0
4278 3379.0
4279 3379.0
4280 3379.0
4281 3379.0
4282 3379.0
4283 3379.0
4284 3379.0
4285 3379.0
4286 3379.0
4287 3379.0
4288 3379.0
4289 3379.0
4290 3379.0
4291 3379.0
4292 3379.0
4293 3379.0
4294 3379.0
4295 3379.0
4296 3379.0
4297 3379.0
4298 3379.0
4299 3379.0
4300 3379.0
4301 3379.0
4302 3379.0
4303 3379.0
4304 3379.0
4305 3379.0
4306 3379.0
4307 3379.0
4308 3379.0
4309 3379.0
4310 3379.0
4311 3379.0
4312 3379.0
4313 3379.0
4314 3379.0
4315 3379.0
4316 3379.0
4317 3379.0
4318 3379.0
4319 3379.0
4320 3379.0
4321 3379.0
4322 3379.0
4323 3379.0
4324 3379.0
4325 3379.0
4326 3379.0
4327 3379.0
4328 3379.0
4329 3379.0
4330 3379.0
4331 3379.0
4332 3379.0
4333 3379.0
4334 3379.0
4335 3379.0
4336 3379.0
4337 3379.0
4338 3379.0
4339 3379.0
4340 3379.0
4341 3379.0
4342 3379.0
4343 3379.0
4344 3379.0
4345 3379.0
4346 3379.0
4347 3379.0
4348 3379.0
4349 3379.0
4350 3379.0
4351 3379.0
4352 3379.0
4353 3379.0
4354 3379.0
4355 3379.0
4356 3379.0
4357 3379.0
4358 3379.0
4359 3379.0
4360 3379.0
4361 3379.0
4362 3379.0
4363 3379.0
4364 3379.0
4365 3379.0
4366 3379.0
4367 3379.0
4368 3379.0
4369 3379.0
4370 3379.0
4371 3379.0
4372 3379.0
4373 3379.0
4374 3379.0
4375 3379.0
4376 3379.0
4377 3379.0
4378 3379.0
4379 3379.0
4380 3379.0
4381 3379.0
4382 3379.0
4383 3379.0
4384 3379.0
4385 3379.0
4386 3379.0
4387 3379.0
4388 3379.0
4389 3379.0
4390 3379.0
4391 3379.0
4392 3379.0
4393 3379.0
4394 3379.0
4395 3379.0
4396 3379.0
4397 3379.0
4398 3379.0
4399 3379.0
4400 3379.0
4401 3379.0
4402 3379.0
4403 3379.0
4404 3379.0
4405 3379.0
4406 3379.0
4407 3379.0
4408 3379.0
4409 3379.0
4410 3379.0
4411 3379.0
4412 3379.0
4413 3379.0
4414 3379.0
4415 3379.0
4416 3379.0
4417 3379.0
4418 3379.0
4419 3379.0
4420 3379.0
4421 3379.0
4422 3379.0
4423 3379.0
4424 3379.0
4425 3379.0
4426 3379.0
4427 3379.0
4428 3379.0
4429 3379.0
4430 3379.0
4431 3379.0
4432 3379.0
4433 3379.0
4434 3379.0
4435 3379.0
4436 3379.0
4437 3379.0
4438 3379.0
4439 3379.0
4440 3379.0
4441 3379.0
4442 3379.0
4443 3379.0
4444 3379.0
4445 3379.0
4446 3379.0
4447 3379.0
4448 3379.0
4449 3379.0
4450 3379.0
4451 3379.0
4452 3379.0
4453 3379.0
4454 3379.0
4455 3379.0
4456 3379.0
4457 3379.0
4458 3379.0
4459 3379.0
4460 3379.0
4461 3379.0
4462 3379.0
4463 3379.0
4464 3379.0
4465 3379.0
4466 3379.0
4467 3379.0
4468 3379.0
4469 3379.0
4470 3379.0
4471 3379.0
4472 3379.0
4473 3379.0
4474 3379.0
4475 3379.0
4476 3379.0
4477 3379.0
4478 3379.0
4479 3379.0
4480 3379.0
4481 3379.0
4482 3379.0
4483 3379.0
4484 3379.0
4485 3379.0
4486 3379.0
4487 3379.0
4488 3379.0
4489 3379.0
4490 3379.0
4491 3379.0
4492 3379.0
4493 3379.0
4494 3379.0
4495 3379.0
4496 3379.0
4497 3379.0
4498 3379.0
4499 3379.0
4500 3379.0
4501 3379.0
4502 3379.0
4503 3379.0
4504 3379.0
4505 3379.0
4506 3379.0
4507 3379.0
4508 3379.0
4509 3379.0
4510 3379.0
4511 3379.0
4512 3379.0
4513 3379.0
4514 3379.0
4515 3379.0
4516 3379.0
4517 3379.0
4518 3379.0
4519 3379.0
4520 3379.0
4521 3379.0
4522 3379.0
4523 3379.0
4524 3379.0
4525 3379.0
4526 3379.0
4527 3379.0
4528 3379.0
4529 3379.0
4530 3379.0
4531 3379.0
4532 3379.0
4533 3379.0
4534 3379.0
4535 3379.0
4536 3379.0
4537 3379.0
4538 3379.0
4539 3379.0
4540 3379.0
4541 3379.0
4542 3379.0
4543 3379.0
4544 3379.0
4545 3379.0
4546 3379.0
4547 3379.0
4548 3379.0
4549 3379.0
4550 3379.0
4551 3379.0
4552 3379.0
4553 3379.0
4554 3379.0
4555 3379.0
4556 3379.0
4557 3379.0
4558 3379.0
4559 3379.0
4560 3379.0
4561 3379.0
4562 3379.0
4563 3379.0
4564 3379.0
4565 3379.0
4566 3379.0
4567 3379.0
4568 3379.0
4569 3379.0
4570 3379.0
4571 3379.0
4572 3379.0
4573 3379.0
4574 3379.0
4575 3379.0
4576 3379.0
4577 3379.0
4578 3379.0
4579 3379.0
4580 3379.0
4581 3379.0
4582 3379.0
4583 3379.0
4584 3379.0
4585 3379.0
4586 3379.0
4587 3379.0
4588 3379.0
4589 3379.0
4590 3379.0
4591 3379.0
4592 3379.0
4593 3379.0
4594 3379.0
4595 3379.0
4596 3379.0
4597 3379.0
4598 3379.0
4599 3379.0
4600 3379.0
4601 3379.0
4602 3379.0
4603 3379.0
4604 3379.0
4605 3379.0
4606 3379.0
4607 3379.0
4608 3379.0
4609 3379.0
4610 3379.0
4611 3379.0
4612 3379.0
4613 3379.0
4614 3379.0
4615 3379.0
4616 3379.0
4617 3379.0
4618 3379.0
4619 3379.0
4620 3379.0
4621 3379.0
4622 3379.0
4623 3379.0
4624 3379.0
4625 3379.0
4626 3379.0
4627 3379.0
4628 3379.0
4629 3379.0
4630 3379.0
4631 3379.0
4632 3379.0
4633 3379.0
4634 3379.0
4635 3379.0
4636 3379.0
4637 3379.0
4638 3379.0
4639 3379.0
4640 3379.0
4641 3379.0
4642 3379.0
4643 3379.0
4644 3379.0
4645 3379.0
4646 3379.0
4647 3379.0
4648 3379.0
4649 3379.0
4650 3379.0
4651 3379.0
4652 3379.0
4653 3379.0
4654 3379.0
4655 3379.0
4656 3379.0
4657 3379.0
4658 3379.0
4659 3379.0
4660 3379.0
4661 3379.0
4662 3379.0
4663 3379.0
4664 3379.0
4665 3379.0
4666 3379.0
4667 3379.0
4668 3379.0
4669 3379.0
4670 3379.0
4671 3379.0
4672 3379.0
4673 3379.0
4674 3379.0
4675 3379.0
4676 3379.0
4677 3379.0
4678 3379.0
4679 3379.0
4680 3379.0
4681 3379.0
4682 3379.0
4683 3379.0
4684 3379.0
4685 3379.0
4686 3379.0
4687 3379.0
4688 3379.0
4689 3379.0
4690 3379.0
4691 3379.0
4692 3379.0
4693 3379.0
4694 3379.0
4695 3379.0
4696 3379.0
4697 3379.0
4698 3379.0
4699 3379.0
4700 3379.0
4701 3379.0
4702 3379.0
4703 3379.0
4704 3379.0
4705 3379.0
4706 3379.0
4707 3379.0
4708 3379.0
4709 3379.0
4710 3379.0
4711 3379.0
4712 3379.0
4713 3379.0
4714 3379.0
4715 3379.0
4716 3379.0
4717 3379.0
4718 3379.0
4719 3379.0
4720 3379.0
4721 3379.0
4722 3379.0
4723 3379.0
4724 3379.0
4725 3379.0
4726 3379.0
4727 3379.0
4728 3379.0
4729 3379.0
4730 3379.0
4731 3379.0
4732 3379.0
4733 3379.0
4734 3379.0
4735 3379.0
4736 3379.0
4737 3379.0
4738 3379.0
4739 3379.0
4740 3379.0
4741 3379.0
4742 3379.0
4743 3379.0
4744 3379.0
4745 3379.0
4746 3379.0
4747 3379.0
4748 3379.0
4749 3379.0
4750 3379.0
4751 3379.0
4752 3379.0
4753 3379.0
4754 3379.0
4755 3379.0
4756 3379.0
4757 3379.0
4758 3379.0
4759 3379.0
4760 3379.0
4761 3379.0
4762 3379.0
4763 3379.0
4764 3379.0
4765 3379.0
4766 3379.0
4767 3379.0
4768 3379.0
4769 3379.0
4770 3379.0
4771 3379.0
4772 3379.0
4773 3379.0
4774 3379.0
4775 3379.0
4776 3379.0
4777 3379.0
4778 3379.0
4779 3379.0
4780 3379.0
4781 3379.0
4782 3379.0
4783 3379.0
4784 3379.0
4785 3379.0
4786 3379.0
4787 3379.0
4788 3379.0
4789 3379.0
4790 3379.0
4791 3379.0
4792 3379.0
4793 3379.0
4794 3379.0
4795 3379.0
4796 3379.0
4797 3379.0
4798 3379.0
4799 3379.0
4800 3379.0
4801 3379.0
4802 3379.0
4803 3379.0
4804 3379.0
4805 3379.0
4806 3379.0
4807 3379.0
4808 3379.0
4809 3379.0
4810 3379.0
4811 3379.0
4812 3379.0
4813 3379.0
4814 3379.0
4815 3379.0
4816 3379.0
4817 3379.0
4818 3379.0
4819 3379.0
4820 3379.0
4821 3379.0
4822 3379.0
4823 3379.0
4824 3379.0
4825 3379.0
4826 3379.0
4827 3379.0
4828 3379.0
4829 3379.0
4830 3379.0
4831 3379.0
4832 3379.0
4833 3379.0
4834 3379.0
4835 3379.0
4836 3379.0
4837 3379.0
4838 3379.0
4839 3379.0
4840 3379.0
4841 3379.0
4842 3379.0
4843 3379.0
4844 3379.0
4845 3379.0
4846 3379.0
4847 3379.0
4848 3379.0
4849 3379.0
4850 3379.0
4851 3379.0
4852 3379.0
4853 3379.0
4854 3379.0
4855 3379.0
4856 3379.0
4857 3379.0
4858 3379.0
4859 3379.0
4860 3379.0
4861 3379.0
4862 3379.0
4863 3379.0
4864 3379.0
4865 3379.0
4866 3379.0
4867 3379.0
4868 3379.0
4869 3379.0
4870 3379.0
4871 3379.0
4872 3379.0
4873 3379.0
4874 3379.0
4875 3379.0
4876 3379.0
4877 3379.0
4878 3379.0
4879 3379.0
4880 3379.0
4881 3379.0
4882 3379.0
4883 3379.0
4884 3379.0
4885 3379.0
4886 3379.0
4887 3379.0
4888 3379.0
4889 3379.0
4890 3379.0
4891 3379.0
4892 3379.0
4893 3379.0
4894 3379.0
4895 3379.0
4896 3379.0
4897 3379.0
4898 3379.0
4899 3379.0
4900 3379.0
4901 3379.0
4902 3379.0
4903 3379.0
4904 3379.0
4905 3379.0
4906 3379.0
4907 3379.0
4908 3379.0
4909 3379.0
4910 3379.0
4911 3379.0
4912 3379.0
4913 3379.0
4914 3379.0
4915 3379.0
4916 3379.0
4917 3379.0
4918 3379.0
4919 3379.0
4920 3379.0
4921 3379.0
4922 3379.0
4923 3379.0
4924 3379.0
4925 3379.0
4926 3379.0
4927 3379.0
4928 3379.0
4929 3379.0
4930 3379.0
4931 3379.0
4932 3379.0
4933 3379.0
4934 3379.0
4935 3379.0
4936 3379.0
4937 3379.0
4938 3379.0
4939 3379.0
4940 3379.0
4941 3379.0
4942 3379.0
4943 3379.0
4944 3379.0
4945 3379.0
4946 3379.0
4947 3379.0
4948 3379.0
4949 3379.0
4950 3379.0
4951 3379.0
4952 3379.0
4953 3379.0
4954 3379.0
4955 3379.0
4956 3379.0
4957 3379.0
4958 3379.0
4959 3379.0
4960 3379.0
4961 3379.0
4962 3379.0
4963 3379.0
4964 3379.0
4965 3379.0
4966 3379.0
4967 3379.0
4968 3379.0
4969 3379.0
4970 3379.0
4971 3379.0
4972 3379.0
4973 3379.0
4974 3379.0
4975 3379.0
4976 3379.0
4977 3379.0
4978 3379.0
4979 3379.0
4980 3379.0
4981 3379.0
4982 3379.0
4983 3379.0
4984 3379.0
4985 3379.0
4986 3379.0
4987 3379.0
4988 3379.0
4989 3379.0
4990 3379.0
4991 3379.0
4992 3379.0
4993 3379.0
4994 3379.0
4995 3379.0
4996 3379.0
4997 3379.0
4998 3379.0
4999 3379.0
