0 24977.0
1 24977.0
2 24977.0
3 24977.0
4 24977.0
5 24977.0
6 24977.0
7 24977.0
8 24977.0
9 24977.0
10 24977.0
11 24977.0
12 24977.0
13 24977.0
14 24977.0
15 24977.0
16 24977.0
17 24977.0
18 24977.0
19 24977.0
20 24977.0
21 24977.0
22 24977.0
23 24977.0
24 24977.0
25 24977.0
26 24977.0
27 24977.0
28 24977.0
29 24977.0
30 24977.0
31 24977.0
32 24977.0
33 24977.0
34 24977.0
35 24977.0
36 24977.0
37 24977.0
38 24977.0
39 24977.0
40 24977.0
41 24977.0
42 24977.0
43 24977.0
44 24977.0
45 24977.0
46 24977.0
47 24977.0
48 24977.0
49 24977.0
50 24977.0
51 24977.0
52 24977.0
53 24977.0
54 24977.0
55 24977.0
56 24977.0
57 24977.0
58 24977.0
59 24977.0
60 24977.0
61 24977.0
62 24977.0
63 24977.0
64 24977.0
65 24977.0
66 24977.0
67 24977.0
68 24977.0
69 24977.0
70 24977.0
71 24977.0
72 24977.0
73 24977.0
74 24977.0
75 24977.0
76 24977.0
77 24977.0
78 24977.0
79 24977.0
80 24977.0
81 24977.0
82 24977.0
83 24977.0
84 24977.0
85 24977.0
86 24977.0
87 24977.0
88 24977.0
89 24977.0
90 24977.0
91 24977.0
92 24977.0
93 24977.0
94 24977.0
95 24977.0
96 24977.0
97 24977.0
98 24977.0
99 24977.0
100 24977.0
101 24977.0
102 24977.0
103 24977.0
104 24977.0
105 24977.0
106 24977.0
107 24977.0
108 24977.0
109 24977.0
110 24977.0
111 24977.0
112 24977.0
113 24977.0
114 24977.0
115 24977.0
116 24977.0
117 24977.0
118 24977.0
119 24977.0
120 24977.0
121 24977.0
122 24977.0
123 24977.0
124 24977.0
125 24977.0
126 24977.0
127 24977.0
128 24977.0
129 24977.0
130 24977.0
131 24977.0
132 24977.0
133 24977.0
134 24977.0
135 24977.0
136 24977.0
137 24977.0
138 24977.0
139 24977.0
140 24977.0
141 24977.0
142 24977.0
143 24977.0
144 24977.0
145 24977.0
146 24541.0
147 24541.0
148 24541.0
149 24541.0
150 24541.0
151 24541.0
152 24541.0
153 24541.0
154 24541.0
155 24541.0
156 24534.0
157 24534.0
158 24534.0
159 24534.0
160 24534.0
161 24534.0
162 24534.0
163 24534.0
164 24534.0
165 24534.0
166 24534.0
167 24534.0
168 24534.0
169 24534.0
170 24534.0
171 24534.0
172 24534.0
173 24534.0
174 24534.0
175 24534.0
176 24534.0
177 24534.0
178 24534.0
179 24534.0
180 24534.0
181 24534.0
182 24534.0
183 24534.0
184 24534.0
185 24534.0
186 24534.0
187 24534.0
188 24534.0
189 24534.0
190 24534.0
191 24534.0
192 24534.0
193 24534.0
194 24534.0
195 24534.0
196 24534.0
197 24534.0
198 24534.0
199 24534.0
200 24534.0
201 24534.0
202 24534.0
203 24534.0
204 24534.0
205 24534.0
206 24534.0
207 24534.0
208 24534.0
209 24534.0
210 24534.0
211 24534.0
212 24534.0
213 24534.0
214 24534.0
215 24534.0
216 24534.0
217 24534.0
218 24534.0
219 24534.0
220 24534.0
221 24534.0
222 24534.0
223 24534.0
224 24534.0
225 24534.0
226 24534.0
227 24534.0
228 24534.0
229 24534.0
230 24534.0
231 24534.0
232 24534.0
233 24534.0
234 24534.0
235 24534.0
236 24534.0
237 24534.0
238 24534.0
239 24534.0
240 24534.0
241 24534.0
242 24534.0
243 24534.0
244 24534.0
245 24534.0
246 24534.0
247 24534.0
248 24534.0
249 24534.0
250 24534.0
251 24534.0
252 24534.0
253 24534.0
254 24534.0
255 24534.0
256 24534.0
257 24534.0
258 24534.0
259 24534.0
260 24534.0
261 24534.0
262 24534.0
263 24534.0
264 24534.0
265 24534.0
266 24534.0
267 24534.0
268 24534.0
269 24534.0
270 24534.0
271 24534.0
272 24534.0
273 24534.0
274 24534.0
275 24534.0
276 24534.0
277 24534.0
278 24534.0
279 24534.0
280 24534.0
281 24534.0
282 24534.0
283 24534.0
284 24534.0
285 24534.0
286 24534.0
287 24534.0
288 24534.0
289 24534.0
290 24534.0
291 24534.0
292 24534.0
293 24534.0
294 24534.0
295 24534.0
296 24534.0
297 24534.0
298 24534.0
299 24534.0
300 24534.0
301 24534.0
302 24534.0
303 24534.0
304 24534.0
305 24534.0
306 24534.0
307 24534.0
308 24534.0
309 24534.0
310 24534.0
311 24534.0
312 24534.0
313 24534.0
314 24534.0
315 24534.0
316 24534.0
317 24534.0
318 24534.0
319 24534.0
320 24534.0
321 24534.0
322 24534.0
323 24534.0
324 24534.0
325 24534.0
326 24534.0
327 24534.0
328 24534.0
329 24534.0
330 24534.0
331 24534.0
332 24534.0
333 24534.0
334 24534.0
335 24534.0
336 24534.0
337 24534.0
338 24534.0
339 24534.0
340 24534.0
341 24534.0
342 24534.0
343 24534.0
344 24534.0
345 24534.0
346 24534.0
347 24534.0
348 24534.0
349 24534.0
350 24534.0
351 24534.0
352 24534.0
353 24534.0
354 24534.0
355 24534.0
356 24534.0
357 24534.0
358 24534.0
359 24534.0
360 24534.0
361 24534.0
362 24534.0
363 24534.0
364 24534.0
365 24534.0
366 24534.0
367 24534.0
368 24534.0
369 24534.0
370 24534.0
371 24534.0
372 24534.0
373 24534.0
374 24534.0
375 24534.0
376 24534.0
377 24534.0
378 24534.0
379 24534.0
380 24534.0
381 24534.0
382 24534.0
383 24534.0
384 24534.0
385 24534.0
386 24534.0
387 24534.0
388 24534.0
389 24534.0
390 24534.0
391 24534.0
392 24534.0
393 24534.0
394 24534.0
395 24534.0
396 24534.0
397 24534.0
398 24534.0
399 24534.0
400 24534.0
401 24534.0
402 24534.0
403 24534.0
404 24534.0
405 24534.0
406 24534.0
407 24534.0
408 24534.0
409 24534.0
410 24534.0
411 24534.0
412 24320.0
413 24320.0
414 24320.0
415 24320.0
416 24320.0
417 24320.0
418 24320.0
419 24320.0
420 24320.0
421 24320.0
422 24320.0
423 24320.0
424 24320.0
425 24320.0
426 24320.0
427 24320.0
428 24320.0
429 24320.0
430 24320.0
431 24320.0
432 24320.0
433 24320.0
434 24320.0
435 24320.0
436 24320.0
437 24320.0
438 24320.0
439 24320.0
440 24320.0
441 24320.0
442 24320.0
443 24320.0
444 24320.0
445 24320.0
446 24320.0
447 24320.0
448 24320.0
449 24320.0
450 24320.0
451 24320.0
452 24320.0
453 24320.0
454 24320.0
455 24320.0
456 24320.0
457 24320.0
458 24320.0
459 24320.0
460 24320.0
461 24320.0
462 24320.0
463 24320.0
464 24320.0
465 24320.0
466 24320.0
467 24320.0
468 24320.0
469 24320.0
470 24320.0
471 24320.0
472 24320.0
473 24320.0
474 24320.0
475 24320.0
476 24320.0
477 24320.0
478 24320.0
479 24320.0
480 24320.0
481 24320.0
482 24320.0
483 24320.0
484 24320.0
485 24320.0
486 24320.0
487 24320.0
488 24320.0
489 24320.0
490 24320.0
491 24320.0
492 24320.0
493 24320.0
494 24320.0
495 24320.0
496 24320.0
497 24320.0
498 24320.0
499 24320.0
500 24320.0
501 24320.0
502 24320.0
503 24320.0
504 24320.0
505 24320.0
506 24320.0
507 24320.0
508 24320.0
509 24320.0
510 24320.0
511 24320.0
512 24320.0
513 24320.0
514 24320.0
515 24320.0
516 24320.0
517 24320.0
518 24320.0
519 24320.0
520 24320.0
521 24320.0
522 24320.0
523 24320.0
524 24320.0
525 24320.0
526 24320.0
527 24320.0
528 24320.0
529 24320.0
530 24320.0
531 24320.0
532 24320.0
533 24320.0
534 24320.0
535 24320.0
536 24320.0
537 24320.0
538 24320.0
539 24320.0
540 24320.0
541 24320.0
542 24320.0
543 24320.0
544 24320.0
545 24320.0
546 24320.0
547 24320.0
548 24320.0
549 24320.0
550 24320.0
551 24320.0
552 24320.0
553 24320.0
554 24320.0
555 24320.0
556 24320.0
557 24320.0
558 24320.0
559 24320.0
560 24320.0
561 24320.0
562 24320.0
563 24320.0
564 24320.0
565 24320.0
566 24320.0
567 24320.0
568 24320.0
569 24320.0
570 24320.0
571 24320.0
572 24320.0
573 24320.0
574 24320.0
575 24320.0
576 24320.0
577 24320.0
578 24320.0
579 24320.0
580 24320.0
581 24320.0
582 24320.0
583 24320.0
584 24320.0
585 24320.0
586 24320.0
587 24320.0
588 24320.0
589 24320.0
590 24320.0
591 24320.0
592 24320.0
593 24320.0
594 24320.0
595 24320.0
596 24320.0
597 24320.0
598 24320.0
599 24320.0
600 24320.0
601 24320.0
602 24320.0
603 24320.0
604 24320.0
605 24320.0
606 24320.0
607 24320.0
608 24320.0
609 24320.0
610 24320.0
611 24320.0
612 24320.0
613 24320.0
614 24320.0
615 24320.0
616 24320.0
617 24320.0
618 24320.0
619 24320.0
620 24320.0
621 24320.0
622 24320.0
623 24320.0
624 24320.0
625 24320.0
626 24320.0
627 24320.0
628 24320.0
629 24320.0
630 24320.0
631 24320.0
632 24320.0
633 24320.0
634 24320.0
635 24320.0
636 24320.0
637 24320.0
638 24320.0
639 24320.0
640 24320.0
641 24320.0
642 24320.0
643 24320.0
644 24320.0
645 24320.0
646 24320.0
647 24320.0
648 24320.0
649 24320.0
650 24320.0
651 24320.0
652 24320.0
653 24320.0
654 24320.0
655 24320.0
656 24320.0
657 24320.0
658 24320.0
659 24320.0
660 24320.0
661 24320.0
662 24320.0
663 24320.0
664 24320.0
665 24320.0
666 24320.0
667 24320.0
668 24320.0
669 24320.0
670 24320.0
671 24320.0
672 24320.0
673 24320.0
674 24320.0
675 24320.0
676 24320.0
677 24320.0
678 24320.0
679 24320.0
680 24320.0
681 24320.0
682 24320.0
683 24320.0
684 24320.0
685 24320.0
686 24320.0
687 24320.0
688 24320.0
689 24320.0
690 24320.0
