0 23878.0
1 23878.0
2 23878.0
3 23448.0
4 23018.0
5 23018.0
6 23018.0
7 23018.0
8 23018.0
9 23018.0
10 23018.0
11 23018.0
12 23018.0
13 23018.0
14 23018.0
15 23018.0
16 23018.0
17 23018.0
18 23018.0
19 23018.0
20 23018.0
21 23018.0
22 23018.0
23 23018.0
24 23018.0
25 23018.0
26 23018.0
27 23018.0
28 23018.0
29 23018.0
30 23018.0
31 23018.0
32 23018.0
33 23018.0
34 23018.0
35 23018.0
36 23018.0
37 23018.0
38 23018.0
39 23018.0
40 23018.0
41 23018.0
42 23018.0
43 23018.0
44 23018.0
45 23018.0
46 23018.0
47 23018.0
48 23018.0
49 23018.0
50 23018.0
51 23018.0
52 23018.0
53 23018.0
54 23018.0
55 23018.0
56 23018.0
57 23018.0
58 23018.0
59 23018.0
60 23018.0
61 23018.0
62 23018.0
63 23018.0
64 23018.0
65 23018.0
66 23018.0
67 23018.0
68 23018.0
69 23018.0
70 23018.0
71 23018.0
72 23018.0
73 23018.0
74 23018.0
75 23018.0
76 23018.0
77 23018.0
78 23018.0
79 23018.0
80 23018.0
81 23018.0
82 23018.0
83 23018.0
84 23018.0
85 23018.0
86 23018.0
87 23018.0
88 23018.0
89 23018.0
90 23018.0
91 23018.0
92 23018.0
93 23018.0
94 23018.0
95 23018.0
96 23018.0
97 23018.0
98 23018.0
99 23018.0
100 23018.0
101 23018.0
102 23018.0
103 23018.0
104 23018.0
105 23018.0
106 23018.0
107 23018.0
108 23018.0
109 23018.0
110 23018.0
111 23018.0
112 23018.0
113 23018.0
114 23018.0
115 23018.0
116 23018.0
117 23018.0
118 23018.0
119 23018.0
120 23018.0
121 23018.0
122 23018.0
123 23018.0
124 23018.0
125 23018.0
126 23018.0
127 23018.0
128 23018.0
129 23018.0
130 23018.0
131 23018.0
132 23018.0
133 23018.0
134 23018.0
135 23018.0
136 23018.0
137 23018.0
138 23018.0
139 23018.0
140 23018.0
141 23018.0
142 23018.0
143 23018.0
144 23018.0
145 23018.0
146 23018.0
147 23018.0
148 23018.0
149 23018.0
150 23018.0
151 23018.0
152 23018.0
153 23018.0
154 23018.0
155 23018.0
156 23018.0
157 23018.0
158 23018.0
159 23018.0
160 23018.0
161 23018.0
162 23018.0
163 23018.0
164 23018.0
165 23018.0
166 23018.0
167 23018.0
168 23018.0
169 23018.0
170 23018.0
171 23018.0
172 23018.0
173 23018.0
174 23018.0
175 23018.0
176 23018.0
177 23018.0
178 23018.0
179 23018.0
180 23018.0
181 23018.0
182 23018.0
183 23018.0
184 23018.0
185 23018.0
186 23018.0
187 23018.0
188 23018.0
189 23018.0
190 23018.0
191 23018.0
192 23018.0
193 23018.0
194 23018.0
195 23018.0
196 23018.0
197 23018.0
198 23018.0
199 23018.0
200 23018.0
201 23018.0
202 23018.0
203 23018.0
204 23018.0
205 23018.0
206 23018.0
207 23018.0
208 23018.0
209 23018.0
210 23018.0
211 23018.0
212 23018.0
213 23018.0
214 23018.0
215 23018.0
216 23018.0
217 23018.0
218 23018.0
219 23018.0
220 23018.0
221 23018.0
222 23018.0
223 23018.0
224 23018.0
225 23018.0
226 23018.0
227 23018.0
228 23018.0
229 23018.0
230 23018.0
231 23018.0
232 23018.0
233 23018.0
234 23018.0
235 23018.0
236 23018.0
237 23018.0
238 23018.0
239 23018.0
240 23018.0
241 23018.0
242 23018.0
243 23018.0
244 23018.0
245 23018.0
246 23018.0
247 23018.0
248 23018.0
249 23018.0
250 23018.0
251 23018.0
252 23018.0
253 23018.0
254 23018.0
255 23018.0
256 23018.0
257 23018.0
258 23018.0
259 23018.0
260 23018.0
261 23018.0
262 23018.0
263 23018.0
264 23018.0
265 23018.0
266 23018.0
267 23018.0
268 23018.0
269 23018.0
270 23018.0
271 23018.0
272 23018.0
273 23018.0
274 23018.0
275 23018.0
276 23018.0
277 23018.0
278 23018.0
279 23018.0
280 23018.0
281 23018.0
282 23018.0
283 23018.0
284 23018.0
285 23018.0
286 23018.0
287 23018.0
288 23018.0
289 23018.0
290 23018.0
291 23018.0
292 23018.0
293 23018.0
294 23018.0
295 23018.0
296 23018.0
297 23018.0
298 23018.0
299 23018.0
300 23018.0
301 23018.0
302 23018.0
303 23018.0
304 23018.0
305 23018.0
306 23018.0
307 23018.0
308 23018.0
309 23018.0
310 23018.0
311 23018.0
312 23018.0
313 23018.0
314 23018.0
315 23018.0
316 23018.0
317 23018.0
318 23018.0
319 23018.0
320 23018.0
321 23018.0
322 23018.0
323 23018.0
324 23018.0
325 23018.0
326 23018.0
327 23018.0
328 23018.0
329 23018.0
330 23018.0
331 23018.0
332 23018.0
333 23018.0
334 23018.0
335 23018.0
336 23018.0
337 23018.0
338 23018.0
339 23018.0
340 23018.0
341 23018.0
342 23018.0
343 23018.0
344 23018.0
345 23018.0
346 23018.0
347 23018.0
348 23018.0
349 23018.0
350 23018.0
351 23018.0
352 23018.0
353 23018.0
354 23018.0
355 23018.0
356 23018.0
357 23018.0
358 23018.0
359 23018.0
360 23018.0
361 23018.0
362 23018.0
363 23018.0
364 23018.0
365 23018.0
366 23018.0
367 23018.0
368 23018.0
369 23018.0
370 23018.0
371 23018.0
372 23018.0
373 23018.0
374 23018.0
375 23018.0
376 23018.0
377 23018.0
378 23018.0
379 23018.0
380 23018.0
381 23018.0
382 23018.0
383 23018.0
384 23018.0
385 23018.0
386 23018.0
387 23018.0
388 23018.0
389 23018.0
390 23018.0
391 23018.0
392 23018.0
393 23018.0
394 23018.0
395 23018.0
396 23018.0
397 23018.0
398 23018.0
399 23018.0
400 23018.0
401 23018.0
402 23018.0
403 23018.0
404 23018.0
405 23018.0
406 23018.0
407 23018.0
408 23018.0
409 23018.0
410 23018.0
411 23018.0
412 23018.0
413 23018.0
414 23018.0
415 23018.0
416 23018.0
417 23018.0
418 23018.0
419 23018.0
420 23018.0
421 23018.0
422 23018.0
423 23018.0
424 23018.0
425 23018.0
426 23018.0
427 23018.0
428 23018.0
429 23018.0
430 23018.0
431 23018.0
432 23018.0
433 23018.0
434 23018.0
435 23018.0
436 23018.0
437 23018.0
438 23018.0
439 23018.0
440 23018.0
441 23018.0
442 23018.0
443 23018.0
444 23018.0
445 23018.0
446 23018.0
447 23018.0
448 23018.0
449 23018.0
450 23018.0
451 23018.0
452 23018.0
453 23018.0
454 23018.0
455 23018.0
456 23018.0
457 23018.0
458 23018.0
459 23018.0
460 23018.0
461 23018.0
462 23018.0
463 23018.0
464 23018.0
465 23018.0
466 23018.0
467 23018.0
468 23018.0
469 23018.0
470 23018.0
471 23018.0
472 23018.0
473 23018.0
474 23018.0
475 23018.0
476 23018.0
477 23018.0
478 23018.0
479 23018.0
480 23018.0
481 23018.0
482 23018.0
483 23018.0
484 23018.0
485 23018.0
486 23018.0
487 23018.0
488 23018.0
489 23018.0
490 23018.0
491 23018.0
492 23018.0
493 23018.0
494 23018.0
495 23018.0
496 23018.0
497 23018.0
498 23018.0
499 23018.0
500 23018.0
501 23018.0
502 23018.0
503 23018.0
504 23018.0
505 23018.0
506 23018.0
507 23018.0
508 23018.0
509 23018.0
510 23018.0
511 23018.0
512 23018.0
513 23018.0
514 23018.0
515 23018.0
516 23018.0
517 23018.0
518 23018.0
519 23018.0
520 23018.0
521 23018.0
522 23018.0
523 23018.0
524 23018.0
525 23018.0
526 23018.0
527 23018.0
528 23018.0
529 23018.0
530 23018.0
531 23018.0
532 23018.0
533 23018.0
534 23018.0
535 23018.0
536 23018.0
537 23018.0
538 23018.0
539 23018.0
540 23018.0
541 23018.0
542 23018.0
543 23018.0
544 23018.0
545 23018.0
546 23018.0
547 23018.0
548 23018.0
549 23018.0
550 23018.0
551 23018.0
552 23018.0
553 23018.0
554 23018.0
555 23018.0
556 23018.0
557 23018.0
558 23018.0
559 23018.0
560 23018.0
561 23018.0
562 23018.0
563 23018.0
564 23018.0
565 23018.0
566 23018.0
567 23018.0
568 23018.0
569 23018.0
570 23018.0
571 23018.0
572 23018.0
573 23018.0
574 23018.0
575 23018.0
576 23018.0
577 23018.0
578 23018.0
579 23018.0
580 23018.0
581 23018.0
582 23018.0
583 23018.0
584 23018.0
585 23018.0
586 23018.0
587 23018.0
588 23018.0
589 23018.0
590 23018.0
591 23018.0
592 23018.0
593 23018.0
594 23018.0
595 23018.0
596 23018.0
597 23018.0
598 23018.0
599 23018.0
600 23018.0
601 23018.0
602 23018.0
603 23018.0
604 23018.0
605 23018.0
606 23018.0
607 23018.0
608 23018.0
609 23018.0
610 23018.0
611 23018.0
612 23018.0
613 23018.0
614 23018.0
615 23018.0
616 23018.0
617 23018.0
618 23018.0
619 23018.0
620 23018.0
621 23018.0
622 23018.0
623 23018.0
624 23018.0
625 23018.0
626 23018.0
627 23018.0
628 23018.0
629 23018.0
630 23018.0
631 23018.0
632 23018.0
633 23018.0
634 23018.0
635 23018.0
636 23018.0
637 23018.0
638 23018.0
639 23018.0
640 23018.0
641 23018.0
642 23018.0
643 23018.0
644 23018.0
645 23018.0
646 23018.0
647 23018.0
648 23018.0
649 23018.0
650 23018.0
651 23018.0
652 23018.0
653 23018.0
654 23018.0
655 23018.0
656 23018.0
657 23018.0
658 23018.0
659 23018.0
660 23018.0
661 23018.0
662 23018.0
663 23018.0
664 23018.0
665 23018.0
666 23018.0
667 23018.0
668 23018.0
669 23018.0
670 23018.0
671 23018.0
672 23018.0
673 23018.0
674 23018.0
675 23018.0
676 23018.0
677 23018.0
678 23018.0
679 23018.0
680 23018.0
681 23018.0
682 23018.0
683 23018.0
684 23018.0
685 23018.0
686 23018.0
687 23018.0
688 23018.0
689 23018.0
690 23018.0
691 23018.0
692 23018.0
693 23018.0
694 23018.0
695 23018.0
696 23018.0
697 23018.0
698 23018.0
699 23018.0
700 23018.0
701 23018.0
702 23018.0
703 23018.0
704 23018.0
705 23018.0
706 23018.0
707 23018.0
708 23018.0
709 23018.0
710 23018.0
711 23018.0
712 23018.0
713 23018.0
714 23018.0
715 23018.0
716 23018.0
717 23018.0
718 23018.0
719 23018.0
720 23018.0
721 23018.0
722 23018.0
723 23018.0
724 23018.0
725 23018.0
726 21768.0
727 21768.0
728 21768.0
729 21768.0
730 21768.0
731 21768.0
732 21768.0
733 21768.0
734 21768.0
735 21768.0
736 21768.0
737 21768.0
738 21768.0
739 21768.0
740 21768.0
741 21768.0
742 21768.0
743 21768.0
744 21768.0
745 21768.0
746 21768.0
747 21768.0
748 21768.0
749 21768.0
750 21768.0
751 21768.0
752 21768.0
753 21768.0
754 21768.0
755 21768.0
756 21768.0
757 21768.0
758 21768.0
759 21768.0
760 21768.0
761 21768.0
762 21768.0
763 21768.0
764 21768.0
765 21768.0
766 21768.0
767 21768.0
768 21768.0
769 21768.0
770 21768.0
771 21768.0
772 21768.0
773 21768.0
774 21768.0
775 21768.0
776 21768.0
777 21768.0
778 21768.0
779 21768.0
780 21768.0
781 21768.0
782 21768.0
783 21768.0
784 21768.0
785 21768.0
786 21768.0
787 21768.0
788 21768.0
789 21768.0
790 21768.0
791 21768.0
792 21768.0
793 21768.0
794 21768.0
795 21768.0
796 21768.0
797 21768.0
798 21768.0
799 21768.0
800 21768.0
801 21768.0
802 21768.0
803 21768.0
804 21768.0
805 21768.0
806 21768.0
807 21768.0
808 21768.0
809 21768.0
810 21768.0
811 21768.0
812 21768.0
813 21768.0
814 21768.0
815 21768.0
816 21768.0
817 21768.0
818 21768.0
819 21768.0
820 21768.0
821 21768.0
822 21768.0
823 21768.0
824 21768.0
825 21768.0
826 21768.0
827 21768.0
828 21768.0
829 21768.0
830 21768.0
831 21768.0
832 21768.0
833 21768.0
834 21768.0
835 21768.0
836 21768.0
837 21768.0
838 21768.0
839 21768.0
840 21768.0
841 21768.0
842 21768.0
843 21768.0
844 21768.0
845 21768.0
846 21768.0
847 21768.0
848 21768.0
849 21768.0
850 21768.0
851 21768.0
852 21768.0
853 21768.0
854 21768.0
855 21768.0
856 21768.0
857 21768.0
858 21768.0
859 21768.0
860 21768.0
861 21768.0
862 21768.0
863 21768.0
864 21768.0
865 21768.0
866 21768.0
867 21768.0
868 21768.0
869 21768.0
870 21768.0
871 21768.0
872 21768.0
873 21768.0
874 21768.0
875 21768.0
876 21768.0
877 21768.0
878 21768.0
879 21768.0
880 21768.0
881 21768.0
882 21768.0
883 21768.0
884 21768.0
885 21768.0
886 21768.0
887 21768.0
888 21768.0
889 21768.0
890 21768.0
891 21768.0
892 21768.0
893 21768.0
894 21768.0
895 21768.0
896 21768.0
897 21768.0
898 21768.0
899 21768.0
900 21768.0
901 21768.0
902 21768.0
903 21768.0
904 21768.0
905 21768.0
906 21768.0
907 21768.0
908 21768.0
909 21768.0
910 21768.0
911 21768.0
912 21768.0
913 21768.0
914 21768.0
915 21768.0
916 21768.0
917 21768.0
918 21768.0
919 21768.0
920 21768.0
921 21768.0
922 21768.0
923 21768.0
924 21768.0
925 21768.0
926 21768.0
927 21768.0
928 21768.0
929 21768.0
930 21768.0
931 21768.0
932 21768.0
933 21768.0
934 21768.0
935 21768.0
936 21768.0
937 21768.0
938 21768.0
939 21768.0
940 21768.0
941 21768.0
942 21768.0
943 21768.0
944 21768.0
945 21768.0
946 21768.0
947 21768.0
948 21768.0
949 21768.0
950 21768.0
951 21768.0
952 21768.0
953 21768.0
954 21768.0
955 21768.0
956 21768.0
957 21768.0
958 21768.0
959 21768.0
960 21768.0
961 21768.0
962 21768.0
963 21768.0
964 21768.0
965 21768.0
966 21768.0
967 21768.0
968 21768.0
969 21768.0
970 21768.0
971 21768.0
972 21768.0
973 21768.0
974 21768.0
975 21768.0
976 21768.0
977 21768.0
978 21768.0
979 21768.0
980 21768.0
981 21768.0
982 21768.0
983 21768.0
984 21768.0
985 21768.0
986 21768.0
987 21768.0
988 21768.0
989 21768.0
990 21768.0
991 21768.0
992 21768.0
993 21768.0
994 21768.0
995 21768.0
996 21768.0
997 21768.0
998 21768.0
999 21768.0
1000 21768.0
1001 21768.0
1002 21768.0
1003 21768.0
1004 21768.0
1005 21768.0
1006 21768.0
1007 21768.0
1008 21768.0
1009 21768.0
1010 21768.0
1011 21768.0
1012 21768.0
1013 21768.0
1014 21768.0
1015 21768.0
1016 21768.0
1017 21768.0
1018 21768.0
1019 21768.0
1020 21768.0
1021 21768.0
1022 21768.0
1023 21768.0
1024 21768.0
1025 21768.0
1026 21768.0
1027 21768.0
1028 21768.0
1029 21768.0
1030 21768.0
1031 21768.0
1032 21768.0
1033 21768.0
1034 21768.0
1035 21768.0
1036 21768.0
1037 21768.0
1038 21768.0
1039 21768.0
1040 21768.0
1041 21768.0
1042 21768.0
1043 21768.0
1044 21768.0
1045 21768.0
1046 21768.0
1047 21768.0
1048 21768.0
1049 21768.0
1050 21768.0
1051 21768.0
1052 21768.0
1053 21768.0
1054 21768.0
1055 21768.0
1056 21768.0
1057 21768.0
1058 21768.0
1059 21768.0
1060 21768.0
1061 21768.0
1062 21768.0
1063 21768.0
1064 21768.0
1065 21768.0
1066 21768.0
1067 21768.0
1068 21768.0
1069 21768.0
1070 21768.0
1071 21768.0
1072 21768.0
1073 21768.0
1074 21768.0
1075 21768.0
1076 21768.0
1077 21768.0
1078 21768.0
1079 21768.0
1080 21768.0
1081 21768.0
1082 21768.0
1083 21768.0
1084 21768.0
1085 21768.0
1086 21768.0
1087 21768.0
1088 21768.0
1089 21768.0
1090 21768.0
1091 21768.0
1092 21768.0
1093 21768.0
1094 21768.0
1095 21768.0
1096 21768.0
1097 21768.0
1098 21768.0
1099 21768.0
1100 21768.0
1101 21768.0
1102 21768.0
1103 21768.0
1104 21768.0
1105 21768.0
1106 21768.0
1107 21768.0
1108 21768.0
1109 21768.0
1110 21768.0
1111 21768.0
1112 21768.0
1113 21768.0
1114 21768.0
1115 21768.0
1116 21768.0
1117 21768.0
1118 21768.0
1119 21768.0
1120 21768.0
1121 21768.0
1122 21768.0
1123 21768.0
1124 21768.0
1125 21768.0
1126 21768.0
1127 21768.0
1128 21768.0
1129 21768.0
1130 21768.0
1131 21768.0
1132 21768.0
1133 21768.0
1134 21768.0
1135 21768.0
1136 21768.0
1137 21768.0
1138 21768.0
1139 21768.0
1140 21768.0
1141 21768.0
1142 21768.0
1143 21768.0
1144 21768.0
1145 21768.0
1146 21768.0
1147 21768.0
1148 21768.0
1149 21768.0
1150 21768.0
1151 21768.0
1152 21768.0
1153 21768.0
1154 21768.0
1155 21768.0
1156 21768.0
1157 21768.0
1158 21768.0
1159 21768.0
1160 21768.0
1161 21768.0
1162 21768.0
1163 21768.0
1164 21768.0
1165 21768.0
1166 21768.0
1167 21768.0
1168 21768.0
1169 21768.0
1170 21768.0
1171 21768.0
1172 21768.0
1173 21768.0
1174 21768.0
1175 21768.0
1176 21768.0
1177 21768.0
1178 21768.0
1179 21768.0
1180 21768.0
1181 21768.0
1182 21768.0
1183 21768.0
1184 21768.0
1185 21768.0
1186 21768.0
1187 21768.0
1188 21768.0
1189 21768.0
1190 21768.0
1191 21768.0
1192 21768.0
1193 21768.0
1194 21768.0
1195 21768.0
1196 21768.0
1197 21768.0
1198 21768.0
1199 21768.0
1200 21768.0
1201 21768.0
1202 21768.0
1203 21768.0
1204 21768.0
1205 21768.0
1206 21768.0
1207 21768.0
1208 21768.0
1209 21768.0
1210 21768.0
1211 21768.0
1212 21768.0
1213 21768.0
1214 21768.0
1215 21768.0
1216 21768.0
1217 21768.0
1218 21768.0
1219 21768.0
1220 21768.0
1221 21768.0
1222 21768.0
1223 21768.0
1224 21768.0
1225 21768.0
1226 21768.0
1227 21768.0
1228 21768.0
1229 21768.0
1230 21768.0
1231 21768.0
1232 21768.0
1233 21768.0
1234 21768.0
1235 21768.0
1236 21768.0
1237 21768.0
1238 21768.0
1239 21768.0
1240 21768.0
1241 21768.0
1242 21768.0
1243 21768.0
1244 21768.0
1245 21768.0
1246 21768.0
1247 21768.0
1248 21768.0
1249 21768.0
1250 21768.0
1251 21768.0
1252 21768.0
1253 21768.0
1254 21768.0
1255 21768.0
1256 21768.0
1257 21768.0
1258 21768.0
1259 21768.0
1260 21768.0
1261 21768.0
1262 21768.0
1263 21768.0
1264 21768.0
1265 21768.0
1266 21768.0
1267 21768.0
1268 21768.0
1269 21768.0
1270 21768.0
1271 21768.0
1272 21768.0
1273 21768.0
1274 21768.0
1275 21768.0
1276 21768.0
1277 21768.0
1278 21768.0
1279 21768.0
1280 21768.0
1281 21768.0
1282 21768.0
1283 21768.0
1284 21768.0
1285 21768.0
1286 21768.0
1287 21768.0
1288 21768.0
1289 21768.0
1290 21768.0
1291 21768.0
1292 21768.0
1293 21768.0
1294 21768.0
1295 21768.0
1296 21768.0
1297 21768.0
1298 21768.0
1299 21768.0
1300 21768.0
1301 21768.0
1302 21768.0
1303 21768.0
1304 21768.0
1305 21768.0
1306 21768.0
1307 21768.0
1308 21768.0
1309 21768.0
1310 21768.0
1311 21768.0
1312 21768.0
1313 21768.0
1314 21768.0
1315 21768.0
1316 21768.0
1317 21768.0
1318 21768.0
1319 21768.0
1320 21768.0
1321 21768.0
1322 21768.0
1323 21768.0
1324 21768.0
1325 21768.0
1326 21768.0
1327 21768.0
1328 21768.0
1329 21768.0
1330 21768.0
1331 21768.0
1332 21768.0
1333 21768.0
1334 21768.0
1335 21768.0
1336 21768.0
1337 21768.0
1338 21768.0
1339 21768.0
1340 21768.0
1341 21768.0
1342 21768.0
1343 21768.0
1344 21768.0
1345 21768.0
1346 21768.0
1347 21768.0
1348 21768.0
1349 21768.0
1350 21768.0
1351 21768.0
1352 21768.0
1353 21768.0
1354 21768.0
1355 21768.0
1356 21768.0
1357 21768.0
1358 21768.0
1359 21768.0
1360 21768.0
1361 21768.0
1362 21768.0
1363 21768.0
1364 21768.0
1365 21768.0
1366 21768.0
1367 21768.0
1368 21768.0
1369 21768.0
1370 21768.0
1371 21768.0
1372 21768.0
1373 21768.0
1374 21768.0
1375 21768.0
1376 21768.0
1377 21768.0
1378 21768.0
1379 21768.0
1380 21768.0
1381 21768.0
1382 21768.0
1383 21768.0
1384 21768.0
1385 21768.0
1386 21768.0
1387 21768.0
1388 21768.0
1389 21768.0
1390 21768.0
1391 21768.0
1392 21768.0
1393 21768.0
1394 21768.0
1395 21768.0
1396 21768.0
1397 21768.0
1398 21768.0
1399 21768.0
1400 21768.0
1401 21768.0
1402 21768.0
1403 21768.0
1404 21768.0
1405 21768.0
1406 21768.0
1407 21768.0
1408 21768.0
1409 21768.0
1410 21768.0
1411 21768.0
1412 21768.0
1413 21768.0
1414 21768.0
1415 21768.0
1416 21768.0
1417 21768.0
1418 21768.0
1419 21768.0
1420 21768.0
1421 21768.0
1422 21768.0
1423 21768.0
1424 21768.0
1425 21768.0
1426 21768.0
1427 21768.0
1428 21768.0
1429 21768.0
1430 21768.0
1431 21768.0
1432 21768.0
1433 21768.0
1434 21768.0
1435 21768.0
1436 21768.0
1437 21768.0
1438 21768.0
1439 21768.0
1440 21768.0
1441 21768.0
1442 21768.0
1443 21768.0
1444 21768.0
1445 21768.0
1446 21768.0
1447 21768.0
1448 21768.0
1449 21768.0
1450 21768.0
1451 21768.0
1452 21768.0
1453 21768.0
1454 21768.0
1455 21768.0
1456 21768.0
1457 21768.0
1458 21768.0
1459 21768.0
1460 21768.0
1461 21768.0
1462 21768.0
1463 21768.0
1464 21768.0
1465 21768.0
1466 21768.0
1467 21768.0
1468 21768.0
1469 21768.0
1470 21768.0
1471 21768.0
1472 21768.0
1473 21768.0
1474 21768.0
1475 21768.0
1476 21768.0
1477 21768.0
1478 21768.0
1479 21768.0
1480 21768.0
1481 21768.0
1482 21768.0
1483 21768.0
1484 21768.0
1485 21768.0
1486 21768.0
1487 21768.0
1488 21768.0
1489 21768.0
1490 21768.0
1491 21768.0
1492 21768.0
1493 21768.0
1494 21768.0
1495 21768.0
1496 21768.0
1497 21768.0
1498 21768.0
1499 21768.0
1500 21768.0
1501 21768.0
1502 21768.0
1503 21768.0
1504 21768.0
1505 21768.0
1506 21768.0
1507 21768.0
1508 21768.0
1509 21768.0
1510 21768.0
1511 21768.0
1512 21768.0
1513 21768.0
1514 21768.0
1515 21768.0
1516 21768.0
1517 21768.0
1518 21768.0
1519 21768.0
1520 21768.0
1521 21768.0
1522 21768.0
1523 21768.0
1524 21768.0
1525 21768.0
1526 21768.0
1527 21768.0
1528 21768.0
1529 21768.0
1530 21768.0
1531 21768.0
1532 21768.0
1533 21768.0
1534 21768.0
1535 21768.0
1536 21768.0
1537 21768.0
1538 21768.0
1539 21768.0
1540 21768.0
1541 21768.0
1542 21768.0
1543 21768.0
1544 21768.0
1545 21768.0
1546 21768.0
1547 21768.0
1548 21768.0
1549 21768.0
1550 21768.0
1551 21768.0
1552 21768.0
1553 21768.0
1554 21768.0
1555 21768.0
1556 21768.0
1557 21768.0
1558 21768.0
1559 21768.0
1560 21768.0
1561 21768.0
1562 21768.0
1563 21768.0
1564 21768.0
1565 21768.0
1566 21768.0
1567 21768.0
1568 21768.0
1569 21768.0
1570 21768.0
1571 21768.0
1572 21768.0
1573 21768.0
1574 21768.0
1575 21768.0
1576 21768.0
1577 21768.0
1578 21768.0
1579 21768.0
1580 21768.0
1581 21768.0
1582 21768.0
1583 21768.0
1584 21768.0
1585 21768.0
1586 21768.0
1587 21768.0
1588 21768.0
1589 21768.0
1590 21768.0
1591 21768.0
1592 21768.0
1593 21768.0
1594 21768.0
1595 21768.0
1596 21768.0
1597 21768.0
1598 21768.0
1599 21768.0
1600 21768.0
1601 21768.0
1602 21768.0
1603 21768.0
1604 21768.0
1605 21768.0
1606 21768.0
1607 21768.0
1608 21768.0
1609 21768.0
1610 21768.0
1611 21768.0
1612 21768.0
1613 21768.0
1614 21768.0
1615 21768.0
1616 21768.0
1617 21768.0
1618 21768.0
1619 21768.0
1620 21768.0
1621 21768.0
1622 21768.0
1623 21768.0
1624 21768.0
1625 21768.0
1626 21768.0
1627 21768.0
1628 21768.0
1629 21768.0
1630 21768.0
1631 21768.0
1632 21768.0
1633 21768.0
1634 21768.0
1635 21768.0
1636 21768.0
1637 21768.0
1638 21768.0
1639 21768.0
1640 21768.0
1641 21768.0
1642 21768.0
1643 21768.0
1644 21768.0
1645 21768.0
1646 21768.0
1647 21768.0
1648 21768.0
1649 21768.0
1650 21768.0
1651 21768.0
1652 21768.0
1653 21768.0
1654 21768.0
1655 21768.0
1656 21768.0
1657 21768.0
1658 21768.0
1659 21768.0
1660 21768.0
1661 21768.0
1662 21768.0
1663 21768.0
1664 21768.0
1665 21768.0
1666 21768.0
1667 21768.0
1668 21768.0
1669 21768.0
1670 21768.0
1671 21768.0
1672 21768.0
1673 21768.0
1674 21768.0
1675 21768.0
1676 21768.0
1677 21768.0
1678 21768.0
1679 21768.0
1680 21768.0
1681 21768.0
1682 21768.0
1683 21768.0
1684 21768.0
1685 21768.0
1686 21768.0
1687 21768.0
1688 21768.0
1689 21768.0
1690 21768.0
1691 21768.0
1692 21768.0
1693 21768.0
1694 21768.0
1695 21768.0
1696 21768.0
1697 21768.0
1698 21768.0
1699 21768.0
1700 21768.0
1701 21768.0
1702 21768.0
1703 21768.0
1704 21768.0
1705 21768.0
1706 21768.0
1707 21768.0
1708 21768.0
1709 21768.0
1710 21768.0
1711 21768.0
1712 21768.0
1713 21768.0
1714 21768.0
1715 21768.0
1716 21768.0
1717 21768.0
1718 21768.0
1719 21768.0
1720 21768.0
1721 21768.0
1722 21768.0
1723 21768.0
1724 21768.0
1725 21768.0
1726 21768.0
1727 21768.0
1728 21768.0
1729 21768.0
1730 21768.0
1731 21768.0
1732 21768.0
1733 21768.0
1734 21768.0
1735 21768.0
1736 21768.0
1737 21768.0
1738 21768.0
1739 21768.0
1740 21768.0
1741 21768.0
1742 21768.0
1743 21768.0
1744 21768.0
1745 21768.0
1746 21768.0
1747 21768.0
1748 21768.0
1749 21768.0
1750 21768.0
1751 21768.0
1752 21768.0
1753 21768.0
1754 21768.0
1755 21768.0
1756 21768.0
1757 21768.0
1758 21768.0
1759 21768.0
1760 21768.0
1761 21768.0
1762 21768.0
1763 21768.0
1764 21768.0
1765 21768.0
1766 21768.0
1767 21768.0
1768 21768.0
1769 21768.0
1770 21768.0
1771 21768.0
1772 21768.0
1773 21768.0
1774 21768.0
1775 21768.0
1776 21768.0
1777 21768.0
1778 21768.0
1779 21768.0
1780 21768.0
1781 21768.0
1782 21768.0
1783 21768.0
1784 21768.0
1785 21768.0
1786 21768.0
1787 21768.0
1788 21768.0
1789 21768.0
1790 21768.0
1791 21768.0
1792 21768.0
1793 21768.0
1794 21768.0
1795 21768.0
1796 21768.0
1797 21768.0
1798 21768.0
1799 21768.0
1800 21768.0
1801 21768.0
1802 21768.0
1803 21768.0
1804 21768.0
1805 21768.0
1806 21768.0
1807 21768.0
1808 21768.0
1809 21768.0
1810 21768.0
1811 21768.0
1812 21768.0
1813 21768.0
1814 21768.0
1815 21768.0
1816 21768.0
1817 21768.0
1818 21768.0
1819 21768.0
1820 21768.0
1821 21768.0
1822 21768.0
1823 21768.0
1824 21768.0
1825 21768.0
1826 21768.0
1827 21768.0
1828 21768.0
1829 21768.0
1830 21768.0
1831 21768.0
1832 21768.0
1833 21768.0
1834 21768.0
1835 21768.0
1836 21768.0
1837 21768.0
1838 21768.0
1839 21768.0
1840 21768.0
1841 21768.0
1842 21768.0
1843 21768.0
1844 21768.0
1845 21768.0
1846 21768.0
1847 21768.0
1848 21768.0
1849 21768.0
1850 21768.0
1851 21768.0
1852 21768.0
1853 21768.0
1854 21768.0
1855 21768.0
1856 21768.0
1857 21768.0
1858 21768.0
1859 21768.0
1860 21768.0
1861 21768.0
1862 21768.0
1863 21768.0
1864 21768.0
1865 21768.0
1866 21768.0
1867 21768.0
1868 21768.0
1869 21768.0
1870 21768.0
1871 21768.0
1872 21768.0
1873 21768.0
1874 21768.0
1875 21768.0
1876 21768.0
1877 21768.0
1878 21768.0
1879 21768.0
1880 21768.0
1881 21768.0
1882 21768.0
1883 21768.0
1884 21768.0
1885 21768.0
1886 21768.0
1887 21768.0
1888 21768.0
1889 21768.0
1890 21768.0
1891 21768.0
1892 21768.0
1893 21768.0
1894 21768.0
1895 21768.0
1896 21768.0
1897 21768.0
1898 21768.0
1899 21768.0
1900 21768.0
1901 21768.0
1902 21768.0
1903 21768.0
1904 21768.0
1905 21768.0
1906 21768.0
1907 21768.0
1908 21768.0
1909 21768.0
1910 21768.0
1911 21768.0
1912 21768.0
1913 21768.0
1914 21768.0
1915 21768.0
1916 21768.0
1917 21768.0
1918 21768.0
1919 21768.0
1920 21768.0
1921 21768.0
1922 21768.0
1923 21768.0
1924 21768.0
1925 21768.0
1926 21768.0
1927 21768.0
1928 21768.0
1929 21768.0
1930 21768.0
1931 21768.0
1932 21768.0
1933 21768.0
1934 21768.0
1935 21768.0
1936 21768.0
1937 21768.0
1938 21768.0
1939 21768.0
1940 21768.0
1941 21768.0
1942 21768.0
1943 21768.0
1944 21768.0
1945 21768.0
1946 21768.0
1947 21768.0
1948 21768.0
1949 21768.0
1950 21768.0
1951 21768.0
1952 21768.0
1953 21768.0
1954 21768.0
1955 21768.0
1956 21768.0
1957 21768.0
1958 21768.0
1959 21768.0
1960 21768.0
1961 21768.0
1962 21768.0
1963 21768.0
1964 21768.0
1965 21768.0
1966 21768.0
1967 21768.0
1968 21768.0
1969 21768.0
1970 21768.0
1971 21768.0
1972 21768.0
1973 21768.0
1974 21768.0
1975 21768.0
1976 21768.0
1977 21768.0
1978 21768.0
1979 21768.0
1980 21768.0
1981 21768.0
1982 21768.0
1983 21768.0
1984 21768.0
1985 21768.0
1986 21768.0
1987 21768.0
1988 21768.0
1989 21768.0
1990 21768.0
1991 21768.0
1992 21768.0
1993 21768.0
1994 21768.0
1995 21768.0
1996 21768.0
1997 21768.0
1998 21768.0
1999 21768.0
2000 21768.0
2001 21768.0
2002 21768.0
2003 21768.0
2004 21768.0
2005 21768.0
2006 21768.0
2007 21768.0
2008 21768.0
2009 21768.0
2010 21768.0
2011 21768.0
2012 21768.0
2013 21768.0
2014 21768.0
2015 21768.0
2016 21768.0
2017 21768.0
2018 21768.0
2019 21768.0
2020 21768.0
2021 21768.0
2022 21768.0
2023 21768.0
2024 21768.0
2025 21768.0
2026 21768.0
2027 21768.0
2028 21768.0
2029 21768.0
2030 21768.0
2031 21768.0
2032 21768.0
2033 21768.0
2034 21768.0
2035 21768.0
2036 21768.0
2037 21768.0
2038 21768.0
2039 21768.0
2040 21768.0
2041 21768.0
2042 21768.0
2043 21768.0
2044 21768.0
2045 21768.0
2046 21768.0
2047 21768.0
2048 21768.0
2049 21768.0
2050 21768.0
2051 21768.0
2052 21768.0
2053 21768.0
2054 21768.0
2055 21768.0
2056 21768.0
2057 21768.0
2058 21768.0
2059 21768.0
2060 21768.0
2061 21768.0
2062 21768.0
2063 21768.0
2064 21768.0
2065 21768.0
2066 21768.0
2067 21768.0
2068 21768.0
2069 21768.0
2070 21768.0
2071 21768.0
2072 21768.0
2073 21768.0
2074 21768.0
2075 21768.0
2076 21768.0
2077 21768.0
2078 21768.0
2079 21768.0
2080 21768.0
2081 21768.0
2082 21768.0
2083 21768.0
2084 21768.0
2085 21768.0
2086 21768.0
2087 21768.0
2088 21768.0
2089 21768.0
2090 21768.0
2091 21768.0
2092 21768.0
2093 21768.0
2094 21768.0
2095 21768.0
2096 21768.0
2097 21768.0
2098 21768.0
2099 21768.0
2100 21768.0
2101 21768.0
2102 21768.0
2103 21768.0
2104 21768.0
2105 21768.0
2106 21768.0
2107 21768.0
2108 21768.0
2109 21768.0
2110 21768.0
2111 21768.0
2112 21768.0
2113 21768.0
2114 21768.0
2115 21768.0
2116 21768.0
2117 21768.0
2118 21768.0
2119 21768.0
2120 21768.0
2121 21768.0
2122 21768.0
2123 21768.0
2124 21768.0
2125 21768.0
2126 21768.0
2127 21768.0
2128 21768.0
2129 21768.0
2130 21768.0
2131 21768.0
2132 21768.0
2133 21768.0
2134 21768.0
2135 21768.0
2136 21768.0
2137 21768.0
2138 21768.0
2139 21768.0
2140 21768.0
2141 21768.0
2142 21768.0
2143 21768.0
2144 21768.0
2145 21768.0
2146 21768.0
2147 21768.0
2148 21768.0
2149 21768.0
2150 21768.0
2151 21768.0
2152 21768.0
2153 21768.0
2154 21768.0
2155 21768.0
2156 21768.0
2157 21768.0
2158 21768.0
2159 21768.0
2160 21768.0
2161 21768.0
2162 21768.0
2163 21768.0
2164 21768.0
2165 21768.0
2166 21768.0
2167 21768.0
2168 21768.0
2169 21768.0
2170 21768.0
2171 21768.0
2172 21768.0
2173 21768.0
2174 21768.0
2175 21768.0
2176 21768.0
2177 21768.0
2178 21768.0
2179 21768.0
2180 21768.0
2181 21768.0
2182 21768.0
2183 21768.0
2184 21768.0
2185 21768.0
2186 21768.0
2187 21768.0
2188 21768.0
2189 21768.0
2190 21768.0
2191 21768.0
2192 21768.0
2193 21768.0
2194 21768.0
2195 21768.0
2196 21768.0
2197 21768.0
2198 21768.0
2199 21768.0
2200 21768.0
2201 21768.0
2202 21768.0
2203 21768.0
2204 21768.0
2205 21768.0
2206 21768.0
2207 21768.0
2208 21768.0
2209 21768.0
2210 21768.0
2211 21768.0
2212 21768.0
2213 21768.0
2214 21768.0
2215 21768.0
2216 21768.0
2217 21768.0
2218 21768.0
2219 21768.0
2220 21768.0
2221 21768.0
2222 21768.0
2223 21768.0
2224 21768.0
2225 21768.0
2226 21768.0
2227 21768.0
2228 21768.0
2229 21768.0
2230 21768.0
2231 21768.0
2232 21768.0
2233 21768.0
2234 21768.0
2235 21768.0
2236 21768.0
2237 21768.0
2238 21768.0
2239 21768.0
2240 21768.0
2241 21768.0
2242 21768.0
2243 21768.0
2244 21768.0
2245 21768.0
2246 21768.0
2247 21768.0
2248 21768.0
2249 21768.0
2250 21768.0
2251 21768.0
2252 21768.0
2253 21768.0
2254 21768.0
2255 21768.0
2256 21768.0
2257 21768.0
2258 21768.0
2259 21768.0
2260 21768.0
2261 21768.0
2262 21768.0
2263 21768.0
2264 21768.0
2265 21768.0
2266 21768.0
2267 21768.0
2268 21768.0
2269 21768.0
2270 21768.0
2271 21768.0
2272 21768.0
2273 21768.0
2274 21768.0
2275 21768.0
2276 21768.0
2277 21768.0
2278 21768.0
2279 21768.0
2280 21768.0
2281 21768.0
2282 21768.0
2283 21768.0
2284 21768.0
2285 21768.0
2286 21768.0
2287 21768.0
2288 21768.0
2289 21768.0
2290 21768.0
2291 21768.0
2292 21768.0
2293 21768.0
2294 21768.0
2295 21768.0
2296 21768.0
2297 21768.0
2298 21768.0
2299 21768.0
2300 21768.0
2301 21768.0
2302 21768.0
2303 21768.0
2304 21768.0
2305 21768.0
2306 21768.0
2307 21768.0
2308 21768.0
2309 21768.0
2310 21768.0
2311 21768.0
2312 21768.0
2313 21768.0
2314 21768.0
2315 21768.0
2316 21768.0
2317 21768.0
2318 21768.0
2319 21768.0
2320 21768.0
2321 21768.0
2322 21768.0
2323 21768.0
2324 21768.0
2325 21768.0
2326 21768.0
2327 21768.0
2328 21768.0
2329 21768.0
2330 21768.0
2331 21768.0
2332 21768.0
2333 21768.0
2334 21768.0
2335 21768.0
2336 21768.0
2337 21768.0
2338 21768.0
2339 21768.0
2340 21768.0
2341 21768.0
2342 21768.0
2343 21768.0
2344 21768.0
2345 21768.0
2346 21768.0
2347 21768.0
2348 21768.0
2349 21768.0
2350 21768.0
2351 21768.0
2352 21768.0
2353 21768.0
2354 21768.0
2355 21768.0
2356 21768.0
2357 21768.0
2358 21768.0
2359 21768.0
2360 21768.0
2361 21768.0
2362 21768.0
2363 21768.0
2364 21768.0
2365 21768.0
2366 21768.0
2367 21768.0
2368 21768.0
2369 21768.0
2370 21768.0
2371 21768.0
2372 21768.0
2373 21768.0
2374 21768.0
2375 21768.0
2376 21768.0
2377 21768.0
2378 21768.0
2379 21768.0
2380 21768.0
2381 21768.0
2382 21768.0
2383 21768.0
2384 21768.0
2385 21768.0
2386 21768.0
2387 21768.0
2388 21768.0
2389 21768.0
2390 21768.0
2391 21768.0
2392 21768.0
2393 21768.0
2394 21768.0
2395 21768.0
2396 21768.0
2397 21768.0
2398 21768.0
2399 21768.0
2400 21768.0
2401 21768.0
2402 21768.0
2403 21768.0
2404 21768.0
2405 21768.0
2406 21768.0
2407 21768.0
2408 21768.0
2409 21768.0
2410 21768.0
2411 21768.0
2412 21768.0
2413 21768.0
2414 21768.0
2415 21768.0
2416 21768.0
2417 21768.0
2418 21768.0
2419 21768.0
2420 21768.0
2421 21768.0
2422 21768.0
2423 21768.0
2424 21768.0
2425 21768.0
2426 21768.0
2427 21768.0
2428 21768.0
2429 21768.0
2430 21768.0
2431 21768.0
2432 21768.0
2433 21768.0
2434 21768.0
2435 21768.0
2436 21768.0
2437 21768.0
2438 21768.0
2439 21768.0
2440 21768.0
2441 21768.0
2442 21768.0
2443 21768.0
2444 21768.0
2445 21768.0
2446 21768.0
2447 21768.0
2448 21768.0
2449 21768.0
2450 21768.0
2451 21768.0
2452 21768.0
2453 21768.0
2454 21768.0
2455 21768.0
2456 21768.0
2457 21768.0
2458 21768.0
2459 21768.0
2460 21768.0
2461 21768.0
2462 21768.0
2463 21768.0
2464 21768.0
2465 21768.0
2466 21768.0
2467 21768.0
2468 21768.0
2469 21768.0
2470 21768.0
2471 21768.0
2472 21768.0
2473 21768.0
2474 21768.0
2475 21768.0
2476 21768.0
2477 21768.0
2478 21768.0
2479 21768.0
2480 21768.0
2481 21768.0
2482 21768.0
2483 21768.0
2484 21768.0
2485 21768.0
2486 21768.0
2487 21768.0
2488 21768.0
2489 21768.0
2490 21768.0
2491 21768.0
2492 21768.0
2493 21768.0
2494 21768.0
2495 21768.0
2496 21768.0
2497 21768.0
2498 21768.0
2499 21768.0
2500 21768.0
2501 21768.0
2502 21768.0
2503 21768.0
2504 21768.0
2505 21768.0
2506 21768.0
2507 21768.0
2508 21768.0
2509 21768.0
2510 21768.0
2511 21768.0
2512 21768.0
2513 21768.0
2514 21768.0
2515 21768.0
2516 21768.0
2517 21768.0
2518 21768.0
2519 21768.0
2520 21768.0
2521 21768.0
2522 21768.0
2523 21768.0
2524 21768.0
2525 21768.0
2526 21768.0
2527 21768.0
2528 21768.0
2529 21768.0
2530 21768.0
2531 21768.0
2532 21768.0
2533 21768.0
2534 21768.0
2535 21768.0
2536 21768.0
2537 21768.0
2538 21768.0
2539 21768.0
2540 21768.0
2541 21768.0
2542 21768.0
2543 21768.0
2544 21768.0
2545 21768.0
2546 21768.0
2547 21768.0
2548 21768.0
2549 21768.0
2550 21768.0
2551 21768.0
2552 21768.0
2553 21768.0
2554 21768.0
2555 21768.0
2556 21768.0
2557 21768.0
2558 21768.0
2559 21768.0
2560 21768.0
2561 21768.0
2562 21768.0
2563 21768.0
2564 21768.0
2565 21768.0
2566 21768.0
2567 21768.0
2568 21768.0
2569 21768.0
2570 21768.0
2571 21768.0
2572 21768.0
2573 21768.0
2574 21768.0
2575 21768.0
2576 21768.0
2577 21768.0
2578 21768.0
2579 21768.0
2580 21768.0
2581 21768.0
2582 21768.0
2583 21768.0
2584 21768.0
2585 21768.0
2586 21768.0
2587 21768.0
2588 21768.0
2589 21768.0
2590 21768.0
2591 21768.0
2592 21768.0
2593 21768.0
2594 21768.0
2595 21768.0
2596 21768.0
2597 21768.0
2598 21768.0
2599 21768.0
2600 21768.0
2601 21768.0
2602 21768.0
2603 21768.0
2604 21768.0
2605 21768.0
2606 21768.0
2607 21768.0
2608 21768.0
2609 21768.0
2610 21768.0
2611 21768.0
2612 21768.0
2613 21768.0
2614 21768.0
2615 21768.0
2616 21768.0
2617 21768.0
2618 21768.0
2619 21768.0
2620 21768.0
2621 21768.0
2622 21768.0
2623 21768.0
2624 21768.0
2625 21768.0
2626 21768.0
2627 21768.0
2628 21768.0
2629 21768.0
2630 21768.0
2631 21768.0
2632 21768.0
2633 21768.0
2634 21768.0
2635 21768.0
2636 21768.0
2637 21768.0
2638 21768.0
2639 21768.0
2640 21768.0
2641 21768.0
2642 21768.0
2643 21768.0
2644 21768.0
2645 21768.0
2646 21768.0
2647 21768.0
2648 21768.0
2649 21768.0
2650 21768.0
2651 21768.0
2652 21768.0
2653 21768.0
2654 21768.0
2655 21768.0
2656 21768.0
2657 21768.0
2658 21768.0
2659 21768.0
2660 21768.0
2661 21768.0
2662 21768.0
2663 21768.0
2664 21768.0
2665 21768.0
2666 21768.0
2667 21768.0
2668 21768.0
2669 21768.0
2670 21768.0
2671 21768.0
2672 21768.0
2673 21768.0
2674 21768.0
2675 21768.0
2676 21768.0
2677 21768.0
2678 21768.0
2679 21768.0
2680 21768.0
2681 21768.0
2682 21768.0
2683 21768.0
2684 21768.0
2685 21768.0
2686 21768.0
2687 21768.0
2688 21768.0
2689 21768.0
2690 21768.0
2691 21768.0
2692 21768.0
2693 21768.0
2694 21768.0
2695 21768.0
2696 21768.0
2697 21768.0
2698 21768.0
2699 21768.0
2700 21768.0
2701 21768.0
2702 21768.0
2703 21768.0
2704 21768.0
2705 21768.0
2706 21768.0
2707 21768.0
2708 21768.0
2709 21768.0
2710 21768.0
2711 21768.0
2712 21768.0
2713 21768.0
2714 21768.0
2715 21768.0
2716 21768.0
2717 21768.0
2718 21768.0
2719 21768.0
2720 21768.0
2721 21768.0
2722 21768.0
2723 21768.0
2724 21768.0
2725 21768.0
2726 21768.0
2727 21768.0
2728 21768.0
2729 21768.0
2730 21768.0
2731 21768.0
2732 21768.0
2733 21768.0
2734 21768.0
2735 21768.0
2736 21768.0
2737 21768.0
2738 21768.0
2739 21768.0
2740 21768.0
2741 21768.0
2742 21768.0
2743 21768.0
2744 21768.0
2745 21768.0
2746 21768.0
2747 21768.0
2748 21768.0
2749 21768.0
2750 21768.0
2751 21768.0
2752 21768.0
2753 21768.0
2754 21768.0
2755 21768.0
2756 21768.0
2757 21768.0
2758 21768.0
2759 21768.0
2760 21768.0
2761 21768.0
2762 21768.0
2763 21768.0
2764 21768.0
2765 21768.0
2766 21768.0
2767 21768.0
2768 21768.0
2769 21768.0
2770 21768.0
2771 21768.0
2772 21768.0
2773 21768.0
2774 21768.0
2775 21768.0
2776 21768.0
2777 21768.0
2778 21768.0
2779 21768.0
2780 21768.0
2781 21768.0
2782 21768.0
2783 21768.0
2784 21768.0
2785 21768.0
2786 21768.0
2787 21768.0
2788 21768.0
2789 21768.0
2790 21768.0
2791 21768.0
2792 21768.0
2793 21768.0
2794 21768.0
2795 21768.0
2796 21768.0
2797 21768.0
2798 21768.0
2799 21768.0
2800 21768.0
2801 21768.0
2802 21768.0
2803 21768.0
2804 21768.0
2805 21768.0
2806 21768.0
2807 21768.0
2808 21768.0
2809 21768.0
2810 21768.0
2811 21768.0
2812 21768.0
2813 21768.0
2814 21768.0
2815 21768.0
2816 21768.0
2817 21768.0
2818 21768.0
2819 21768.0
2820 21768.0
2821 21768.0
2822 21768.0
2823 21768.0
2824 21768.0
2825 21768.0
2826 21768.0
2827 21768.0
2828 21768.0
2829 21768.0
2830 21768.0
2831 21768.0
2832 21768.0
2833 21768.0
2834 21768.0
2835 21768.0
2836 21768.0
2837 21768.0
2838 21768.0
2839 21768.0
2840 21768.0
2841 21768.0
2842 21768.0
2843 21768.0
2844 21768.0
2845 21768.0
2846 21768.0
2847 21768.0
2848 21768.0
2849 21768.0
2850 21768.0
2851 21768.0
2852 21768.0
2853 21768.0
2854 21768.0
2855 21768.0
2856 21768.0
2857 21768.0
2858 21768.0
2859 21768.0
2860 21768.0
2861 21768.0
2862 21768.0
2863 21768.0
2864 21768.0
2865 21768.0
2866 21768.0
2867 21768.0
2868 21768.0
2869 21768.0
2870 21768.0
2871 21768.0
2872 21768.0
2873 21768.0
2874 21768.0
2875 21768.0
2876 21768.0
2877 21768.0
2878 21768.0
2879 21768.0
2880 21768.0
2881 21768.0
2882 21768.0
2883 21768.0
2884 21768.0
2885 21768.0
2886 21768.0
2887 21768.0
2888 21768.0
2889 21768.0
2890 21768.0
2891 21768.0
2892 21768.0
2893 21768.0
2894 21768.0
2895 21768.0
2896 21768.0
2897 21768.0
2898 21768.0
2899 21768.0
2900 21768.0
2901 21768.0
2902 21768.0
2903 21768.0
2904 21768.0
2905 21768.0
2906 21768.0
2907 21768.0
2908 21768.0
2909 21768.0
2910 21768.0
2911 21768.0
2912 21768.0
2913 21768.0
2914 21768.0
2915 21768.0
2916 21768.0
2917 21768.0
2918 21768.0
2919 21768.0
2920 21768.0
2921 21768.0
2922 21768.0
2923 21768.0
2924 21768.0
2925 21768.0
2926 21768.0
2927 21768.0
2928 21768.0
2929 21768.0
2930 21768.0
2931 21768.0
2932 21768.0
2933 21768.0
2934 21768.0
2935 21768.0
2936 21768.0
2937 21768.0
2938 21768.0
2939 21768.0
2940 21768.0
2941 21768.0
2942 21768.0
2943 21768.0
2944 21768.0
2945 21768.0
2946 21768.0
2947 21768.0
2948 21768.0
2949 21768.0
2950 21768.0
2951 21768.0
2952 21768.0
2953 21768.0
2954 21768.0
2955 21768.0
2956 21768.0
2957 21768.0
2958 21768.0
2959 21768.0
2960 21768.0
2961 21768.0
2962 21768.0
2963 21768.0
2964 21768.0
2965 21768.0
2966 21768.0
2967 21768.0
2968 21768.0
2969 21768.0
2970 21768.0
2971 21768.0
2972 21768.0
2973 21768.0
2974 21768.0
2975 21768.0
2976 21768.0
2977 21768.0
2978 21768.0
2979 21768.0
2980 21768.0
2981 21768.0
2982 21768.0
2983 21768.0
2984 21768.0
2985 21768.0
2986 21768.0
2987 21768.0
2988 21768.0
2989 21768.0
2990 21768.0
2991 21768.0
2992 21768.0
2993 21768.0
2994 21768.0
2995 21768.0
2996 21768.0
2997 21768.0
2998 21768.0
2999 21768.0
3000 21768.0
3001 21768.0
3002 21768.0
3003 21768.0
3004 21768.0
3005 21768.0
3006 21768.0
3007 21768.0
3008 21768.0
3009 21768.0
3010 21768.0
3011 21768.0
3012 21768.0
3013 21768.0
3014 21768.0
3015 21768.0
3016 21768.0
3017 21768.0
3018 21768.0
3019 21768.0
3020 21768.0
3021 21768.0
3022 21768.0
3023 21768.0
3024 21768.0
3025 21768.0
3026 21768.0
3027 21768.0
3028 21768.0
3029 21768.0
3030 21768.0
3031 21768.0
3032 21768.0
3033 21768.0
3034 21768.0
3035 21768.0
3036 21768.0
3037 21768.0
3038 21768.0
3039 21768.0
3040 21768.0
3041 21768.0
3042 21768.0
3043 21768.0
3044 21768.0
3045 21768.0
3046 21768.0
3047 21768.0
3048 21768.0
3049 21768.0
3050 21768.0
3051 21768.0
3052 21768.0
3053 21768.0
3054 21768.0
3055 21768.0
3056 21768.0
3057 21768.0
3058 21768.0
3059 21768.0
3060 21768.0
3061 21768.0
3062 21768.0
3063 21768.0
3064 21768.0
3065 21768.0
3066 21768.0
3067 21768.0
3068 21768.0
3069 21768.0
3070 21768.0
3071 21768.0
3072 21768.0
3073 21768.0
3074 21768.0
3075 21768.0
3076 21768.0
3077 21768.0
3078 21768.0
3079 21768.0
3080 21768.0
3081 21768.0
3082 21768.0
3083 21768.0
3084 21768.0
3085 21768.0
3086 21768.0
3087 21768.0
3088 21768.0
3089 21768.0
3090 21768.0
3091 21768.0
3092 21768.0
3093 21768.0
3094 21768.0
3095 21768.0
3096 21768.0
3097 21768.0
3098 21768.0
3099 21768.0
3100 21768.0
3101 21768.0
3102 21768.0
3103 21768.0
3104 21768.0
3105 21768.0
3106 21768.0
3107 21768.0
3108 21768.0
3109 21768.0
3110 21768.0
3111 21768.0
3112 21768.0
3113 21768.0
3114 21768.0
3115 21768.0
3116 21768.0
3117 21768.0
3118 21768.0
3119 21768.0
3120 21768.0
3121 21768.0
3122 21768.0
3123 21768.0
3124 21768.0
3125 21768.0
3126 21768.0
3127 21768.0
3128 21768.0
3129 21768.0
3130 21768.0
3131 21768.0
3132 21768.0
3133 21768.0
3134 21768.0
3135 21768.0
3136 21768.0
3137 21768.0
3138 21768.0
3139 21768.0
3140 21768.0
3141 21768.0
3142 21768.0
3143 21768.0
3144 21768.0
3145 21768.0
3146 21768.0
3147 21768.0
3148 21768.0
3149 21768.0
3150 21768.0
3151 21768.0
3152 21768.0
3153 21768.0
3154 21768.0
3155 21768.0
3156 21768.0
3157 21768.0
3158 21768.0
3159 21768.0
3160 21768.0
3161 21768.0
3162 21768.0
3163 21768.0
3164 21768.0
3165 21768.0
3166 21768.0
3167 21768.0
3168 21768.0
3169 21768.0
3170 21768.0
3171 21768.0
3172 21768.0
3173 21768.0
3174 21768.0
3175 21768.0
3176 21768.0
3177 21768.0
3178 21768.0
3179 21768.0
3180 21768.0
3181 21768.0
3182 21768.0
3183 21768.0
3184 21768.0
3185 21768.0
3186 21768.0
3187 21768.0
3188 21768.0
3189 21768.0
3190 21768.0
3191 21768.0
3192 21768.0
3193 21768.0
3194 21768.0
3195 21768.0
3196 21768.0
3197 21768.0
3198 21768.0
3199 21768.0
3200 21768.0
3201 21768.0
3202 21768.0
3203 21768.0
3204 21768.0
3205 21768.0
3206 21768.0
3207 21768.0
3208 21768.0
3209 21768.0
3210 21768.0
3211 21768.0
3212 21768.0
3213 21768.0
3214 21768.0
3215 21768.0
3216 21768.0
3217 21768.0
3218 21768.0
3219 21768.0
3220 21768.0
3221 21768.0
3222 21768.0
3223 21768.0
3224 21768.0
3225 21768.0
3226 21768.0
3227 21768.0
3228 21768.0
3229 21768.0
3230 21768.0
3231 21768.0
3232 21768.0
3233 21768.0
3234 21768.0
3235 21768.0
3236 21768.0
3237 21768.0
3238 21768.0
3239 21768.0
3240 21768.0
3241 21768.0
3242 21768.0
3243 21768.0
3244 21768.0
3245 21768.0
3246 21768.0
3247 21768.0
3248 21768.0
3249 21768.0
3250 21768.0
3251 21768.0
3252 21768.0
3253 21768.0
3254 21768.0
3255 21768.0
3256 21768.0
3257 21768.0
3258 21768.0
3259 21768.0
3260 21768.0
3261 21768.0
3262 21768.0
3263 21768.0
3264 21768.0
3265 21768.0
3266 21768.0
3267 21768.0
3268 21768.0
3269 21768.0
3270 21768.0
3271 21768.0
3272 21768.0
3273 21768.0
3274 21768.0
3275 21768.0
3276 21768.0
3277 21768.0
3278 21768.0
3279 21768.0
3280 21768.0
3281 21768.0
3282 21768.0
3283 21768.0
3284 21768.0
3285 21768.0
3286 21768.0
3287 21768.0
3288 21768.0
3289 21768.0
3290 21768.0
3291 21768.0
3292 21768.0
3293 21768.0
3294 21768.0
3295 21768.0
3296 21768.0
3297 21768.0
3298 21768.0
3299 21768.0
3300 21768.0
3301 21768.0
3302 21768.0
3303 21768.0
3304 21768.0
3305 21768.0
3306 21768.0
3307 21768.0
3308 21768.0
3309 21768.0
3310 21768.0
3311 21768.0
3312 21768.0
3313 21768.0
3314 21768.0
3315 21768.0
3316 21768.0
3317 21768.0
3318 21768.0
3319 21768.0
3320 21768.0
3321 21768.0
3322 21768.0
3323 21768.0
3324 21768.0
3325 21768.0
3326 21768.0
3327 21768.0
3328 21768.0
3329 21768.0
3330 21768.0
3331 21768.0
3332 21768.0
3333 21768.0
3334 21768.0
3335 21768.0
3336 21768.0
3337 21768.0
3338 21768.0
3339 21768.0
3340 21768.0
3341 21768.0
3342 21768.0
3343 21768.0
3344 21768.0
3345 21768.0
3346 21768.0
3347 21768.0
3348 21768.0
3349 21768.0
3350 21768.0
3351 21768.0
3352 21768.0
3353 21768.0
3354 21768.0
3355 21768.0
3356 21768.0
3357 21768.0
3358 21768.0
3359 21768.0
3360 21768.0
3361 21768.0
3362 21768.0
3363 21768.0
3364 21768.0
3365 21768.0
3366 21768.0
3367 21768.0
3368 21768.0
3369 21768.0
3370 21768.0
3371 21768.0
3372 21768.0
3373 21768.0
3374 21768.0
3375 21768.0
3376 21768.0
3377 21768.0
3378 21768.0
3379 21768.0
3380 21768.0
3381 21768.0
3382 21768.0
3383 21768.0
3384 21768.0
3385 21768.0
3386 21768.0
3387 21768.0
3388 21768.0
3389 21768.0
3390 21768.0
3391 21768.0
3392 21768.0
3393 21768.0
3394 21768.0
3395 21768.0
3396 21768.0
3397 21768.0
3398 21768.0
3399 21768.0
3400 21768.0
3401 21768.0
3402 21768.0
3403 21768.0
3404 21768.0
3405 21768.0
3406 21768.0
3407 21768.0
3408 21768.0
3409 21768.0
3410 21768.0
3411 21768.0
3412 21768.0
3413 21768.0
3414 21768.0
3415 21768.0
3416 21768.0
3417 21768.0
3418 21768.0
3419 21768.0
3420 21768.0
3421 21768.0
3422 21768.0
3423 21768.0
3424 21768.0
3425 21768.0
3426 21768.0
3427 21768.0
3428 21768.0
3429 21768.0
3430 21768.0
3431 21768.0
3432 21768.0
3433 21768.0
3434 21768.0
3435 21768.0
3436 21768.0
3437 21768.0
3438 21768.0
3439 21768.0
3440 21768.0
3441 21768.0
3442 21768.0
3443 21768.0
3444 21768.0
3445 21768.0
3446 21768.0
3447 21768.0
3448 21768.0
3449 21768.0
3450 21768.0
3451 21768.0
3452 21768.0
3453 21768.0
3454 21768.0
3455 21768.0
3456 21768.0
3457 21768.0
3458 21768.0
3459 21768.0
3460 21768.0
3461 21768.0
3462 21768.0
3463 21768.0
3464 21768.0
3465 21768.0
3466 21768.0
3467 21768.0
3468 21768.0
3469 21768.0
3470 21768.0
3471 21768.0
3472 21768.0
3473 21768.0
3474 21768.0
3475 21768.0
3476 21768.0
3477 21768.0
3478 21768.0
3479 21768.0
3480 21768.0
3481 21768.0
3482 21768.0
3483 21768.0
3484 21768.0
3485 21768.0
3486 21768.0
3487 21768.0
3488 21768.0
3489 21768.0
3490 21768.0
3491 21768.0
3492 21768.0
3493 21768.0
3494 21768.0
3495 21768.0
3496 21768.0
3497 21768.0
3498 21768.0
3499 21768.0
3500 21768.0
3501 21768.0
3502 21768.0
3503 21768.0
3504 21768.0
3505 21768.0
3506 21768.0
3507 21768.0
3508 21768.0
3509 21768.0
3510 21768.0
3511 21768.0
3512 21768.0
3513 21768.0
3514 21768.0
3515 21768.0
3516 21768.0
3517 21768.0
3518 21768.0
3519 21768.0
3520 21768.0
3521 21768.0
3522 21768.0
3523 21768.0
3524 21768.0
3525 21768.0
3526 21768.0
3527 21768.0
3528 21768.0
3529 21768.0
3530 21768.0
3531 21768.0
3532 21768.0
3533 21768.0
3534 21768.0
3535 21768.0
3536 21768.0
3537 21768.0
3538 21768.0
3539 21768.0
3540 21768.0
3541 21768.0
3542 21768.0
3543 21768.0
3544 21768.0
3545 21768.0
3546 21768.0
3547 21768.0
3548 21768.0
3549 21768.0
3550 21768.0
3551 21768.0
3552 21768.0
3553 21768.0
3554 21768.0
3555 21768.0
3556 21768.0
3557 21768.0
3558 21768.0
3559 21768.0
3560 21768.0
3561 21768.0
3562 21768.0
3563 21768.0
3564 21768.0
3565 21768.0
3566 21768.0
3567 21768.0
3568 21768.0
3569 21768.0
3570 21768.0
3571 21768.0
3572 21768.0
3573 21768.0
3574 21768.0
3575 21768.0
3576 21768.0
3577 21768.0
3578 21768.0
3579 21768.0
3580 21768.0
3581 21768.0
3582 21768.0
3583 21768.0
3584 21768.0
3585 21768.0
3586 21768.0
3587 21768.0
3588 21768.0
3589 21768.0
3590 21768.0
3591 21768.0
3592 21768.0
3593 21768.0
3594 21768.0
3595 21768.0
3596 21768.0
3597 21768.0
3598 21768.0
3599 21768.0
3600 21768.0
3601 21768.0
3602 21768.0
3603 21768.0
3604 21768.0
3605 21768.0
3606 21768.0
3607 21768.0
3608 21768.0
3609 21768.0
3610 21768.0
3611 21768.0
3612 21768.0
3613 21768.0
3614 21768.0
3615 21768.0
3616 21768.0
3617 21768.0
3618 21768.0
3619 21768.0
3620 21768.0
3621 21768.0
3622 21768.0
3623 21768.0
3624 21768.0
3625 21768.0
3626 21768.0
3627 21768.0
3628 21768.0
3629 21768.0
3630 21768.0
3631 21768.0
3632 21768.0
3633 21768.0
3634 21768.0
3635 21768.0
3636 21768.0
3637 21768.0
3638 21768.0
3639 21768.0
3640 21768.0
3641 21768.0
3642 21768.0
3643 21768.0
3644 21768.0
3645 21768.0
3646 21768.0
3647 21768.0
3648 21768.0
3649 21768.0
3650 21768.0
3651 21768.0
3652 21768.0
3653 21768.0
3654 21768.0
3655 21768.0
3656 21768.0
3657 21768.0
3658 21768.0
3659 21768.0
3660 21768.0
3661 21768.0
3662 21768.0
3663 21768.0
3664 21768.0
3665 21768.0
3666 21768.0
3667 21768.0
3668 21768.0
3669 21768.0
3670 21768.0
3671 21768.0
3672 21768.0
3673 21768.0
3674 21768.0
3675 21768.0
3676 21768.0
3677 21768.0
3678 21768.0
3679 21768.0
3680 21768.0
3681 21768.0
3682 21768.0
3683 21768.0
3684 21768.0
3685 21768.0
3686 21768.0
3687 21768.0
3688 21768.0
3689 21768.0
3690 21768.0
3691 21768.0
3692 21768.0
3693 21768.0
3694 21768.0
3695 21768.0
3696 21768.0
3697 21768.0
3698 21768.0
3699 21768.0
3700 21768.0
3701 21768.0
3702 21768.0
3703 21768.0
3704 21768.0
3705 21768.0
3706 21768.0
3707 21768.0
3708 21768.0
3709 21768.0
3710 21768.0
3711 21768.0
3712 21768.0
3713 21768.0
3714 21768.0
3715 21768.0
3716 21768.0
3717 21768.0
3718 21768.0
3719 21768.0
3720 21768.0
3721 21768.0
3722 21768.0
3723 21768.0
3724 21768.0
3725 21768.0
3726 21768.0
3727 21768.0
3728 21768.0
3729 21768.0
3730 21768.0
3731 21768.0
3732 21768.0
3733 21768.0
3734 21768.0
3735 21768.0
3736 21768.0
3737 21768.0
3738 21768.0
3739 21768.0
3740 21768.0
3741 21768.0
3742 21768.0
3743 21768.0
3744 21768.0
3745 21768.0
3746 21768.0
3747 21768.0
3748 21768.0
3749 21768.0
3750 21768.0
3751 21768.0
3752 21768.0
3753 21768.0
3754 21768.0
3755 21768.0
3756 21768.0
3757 21768.0
3758 21768.0
3759 21768.0
3760 21768.0
3761 21768.0
3762 21768.0
3763 21768.0
3764 21768.0
3765 21768.0
3766 21768.0
3767 21768.0
3768 21768.0
3769 21768.0
3770 21768.0
3771 21768.0
3772 21768.0
3773 21768.0
3774 21768.0
3775 21768.0
3776 21768.0
3777 21768.0
3778 21768.0
3779 21768.0
3780 21768.0
3781 21768.0
3782 21768.0
3783 21768.0
3784 21768.0
3785 21768.0
3786 21768.0
3787 21768.0
3788 21768.0
3789 21768.0
3790 21768.0
3791 21768.0
3792 21768.0
3793 21768.0
3794 21768.0
3795 21768.0
3796 21768.0
3797 21768.0
3798 21768.0
3799 21768.0
3800 21768.0
3801 21768.0
3802 21768.0
3803 21768.0
3804 21768.0
3805 21768.0
3806 21768.0
3807 21768.0
3808 21768.0
3809 21768.0
3810 21768.0
3811 21768.0
3812 21768.0
3813 21768.0
3814 21768.0
3815 21768.0
3816 21768.0
3817 21768.0
3818 21768.0
3819 21768.0
3820 21768.0
3821 21768.0
3822 21768.0
3823 21768.0
3824 21768.0
3825 21768.0
3826 21768.0
3827 21768.0
3828 21768.0
3829 21768.0
3830 21768.0
3831 21768.0
3832 21768.0
3833 21768.0
3834 21768.0
3835 21768.0
3836 21768.0
3837 21768.0
3838 21768.0
3839 21768.0
3840 21768.0
3841 21768.0
3842 21768.0
3843 21768.0
3844 21768.0
3845 21768.0
3846 21768.0
3847 21768.0
3848 21768.0
3849 21768.0
3850 21768.0
3851 21768.0
3852 21768.0
3853 21768.0
3854 21768.0
3855 21768.0
3856 21768.0
3857 21768.0
3858 21768.0
3859 21768.0
3860 21768.0
3861 21768.0
3862 21768.0
3863 21768.0
3864 21768.0
3865 21768.0
3866 21768.0
3867 21768.0
3868 21768.0
3869 21768.0
3870 21768.0
3871 21768.0
3872 21768.0
3873 21768.0
3874 21768.0
3875 21768.0
3876 21768.0
3877 21768.0
3878 21768.0
3879 21768.0
3880 21768.0
3881 21768.0
3882 21768.0
3883 21768.0
3884 21768.0
3885 21768.0
3886 21768.0
3887 21768.0
3888 21768.0
3889 21768.0
3890 21768.0
3891 21768.0
3892 21768.0
3893 21768.0
3894 21768.0
3895 21768.0
3896 21768.0
3897 21768.0
3898 21768.0
3899 21768.0
3900 21768.0
3901 21768.0
3902 21768.0
3903 21768.0
3904 21768.0
3905 21768.0
3906 21768.0
3907 21768.0
3908 21768.0
3909 21768.0
3910 21768.0
3911 21768.0
3912 21768.0
3913 21768.0
3914 21768.0
3915 21768.0
3916 21768.0
3917 21768.0
3918 21768.0
3919 21768.0
3920 21768.0
3921 21768.0
3922 21768.0
3923 21768.0
3924 21768.0
3925 21768.0
3926 21768.0
3927 21768.0
3928 21768.0
3929 21768.0
3930 21768.0
3931 21768.0
3932 21768.0
3933 21768.0
3934 21768.0
3935 21768.0
3936 21768.0
3937 21768.0
3938 21768.0
3939 21768.0
3940 21768.0
3941 21768.0
3942 21768.0
3943 21768.0
3944 21768.0
3945 21768.0
3946 21768.0
3947 21768.0
3948 21768.0
3949 21768.0
3950 21768.0
3951 21768.0
3952 21768.0
3953 21768.0
3954 21768.0
3955 21768.0
3956 21768.0
3957 21768.0
3958 21768.0
3959 21768.0
3960 21768.0
3961 21768.0
3962 21768.0
3963 21768.0
3964 21768.0
3965 21768.0
3966 21768.0
3967 21768.0
3968 21768.0
3969 21768.0
3970 21768.0
3971 21768.0
3972 21768.0
3973 21768.0
3974 21768.0
3975 21768.0
3976 21768.0
3977 21768.0
3978 21768.0
3979 21768.0
3980 21768.0
3981 21768.0
3982 21768.0
3983 21768.0
3984 21768.0
3985 21768.0
3986 21768.0
3987 21768.0
3988 21768.0
3989 21768.0
3990 21768.0
3991 21768.0
3992 21768.0
3993 21768.0
3994 21768.0
3995 21768.0
3996 21768.0
3997 21768.0
3998 21768.0
3999 21768.0
4000 21768.0
4001 21768.0
4002 21768.0
4003 21768.0
4004 21768.0
4005 21768.0
4006 21768.0
4007 21768.0
4008 21768.0
4009 21768.0
4010 21768.0
4011 21768.0
4012 21768.0
4013 21768.0
4014 21768.0
4015 21768.0
4016 21768.0
4017 21768.0
4018 21768.0
4019 21768.0
4020 21768.0
4021 21768.0
4022 21768.0
4023 21768.0
4024 21768.0
4025 21768.0
4026 21768.0
4027 21768.0
4028 21768.0
4029 21768.0
4030 21768.0
4031 21768.0
4032 21768.0
4033 21768.0
4034 21768.0
4035 21768.0
4036 21768.0
4037 21768.0
4038 21768.0
4039 21768.0
4040 21768.0
4041 21768.0
4042 21768.0
4043 21768.0
4044 21768.0
4045 21768.0
4046 21768.0
4047 21768.0
4048 21768.0
4049 21768.0
4050 21768.0
4051 21768.0
4052 21768.0
4053 21768.0
4054 21768.0
4055 21768.0
4056 21768.0
4057 21768.0
4058 21768.0
4059 21768.0
4060 21768.0
4061 21768.0
4062 21768.0
4063 21768.0
4064 21768.0
4065 21768.0
4066 21768.0
4067 21768.0
4068 21768.0
4069 21768.0
4070 21768.0
4071 21768.0
4072 21768.0
4073 21768.0
4074 21768.0
4075 21768.0
4076 21768.0
4077 21768.0
4078 21768.0
4079 21768.0
4080 21768.0
4081 21768.0
4082 21768.0
4083 21768.0
4084 21768.0
4085 21768.0
4086 21768.0
4087 21768.0
4088 21768.0
4089 21768.0
4090 21768.0
4091 21768.0
4092 21768.0
4093 21768.0
4094 21768.0
4095 21768.0
4096 21768.0
4097 21768.0
4098 21768.0
4099 21768.0
4100 21768.0
4101 21768.0
4102 21768.0
4103 21768.0
4104 21768.0
4105 21768.0
4106 21768.0
4107 21768.0
4108 21768.0
4109 21768.0
4110 21768.0
4111 21768.0
4112 21768.0
4113 21768.0
4114 21768.0
4115 21768.0
4116 21768.0
4117 21768.0
4118 21768.0
4119 21768.0
4120 21768.0
4121 21768.0
4122 21768.0
4123 21768.0
4124 21768.0
4125 21768.0
4126 21768.0
4127 21768.0
4128 21768.0
4129 21768.0
4130 21768.0
4131 21768.0
4132 21768.0
4133 21768.0
4134 21768.0
4135 21768.0
4136 21768.0
4137 21768.0
4138 21768.0
4139 21768.0
4140 21768.0
4141 21768.0
4142 21768.0
4143 21768.0
4144 21768.0
4145 21768.0
4146 21768.0
4147 21768.0
4148 21768.0
4149 21768.0
4150 21768.0
4151 21768.0
4152 21768.0
4153 21768.0
4154 21768.0
4155 21768.0
4156 21768.0
4157 21768.0
4158 21768.0
4159 21768.0
4160 21768.0
4161 21768.0
4162 21768.0
4163 21768.0
4164 21768.0
4165 21768.0
4166 21768.0
4167 21768.0
4168 21768.0
4169 21768.0
4170 21768.0
4171 21768.0
4172 21768.0
4173 21768.0
4174 21768.0
4175 21768.0
4176 21768.0
4177 21768.0
4178 21768.0
4179 21768.0
4180 21768.0
4181 21768.0
4182 21768.0
4183 21768.0
4184 21768.0
4185 21768.0
4186 21768.0
4187 21768.0
4188 21768.0
4189 21768.0
4190 21768.0
4191 21768.0
4192 21768.0
4193 21768.0
4194 21768.0
4195 21768.0
4196 21768.0
4197 21768.0
4198 21768.0
4199 21768.0
4200 21768.0
4201 21768.0
4202 21768.0
4203 21768.0
4204 21768.0
4205 21768.0
4206 21768.0
4207 21768.0
4208 21768.0
4209 21768.0
4210 21768.0
4211 21768.0
4212 21768.0
4213 21768.0
4214 21768.0
4215 21768.0
4216 21768.0
4217 21768.0
4218 21768.0
4219 21768.0
4220 21768.0
4221 21768.0
4222 21768.0
4223 21768.0
4224 21768.0
4225 21768.0
4226 21768.0
4227 21768.0
4228 21768.0
4229 21768.0
4230 21768.0
4231 21768.0
4232 21768.0
4233 21768.0
4234 21768.0
4235 21768.0
4236 21768.0
4237 21768.0
4238 21768.0
4239 21768.0
4240 21768.0
4241 21768.0
4242 21768.0
4243 21768.0
4244 21768.0
4245 21768.0
4246 21768.0
4247 21768.0
4248 21768.0
4249 21768.0
4250 21768.0
4251 21768.0
4252 21768.0
4253 21768.0
4254 21768.0
4255 21768.0
4256 21768.0
4257 21768.0
4258 21768.0
4259 21768.0
4260 21768.0
4261 21768.0
4262 21768.0
4263 21768.0
4264 21768.0
4265 21768.0
4266 21768.0
4267 21768.0
4268 21768.0
4269 21768.0
4270 21768.0
4271 21768.0
4272 21768.0
4273 21768.0
4274 21768.0
4275 21768.0
4276 21768.0
4277 21768.0
4278 21768.0
4279 21768.0
4280 21768.0
4281 21768.0
4282 21768.0
4283 21768.0
4284 21768.0
4285 21768.0
4286 21768.0
4287 21768.0
4288 21768.0
4289 21768.0
4290 21768.0
4291 21768.0
4292 21768.0
4293 21768.0
4294 21768.0
4295 21768.0
4296 21768.0
4297 21768.0
4298 21768.0
4299 21768.0
4300 21768.0
4301 21768.0
4302 21768.0
4303 21768.0
4304 21768.0
4305 21768.0
4306 21768.0
4307 21768.0
4308 21768.0
4309 21768.0
4310 21768.0
4311 21768.0
4312 21768.0
4313 21768.0
4314 21768.0
4315 21768.0
4316 21768.0
4317 21768.0
4318 21768.0
4319 21768.0
4320 21768.0
4321 21768.0
4322 21768.0
4323 21768.0
4324 21768.0
4325 21768.0
4326 21768.0
4327 21768.0
4328 21768.0
4329 21768.0
4330 21768.0
4331 21768.0
4332 21768.0
4333 21768.0
4334 21768.0
4335 21768.0
4336 21768.0
4337 21768.0
4338 21768.0
4339 21768.0
4340 21768.0
4341 21768.0
4342 21768.0
4343 21768.0
4344 21768.0
4345 21768.0
4346 21768.0
4347 21768.0
4348 21768.0
4349 21768.0
4350 21768.0
4351 21768.0
4352 21768.0
4353 21768.0
4354 21768.0
4355 21768.0
4356 21768.0
4357 21768.0
4358 21768.0
4359 21768.0
4360 21768.0
4361 21768.0
4362 21768.0
4363 21768.0
4364 21768.0
4365 21768.0
4366 21768.0
4367 21768.0
4368 21768.0
4369 21768.0
4370 21768.0
4371 21768.0
4372 21768.0
4373 21768.0
4374 21768.0
4375 21768.0
4376 21768.0
4377 21768.0
4378 21768.0
4379 21768.0
4380 21768.0
4381 21768.0
4382 21768.0
4383 21768.0
4384 21768.0
4385 21768.0
4386 21768.0
4387 21768.0
4388 21768.0
4389 21768.0
4390 21768.0
4391 21768.0
4392 21768.0
4393 21768.0
4394 21768.0
4395 21768.0
4396 21768.0
4397 21768.0
4398 21768.0
4399 21768.0
4400 21768.0
4401 21768.0
4402 21768.0
4403 21768.0
4404 21768.0
4405 21768.0
4406 21768.0
4407 21768.0
4408 21768.0
4409 21768.0
4410 21768.0
4411 21768.0
4412 21768.0
4413 21768.0
4414 21768.0
4415 21768.0
4416 21768.0
4417 21768.0
4418 21768.0
4419 21768.0
4420 21768.0
4421 21768.0
4422 21768.0
4423 21768.0
4424 21768.0
4425 21768.0
4426 21768.0
4427 21768.0
4428 21768.0
4429 21768.0
4430 21768.0
4431 21768.0
4432 21768.0
4433 21768.0
4434 21768.0
4435 21768.0
4436 21768.0
4437 21768.0
4438 21768.0
4439 21768.0
4440 21768.0
4441 21768.0
4442 21768.0
4443 21768.0
4444 21768.0
4445 21768.0
4446 21768.0
4447 21768.0
4448 21768.0
4449 21768.0
4450 21768.0
4451 21768.0
4452 21768.0
4453 21768.0
4454 21768.0
4455 21768.0
4456 21768.0
4457 21768.0
4458 21768.0
4459 21768.0
4460 21768.0
4461 21768.0
4462 21768.0
4463 21768.0
4464 21768.0
4465 21768.0
4466 21768.0
4467 21768.0
4468 21768.0
4469 21768.0
4470 21768.0
4471 21768.0
4472 21768.0
4473 21768.0
4474 21768.0
4475 21768.0
4476 21768.0
4477 21768.0
4478 21768.0
4479 21768.0
4480 21768.0
4481 21768.0
4482 21768.0
4483 21768.0
4484 21768.0
4485 21768.0
4486 21768.0
4487 21768.0
4488 21768.0
4489 21768.0
4490 21768.0
4491 21768.0
4492 21768.0
4493 21768.0
4494 21768.0
4495 21768.0
4496 21768.0
4497 21768.0
4498 21768.0
4499 21768.0
4500 21768.0
4501 21768.0
4502 21768.0
4503 21768.0
4504 21768.0
4505 21768.0
4506 21768.0
4507 21768.0
4508 21768.0
4509 21768.0
4510 21768.0
4511 21768.0
4512 21768.0
4513 21768.0
4514 21768.0
4515 21768.0
4516 21768.0
4517 21768.0
4518 21768.0
4519 21768.0
4520 21768.0
4521 21768.0
4522 21768.0
4523 21768.0
4524 21768.0
4525 21768.0
4526 21768.0
4527 21768.0
4528 21768.0
4529 21768.0
4530 21768.0
4531 21768.0
4532 21768.0
4533 21768.0
4534 21768.0
4535 21768.0
4536 21768.0
4537 21768.0
4538 21768.0
4539 21768.0
4540 21768.0
4541 21768.0
4542 21768.0
4543 21768.0
4544 21768.0
4545 21768.0
4546 21768.0
4547 21768.0
4548 21768.0
4549 21768.0
4550 21768.0
4551 21768.0
4552 21768.0
4553 21768.0
4554 21768.0
4555 21768.0
4556 21768.0
4557 21768.0
4558 21768.0
4559 21768.0
4560 21768.0
4561 21768.0
4562 21768.0
4563 21768.0
4564 21768.0
4565 21768.0
4566 21768.0
4567 21768.0
4568 21768.0
4569 21768.0
4570 21768.0
4571 21768.0
4572 21768.0
4573 21768.0
4574 21768.0
4575 21768.0
4576 21768.0
4577 21768.0
4578 21768.0
4579 21768.0
4580 21768.0
4581 21768.0
4582 21768.0
4583 21768.0
4584 21768.0
4585 21768.0
4586 21768.0
4587 21768.0
4588 21768.0
4589 21768.0
4590 21768.0
4591 21768.0
4592 21768.0
4593 21768.0
4594 21768.0
4595 21768.0
4596 21768.0
4597 21768.0
4598 21768.0
4599 21768.0
4600 21768.0
4601 21768.0
4602 21768.0
4603 21768.0
4604 21768.0
4605 21768.0
4606 21768.0
4607 21768.0
4608 21768.0
4609 21768.0
4610 21768.0
4611 21768.0
4612 21768.0
4613 21768.0
4614 21768.0
4615 21768.0
4616 21768.0
4617 21768.0
4618 21768.0
4619 21768.0
4620 21768.0
4621 21768.0
4622 21768.0
4623 21768.0
4624 21768.0
4625 21768.0
4626 21768.0
4627 21768.0
4628 21768.0
4629 21768.0
4630 21768.0
4631 21768.0
4632 21768.0
4633 21768.0
4634 21768.0
4635 21768.0
4636 21768.0
4637 21768.0
4638 21768.0
4639 21768.0
4640 21768.0
4641 21768.0
4642 21768.0
4643 21768.0
4644 21768.0
4645 21768.0
4646 21768.0
4647 21768.0
4648 21768.0
4649 21768.0
4650 21768.0
4651 21768.0
4652 21768.0
4653 21768.0
4654 21768.0
4655 21768.0
4656 21768.0
4657 21768.0
4658 21768.0
4659 21768.0
4660 21768.0
4661 21768.0
4662 21768.0
4663 21768.0
4664 21768.0
4665 21768.0
4666 21768.0
4667 21768.0
4668 21768.0
4669 21768.0
4670 21768.0
4671 21768.0
4672 21768.0
4673 21768.0
4674 21768.0
4675 21768.0
4676 21768.0
4677 21768.0
4678 21768.0
4679 21768.0
4680 21768.0
4681 21768.0
4682 21768.0
4683 21768.0
4684 21768.0
4685 21768.0
4686 21768.0
4687 21768.0
4688 21768.0
4689 21768.0
4690 21768.0
4691 21768.0
4692 21768.0
4693 21768.0
4694 21768.0
4695 21768.0
4696 21768.0
4697 21768.0
4698 21768.0
4699 21768.0
4700 21768.0
4701 21768.0
4702 21768.0
4703 21768.0
4704 21768.0
4705 21768.0
4706 21768.0
4707 21768.0
4708 21768.0
4709 21768.0
4710 21768.0
4711 21768.0
4712 21768.0
4713 21768.0
4714 21768.0
4715 21768.0
4716 21768.0
4717 21768.0
4718 21768.0
4719 21768.0
4720 21768.0
4721 21768.0
4722 21768.0
4723 21768.0
4724 16401.0
4725 16401.0
4726 16401.0
4727 16401.0
4728 16401.0
4729 16401.0
4730 16401.0
4731 16401.0
4732 16401.0
4733 16401.0
4734 16401.0
4735 16401.0
4736 16401.0
4737 16401.0
4738 16401.0
4739 16401.0
4740 16401.0
4741 16401.0
4742 16401.0
4743 16401.0
4744 16401.0
4745 16401.0
4746 16401.0
4747 16401.0
4748 16401.0
4749 16401.0
4750 16401.0
4751 16401.0
4752 16401.0
4753 16401.0
4754 16401.0
4755 16401.0
4756 16401.0
4757 16401.0
4758 16401.0
4759 16401.0
4760 16401.0
4761 16401.0
4762 16401.0
4763 16401.0
4764 16401.0
4765 16401.0
4766 16401.0
4767 16401.0
4768 16401.0
4769 16401.0
4770 16401.0
4771 16401.0
4772 16401.0
4773 16401.0
4774 16401.0
4775 16401.0
4776 16401.0
4777 16401.0
4778 16401.0
4779 16401.0
4780 16401.0
4781 16401.0
4782 16401.0
4783 16401.0
4784 16401.0
4785 16401.0
4786 16401.0
4787 16401.0
4788 16401.0
4789 16401.0
4790 16401.0
4791 16401.0
4792 16401.0
4793 16401.0
4794 16401.0
4795 16401.0
4796 16401.0
4797 16401.0
4798 16401.0
4799 16401.0
4800 16401.0
4801 16401.0
4802 16401.0
4803 16401.0
4804 16401.0
4805 16401.0
4806 16401.0
4807 16401.0
4808 16401.0
4809 16401.0
4810 16401.0
4811 16401.0
4812 16401.0
4813 16401.0
4814 16401.0
4815 16401.0
4816 16401.0
4817 16401.0
4818 16401.0
4819 16401.0
4820 16401.0
4821 16401.0
4822 16401.0
4823 16401.0
4824 16401.0
4825 16401.0
4826 16401.0
4827 16401.0
4828 16401.0
4829 16401.0
4830 16401.0
4831 16401.0
4832 16401.0
4833 16401.0
4834 16401.0
4835 16401.0
4836 16401.0
4837 16401.0
4838 16401.0
4839 16401.0
4840 16401.0
4841 16401.0
4842 16401.0
4843 16401.0
4844 16401.0
4845 16401.0
4846 16401.0
4847 16401.0
4848 16401.0
4849 16401.0
4850 16401.0
4851 16401.0
4852 16401.0
4853 16401.0
4854 16401.0
4855 16401.0
4856 16401.0
4857 16401.0
4858 16401.0
4859 16401.0
4860 16401.0
4861 16401.0
4862 16401.0
4863 16401.0
4864 16401.0
4865 16401.0
4866 16401.0
4867 16401.0
4868 16401.0
4869 16401.0
4870 16401.0
4871 16401.0
4872 16401.0
4873 16401.0
4874 16401.0
4875 16401.0
4876 16401.0
4877 16401.0
4878 16401.0
4879 16401.0
4880 16401.0
4881 16401.0
4882 16401.0
4883 16401.0
4884 16401.0
4885 16401.0
4886 16401.0
4887 16401.0
4888 16401.0
4889 16401.0
4890 16401.0
4891 16401.0
4892 16401.0
4893 16401.0
4894 16401.0
4895 16401.0
4896 16401.0
4897 16401.0
4898 16401.0
4899 16401.0
4900 16401.0
4901 16401.0
4902 16401.0
4903 16401.0
4904 16401.0
4905 16401.0
4906 16401.0
4907 16401.0
4908 16401.0
4909 16401.0
4910 16401.0
4911 16401.0
4912 16401.0
4913 16401.0
4914 16401.0
4915 16401.0
4916 16401.0
4917 16401.0
4918 16401.0
4919 16401.0
4920 16401.0
4921 16401.0
4922 16401.0
4923 16401.0
4924 16401.0
4925 16401.0
4926 16401.0
4927 16401.0
4928 16401.0
4929 16401.0
4930 16401.0
4931 16401.0
4932 16401.0
4933 16401.0
4934 16401.0
4935 16401.0
4936 16401.0
4937 16401.0
4938 16401.0
4939 16401.0
4940 16401.0
4941 16401.0
4942 16401.0
4943 16401.0
4944 16401.0
4945 16401.0
4946 16401.0
4947 16401.0
4948 16401.0
4949 16401.0
4950 16401.0
4951 16401.0
4952 16401.0
4953 16401.0
4954 16401.0
4955 16401.0
4956 16401.0
4957 16401.0
4958 16401.0
4959 16401.0
4960 16401.0
4961 16401.0
4962 16401.0
4963 16401.0
4964 16401.0
4965 16401.0
4966 16401.0
4967 16401.0
4968 16401.0
4969 16401.0
4970 16401.0
4971 16401.0
4972 16401.0
4973 16401.0
4974 16401.0
4975 16401.0
4976 16401.0
4977 16401.0
4978 16401.0
4979 16401.0
4980 16401.0
4981 16401.0
4982 16401.0
4983 16401.0
4984 16401.0
4985 16401.0
4986 16401.0
4987 16401.0
4988 16401.0
4989 16401.0
4990 16401.0
4991 16401.0
4992 16401.0
4993 16401.0
4994 16401.0
4995 16401.0
4996 16401.0
4997 16401.0
4998 16401.0
4999 16401.0
