0 5
1 5
2 6
3 7
4 8
5 8
6 8
7 8
8 8
9 8
10 8
11 8
12 8
13 8
14 8
25 15
26 15
27 15
28 15
29 15
30 15
31 15
32 15
33 15
34 15
35 15
46 25
47 27
48 27
49 27
50 29
51 29
52 29
53 29
54 29
55 31
56 32
57 32
58 32
59 32
60 33
61 33
62 34
63 34
64 34
65 34
66 36
67 37
68 37
69 37
70 37
71 37
72 37
73 37
74 37
75 37
76 38
77 38
78 38
79 38
80 39
81 39
82 39
83 39
84 39
85 39
86 39
87 39
88 39
89 39
90 40
91 42
92 42
93 42
94 42
95 43
96 43
97 44
98 44
99 44
100 44
101 44
102 46
103 46
104 46
105 46
106 46
107 46
108 46
109 46
110 46
111 46
112 46
123 54
124 54
125 54
126 54
127 54
128 54
129 54
130 55
131 55
132 55
133 55
134 56
135 56
136 56
137 56
138 56
139 56
140 56
141 56
142 56
143 56
144 56
155 68
156 68
157 68
158 68
159 69
160 69
161 69
162 69
163 69
164 69
165 69
166 69
167 69
168 74
169 74
170 74
171 76
172 76
173 78
174 78
175 78
176 78
177 78
178 78
179 80
180 80
181 80
182 80
183 80
184 81
185 82
186 82
187 82
188 84
189 85
190 85
191 86
192 86
193 87
194 87
195 87
196 87
197 87
198 87
199 87
200 88
201 88
202 88
203 88
204 88
205 88
206 88
207 88
208 88
209 88
210 88
221 91
222 91
223 92
224 92
225 92
226 92
227 92
228 94
229 96
230 96
231 96
232 96
233 96
234 96
235 96
236 96
237 96
238 96
239 96
250 97
251 99
252 99
253 99
254 99
255 99
256 99
257 99
258 99
259 99
260 99
261 99
272 99
273 99
274 101
275 101
276 101
277 101
278 101
279 101
280 101
281 101
282 101
283 101
284 101
295 101
296 101
297 101
298 101
299 101
300 101
301 101
302 102
303 102
304 102
305 102
306 104
307 104
308 104
309 104
310 104
311 104
312 104
313 104
314 104
315 104
316 104
327 104
328 104
329 104
330 104
331 104
332 104
333 104
334 104
335 104
336 104
347 105
348 105
349 105
350 105
351 105
352 105
353 105
354 105
355 105
356 105
357 105
368 104
369 104
370 105
371 105
372 108
373 108
374 108
375 108
376 108
377 108
378 108
379 108
380 108
381 108
382 108
393 110
394 110
395 110
396 110
397 110
398 110
399 110
400 110
401 110
402 110
413 110
414 110
415 110
416 110
417 110
418 110
419 110
420 110
421 110
422 110
433 109
434 109
435 109
436 109
437 109
438 109
439 109
440 109
441 109
442 109
453 108
454 108
455 108
456 108
457 108
458 108
459 108
460 108
461 108
462 108
473 108
474 108
475 108
476 108
477 108
478 108
479 110
480 110
481 110
482 110
483 110
484 111
485 111
486 111
487 111
488 111
489 111
490 111
491 111
492 111
493 111
494 111
505 112
506 112
507 112
508 112
509 112
510 112
511 112
512 112
513 112
514 112
515 112
526 112
527 112
528 112
529 112
530 112
531 112
532 112
533 112
534 112
535 112
546 114
547 115
548 115
549 115
550 115
551 115
552 115
553 115
554 115
555 115
556 115
557 115
568 114
569 115
570 115
571 116
572 116
573 116
574 116
575 116
576 116
577 116
578 116
579 116
580 116
581 116
592 116
593 116
594 116
595 116
596 116
597 116
598 116
599 116
600 116
601 116
612 116
613 116
614 116
615 116
616 116
617 116
618 116
619 116
620 117
621 117
622 117
623 117
624 117
625 117
626 117
627 117
628 118
629 118
630 118
631 118
632 118
633 118
634 118
635 118
636 118
637 118
638 118
649 119
650 119
651 119
652 119
653 119
654 119
655 119
656 119
657 119
658 119
669 118
670 118
671 118
672 118
673 119
674 119
675 119
676 119
677 119
678 119
679 119
680 119
681 119
682 119
683 119
694 119
695 119
696 119
697 119
698 119
699 119
700 119
701 119
702 119
703 119
704 119
715 119
716 119
717 119
718 119
719 119
720 119
721 119
722 119
723 119
724 119
735 119
736 119
737 119
738 119
739 119
740 119
741 119
742 119
743 119
744 119
755 121
756 121
757 121
758 121
759 121
760 121
761 121
762 121
763 121
764 121
775 121
776 121
777 121
778 121
779 121
780 121
781 121
782 121
783 121
784 121
795 120
796 121
797 122
798 124
799 124
800 124
801 124
802 124
803 124
804 124
805 124
806 124
807 124
808 124
819 124
820 124
821 124
822 124
823 124
824 124
825 124
826 124
827 124
828 124
839 124
840 124
841 124
842 124
843 124
844 124
845 124
846 124
847 124
848 124
859 133
860 133
861 133
862 133
863 133
864 133
865 133
866 133
867 133
868 133
879 133
880 133
881 133
882 133
883 133
884 133
885 133
886 133
887 133
888 133
899 134
900 134
901 134
902 134
903 134
904 134
905 134
906 134
907 134
908 134
919 134
920 134
921 134
922 134
923 134
924 134
925 134
926 134
927 134
928 134
939 133
940 133
941 133
942 133
943 133
944 133
945 133
946 133
947 136
948 136
949 136
950 136
951 136
952 136
953 136
954 136
955 136
956 136
957 136
968 136
969 136
970 136
971 136
972 136
973 136
974 136
975 136
976 136
977 136
978 136
989 137
990 137
991 137
992 137
993 137
994 137
995 137
996 137
997 137
998 137
1009 137
1010 137
1011 137
1012 137
1013 137
1014 137
1015 137
1016 137
1017 137
1018 137
1029 138
1030 138
1031 138
1032 138
1033 138
1034 138
1035 138
1036 138
1037 138
1038 138
1049 138
1050 138
1051 138
1052 138
1053 138
1054 138
1055 138
1056 138
1057 138
1058 138
1069 138
1070 138
1071 138
1072 138
1073 138
1074 138
1075 138
1076 138
1077 138
1078 138
1089 138
1090 138
1091 138
1092 138
1093 138
1094 138
1095 138
1096 138
1097 138
1098 138
1109 138
1110 138
1111 138
1112 138
1113 138
1114 138
1115 138
1116 138
1117 138
1118 138
1129 138
1130 138
1131 138
1132 138
1133 138
1134 138
1135 138
1136 138
1137 138
1138 138
1149 138
1150 138
1151 138
1152 138
1153 138
1154 138
1155 138
1156 138
1157 138
1158 138
1169 139
1170 139
1171 139
1172 139
1173 139
1174 139
1175 139
1176 139
1177 139
1178 139
1189 138
1190 138
1191 138
1192 138
1193 138
1194 138
1195 138
1196 139
1197 139
1198 139
1199 139
1200 139
1201 139
1202 139
1203 139
1204 139
1205 139
1206 139
1217 140
1218 140
1219 140
1220 140
1221 140
1222 140
1223 140
1224 140
1225 140
1226 140
1237 140
1238 140
1239 140
1240 140
1241 140
1242 140
1243 140
1244 140
1245 140
1246 140
1257 138
1258 138
1259 138
1260 138
1261 138
1262 138
1263 138
1264 138
1265 138
1266 138
1277 139
1278 139
1279 139
1280 139
1281 139
1282 139
1283 139
1284 139
1285 139
1286 139
1297 139
1298 139
1299 139
1300 139
1301 139
1302 139
1303 139
1304 139
1305 139
1306 139
1307 139
1318 139
1319 139
1320 139
1321 139
1322 139
1323 139
1324 139
1325 139
1326 139
1327 139
1338 138
1339 138
1340 139
1341 139
1342 139
1343 139
1344 139
1345 139
1346 139
1347 139
1348 139
1349 139
1350 139
1361 139
1362 139
1363 139
1364 139
1365 139
1366 139
1367 139
1368 139
1369 139
1370 139
1381 139
1382 139
1383 139
1384 139
1385 139
1386 139
1387 139
1388 139
1389 139
1390 139
1401 139
1402 139
1403 139
1404 139
1405 139
1406 140
1407 140
1408 140
1409 140
1410 140
1411 140
1412 140
1413 140
1414 140
1415 140
1416 140
1427 140
1428 140
1429 140
1430 140
1431 140
1432 140
1433 140
1434 140
1435 140
1436 140
1447 140
1448 140
1449 140
1450 140
1451 140
1452 140
1453 140
1454 140
1455 140
1456 140
1467 140
1468 140
1469 140
1470 140
1471 140
1472 140
1473 140
1474 140
1475 140
1476 140
1487 140
1488 140
1489 140
1490 140
1491 140
1492 140
1493 140
1494 140
1495 140
1496 140
1507 139
1508 139
1509 139
1510 139
1511 139
1512 139
1513 139
1514 139
1515 139
1516 139
1527 140
1528 140
1529 140
1530 140
1531 140
1532 140
1533 140
1534 140
1535 140
1536 140
1547 139
1548 139
1549 139
1550 139
1551 139
1552 140
1553 140
1554 140
1555 140
1556 140
1557 140
1558 140
1559 140
1560 140
1561 140
1562 140
1573 142
1574 142
1575 142
1576 142
1577 142
1578 142
1579 142
1580 142
1581 142
1582 142
1593 141
1594 141
1595 141
1596 141
1597 141
1598 141
1599 141
1600 141
1601 141
1602 141
1613 140
1614 140
1615 141
1616 141
1617 141
1618 141
1619 141
1620 141
1621 141
1622 141
1623 141
1624 141
1625 142
1626 142
1627 142
1628 142
1629 142
1630 142
1631 142
1632 142
1633 142
1634 142
1635 142
1646 142
1647 142
1648 142
1649 142
1650 142
1651 142
1652 142
1653 142
1654 142
1655 142
1666 142
1667 142
1668 142
1669 142
1670 142
1671 142
1672 142
1673 142
1674 142
1675 142
1686 140
1687 140
1688 140
1689 140
1690 140
1691 140
1692 140
1693 140
1694 140
1695 140
1706 140
1707 140
1708 140
1709 140
1710 140
1711 140
1712 140
1713 140
1714 140
1715 140
1726 139
1727 140
1728 140
1729 140
1730 140
1731 140
1732 140
1733 140
1734 140
1735 140
1736 140
1737 140
1748 140
1749 140
1750 140
1751 140
1752 140
1753 140
1754 140
1755 140
1756 140
1757 140
1768 141
1769 141
1770 141
1771 141
1772 141
1773 141
1774 141
1775 141
1776 141
1777 141
1788 141
1789 141
1790 142
1791 142
1792 142
1793 142
1794 142
1795 142
1796 142
1797 142
1798 142
1799 142
1800 142
1811 142
1812 142
1813 142
1814 144
1815 144
1816 144
1817 144
1818 144
1819 144
1820 144
1821 144
1822 144
1823 144
1824 144
1835 143
1836 143
1837 143
1838 143
1839 143
1840 143
1841 143
1842 143
1843 144
1844 144
1845 144
1846 144
1847 144
1848 144
1849 144
1850 144
1851 144
1852 144
1853 144
1864 144
1865 144
1866 144
1867 144
1868 144
1869 144
1870 144
1871 144
1872 144
1873 144
1884 144
1885 144
1886 144
1887 144
1888 144
1889 144
1890 144
1891 144
1892 144
1893 144
1904 144
1905 144
1906 144
1907 144
1908 144
1909 144
1910 144
1911 144
1912 144
1913 144
1924 144
1925 144
1926 144
1927 144
1928 144
1929 144
1930 144
1931 144
1932 144
1933 144
1944 143
1945 143
1946 143
1947 143
1948 143
1949 143
1950 143
1951 143
1952 143
1953 143
1964 142
1965 142
1966 142
1967 142
1968 142
1969 142
1970 142
1971 142
1972 143
1973 143
1974 143
1975 143
1976 143
1977 143
1978 143
1979 143
1980 143
1981 143
1982 143
1993 142
1994 142
1995 142
1996 142
1997 142
1998 142
1999 142
2000 143
2001 143
2002 143
2003 143
2004 143
2005 143
2006 143
2007 143
2008 143
2009 143
2010 143
2021 143
2022 143
2023 143
2024 143
2025 143
2026 143
2027 143
2028 143
2029 143
2030 143
2041 143
2042 143
2043 143
2044 143
2045 143
2046 143
2047 143
2048 143
2049 143
2050 143
2061 144
2062 144
2063 144
2064 144
2065 144
2066 144
2067 144
2068 144
2069 144
2070 144
2081 144
2082 144
2083 144
2084 144
2085 144
2086 144
2087 144
2088 144
2089 144
2090 144
2101 144
2102 146
2103 146
2104 146
2105 146
2106 146
2107 146
2108 146
2109 146
2110 146
2111 146
2112 146
2123 146
2124 146
2125 146
2126 146
2127 146
2128 146
2129 146
2130 146
2131 146
2132 146
2143 146
2144 146
2145 146
2146 146
2147 146
2148 146
2149 146
2150 146
2151 146
2152 146
2163 146
2164 146
2165 146
2166 146
2167 146
2168 146
2169 146
2170 146
2171 146
2172 146
2183 145
2184 145
2185 145
2186 145
2187 145
2188 145
2189 145
2190 145
2191 145
2192 145
2203 146
2204 146
2205 146
2206 146
2207 146
2208 146
2209 146
2210 146
2211 146
2212 146
2223 146
2224 146
2225 146
2226 146
2227 146
2228 146
2229 146
2230 146
2231 146
2232 146
2243 146
2244 146
2245 146
2246 146
2247 146
2248 146
2249 146
2250 146
2251 146
2252 146
2263 146
2264 146
2265 146
2266 146
2267 146
2268 146
2269 146
2270 146
2271 146
2272 146
2273 146
2284 146
2285 146
2286 146
2287 146
2288 146
2289 146
2290 146
2291 146
2292 146
2293 146
2304 146
2305 146
2306 146
2307 146
2308 146
2309 146
2310 146
2311 146
2312 146
2313 146
2324 146
2325 146
2326 146
2327 146
2328 146
2329 146
2330 146
2331 146
2332 146
2333 146
2344 145
2345 145
2346 145
2347 145
2348 145
2349 145
2350 145
2351 145
2352 145
2353 145
2364 146
2365 146
2366 146
2367 146
2368 146
2369 146
2370 146
2371 146
2372 146
2373 146
2374 146
2385 146
2386 146
2387 146
2388 146
2389 146
2390 146
2391 146
2392 146
2393 146
2394 146
2405 144
2406 144
2407 144
2408 144
2409 144
2410 144
2411 144
2412 144
2413 144
2414 144
2425 145
2426 145
2427 145
2428 145
2429 145
2430 145
2431 145
2432 145
2433 145
2434 145
2445 145
2446 145
2447 145
2448 145
2449 145
2450 145
2451 145
2452 145
2453 145
2454 145
2465 145
2466 145
2467 145
2468 145
2469 145
2470 145
2471 145
2472 145
2473 145
2474 145
2485 145
2486 145
2487 145
2488 145
2489 145
2490 145
2491 145
2492 145
2493 145
2494 145
2505 145
2506 145
2507 145
2508 145
2509 145
2510 145
2511 145
2512 145
2513 145
2514 145
2525 145
2526 145
2527 145
2528 145
2529 145
2530 145
2531 145
2532 145
2533 145
2534 145
2545 145
2546 145
2547 145
2548 145
2549 145
2550 145
2551 145
2552 145
2553 145
2554 145
2565 145
2566 145
2567 145
2568 145
2569 145
2570 145
2571 145
2572 145
2573 145
2574 145
2585 145
2586 145
2587 145
2588 145
2589 145
2590 145
2591 145
2592 145
2593 145
2594 145
2605 145
2606 145
2607 145
2608 145
2609 145
2610 145
2611 145
2612 145
2613 145
2614 145
2625 146
2626 146
2627 146
2628 146
2629 146
2630 146
2631 146
2632 146
2633 146
2634 146
2645 146
2646 146
2647 146
2648 146
2649 146
2650 146
2651 146
2652 146
2653 146
2654 146
2665 145
2666 145
2667 145
2668 145
2669 145
2670 145
2671 145
2672 145
2673 145
2674 145
2685 145
2686 145
2687 145
2688 145
2689 145
2690 145
2691 145
2692 145
2693 145
2694 145
2705 145
2706 145
2707 145
2708 145
2709 145
2710 145
2711 145
2712 145
2713 145
2714 145
2725 145
2726 145
2727 145
2728 145
2729 145
2730 145
2731 145
2732 145
2733 145
2734 145
2745 146
2746 146
2747 146
2748 146
2749 146
2750 146
2751 146
2752 146
2753 146
2754 146
2765 146
2766 146
2767 146
2768 146
2769 146
2770 146
2771 146
2772 146
2773 146
2774 146
2785 145
2786 145
2787 145
2788 145
2789 145
2790 145
2791 145
2792 145
2793 145
2794 145
2805 145
2806 145
2807 145
2808 145
2809 145
2810 145
2811 145
2812 145
2813 145
2814 145
2825 145
2826 145
2827 145
2828 145
2829 146
2830 146
2831 146
2832 146
2833 146
2834 146
2835 146
2836 146
2837 146
2838 146
2839 146
2850 146
2851 146
2852 146
2853 146
2854 146
2855 146
2856 146
2857 146
2858 146
2859 146
2870 145
2871 145
2872 145
2873 145
2874 145
2875 145
2876 145
2877 145
2878 145
2879 145
2890 144
2891 144
2892 144
2893 144
2894 144
2895 144
2896 144
2897 144
2898 144
2899 144
2910 145
2911 145
2912 145
2913 145
2914 145
2915 145
2916 145
2917 145
2918 145
2919 145
2930 145
2931 145
2932 145
2933 145
2934 145
2935 145
2936 145
2937 145
2938 145
2939 145
2950 143
2951 143
2952 143
2953 143
2954 143
2955 143
2956 143
2957 143
2958 143
2959 143
2970 144
2971 144
2972 144
2973 144
2974 144
2975 144
2976 144
2977 144
2978 144
2979 144
2990 144
2991 144
2992 145
2993 145
2994 145
2995 145
2996 145
2997 145
2998 145
2999 145
3000 145
3001 145
3002 145
3013 145
3014 145
3015 145
3016 145
3017 145
3018 145
3019 145
3020 145
3021 145
3022 145
3033 144
3034 144
3035 144
3036 144
3037 144
3038 144
3039 144
3040 144
3041 144
3042 144
3053 142
3054 142
3055 142
3056 142
3057 142
3058 142
3059 142
3060 142
3061 143
3062 143
3063 143
3064 143
3065 143
3066 143
3067 143
3068 143
3069 143
3070 143
3071 143
3082 144
3083 144
3084 144
3085 144
3086 145
3087 145
3088 145
3089 145
3090 145
3091 145
3092 145
3093 145
3094 145
3095 145
3096 146
3097 146
3098 146
3099 146
3100 146
3101 146
3102 146
3103 146
3104 146
3105 146
3106 146
3117 147
3118 147
3119 147
3120 147
3121 147
3122 147
3123 147
3124 147
3125 147
3126 147
3137 146
3138 146
3139 146
3140 146
3141 146
3142 146
3143 146
3144 146
3145 146
3146 146
3157 146
3158 146
3159 146
3160 147
3161 147
3162 147
3163 147
3164 147
3165 147
3166 147
3167 147
3168 147
3169 147
3170 147
3181 147
3182 147
3183 147
3184 147
3185 147
3186 147
3187 147
3188 147
3189 147
3190 147
3201 147
3202 147
3203 147
3204 147
3205 147
3206 147
3207 147
3208 147
3209 147
3210 147
3221 147
3222 147
3223 147
3224 147
3225 147
3226 147
3227 147
3228 147
3229 147
3230 147
3241 147
3242 147
3243 147
3244 147
3245 147
3246 147
3247 147
3248 147
3249 147
3250 147
3261 146
3262 146
3263 146
3264 146
3265 146
3266 146
3267 146
3268 146
3269 146
3270 146
3281 147
3282 147
3283 147
3284 147
3285 147
3286 147
3287 147
3288 147
3289 147
3290 147
3301 147
3302 147
3303 147
3304 147
3305 147
3306 147
3307 147
3308 147
3309 147
3310 147
3321 147
3322 147
3323 147
3324 147
3325 147
3326 147
3327 147
3328 147
3329 147
3330 147
3341 147
3342 147
3343 147
3344 147
3345 147
3346 147
3347 147
3348 147
3349 147
3350 147
3361 145
3362 145
3363 145
3364 145
3365 145
3366 145
3367 145
3368 145
3369 145
3370 145
3381 145
3382 145
3383 146
3384 146
3385 146
3386 146
3387 146
3388 146
3389 146
3390 146
3391 146
3392 146
3393 146
3404 146
3405 146
3406 146
3407 146
3408 146
3409 146
3410 146
3411 146
3412 146
3413 146
3424 146
3425 146
3426 146
3427 146
3428 146
3429 146
3430 146
3431 146
3432 146
3433 146
3444 145
3445 145
3446 145
3447 145
3448 145
3449 145
3450 145
3451 145
3452 145
3453 145
3464 144
3465 144
3466 144
3467 144
3468 144
3469 144
3470 144
3471 144
3472 144
3473 144
3484 143
3485 143
3486 144
3487 144
3488 144
3489 144
3490 144
3491 144
3492 144
3493 144
3494 144
3495 144
3496 144
3507 144
3508 144
3509 144
3510 144
3511 145
3512 145
3513 145
3514 145
3515 145
3516 145
3517 145
3518 145
3519 145
3520 145
3521 145
3532 145
3533 145
3534 145
3535 145
3536 145
3537 145
3538 145
3539 145
3540 145
3541 145
3552 144
3553 144
3554 144
3555 144
3556 144
3557 144
3558 144
3559 144
3560 144
3561 144
3572 143
3573 143
3574 143
3575 143
3576 143
3577 143
3578 143
3579 143
3580 143
3581 143
3592 145
3593 145
3594 145
3595 145
3596 145
3597 145
3598 145
3599 145
3600 145
3601 145
3612 145
3613 145
3614 145
3615 145
3616 145
3617 145
3618 145
3619 145
3620 145
3621 145
3632 146
3633 146
3634 146
3635 146
3636 146
3637 146
3638 146
3639 146
3640 146
3641 146
3652 144
3653 144
3654 144
3655 144
3656 144
3657 144
3658 144
3659 144
3660 144
3661 144
3672 144
3673 144
3674 144
3675 144
3676 144
3677 144
3678 144
3679 144
3680 144
3681 144
3692 145
3693 145
3694 145
3695 145
3696 145
3697 145
3698 145
3699 145
3700 145
3701 145
3712 145
3713 145
3714 145
3715 145
3716 145
3717 145
3718 145
3719 145
3720 145
3721 145
3732 143
3733 143
3734 143
3735 143
3736 143
3737 143
3738 143
3739 143
3740 143
3741 143
3752 142
3753 142
3754 143
3755 143
3756 143
3757 143
3758 143
3759 143
3760 143
3761 143
3762 143
3763 143
3764 143
3775 143
3776 143
3777 143
3778 143
3779 143
3780 143
3781 143
3782 143
3783 143
3784 143
3795 143
3796 143
3797 143
3798 143
3799 143
3800 143
3801 143
3802 143
3803 143
3804 143
3815 143
3816 143
3817 143
3818 143
3819 143
3820 143
3821 143
3822 143
3823 143
3824 143
3835 142
3836 142
3837 142
3838 142
3839 142
3840 142
3841 142
3842 142
3843 142
3844 142
3855 141
3856 141
3857 141
3858 141
3859 141
3860 141
3861 141
3862 141
3863 141
3864 141
3875 142
3876 142
3877 142
3878 142
3879 142
3880 142
3881 142
3882 142
3883 142
3884 142
3895 142
3896 142
3897 142
3898 142
3899 142
3900 142
3901 142
3902 142
3903 142
3904 142
3915 141
3916 141
3917 141
3918 141
3919 141
3920 141
3921 141
3922 141
3923 141
3924 141
3935 141
3936 141
3937 141
3938 141
3939 141
3940 141
3941 141
3942 141
3943 141
3944 141
3955 142
3956 142
3957 142
3958 142
3959 142
3960 142
3961 142
3962 142
3963 142
3964 142
3975 142
3976 142
3977 142
3978 142
3979 142
3980 142
3981 142
3982 142
3983 142
3984 142
3995 139
3996 139
3997 140
3998 140
3999 140
4000 140
4001 140
4002 140
4003 140
4004 140
4005 140
4006 140
4007 140
4018 140
4019 140
4020 140
4021 140
4022 140
4023 140
4024 140
4025 140
4026 140
4027 140
4038 140
4039 140
4040 140
4041 140
4042 140
4043 140
4044 140
4045 140
4046 140
4047 140
4058 140
4059 140
4060 140
4061 140
4062 140
4063 140
4064 140
4065 140
4066 140
4067 140
4078 140
4079 140
4080 140
4081 140
4082 140
4083 140
4084 140
4085 140
4086 140
4087 140
4098 141
4099 141
4100 141
4101 141
4102 141
4103 141
4104 141
4105 141
4106 141
4107 141
4118 142
4119 142
4120 142
4121 142
4122 142
4123 142
4124 142
4125 142
4126 142
4127 142
4138 142
4139 142
4140 142
4141 142
4142 142
4143 142
4144 142
4145 142
4146 142
4147 142
4158 143
4159 143
4160 143
4161 143
4162 143
4163 144
4164 144
4165 145
4166 145
4167 145
4168 145
4169 145
4170 145
4171 145
4172 145
4173 145
4174 145
4175 145
4186 145
4187 145
4188 145
4189 145
4190 145
4191 145
4192 145
4193 145
4194 145
4195 145
4196 145
4207 145
4208 145
4209 145
4210 145
4211 145
4212 145
4213 145
4214 145
4215 146
4216 146
4217 146
4218 146
4219 146
4220 146
4221 146
4222 146
4223 146
4224 146
4225 146
4236 146
4237 146
4238 146
4239 146
4240 146
4241 146
4242 146
4243 146
4244 146
4245 146
4256 145
4257 145
4258 145
4259 146
4260 146
4261 146
4262 146
4263 146
4264 146
4265 146
4266 146
4267 146
4268 146
4269 146
4280 146
4281 146
4282 146
4283 146
4284 146
4285 146
4286 146
4287 146
4288 146
4289 146
4300 147
4301 147
4302 147
4303 147
4304 147
4305 147
4306 147
4307 147
4308 147
4309 147
4320 147
4321 147
4322 147
4323 147
4324 147
4325 147
4326 147
4327 147
4328 147
4329 147
4340 147
4341 147
4342 147
4343 147
4344 147
4345 147
4346 147
4347 147
4348 147
4349 147
4360 147
4361 147
4362 147
4363 147
4364 147
4365 147
4366 147
4367 147
4368 147
4369 147
4380 146
4381 146
4382 146
4383 146
4384 146
4385 146
4386 146
4387 146
4388 146
4389 146
4400 146
4401 146
4402 146
4403 146
4404 146
4405 146
4406 146
4407 146
4408 146
4409 146
4420 146
4421 146
4422 146
4423 146
4424 146
4425 146
4426 146
4427 146
4428 146
4429 146
4440 146
4441 146
4442 146
4443 146
4444 146
4445 146
4446 146
4447 146
4448 146
4449 147
4450 147
4451 147
4452 147
4453 147
4454 147
4455 147
4456 147
4457 147
4458 147
4459 147
4470 148
4471 148
4472 148
4473 148
4474 148
4475 148
4476 148
4477 148
4478 148
4479 148
4480 148
4491 148
4492 148
4493 148
4494 148
4495 148
4496 148
4497 148
4498 148
4499 148
4500 148
4511 147
4512 147
4513 147
4514 147
4515 147
4516 147
4517 147
4518 147
4519 147
4520 147
4531 146
4532 146
4533 146
4534 146
4535 146
4536 146
4537 146
4538 146
4539 146
4540 146
4551 145
4552 145
4553 145
4554 145
4555 145
4556 145
4557 145
4558 145
4559 145
4560 145
4571 145
4572 145
4573 145
4574 145
4575 145
4576 145
4577 145
4578 145
4579 145
4580 145
4591 146
4592 146
4593 146
4594 146
4595 146
4596 146
4597 146
4598 146
4599 146
4600 146
4611 146
4612 146
4613 146
4614 146
4615 146
4616 146
4617 146
4618 146
4619 146
4620 146
4621 146
4632 145
4633 145
4634 146
4635 146
4636 146
4637 146
4638 146
4639 146
4640 146
4641 146
4642 146
4643 146
4644 146
4655 146
4656 146
4657 146
4658 146
4659 146
4660 146
4661 146
4662 146
4663 146
4664 146
4675 145
4676 145
4677 145
4678 145
4679 145
4680 145
4681 145
4682 145
4683 145
4684 145
4695 144
4696 144
4697 144
4698 144
4699 144
4700 144
4701 144
4702 144
4703 144
4704 144
4715 145
4716 145
4717 145
4718 145
4719 145
4720 145
4721 145
4722 145
4723 145
4724 145
4735 145
4736 145
4737 145
4738 145
4739 145
4740 145
4741 145
4742 145
4743 145
4744 146
4745 146
4746 146
4747 146
4748 146
4749 146
4750 146
4751 146
4752 146
4753 146
4754 146
4765 146
4766 146
4767 146
4768 146
4769 146
4770 146
4771 146
4772 146
4773 146
4774 146
4785 146
4786 146
4787 146
4788 146
4789 146
4790 146
4791 146
4792 146
4793 146
4794 146
4805 145
4806 145
4807 145
4808 145
4809 147
4810 147
4811 147
4812 147
4813 147
4814 147
4815 147
4816 147
4817 147
4818 147
4819 147
4830 146
4831 146
4832 147
4833 147
4834 147
4835 147
4836 147
4837 147
4838 147
4839 148
4840 148
4841 148
4842 148
4843 148
4844 148
4845 148
4846 148
4847 148
4848 148
4849 148
4860 147
4861 147
4862 147
4863 147
4864 147
4865 147
4866 147
4867 147
4868 147
4869 147
4880 146
4881 146
4882 146
4883 146
4884 146
4885 146
4886 146
4887 146
4888 146
4889 146
4900 146
4901 146
4902 146
4903 146
4904 146
4905 146
4906 146
4907 146
4908 146
4909 146
4920 146
4921 146
4922 146
4923 146
4924 146
4925 146
4926 146
4927 146
4928 146
4929 146
4940 147
4941 147
4942 147
4943 147
4944 147
4945 147
4946 147
4947 147
4948 147
4949 147
4960 147
4961 147
4962 147
4963 147
4964 147
4965 147
4966 147
4967 147
4968 147
4969 147
4980 147
4981 147
4982 147
4983 147
4984 147
4985 147
4986 147
4987 147
4988 147
4989 147
