0 12
1 12
2 12
3 12
4 12
5 12
6 12
7 12
8 12
9 12
10 14
11 14
12 16
13 16
14 17
15 19
16 20
17 20
18 20
19 20
20 20
21 20
22 20
23 20
24 20
25 20
26 20
37 25
38 26
39 26
40 26
41 26
42 26
43 26
44 27
45 27
46 27
47 27
48 27
49 27
50 27
51 29
52 29
53 29
54 31
55 31
56 31
57 31
58 31
59 31
60 31
61 31
62 31
63 33
64 33
65 33
66 33
67 33
68 33
69 33
70 33
71 33
72 33
73 33
84 35
85 35
86 35
87 36
88 36
89 37
90 40
91 40
92 40
93 41
94 41
95 41
96 41
97 41
98 42
99 42
100 42
101 42
102 42
103 42
104 42
105 42
106 43
107 43
108 43
109 43
110 43
111 43
112 43
113 43
114 43
115 43
116 43
127 47
128 47
129 47
130 47
131 47
132 48
133 49
134 49
135 49
136 49
137 57
138 57
139 58
140 58
141 59
142 61
143 66
144 69
145 69
146 69
147 69
148 69
149 69
150 72
151 72
152 72
153 72
154 72
155 72
156 73
157 73
158 73
159 73
160 73
161 73
162 73
163 73
164 73
165 73
166 75
167 75
168 75
169 75
170 75
171 75
172 75
173 75
174 76
175 76
176 76
177 76
178 76
179 76
180 76
181 76
182 76
183 76
184 76
195 82
196 82
197 82
198 82
199 83
200 83
201 83
202 83
203 83
204 83
205 86
206 86
207 86
208 86
209 86
210 86
211 86
212 86
213 86
214 86
215 86
226 92
227 93
228 93
229 93
230 93
231 93
232 93
233 93
234 93
235 93
236 93
237 93
248 94
249 94
250 94
251 94
252 94
253 94
254 94
255 94
256 94
257 94
268 96
269 96
270 96
271 96
272 96
273 96
274 96
275 98
276 98
277 98
278 98
279 98
280 98
281 98
282 98
283 98
284 98
285 98
296 103
297 103
298 103
299 103
300 103
301 103
302 103
303 103
304 103
305 103
316 104
317 104
318 104
319 104
320 104
321 104
322 104
323 104
324 104
325 104
336 104
337 104
338 104
339 104
340 104
341 104
342 104
343 104
344 104
345 104
356 102
357 102
358 102
359 102
360 102
361 102
362 103
363 103
364 103
365 104
366 104
367 104
368 104
369 104
370 104
371 104
372 104
373 104
374 104
375 104
386 104
387 104
388 104
389 104
390 104
391 104
392 104
393 104
394 104
395 104
406 105
407 105
408 107
409 107
410 107
411 107
412 107
413 107
414 107
415 107
416 108
417 108
418 108
419 108
420 108
421 108
422 108
423 108
424 108
425 108
426 108
437 108
438 108
439 108
440 108
441 108
442 108
443 108
444 108
445 108
446 108
457 111
458 111
459 111
460 111
461 111
462 111
463 111
464 111
465 111
466 111
477 116
478 116
479 116
480 116
481 116
482 116
483 116
484 116
485 116
486 116
497 118
498 118
499 118
500 118
501 118
502 118
503 118
504 118
505 118
506 118
517 117
518 117
519 117
520 118
521 118
522 118
523 118
524 118
525 118
526 118
527 118
528 118
529 118
530 118
541 118
542 118
543 118
544 118
545 118
546 118
547 118
548 118
549 119
550 119
551 119
552 119
553 119
554 119
555 119
556 119
557 119
558 119
559 119
570 119
571 119
572 119
573 119
574 119
575 119
576 121
577 121
578 121
579 121
580 121
581 121
582 122
583 122
584 122
585 122
586 122
587 122
588 122
589 122
590 123
591 123
592 123
593 123
594 123
595 123
596 123
597 123
598 123
599 123
600 124
601 124
602 124
603 124
604 124
605 126
606 126
607 126
608 126
609 126
610 126
611 126
612 126
613 132
614 132
615 132
616 132
617 132
618 132
619 132
620 132
621 132
622 132
623 132
634 134
635 134
636 134
637 134
638 134
639 134
640 134
641 134
642 134
643 134
654 133
655 133
656 133
657 133
658 133
659 133
660 133
661 133
662 133
663 133
674 134
675 134
676 134
677 134
678 134
679 134
680 134
681 134
682 134
683 134
694 134
695 134
696 134
697 134
698 134
699 134
700 134
701 134
702 134
703 134
714 139
715 139
716 139
717 139
718 139
719 139
720 140
721 140
722 140
723 140
724 140
725 140
726 140
727 140
728 140
729 140
730 140
741 142
742 142
743 142
744 142
745 142
746 142
747 142
748 142
749 142
750 142
761 142
762 142
763 142
764 142
765 142
766 142
767 142
768 142
769 142
770 142
781 143
782 143
783 143
784 143
785 143
786 143
787 143
788 143
789 144
790 144
791 144
792 144
793 144
794 144
795 144
796 144
797 144
798 144
799 144
810 144
811 144
812 144
813 144
814 144
815 144
816 144
817 144
818 144
819 144
830 144
831 144
832 144
833 144
834 144
835 144
836 144
837 144
838 144
839 144
850 142
851 142
852 142
853 142
854 142
855 142
856 142
857 142
858 142
859 142
870 142
871 142
872 142
873 142
874 142
875 142
876 142
877 142
878 142
879 142
890 143
891 143
892 143
893 143
894 143
895 143
896 143
897 143
898 143
899 143
910 143
911 143
912 143
913 143
914 143
915 143
916 143
917 143
918 143
919 143
930 142
931 142
932 142
933 142
934 142
935 142
936 142
937 142
938 142
939 142
950 145
951 145
952 145
953 145
954 145
955 145
956 145
957 145
958 145
959 145
970 146
971 146
972 146
973 146
974 146
975 146
976 146
977 146
978 146
979 146
990 145
991 146
992 146
993 146
994 146
995 146
996 146
997 146
998 146
999 146
1000 146
1001 146
1012 146
1013 146
1014 146
1015 146
1016 146
1017 146
1018 146
1019 146
1020 146
1021 146
1032 146
1033 146
1034 146
1035 146
1036 146
1037 146
1038 146
1039 146
1040 146
1041 146
1052 144
1053 145
1054 145
1055 145
1056 145
1057 145
1058 145
1059 145
1060 145
1061 145
1062 145
1063 149
1064 149
1065 149
1066 149
1067 149
1068 149
1069 149
1070 149
1071 149
1072 149
1073 149
1084 148
1085 150
1086 150
1087 150
1088 150
1089 150
1090 150
1091 150
1092 150
1093 150
1094 150
1095 150
1106 150
1107 150
1108 150
1109 150
1110 150
1111 150
1112 150
1113 150
1114 150
1115 150
1126 149
1127 149
1128 149
1129 149
1130 149
1131 149
1132 149
1133 149
1134 149
1135 149
1146 148
1147 148
1148 148
1149 148
1150 148
1151 148
1152 148
1153 148
1154 148
1155 148
1166 148
1167 148
1168 148
1169 148
1170 148
1171 149
1172 149
1173 149
1174 149
1175 149
1176 149
1177 149
1178 149
1179 149
1180 149
1181 149
1192 149
1193 149
1194 149
1195 149
1196 149
1197 149
1198 149
1199 149
1200 149
1201 149
1212 147
1213 147
1214 147
1215 147
1216 147
1217 147
1218 147
1219 147
1220 147
1221 147
1232 148
1233 148
1234 148
1235 148
1236 148
1237 148
1238 148
1239 148
1240 148
1241 148
1252 148
1253 148
1254 148
1255 148
1256 148
1257 148
1258 148
1259 148
1260 148
1261 148
1272 148
1273 148
1274 148
1275 148
1276 148
1277 148
1278 148
1279 148
1280 148
1281 148
1292 148
1293 148
1294 148
1295 148
1296 148
1297 148
1298 148
1299 148
1300 148
1301 148
1312 147
1313 148
1314 148
1315 148
1316 149
1317 149
1318 149
1319 149
1320 149
1321 149
1322 149
1323 149
1324 149
1325 149
1326 149
1337 149
1338 149
1339 149
1340 149
1341 149
1342 149
1343 149
1344 149
1345 149
1346 149
1357 149
1358 149
1359 149
1360 149
1361 149
1362 149
1363 149
1364 149
1365 149
1366 149
1377 149
1378 149
1379 149
1380 149
1381 149
1382 149
1383 149
1384 149
1385 149
1386 149
1397 149
1398 149
1399 150
1400 150
1401 150
1402 150
1403 150
1404 150
1405 150
1406 150
1407 150
1408 150
1409 150
1420 150
1421 150
1422 150
1423 150
1424 150
1425 150
1426 150
1427 150
1428 150
1429 150
1440 149
1441 149
1442 149
1443 149
1444 149
1445 149
1446 149
1447 149
1448 149
1449 149
1460 150
1461 150
1462 150
1463 150
1464 150
1465 150
1466 150
1467 150
1468 150
1469 150
1480 150
1481 150
1482 150
1483 150
1484 150
1485 150
1486 150
1487 150
1488 150
1489 150
1500 153
1501 153
1502 153
1503 153
1504 153
1505 153
1506 153
1507 153
1508 153
1509 153
1510 153
1521 151
1522 151
1523 151
1524 151
1525 151
1526 151
1527 152
1528 152
1529 152
1530 152
1531 152
1532 152
1533 152
1534 152
1535 152
1536 152
1537 152
1548 152
1549 152
1550 152
1551 152
1552 152
1553 152
1554 152
1555 152
1556 152
1557 152
1568 152
1569 152
1570 152
1571 152
1572 152
1573 152
1574 152
1575 152
1576 152
1577 152
1588 152
1589 152
1590 152
1591 152
1592 152
1593 152
1594 152
1595 152
1596 152
1597 152
1608 152
1609 152
1610 152
1611 152
1612 152
1613 152
1614 152
1615 152
1616 152
1617 152
1628 151
1629 151
1630 151
1631 151
1632 151
1633 151
1634 151
1635 151
1636 151
1637 151
1648 150
1649 150
1650 150
1651 150
1652 150
1653 150
1654 150
1655 150
1656 150
1657 150
1668 151
1669 151
1670 151
1671 151
1672 151
1673 151
1674 151
1675 151
1676 151
1677 151
1688 151
1689 151
1690 151
1691 151
1692 151
1693 151
1694 151
1695 151
1696 151
1697 151
1708 151
1709 151
1710 151
1711 151
1712 151
1713 151
1714 151
1715 151
1716 151
1717 151
1728 151
1729 151
1730 151
1731 151
1732 151
1733 151
1734 151
1735 151
1736 151
1737 151
1748 153
1749 153
1750 153
1751 153
1752 153
1753 153
1754 153
1755 153
1756 153
1757 153
1768 152
1769 152
1770 152
1771 152
1772 152
1773 152
1774 152
1775 152
1776 153
1777 153
1778 153
1779 153
1780 153
1781 153
1782 153
1783 153
1784 153
1785 153
1786 153
1797 152
1798 152
1799 152
1800 152
1801 152
1802 152
1803 152
1804 152
1805 152
1806 152
1817 152
1818 152
1819 152
1820 152
1821 152
1822 152
1823 152
1824 152
1825 152
1826 152
1837 152
1838 152
1839 152
1840 152
1841 152
1842 152
1843 152
1844 152
1845 152
1846 152
1857 152
1858 152
1859 152
1860 152
1861 152
1862 152
1863 152
1864 152
1865 152
1866 152
1877 153
1878 153
1879 153
1880 153
1881 153
1882 153
1883 153
1884 153
1885 153
1886 153
1897 152
1898 152
1899 152
1900 152
1901 152
1902 152
1903 152
1904 152
1905 152
1906 152
1917 150
1918 151
1919 151
1920 151
1921 151
1922 151
1923 151
1924 151
1925 151
1926 151
1927 151
1928 151
1939 151
1940 151
1941 151
1942 151
1943 151
1944 151
1945 151
1946 151
1947 151
1948 151
1959 151
1960 151
1961 151
1962 151
1963 151
1964 151
1965 151
1966 151
1967 151
1968 151
1979 152
1980 152
1981 153
1982 153
1983 153
1984 153
1985 153
1986 153
1987 153
1988 153
1989 153
1990 153
1991 153
2002 152
2003 152
2004 152
2005 152
2006 152
2007 152
2008 152
2009 152
2010 152
2011 152
2012 152
2023 153
2024 153
2025 153
2026 153
2027 153
2028 153
2029 153
2030 153
2031 153
2032 153
2043 152
2044 152
2045 152
2046 152
2047 152
2048 152
2049 152
2050 152
2051 152
2052 152
2063 152
2064 152
2065 152
2066 152
2067 152
2068 152
2069 152
2070 152
2071 152
2072 152
2083 150
2084 150
2085 150
2086 151
2087 151
2088 151
2089 151
2090 151
2091 151
2092 151
2093 151
2094 151
2095 151
2096 151
2107 151
2108 151
2109 151
2110 151
2111 151
2112 151
2113 151
2114 151
2115 151
2116 151
2127 151
2128 151
2129 151
2130 151
2131 151
2132 151
2133 151
2134 151
2135 151
2136 151
2147 151
2148 151
2149 151
2150 151
2151 151
2152 151
2153 151
2154 151
2155 151
2156 151
2167 151
2168 151
2169 151
2170 151
2171 151
2172 151
2173 151
2174 151
2175 151
2176 151
2187 151
2188 151
2189 151
2190 151
2191 151
2192 151
2193 151
2194 151
2195 151
2196 151
2207 151
2208 151
2209 151
2210 151
2211 151
2212 151
2213 151
2214 151
2215 151
2216 151
2227 150
2228 150
2229 150
2230 150
2231 150
2232 150
2233 150
2234 150
2235 150
2236 150
2247 150
2248 150
2249 150
2250 151
2251 151
2252 151
2253 151
2254 151
2255 151
2256 151
2257 151
2258 151
2259 151
2260 151
2271 151
2272 151
2273 151
2274 151
2275 151
2276 151
2277 151
2278 151
2279 151
2280 151
2291 151
2292 151
2293 151
2294 151
2295 151
2296 151
2297 151
2298 151
2299 151
2300 151
2311 152
2312 152
2313 152
2314 152
2315 152
2316 152
2317 152
2318 152
2319 152
2320 152
2331 152
2332 152
2333 152
2334 152
2335 152
2336 152
2337 152
2338 152
2339 152
2340 152
2351 150
2352 150
2353 150
2354 150
2355 150
2356 150
2357 150
2358 150
2359 150
2360 150
2371 150
2372 150
2373 150
2374 150
2375 151
2376 151
2377 151
2378 151
2379 151
2380 151
2381 151
2382 151
2383 151
2384 151
2385 151
2396 151
2397 152
2398 152
2399 152
2400 152
2401 152
2402 152
2403 152
2404 152
2405 152
2406 152
2407 152
2418 151
2419 151
2420 151
2421 152
2422 152
2423 152
2424 153
2425 153
2426 153
2427 153
2428 153
2429 153
2430 153
2431 153
2432 153
2433 153
2434 153
2445 151
2446 151
2447 151
2448 153
2449 153
2450 153
2451 153
2452 153
2453 153
2454 153
2455 153
2456 153
2457 153
2458 153
2469 152
2470 152
2471 152
2472 152
2473 152
2474 152
2475 152
2476 152
2477 152
2478 152
2489 152
2490 152
2491 152
2492 152
2493 152
2494 152
2495 152
2496 152
2497 152
2498 152
2509 152
2510 152
2511 152
2512 152
2513 152
2514 152
2515 152
2516 152
2517 152
2518 152
2529 152
2530 152
2531 152
2532 152
2533 152
2534 152
2535 152
2536 152
2537 152
2538 152
2549 152
2550 152
2551 152
2552 152
2553 152
2554 152
2555 152
2556 152
2557 152
2558 152
2569 152
2570 152
2571 152
2572 152
2573 152
2574 152
2575 152
2576 152
2577 153
2578 153
2579 153
2580 153
2581 153
2582 153
2583 153
2584 153
2585 153
2586 153
2587 153
2598 152
2599 152
2600 152
2601 152
2602 152
2603 152
2604 152
2605 152
2606 152
2607 152
2618 151
2619 151
2620 151
2621 151
2622 151
2623 151
2624 151
2625 151
2626 151
2627 151
2638 150
2639 150
2640 150
2641 150
2642 150
2643 150
2644 150
2645 150
2646 150
2647 150
2658 149
2659 149
2660 149
2661 149
2662 149
2663 149
2664 150
2665 150
2666 150
2667 150
2668 150
2669 150
2670 150
2671 150
2672 150
2673 150
2674 150
2685 150
2686 150
2687 150
2688 150
2689 150
2690 150
2691 150
2692 150
2693 150
2694 150
2705 150
2706 150
2707 150
2708 150
2709 150
2710 150
2711 150
2712 150
2713 150
2714 150
2725 149
2726 150
2727 150
2728 150
2729 150
2730 150
2731 150
2732 150
2733 150
2734 150
2735 150
2736 150
2747 151
2748 151
2749 151
2750 151
2751 151
2752 151
2753 151
2754 151
2755 151
2756 151
2767 149
2768 149
2769 149
2770 149
2771 151
2772 151
2773 151
2774 151
2775 151
2776 151
2777 151
2778 151
2779 151
2780 151
2781 151
2792 151
2793 151
2794 151
2795 151
2796 151
2797 152
2798 152
2799 152
2800 152
2801 152
2802 152
2803 152
2804 152
2805 152
2806 152
2807 152
2818 152
2819 152
2820 152
2821 152
2822 152
2823 152
2824 152
2825 152
2826 152
2827 152
2838 152
2839 152
2840 152
2841 152
2842 152
2843 152
2844 152
2845 152
2846 152
2847 152
2858 151
2859 151
2860 151
2861 151
2862 151
2863 151
2864 151
2865 151
2866 151
2867 151
2878 152
2879 152
2880 152
2881 152
2882 152
2883 152
2884 152
2885 152
2886 152
2887 152
2898 151
2899 151
2900 151
2901 151
2902 151
2903 151
2904 151
2905 151
2906 151
2907 151
2918 151
2919 151
2920 151
2921 151
2922 151
2923 151
2924 151
2925 151
2926 151
2927 151
2938 149
2939 149
2940 149
2941 149
2942 150
2943 150
2944 150
2945 150
2946 150
2947 150
2948 150
2949 150
2950 150
2951 150
2952 150
2963 150
2964 150
2965 150
2966 150
2967 150
2968 150
2969 150
2970 150
2971 150
2972 150
2983 150
2984 150
2985 150
2986 150
2987 150
2988 150
2989 150
2990 150
2991 150
2992 150
3003 150
3004 150
3005 150
3006 150
3007 150
3008 150
3009 150
3010 150
3011 150
3012 150
3023 150
3024 150
3025 150
3026 150
3027 150
3028 150
3029 150
3030 150
3031 150
3032 150
3043 150
3044 150
3045 150
3046 150
3047 150
3048 150
3049 150
3050 150
3051 150
3052 150
3063 150
3064 150
3065 150
3066 150
3067 150
3068 150
3069 150
3070 150
3071 150
3072 150
3083 149
3084 149
3085 149
3086 149
3087 149
3088 149
3089 149
3090 149
3091 149
3092 149
3103 150
3104 150
3105 150
3106 150
3107 150
3108 150
3109 150
3110 150
3111 150
3112 150
3113 150
3124 150
3125 150
3126 150
3127 150
3128 150
3129 150
3130 150
3131 150
3132 150
3133 150
3144 149
3145 149
3146 149
3147 151
3148 151
3149 151
3150 151
3151 151
3152 151
3153 151
3154 151
3155 151
3156 151
3157 151
3168 151
3169 151
3170 151
3171 151
3172 151
3173 151
3174 151
3175 151
3176 151
3177 151
3188 151
3189 151
3190 151
3191 151
3192 151
3193 151
3194 151
3195 151
3196 151
3197 151
3208 151
3209 151
3210 151
3211 151
3212 151
3213 151
3214 151
3215 151
3216 151
3217 152
3218 152
3219 152
3220 152
3221 152
3222 152
3223 152
3224 152
3225 152
3226 152
3227 152
3238 153
3239 153
3240 153
3241 153
3242 153
3243 153
3244 153
3245 153
3246 153
3247 153
3258 152
3259 152
3260 152
3261 152
3262 152
3263 152
3264 152
3265 152
3266 152
3267 152
3278 152
3279 152
3280 152
3281 152
3282 152
3283 152
3284 152
3285 152
3286 152
3287 152
3298 152
3299 152
3300 152
3301 152
3302 152
3303 152
3304 152
3305 152
3306 152
3307 152
3318 153
3319 153
3320 153
3321 153
3322 153
3323 153
3324 153
3325 153
3326 153
3327 153
3338 152
3339 152
3340 152
3341 152
3342 152
3343 152
3344 152
3345 152
3346 152
3347 152
3358 152
3359 152
3360 152
3361 152
3362 152
3363 152
3364 152
3365 152
3366 152
3367 152
3378 152
3379 152
3380 152
3381 152
3382 152
3383 152
3384 152
3385 152
3386 152
3387 152
3398 152
3399 152
3400 152
3401 152
3402 152
3403 152
3404 152
3405 152
3406 152
3407 152
3418 152
3419 152
3420 152
3421 152
3422 152
3423 152
3424 152
3425 152
3426 152
3427 152
3428 152
3439 152
3440 152
3441 152
3442 152
3443 152
3444 152
3445 152
3446 152
3447 152
3448 152
3459 152
3460 152
3461 152
3462 152
3463 152
3464 152
3465 152
3466 152
3467 152
3468 152
3479 151
3480 151
3481 151
3482 151
3483 151
3484 151
3485 151
3486 151
3487 151
3488 151
3499 152
3500 152
3501 152
3502 152
3503 152
3504 152
3505 152
3506 152
3507 152
3508 152
3509 152
3520 153
3521 153
3522 153
3523 153
3524 153
3525 153
3526 153
3527 153
3528 153
3529 153
3540 152
3541 152
3542 152
3543 152
3544 152
3545 152
3546 152
3547 152
3548 152
3549 152
3550 152
3561 152
3562 152
3563 152
3564 152
3565 152
3566 152
3567 152
3568 152
3569 152
3570 152
3581 152
3582 152
3583 152
3584 152
3585 152
3586 152
3587 152
3588 152
3589 152
3590 152
3601 152
3602 152
3603 152
3604 152
3605 152
3606 152
3607 152
3608 152
3609 152
3610 152
3621 151
3622 151
3623 151
3624 151
3625 151
3626 151
3627 151
3628 151
3629 151
3630 151
3641 150
3642 151
3643 151
3644 151
3645 151
3646 151
3647 151
3648 151
3649 151
3650 151
3651 151
3652 151
3663 151
3664 151
3665 151
3666 151
3667 151
3668 151
3669 151
3670 151
3671 151
3672 151
3683 151
3684 151
3685 151
3686 151
3687 151
3688 151
3689 151
3690 151
3691 151
3692 151
3703 150
3704 150
3705 150
3706 150
3707 150
3708 150
3709 150
3710 150
3711 150
3712 150
3723 151
3724 151
3725 151
3726 151
3727 151
3728 151
3729 151
3730 151
3731 151
3732 151
3743 151
3744 151
3745 151
3746 151
3747 151
3748 151
3749 151
3750 151
3751 151
3752 151
3763 151
3764 151
3765 151
3766 151
3767 151
3768 151
3769 151
3770 151
3771 151
3772 151
3773 151
3784 152
3785 152
3786 152
3787 152
3788 152
3789 152
3790 152
3791 152
3792 152
3793 152
3804 151
3805 151
3806 151
3807 151
3808 151
3809 151
3810 151
3811 151
3812 151
3813 151
3824 152
3825 152
3826 152
3827 152
3828 152
3829 152
3830 152
3831 152
3832 152
3833 152
3834 152
3845 152
3846 152
3847 152
3848 152
3849 152
3850 152
3851 152
3852 152
3853 152
3854 152
3865 151
3866 151
3867 151
3868 151
3869 151
3870 151
3871 151
3872 151
3873 151
3874 151
3885 151
3886 151
3887 151
3888 151
3889 151
3890 151
3891 151
3892 151
3893 151
3894 151
3895 151
3906 151
3907 151
3908 151
3909 151
3910 151
3911 151
3912 151
3913 151
3914 151
3915 151
3926 149
3927 149
3928 149
3929 149
3930 149
3931 149
3932 149
3933 149
3934 149
3935 149
3946 150
3947 150
3948 150
3949 150
3950 150
3951 150
3952 150
3953 150
3954 150
3955 150
3966 149
3967 149
3968 149
3969 149
3970 149
3971 149
3972 149
3973 149
3974 149
3975 149
3986 148
3987 148
3988 148
3989 150
3990 150
3991 150
3992 150
3993 150
3994 150
3995 150
3996 150
3997 150
3998 150
3999 150
4010 150
4011 150
4012 150
4013 150
4014 151
4015 152
4016 152
4017 152
4018 152
4019 152
4020 152
4021 152
4022 152
4023 152
4024 152
4025 152
4036 152
4037 152
4038 152
4039 152
4040 152
4041 152
4042 152
4043 152
4044 152
4045 152
4056 151
4057 151
4058 151
4059 151
4060 151
4061 151
4062 151
4063 151
4064 151
4065 151
4076 151
4077 151
4078 151
4079 151
4080 151
4081 151
4082 151
4083 151
4084 151
4085 151
4096 151
4097 151
4098 151
4099 151
4100 151
4101 151
4102 151
4103 151
4104 151
4105 151
4116 150
4117 150
4118 150
4119 150
4120 150
4121 150
4122 150
4123 150
4124 151
4125 151
4126 151
4127 151
4128 151
4129 151
4130 151
4131 151
4132 151
4133 151
4134 151
4145 151
4146 151
4147 151
4148 151
4149 151
4150 151
4151 151
4152 151
4153 151
4154 151
4165 151
4166 151
4167 151
4168 151
4169 151
4170 151
4171 151
4172 151
4173 151
4174 151
4185 150
4186 150
4187 150
4188 150
4189 150
4190 150
4191 150
4192 150
4193 150
4194 150
4205 149
4206 149
4207 149
4208 149
4209 150
4210 150
4211 150
4212 150
4213 150
4214 150
4215 150
4216 150
4217 150
4218 150
4219 150
4230 150
4231 151
4232 151
4233 151
4234 151
4235 151
4236 151
4237 151
4238 151
4239 151
4240 151
4241 151
4252 152
4253 152
4254 152
4255 152
4256 152
4257 152
4258 152
4259 152
4260 152
4261 152
4272 151
4273 151
4274 151
4275 151
4276 151
4277 152
4278 152
4279 152
4280 152
4281 152
4282 152
4283 152
4284 152
4285 152
4286 152
4287 152
4298 150
4299 150
4300 150
4301 150
4302 150
4303 151
4304 151
4305 152
4306 152
4307 152
4308 152
4309 152
4310 152
4311 152
4312 152
4313 152
4314 152
4315 152
4326 151
4327 151
4328 151
4329 151
4330 151
4331 151
4332 151
4333 151
4334 151
4335 151
4346 151
4347 151
4348 151
4349 151
4350 151
4351 151
4352 151
4353 151
4354 151
4355 151
4366 150
4367 150
4368 150
4369 150
4370 150
4371 150
4372 150
4373 150
4374 150
4375 150
4386 149
4387 149
4388 149
4389 149
4390 149
4391 149
4392 149
4393 149
4394 149
4395 149
4406 150
4407 150
4408 150
4409 150
4410 150
4411 150
4412 150
4413 150
4414 151
4415 151
4416 151
4417 151
4418 151
4419 151
4420 151
4421 151
4422 151
4423 151
4424 151
4435 152
4436 152
4437 152
4438 152
4439 152
4440 152
4441 152
4442 152
4443 152
4444 152
4455 152
4456 152
4457 152
4458 152
4459 152
4460 152
4461 152
4462 152
4463 152
4464 152
4475 151
4476 151
4477 151
4478 151
4479 151
4480 151
4481 151
4482 151
4483 151
4484 151
4495 152
4496 152
4497 152
4498 152
4499 152
4500 152
4501 152
4502 152
4503 152
4504 152
4515 151
4516 151
4517 151
4518 151
4519 151
4520 151
4521 152
4522 152
4523 152
4524 152
4525 152
4526 152
4527 152
4528 152
4529 152
4530 152
4531 152
4542 152
4543 152
4544 152
4545 152
4546 152
4547 152
4548 152
4549 152
4550 152
4551 152
4562 152
4563 152
4564 152
4565 152
4566 152
4567 152
4568 152
4569 152
4570 152
4571 152
4582 152
4583 152
4584 152
4585 152
4586 152
4587 152
4588 152
4589 152
4590 152
4591 152
4602 150
4603 150
4604 150
4605 150
4606 152
4607 152
4608 152
4609 152
4610 152
4611 152
4612 152
4613 152
4614 152
4615 152
4616 152
4627 152
4628 152
4629 152
4630 152
4631 152
4632 152
4633 152
4634 152
4635 152
4636 152
4647 153
4648 153
4649 153
4650 153
4651 153
4652 153
4653 153
4654 153
4655 153
4656 153
4667 152
4668 152
4669 152
4670 152
4671 152
4672 152
4673 152
4674 152
4675 152
4676 152
4687 152
4688 152
4689 152
4690 153
4691 153
4692 153
4693 153
4694 153
4695 153
4696 153
4697 153
4698 153
4699 153
4700 153
4711 152
4712 152
4713 152
4714 152
4715 152
4716 152
4717 152
4718 153
4719 153
4720 153
4721 153
4722 153
4723 153
4724 153
4725 153
4726 153
4727 153
4728 153
4739 152
4740 152
4741 152
4742 152
4743 152
4744 152
4745 152
4746 152
4747 152
4748 152
4759 152
4760 152
4761 152
4762 152
4763 152
4764 152
4765 152
4766 152
4767 152
4768 152
4779 151
4780 152
4781 152
4782 152
4783 152
4784 152
4785 152
4786 152
4787 152
4788 152
4789 152
4790 152
4801 152
4802 152
4803 152
4804 152
4805 152
4806 152
4807 152
4808 152
4809 152
4810 152
4821 152
4822 152
4823 152
4824 152
4825 152
4826 152
4827 152
4828 152
4829 152
4830 152
4841 150
4842 151
4843 151
4844 151
4845 151
4846 151
4847 151
4848 151
4849 151
4850 151
4851 151
4852 151
4863 151
4864 151
4865 151
4866 151
4867 151
4868 151
4869 151
4870 151
4871 151
4872 151
4883 150
4884 150
4885 151
4886 151
4887 151
4888 151
4889 151
4890 151
4891 151
4892 151
4893 151
4894 151
4895 151
4906 152
4907 152
4908 152
4909 152
4910 152
4911 152
4912 152
4913 152
4914 152
4915 152
4926 152
4927 152
4928 152
4929 152
4930 152
4931 152
4932 152
4933 152
4934 152
4935 152
4946 152
4947 152
4948 152
4949 152
4950 152
4951 152
4952 152
4953 152
4954 152
4955 152
4966 152
4967 152
4968 152
4969 152
4970 152
4971 152
4972 152
4973 152
4974 152
4975 152
4986 152
4987 152
4988 152
4989 152
4990 152
4991 152
4992 152
4993 152
4994 152
4995 152
