0 21
1 22
2 23
3 23
4 23
5 23
6 23
7 24
8 24
9 24
10 24
11 24
12 24
13 27
14 27
15 27
16 27
17 27
18 28
19 28
20 28
21 28
22 28
23 28
24 29
25 29
26 29
27 29
28 29
29 30
30 30
31 30
32 30
33 30
34 30
35 30
36 30
37 30
38 30
39 30
50 32
51 32
52 32
53 32
54 33
55 33
56 34
57 34
58 34
59 35
60 35
61 35
62 35
63 35
64 35
65 35
66 35
67 39
68 41
69 42
70 42
71 43
72 44
73 44
74 44
75 44
76 44
77 45
78 47
79 47
80 47
81 47
82 49
83 49
84 50
85 50
86 50
87 51
88 51
89 51
90 54
91 54
92 54
93 54
94 54
95 54
96 54
97 54
98 54
99 54
100 54
111 63
112 63
113 63
114 63
115 63
116 65
117 65
118 65
119 65
120 65
121 65
122 65
123 67
124 67
125 67
126 67
127 67
128 67
129 69
130 69
131 69
132 69
133 69
134 70
135 70
136 70
137 71
138 72
139 72
140 72
141 72
142 72
143 72
144 72
145 72
146 72
147 72
148 72
159 81
160 81
161 81
162 81
163 81
164 82
165 82
166 83
167 83
168 83
169 84
170 85
171 85
172 85
173 85
174 85
175 85
176 85
177 85
178 85
179 85
180 85
191 85
192 85
193 86
194 86
195 86
196 86
197 86
198 86
199 86
200 86
201 86
202 86
203 86
214 87
215 89
216 90
217 93
218 95
219 98
220 98
221 98
222 98
223 98
224 99
225 99
226 99
227 99
228 99
229 99
230 99
231 99
232 99
233 99
234 99
245 99
246 99
247 99
248 99
249 99
250 99
251 99
252 99
253 99
254 99
265 101
266 102
267 102
268 102
269 102
270 102
271 102
272 102
273 102
274 102
275 102
276 103
277 103
278 103
279 103
280 103
281 103
282 103
283 103
284 103
285 103
286 103
297 103
298 104
299 104
300 104
301 104
302 104
303 105
304 105
305 105
306 105
307 105
308 105
309 105
310 105
311 105
312 105
313 105
324 103
325 103
326 103
327 103
328 103
329 103
330 103
331 103
332 103
333 103
344 103
345 103
346 103
347 103
348 104
349 104
350 104
351 104
352 104
353 104
354 108
355 108
356 108
357 108
358 108
359 108
360 108
361 108
362 108
363 110
364 110
365 110
366 110
367 110
368 110
369 110
370 110
371 110
372 110
373 110
384 110
385 110
386 110
387 110
388 110
389 110
390 110
391 110
392 110
393 110
404 111
405 111
406 111
407 111
408 111
409 111
410 111
411 111
412 111
413 111
424 112
425 112
426 112
427 112
428 112
429 112
430 112
431 112
432 112
433 112
444 112
445 112
446 112
447 112
448 112
449 112
450 112
451 112
452 112
453 112
464 112
465 112
466 112
467 112
468 112
469 112
470 112
471 112
472 112
473 112
484 112
485 112
486 112
487 112
488 112
489 112
490 112
491 112
492 112
493 112
504 112
505 112
506 112
507 112
508 112
509 112
510 112
511 112
512 112
513 112
524 113
525 113
526 113
527 113
528 113
529 113
530 113
531 113
532 113
533 113
544 115
545 115
546 115
547 115
548 115
549 115
550 115
551 115
552 115
553 115
564 115
565 115
566 115
567 115
568 115
569 115
570 115
571 115
572 115
573 115
584 115
585 115
586 115
587 115
588 115
589 115
590 115
591 115
592 115
593 115
604 115
605 115
606 115
607 115
608 115
609 115
610 115
611 115
612 115
613 115
624 115
625 115
626 115
627 115
628 115
629 115
630 115
631 115
632 115
633 115
644 119
645 119
646 119
647 119
648 119
649 119
650 119
651 119
652 119
653 119
664 118
665 118
666 118
667 118
668 118
669 118
670 118
671 118
672 118
673 118
684 119
685 119
686 119
687 119
688 119
689 119
690 119
691 119
692 119
693 120
694 120
695 120
696 120
697 120
698 120
699 120
700 120
701 120
702 121
703 121
704 121
705 121
706 121
707 121
708 121
709 121
710 121
711 121
712 121
723 121
724 121
725 121
726 121
727 121
728 121
729 121
730 122
731 122
732 122
733 122
734 123
735 123
736 123
737 123
738 123
739 123
740 123
741 123
742 123
743 123
744 123
755 122
756 122
757 122
758 122
759 123
760 123
761 123
762 123
763 123
764 123
765 125
766 125
767 125
768 126
769 126
770 126
771 126
772 126
773 126
774 126
775 126
776 126
777 126
778 126
789 126
790 126
791 126
792 126
793 126
794 126
795 126
796 126
797 127
798 127
799 127
800 127
801 127
802 127
803 127
804 127
805 127
806 127
807 127
818 127
819 127
820 127
821 127
822 127
823 127
824 127
825 127
826 127
827 127
838 126
839 126
840 126
841 126
842 126
843 126
844 126
845 126
846 126
847 126
858 126
859 126
860 126
861 126
862 126
863 126
864 126
865 126
866 126
867 126
878 126
879 126
880 126
881 126
882 126
883 126
884 126
885 126
886 126
887 126
898 125
899 125
900 125
901 125
902 125
903 125
904 125
905 125
906 125
907 125
918 126
919 126
920 126
921 126
922 126
923 126
924 126
925 126
926 126
927 126
938 129
939 129
940 129
941 129
942 129
943 129
944 129
945 129
946 129
947 129
958 133
959 134
960 134
961 135
962 135
963 135
964 135
965 135
966 135
967 135
968 135
969 135
970 135
971 135
982 134
983 135
984 135
985 135
986 135
987 135
988 135
989 135
990 135
991 135
992 135
993 135
1004 135
1005 135
1006 135
1007 135
1008 135
1009 135
1010 135
1011 135
1012 135
1013 135
1024 134
1025 134
1026 134
1027 134
1028 134
1029 134
1030 134
1031 134
1032 134
1033 134
1044 135
1045 135
1046 135
1047 135
1048 135
1049 135
1050 135
1051 135
1052 136
1053 136
1054 136
1055 136
1056 136
1057 139
1058 139
1059 139
1060 139
1061 139
1062 139
1063 139
1064 139
1065 139
1066 139
1067 139
1078 141
1079 141
1080 141
1081 141
1082 141
1083 141
1084 141
1085 141
1086 141
1087 141
1098 140
1099 140
1100 140
1101 140
1102 140
1103 140
1104 140
1105 140
1106 140
1107 140
1118 140
1119 140
1120 140
1121 140
1122 140
1123 140
1124 140
1125 140
1126 140
1127 140
1138 138
1139 138
1140 138
1141 138
1142 139
1143 139
1144 139
1145 139
1146 139
1147 139
1148 139
1149 139
1150 139
1151 139
1152 139
1163 146
1164 146
1165 146
1166 146
1167 146
1168 146
1169 146
1170 146
1171 146
1172 146
1183 146
1184 147
1185 147
1186 147
1187 147
1188 147
1189 147
1190 147
1191 147
1192 147
1193 147
1194 147
1205 146
1206 146
1207 147
1208 147
1209 147
1210 147
1211 147
1212 147
1213 147
1214 147
1215 147
1216 147
1217 147
1228 147
1229 147
1230 147
1231 147
1232 147
1233 147
1234 147
1235 147
1236 147
1237 147
1248 147
1249 147
1250 147
1251 147
1252 147
1253 147
1254 147
1255 147
1256 147
1257 147
1268 147
1269 147
1270 147
1271 147
1272 147
1273 147
1274 147
1275 147
1276 147
1277 147
1288 147
1289 147
1290 147
1291 147
1292 147
1293 147
1294 147
1295 147
1296 147
1297 147
1308 147
1309 147
1310 147
1311 147
1312 147
1313 147
1314 147
1315 147
1316 147
1317 147
1328 147
1329 147
1330 147
1331 147
1332 147
1333 147
1334 147
1335 147
1336 147
1337 147
1348 148
1349 148
1350 148
1351 148
1352 148
1353 148
1354 148
1355 148
1356 148
1357 148
1368 147
1369 147
1370 147
1371 147
1372 147
1373 147
1374 147
1375 147
1376 147
1377 147
1388 148
1389 148
1390 148
1391 148
1392 148
1393 148
1394 148
1395 148
1396 148
1397 148
1408 150
1409 150
1410 150
1411 150
1412 150
1413 150
1414 150
1415 150
1416 150
1417 150
1428 149
1429 151
1430 151
1431 151
1432 151
1433 151
1434 151
1435 151
1436 151
1437 151
1438 151
1439 151
1450 151
1451 151
1452 151
1453 151
1454 151
1455 151
1456 151
1457 151
1458 151
1459 151
1470 151
1471 151
1472 151
1473 151
1474 151
1475 151
1476 151
1477 151
1478 151
1479 151
1490 150
1491 150
1492 150
1493 150
1494 150
1495 150
1496 150
1497 150
1498 150
1499 150
1510 150
1511 150
1512 150
1513 150
1514 150
1515 150
1516 150
1517 150
1518 150
1519 150
1530 150
1531 150
1532 150
1533 150
1534 150
1535 150
1536 150
1537 150
1538 150
1539 150
1550 149
1551 149
1552 149
1553 149
1554 149
1555 149
1556 149
1557 149
1558 150
1559 150
1560 150
1561 150
1562 150
1563 150
1564 150
1565 150
1566 150
1567 151
1568 151
1569 151
1570 151
1571 151
1572 151
1573 151
1574 151
1575 151
1576 151
1577 151
1588 151
1589 151
1590 151
1591 151
1592 151
1593 151
1594 152
1595 152
1596 152
1597 152
1598 152
1599 152
1600 152
1601 152
1602 152
1603 152
1604 152
1615 151
1616 151
1617 151
1618 151
1619 151
1620 151
1621 151
1622 151
1623 151
1624 151
1635 151
1636 151
1637 151
1638 151
1639 151
1640 151
1641 151
1642 151
1643 151
1644 151
1655 151
1656 151
1657 151
1658 151
1659 151
1660 151
1661 151
1662 151
1663 151
1664 151
1675 151
1676 151
1677 151
1678 151
1679 152
1680 152
1681 152
1682 152
1683 153
1684 153
1685 153
1686 153
1687 153
1688 153
1689 153
1690 153
1691 153
1692 153
1693 153
1704 153
1705 153
1706 153
1707 153
1708 153
1709 153
1710 153
1711 153
1712 153
1713 153
1724 153
1725 153
1726 153
1727 153
1728 153
1729 153
1730 153
1731 153
1732 153
1733 153
1744 152
1745 152
1746 152
1747 153
1748 153
1749 153
1750 153
1751 153
1752 154
1753 154
1754 154
1755 154
1756 154
1757 154
1758 154
1759 154
1760 154
1761 154
1762 154
1773 154
1774 154
1775 154
1776 154
1777 154
1778 154
1779 154
1780 154
1781 154
1782 154
1793 153
1794 153
1795 153
1796 153
1797 153
1798 153
1799 153
1800 153
1801 153
1802 153
1813 152
1814 152
1815 152
1816 152
1817 152
1818 152
1819 152
1820 152
1821 152
1822 152
1833 152
1834 152
1835 152
1836 152
1837 152
1838 152
1839 152
1840 152
1841 152
1842 152
1853 152
1854 152
1855 152
1856 152
1857 152
1858 152
1859 152
1860 152
1861 152
1862 152
1873 152
1874 152
1875 152
1876 152
1877 152
1878 152
1879 152
1880 152
1881 152
1882 152
1893 151
1894 151
1895 151
1896 151
1897 151
1898 151
1899 151
1900 151
1901 151
1902 151
1913 151
1914 151
1915 151
1916 151
1917 151
1918 151
1919 151
1920 151
1921 151
1922 151
1933 152
1934 152
1935 152
1936 152
1937 152
1938 152
1939 152
1940 152
1941 152
1942 152
1953 153
1954 153
1955 153
1956 153
1957 153
1958 153
1959 153
1960 153
1961 153
1962 153
1973 153
1974 153
1975 153
1976 153
1977 153
1978 153
1979 153
1980 153
1981 153
1982 153
1993 154
1994 154
1995 154
1996 154
1997 154
1998 154
1999 154
2000 154
2001 154
2002 154
2013 152
2014 152
2015 152
2016 152
2017 152
2018 154
2019 154
2020 154
2021 154
2022 154
2023 154
2024 154
2025 154
2026 154
2027 154
2028 154
2039 153
2040 153
2041 153
2042 153
2043 153
2044 153
2045 153
2046 153
2047 153
2048 153
2059 153
2060 153
2061 153
2062 153
2063 153
2064 153
2065 153
2066 153
2067 153
2068 153
2079 153
2080 153
2081 153
2082 153
2083 153
2084 153
2085 153
2086 153
2087 153
2088 153
2099 153
2100 153
2101 153
2102 153
2103 153
2104 153
2105 153
2106 153
2107 153
2108 153
2119 153
2120 153
2121 153
2122 153
2123 153
2124 153
2125 153
2126 153
2127 153
2128 153
2139 153
2140 153
2141 153
2142 153
2143 153
2144 153
2145 153
2146 153
2147 153
2148 153
2159 153
2160 153
2161 153
2162 153
2163 153
2164 154
2165 154
2166 154
2167 154
2168 154
2169 154
2170 154
2171 154
2172 154
2173 154
2174 154
2185 152
2186 152
2187 152
2188 153
2189 153
2190 153
2191 153
2192 153
2193 153
2194 153
2195 153
2196 153
2197 153
2198 153
2209 153
2210 153
2211 153
2212 153
2213 153
2214 153
2215 153
2216 153
2217 153
2218 153
2229 152
2230 152
2231 152
2232 153
2233 153
2234 153
2235 153
2236 153
2237 153
2238 153
2239 153
2240 153
2241 153
2242 153
2253 153
2254 153
2255 153
2256 153
2257 153
2258 153
2259 153
2260 153
2261 153
2262 153
2273 153
2274 153
2275 153
2276 153
2277 153
2278 153
2279 153
2280 153
2281 153
2282 153
2293 153
2294 153
2295 153
2296 153
2297 153
2298 153
2299 153
2300 153
2301 153
2302 153
2313 154
2314 154
2315 154
2316 154
2317 154
2318 154
2319 154
2320 154
2321 154
2322 154
2333 154
2334 154
2335 154
2336 154
2337 154
2338 154
2339 154
2340 154
2341 154
2342 154
2353 154
2354 154
2355 154
2356 154
2357 154
2358 154
2359 154
2360 154
2361 155
2362 155
2363 155
2364 155
2365 155
2366 155
2367 155
2368 155
2369 155
2370 155
2371 155
2382 154
2383 154
2384 154
2385 154
2386 154
2387 154
2388 154
2389 154
2390 154
2391 154
2402 154
2403 154
2404 154
2405 154
2406 154
2407 154
2408 154
2409 154
2410 154
2411 154
2422 154
2423 154
2424 154
2425 154
2426 154
2427 154
2428 154
2429 154
2430 154
2431 154
2442 154
2443 154
2444 154
2445 154
2446 154
2447 154
2448 154
2449 154
2450 154
2451 154
2462 154
2463 154
2464 154
2465 154
2466 154
2467 154
2468 154
2469 154
2470 154
2471 154
2482 154
2483 154
2484 154
2485 154
2486 154
2487 154
2488 154
2489 154
2490 154
2491 154
2502 153
2503 154
2504 154
2505 154
2506 154
2507 154
2508 154
2509 154
2510 154
2511 154
2512 154
2513 154
2524 154
2525 154
2526 154
2527 154
2528 154
2529 154
2530 154
2531 154
2532 154
2533 154
2544 153
2545 153
2546 154
2547 154
2548 154
2549 154
2550 154
2551 154
2552 154
2553 154
2554 154
2555 154
2556 154
2567 154
2568 154
2569 154
2570 154
2571 154
2572 154
2573 154
2574 154
2575 154
2576 154
2587 153
2588 153
2589 153
2590 153
2591 153
2592 153
2593 153
2594 153
2595 153
2596 153
2607 153
2608 153
2609 153
2610 153
2611 153
2612 153
2613 153
2614 153
2615 153
2616 153
2627 153
2628 153
2629 153
2630 153
2631 153
2632 153
2633 153
2634 153
2635 153
2636 153
2647 152
2648 152
2649 152
2650 152
2651 152
2652 152
2653 152
2654 152
2655 152
2656 152
2667 151
2668 151
2669 151
2670 152
2671 152
2672 152
2673 152
2674 152
2675 152
2676 152
2677 152
2678 152
2679 152
2680 152
2691 152
2692 152
2693 152
2694 152
2695 152
2696 152
2697 152
2698 152
2699 152
2700 152
2711 152
2712 152
2713 152
2714 153
2715 153
2716 153
2717 153
2718 153
2719 153
2720 153
2721 154
2722 154
2723 154
2724 154
2725 154
2726 154
2727 154
2728 154
2729 154
2730 154
2731 154
2742 153
2743 153
2744 153
2745 153
2746 153
2747 155
2748 155
2749 155
2750 155
2751 155
2752 155
2753 155
2754 155
2755 155
2756 155
2757 155
2768 154
2769 154
2770 154
2771 154
2772 154
2773 154
2774 154
2775 154
2776 154
2777 154
2788 153
2789 153
2790 153
2791 153
2792 153
2793 153
2794 153
2795 153
2796 153
2797 153
2808 154
2809 154
2810 154
2811 154
2812 154
2813 154
2814 154
2815 154
2816 154
2817 154
2828 154
2829 154
2830 154
2831 154
2832 154
2833 154
2834 154
2835 154
2836 154
2837 154
2848 154
2849 154
2850 154
2851 154
2852 154
2853 154
2854 154
2855 154
2856 154
2857 154
2868 154
2869 154
2870 154
2871 154
2872 154
2873 154
2874 154
2875 154
2876 154
2877 154
2888 154
2889 154
2890 154
2891 154
2892 154
2893 154
2894 154
2895 154
2896 154
2897 154
2908 155
2909 155
2910 155
2911 155
2912 155
2913 155
2914 155
2915 155
2916 155
2917 155
2928 154
2929 154
2930 154
2931 154
2932 154
2933 154
2934 154
2935 154
2936 154
2937 154
2948 154
2949 154
2950 154
2951 154
2952 154
2953 154
2954 154
2955 154
2956 154
2957 154
2968 154
2969 154
2970 154
2971 154
2972 154
2973 154
2974 154
2975 155
2976 155
2977 155
2978 155
2979 155
2980 155
2981 155
2982 155
2983 155
2984 155
2985 155
2996 155
2997 155
2998 155
2999 155
3000 155
3001 155
3002 155
3003 155
3004 155
3005 155
3016 154
3017 154
3018 154
3019 154
3020 154
3021 154
3022 154
3023 154
3024 154
3025 154
3036 153
3037 153
3038 154
3039 154
3040 154
3041 154
3042 154
3043 154
3044 154
3045 154
3046 154
3047 154
3048 154
3059 154
3060 154
3061 154
3062 154
3063 155
3064 155
3065 155
3066 155
3067 155
3068 155
3069 155
3070 155
3071 155
3072 155
3073 155
3084 155
3085 155
3086 155
3087 155
3088 155
3089 155
3090 155
3091 155
3092 155
3093 155
3104 154
3105 154
3106 154
3107 154
3108 154
3109 154
3110 154
3111 154
3112 154
3113 154
3124 153
3125 153
3126 153
3127 153
3128 153
3129 153
3130 153
3131 153
3132 153
3133 153
3144 153
3145 153
3146 153
3147 153
3148 153
3149 153
3150 153
3151 153
3152 153
3153 153
3154 153
3165 152
3166 152
3167 152
3168 153
3169 153
3170 154
3171 154
3172 154
3173 154
3174 154
3175 154
3176 154
3177 154
3178 154
3179 154
3180 154
3191 152
3192 152
3193 153
3194 153
3195 153
3196 153
3197 153
3198 153
3199 153
3200 153
3201 153
3202 153
3203 153
3214 153
3215 153
3216 153
3217 153
3218 153
3219 153
3220 153
3221 153
3222 153
3223 153
3234 155
3235 155
3236 155
3237 155
3238 155
3239 155
3240 155
3241 155
3242 155
3243 155
3254 154
3255 154
3256 154
3257 154
3258 154
3259 154
3260 154
3261 154
3262 154
3263 154
3274 154
3275 154
3276 154
3277 154
3278 154
3279 154
3280 154
3281 154
3282 154
3283 154
3294 152
3295 152
3296 152
3297 152
3298 152
3299 152
3300 152
3301 152
3302 152
3303 152
3314 153
3315 153
3316 153
3317 153
3318 153
3319 153
3320 153
3321 154
3322 154
3323 154
3324 154
3325 154
3326 154
3327 154
3328 154
3329 154
3330 154
3331 154
3342 154
3343 154
3344 154
3345 154
3346 154
3347 154
3348 154
3349 154
3350 154
3351 154
3362 154
3363 154
3364 154
3365 154
3366 154
3367 154
3368 154
3369 154
3370 154
3371 154
3382 154
3383 154
3384 154
3385 154
3386 154
3387 154
3388 154
3389 154
3390 154
3391 154
3402 154
3403 154
3404 154
3405 155
3406 155
3407 155
3408 155
3409 155
3410 155
3411 155
3412 155
3413 155
3414 155
3415 155
3426 153
3427 153
3428 153
3429 153
3430 153
3431 153
3432 153
3433 153
3434 153
3435 153
3446 154
3447 154
3448 154
3449 154
3450 154
3451 154
3452 154
3453 154
3454 154
3455 154
3466 153
3467 153
3468 155
3469 155
3470 155
3471 155
3472 155
3473 155
3474 155
3475 155
3476 155
3477 155
3478 155
3489 154
3490 154
3491 154
3492 154
3493 154
3494 154
3495 154
3496 154
3497 154
3498 154
3509 154
3510 154
3511 154
3512 154
3513 154
3514 154
3515 154
3516 154
3517 154
3518 154
3529 154
3530 154
3531 154
3532 154
3533 154
3534 154
3535 154
3536 154
3537 154
3538 154
3549 155
3550 155
3551 155
3552 155
3553 155
3554 155
3555 155
3556 155
3557 155
3558 155
3569 154
3570 154
3571 154
3572 154
3573 154
3574 154
3575 154
3576 154
3577 154
3578 154
3589 153
3590 153
3591 153
3592 153
3593 153
3594 153
3595 153
3596 153
3597 154
3598 154
3599 154
3600 154
3601 154
3602 154
3603 154
3604 154
3605 154
3606 154
3607 154
3618 154
3619 154
3620 154
3621 154
3622 154
3623 154
3624 154
3625 154
3626 154
3627 154
3638 154
3639 154
3640 154
3641 154
3642 154
3643 154
3644 154
3645 154
3646 154
3647 154
3658 154
3659 154
3660 154
3661 155
3662 155
3663 155
3664 155
3665 155
3666 155
3667 155
3668 155
3669 155
3670 155
3671 155
3682 155
3683 155
3684 155
3685 155
3686 155
3687 155
3688 155
3689 155
3690 155
3691 155
3702 153
3703 154
3704 154
3705 154
3706 154
3707 154
3708 154
3709 154
3710 154
3711 154
3712 155
3713 155
3714 155
3715 155
3716 155
3717 155
3718 155
3719 155
3720 155
3721 155
3722 155
3733 154
3734 154
3735 154
3736 154
3737 154
3738 154
3739 154
3740 154
3741 154
3742 154
3753 153
3754 153
3755 153
3756 153
3757 153
3758 153
3759 153
3760 153
3761 153
3762 153
3773 153
3774 153
3775 153
3776 153
3777 153
3778 153
3779 153
3780 153
3781 153
3782 153
3793 153
3794 153
3795 153
3796 153
3797 153
3798 153
3799 153
3800 154
3801 154
3802 154
3803 154
3804 154
3805 154
3806 154
3807 154
3808 154
3809 154
3810 154
3821 153
3822 153
3823 153
3824 153
3825 153
3826 153
3827 153
3828 153
3829 153
3830 153
3841 154
3842 154
3843 154
3844 154
3845 154
3846 154
3847 154
3848 154
3849 154
3850 154
3861 153
3862 153
3863 153
3864 153
3865 154
3866 154
3867 154
3868 154
3869 154
3870 154
3871 154
3872 154
3873 154
3874 154
3875 154
3886 154
3887 154
3888 154
3889 154
3890 154
3891 154
3892 154
3893 154
3894 154
3895 154
3906 154
3907 154
3908 154
3909 154
3910 154
3911 154
3912 154
3913 154
3914 154
3915 154
3926 153
3927 153
3928 154
3929 154
3930 154
3931 154
3932 154
3933 154
3934 154
3935 154
3936 154
3937 154
3938 154
3949 154
3950 154
3951 154
3952 154
3953 154
3954 154
3955 154
3956 154
3957 154
3958 154
3969 153
3970 153
3971 153
3972 153
3973 153
3974 153
3975 153
3976 153
3977 153
3978 153
3989 154
3990 154
3991 154
3992 154
3993 154
3994 154
3995 154
3996 154
3997 154
3998 154
4009 153
4010 153
4011 153
4012 153
4013 153
4014 153
4015 153
4016 153
4017 153
4018 153
4029 154
4030 154
4031 155
4032 155
4033 155
4034 155
4035 155
4036 155
4037 155
4038 155
4039 155
4040 155
4041 155
4052 154
4053 154
4054 154
4055 154
4056 154
4057 154
4058 154
4059 154
4060 154
4061 154
4072 154
4073 154
4074 154
4075 154
4076 154
4077 154
4078 154
4079 154
4080 154
4081 154
4092 154
4093 154
4094 154
4095 154
4096 154
4097 154
4098 154
4099 154
4100 154
4101 154
4112 154
4113 154
4114 154
4115 154
4116 154
4117 154
4118 154
4119 154
4120 154
4121 154
4132 152
4133 152
4134 153
4135 153
4136 153
4137 153
4138 153
4139 153
4140 153
4141 153
4142 153
4143 153
4144 153
4155 153
4156 153
4157 153
4158 153
4159 153
4160 153
4161 153
4162 153
4163 153
4164 153
4175 152
4176 152
4177 152
4178 152
4179 152
4180 153
4181 153
4182 153
4183 153
4184 153
4185 153
4186 153
4187 153
4188 153
4189 153
4190 153
4201 153
4202 153
4203 153
4204 153
4205 153
4206 153
4207 153
4208 153
4209 153
4210 153
4221 154
4222 154
4223 154
4224 154
4225 154
4226 154
4227 154
4228 154
4229 154
4230 154
4231 154
4242 154
4243 154
4244 154
4245 154
4246 154
4247 154
4248 154
4249 154
4250 154
4251 154
4262 154
4263 154
4264 154
4265 154
4266 154
4267 154
4268 154
4269 154
4270 154
4271 154
4282 154
4283 154
4284 154
4285 154
4286 154
4287 154
4288 154
4289 154
4290 154
4291 154
4302 153
4303 153
4304 153
4305 153
4306 153
4307 153
4308 153
4309 154
4310 154
4311 154
4312 154
4313 154
4314 154
4315 154
4316 154
4317 154
4318 154
4319 154
4330 154
4331 154
4332 154
4333 154
4334 154
4335 154
4336 154
4337 154
4338 154
4339 154
4350 154
4351 154
4352 154
4353 154
4354 154
4355 154
4356 154
4357 154
4358 154
4359 154
4370 154
4371 154
4372 154
4373 154
4374 154
4375 154
4376 154
4377 154
4378 154
4379 154
4380 154
4391 154
4392 154
4393 154
4394 154
4395 154
4396 154
4397 154
4398 154
4399 154
4400 154
4411 153
4412 153
4413 153
4414 153
4415 154
4416 154
4417 154
4418 154
4419 154
4420 154
4421 154
4422 154
4423 154
4424 154
4425 154
4436 154
4437 154
4438 154
4439 154
4440 154
4441 154
4442 154
4443 154
4444 154
4445 154
4456 154
4457 154
4458 154
4459 154
4460 154
4461 154
4462 154
4463 154
4464 154
4465 154
4476 154
4477 154
4478 154
4479 154
4480 154
4481 154
4482 154
4483 154
4484 154
4485 154
4496 153
4497 153
4498 153
4499 153
4500 153
4501 153
4502 153
4503 154
4504 154
4505 154
4506 154
4507 154
4508 154
4509 154
4510 154
4511 154
4512 154
4513 154
4524 154
4525 154
4526 154
4527 154
4528 154
4529 154
4530 154
4531 154
4532 154
4533 154
4544 154
4545 154
4546 154
4547 155
4548 155
4549 155
4550 155
4551 155
4552 155
4553 155
4554 155
4555 155
4556 155
4557 155
4568 155
4569 155
4570 155
4571 155
4572 155
4573 155
4574 155
4575 155
4576 155
4577 155
4588 154
4589 154
4590 154
4591 154
4592 154
4593 154
4594 154
4595 154
4596 154
4597 154
4608 153
4609 153
4610 153
4611 153
4612 153
4613 153
4614 153
4615 153
4616 153
4617 153
4628 151
4629 151
4630 152
4631 152
4632 152
4633 152
4634 152
4635 152
4636 152
4637 152
4638 152
4639 152
4640 153
4641 153
4642 153
4643 153
4644 153
4645 153
4646 153
4647 153
4648 153
4649 153
4650 153
4661 153
4662 153
4663 153
4664 153
4665 153
4666 153
4667 153
4668 153
4669 153
4670 153
4681 153
4682 153
4683 153
4684 153
4685 154
4686 154
4687 154
4688 154
4689 154
4690 154
4691 154
4692 154
4693 154
4694 154
4695 154
4706 154
4707 154
4708 154
4709 154
4710 154
4711 154
4712 154
4713 154
4714 154
4715 154
4726 155
4727 155
4728 155
4729 155
4730 155
4731 155
4732 155
4733 155
4734 155
4735 155
4746 154
4747 154
4748 154
4749 154
4750 154
4751 154
4752 154
4753 154
4754 154
4755 154
4766 153
4767 153
4768 153
4769 153
4770 153
4771 153
4772 153
4773 153
4774 153
4775 153
4786 151
4787 151
4788 151
4789 151
4790 151
4791 151
4792 151
4793 152
4794 152
4795 152
4796 152
4797 152
4798 152
4799 152
4800 152
4801 152
4802 152
4803 152
4814 152
4815 152
4816 152
4817 152
4818 152
4819 152
4820 152
4821 152
4822 152
4823 152
4834 152
4835 152
4836 152
4837 152
4838 152
4839 152
4840 152
4841 152
4842 152
4843 152
4854 152
4855 152
4856 152
4857 152
4858 152
4859 152
4860 152
4861 152
4862 152
4863 152
4874 151
4875 151
4876 151
4877 151
4878 151
4879 151
4880 151
4881 151
4882 151
4883 151
4894 151
4895 151
4896 151
4897 151
4898 151
4899 151
4900 151
4901 151
4902 151
4903 151
4914 151
4915 151
4916 151
4917 151
4918 151
4919 151
4920 151
4921 151
4922 151
4923 151
4934 152
4935 152
4936 152
4937 152
4938 152
4939 152
4940 152
4941 152
4942 152
4943 152
4954 152
4955 152
4956 152
4957 152
4958 152
4959 152
4960 152
4961 152
4962 152
4963 152
4974 151
4975 151
4976 151
4977 151
4978 151
4979 151
4980 151
4981 151
4982 151
4983 151
4994 151
4995 151
4996 151
4997 151
4998 151
4999 151
