0 22
1 23
2 23
3 23
4 23
5 25
6 26
7 27
8 27
9 27
10 28
11 28
12 30
13 30
14 33
15 33
16 33
17 33
18 33
19 33
20 34
21 34
22 35
23 35
24 35
25 35
26 35
27 35
28 35
29 35
30 35
31 35
32 36
33 36
34 36
35 37
36 39
37 39
38 39
39 40
40 42
41 42
42 42
43 42
44 42
45 42
46 42
47 42
48 42
49 42
50 42
61 44
62 45
63 46
64 47
65 48
66 48
67 48
68 49
69 49
70 49
71 50
72 50
73 50
74 50
75 50
76 50
77 50
78 51
79 51
80 51
81 51
82 51
83 52
84 52
85 52
86 52
87 53
88 55
89 55
90 56
91 56
92 57
93 58
94 58
95 58
96 58
97 59
98 60
99 60
100 60
101 60
102 63
103 63
104 63
105 63
106 63
107 63
108 63
109 63
110 63
111 63
112 63
123 71
124 73
125 73
126 73
127 73
128 73
129 73
130 73
131 73
132 73
133 73
134 73
145 74
146 74
147 75
148 75
149 75
150 75
151 75
152 75
153 75
154 75
155 75
156 75
157 75
168 79
169 79
170 79
171 79
172 79
173 79
174 79
175 80
176 80
177 80
178 80
179 80
180 80
181 80
182 80
183 80
184 84
185 87
186 87
187 87
188 87
189 87
190 87
191 87
192 87
193 87
194 87
195 88
196 88
197 88
198 90
199 90
200 90
201 90
202 90
203 90
204 90
205 91
206 91
207 91
208 91
209 91
210 91
211 91
212 91
213 91
214 91
215 92
216 92
217 92
218 92
219 92
220 92
221 92
222 92
223 92
224 92
225 92
236 92
237 92
238 92
239 92
240 92
241 92
242 92
243 92
244 92
245 93
246 93
247 93
248 93
249 93
250 93
251 93
252 93
253 93
254 93
255 93
266 93
267 93
268 93
269 93
270 93
271 93
272 93
273 93
274 93
275 93
286 94
287 94
288 94
289 94
290 94
291 95
292 95
293 95
294 95
295 95
296 95
297 95
298 95
299 95
300 95
301 95
312 94
313 94
314 95
315 95
316 95
317 95
318 95
319 95
320 95
321 95
322 95
323 95
324 95
335 105
336 105
337 105
338 105
339 105
340 105
341 105
342 105
343 105
344 105
355 105
356 105
357 105
358 105
359 105
360 105
361 105
362 105
363 105
364 105
375 106
376 106
377 106
378 106
379 106
380 106
381 106
382 106
383 106
384 106
395 105
396 105
397 105
398 105
399 105
400 106
401 106
402 106
403 106
404 106
405 106
406 106
407 106
408 106
409 106
410 106
421 108
422 108
423 108
424 108
425 108
426 108
427 108
428 108
429 108
430 108
441 107
442 107
443 107
444 107
445 107
446 107
447 107
448 107
449 107
450 107
461 107
462 108
463 108
464 108
465 108
466 109
467 110
468 111
469 111
470 111
471 111
472 111
473 111
474 111
475 111
476 111
477 111
478 112
479 112
480 112
481 112
482 112
483 112
484 112
485 112
486 112
487 112
488 112
499 112
500 122
501 122
502 122
503 122
504 122
505 122
506 122
507 122
508 122
509 122
510 122
521 122
522 122
523 122
524 122
525 122
526 122
527 122
528 122
529 122
530 122
541 121
542 121
543 121
544 121
545 121
546 121
547 121
548 121
549 121
550 121
561 122
562 122
563 122
564 122
565 122
566 122
567 122
568 122
569 122
570 122
581 122
582 122
583 122
584 122
585 122
586 122
587 122
588 122
589 122
590 122
601 123
602 123
603 123
604 123
605 123
606 123
607 123
608 123
609 123
610 123
621 125
622 125
623 125
624 125
625 125
626 125
627 125
628 125
629 125
630 125
641 125
642 125
643 125
644 125
645 125
646 125
647 125
648 125
649 125
650 125
661 124
662 126
663 126
664 126
665 126
666 126
667 126
668 126
669 126
670 126
671 126
672 126
683 125
684 125
685 125
686 126
687 126
688 126
689 126
690 126
691 126
692 126
693 126
694 126
695 128
696 128
697 128
698 129
699 129
700 129
701 129
702 129
703 129
704 129
705 129
706 129
707 129
708 129
719 130
720 130
721 130
722 130
723 130
724 130
725 130
726 130
727 130
728 130
739 130
740 130
741 130
742 130
743 130
744 130
745 130
746 130
747 130
748 130
759 132
760 132
761 132
762 132
763 132
764 132
765 132
766 132
767 133
768 133
769 133
770 133
771 133
772 133
773 133
774 133
775 133
776 133
777 133
788 133
789 133
790 133
791 133
792 133
793 133
794 133
795 133
796 133
797 133
808 132
809 132
810 133
811 133
812 133
813 133
814 133
815 133
816 133
817 133
818 133
819 133
820 133
831 133
832 133
833 133
834 133
835 133
836 133
837 133
838 133
839 133
840 133
851 133
852 133
853 133
854 133
855 133
856 133
857 133
858 134
859 134
860 134
861 134
862 134
863 134
864 134
865 134
866 134
867 134
868 134
879 134
880 134
881 134
882 134
883 134
884 134
885 134
886 134
887 135
888 135
889 135
890 135
891 138
892 138
893 138
894 138
895 138
896 138
897 138
898 138
899 138
900 138
901 138
912 138
913 138
914 138
915 138
916 138
917 138
918 138
919 138
920 138
921 138
932 137
933 137
934 137
935 137
936 137
937 137
938 137
939 137
940 137
941 137
952 138
953 138
954 138
955 138
956 138
957 138
958 138
959 138
960 138
961 138
972 137
973 137
974 137
975 137
976 137
977 137
978 137
979 137
980 137
981 137
992 137
993 137
994 137
995 137
996 137
997 137
998 137
999 137
1000 137
1001 137
1012 137
1013 137
1014 137
1015 137
1016 137
1017 137
1018 137
1019 137
1020 137
1021 137
1032 135
1033 135
1034 135
1035 135
1036 135
1037 135
1038 135
1039 135
1040 135
1041 135
1052 134
1053 134
1054 134
1055 134
1056 134
1057 134
1058 134
1059 134
1060 134
1061 134
1072 134
1073 134
1074 134
1075 134
1076 134
1077 134
1078 134
1079 134
1080 134
1081 134
1092 134
1093 134
1094 134
1095 134
1096 134
1097 134
1098 135
1099 135
1100 135
1101 135
1102 135
1103 135
1104 135
1105 135
1106 135
1107 135
1108 135
1119 136
1120 136
1121 136
1122 136
1123 136
1124 136
1125 136
1126 136
1127 136
1128 136
1139 135
1140 135
1141 136
1142 136
1143 136
1144 136
1145 136
1146 136
1147 136
1148 136
1149 136
1150 136
1151 136
1162 142
1163 142
1164 142
1165 142
1166 142
1167 142
1168 142
1169 142
1170 142
1171 142
1182 142
1183 142
1184 142
1185 142
1186 142
1187 142
1188 142
1189 142
1190 142
1191 142
1202 142
1203 142
1204 142
1205 142
1206 142
1207 142
1208 142
1209 142
1210 142
1211 142
1222 141
1223 141
1224 141
1225 141
1226 142
1227 142
1228 142
1229 142
1230 142
1231 142
1232 142
1233 142
1234 142
1235 142
1236 142
1247 143
1248 143
1249 143
1250 143
1251 143
1252 143
1253 143
1254 143
1255 143
1256 143
1267 143
1268 143
1269 143
1270 143
1271 143
1272 143
1273 143
1274 143
1275 143
1276 143
1287 143
1288 143
1289 143
1290 143
1291 144
1292 144
1293 144
1294 144
1295 144
1296 144
1297 144
1298 144
1299 144
1300 144
1301 144
1312 145
1313 145
1314 145
1315 145
1316 145
1317 145
1318 145
1319 145
1320 145
1321 145
1332 145
1333 145
1334 145
1335 145
1336 145
1337 145
1338 145
1339 145
1340 145
1341 145
1352 145
1353 145
1354 145
1355 145
1356 145
1357 145
1358 145
1359 145
1360 145
1361 145
1372 145
1373 145
1374 145
1375 145
1376 145
1377 145
1378 146
1379 146
1380 146
1381 146
1382 146
1383 146
1384 146
1385 146
1386 146
1387 146
1388 146
1399 146
1400 146
1401 146
1402 146
1403 146
1404 146
1405 146
1406 146
1407 146
1408 146
1419 145
1420 145
1421 145
1422 145
1423 147
1424 147
1425 147
1426 147
1427 147
1428 147
1429 147
1430 147
1431 147
1432 147
1433 147
1444 147
1445 147
1446 147
1447 147
1448 147
1449 147
1450 147
1451 147
1452 147
1453 147
1464 147
1465 147
1466 147
1467 147
1468 147
1469 147
1470 147
1471 147
1472 147
1473 147
1484 148
1485 148
1486 148
1487 148
1488 148
1489 148
1490 148
1491 148
1492 148
1493 148
1504 148
1505 148
1506 148
1507 148
1508 148
1509 148
1510 148
1511 148
1512 148
1513 148
1514 148
1525 148
1526 148
1527 148
1528 148
1529 148
1530 148
1531 148
1532 148
1533 148
1534 148
1545 148
1546 148
1547 148
1548 148
1549 148
1550 148
1551 148
1552 148
1553 148
1554 148
1565 148
1566 148
1567 148
1568 148
1569 148
1570 148
1571 148
1572 148
1573 148
1574 148
1585 145
1586 146
1587 146
1588 146
1589 146
1590 146
1591 146
1592 146
1593 146
1594 146
1595 146
1596 146
1607 146
1608 146
1609 146
1610 146
1611 146
1612 146
1613 146
1614 146
1615 150
1616 150
1617 150
1618 150
1619 150
1620 150
1621 150
1622 150
1623 150
1624 150
1625 150
1636 151
1637 151
1638 151
1639 151
1640 151
1641 151
1642 151
1643 151
1644 151
1645 151
1656 151
1657 151
1658 151
1659 151
1660 151
1661 151
1662 151
1663 151
1664 151
1665 151
1676 150
1677 150
1678 150
1679 150
1680 150
1681 150
1682 150
1683 150
1684 150
1685 150
1696 150
1697 150
1698 150
1699 150
1700 150
1701 150
1702 150
1703 150
1704 150
1705 150
1716 150
1717 150
1718 150
1719 150
1720 150
1721 150
1722 150
1723 150
1724 150
1725 150
1736 149
1737 150
1738 150
1739 150
1740 150
1741 150
1742 150
1743 150
1744 150
1745 150
1746 150
1747 150
1758 150
1759 150
1760 150
1761 150
1762 150
1763 150
1764 150
1765 150
1766 150
1767 150
1778 151
1779 151
1780 151
1781 151
1782 151
1783 151
1784 151
1785 151
1786 151
1787 151
1798 151
1799 151
1800 151
1801 151
1802 151
1803 151
1804 151
1805 151
1806 151
1807 151
1818 151
1819 151
1820 151
1821 151
1822 152
1823 152
1824 152
1825 152
1826 152
1827 152
1828 152
1829 152
1830 152
1831 152
1832 152
1843 152
1844 152
1845 152
1846 152
1847 152
1848 152
1849 152
1850 152
1851 152
1852 152
1863 152
1864 152
1865 152
1866 152
1867 152
1868 152
1869 152
1870 152
1871 152
1872 152
1883 152
1884 152
1885 152
1886 152
1887 152
1888 152
1889 152
1890 152
1891 152
1892 152
1903 152
1904 152
1905 152
1906 152
1907 152
1908 152
1909 152
1910 152
1911 152
1912 152
1923 153
1924 153
1925 153
1926 153
1927 153
1928 153
1929 153
1930 153
1931 153
1932 153
1943 153
1944 153
1945 153
1946 153
1947 153
1948 153
1949 153
1950 153
1951 153
1952 153
1963 153
1964 153
1965 153
1966 153
1967 153
1968 153
1969 153
1970 153
1971 153
1972 153
1983 153
1984 153
1985 153
1986 153
1987 153
1988 153
1989 153
1990 153
1991 153
1992 153
2003 153
2004 153
2005 153
2006 153
2007 153
2008 153
2009 153
2010 154
2011 154
2012 154
2013 154
2014 154
2015 154
2016 154
2017 154
2018 154
2019 154
2020 154
2031 153
2032 153
2033 153
2034 153
2035 153
2036 153
2037 153
2038 153
2039 153
2040 153
2051 153
2052 153
2053 153
2054 153
2055 153
2056 153
2057 153
2058 153
2059 153
2060 153
2071 152
2072 152
2073 153
2074 153
2075 153
2076 153
2077 153
2078 153
2079 153
2080 153
2081 153
2082 153
2083 153
2094 153
2095 153
2096 153
2097 153
2098 153
2099 153
2100 153
2101 153
2102 153
2103 153
2114 153
2115 153
2116 153
2117 153
2118 153
2119 153
2120 153
2121 153
2122 153
2123 153
2134 153
2135 153
2136 153
2137 153
2138 153
2139 153
2140 153
2141 153
2142 153
2143 153
2154 153
2155 153
2156 153
2157 153
2158 153
2159 153
2160 153
2161 153
2162 153
2163 153
2174 153
2175 153
2176 153
2177 153
2178 153
2179 153
2180 153
2181 153
2182 153
2183 153
2194 152
2195 152
2196 152
2197 152
2198 152
2199 152
2200 152
2201 152
2202 152
2203 152
2214 151
2215 151
2216 151
2217 151
2218 151
2219 151
2220 151
2221 151
2222 151
2223 151
2234 151
2235 151
2236 151
2237 151
2238 151
2239 151
2240 151
2241 151
2242 151
2243 151
2254 150
2255 150
2256 150
2257 150
2258 150
2259 150
2260 150
2261 150
2262 150
2263 150
2274 150
2275 150
2276 150
2277 150
2278 150
2279 150
2280 150
2281 150
2282 150
2283 150
2294 149
2295 149
2296 149
2297 149
2298 149
2299 149
2300 149
2301 149
2302 149
2303 149
2314 150
2315 150
2316 150
2317 150
2318 150
2319 150
2320 150
2321 150
2322 150
2323 151
2324 151
2325 151
2326 151
2327 151
2328 151
2329 151
2330 151
2331 151
2332 151
2333 151
2344 151
2345 151
2346 151
2347 151
2348 151
2349 151
2350 151
2351 151
2352 151
2353 151
2364 151
2365 151
2366 151
2367 151
2368 151
2369 151
2370 151
2371 151
2372 151
2373 151
2384 151
2385 151
2386 151
2387 151
2388 151
2389 151
2390 151
2391 151
2392 151
2393 151
2404 149
2405 149
2406 149
2407 149
2408 149
2409 149
2410 149
2411 149
2412 149
2413 149
2424 149
2425 149
2426 149
2427 149
2428 149
2429 149
2430 149
2431 149
2432 149
2433 149
2444 148
2445 148
2446 148
2447 149
2448 149
2449 149
2450 149
2451 149
2452 149
2453 149
2454 149
2455 150
2456 150
2457 150
2458 150
2459 150
2460 150
2461 150
2462 150
2463 150
2464 150
2465 150
2476 150
2477 150
2478 150
2479 150
2480 150
2481 150
2482 150
2483 150
2484 150
2485 150
2496 150
2497 150
2498 150
2499 150
2500 150
2501 150
2502 150
2503 150
2504 150
2505 150
2516 149
2517 149
2518 150
2519 150
2520 150
2521 150
2522 150
2523 150
2524 150
2525 150
2526 150
2527 150
2528 150
2539 151
2540 151
2541 151
2542 151
2543 151
2544 151
2545 151
2546 151
2547 151
2548 151
2559 154
2560 154
2561 154
2562 154
2563 154
2564 154
2565 154
2566 154
2567 154
2568 154
2569 154
2580 153
2581 153
2582 153
2583 153
2584 153
2585 153
2586 153
2587 153
2588 153
2589 153
2600 152
2601 152
2602 152
2603 152
2604 152
2605 152
2606 152
2607 152
2608 152
2609 152
2620 152
2621 152
2622 152
2623 152
2624 152
2625 152
2626 152
2627 152
2628 152
2629 152
2630 152
2641 152
2642 152
2643 152
2644 152
2645 152
2646 152
2647 152
2648 152
2649 152
2650 152
2661 150
2662 150
2663 150
2664 150
2665 150
2666 150
2667 150
2668 150
2669 150
2670 150
2681 150
2682 150
2683 150
2684 150
2685 150
2686 150
2687 150
2688 150
2689 150
2690 150
2701 149
2702 149
2703 149
2704 149
2705 149
2706 149
2707 149
2708 150
2709 150
2710 150
2711 150
2712 150
2713 150
2714 150
2715 150
2716 150
2717 150
2718 150
2729 150
2730 150
2731 150
2732 150
2733 150
2734 150
2735 150
2736 150
2737 150
2738 150
2749 149
2750 149
2751 149
2752 149
2753 149
2754 149
2755 149
2756 149
2757 149
2758 149
2769 149
2770 149
2771 149
2772 149
2773 149
2774 149
2775 149
2776 149
2777 149
2778 149
2789 148
2790 148
2791 148
2792 148
2793 148
2794 148
2795 148
2796 148
2797 148
2798 148
2809 148
2810 148
2811 148
2812 148
2813 148
2814 148
2815 148
2816 149
2817 149
2818 149
2819 149
2820 149
2821 149
2822 149
2823 149
2824 149
2825 149
2826 149
2837 149
2838 149
2839 149
2840 149
2841 149
2842 149
2843 149
2844 149
2845 149
2846 149
2857 148
2858 148
2859 148
2860 148
2861 148
2862 148
2863 149
2864 149
2865 149
2866 149
2867 149
2868 149
2869 149
2870 149
2871 149
2872 149
2873 149
2884 149
2885 149
2886 149
2887 149
2888 149
2889 149
2890 149
2891 149
2892 149
2893 149
2904 149
2905 149
2906 149
2907 149
2908 149
2909 149
2910 149
2911 149
2912 149
2913 149
2924 150
2925 150
2926 150
2927 150
2928 150
2929 150
2930 150
2931 150
2932 150
2933 150
2944 150
2945 150
2946 150
2947 150
2948 150
2949 150
2950 150
2951 150
2952 150
2953 150
2964 150
2965 150
2966 150
2967 150
2968 150
2969 150
2970 151
2971 151
2972 151
2973 151
2974 151
2975 151
2976 151
2977 151
2978 151
2979 151
2980 151
2991 151
2992 151
2993 151
2994 151
2995 151
2996 151
2997 151
2998 151
2999 151
3000 151
3011 150
3012 150
3013 150
3014 150
3015 150
3016 150
3017 150
3018 150
3019 150
3020 150
3031 149
3032 149
3033 149
3034 149
3035 149
3036 149
3037 149
3038 149
3039 149
3040 149
3051 149
3052 149
3053 149
3054 149
3055 149
3056 149
3057 150
3058 150
3059 150
3060 150
3061 150
3062 150
3063 150
3064 150
3065 150
3066 150
3067 150
3078 151
3079 151
3080 151
3081 151
3082 151
3083 151
3084 151
3085 151
3086 151
3087 151
3098 150
3099 150
3100 150
3101 151
3102 151
3103 151
3104 151
3105 151
3106 151
3107 152
3108 152
3109 152
3110 152
3111 152
3112 152
3113 152
3114 152
3115 152
3116 152
3117 152
3128 152
3129 152
3130 152
3131 152
3132 152
3133 152
3134 152
3135 152
3136 152
3137 152
3148 153
3149 153
3150 153
3151 153
3152 153
3153 153
3154 153
3155 153
3156 153
3157 153
3168 151
3169 151
3170 151
3171 151
3172 151
3173 151
3174 152
3175 152
3176 152
3177 152
3178 152
3179 152
3180 152
3181 152
3182 152
3183 152
3184 152
3195 152
3196 152
3197 152
3198 152
3199 152
3200 152
3201 152
3202 152
3203 152
3204 152
3215 152
3216 152
3217 152
3218 152
3219 152
3220 152
3221 152
3222 152
3223 152
3224 152
3235 152
3236 152
3237 152
3238 152
3239 152
3240 152
3241 152
3242 152
3243 152
3244 152
3255 152
3256 152
3257 152
3258 152
3259 152
3260 152
3261 152
3262 152
3263 152
3264 152
3275 152
3276 152
3277 152
3278 152
3279 152
3280 152
3281 152
3282 152
3283 152
3284 152
3295 152
3296 152
3297 152
3298 152
3299 152
3300 152
3301 152
3302 152
3303 152
3304 152
3315 151
3316 151
3317 152
3318 152
3319 152
3320 152
3321 152
3322 152
3323 152
3324 152
3325 152
3326 152
3327 152
3338 153
3339 153
3340 153
3341 153
3342 153
3343 153
3344 153
3345 153
3346 153
3347 153
3358 152
3359 152
3360 152
3361 152
3362 152
3363 152
3364 152
3365 152
3366 152
3367 152
3378 152
3379 152
3380 152
3381 152
3382 152
3383 152
3384 152
3385 152
3386 152
3387 152
3398 151
3399 151
3400 151
3401 151
3402 152
3403 152
3404 152
3405 152
3406 153
3407 153
3408 153
3409 153
3410 153
3411 153
3412 153
3413 153
3414 153
3415 153
3416 153
3427 152
3428 152
3429 152
3430 152
3431 152
3432 152
3433 152
3434 152
3435 152
3436 152
3447 151
3448 151
3449 151
3450 151
3451 151
3452 151
3453 151
3454 151
3455 151
3456 151
3467 152
3468 152
3469 152
3470 152
3471 152
3472 152
3473 152
3474 152
3475 152
3476 152
3487 151
3488 151
3489 151
3490 151
3491 151
3492 151
3493 151
3494 151
3495 151
3496 151
3507 150
3508 150
3509 150
3510 150
3511 150
3512 150
3513 150
3514 150
3515 150
3516 150
3527 151
3528 151
3529 151
3530 151
3531 151
3532 151
3533 151
3534 151
3535 151
3536 151
3547 151
3548 151
3549 151
3550 151
3551 151
3552 151
3553 151
3554 151
3555 151
3556 151
3567 150
3568 150
3569 150
3570 150
3571 150
3572 150
3573 150
3574 150
3575 150
3576 150
3587 149
3588 149
3589 149
3590 149
3591 149
3592 149
3593 149
3594 149
3595 149
3596 149
3607 149
3608 149
3609 149
3610 149
3611 149
3612 149
3613 149
3614 149
3615 149
3616 149
3627 149
3628 149
3629 149
3630 149
3631 149
3632 149
3633 149
3634 149
3635 149
3636 149
3647 150
3648 150
3649 150
3650 150
3651 150
3652 150
3653 150
3654 150
3655 150
3656 150
3667 150
3668 150
3669 150
3670 150
3671 150
3672 150
3673 150
3674 150
3675 150
3676 150
3687 150
3688 150
3689 150
3690 150
3691 150
3692 150
3693 150
3694 150
3695 150
3696 150
3707 150
3708 150
3709 150
3710 150
3711 150
3712 150
3713 150
3714 150
3715 150
3716 150
3727 149
3728 149
3729 149
3730 149
3731 149
3732 149
3733 149
3734 149
3735 149
3736 150
3737 150
3738 150
3739 150
3740 150
3741 150
3742 150
3743 150
3744 150
3745 150
3746 150
3757 149
3758 149
3759 150
3760 150
3761 150
3762 150
3763 150
3764 150
3765 150
3766 150
3767 150
3768 150
3769 150
3780 150
3781 150
3782 150
3783 150
3784 150
3785 150
3786 150
3787 150
3788 150
3789 150
3800 150
3801 150
3802 150
3803 150
3804 150
3805 151
3806 151
3807 151
3808 151
3809 151
3810 151
3811 151
3812 151
3813 152
3814 152
3815 152
3816 152
3817 152
3818 152
3819 152
3820 152
3821 152
3822 152
3823 152
3834 152
3835 152
3836 152
3837 152
3838 152
3839 152
3840 152
3841 152
3842 152
3843 152
3854 151
3855 151
3856 151
3857 151
3858 151
3859 151
3860 151
3861 151
3862 151
3863 151
3874 150
3875 150
3876 150
3877 150
3878 150
3879 150
3880 150
3881 151
3882 151
3883 151
3884 151
3885 151
3886 151
3887 151
3888 151
3889 151
3890 151
3891 151
3902 151
3903 151
3904 151
3905 151
3906 151
3907 151
3908 151
3909 151
3910 151
3911 151
3922 151
3923 151
3924 151
3925 151
3926 151
3927 151
3928 151
3929 151
3930 151
3931 151
3942 150
3943 150
3944 150
3945 150
3946 150
3947 151
3948 151
3949 151
3950 151
3951 151
3952 151
3953 151
3954 151
3955 151
3956 151
3957 151
3968 151
3969 151
3970 151
3971 151
3972 151
3973 151
3974 151
3975 151
3976 151
3977 151
3988 151
3989 151
3990 151
3991 151
3992 151
3993 151
3994 151
3995 151
3996 151
3997 151
4008 150
4009 150
4010 150
4011 150
4012 150
4013 150
4014 150
4015 150
4016 150
4017 150
4028 149
4029 149
4030 149
4031 149
4032 149
4033 149
4034 149
4035 149
4036 149
4037 149
4048 148
4049 148
4050 148
4051 148
4052 148
4053 148
4054 148
4055 148
4056 148
4057 148
4068 148
4069 148
4070 148
4071 148
4072 148
4073 148
4074 148
4075 148
4076 148
4077 148
4088 148
4089 148
4090 149
4091 149
4092 149
4093 149
4094 149
4095 149
4096 149
4097 149
4098 149
4099 149
4100 149
4111 149
4112 149
4113 149
4114 149
4115 149
4116 149
4117 149
4118 149
4119 149
4120 149
4121 149
4132 149
4133 149
4134 149
4135 149
4136 149
4137 149
4138 149
4139 149
4140 149
4141 149
4152 149
4153 149
4154 149
4155 149
4156 149
4157 149
4158 149
4159 149
4160 149
4161 149
4172 149
4173 149
4174 149
4175 149
4176 149
4177 149
4178 149
4179 149
4180 149
4181 149
4192 149
4193 149
4194 149
4195 149
4196 149
4197 149
4198 149
4199 149
4200 149
4201 149
4212 149
4213 149
4214 149
4215 149
4216 149
4217 149
4218 149
4219 149
4220 149
4221 149
4232 150
4233 150
4234 150
4235 150
4236 150
4237 150
4238 150
4239 150
4240 150
4241 150
4252 148
4253 148
4254 148
4255 148
4256 148
4257 148
4258 148
4259 148
4260 148
4261 148
4272 148
4273 148
4274 148
4275 148
4276 149
4277 149
4278 149
4279 149
4280 149
4281 149
4282 149
4283 149
4284 149
4285 149
4286 149
4297 149
4298 149
4299 149
4300 149
4301 149
4302 149
4303 149
4304 149
4305 149
4306 149
4317 149
4318 149
4319 149
4320 149
4321 149
4322 149
4323 149
4324 149
4325 149
4326 149
4337 149
4338 149
4339 149
4340 149
4341 149
4342 149
4343 149
4344 149
4345 149
4346 149
4357 149
4358 149
4359 149
4360 149
4361 149
4362 149
4363 149
4364 149
4365 149
4366 149
4377 148
4378 148
4379 148
4380 148
4381 148
4382 148
4383 148
4384 148
4385 148
4386 148
4397 148
4398 148
4399 148
4400 148
4401 148
4402 148
4403 148
4404 148
4405 148
4406 148
4417 147
4418 148
4419 148
4420 148
4421 148
4422 148
4423 148
4424 148
4425 148
4426 148
4427 148
4428 148
4439 147
4440 147
4441 148
4442 148
4443 148
4444 148
4445 148
4446 148
4447 148
4448 148
4449 148
4450 148
4451 148
4462 147
4463 147
4464 147
4465 147
4466 147
4467 147
4468 147
4469 147
4470 147
4471 147
4482 148
4483 148
4484 148
4485 148
4486 148
4487 148
4488 148
4489 148
4490 148
4491 148
4502 147
4503 147
4504 147
4505 147
4506 147
4507 147
4508 147
4509 147
4510 147
4511 148
4512 148
4513 148
4514 148
4515 148
4516 148
4517 148
4518 148
4519 148
4520 148
4521 148
4532 147
4533 147
4534 147
4535 147
4536 148
4537 148
4538 148
4539 148
4540 148
4541 148
4542 149
4543 149
4544 149
4545 149
4546 149
4547 149
4548 149
4549 149
4550 149
4551 149
4552 149
4563 149
4564 150
4565 150
4566 150
4567 150
4568 150
4569 150
4570 150
4571 150
4572 150
4573 150
4574 150
4585 149
4586 149
4587 149
4588 149
4589 149
4590 149
4591 149
4592 149
4593 149
4594 149
4605 149
4606 150
4607 150
4608 150
4609 150
4610 150
4611 150
4612 150
4613 150
4614 150
4615 150
4616 150
4627 150
4628 150
4629 150
4630 150
4631 150
4632 150
4633 150
4634 150
4635 150
4636 150
4647 150
4648 150
4649 150
4650 150
4651 150
4652 150
4653 150
4654 150
4655 150
4656 150
4667 150
4668 150
4669 150
4670 150
4671 150
4672 150
4673 150
4674 150
4675 150
4676 150
4687 149
4688 149
4689 149
4690 149
4691 149
4692 149
4693 149
4694 149
4695 149
4696 149
4707 149
4708 149
4709 149
4710 149
4711 149
4712 149
4713 149
4714 149
4715 149
4716 149
4727 149
4728 149
4729 149
4730 149
4731 149
4732 149
4733 149
4734 149
4735 149
4736 149
4747 148
4748 148
4749 148
4750 148
4751 148
4752 148
4753 148
4754 148
4755 148
4756 148
4767 148
4768 148
4769 148
4770 148
4771 148
4772 148
4773 148
4774 148
4775 148
4776 148
4787 148
4788 148
4789 148
4790 148
4791 148
4792 148
4793 148
4794 148
4795 148
4796 148
4807 147
4808 147
4809 147
4810 147
4811 147
4812 147
4813 148
4814 148
4815 148
4816 148
4817 148
4818 148
4819 148
4820 148
4821 148
4822 148
4823 148
4834 147
4835 147
4836 148
4837 148
4838 148
4839 148
4840 148
4841 148
4842 148
4843 148
4844 148
4845 148
4846 148
4857 148
4858 148
4859 148
4860 148
4861 148
4862 148
4863 148
4864 148
4865 148
4866 148
4867 148
4878 148
4879 148
4880 148
4881 148
4882 148
4883 148
4884 148
4885 148
4886 148
4887 148
4898 149
4899 149
4900 149
4901 149
4902 149
4903 149
4904 149
4905 149
4906 149
4907 149
4918 147
4919 147
4920 147
4921 147
4922 147
4923 147
4924 147
4925 147
4926 147
4927 147
4938 146
4939 146
4940 146
4941 146
4942 146
4943 146
4944 146
4945 146
4946 146
4947 146
4948 146
4959 146
4960 146
4961 146
4962 146
4963 146
4964 146
4965 146
4966 146
4967 146
4968 146
4979 146
4980 146
4981 146
4982 146
4983 146
4984 146
4985 146
4986 146
4987 146
4988 146
4999 146
