0 28813.0
1 28813.0
2 28575.0
3 28102.0
4 28102.0
5 27867.0
6 27867.0
7 27633.0
8 27633.0
9 27630.0
10 26935.0
11 26705.0
12 26476.0
13 26476.0
14 26476.0
15 26475.0
16 26475.0
17 26475.0
18 26475.0
19 26469.0
20 26469.0
21 26243.0
22 26232.0
23 25781.0
24 25557.0
25 25557.0
26 25335.0
27 25114.0
28 25114.0
29 25114.0
30 24894.0
31 24894.0
32 24676.0
33 24459.0
34 24458.0
35 24458.0
36 23808.0
37 23381.0
38 23168.0
39 23168.0
40 23168.0
41 22746.0
42 22735.0
43 22718.0
44 22704.0
45 22698.0
46 20656.0
47 20652.0
48 20452.0
49 20447.0
50 20447.0
51 20251.0
52 19657.0
53 19655.0
54 19655.0
55 19653.0
56 19653.0
57 19653.0
58 19653.0
59 19653.0
60 19653.0
61 19637.0
62 19444.0
63 19059.0
64 19052.0
65 18864.0
66 18856.0
67 18854.0
68 18474.0
69 18474.0
70 17361.0
71 17177.0
72 15408.0
73 15408.0
74 15408.0
75 15408.0
76 15408.0
77 15238.0
78 15071.0
79 14906.0
80 14903.0
81 14736.0
82 14736.0
83 14736.0
84 14736.0
85 14736.0
86 14736.0
87 14736.0
88 14736.0
89 14573.0
90 14573.0
91 14573.0
92 14573.0
93 14573.0
94 14412.0
95 14252.0
96 13765.0
97 13603.0
98 13441.0
99 13282.0
100 13248.0
101 13088.0
102 13087.0
103 13087.0
104 12929.0
105 12924.0
106 12922.0
107 12919.0
108 12919.0
109 12919.0
110 12764.0
111 12764.0
112 12611.0
113 12611.0
114 12611.0
115 12305.0
116 12151.0
117 12003.0
118 12003.0
119 12003.0
120 12003.0
121 12003.0
122 12003.0
123 12001.0
124 12001.0
125 12001.0
126 12001.0
127 12001.0
128 12001.0
129 11858.0
130 11716.0
131 11716.0
132 11426.0
133 11426.0
134 11287.0
135 11287.0
136 11149.0
137 11149.0
138 11149.0
139 11149.0
140 11014.0
141 11014.0
142 11014.0
143 10046.0
144 10046.0
145 10046.0
146 10046.0
147 10046.0
148 10046.0
149 9380.0
150 9380.0
151 9380.0
152 9380.0
153 9380.0
154 9380.0
155 9380.0
156 9249.0
157 9249.0
158 9249.0
159 9249.0
160 9249.0
161 7072.0
162 7072.0
163 7069.0
164 7069.0
165 7069.0
166 6848.0
167 6847.0
168 6847.0
169 6737.0
170 6737.0
171 6734.0
172 6628.0
173 6628.0
174 6628.0
175 6534.0
176 6534.0
177 6534.0
178 6534.0
179 6534.0
180 6534.0
181 6534.0
182 6534.0
183 6230.0
184 6229.0
185 6200.0
186 6200.0
187 6195.0
188 6191.0
189 6185.0
190 6183.0
191 6084.0
192 6069.0
193 6061.0
194 5965.0
195 5965.0
196 5965.0
197 5965.0
198 5965.0
199 5965.0
200 5965.0
201 5873.0
202 5869.0
203 5869.0
204 5869.0
205 5869.0
206 5862.0
207 5862.0
208 5862.0
209 5862.0
210 5777.0
211 5777.0
212 5777.0
213 5777.0
214 5777.0
215 5777.0
216 5760.0
217 5660.0
218 5660.0
219 5660.0
220 5660.0
221 5380.0
222 5370.0
223 5370.0
224 5370.0
225 5370.0
226 5370.0
227 5370.0
228 5370.0
229 5370.0
230 5370.0
231 5370.0
232 5370.0
243 5187.0
244 5187.0
245 5187.0
246 5187.0
247 5092.0
248 5084.0
249 5077.0
250 4457.0
251 4457.0
252 4457.0
253 4457.0
254 4457.0
255 4457.0
256 4450.0
257 4450.0
258 4444.0
259 4444.0
260 4433.0
261 4433.0
262 4433.0
263 4433.0
264 4433.0
265 4433.0
266 4353.0
267 4353.0
268 3869.0
269 3869.0
270 3869.0
271 3789.0
272 3789.0
273 3789.0
274 3787.0
275 3787.0
276 3787.0
277 3787.0
278 3637.0
279 3636.0
280 3636.0
281 3636.0
282 3636.0
283 3636.0
284 3636.0
285 3636.0
286 3636.0
287 3636.0
288 3636.0
289 3636.0
300 3280.0
301 3272.0
302 3272.0
303 3208.0
304 3145.0
305 3145.0
306 3145.0
307 3145.0
308 2693.0
309 2693.0
310 2572.0
311 2572.0
312 2572.0
313 2572.0
314 2572.0
315 2566.0
316 2566.0
317 2566.0
318 2566.0
319 2566.0
320 2566.0
321 2566.0
322 2566.0
323 2550.0
324 2550.0
325 2550.0
326 2550.0
327 2369.0
328 2369.0
329 2369.0
330 2367.0
331 2309.0
332 2297.0
333 2297.0
334 2295.0
335 2295.0
336 2295.0
337 2294.0
338 2294.0
339 2294.0
340 2294.0
341 2294.0
342 2292.0
343 2292.0
344 2292.0
345 2292.0
346 2292.0
347 2292.0
348 2292.0
349 2292.0
350 2292.0
351 2292.0
352 2292.0
363 2021.0
364 2015.0
365 2015.0
366 2015.0
367 2015.0
368 2015.0
369 2015.0
370 2015.0
371 2015.0
372 2015.0
373 2015.0
374 2003.0
375 1509.0
376 1507.0
377 1504.0
378 1504.0
379 1504.0
380 1504.0
381 1500.0
382 1500.0
383 1500.0
384 1420.0
385 1420.0
386 1420.0
387 1385.0
388 1372.0
389 1372.0
390 1370.0
391 1370.0
392 1370.0
393 1355.0
394 1355.0
395 1355.0
396 1355.0
397 1355.0
398 1352.0
399 1352.0
400 1352.0
401 1351.0
402 1351.0
403 1351.0
404 1351.0
405 1351.0
406 1351.0
407 1351.0
408 1351.0
409 1351.0
410 1351.0
411 1351.0
422 1278.0
423 1278.0
424 1278.0
425 1278.0
426 1278.0
427 1247.0
428 1247.0
429 1247.0
430 1245.0
431 1245.0
432 1245.0
433 1244.0
434 1244.0
435 1244.0
436 1244.0
437 1244.0
438 1244.0
439 1244.0
440 1217.0
441 1217.0
442 1209.0
443 1209.0
444 1149.0
445 1149.0
446 1149.0
447 1149.0
448 1149.0
449 1149.0
450 1149.0
451 1149.0
452 1149.0
453 1149.0
454 1149.0
465 1147.0
466 1093.0
467 1093.0
468 1093.0
469 1093.0
470 1093.0
471 1093.0
472 1087.0
473 1087.0
474 1087.0
475 1087.0
476 1087.0
477 1087.0
478 1087.0
479 1087.0
480 1087.0
481 1087.0
482 1087.0
493 1090.0
494 1090.0
495 1090.0
496 1090.0
497 1087.0
498 1087.0
499 1087.0
500 1087.0
501 1087.0
502 1087.0
503 1087.0
504 1087.0
505 1087.0
506 1087.0
507 1087.0
518 1066.0
519 1066.0
520 1066.0
521 1066.0
522 1066.0
523 1066.0
524 1066.0
525 1066.0
526 1066.0
527 1066.0
538 1077.0
539 1077.0
540 1077.0
541 1077.0
542 1058.0
543 1058.0
544 1058.0
545 1058.0
546 1058.0
547 1057.0
548 1057.0
549 1052.0
550 1052.0
551 1052.0
552 1052.0
553 1052.0
554 1045.0
555 1045.0
556 1045.0
557 1045.0
558 1045.0
559 1028.0
560 1028.0
561 1028.0
562 1019.0
563 1019.0
564 1019.0
565 1018.0
566 1018.0
567 1018.0
568 1018.0
569 1009.0
570 1009.0
571 1009.0
572 1009.0
573 1009.0
574 1009.0
575 1009.0
576 1009.0
577 1009.0
578 1009.0
579 1009.0
590 983.0
591 983.0
592 983.0
593 983.0
594 983.0
595 983.0
596 983.0
597 983.0
598 983.0
599 983.0
610 1021.0
611 1021.0
612 1021.0
613 1021.0
614 1021.0
615 1021.0
616 1017.0
617 1017.0
618 1017.0
619 1013.0
620 1013.0
621 1013.0
622 1008.0
623 1008.0
624 1008.0
625 1008.0
626 1008.0
627 1008.0
628 1008.0
629 1008.0
630 1008.0
631 1008.0
632 955.0
633 948.0
634 948.0
635 948.0
636 948.0
637 948.0
638 948.0
639 945.0
640 945.0
641 940.0
642 940.0
643 940.0
644 940.0
645 940.0
646 940.0
647 940.0
648 940.0
649 940.0
650 940.0
651 940.0
662 778.0
663 778.0
664 775.0
665 775.0
666 775.0
667 775.0
668 775.0
669 773.0
670 773.0
671 773.0
672 771.0
673 768.0
674 766.0
675 751.0
676 744.0
677 685.0
678 681.0
679 679.0
680 678.0
681 678.0
682 678.0
683 678.0
684 678.0
685 678.0
686 678.0
687 676.0
688 676.0
689 676.0
690 675.0
691 675.0
692 674.0
693 674.0
694 671.0
695 671.0
696 671.0
697 671.0
698 666.0
699 666.0
700 666.0
701 666.0
702 666.0
703 666.0
704 666.0
705 666.0
706 666.0
707 666.0
708 666.0
719 565.0
720 561.0
721 561.0
722 561.0
723 561.0
724 559.0
725 554.0
726 551.0
727 551.0
728 544.0
729 541.0
730 541.0
731 541.0
732 536.0
733 536.0
734 534.0
735 523.0
736 523.0
737 523.0
738 523.0
739 523.0
740 521.0
741 521.0
742 518.0
743 518.0
744 518.0
745 517.0
746 517.0
747 517.0
748 517.0
749 517.0
750 517.0
751 517.0
752 517.0
753 516.0
754 516.0
755 516.0
756 516.0
757 516.0
758 516.0
759 514.0
760 514.0
761 512.0
762 512.0
763 512.0
764 512.0
765 512.0
766 512.0
767 510.0
768 510.0
769 510.0
770 510.0
771 510.0
772 504.0
773 504.0
774 504.0
775 504.0
776 504.0
777 497.0
778 497.0
779 497.0
780 497.0
781 497.0
782 497.0
783 497.0
784 497.0
785 497.0
786 497.0
787 497.0
798 492.0
799 492.0
800 492.0
801 492.0
802 492.0
803 492.0
804 492.0
805 489.0
806 489.0
807 489.0
808 489.0
809 489.0
810 489.0
811 487.0
812 486.0
813 486.0
814 486.0
815 485.0
816 485.0
817 483.0
818 483.0
819 483.0
820 483.0
821 483.0
822 483.0
823 483.0
824 483.0
825 483.0
826 483.0
827 481.0
828 481.0
829 481.0
830 481.0
831 481.0
832 481.0
833 481.0
834 481.0
835 481.0
836 481.0
837 481.0
848 476.0
849 476.0
850 476.0
851 476.0
852 476.0
853 476.0
854 476.0
855 476.0
856 476.0
857 476.0
868 463.0
869 463.0
870 463.0
871 463.0
872 463.0
873 463.0
874 463.0
875 462.0
876 462.0
877 462.0
878 462.0
879 462.0
880 462.0
881 462.0
882 462.0
883 462.0
884 456.0
885 451.0
886 451.0
887 451.0
888 450.0
889 450.0
890 450.0
891 450.0
892 450.0
893 450.0
894 450.0
895 450.0
896 450.0
897 450.0
898 450.0
909 453.0
910 453.0
911 453.0
912 453.0
913 453.0
914 453.0
915 453.0
916 453.0
917 453.0
918 453.0
929 454.0
930 454.0
931 453.0
932 453.0
933 448.0
934 448.0
935 448.0
936 448.0
937 438.0
938 437.0
939 437.0
940 437.0
941 437.0
942 437.0
943 437.0
944 435.0
945 435.0
946 435.0
947 435.0
948 435.0
949 434.0
950 434.0
951 406.0
952 405.0
953 401.0
954 401.0
955 395.0
956 395.0
957 395.0
958 394.0
959 394.0
960 394.0
961 394.0
962 394.0
963 394.0
964 387.0
965 386.0
966 386.0
967 386.0
968 385.0
969 385.0
970 383.0
971 383.0
972 383.0
973 383.0
974 362.0
975 360.0
976 360.0
977 360.0
978 360.0
979 360.0
980 360.0
981 360.0
982 360.0
983 360.0
984 360.0
985 360.0
996 359.0
997 359.0
998 359.0
999 359.0
1000 359.0
1001 359.0
1002 359.0
1003 359.0
1004 359.0
1005 359.0
1006 359.0
1017 359.0
1018 359.0
1019 359.0
1020 359.0
1021 359.0
1022 359.0
1023 359.0
1024 359.0
1025 359.0
1026 359.0
1037 354.0
1038 354.0
1039 354.0
1040 349.0
1041 349.0
1042 349.0
1043 349.0
1044 349.0
1045 349.0
1046 349.0
1047 349.0
1048 349.0
1049 343.0
1050 343.0
1051 343.0
1052 343.0
1053 343.0
1054 343.0
1055 343.0
1056 343.0
1057 343.0
1058 343.0
1059 343.0
1070 350.0
1071 350.0
1072 350.0
1073 350.0
1074 350.0
1075 350.0
1076 350.0
1077 346.0
1078 346.0
1079 346.0
1080 346.0
1081 344.0
1082 343.0
1083 343.0
1084 343.0
1085 342.0
1086 339.0
1087 338.0
1088 338.0
1089 338.0
1090 329.0
1091 329.0
1092 327.0
1093 327.0
1094 327.0
1095 327.0
1096 327.0
1097 327.0
1098 327.0
1099 327.0
1100 327.0
1101 327.0
1102 327.0
1113 326.0
1114 323.0
1115 314.0
1116 314.0
1117 314.0
1118 314.0
1119 314.0
1120 314.0
1121 314.0
1122 314.0
1123 314.0
1124 313.0
1125 313.0
1126 313.0
1127 313.0
1128 313.0
1129 313.0
1130 313.0
1131 313.0
1132 313.0
1133 313.0
1134 313.0
1145 314.0
1146 314.0
1147 314.0
1148 314.0
1149 313.0
1150 313.0
1151 313.0
1152 313.0
1153 313.0
1154 313.0
1155 313.0
1156 313.0
1157 311.0
1158 311.0
1159 311.0
1160 311.0
1161 311.0
1162 311.0
1163 311.0
1164 311.0
1165 311.0
1166 311.0
1167 311.0
1178 312.0
1179 312.0
1180 312.0
1181 310.0
1182 310.0
1183 310.0
1184 310.0
1185 310.0
1186 309.0
1187 309.0
1188 309.0
1189 309.0
1190 309.0
1191 309.0
1192 309.0
1193 309.0
1194 309.0
1195 309.0
1196 309.0
1207 315.0
1208 315.0
1209 315.0
1210 315.0
1211 315.0
1212 315.0
1213 315.0
1214 315.0
1215 315.0
1216 314.0
1217 314.0
1218 314.0
1219 314.0
1220 314.0
1221 314.0
1222 313.0
1223 313.0
1224 307.0
1225 307.0
1226 307.0
1227 307.0
1228 307.0
1229 300.0
1230 300.0
1231 300.0
1232 300.0
1233 300.0
1234 300.0
1235 300.0
1236 300.0
1237 300.0
1238 300.0
1239 300.0
1250 303.0
1251 303.0
1252 303.0
1253 303.0
1254 303.0
1255 303.0
1256 303.0
1257 303.0
1258 303.0
1259 303.0
1270 312.0
1271 312.0
1272 312.0
1273 312.0
1274 312.0
1275 312.0
1276 312.0
1277 312.0
1278 312.0
1279 312.0
1290 315.0
1291 315.0
1292 315.0
1293 315.0
1294 315.0
1295 315.0
1296 315.0
1297 315.0
1298 315.0
1299 314.0
1300 314.0
1301 314.0
1302 314.0
1303 314.0
1304 314.0
1305 314.0
1306 314.0
1307 314.0
1308 314.0
1309 314.0
1320 314.0
1321 314.0
1322 314.0
1323 314.0
1324 314.0
1325 314.0
1326 314.0
1327 314.0
1328 314.0
1329 314.0
1340 316.0
1341 313.0
1342 313.0
1343 313.0
1344 313.0
1345 309.0
1346 309.0
1347 309.0
1348 309.0
1349 306.0
1350 306.0
1351 306.0
1352 306.0
1353 306.0
1354 306.0
1355 306.0
1356 306.0
1357 306.0
1358 306.0
1359 306.0
1370 307.0
1371 307.0
1372 307.0
1373 307.0
1374 307.0
1375 307.0
1376 307.0
1377 307.0
1378 307.0
1379 307.0
1380 307.0
1391 305.0
1392 305.0
1393 305.0
1394 305.0
1395 305.0
1396 305.0
1397 303.0
1398 303.0
1399 303.0
1400 303.0
1401 303.0
1402 303.0
1403 303.0
1404 303.0
1405 303.0
1406 303.0
1407 303.0
1418 302.0
1419 302.0
1420 302.0
1421 302.0
1422 302.0
1423 302.0
1424 302.0
1425 302.0
1426 302.0
1427 302.0
1438 302.0
1439 302.0
1440 302.0
1441 302.0
1442 302.0
1443 302.0
1444 302.0
1445 302.0
1446 298.0
1447 298.0
1448 298.0
1449 298.0
1450 298.0
1451 298.0
1452 298.0
1453 298.0
1454 298.0
1455 298.0
1456 298.0
1467 299.0
1468 299.0
1469 299.0
1470 299.0
1471 299.0
1472 299.0
1473 299.0
1474 299.0
1475 295.0
1476 295.0
1477 295.0
1478 295.0
1479 295.0
1480 295.0
1481 295.0
1482 295.0
1483 295.0
1484 295.0
1485 295.0
1496 308.0
1497 308.0
1498 308.0
1499 308.0
1500 308.0
1501 308.0
1502 300.0
1503 300.0
1504 300.0
1505 300.0
1506 300.0
1507 300.0
1508 300.0
1509 300.0
1510 300.0
1511 300.0
1512 300.0
1523 300.0
1524 300.0
1525 300.0
1526 300.0
1527 300.0
1528 300.0
1529 300.0
1530 300.0
1531 300.0
1532 300.0
1543 302.0
1544 302.0
1545 302.0
1546 302.0
1547 302.0
1548 302.0
1549 302.0
1550 302.0
1551 302.0
1552 302.0
1563 296.0
1564 296.0
1565 296.0
1566 296.0
1567 296.0
1568 296.0
1569 296.0
1570 296.0
1571 296.0
1572 296.0
1583 294.0
1584 294.0
1585 294.0
1586 294.0
1587 294.0
1588 294.0
1589 294.0
1590 294.0
1591 294.0
1592 294.0
1603 298.0
1604 298.0
1605 298.0
1606 295.0
1607 295.0
1608 295.0
1609 295.0
1610 295.0
1611 295.0
1612 295.0
1613 295.0
1614 295.0
1615 295.0
1616 295.0
1627 290.0
1628 290.0
1629 290.0
1630 290.0
1631 290.0
1632 290.0
1633 290.0
1634 290.0
1635 290.0
1636 290.0
1647 306.0
1648 306.0
1649 306.0
1650 306.0
1651 306.0
1652 306.0
1653 306.0
1654 306.0
1655 306.0
1656 304.0
1657 304.0
1658 304.0
1659 299.0
1660 299.0
1661 299.0
1662 299.0
1663 299.0
1664 299.0
1665 299.0
1666 299.0
1667 299.0
1668 299.0
1669 299.0
1680 300.0
1681 300.0
1682 300.0
1683 300.0
1684 300.0
1685 300.0
1686 300.0
1687 300.0
1688 300.0
1689 300.0
1700 305.0
1701 305.0
1702 305.0
1703 305.0
1704 305.0
1705 305.0
1706 305.0
1707 305.0
1708 305.0
1709 305.0
1720 299.0
1721 299.0
1722 299.0
1723 299.0
1724 299.0
1725 294.0
1726 294.0
1727 294.0
1728 294.0
1729 294.0
1730 294.0
1731 294.0
1732 294.0
1733 294.0
1734 294.0
1735 294.0
1746 294.0
1747 294.0
1748 294.0
1749 294.0
1750 294.0
1751 294.0
1752 294.0
1753 294.0
1754 294.0
1755 293.0
1756 293.0
1757 293.0
1758 293.0
1759 293.0
1760 293.0
1761 293.0
1762 293.0
1763 293.0
1764 293.0
1765 287.0
1766 287.0
1767 287.0
1768 287.0
1769 287.0
1770 287.0
1771 287.0
1772 287.0
1773 287.0
1774 287.0
1775 287.0
1786 286.0
1787 286.0
1788 286.0
1789 286.0
1790 286.0
1791 286.0
1792 286.0
1793 286.0
1794 286.0
1795 286.0
1796 286.0
1807 287.0
1808 287.0
1809 287.0
1810 287.0
1811 287.0
1812 287.0
1813 287.0
1814 287.0
1815 287.0
1816 287.0
1827 290.0
1828 290.0
1829 290.0
1830 290.0
1831 290.0
1832 290.0
1833 290.0
1834 290.0
1835 290.0
1836 290.0
1847 294.0
1848 293.0
1849 293.0
1850 293.0
1851 293.0
1852 293.0
1853 293.0
1854 293.0
1855 293.0
1856 293.0
1857 293.0
1858 293.0
1869 294.0
1870 294.0
1871 294.0
1872 294.0
1873 294.0
1874 294.0
1875 294.0
1876 294.0
1877 294.0
1878 294.0
1889 295.0
1890 295.0
1891 295.0
1892 295.0
1893 295.0
1894 295.0
1895 295.0
1896 295.0
1897 295.0
1898 295.0
1909 299.0
1910 299.0
1911 299.0
1912 299.0
1913 299.0
1914 298.0
1915 298.0
1916 298.0
1917 297.0
1918 297.0
1919 297.0
1920 297.0
1921 297.0
1922 293.0
1923 293.0
1924 293.0
1925 293.0
1926 293.0
1927 293.0
1928 293.0
1929 293.0
1930 293.0
1931 293.0
1932 293.0
1943 291.0
1944 291.0
1945 291.0
1946 291.0
1947 291.0
1948 291.0
1949 291.0
1950 291.0
1951 291.0
1952 291.0
1963 295.0
1964 295.0
1965 295.0
1966 295.0
1967 295.0
1968 295.0
1969 295.0
1970 295.0
1971 295.0
1972 295.0
1983 289.0
1984 289.0
1985 289.0
1986 289.0
1987 289.0
1988 289.0
1989 289.0
1990 289.0
1991 289.0
1992 289.0
2003 293.0
2004 293.0
2005 289.0
2006 289.0
2007 289.0
2008 289.0
2009 289.0
2010 289.0
2011 289.0
2012 289.0
2013 289.0
2014 289.0
2015 289.0
2026 291.0
2027 289.0
2028 289.0
2029 289.0
2030 289.0
2031 289.0
2032 289.0
2033 289.0
2034 289.0
2035 289.0
2036 286.0
2037 286.0
2038 286.0
2039 286.0
2040 286.0
2041 286.0
2042 286.0
2043 286.0
2044 286.0
2045 286.0
2046 286.0
2057 287.0
2058 287.0
2059 287.0
2060 287.0
2061 287.0
2062 287.0
2063 287.0
2064 287.0
2065 287.0
2066 287.0
2077 284.0
2078 284.0
2079 284.0
2080 284.0
2081 284.0
2082 284.0
2083 284.0
2084 284.0
2085 284.0
2086 284.0
2097 287.0
2098 286.0
2099 286.0
2100 286.0
2101 286.0
2102 286.0
2103 286.0
2104 286.0
2105 286.0
2106 286.0
2107 286.0
2108 286.0
2119 286.0
2120 286.0
2121 286.0
2122 286.0
2123 286.0
2124 286.0
2125 282.0
2126 282.0
2127 282.0
2128 282.0
2129 282.0
2130 282.0
2131 282.0
2132 282.0
2133 282.0
2134 280.0
2135 280.0
2136 280.0
2137 280.0
2138 280.0
2139 280.0
2140 280.0
2141 280.0
2142 280.0
2143 280.0
2144 280.0
2155 282.0
2156 282.0
2157 282.0
2158 282.0
2159 281.0
2160 281.0
2161 281.0
2162 281.0
2163 281.0
2164 281.0
2165 281.0
2166 281.0
2167 280.0
2168 280.0
2169 280.0
2170 280.0
2171 280.0
2172 280.0
2173 280.0
2174 280.0
2175 280.0
2176 280.0
2177 280.0
2188 280.0
2189 280.0
2190 280.0
2191 280.0
2192 280.0
2193 280.0
2194 280.0
2195 280.0
2196 280.0
2197 280.0
2208 280.0
2209 279.0
2210 279.0
2211 279.0
2212 279.0
2213 279.0
2214 279.0
2215 279.0
2216 279.0
2217 279.0
2218 279.0
2219 279.0
2230 281.0
2231 281.0
2232 281.0
2233 281.0
2234 281.0
2235 281.0
2236 281.0
2237 281.0
2238 281.0
2239 281.0
2250 281.0
2251 281.0
2252 281.0
2253 280.0
2254 280.0
2255 280.0
2256 280.0
2257 280.0
2258 280.0
2259 280.0
2260 280.0
2261 280.0
2262 280.0
2263 280.0
2274 284.0
2275 284.0
2276 284.0
2277 284.0
2278 284.0
2279 284.0
2280 284.0
2281 284.0
2282 284.0
2283 284.0
2294 281.0
2295 281.0
2296 281.0
2297 281.0
2298 281.0
2299 281.0
2300 281.0
2301 281.0
2302 281.0
2303 281.0
2314 284.0
2315 284.0
2316 284.0
2317 283.0
2318 283.0
2319 283.0
2320 283.0
2321 283.0
2322 283.0
2323 283.0
2324 283.0
2325 283.0
2326 283.0
2327 283.0
2338 283.0
2339 283.0
2340 283.0
2341 282.0
2342 282.0
2343 282.0
2344 282.0
2345 282.0
2346 282.0
2347 282.0
2348 282.0
2349 282.0
2350 282.0
2351 282.0
2362 288.0
2363 288.0
2364 288.0
2365 288.0
2366 288.0
2367 288.0
2368 286.0
2369 286.0
2370 286.0
2371 286.0
2372 286.0
2373 286.0
2374 286.0
2375 286.0
2376 286.0
2377 286.0
2378 286.0
2389 295.0
2390 295.0
2391 295.0
2392 295.0
2393 295.0
2394 295.0
2395 295.0
2396 295.0
2397 295.0
2398 295.0
2409 298.0
2410 298.0
2411 298.0
2412 298.0
2413 298.0
2414 298.0
2415 298.0
2416 298.0
2417 298.0
2418 298.0
2429 301.0
2430 301.0
2431 301.0
2432 301.0
2433 299.0
2434 299.0
2435 299.0
2436 298.0
2437 298.0
2438 298.0
2439 298.0
2440 298.0
2441 298.0
2442 298.0
2443 298.0
2444 298.0
2445 298.0
2446 298.0
2457 299.0
2458 299.0
2459 299.0
2460 299.0
2461 299.0
2462 299.0
2463 299.0
2464 299.0
2465 299.0
2466 299.0
2477 287.0
2478 287.0
2479 287.0
2480 287.0
2481 287.0
2482 287.0
2483 287.0
2484 287.0
2485 287.0
2486 287.0
2497 292.0
2498 292.0
2499 292.0
2500 292.0
2501 292.0
2502 292.0
2503 292.0
2504 292.0
2505 292.0
2506 292.0
2517 293.0
2518 293.0
2519 293.0
2520 293.0
2521 293.0
2522 293.0
2523 293.0
2524 293.0
2525 293.0
2526 293.0
2537 294.0
2538 294.0
2539 294.0
2540 294.0
2541 294.0
2542 294.0
2543 294.0
2544 294.0
2545 294.0
2546 292.0
2547 292.0
2548 292.0
2549 292.0
2550 292.0
2551 292.0
2552 292.0
2553 292.0
2554 292.0
2555 292.0
2556 292.0
2567 300.0
2568 300.0
2569 300.0
2570 300.0
2571 300.0
2572 300.0
2573 300.0
2574 300.0
2575 294.0
2576 294.0
2577 294.0
2578 294.0
2579 294.0
2580 294.0
2581 294.0
2582 294.0
2583 294.0
2584 294.0
2585 294.0
2596 293.0
2597 293.0
2598 293.0
2599 293.0
2600 293.0
2601 293.0
2602 293.0
2603 293.0
2604 293.0
2605 293.0
2616 294.0
2617 294.0
2618 294.0
2619 294.0
2620 294.0
2621 294.0
2622 294.0
2623 294.0
2624 294.0
2625 294.0
2636 292.0
2637 292.0
2638 292.0
2639 292.0
2640 288.0
2641 288.0
2642 288.0
2643 288.0
2644 288.0
2645 288.0
2646 288.0
2647 288.0
2648 288.0
2649 287.0
2650 287.0
2651 287.0
2652 287.0
2653 287.0
2654 287.0
2655 287.0
2656 287.0
2657 287.0
2658 287.0
2659 287.0
2670 285.0
2671 285.0
2672 285.0
2673 285.0
2674 285.0
2675 285.0
2676 285.0
2677 285.0
2678 285.0
2679 285.0
2690 285.0
2691 285.0
2692 285.0
2693 285.0
2694 285.0
2695 285.0
2696 285.0
2697 285.0
2698 285.0
2699 285.0
2710 296.0
2711 296.0
2712 296.0
2713 296.0
2714 296.0
2715 296.0
2716 296.0
2717 296.0
2718 296.0
2719 296.0
2730 296.0
2731 296.0
2732 296.0
2733 296.0
2734 296.0
2735 296.0
2736 296.0
2737 296.0
2738 296.0
2739 296.0
2750 294.0
2751 294.0
2752 294.0
2753 294.0
2754 294.0
2755 294.0
2756 294.0
2757 294.0
2758 294.0
2759 294.0
2770 288.0
2771 285.0
2772 283.0
2773 283.0
2774 283.0
2775 283.0
2776 283.0
2777 283.0
2778 283.0
2779 283.0
2780 283.0
2781 283.0
2782 283.0
2793 283.0
2794 283.0
2795 283.0
2796 283.0
2797 283.0
2798 283.0
2799 283.0
2800 283.0
2801 283.0
2802 283.0
2813 279.0
2814 279.0
2815 279.0
2816 279.0
2817 279.0
2818 279.0
2819 279.0
2820 279.0
2821 279.0
2822 279.0
2833 284.0
2834 284.0
2835 284.0
2836 283.0
2837 283.0
2838 283.0
2839 283.0
2840 283.0
2841 280.0
2842 280.0
2843 280.0
2844 280.0
2845 280.0
2846 280.0
2847 280.0
2848 280.0
2849 280.0
2850 280.0
2851 280.0
2862 278.0
2863 278.0
2864 278.0
2865 278.0
2866 278.0
2867 278.0
2868 278.0
2869 278.0
2870 278.0
2871 278.0
2882 300.0
2883 300.0
2884 300.0
2885 300.0
2886 300.0
2887 298.0
2888 297.0
2889 297.0
2890 297.0
2891 297.0
2892 297.0
2893 297.0
2894 297.0
2895 297.0
2896 297.0
2897 297.0
2898 297.0
2909 292.0
2910 292.0
2911 292.0
2912 292.0
2913 292.0
2914 292.0
2915 292.0
2916 292.0
2917 292.0
2918 292.0
2929 290.0
2930 290.0
2931 290.0
2932 290.0
2933 290.0
2934 290.0
2935 290.0
2936 290.0
2937 290.0
2938 290.0
2949 295.0
2950 295.0
2951 295.0
2952 295.0
2953 295.0
2954 295.0
2955 295.0
2956 295.0
2957 295.0
2958 295.0
2969 296.0
2970 296.0
2971 296.0
2972 293.0
2973 289.0
2974 289.0
2975 289.0
2976 289.0
2977 289.0
2978 289.0
2979 289.0
2980 289.0
2981 289.0
2982 289.0
2983 289.0
2994 291.0
2995 291.0
2996 291.0
2997 291.0
2998 291.0
2999 291.0
3000 291.0
3001 291.0
3002 291.0
3003 291.0
3014 295.0
3015 295.0
3016 295.0
3017 295.0
3018 295.0
3019 295.0
3020 295.0
3021 295.0
3022 295.0
3023 295.0
3034 296.0
3035 295.0
3036 295.0
3037 295.0
3038 295.0
3039 295.0
3040 295.0
3041 290.0
3042 290.0
3043 290.0
3044 290.0
3045 285.0
3046 285.0
3047 285.0
3048 285.0
3049 285.0
3050 285.0
3051 285.0
3052 285.0
3053 283.0
3054 283.0
3055 283.0
3056 283.0
3057 283.0
3058 283.0
3059 283.0
3060 283.0
3061 283.0
3062 283.0
3063 283.0
3074 286.0
3075 285.0
3076 285.0
3077 285.0
3078 285.0
3079 285.0
3080 285.0
3081 285.0
3082 283.0
3083 283.0
3084 283.0
3085 283.0
3086 283.0
3087 283.0
3088 283.0
3089 283.0
3090 283.0
3091 283.0
3092 283.0
3103 281.0
3104 281.0
3105 281.0
3106 281.0
3107 281.0
3108 281.0
3109 281.0
3110 281.0
3111 281.0
3112 281.0
3123 285.0
3124 285.0
3125 285.0
3126 285.0
3127 285.0
3128 285.0
3129 285.0
3130 285.0
3131 282.0
3132 282.0
3133 282.0
3134 277.0
3135 277.0
3136 277.0
3137 277.0
3138 277.0
3139 277.0
3140 277.0
3141 277.0
3142 277.0
3143 277.0
3144 277.0
3155 279.0
3156 279.0
3157 279.0
3158 279.0
3159 279.0
3160 269.0
3161 269.0
3162 269.0
3163 269.0
3164 269.0
3165 269.0
3166 269.0
3167 269.0
3168 269.0
3169 269.0
3170 269.0
3181 271.0
3182 271.0
3183 271.0
3184 271.0
3185 271.0
3186 271.0
3187 271.0
3188 271.0
3189 271.0
3190 271.0
3201 271.0
3202 271.0
3203 271.0
3204 271.0
3205 271.0
3206 271.0
3207 271.0
3208 271.0
3209 271.0
3210 271.0
3221 277.0
3222 277.0
3223 277.0
3224 277.0
3225 277.0
3226 277.0
3227 277.0
3228 277.0
3229 277.0
3230 277.0
3241 273.0
3242 273.0
3243 273.0
3244 273.0
3245 273.0
3246 273.0
3247 273.0
3248 273.0
3249 273.0
3250 273.0
3251 272.0
3252 272.0
3253 272.0
3254 272.0
3255 272.0
3256 272.0
3257 272.0
3258 272.0
3259 272.0
3260 272.0
3261 272.0
3272 275.0
3273 275.0
3274 275.0
3275 275.0
3276 275.0
3277 275.0
3278 275.0
3279 275.0
3280 275.0
3281 275.0
3292 279.0
3293 279.0
3294 279.0
3295 279.0
3296 279.0
3297 279.0
3298 279.0
3299 279.0
3300 279.0
3301 279.0
3312 284.0
3313 284.0
3314 284.0
3315 284.0
3316 284.0
3317 284.0
3318 284.0
3319 284.0
3320 284.0
3321 284.0
3332 284.0
3333 284.0
3334 284.0
3335 284.0
3336 284.0
3337 284.0
3338 284.0
3339 284.0
3340 284.0
3341 282.0
3342 282.0
3343 282.0
3344 282.0
3345 282.0
3346 282.0
3347 282.0
3348 282.0
3349 282.0
3350 282.0
3351 282.0
3362 282.0
3363 282.0
3364 282.0
3365 282.0
3366 282.0
3367 282.0
3368 282.0
3369 282.0
3370 282.0
3371 282.0
3382 289.0
3383 289.0
3384 289.0
3385 289.0
3386 289.0
3387 289.0
3388 289.0
3389 289.0
3390 289.0
3391 289.0
3402 282.0
3403 282.0
3404 282.0
3405 282.0
3406 282.0
3407 282.0
3408 282.0
3409 282.0
3410 282.0
3411 282.0
3422 281.0
3423 281.0
3424 281.0
3425 280.0
3426 280.0
3427 280.0
3428 280.0
3429 280.0
3430 280.0
3431 280.0
3432 280.0
3433 280.0
3434 280.0
3435 280.0
3446 281.0
3447 281.0
3448 281.0
3449 281.0
3450 281.0
3451 281.0
3452 281.0
3453 281.0
3454 281.0
3455 281.0
3466 281.0
3467 279.0
3468 279.0
3469 279.0
3470 278.0
3471 278.0
3472 278.0
3473 278.0
3474 278.0
3475 278.0
3476 278.0
3477 277.0
3478 277.0
3479 276.0
3480 276.0
3481 276.0
3482 276.0
3483 276.0
3484 276.0
3485 276.0
3486 276.0
3487 276.0
3488 276.0
3489 276.0
3500 278.0
3501 278.0
3502 278.0
3503 278.0
3504 278.0
3505 278.0
3506 278.0
3507 278.0
3508 278.0
3509 278.0
3520 281.0
3521 281.0
3522 281.0
3523 281.0
3524 281.0
3525 278.0
3526 278.0
3527 278.0
3528 278.0
3529 278.0
3530 278.0
3531 278.0
3532 278.0
3533 278.0
3534 278.0
3535 278.0
3546 278.0
3547 278.0
3548 278.0
3549 278.0
3550 278.0
3551 278.0
3552 278.0
3553 278.0
3554 278.0
3555 278.0
3566 278.0
3567 278.0
3568 278.0
3569 278.0
3570 278.0
3571 278.0
3572 278.0
3573 278.0
3574 278.0
3575 278.0
3586 280.0
3587 280.0
3588 280.0
3589 280.0
3590 280.0
3591 280.0
3592 280.0
3593 275.0
3594 275.0
3595 275.0
3596 275.0
3597 275.0
3598 275.0
3599 275.0
3600 275.0
3601 275.0
3602 275.0
3603 275.0
3614 276.0
3615 276.0
3616 276.0
3617 276.0
3618 276.0
3619 276.0
3620 276.0
3621 276.0
3622 276.0
3623 276.0
3634 277.0
3635 277.0
3636 277.0
3637 277.0
3638 276.0
3639 276.0
3640 276.0
3641 276.0
3642 276.0
3643 275.0
3644 275.0
3645 275.0
3646 275.0
3647 275.0
3648 275.0
3649 275.0
3650 275.0
3651 275.0
3652 275.0
3653 275.0
3664 277.0
3665 277.0
3666 277.0
3667 277.0
3668 277.0
3669 277.0
3670 277.0
3671 277.0
3672 277.0
3673 275.0
3674 275.0
3675 275.0
3676 275.0
3677 275.0
3678 275.0
3679 275.0
3680 275.0
3681 274.0
3682 274.0
3683 274.0
3684 274.0
3685 274.0
3686 274.0
3687 274.0
3688 274.0
3689 274.0
3690 274.0
3691 274.0
3702 278.0
3703 278.0
3704 277.0
3705 277.0
3706 277.0
3707 277.0
3708 277.0
3709 277.0
3710 277.0
3711 277.0
3712 277.0
3713 277.0
3714 277.0
3725 275.0
3726 275.0
3727 275.0
3728 275.0
3729 271.0
3730 271.0
3731 271.0
3732 271.0
3733 271.0
3734 271.0
3735 271.0
3736 271.0
3737 271.0
3738 271.0
3739 271.0
3750 269.0
3751 269.0
3752 269.0
3753 269.0
3754 269.0
3755 269.0
3756 269.0
3757 269.0
3758 269.0
3759 269.0
3770 270.0
3771 270.0
3772 267.0
3773 267.0
3774 267.0
3775 267.0
3776 267.0
3777 267.0
3778 267.0
3779 267.0
3780 267.0
3781 267.0
3782 267.0
3793 269.0
3794 269.0
3795 269.0
3796 269.0
3797 269.0
3798 269.0
3799 269.0
3800 269.0
3801 269.0
3802 269.0
3813 267.0
3814 267.0
3815 267.0
3816 267.0
3817 267.0
3818 267.0
3819 267.0
3820 267.0
3821 267.0
3822 267.0
3833 274.0
3834 274.0
3835 271.0
3836 271.0
3837 271.0
3838 271.0
3839 270.0
3840 267.0
3841 267.0
3842 267.0
3843 267.0
3844 267.0
3845 267.0
3846 267.0
3847 267.0
3848 267.0
3849 267.0
3850 267.0
3861 269.0
3862 269.0
3863 269.0
3864 269.0
3865 267.0
3866 267.0
3867 267.0
3868 267.0
3869 267.0
3870 267.0
3871 267.0
3872 267.0
3873 267.0
3874 267.0
3875 267.0
3886 271.0
3887 271.0
3888 271.0
3889 271.0
3890 271.0
3891 271.0
3892 271.0
3893 271.0
3894 271.0
3895 271.0
3906 272.0
3907 272.0
3908 272.0
3909 272.0
3910 272.0
3911 272.0
3912 272.0
3913 272.0
3914 272.0
3915 272.0
3926 272.0
3927 272.0
3928 272.0
3929 272.0
3930 272.0
3931 272.0
3932 272.0
3933 272.0
3934 272.0
3935 272.0
3946 272.0
3947 272.0
3948 272.0
3949 272.0
3950 272.0
3951 272.0
3952 272.0
3953 272.0
3954 272.0
3955 272.0
3966 275.0
3967 275.0
3968 275.0
3969 275.0
3970 275.0
3971 275.0
3972 275.0
3973 275.0
3974 275.0
3975 275.0
3986 275.0
3987 275.0
3988 275.0
3989 275.0
3990 275.0
3991 275.0
3992 275.0
3993 275.0
3994 275.0
3995 275.0
4006 277.0
4007 277.0
4008 277.0
4009 277.0
4010 277.0
4011 274.0
4012 274.0
4013 274.0
4014 274.0
4015 274.0
4016 274.0
4017 274.0
4018 274.0
4019 274.0
4020 274.0
4021 274.0
4032 283.0
4033 283.0
4034 283.0
4035 283.0
4036 283.0
4037 283.0
4038 275.0
4039 275.0
4040 275.0
4041 275.0
4042 275.0
4043 275.0
4044 275.0
4045 275.0
4046 275.0
4047 275.0
4048 275.0
4059 274.0
4060 274.0
4061 274.0
4062 274.0
4063 274.0
4064 274.0
4065 274.0
4066 274.0
4067 274.0
4068 274.0
4079 274.0
4080 274.0
4081 274.0
4082 274.0
4083 274.0
4084 274.0
4085 274.0
4086 274.0
4087 274.0
4088 274.0
4099 272.0
4100 272.0
4101 272.0
4102 272.0
4103 272.0
4104 272.0
4105 272.0
4106 272.0
4107 272.0
4108 272.0
4119 276.0
4120 275.0
4121 275.0
4122 275.0
4123 275.0
4124 275.0
4125 275.0
4126 275.0
4127 275.0
4128 275.0
4129 275.0
4130 275.0
4141 280.0
4142 280.0
4143 280.0
4144 280.0
4145 280.0
4146 280.0
4147 280.0
4148 280.0
4149 280.0
4150 280.0
4161 281.0
4162 281.0
4163 281.0
4164 281.0
4165 281.0
4166 281.0
4167 281.0
4168 281.0
4169 281.0
4170 281.0
4181 285.0
4182 283.0
4183 282.0
4184 282.0
4185 282.0
4186 282.0
4187 282.0
4188 282.0
4189 282.0
4190 282.0
4191 282.0
4192 282.0
4193 282.0
4204 280.0
4205 280.0
4206 280.0
4207 280.0
4208 280.0
4209 275.0
4210 275.0
4211 275.0
4212 275.0
4213 275.0
4214 275.0
4215 275.0
4216 275.0
4217 275.0
4218 275.0
4219 275.0
4230 275.0
4231 275.0
4232 275.0
4233 275.0
4234 275.0
4235 275.0
4236 275.0
4237 275.0
4238 275.0
4239 275.0
4250 274.0
4251 274.0
4252 274.0
4253 274.0
4254 274.0
4255 273.0
4256 273.0
4257 273.0
4258 273.0
4259 273.0
4260 273.0
4261 273.0
4262 273.0
4263 273.0
4264 273.0
4265 273.0
4276 274.0
4277 274.0
4278 274.0
4279 274.0
4280 274.0
4281 274.0
4282 274.0
4283 274.0
4284 274.0
4285 274.0
4296 278.0
4297 278.0
4298 276.0
4299 276.0
4300 276.0
4301 276.0
4302 276.0
4303 276.0
4304 276.0
4305 276.0
4306 276.0
4307 276.0
4308 276.0
4319 272.0
4320 272.0
4321 272.0
4322 272.0
4323 272.0
4324 272.0
4325 272.0
4326 271.0
4327 271.0
4328 271.0
4329 271.0
4330 271.0
4331 271.0
4332 271.0
4333 271.0
4334 271.0
4335 271.0
4336 271.0
4347 274.0
4348 274.0
4349 274.0
4350 274.0
4351 274.0
4352 274.0
4353 272.0
4354 272.0
4355 272.0
4356 272.0
4357 272.0
4358 272.0
4359 272.0
4360 272.0
4361 272.0
4362 272.0
4363 272.0
4374 273.0
4375 273.0
4376 273.0
4377 273.0
4378 273.0
4379 273.0
4380 273.0
4381 273.0
4382 273.0
4383 273.0
4394 275.0
4395 275.0
4396 275.0
4397 275.0
4398 274.0
4399 274.0
4400 274.0
4401 274.0
4402 274.0
4403 274.0
4404 274.0
4405 274.0
4406 274.0
4407 274.0
4408 274.0
4419 284.0
4420 284.0
4421 284.0
4422 284.0
4423 284.0
4424 284.0
4425 284.0
4426 283.0
4427 283.0
4428 283.0
4429 283.0
4430 283.0
4431 283.0
4432 283.0
4433 283.0
4434 283.0
4435 283.0
4436 283.0
4447 284.0
4448 284.0
4449 284.0
4450 283.0
4451 283.0
4452 283.0
4453 283.0
4454 283.0
4455 283.0
4456 283.0
4457 283.0
4458 283.0
4459 283.0
4460 283.0
4471 283.0
4472 283.0
4473 283.0
4474 283.0
4475 283.0
4476 283.0
4477 283.0
4478 283.0
4479 283.0
4480 283.0
4491 283.0
4492 283.0
4493 283.0
4494 283.0
4495 283.0
4496 283.0
4497 283.0
4498 279.0
4499 279.0
4500 279.0
4501 279.0
4502 279.0
4503 279.0
4504 279.0
4505 279.0
4506 279.0
4507 279.0
4508 279.0
4519 268.0
4520 268.0
4521 268.0
4522 268.0
4523 268.0
4524 268.0
4525 268.0
4526 268.0
4527 268.0
4528 268.0
4539 271.0
4540 271.0
4541 271.0
4542 271.0
4543 271.0
4544 271.0
4545 271.0
4546 271.0
4547 268.0
4548 268.0
4549 268.0
4550 268.0
4551 268.0
4552 268.0
4553 268.0
4554 268.0
4555 268.0
4556 268.0
4557 268.0
4568 270.0
4569 270.0
4570 270.0
4571 270.0
4572 270.0
4573 270.0
4574 270.0
4575 270.0
4576 270.0
4577 270.0
4588 271.0
4589 271.0
4590 271.0
4591 271.0
4592 271.0
4593 271.0
4594 271.0
4595 270.0
4596 270.0
4597 270.0
4598 270.0
4599 270.0
4600 270.0
4601 270.0
4602 270.0
4603 270.0
4604 270.0
4605 270.0
4616 270.0
4617 270.0
4618 270.0
4619 270.0
4620 270.0
4621 270.0
4622 270.0
4623 270.0
4624 270.0
4625 270.0
4636 274.0
4637 274.0
4638 274.0
4639 274.0
4640 274.0
4641 274.0
4642 274.0
4643 274.0
4644 274.0
4645 274.0
4656 290.0
4657 290.0
4658 290.0
4659 290.0
4660 290.0
4661 290.0
4662 290.0
4663 290.0
4664 290.0
4665 290.0
4676 287.0
4677 287.0
4678 287.0
4679 287.0
4680 287.0
4681 287.0
4682 287.0
4683 272.0
4684 272.0
4685 272.0
4686 272.0
4687 272.0
4688 272.0
4689 272.0
4690 272.0
4691 272.0
4692 272.0
4693 272.0
4704 273.0
4705 273.0
4706 273.0
4707 273.0
4708 273.0
4709 273.0
4710 273.0
4711 273.0
4712 273.0
4713 273.0
4724 274.0
4725 274.0
4726 274.0
4727 274.0
4728 274.0
4729 274.0
4730 274.0
4731 274.0
4732 274.0
4733 274.0
4744 274.0
4745 274.0
4746 274.0
4747 274.0
4748 274.0
4749 274.0
4750 274.0
4751 274.0
4752 274.0
4753 274.0
4764 279.0
4765 279.0
4766 278.0
4767 278.0
4768 278.0
4769 278.0
4770 278.0
4771 278.0
4772 278.0
4773 278.0
4774 278.0
4775 278.0
4776 278.0
4787 276.0
4788 276.0
4789 276.0
4790 276.0
4791 276.0
4792 276.0
4793 276.0
4794 276.0
4795 276.0
4796 276.0
4807 279.0
4808 279.0
4809 279.0
4810 279.0
4811 279.0
4812 279.0
4813 279.0
4814 279.0
4815 279.0
4816 279.0
4827 285.0
4828 285.0
4829 285.0
4830 285.0
4831 285.0
4832 285.0
4833 285.0
4834 285.0
4835 285.0
4836 285.0
4847 286.0
4848 286.0
4849 286.0
4850 285.0
4851 285.0
4852 285.0
4853 285.0
4854 285.0
4855 285.0
4856 285.0
4857 285.0
4858 285.0
4859 285.0
4860 285.0
4871 281.0
4872 281.0
4873 281.0
4874 281.0
4875 281.0
4876 281.0
4877 281.0
4878 281.0
4879 281.0
4880 281.0
4891 287.0
4892 285.0
4893 278.0
4894 278.0
4895 278.0
4896 278.0
4897 278.0
4898 278.0
4899 278.0
4900 278.0
4901 278.0
4902 278.0
4903 278.0
4914 283.0
4915 283.0
4916 283.0
4917 283.0
4918 283.0
4919 281.0
4920 281.0
4921 281.0
4922 281.0
4923 281.0
4924 281.0
4925 281.0
4926 281.0
4927 281.0
4928 281.0
4929 281.0
4940 281.0
4941 281.0
4942 281.0
4943 281.0
4944 281.0
4945 281.0
4946 281.0
4947 281.0
4948 281.0
4949 281.0
4960 281.0
4961 281.0
4962 279.0
4963 279.0
4964 279.0
4965 279.0
4966 279.0
4967 279.0
4968 279.0
4969 279.0
4970 279.0
4971 279.0
4972 279.0
4983 277.0
4984 277.0
4985 277.0
4986 272.0
4987 272.0
4988 272.0
4989 272.0
4990 272.0
4991 272.0
4992 272.0
4993 272.0
4994 272.0
4995 272.0
4996 272.0
