0 29206.0
1 29206.0
2 28490.0
3 28487.0
4 28487.0
5 28250.0
6 28014.0
7 27779.0
8 27080.0
9 26620.0
10 26620.0
11 26392.0
12 26165.0
13 25939.0
14 25939.0
15 25714.0
16 25714.0
17 25707.0
18 25483.0
19 25261.0
20 25261.0
21 24818.0
22 24378.0
23 24378.0
24 24371.0
25 24371.0
26 24358.0
27 24355.0
28 24355.0
29 24355.0
30 24355.0
31 24355.0
32 24355.0
33 24355.0
34 24355.0
35 24355.0
36 24355.0
37 24139.0
38 24136.0
39 24136.0
40 23922.0
41 23922.0
42 23920.0
43 23920.0
44 23920.0
45 23916.0
46 23484.0
47 22221.0
48 22221.0
49 22016.0
50 22016.0
51 19809.0
52 19809.0
53 19616.0
54 19425.0
55 19036.0
56 19036.0
57 17904.0
58 17901.0
59 17897.0
60 17897.0
61 17897.0
62 16259.0
63 16083.0
64 15910.0
65 15739.0
66 15738.0
67 15052.0
68 14887.0
69 14724.0
70 14722.0
71 14722.0
72 14722.0
73 14721.0
74 14721.0
75 14560.0
76 14400.0
77 14400.0
78 14400.0
79 14400.0
80 14400.0
81 14400.0
82 14400.0
83 14238.0
84 14238.0
85 14080.0
86 14080.0
87 14080.0
88 13920.0
89 13765.0
90 13765.0
91 13765.0
92 6839.0
93 6839.0
94 6775.0
95 6771.0
96 6771.0
97 6771.0
98 6771.0
99 5947.0
100 5884.0
101 5751.0
102 5691.0
103 5691.0
104 5691.0
105 5691.0
106 5635.0
107 5565.0
108 5508.0
109 5508.0
110 5452.0
111 5452.0
112 5452.0
113 5452.0
114 5452.0
115 5452.0
116 5452.0
117 5330.0
118 5262.0
119 5262.0
120 5243.0
121 5243.0
122 5243.0
123 5243.0
124 5185.0
125 5185.0
126 5185.0
127 4994.0
128 4994.0
129 4991.0
130 4799.0
131 4799.0
132 4799.0
133 4799.0
134 4753.0
135 4753.0
136 4753.0
137 4716.0
138 4716.0
139 4716.0
140 4716.0
141 4716.0
142 4716.0
143 4716.0
144 4678.0
145 4645.0
146 4645.0
147 4645.0
148 4618.0
149 4618.0
150 4618.0
151 4618.0
152 4602.0
153 4602.0
154 4602.0
155 4602.0
156 3314.0
157 3022.0
158 3022.0
159 2969.0
160 2969.0
161 2965.0
162 2964.0
163 2963.0
164 2963.0
165 2923.0
166 2923.0
167 2909.0
168 2907.0
169 2899.0
170 2892.0
171 2892.0
172 2892.0
173 2892.0
174 2892.0
175 2892.0
176 2892.0
177 2884.0
178 2883.0
179 2883.0
180 1913.0
181 1900.0
182 1879.0
183 1859.0
184 1856.0
185 1856.0
186 1818.0
187 1801.0
188 1791.0
189 1791.0
190 1778.0
191 1778.0
192 1778.0
193 1778.0
194 1767.0
195 1764.0
196 1757.0
197 1757.0
198 1734.0
199 1712.0
200 1712.0
201 1712.0
202 1712.0
203 1712.0
204 1712.0
205 1692.0
206 1685.0
207 1673.0
208 1600.0
209 1593.0
210 1591.0
211 1591.0
212 1544.0
213 1523.0
214 1509.0
215 1509.0
216 1509.0
217 1432.0
218 1432.0
219 1414.0
220 1414.0
221 1414.0
222 1407.0
223 1407.0
224 1407.0
225 1407.0
226 1407.0
227 1406.0
228 1406.0
229 1406.0
230 1406.0
231 1406.0
232 1406.0
233 1406.0
234 1406.0
235 1406.0
236 1406.0
237 1395.0
238 1395.0
239 1339.0
240 1339.0
241 1339.0
242 1339.0
243 1339.0
244 1339.0
245 1339.0
246 1329.0
247 1326.0
248 1326.0
249 1326.0
250 1321.0
251 1315.0
252 1315.0
253 1315.0
254 1315.0
255 1315.0
256 1315.0
257 1275.0
258 1273.0
259 1273.0
260 1273.0
261 1273.0
262 1268.0
263 1268.0
264 1268.0
265 1268.0
266 1267.0
267 1267.0
268 1233.0
269 1233.0
270 1233.0
271 1233.0
272 1230.0
273 1230.0
274 1230.0
275 1230.0
276 1230.0
277 1230.0
278 1230.0
279 1230.0
280 1230.0
281 1222.0
282 1222.0
283 1222.0
284 1222.0
285 1201.0
286 1201.0
287 1201.0
288 1201.0
289 1201.0
290 1201.0
291 1201.0
292 1191.0
293 1191.0
294 1182.0
295 1182.0
296 1182.0
297 1182.0
298 1182.0
299 1178.0
300 1178.0
301 1178.0
302 1178.0
303 1178.0
304 1178.0
305 1178.0
306 1120.0
307 1120.0
308 1113.0
309 1111.0
310 1111.0
311 1096.0
312 1096.0
313 1096.0
314 1096.0
315 1096.0
316 1096.0
317 1090.0
318 1075.0
319 1055.0
320 1055.0
321 1055.0
322 1055.0
323 1055.0
324 1055.0
325 1055.0
326 1055.0
327 1055.0
328 1055.0
329 1055.0
340 1054.0
341 1046.0
342 1046.0
343 1016.0
344 1015.0
345 993.0
346 993.0
347 992.0
348 986.0
349 986.0
350 971.0
351 971.0
352 962.0
353 962.0
354 962.0
355 961.0
356 936.0
357 936.0
358 936.0
359 936.0
360 892.0
361 892.0
362 891.0
363 891.0
364 891.0
365 891.0
366 877.0
367 877.0
368 875.0
369 874.0
370 874.0
371 844.0
372 844.0
373 840.0
374 833.0
375 833.0
376 833.0
377 833.0
378 833.0
379 833.0
380 829.0
381 829.0
382 829.0
383 824.0
384 824.0
385 824.0
386 821.0
387 821.0
388 821.0
389 821.0
390 821.0
391 821.0
392 816.0
393 816.0
394 816.0
395 816.0
396 808.0
397 774.0
398 774.0
399 774.0
400 771.0
401 771.0
402 771.0
403 764.0
404 761.0
405 761.0
406 761.0
407 761.0
408 761.0
409 761.0
410 738.0
411 738.0
412 738.0
413 738.0
414 738.0
415 686.0
416 686.0
417 686.0
418 674.0
419 674.0
420 674.0
421 674.0
422 674.0
423 674.0
424 674.0
425 674.0
426 674.0
427 674.0
428 674.0
439 695.0
440 684.0
441 682.0
442 682.0
443 682.0
444 682.0
445 682.0
446 682.0
447 682.0
448 682.0
449 682.0
450 682.0
451 682.0
462 688.0
463 688.0
464 688.0
465 688.0
466 688.0
467 688.0
468 688.0
469 688.0
470 687.0
471 687.0
472 687.0
473 687.0
474 683.0
475 683.0
476 683.0
477 683.0
478 681.0
479 681.0
480 681.0
481 681.0
482 681.0
483 681.0
484 681.0
485 681.0
486 681.0
487 681.0
488 681.0
499 684.0
500 684.0
501 684.0
502 679.0
503 679.0
504 679.0
505 679.0
506 679.0
507 679.0
508 679.0
509 679.0
510 679.0
511 679.0
512 679.0
523 661.0
524 661.0
525 660.0
526 660.0
527 660.0
528 655.0
529 655.0
530 655.0
531 654.0
532 654.0
533 654.0
534 654.0
535 654.0
536 654.0
537 654.0
538 654.0
539 654.0
540 654.0
541 654.0
552 664.0
553 664.0
554 664.0
555 664.0
556 664.0
557 664.0
558 664.0
559 654.0
560 652.0
561 652.0
562 652.0
563 652.0
564 652.0
565 652.0
566 651.0
567 651.0
568 632.0
569 627.0
570 627.0
571 627.0
572 627.0
573 620.0
574 620.0
575 620.0
576 619.0
577 619.0
578 618.0
579 618.0
580 618.0
581 618.0
582 618.0
583 618.0
584 618.0
585 618.0
586 618.0
587 618.0
588 618.0
599 642.0
600 642.0
601 642.0
602 642.0
603 642.0
604 640.0
605 636.0
606 636.0
607 635.0
608 635.0
609 635.0
610 634.0
611 634.0
612 634.0
613 626.0
614 626.0
615 621.0
616 621.0
617 621.0
618 621.0
619 621.0
620 621.0
621 595.0
622 595.0
623 593.0
624 593.0
625 593.0
626 587.0
627 587.0
628 587.0
629 587.0
630 587.0
631 587.0
632 587.0
633 587.0
634 587.0
635 587.0
636 587.0
647 592.0
648 592.0
649 591.0
650 591.0
651 591.0
652 591.0
653 591.0
654 589.0
655 589.0
656 589.0
657 587.0
658 565.0
659 565.0
660 551.0
661 551.0
662 551.0
663 551.0
664 551.0
665 551.0
666 551.0
667 551.0
668 549.0
669 549.0
670 545.0
671 545.0
672 545.0
673 542.0
674 542.0
675 542.0
676 542.0
677 542.0
678 542.0
679 539.0
680 537.0
681 537.0
682 537.0
683 537.0
684 537.0
685 537.0
686 537.0
687 537.0
688 537.0
689 537.0
690 537.0
701 521.0
702 521.0
703 520.0
704 520.0
705 520.0
706 520.0
707 520.0
708 520.0
709 519.0
710 519.0
711 519.0
712 519.0
713 519.0
714 519.0
715 507.0
716 507.0
717 492.0
718 491.0
719 491.0
720 491.0
721 491.0
722 488.0
723 487.0
724 487.0
725 487.0
726 487.0
727 486.0
728 485.0
729 485.0
730 485.0
731 485.0
732 484.0
733 484.0
734 484.0
735 484.0
736 484.0
737 483.0
738 481.0
739 475.0
740 475.0
741 475.0
742 475.0
743 475.0
744 471.0
745 471.0
746 471.0
747 471.0
748 471.0
749 461.0
750 461.0
751 461.0
752 461.0
753 461.0
754 461.0
755 460.0
756 460.0
757 460.0
758 460.0
759 460.0
760 460.0
761 460.0
762 460.0
763 460.0
764 460.0
765 460.0
776 461.0
777 453.0
778 452.0
779 449.0
780 448.0
781 446.0
782 444.0
783 441.0
784 440.0
785 440.0
786 440.0
787 440.0
788 440.0
789 426.0
790 425.0
791 425.0
792 425.0
793 425.0
794 419.0
795 419.0
796 419.0
797 419.0
798 419.0
799 419.0
800 419.0
801 419.0
802 419.0
803 419.0
804 419.0
815 417.0
816 417.0
817 410.0
818 410.0
819 410.0
820 410.0
821 409.0
822 409.0
823 397.0
824 397.0
825 396.0
826 395.0
827 395.0
828 395.0
829 395.0
830 395.0
831 395.0
832 395.0
833 395.0
834 395.0
835 395.0
836 395.0
847 400.0
848 400.0
849 400.0
850 400.0
851 400.0
852 400.0
853 400.0
854 400.0
855 400.0
856 400.0
867 395.0
868 395.0
869 395.0
870 395.0
871 395.0
872 388.0
873 388.0
874 388.0
875 388.0
876 388.0
877 388.0
878 388.0
879 388.0
880 388.0
881 388.0
882 388.0
893 383.0
894 382.0
895 382.0
896 381.0
897 381.0
898 381.0
899 381.0
900 381.0
901 381.0
902 381.0
903 381.0
904 381.0
905 381.0
906 380.0
907 380.0
908 380.0
909 378.0
910 378.0
911 378.0
912 378.0
913 376.0
914 376.0
915 376.0
916 373.0
917 373.0
918 368.0
919 368.0
920 368.0
921 368.0
922 368.0
923 368.0
924 368.0
925 368.0
926 367.0
927 367.0
928 365.0
929 365.0
930 365.0
931 365.0
932 365.0
933 365.0
934 365.0
935 365.0
936 362.0
937 362.0
938 362.0
939 362.0
940 361.0
941 361.0
942 361.0
943 360.0
944 360.0
945 360.0
946 360.0
947 360.0
948 360.0
949 360.0
950 360.0
951 360.0
952 360.0
953 360.0
964 359.0
965 358.0
966 358.0
967 358.0
968 358.0
969 358.0
970 358.0
971 358.0
972 358.0
973 358.0
974 358.0
975 357.0
976 357.0
977 357.0
978 357.0
979 357.0
980 357.0
981 357.0
982 354.0
983 354.0
984 354.0
985 349.0
986 345.0
987 345.0
988 345.0
989 345.0
990 345.0
991 345.0
992 345.0
993 344.0
994 344.0
995 344.0
996 344.0
997 344.0
998 344.0
999 344.0
1000 344.0
1001 344.0
1002 344.0
1003 344.0
1014 323.0
1015 322.0
1016 322.0
1017 322.0
1018 322.0
1019 322.0
1020 322.0
1021 322.0
1022 322.0
1023 322.0
1024 322.0
1025 321.0
1026 321.0
1027 321.0
1028 321.0
1029 321.0
1030 321.0
1031 321.0
1032 321.0
1033 321.0
1034 321.0
1035 319.0
1036 319.0
1037 319.0
1038 319.0
1039 319.0
1040 319.0
1041 319.0
1042 319.0
1043 319.0
1044 319.0
1045 319.0
1056 323.0
1057 323.0
1058 323.0
1059 323.0
1060 323.0
1061 323.0
1062 323.0
1063 323.0
1064 323.0
1065 323.0
1076 322.0
1077 322.0
1078 322.0
1079 322.0
1080 322.0
1081 322.0
1082 322.0
1083 322.0
1084 322.0
1085 320.0
1086 319.0
1087 319.0
1088 319.0
1089 318.0
1090 318.0
1091 318.0
1092 318.0
1093 318.0
1094 318.0
1095 318.0
1096 318.0
1097 318.0
1098 318.0
1099 318.0
1110 320.0
1111 320.0
1112 320.0
1113 320.0
1114 320.0
1115 320.0
1116 320.0
1117 320.0
1118 320.0
1119 320.0
1130 315.0
1131 315.0
1132 315.0
1133 315.0
1134 310.0
1135 310.0
1136 310.0
1137 310.0
1138 310.0
1139 310.0
1140 310.0
1141 310.0
1142 310.0
1143 310.0
1144 310.0
1155 310.0
1156 310.0
1157 310.0
1158 310.0
1159 310.0
1160 310.0
1161 310.0
1162 310.0
1163 310.0
1164 310.0
1175 314.0
1176 314.0
1177 314.0
1178 314.0
1179 314.0
1180 314.0
1181 314.0
1182 314.0
1183 314.0
1184 314.0
1195 324.0
1196 324.0
1197 319.0
1198 319.0
1199 319.0
1200 319.0
1201 319.0
1202 319.0
1203 319.0
1204 319.0
1205 319.0
1206 319.0
1207 319.0
1218 307.0
1219 307.0
1220 307.0
1221 307.0
1222 307.0
1223 304.0
1224 304.0
1225 304.0
1226 304.0
1227 304.0
1228 304.0
1229 304.0
1230 304.0
1231 304.0
1232 304.0
1233 302.0
1234 302.0
1235 302.0
1236 302.0
1237 302.0
1238 302.0
1239 302.0
1240 302.0
1241 302.0
1242 302.0
1243 302.0
1254 302.0
1255 302.0
1256 302.0
1257 302.0
1258 301.0
1259 301.0
1260 297.0
1261 297.0
1262 297.0
1263 297.0
1264 297.0
1265 297.0
1266 297.0
1267 297.0
1268 297.0
1269 297.0
1270 297.0
1281 294.0
1282 294.0
1283 294.0
1284 294.0
1285 294.0
1286 294.0
1287 294.0
1288 293.0
1289 293.0
1290 293.0
1291 293.0
1292 293.0
1293 293.0
1294 293.0
1295 293.0
1296 293.0
1297 293.0
1298 293.0
1309 290.0
1310 290.0
1311 290.0
1312 290.0
1313 290.0
1314 290.0
1315 290.0
1316 290.0
1317 290.0
1318 290.0
1329 290.0
1330 290.0
1331 290.0
1332 290.0
1333 290.0
1334 290.0
1335 290.0
1336 290.0
1337 290.0
1338 290.0
1349 287.0
1350 287.0
1351 287.0
1352 287.0
1353 287.0
1354 287.0
1355 287.0
1356 287.0
1357 287.0
1358 287.0
1359 287.0
1370 283.0
1371 283.0
1372 283.0
1373 283.0
1374 283.0
1375 283.0
1376 283.0
1377 283.0
1378 281.0
1379 281.0
1380 279.0
1381 279.0
1382 279.0
1383 279.0
1384 279.0
1385 279.0
1386 279.0
1387 279.0
1388 278.0
1389 278.0
1390 278.0
1391 278.0
1392 278.0
1393 277.0
1394 277.0
1395 277.0
1396 277.0
1397 277.0
1398 277.0
1399 277.0
1400 277.0
1401 277.0
1402 277.0
1403 277.0
1414 284.0
1415 283.0
1416 283.0
1417 283.0
1418 283.0
1419 283.0
1420 283.0
1421 283.0
1422 283.0
1423 283.0
1424 283.0
1425 283.0
1436 283.0
1437 283.0
1438 283.0
1439 281.0
1440 281.0
1441 281.0
1442 278.0
1443 278.0
1444 278.0
1445 278.0
1446 278.0
1447 278.0
1448 278.0
1449 278.0
1450 278.0
1451 278.0
1452 278.0
1463 276.0
1464 276.0
1465 276.0
1466 276.0
1467 276.0
1468 276.0
1469 276.0
1470 276.0
1471 276.0
1472 276.0
1483 276.0
1484 276.0
1485 276.0
1486 276.0
1487 276.0
1488 276.0
1489 276.0
1490 276.0
1491 276.0
1492 276.0
1503 276.0
1504 276.0
1505 276.0
1506 276.0
1507 276.0
1508 276.0
1509 276.0
1510 276.0
1511 276.0
1512 276.0
1513 276.0
1524 276.0
1525 276.0
1526 276.0
1527 276.0
1528 276.0
1529 276.0
1530 276.0
1531 276.0
1532 276.0
1533 276.0
1544 276.0
1545 276.0
1546 276.0
1547 276.0
1548 276.0
1549 276.0
1550 276.0
1551 276.0
1552 276.0
1553 276.0
1564 274.0
1565 274.0
1566 274.0
1567 274.0
1568 274.0
1569 274.0
1570 273.0
1571 273.0
1572 273.0
1573 273.0
1574 273.0
1575 273.0
1576 273.0
1577 273.0
1578 273.0
1579 273.0
1580 273.0
1591 275.0
1592 275.0
1593 275.0
1594 272.0
1595 272.0
1596 272.0
1597 272.0
1598 272.0
1599 272.0
1600 272.0
1601 272.0
1602 272.0
1603 272.0
1604 272.0
1615 280.0
1616 278.0
1617 278.0
1618 278.0
1619 278.0
1620 278.0
1621 278.0
1622 278.0
1623 278.0
1624 278.0
1625 278.0
1626 278.0
1637 279.0
1638 279.0
1639 279.0
1640 279.0
1641 279.0
1642 279.0
1643 279.0
1644 279.0
1645 279.0
1646 279.0
1657 278.0
1658 278.0
1659 278.0
1660 278.0
1661 278.0
1662 278.0
1663 278.0
1664 278.0
1665 278.0
1666 278.0
1667 278.0
1678 278.0
1679 278.0
1680 276.0
1681 276.0
1682 276.0
1683 276.0
1684 276.0
1685 276.0
1686 276.0
1687 276.0
1688 276.0
1689 276.0
1690 276.0
1701 278.0
1702 278.0
1703 278.0
1704 278.0
1705 278.0
1706 278.0
1707 278.0
1708 278.0
1709 278.0
1710 278.0
1721 278.0
1722 278.0
1723 278.0
1724 278.0
1725 278.0
1726 278.0
1727 278.0
1728 278.0
1729 278.0
1730 278.0
1741 276.0
1742 276.0
1743 276.0
1744 276.0
1745 276.0
1746 276.0
1747 276.0
1748 276.0
1749 276.0
1750 276.0
1761 290.0
1762 290.0
1763 290.0
1764 290.0
1765 290.0
1766 290.0
1767 290.0
1768 290.0
1769 290.0
1770 290.0
1781 276.0
1782 276.0
1783 276.0
1784 276.0
1785 276.0
1786 276.0
1787 276.0
1788 276.0
1789 276.0
1790 276.0
1801 282.0
1802 282.0
1803 282.0
1804 282.0
1805 282.0
1806 282.0
1807 282.0
1808 282.0
1809 282.0
1810 282.0
1821 284.0
1822 284.0
1823 284.0
1824 284.0
1825 284.0
1826 284.0
1827 284.0
1828 284.0
1829 284.0
1830 284.0
1841 284.0
1842 284.0
1843 284.0
1844 284.0
1845 284.0
1846 284.0
1847 284.0
1848 284.0
1849 284.0
1850 284.0
1861 287.0
1862 287.0
1863 287.0
1864 287.0
1865 287.0
1866 287.0
1867 287.0
1868 287.0
1869 287.0
1870 287.0
1881 289.0
1882 289.0
1883 289.0
1884 289.0
1885 286.0
1886 286.0
1887 286.0
1888 286.0
1889 286.0
1890 286.0
1891 286.0
1892 286.0
1893 286.0
1894 286.0
1895 286.0
1906 284.0
1907 283.0
1908 283.0
1909 283.0
1910 283.0
1911 283.0
1912 283.0
1913 283.0
1914 283.0
1915 283.0
1916 283.0
1917 283.0
1928 281.0
1929 281.0
1930 281.0
1931 281.0
1932 281.0
1933 281.0
1934 281.0
1935 281.0
1936 281.0
1937 281.0
1948 291.0
1949 291.0
1950 291.0
1951 291.0
1952 291.0
1953 291.0
1954 290.0
1955 290.0
1956 290.0
1957 290.0
1958 290.0
1959 290.0
1960 290.0
1961 290.0
1962 287.0
1963 287.0
1964 287.0
1965 287.0
1966 287.0
1967 287.0
1968 287.0
1969 287.0
1970 287.0
1971 287.0
1972 287.0
1983 287.0
1984 287.0
1985 287.0
1986 287.0
1987 287.0
1988 287.0
1989 287.0
1990 287.0
1991 287.0
1992 287.0
2003 287.0
2004 287.0
2005 287.0
2006 287.0
2007 287.0
2008 287.0
2009 287.0
2010 287.0
2011 287.0
2012 287.0
2023 287.0
2024 287.0
2025 287.0
2026 287.0
2027 287.0
2028 287.0
2029 285.0
2030 285.0
2031 285.0
2032 285.0
2033 285.0
2034 285.0
2035 285.0
2036 285.0
2037 285.0
2038 285.0
2039 285.0
2050 284.0
2051 284.0
2052 284.0
2053 284.0
2054 284.0
2055 284.0
2056 284.0
2057 284.0
2058 284.0
2059 284.0
2070 278.0
2071 278.0
2072 278.0
2073 278.0
2074 278.0
2075 278.0
2076 278.0
2077 278.0
2078 278.0
2079 278.0
2090 279.0
2091 279.0
2092 279.0
2093 279.0
2094 279.0
2095 279.0
2096 279.0
2097 279.0
2098 279.0
2099 279.0
2110 283.0
2111 283.0
2112 283.0
2113 283.0
2114 283.0
2115 283.0
2116 283.0
2117 283.0
2118 283.0
2119 283.0
2130 283.0
2131 283.0
2132 283.0
2133 283.0
2134 283.0
2135 283.0
2136 283.0
2137 283.0
2138 283.0
2139 283.0
2150 289.0
2151 289.0
2152 289.0
2153 289.0
2154 289.0
2155 289.0
2156 289.0
2157 289.0
2158 289.0
2159 289.0
2170 293.0
2171 292.0
2172 292.0
2173 292.0
2174 291.0
2175 291.0
2176 291.0
2177 291.0
2178 291.0
2179 291.0
2180 291.0
2181 291.0
2182 289.0
2183 286.0
2184 286.0
2185 286.0
2186 286.0
2187 286.0
2188 286.0
2189 286.0
2190 286.0
2191 286.0
2192 286.0
2193 286.0
2204 277.0
2205 277.0
2206 277.0
2207 277.0
2208 277.0
2209 277.0
2210 277.0
2211 277.0
2212 277.0
2213 277.0
2224 283.0
2225 283.0
2226 281.0
2227 281.0
2228 281.0
2229 281.0
2230 281.0
2231 281.0
2232 281.0
2233 281.0
2234 281.0
2235 281.0
2236 281.0
2247 277.0
2248 277.0
2249 277.0
2250 277.0
2251 277.0
2252 277.0
2253 277.0
2254 277.0
2255 277.0
2256 277.0
2267 275.0
2268 275.0
2269 275.0
2270 275.0
2271 275.0
2272 275.0
2273 275.0
2274 275.0
2275 275.0
2276 275.0
2287 288.0
2288 288.0
2289 286.0
2290 286.0
2291 286.0
2292 286.0
2293 286.0
2294 286.0
2295 286.0
2296 286.0
2297 286.0
2298 286.0
2299 286.0
2310 286.0
2311 286.0
2312 274.0
2313 274.0
2314 274.0
2315 274.0
2316 274.0
2317 274.0
2318 274.0
2319 274.0
2320 274.0
2321 274.0
2322 274.0
2333 276.0
2334 276.0
2335 276.0
2336 276.0
2337 276.0
2338 276.0
2339 276.0
2340 276.0
2341 276.0
2342 276.0
2353 276.0
2354 276.0
2355 276.0
2356 276.0
2357 276.0
2358 276.0
2359 272.0
2360 272.0
2361 272.0
2362 272.0
2363 272.0
2364 271.0
2365 271.0
2366 271.0
2367 271.0
2368 271.0
2369 271.0
2370 271.0
2371 271.0
2372 271.0
2373 270.0
2374 270.0
2375 270.0
2376 267.0
2377 267.0
2378 267.0
2379 267.0
2380 267.0
2381 267.0
2382 267.0
2383 267.0
2384 267.0
2385 267.0
2386 267.0
2397 269.0
2398 269.0
2399 269.0
2400 269.0
2401 269.0
2402 269.0
2403 269.0
2404 269.0
2405 269.0
2406 269.0
2417 269.0
2418 269.0
2419 269.0
2420 269.0
2421 269.0
2422 269.0
2423 269.0
2424 269.0
2425 269.0
2426 269.0
2437 269.0
2438 269.0
2439 269.0
2440 269.0
2441 269.0
2442 269.0
2443 269.0
2444 269.0
2445 269.0
2446 269.0
2457 269.0
2458 269.0
2459 269.0
2460 269.0
2461 269.0
2462 269.0
2463 269.0
2464 269.0
2465 269.0
2466 269.0
2477 271.0
2478 271.0
2479 271.0
2480 271.0
2481 271.0
2482 271.0
2483 271.0
2484 271.0
2485 269.0
2486 269.0
2487 269.0
2488 269.0
2489 269.0
2490 267.0
2491 267.0
2492 267.0
2493 267.0
2494 267.0
2495 267.0
2496 267.0
2497 267.0
2498 267.0
2499 267.0
2500 267.0
2511 267.0
2512 267.0
2513 267.0
2514 267.0
2515 267.0
2516 267.0
2517 267.0
2518 267.0
2519 267.0
2520 267.0
2531 269.0
2532 269.0
2533 269.0
2534 269.0
2535 269.0
2536 269.0
2537 269.0
2538 269.0
2539 269.0
2540 269.0
2551 272.0
2552 272.0
2553 272.0
2554 272.0
2555 266.0
2556 266.0
2557 266.0
2558 266.0
2559 266.0
2560 266.0
2561 266.0
2562 266.0
2563 266.0
2564 266.0
2565 266.0
2576 266.0
2577 266.0
2578 266.0
2579 266.0
2580 266.0
2581 266.0
2582 266.0
2583 266.0
2584 266.0
2585 266.0
2596 271.0
2597 271.0
2598 271.0
2599 271.0
2600 271.0
2601 271.0
2602 271.0
2603 271.0
2604 271.0
2605 271.0
2616 272.0
2617 272.0
2618 272.0
2619 272.0
2620 272.0
2621 272.0
2622 272.0
2623 272.0
2624 272.0
2625 270.0
2626 270.0
2627 270.0
2628 270.0
2629 270.0
2630 270.0
2631 270.0
2632 270.0
2633 270.0
2634 270.0
2635 270.0
2646 268.0
2647 268.0
2648 268.0
2649 268.0
2650 268.0
2651 268.0
2652 268.0
2653 268.0
2654 268.0
2655 268.0
2666 270.0
2667 270.0
2668 270.0
2669 270.0
2670 270.0
2671 269.0
2672 269.0
2673 269.0
2674 269.0
2675 267.0
2676 267.0
2677 267.0
2678 267.0
2679 267.0
2680 267.0
2681 267.0
2682 267.0
2683 267.0
2684 267.0
2685 267.0
2696 269.0
2697 269.0
2698 269.0
2699 269.0
2700 269.0
2701 269.0
2702 269.0
2703 269.0
2704 269.0
2705 269.0
2716 272.0
2717 272.0
2718 272.0
2719 272.0
2720 272.0
2721 272.0
2722 272.0
2723 272.0
2724 272.0
2725 272.0
2736 268.0
2737 268.0
2738 268.0
2739 268.0
2740 268.0
2741 268.0
2742 268.0
2743 268.0
2744 268.0
2745 268.0
2756 266.0
2757 266.0
2758 266.0
2759 266.0
2760 266.0
2761 266.0
2762 266.0
2763 266.0
2764 266.0
2765 266.0
2766 266.0
2777 269.0
2778 268.0
2779 268.0
2780 268.0
2781 268.0
2782 268.0
2783 268.0
2784 268.0
2785 268.0
2786 268.0
2787 268.0
2788 268.0
2799 268.0
2800 268.0
2801 268.0
2802 268.0
2803 268.0
2804 268.0
2805 268.0
2806 268.0
2807 268.0
2808 268.0
2819 271.0
2820 271.0
2821 271.0
2822 271.0
2823 271.0
2824 271.0
2825 271.0
2826 271.0
2827 271.0
2828 271.0
2839 271.0
2840 271.0
2841 271.0
2842 269.0
2843 269.0
2844 269.0
2845 266.0
2846 266.0
2847 266.0
2848 266.0
2849 266.0
2850 266.0
2851 266.0
2852 266.0
2853 266.0
2854 266.0
2855 266.0
2866 267.0
2867 267.0
2868 267.0
2869 267.0
2870 267.0
2871 267.0
2872 267.0
2873 267.0
2874 267.0
2875 267.0
2886 268.0
2887 268.0
2888 268.0
2889 268.0
2890 268.0
2891 268.0
2892 268.0
2893 268.0
2894 268.0
2895 268.0
2906 269.0
2907 269.0
2908 269.0
2909 269.0
2910 269.0
2911 269.0
2912 269.0
2913 269.0
2914 269.0
2915 269.0
2926 270.0
2927 270.0
2928 270.0
2929 270.0
2930 270.0
2931 270.0
2932 270.0
2933 270.0
2934 270.0
2935 270.0
2946 274.0
2947 274.0
2948 274.0
2949 274.0
2950 274.0
2951 274.0
2952 274.0
2953 274.0
2954 274.0
2955 274.0
2966 274.0
2967 274.0
2968 274.0
2969 274.0
2970 274.0
2971 274.0
2972 274.0
2973 274.0
2974 274.0
2975 274.0
2986 274.0
2987 274.0
2988 274.0
2989 274.0
2990 274.0
2991 273.0
2992 273.0
2993 273.0
2994 273.0
2995 273.0
2996 273.0
2997 273.0
2998 273.0
2999 273.0
3000 273.0
3001 273.0
3012 273.0
3013 273.0
3014 273.0
3015 273.0
3016 273.0
3017 273.0
3018 273.0
3019 273.0
3020 273.0
3021 273.0
3032 279.0
3033 279.0
3034 279.0
3035 279.0
3036 279.0
3037 279.0
3038 279.0
3039 279.0
3040 279.0
3041 279.0
3052 281.0
3053 281.0
3054 281.0
3055 281.0
3056 281.0
3057 281.0
3058 281.0
3059 281.0
3060 281.0
3061 281.0
3072 282.0
3073 282.0
3074 282.0
3075 282.0
3076 282.0
3077 282.0
3078 282.0
3079 282.0
3080 282.0
3081 282.0
3092 287.0
3093 287.0
3094 287.0
3095 287.0
3096 287.0
3097 287.0
3098 287.0
3099 287.0
3100 287.0
3101 287.0
3102 287.0
3113 287.0
3114 287.0
3115 287.0
3116 287.0
3117 287.0
3118 287.0
3119 287.0
3120 287.0
3121 287.0
3122 287.0
3133 288.0
3134 287.0
3135 287.0
3136 287.0
3137 287.0
3138 287.0
3139 287.0
3140 287.0
3141 287.0
3142 287.0
3143 287.0
3144 287.0
3155 287.0
3156 287.0
3157 287.0
3158 287.0
3159 287.0
3160 287.0
3161 287.0
3162 283.0
3163 283.0
3164 283.0
3165 283.0
3166 283.0
3167 283.0
3168 283.0
3169 283.0
3170 282.0
3171 282.0
3172 282.0
3173 282.0
3174 282.0
3175 282.0
3176 282.0
3177 282.0
3178 282.0
3179 282.0
3180 282.0
3191 286.0
3192 286.0
3193 286.0
3194 286.0
3195 286.0
3196 286.0
3197 286.0
3198 286.0
3199 286.0
3200 286.0
3211 289.0
3212 289.0
3213 289.0
3214 289.0
3215 286.0
3216 286.0
3217 286.0
3218 286.0
3219 286.0
3220 286.0
3221 286.0
3222 286.0
3223 286.0
3224 286.0
3225 286.0
3236 286.0
3237 286.0
3238 286.0
3239 286.0
3240 286.0
3241 286.0
3242 286.0
3243 286.0
3244 286.0
3245 286.0
3256 296.0
3257 296.0
3258 296.0
3259 296.0
3260 296.0
3261 296.0
3262 296.0
3263 296.0
3264 284.0
3265 284.0
3266 284.0
3267 281.0
3268 281.0
3269 281.0
3270 281.0
3271 281.0
3272 281.0
3273 281.0
3274 281.0
3275 281.0
3276 281.0
3277 281.0
3288 285.0
3289 285.0
3290 285.0
3291 284.0
3292 284.0
3293 284.0
3294 284.0
3295 284.0
3296 284.0
3297 284.0
3298 284.0
3299 284.0
3300 284.0
3301 284.0
3312 281.0
3313 281.0
3314 281.0
3315 281.0
3316 281.0
3317 281.0
3318 281.0
3319 281.0
3320 281.0
3321 281.0
3332 283.0
3333 283.0
3334 283.0
3335 283.0
3336 283.0
3337 283.0
3338 283.0
3339 283.0
3340 283.0
3341 283.0
3352 295.0
3353 295.0
3354 295.0
3355 295.0
3356 295.0
3357 295.0
3358 295.0
3359 295.0
3360 295.0
3361 295.0
3372 295.0
3373 295.0
3374 295.0
3375 295.0
3376 295.0
3377 295.0
3378 295.0
3379 295.0
3380 295.0
3381 295.0
3392 304.0
3393 304.0
3394 304.0
3395 304.0
3396 304.0
3397 304.0
3398 304.0
3399 304.0
3400 304.0
3401 304.0
3412 305.0
3413 305.0
3414 305.0
3415 305.0
3416 305.0
3417 305.0
3418 304.0
3419 304.0
3420 304.0
3421 304.0
3422 304.0
3423 304.0
3424 304.0
3425 304.0
3426 304.0
3427 304.0
3428 304.0
3439 294.0
3440 292.0
3441 290.0
3442 290.0
3443 290.0
3444 290.0
3445 290.0
3446 290.0
3447 290.0
3448 290.0
3449 290.0
3450 290.0
3451 290.0
3462 286.0
3463 286.0
3464 285.0
3465 285.0
3466 285.0
3467 285.0
3468 285.0
3469 285.0
3470 285.0
3471 285.0
3472 285.0
3473 285.0
3474 285.0
3485 281.0
3486 281.0
3487 281.0
3488 281.0
3489 281.0
3490 281.0
3491 281.0
3492 281.0
3493 281.0
3494 281.0
3505 284.0
3506 284.0
3507 284.0
3508 284.0
3509 284.0
3510 284.0
3511 284.0
3512 284.0
3513 284.0
3514 284.0
3525 276.0
3526 276.0
3527 276.0
3528 276.0
3529 276.0
3530 276.0
3531 276.0
3532 276.0
3533 276.0
3534 276.0
3545 280.0
3546 279.0
3547 279.0
3548 279.0
3549 279.0
3550 278.0
3551 278.0
3552 278.0
3553 278.0
3554 278.0
3555 278.0
3556 278.0
3557 278.0
3558 278.0
3559 278.0
3560 276.0
3561 276.0
3562 276.0
3563 276.0
3564 276.0
3565 276.0
3566 276.0
3567 276.0
3568 276.0
3569 276.0
3570 276.0
3581 276.0
3582 276.0
3583 276.0
3584 276.0
3585 276.0
3586 276.0
3587 276.0
3588 276.0
3589 276.0
3590 276.0
3601 274.0
3602 274.0
3603 274.0
3604 274.0
3605 274.0
3606 274.0
3607 274.0
3608 274.0
3609 274.0
3610 274.0
3621 279.0
3622 279.0
3623 279.0
3624 279.0
3625 279.0
3626 279.0
3627 279.0
3628 279.0
3629 279.0
3630 279.0
3641 280.0
3642 280.0
3643 280.0
3644 280.0
3645 280.0
3646 280.0
3647 280.0
3648 280.0
3649 280.0
3650 280.0
3661 290.0
3662 290.0
3663 289.0
3664 289.0
3665 289.0
3666 289.0
3667 289.0
3668 289.0
3669 289.0
3670 289.0
3671 289.0
3672 289.0
3673 289.0
3684 291.0
3685 291.0
3686 291.0
3687 291.0
3688 291.0
3689 291.0
3690 291.0
3691 291.0
3692 291.0
3693 291.0
3704 289.0
3705 289.0
3706 278.0
3707 278.0
3708 278.0
3709 278.0
3710 278.0
3711 278.0
3712 278.0
3713 278.0
3714 278.0
3715 278.0
3716 278.0
3727 274.0
3728 274.0
3729 272.0
3730 272.0
3731 272.0
3732 272.0
3733 272.0
3734 272.0
3735 272.0
3736 272.0
3737 272.0
3738 272.0
3739 272.0
3750 272.0
3751 272.0
3752 272.0
3753 272.0
3754 272.0
3755 272.0
3756 272.0
3757 272.0
3758 272.0
3759 272.0
3770 277.0
3771 277.0
3772 277.0
3773 277.0
3774 277.0
3775 276.0
3776 276.0
3777 276.0
3778 276.0
3779 276.0
3780 276.0
3781 276.0
3782 276.0
3783 276.0
3784 276.0
3785 276.0
3796 274.0
3797 274.0
3798 274.0
3799 274.0
3800 274.0
3801 274.0
3802 274.0
3803 274.0
3804 274.0
3805 274.0
3816 276.0
3817 274.0
3818 274.0
3819 274.0
3820 274.0
3821 274.0
3822 274.0
3823 274.0
3824 274.0
3825 274.0
3826 274.0
3827 273.0
3828 273.0
3829 273.0
3830 273.0
3831 273.0
3832 273.0
3833 273.0
3834 273.0
3835 273.0
3836 273.0
3837 273.0
3848 275.0
3849 275.0
3850 275.0
3851 275.0
3852 275.0
3853 275.0
3854 275.0
3855 275.0
3856 275.0
3857 275.0
3868 275.0
3869 275.0
3870 275.0
3871 275.0
3872 275.0
3873 275.0
3874 275.0
3875 275.0
3876 275.0
3877 275.0
3888 273.0
3889 273.0
3890 273.0
3891 273.0
3892 273.0
3893 273.0
3894 273.0
3895 273.0
3896 273.0
3897 273.0
3908 275.0
3909 275.0
3910 275.0
3911 275.0
3912 275.0
3913 275.0
3914 275.0
3915 275.0
3916 275.0
3917 275.0
3928 272.0
3929 272.0
3930 272.0
3931 272.0
3932 272.0
3933 272.0
3934 272.0
3935 272.0
3936 272.0
3937 272.0
3948 274.0
3949 274.0
3950 274.0
3951 274.0
3952 274.0
3953 274.0
3954 274.0
3955 274.0
3956 274.0
3957 274.0
3968 276.0
3969 276.0
3970 276.0
3971 276.0
3972 275.0
3973 275.0
3974 272.0
3975 272.0
3976 272.0
3977 272.0
3978 272.0
3979 272.0
3980 272.0
3981 272.0
3982 272.0
3983 272.0
3984 272.0
3995 270.0
3996 270.0
3997 270.0
3998 270.0
3999 270.0
4000 270.0
4001 270.0
4002 270.0
4003 270.0
4004 270.0
4015 272.0
4016 272.0
4017 272.0
4018 272.0
4019 272.0
4020 272.0
4021 272.0
4022 272.0
4023 272.0
4024 272.0
4035 271.0
4036 271.0
4037 271.0
4038 271.0
4039 269.0
4040 269.0
4041 269.0
4042 269.0
4043 269.0
4044 269.0
4045 269.0
4046 269.0
4047 269.0
4048 269.0
4049 269.0
4060 271.0
4061 271.0
4062 271.0
4063 271.0
4064 271.0
4065 271.0
4066 271.0
4067 271.0
4068 271.0
4069 271.0
4080 271.0
4081 271.0
4082 271.0
4083 271.0
4084 269.0
4085 269.0
4086 269.0
4087 269.0
4088 269.0
4089 269.0
4090 269.0
4091 269.0
4092 269.0
4093 269.0
4094 269.0
4105 272.0
4106 272.0
4107 272.0
4108 272.0
4109 272.0
4110 272.0
4111 272.0
4112 272.0
4113 272.0
4114 272.0
4125 276.0
4126 276.0
4127 276.0
4128 276.0
4129 270.0
4130 270.0
4131 270.0
4132 270.0
4133 270.0
4134 270.0
4135 270.0
4136 270.0
4137 270.0
4138 270.0
4139 270.0
4150 270.0
4151 270.0
4152 270.0
4153 270.0
4154 270.0
4155 270.0
4156 270.0
4157 270.0
4158 270.0
4159 270.0
4170 286.0
4171 286.0
4172 286.0
4173 286.0
4174 286.0
4175 286.0
4176 286.0
4177 286.0
4178 286.0
4179 286.0
4190 283.0
4191 283.0
4192 283.0
4193 283.0
4194 283.0
4195 283.0
4196 283.0
4197 283.0
4198 283.0
4199 283.0
4210 283.0
4211 283.0
4212 283.0
4213 283.0
4214 283.0
4215 281.0
4216 281.0
4217 281.0
4218 281.0
4219 281.0
4220 281.0
4221 281.0
4222 281.0
4223 281.0
4224 281.0
4225 281.0
4236 286.0
4237 286.0
4238 286.0
4239 286.0
4240 286.0
4241 286.0
4242 286.0
4243 286.0
4244 284.0
4245 284.0
4246 284.0
4247 284.0
4248 284.0
4249 284.0
4250 284.0
4251 284.0
4252 284.0
4253 284.0
4254 284.0
4265 289.0
4266 289.0
4267 289.0
4268 289.0
4269 287.0
4270 287.0
4271 287.0
4272 287.0
4273 287.0
4274 287.0
4275 287.0
4276 287.0
4277 287.0
4278 287.0
4279 287.0
4290 285.0
4291 285.0
4292 285.0
4293 285.0
4294 285.0
4295 285.0
4296 285.0
4297 285.0
4298 285.0
4299 285.0
4310 295.0
4311 295.0
4312 295.0
4313 295.0
4314 295.0
4315 295.0
4316 295.0
4317 295.0
4318 295.0
4319 295.0
4330 287.0
4331 287.0
4332 287.0
4333 287.0
4334 287.0
4335 287.0
4336 286.0
4337 286.0
4338 286.0
4339 286.0
4340 286.0
4341 286.0
4342 286.0
4343 286.0
4344 286.0
4345 286.0
4346 286.0
4357 288.0
4358 288.0
4359 288.0
4360 288.0
4361 288.0
4362 288.0
4363 288.0
4364 288.0
4365 288.0
4366 288.0
4377 288.0
4378 288.0
4379 288.0
4380 288.0
4381 288.0
4382 286.0
4383 286.0
4384 286.0
4385 286.0
4386 286.0
4387 286.0
4388 286.0
4389 286.0
4390 286.0
4391 286.0
4392 286.0
4403 288.0
4404 288.0
4405 288.0
4406 288.0
4407 288.0
4408 288.0
4409 288.0
4410 288.0
4411 288.0
4412 288.0
4423 300.0
4424 300.0
4425 300.0
4426 300.0
4427 300.0
4428 300.0
4429 300.0
4430 300.0
4431 300.0
4432 300.0
4433 300.0
4444 300.0
4445 300.0
4446 300.0
4447 300.0
4448 300.0
4449 300.0
4450 300.0
4451 300.0
4452 300.0
4453 300.0
4464 300.0
4465 300.0
4466 300.0
4467 300.0
4468 300.0
4469 294.0
4470 294.0
4471 294.0
4472 294.0
4473 294.0
4474 294.0
4475 294.0
4476 294.0
4477 294.0
4478 294.0
4479 294.0
4490 294.0
4491 294.0
4492 294.0
4493 294.0
4494 294.0
4495 294.0
4496 294.0
4497 294.0
4498 294.0
4499 294.0
4510 292.0
4511 292.0
4512 292.0
4513 292.0
4514 292.0
4515 292.0
4516 292.0
4517 292.0
4518 292.0
4519 292.0
4530 293.0
4531 293.0
4532 292.0
4533 292.0
4534 292.0
4535 292.0
4536 292.0
4537 292.0
4538 292.0
4539 292.0
4540 292.0
4541 288.0
4542 288.0
4543 288.0
4544 288.0
4545 288.0
4546 288.0
4547 288.0
4548 288.0
4549 288.0
4550 288.0
4551 288.0
4562 286.0
4563 286.0
4564 286.0
4565 286.0
4566 286.0
4567 286.0
4568 286.0
4569 286.0
4570 286.0
4571 286.0
4582 286.0
4583 286.0
4584 286.0
4585 286.0
4586 286.0
4587 286.0
4588 286.0
4589 286.0
4590 286.0
4591 286.0
4602 302.0
4603 299.0
4604 297.0
4605 297.0
4606 297.0
4607 297.0
4608 297.0
4609 297.0
4610 297.0
4611 297.0
4612 297.0
4613 297.0
4614 297.0
4625 305.0
4626 305.0
4627 305.0
4628 305.0
4629 305.0
4630 305.0
4631 305.0
4632 305.0
4633 305.0
4634 305.0
4645 305.0
4646 305.0
4647 305.0
4648 305.0
4649 305.0
4650 305.0
4651 305.0
4652 303.0
4653 303.0
4654 303.0
4655 303.0
4656 303.0
4657 301.0
4658 301.0
4659 301.0
4660 301.0
4661 301.0
4662 301.0
4663 301.0
4664 301.0
4665 301.0
4666 301.0
4667 301.0
4678 303.0
4679 303.0
4680 303.0
4681 303.0
4682 303.0
4683 303.0
4684 303.0
4685 303.0
4686 303.0
4687 303.0
4698 303.0
4699 301.0
4700 301.0
4701 301.0
4702 301.0
4703 301.0
4704 301.0
4705 301.0
4706 301.0
4707 301.0
4708 301.0
4709 301.0
4720 295.0
4721 295.0
4722 295.0
4723 295.0
4724 295.0
4725 295.0
4726 293.0
4727 293.0
4728 293.0
4729 293.0
4730 293.0
4731 293.0
4732 293.0
4733 293.0
4734 293.0
4735 293.0
4736 293.0
4747 295.0
4748 295.0
4749 295.0
4750 295.0
4751 295.0
4752 295.0
4753 295.0
4754 295.0
4755 295.0
4756 295.0
4767 304.0
4768 304.0
4769 304.0
4770 304.0
4771 304.0
4772 304.0
4773 304.0
4774 304.0
4775 304.0
4776 304.0
4787 316.0
4788 316.0
4789 316.0
4790 316.0
4791 316.0
4792 316.0
4793 316.0
4794 316.0
4795 316.0
4796 316.0
4807 318.0
4808 318.0
4809 318.0
4810 318.0
4811 318.0
4812 318.0
4813 318.0
4814 318.0
4815 318.0
4816 318.0
4817 318.0
4828 313.0
4829 313.0
4830 313.0
4831 313.0
4832 313.0
4833 313.0
4834 313.0
4835 313.0
4836 313.0
4837 313.0
4848 317.0
4849 317.0
4850 317.0
4851 317.0
4852 317.0
4853 317.0
4854 315.0
4855 315.0
4856 315.0
4857 315.0
4858 315.0
4859 315.0
4860 313.0
4861 313.0
4862 313.0
4863 313.0
4864 313.0
4865 313.0
4866 313.0
4867 313.0
4868 313.0
4869 313.0
4870 313.0
4881 312.0
4882 312.0
4883 312.0
4884 312.0
4885 312.0
4886 312.0
4887 312.0
4888 312.0
4889 312.0
4890 312.0
4901 309.0
4902 309.0
4903 309.0
4904 309.0
4905 309.0
4906 309.0
4907 309.0
4908 309.0
4909 308.0
4910 308.0
4911 308.0
4912 308.0
4913 308.0
4914 308.0
4915 306.0
4916 306.0
4917 306.0
4918 306.0
4919 306.0
4920 306.0
4921 306.0
4922 306.0
4923 306.0
4924 306.0
4925 306.0
4936 306.0
4937 306.0
4938 306.0
4939 306.0
4940 306.0
4941 306.0
4942 306.0
4943 306.0
4944 306.0
4945 306.0
4956 307.0
4957 307.0
4958 307.0
4959 307.0
4960 306.0
4961 306.0
4962 306.0
4963 306.0
4964 306.0
4965 306.0
4966 306.0
4967 306.0
4968 306.0
4969 306.0
4970 306.0
4981 301.0
4982 301.0
4983 301.0
4984 301.0
4985 301.0
4986 301.0
4987 301.0
4988 301.0
4989 301.0
4990 301.0
