0 38685.0
1 37586.0
2 37581.0
3 37308.0
4 37036.0
5 36495.0
6 36226.0
7 36226.0
8 35425.0
9 35161.0
10 34897.0
11 34896.0
12 34372.0
13 33852.0
14 32320.0
15 32313.0
16 32061.0
17 32060.0
18 32058.0
19 31808.0
20 31559.0
21 31311.0
22 31304.0
23 31058.0
24 31051.0
25 30804.0
26 30558.0
27 30315.0
28 30073.0
29 29832.0
30 29593.0
31 29581.0
32 29581.0
33 29581.0
34 29344.0
35 29344.0
36 29340.0
37 28623.0
38 28392.0
39 27927.0
40 27927.0
41 27927.0
42 27927.0
43 27927.0
44 27459.0
45 27226.0
46 26995.0
47 26765.0
48 26765.0
49 26765.0
50 21825.0
51 20012.0
52 19428.0
53 19419.0
54 19419.0
55 19231.0
56 19231.0
57 19045.0
58 19045.0
59 18860.0
60 18860.0
61 18860.0
62 18677.0
63 18677.0
64 18677.0
65 18655.0
66 18471.0
67 17915.0
68 17740.0
69 17740.0
70 17740.0
71 17740.0
72 17736.0
73 15782.0
74 15778.0
75 15608.0
76 15440.0
77 14588.0
78 14578.0
79 14578.0
80 14570.0
81 14409.0
82 14251.0
83 14094.0
84 14094.0
85 14094.0
86 14094.0
87 13940.0
88 13939.0
89 13935.0
90 13933.0
91 13780.0
92 13774.0
93 13767.0
94 13767.0
95 13621.0
96 13614.0
97 13471.0
98 13471.0
99 13464.0
100 12828.0
101 12828.0
102 12821.0
103 12818.0
104 12665.0
105 12201.0
106 12055.0
107 11910.0
108 11484.0
109 11483.0
110 11479.0
111 11479.0
112 11466.0
113 11466.0
114 11466.0
115 11466.0
116 9916.0
117 9916.0
118 9916.0
119 9908.0
120 9908.0
121 9908.0
122 9908.0
123 9908.0
124 9644.0
125 9644.0
126 9644.0
127 9644.0
128 9644.0
129 9520.0
130 9266.0
131 9266.0
132 9258.0
133 9258.0
134 9140.0
135 9009.0
136 8647.0
137 8647.0
138 8638.0
139 8628.0
140 8626.0
141 8626.0
142 8626.0
143 8508.0
144 8505.0
145 8498.0
146 8498.0
147 8498.0
148 8498.0
149 6052.0
150 6048.0
151 6048.0
152 6048.0
153 6038.0
154 6038.0
155 5838.0
156 5838.0
157 5838.0
158 5808.0
159 5607.0
160 4949.0
161 4942.0
162 4939.0
163 4939.0
164 4939.0
165 4939.0
166 4939.0
167 4939.0
168 4852.0
169 4851.0
170 4851.0
171 4845.0
172 4761.0
173 4683.0
174 4683.0
175 4683.0
176 4519.0
177 4519.0
178 4519.0
179 4519.0
180 4519.0
181 4447.0
182 4447.0
183 4445.0
184 4445.0
185 4445.0
186 4048.0
187 4036.0
188 4032.0
189 4032.0
190 4023.0
191 4023.0
192 4023.0
193 4008.0
194 4008.0
195 4008.0
196 4008.0
197 3560.0
198 3282.0
199 3280.0
200 3277.0
201 3214.0
202 3207.0
203 3205.0
204 3205.0
205 3144.0
206 3144.0
207 2214.0
208 2207.0
209 2205.0
210 2155.0
211 2155.0
212 2145.0
213 2141.0
214 2141.0
215 2141.0
216 2141.0
217 2141.0
218 2139.0
219 2095.0
220 2095.0
221 2095.0
222 2095.0
223 2095.0
224 2095.0
225 2092.0
226 2092.0
227 2092.0
228 2092.0
229 2005.0
230 2005.0
231 2005.0
232 1999.0
233 1964.0
234 1964.0
235 1955.0
236 1955.0
237 1917.0
238 1917.0
239 1917.0
240 1901.0
241 1901.0
242 1901.0
243 1870.0
244 1870.0
245 1870.0
246 1825.0
247 1825.0
248 1825.0
249 1825.0
250 1823.0
251 1823.0
252 1823.0
253 1795.0
254 1795.0
255 1781.0
256 1781.0
257 1781.0
258 1781.0
259 1781.0
260 1752.0
261 1727.0
262 1727.0
263 1727.0
264 1727.0
265 1727.0
266 1727.0
267 1727.0
268 1727.0
269 1727.0
270 1727.0
271 1727.0
272 1727.0
273 1727.0
274 1727.0
275 1727.0
276 1727.0
277 1727.0
278 1727.0
279 1727.0
280 1727.0
281 1727.0
282 1727.0
283 1727.0
284 1727.0
285 1727.0
286 1727.0
287 1727.0
288 1727.0
289 1727.0
290 1727.0
291 1727.0
292 1727.0
293 1727.0
294 1727.0
295 1727.0
296 1727.0
297 1727.0
298 1727.0
299 1727.0
300 1727.0
301 1727.0
302 1727.0
303 1727.0
304 1727.0
305 1727.0
306 1727.0
307 1727.0
308 1727.0
309 1727.0
310 1727.0
311 1727.0
312 1727.0
313 1727.0
314 1727.0
315 1670.0
316 1667.0
317 1661.0
318 1661.0
319 1661.0
320 1661.0
321 1657.0
322 1657.0
323 1657.0
324 1657.0
325 1657.0
326 1632.0
327 1627.0
328 1625.0
329 1625.0
330 1625.0
331 1625.0
332 1625.0
333 1625.0
334 1625.0
335 1591.0
336 1591.0
337 1591.0
338 1591.0
339 1591.0
340 1591.0
341 1585.0
342 1585.0
343 1558.0
344 1558.0
345 1558.0
346 1533.0
347 1526.0
348 1497.0
349 1497.0
350 1497.0
351 1497.0
352 1497.0
353 1497.0
354 1497.0
355 1497.0
356 1497.0
357 1497.0
358 1497.0
359 1497.0
360 1497.0
361 1497.0
362 1497.0
363 1497.0
364 1497.0
365 1497.0
366 1497.0
367 1497.0
368 1497.0
369 1497.0
370 1497.0
371 1497.0
372 1485.0
373 1447.0
374 1367.0
375 1365.0
376 1365.0
377 1357.0
378 1353.0
379 1349.0
380 1342.0
381 1242.0
382 1242.0
383 1231.0
384 1227.0
385 1225.0
386 1225.0
387 1220.0
388 1220.0
389 1220.0
390 1193.0
391 1186.0
392 1186.0
393 1186.0
394 1182.0
395 1178.0
396 1178.0
397 1178.0
398 1178.0
399 1178.0
400 1170.0
401 1170.0
402 1148.0
403 1148.0
404 1148.0
405 1146.0
406 1146.0
407 1139.0
408 1137.0
409 1127.0
410 1127.0
411 1127.0
412 1106.0
413 1106.0
414 1106.0
415 1106.0
416 1106.0
417 1106.0
418 1106.0
419 1106.0
420 1106.0
421 1106.0
422 1106.0
423 1106.0
424 1027.0
425 1027.0
426 1027.0
427 1027.0
428 1027.0
429 1027.0
430 1027.0
431 1027.0
432 1027.0
433 1027.0
434 1027.0
435 1027.0
436 1027.0
437 1027.0
438 1027.0
439 1025.0
440 1025.0
441 1025.0
442 1022.0
443 1022.0
444 1022.0
445 1022.0
446 1022.0
447 1022.0
448 1022.0
449 1022.0
450 1022.0
451 1020.0
452 1020.0
453 1020.0
454 1020.0
455 1020.0
456 1020.0
457 1012.0
458 1012.0
459 1012.0
460 1012.0
461 1012.0
462 1012.0
463 1012.0
464 1012.0
465 1012.0
466 1012.0
467 1012.0
468 1009.0
469 1009.0
470 1009.0
471 1009.0
472 1009.0
473 1009.0
474 1009.0
475 1009.0
476 966.0
477 966.0
478 966.0
479 966.0
480 966.0
481 926.0
482 920.0
483 917.0
484 917.0
485 898.0
486 898.0
487 887.0
488 887.0
489 887.0
490 887.0
491 887.0
492 887.0
493 881.0
494 872.0
495 872.0
496 872.0
497 872.0
498 872.0
499 872.0
500 840.0
501 840.0
502 840.0
503 840.0
504 840.0
505 822.0
506 822.0
507 822.0
508 822.0
509 822.0
510 822.0
511 822.0
512 822.0
513 822.0
514 822.0
515 822.0
516 822.0
517 810.0
518 810.0
519 810.0
520 810.0
521 810.0
522 810.0
523 810.0
524 810.0
525 810.0
526 810.0
527 810.0
528 810.0
529 810.0
530 810.0
531 810.0
532 810.0
533 781.0
534 781.0
535 781.0
536 781.0
537 781.0
538 781.0
539 781.0
540 781.0
541 781.0
542 781.0
543 780.0
544 780.0
545 774.0
546 774.0
547 772.0
548 772.0
549 772.0
550 772.0
551 770.0
552 769.0
553 769.0
554 769.0
555 768.0
556 705.0
557 701.0
558 699.0
559 684.0
560 684.0
561 684.0
562 682.0
563 675.0
564 674.0
565 670.0
566 670.0
567 670.0
568 670.0
569 670.0
570 666.0
571 666.0
572 660.0
573 659.0
574 659.0
575 659.0
576 659.0
577 654.0
578 654.0
579 654.0
580 654.0
581 649.0
582 649.0
583 649.0
584 649.0
585 639.0
586 639.0
587 639.0
588 633.0
589 633.0
590 633.0
591 633.0
592 633.0
593 633.0
594 633.0
595 633.0
596 625.0
597 625.0
598 625.0
599 623.0
600 615.0
601 612.0
602 611.0
603 611.0
604 611.0
605 610.0
606 610.0
607 610.0
608 608.0
609 608.0
610 574.0
611 561.0
612 561.0
613 561.0
614 555.0
615 555.0
616 555.0
617 555.0
618 555.0
619 555.0
620 553.0
621 552.0
622 552.0
623 551.0
624 551.0
625 551.0
626 551.0
627 546.0
628 546.0
629 546.0
630 546.0
631 546.0
632 546.0
633 546.0
634 546.0
635 546.0
636 546.0
637 546.0
638 546.0
639 546.0
640 546.0
641 546.0
642 537.0
643 537.0
644 537.0
645 537.0
646 537.0
647 537.0
648 537.0
649 537.0
650 537.0
651 537.0
652 537.0
653 537.0
654 537.0
655 537.0
656 537.0
657 537.0
658 537.0
659 537.0
660 537.0
661 537.0
662 537.0
663 537.0
664 532.0
665 532.0
666 532.0
667 532.0
668 532.0
669 532.0
670 532.0
671 532.0
672 532.0
673 532.0
674 532.0
675 532.0
676 532.0
677 532.0
678 532.0
679 532.0
680 532.0
681 532.0
682 532.0
683 532.0
684 532.0
685 532.0
686 532.0
687 532.0
688 532.0
689 532.0
690 532.0
691 532.0
692 532.0
693 532.0
694 532.0
695 532.0
696 532.0
697 532.0
698 532.0
699 532.0
700 532.0
701 532.0
702 532.0
703 532.0
704 532.0
705 532.0
706 532.0
707 532.0
708 532.0
709 532.0
710 532.0
711 532.0
712 532.0
713 532.0
714 532.0
715 532.0
716 532.0
717 532.0
718 532.0
719 532.0
720 530.0
721 530.0
722 530.0
723 530.0
724 530.0
725 530.0
726 530.0
727 530.0
728 530.0
729 530.0
730 530.0
731 530.0
732 530.0
733 530.0
734 528.0
735 528.0
736 528.0
737 528.0
738 528.0
739 528.0
740 528.0
741 528.0
742 528.0
743 528.0
744 528.0
745 528.0
746 528.0
747 528.0
748 528.0
749 528.0
750 528.0
751 528.0
752 528.0
753 526.0
754 526.0
755 526.0
756 526.0
757 526.0
758 526.0
759 526.0
760 526.0
761 526.0
762 526.0
763 526.0
764 526.0
765 526.0
766 526.0
767 516.0
768 516.0
769 514.0
770 505.0
771 503.0
772 503.0
773 503.0
774 503.0
775 503.0
776 503.0
777 503.0
778 497.0
779 497.0
780 497.0
781 494.0
782 493.0
783 493.0
784 493.0
785 493.0
786 493.0
787 493.0
788 493.0
789 493.0
790 493.0
791 493.0
792 493.0
793 493.0
794 493.0
795 493.0
796 493.0
797 493.0
798 493.0
799 493.0
800 493.0
801 493.0
802 493.0
803 493.0
804 493.0
805 493.0
806 493.0
807 493.0
808 493.0
809 493.0
810 493.0
811 493.0
812 493.0
813 493.0
814 493.0
815 493.0
816 493.0
817 493.0
818 493.0
819 493.0
820 493.0
821 493.0
822 493.0
823 493.0
824 493.0
825 493.0
826 493.0
827 493.0
828 493.0
829 493.0
830 493.0
831 493.0
832 493.0
833 493.0
834 484.0
835 481.0
836 481.0
837 480.0
838 479.0
839 478.0
840 472.0
841 470.0
842 467.0
843 467.0
844 460.0
845 445.0
846 440.0
847 437.0
848 431.0
849 427.0
850 427.0
851 427.0
852 423.0
853 422.0
854 422.0
855 422.0
856 422.0
857 422.0
858 422.0
859 422.0
860 422.0
861 420.0
862 420.0
863 420.0
864 420.0
865 420.0
866 420.0
867 420.0
868 420.0
869 420.0
870 420.0
871 420.0
872 420.0
873 420.0
874 420.0
875 420.0
876 420.0
877 420.0
878 417.0
879 417.0
880 417.0
881 416.0
882 416.0
883 413.0
884 411.0
885 411.0
886 411.0
887 411.0
888 411.0
889 411.0
890 411.0
891 411.0
892 405.0
893 405.0
894 403.0
895 403.0
896 403.0
897 403.0
898 403.0
899 403.0
900 403.0
901 398.0
902 398.0
903 398.0
904 396.0
905 395.0
906 388.0
907 381.0
908 378.0
909 378.0
910 378.0
911 378.0
912 375.0
913 375.0
914 374.0
915 374.0
916 374.0
917 372.0
918 369.0
919 367.0
920 367.0
921 367.0
922 367.0
923 367.0
924 367.0
925 367.0
926 367.0
927 367.0
928 366.0
929 366.0
930 366.0
931 363.0
932 363.0
933 363.0
934 363.0
935 363.0
936 363.0
937 363.0
938 360.0
939 360.0
940 358.0
941 357.0
942 357.0
943 357.0
944 357.0
945 357.0
946 354.0
947 354.0
948 354.0
949 354.0
950 354.0
951 354.0
952 354.0
953 354.0
954 354.0
955 354.0
956 354.0
957 354.0
958 354.0
959 354.0
960 354.0
961 354.0
962 354.0
963 354.0
964 354.0
965 353.0
966 353.0
967 353.0
968 353.0
969 352.0
970 352.0
971 352.0
972 352.0
973 352.0
974 352.0
975 348.0
976 348.0
977 348.0
978 348.0
979 348.0
980 348.0
981 348.0
982 348.0
983 348.0
984 348.0
985 348.0
986 348.0
987 348.0
988 348.0
989 348.0
990 348.0
991 348.0
992 348.0
993 348.0
994 348.0
995 348.0
996 348.0
997 348.0
998 346.0
999 343.0
1000 343.0
1001 343.0
1002 343.0
1003 343.0
1004 343.0
1005 343.0
1006 343.0
1007 343.0
1008 343.0
1009 343.0
1010 343.0
1011 343.0
1012 343.0
1013 343.0
1014 343.0
1015 340.0
1016 339.0
1017 339.0
1018 339.0
1019 339.0
1020 339.0
1021 339.0
1022 339.0
1023 339.0
1024 339.0
1025 338.0
1026 338.0
1027 338.0
1028 338.0
1029 338.0
1030 338.0
1031 338.0
1032 338.0
1033 338.0
1034 338.0
1035 338.0
1036 338.0
1037 338.0
1038 337.0
1039 337.0
1040 337.0
1041 337.0
1042 337.0
1043 337.0
1044 337.0
1045 337.0
1046 337.0
1047 337.0
1048 337.0
1049 337.0
1050 337.0
1051 337.0
1052 337.0
1053 337.0
1054 337.0
1055 337.0
1056 337.0
1057 337.0
1058 337.0
1059 337.0
1060 337.0
1061 337.0
1062 337.0
1063 337.0
1064 337.0
1065 337.0
1066 337.0
1067 337.0
1068 337.0
1069 337.0
1070 337.0
1071 337.0
1072 337.0
1073 337.0
1074 337.0
1075 337.0
1076 337.0
1077 337.0
1078 337.0
1079 337.0
1080 337.0
1081 337.0
1082 333.0
1083 333.0
1084 333.0
1085 333.0
1086 331.0
1087 331.0
1088 331.0
1089 331.0
1090 331.0
1091 325.0
1092 325.0
1093 325.0
1094 325.0
1095 325.0
1096 325.0
1097 325.0
1098 325.0
1099 325.0
1100 325.0
1101 325.0
1102 325.0
1103 325.0
1104 322.0
1105 322.0
1106 322.0
1107 322.0
1108 322.0
1109 322.0
1110 322.0
1111 322.0
1112 322.0
1113 322.0
1114 322.0
1115 322.0
1116 322.0
1117 322.0
1118 322.0
1119 322.0
1120 319.0
1121 319.0
1122 319.0
1123 319.0
1124 319.0
1125 319.0
1126 319.0
1127 319.0
1128 319.0
1129 319.0
1130 319.0
1131 319.0
1132 319.0
1133 319.0
1134 319.0
1135 319.0
1136 319.0
1137 319.0
1138 319.0
1139 319.0
1140 319.0
1141 319.0
1142 317.0
1143 317.0
1144 317.0
1145 317.0
1146 317.0
1147 317.0
1148 317.0
1149 317.0
1150 317.0
1151 317.0
1152 317.0
1153 317.0
1154 317.0
1155 317.0
1156 317.0
1157 317.0
1158 317.0
1159 317.0
1160 317.0
1161 317.0
1162 317.0
1163 317.0
1164 316.0
1165 314.0
1166 314.0
1167 314.0
1168 314.0
1169 314.0
1170 314.0
1171 314.0
1172 314.0
1173 314.0
1174 314.0
1175 314.0
1176 314.0
1177 314.0
1178 314.0
1179 314.0
1180 314.0
1181 314.0
1182 314.0
1183 314.0
1184 314.0
1185 314.0
1186 314.0
1187 314.0
1188 314.0
1189 314.0
1190 312.0
1191 312.0
1192 312.0
1193 312.0
1194 312.0
1195 312.0
1196 312.0
1197 312.0
1198 308.0
1199 308.0
1200 308.0
1201 308.0
1202 308.0
1203 308.0
1204 308.0
1205 308.0
1206 308.0
1207 308.0
1208 308.0
1209 308.0
1210 308.0
1211 308.0
1212 308.0
1213 308.0
1214 308.0
1215 308.0
1216 308.0
1217 308.0
1218 308.0
1219 308.0
1220 308.0
1221 308.0
1222 308.0
1223 308.0
1224 308.0
1225 308.0
1226 308.0
1227 308.0
1228 308.0
1229 308.0
1230 308.0
1231 308.0
1232 308.0
1233 308.0
1234 308.0
1235 308.0
1236 308.0
1237 308.0
1238 308.0
1239 308.0
1240 308.0
1241 308.0
1242 306.0
1243 305.0
1244 305.0
1245 305.0
1246 305.0
1247 305.0
1248 305.0
1249 305.0
1250 305.0
1251 305.0
1252 305.0
1253 305.0
1254 305.0
1255 305.0
1256 305.0
1257 305.0
1258 305.0
1259 305.0
1260 305.0
1261 305.0
1262 305.0
1263 305.0
1264 305.0
1265 304.0
1266 304.0
1267 304.0
1268 303.0
1269 303.0
1270 303.0
1271 303.0
1272 303.0
1273 303.0
1274 303.0
1275 303.0
1276 303.0
1277 303.0
1278 303.0
1279 303.0
1280 300.0
1281 300.0
1282 300.0
1283 300.0
1284 300.0
1285 300.0
1286 300.0
1287 300.0
1288 300.0
1289 300.0
1290 299.0
1291 299.0
1292 299.0
1293 299.0
1294 299.0
1295 299.0
1296 299.0
1297 299.0
1298 299.0
1299 299.0
1300 299.0
1301 299.0
1302 299.0
1303 299.0
1304 299.0
1305 299.0
1306 299.0
1307 299.0
1308 299.0
1309 299.0
1310 299.0
1311 299.0
1312 299.0
1313 299.0
1314 299.0
1315 299.0
1316 299.0
1317 299.0
1318 299.0
1319 299.0
1320 299.0
1321 299.0
1322 299.0
1323 299.0
1324 299.0
1325 299.0
1326 299.0
1327 299.0
1328 298.0
1329 298.0
1330 298.0
1331 298.0
1332 298.0
1333 298.0
1334 298.0
1335 298.0
1336 298.0
1337 298.0
1338 298.0
1339 298.0
1340 298.0
1341 298.0
1342 298.0
1343 298.0
1344 298.0
1345 298.0
1346 298.0
1347 298.0
1348 298.0
1349 298.0
1350 298.0
1351 298.0
1352 298.0
1353 298.0
1354 298.0
1355 298.0
1356 298.0
1357 298.0
1358 298.0
1359 298.0
1360 298.0
1361 298.0
1362 298.0
1363 298.0
1364 297.0
1365 297.0
1366 297.0
1367 297.0
1368 297.0
1369 297.0
1370 296.0
1371 296.0
1372 296.0
1373 296.0
1374 292.0
1375 291.0
1376 291.0
1377 291.0
1378 291.0
1379 291.0
1380 291.0
1381 291.0
1382 291.0
1383 291.0
1384 291.0
1385 291.0
1386 291.0
1387 291.0
1388 291.0
1389 291.0
1390 291.0
1391 291.0
1392 291.0
1393 291.0
1394 291.0
1395 291.0
1396 291.0
1397 289.0
1398 289.0
1399 289.0
1400 289.0
1401 289.0
1402 289.0
1403 289.0
1404 288.0
1405 288.0
1406 288.0
1407 288.0
1408 287.0
1409 286.0
1410 286.0
1411 286.0
1412 286.0
1413 286.0
1414 286.0
1415 286.0
1416 286.0
1417 286.0
1418 286.0
1419 286.0
1420 286.0
1421 286.0
1422 286.0
1423 286.0
1424 286.0
1425 286.0
1426 286.0
1427 286.0
1428 286.0
1429 286.0
1430 286.0
1431 286.0
1432 286.0
1433 286.0
1434 286.0
1435 286.0
1436 286.0
1437 286.0
1438 286.0
1439 286.0
1440 286.0
1441 286.0
1442 286.0
1443 286.0
1444 286.0
1445 286.0
1446 286.0
1447 286.0
1448 285.0
1449 285.0
1450 285.0
1451 285.0
1452 285.0
1453 285.0
1454 283.0
1455 283.0
1456 283.0
1457 283.0
1458 283.0
1459 283.0
1460 283.0
1461 283.0
1462 283.0
1463 283.0
1464 283.0
1465 283.0
1466 283.0
1467 283.0
1468 283.0
1469 283.0
1470 283.0
1471 283.0
1472 283.0
1473 283.0
1474 283.0
1475 283.0
1476 283.0
1477 283.0
1478 283.0
1479 283.0
1480 283.0
1481 283.0
1482 283.0
1483 283.0
1484 283.0
1485 283.0
1486 283.0
1487 283.0
1488 283.0
1489 283.0
1490 283.0
1491 283.0
1492 283.0
1493 283.0
1494 283.0
1495 283.0
1496 283.0
1497 283.0
1498 283.0
1499 283.0
1500 283.0
1501 283.0
1502 281.0
1503 281.0
1504 281.0
1505 281.0
1506 281.0
1507 281.0
1508 280.0
1509 279.0
1510 279.0
1511 279.0
1512 279.0
1513 279.0
1514 279.0
1515 279.0
1516 279.0
1517 279.0
1518 279.0
1519 279.0
1520 279.0
1521 279.0
1522 279.0
1523 279.0
1524 279.0
1525 279.0
1526 279.0
1527 279.0
1528 279.0
1529 279.0
1530 279.0
1531 279.0
1532 279.0
1533 279.0
1534 279.0
1535 279.0
1536 279.0
1537 279.0
1538 279.0
1539 279.0
1540 279.0
1541 279.0
1542 279.0
1543 279.0
1544 279.0
1545 279.0
1546 279.0
1547 279.0
1548 279.0
1549 279.0
1550 279.0
1551 279.0
1552 279.0
1553 279.0
1554 279.0
1555 279.0
1556 279.0
1557 279.0
1558 279.0
1559 279.0
1560 279.0
1561 279.0
1562 279.0
1563 279.0
1564 279.0
1565 279.0
1566 279.0
1567 279.0
1568 279.0
1569 279.0
1570 279.0
1571 279.0
1572 279.0
1573 279.0
1574 279.0
1575 279.0
1576 279.0
1577 279.0
1578 279.0
1579 279.0
1580 279.0
1581 279.0
1582 279.0
1583 279.0
1584 279.0
1585 279.0
1586 279.0
1587 279.0
1588 279.0
1589 279.0
1590 276.0
1591 276.0
1592 276.0
1593 276.0
1594 276.0
1595 276.0
1596 276.0
1597 276.0
1598 276.0
1599 276.0
1600 276.0
1601 276.0
1602 276.0
1603 276.0
1604 276.0
1605 276.0
1606 276.0
1607 276.0
1608 276.0
1609 276.0
1610 276.0
1611 276.0
1612 276.0
1613 276.0
1614 276.0
1615 276.0
1616 276.0
1617 276.0
1618 276.0
1619 276.0
1620 276.0
1621 276.0
1622 276.0
1623 276.0
1624 276.0
1625 276.0
1626 276.0
1627 276.0
1628 276.0
1629 276.0
1630 276.0
1631 276.0
1632 276.0
1633 276.0
1634 276.0
1635 276.0
1636 276.0
1637 276.0
1638 276.0
1639 276.0
1640 276.0
1641 276.0
1642 276.0
1643 276.0
1644 276.0
1645 276.0
1646 276.0
1647 276.0
1648 276.0
1649 276.0
1650 276.0
1651 276.0
1652 276.0
1653 276.0
1654 276.0
1655 276.0
1656 276.0
1657 276.0
1658 276.0
1659 276.0
1660 276.0
1661 276.0
1662 276.0
1663 276.0
1664 276.0
1665 276.0
1666 276.0
1667 276.0
1668 276.0
1669 276.0
1670 276.0
1671 276.0
1672 276.0
1673 276.0
1674 276.0
1675 276.0
1676 276.0
1677 276.0
1678 276.0
1679 276.0
1680 276.0
1681 276.0
1682 276.0
1683 276.0
1684 276.0
1685 276.0
1686 276.0
1687 276.0
1688 276.0
1689 276.0
1690 276.0
1691 276.0
1692 276.0
1693 276.0
1694 276.0
1695 276.0
1696 276.0
1697 276.0
1698 276.0
1699 276.0
1700 276.0
1701 276.0
1702 276.0
1703 276.0
1704 276.0
1705 276.0
1706 276.0
1707 276.0
1708 276.0
1709 276.0
1710 276.0
1711 276.0
1712 276.0
1713 276.0
1714 276.0
1715 276.0
1716 276.0
1717 276.0
1718 276.0
1719 276.0
1720 276.0
1721 276.0
1722 276.0
1723 276.0
1724 276.0
1725 276.0
1726 276.0
1727 276.0
1728 276.0
1729 276.0
1730 276.0
1731 276.0
1732 276.0
1733 276.0
1734 276.0
1735 276.0
1736 276.0
1737 276.0
1738 276.0
1739 276.0
1740 276.0
1741 276.0
1742 276.0
1743 276.0
1744 276.0
1745 276.0
1746 276.0
1747 276.0
1748 276.0
1749 276.0
1750 276.0
1751 276.0
1752 276.0
1753 276.0
1754 276.0
1755 276.0
1756 276.0
1757 276.0
1758 276.0
1759 276.0
1760 276.0
1761 276.0
1762 276.0
1763 276.0
1764 276.0
1765 276.0
1766 276.0
1767 276.0
1768 276.0
1769 276.0
1770 276.0
1771 276.0
1772 276.0
1773 276.0
1774 276.0
1775 276.0
1776 276.0
1777 276.0
1778 276.0
1779 276.0
1780 276.0
1781 276.0
1782 276.0
1783 276.0
1784 276.0
1785 276.0
1786 276.0
1787 276.0
1788 276.0
1789 276.0
1790 276.0
1791 276.0
1792 276.0
1793 276.0
1794 276.0
1795 276.0
1796 276.0
1797 276.0
1798 276.0
1799 276.0
1800 276.0
1801 276.0
1802 276.0
1803 276.0
1804 276.0
1805 276.0
1806 276.0
1807 276.0
1808 276.0
1809 276.0
1810 276.0
1811 276.0
1812 276.0
1813 276.0
1814 276.0
1815 276.0
1816 276.0
1817 276.0
1818 276.0
1819 276.0
1820 276.0
1821 276.0
1822 276.0
1823 276.0
1824 276.0
1825 276.0
1826 276.0
1827 276.0
1828 276.0
1829 276.0
1830 276.0
1831 276.0
1832 276.0
1833 276.0
1834 276.0
1835 276.0
1836 276.0
1837 276.0
1838 276.0
1839 276.0
1840 276.0
1841 276.0
1842 276.0
1843 276.0
1844 276.0
1845 276.0
1846 276.0
1847 276.0
1848 276.0
1849 276.0
1850 276.0
1851 276.0
1852 276.0
1853 276.0
1854 276.0
1855 276.0
1856 276.0
1857 276.0
1858 276.0
1859 276.0
1860 276.0
1861 276.0
1862 276.0
1863 276.0
1864 276.0
1865 276.0
1866 276.0
1867 276.0
1868 276.0
1869 276.0
1870 276.0
1871 276.0
1872 276.0
1873 276.0
1874 276.0
1875 276.0
1876 276.0
1877 276.0
1878 276.0
1879 276.0
1880 276.0
1881 276.0
1882 276.0
1883 276.0
1884 276.0
1885 276.0
1886 276.0
1887 276.0
1888 276.0
1889 276.0
1890 276.0
1891 276.0
1892 276.0
1893 276.0
1894 276.0
1895 276.0
1896 276.0
1897 276.0
1898 276.0
1899 276.0
1900 276.0
1901 276.0
1902 276.0
1903 276.0
1904 276.0
1905 276.0
1906 276.0
1907 276.0
1908 276.0
1909 276.0
1910 276.0
1911 276.0
1912 276.0
1913 276.0
1914 276.0
1915 276.0
1916 276.0
1917 276.0
1918 276.0
1919 276.0
1920 276.0
1921 276.0
1922 276.0
1923 276.0
1924 276.0
1925 276.0
1926 276.0
1927 276.0
1928 276.0
1929 276.0
1930 276.0
1931 276.0
1932 276.0
1933 276.0
1934 276.0
1935 276.0
1936 276.0
1937 276.0
1938 276.0
1939 276.0
1940 274.0
1941 274.0
1942 274.0
1943 272.0
1944 272.0
1945 272.0
1946 272.0
1947 272.0
1948 272.0
1949 272.0
1950 272.0
1951 272.0
1952 272.0
1953 272.0
1954 272.0
1955 272.0
1956 272.0
1957 272.0
1958 272.0
1959 272.0
1960 272.0
1961 272.0
1962 272.0
1963 272.0
1964 272.0
1965 272.0
1966 272.0
1967 272.0
1968 272.0
1969 272.0
1970 272.0
1971 272.0
1972 272.0
1973 272.0
1974 272.0
1975 272.0
1976 272.0
1977 272.0
1978 272.0
1979 272.0
1980 272.0
1981 272.0
1982 272.0
1983 272.0
1984 272.0
1985 272.0
1986 272.0
1987 272.0
1988 272.0
1989 272.0
1990 272.0
1991 272.0
1992 272.0
1993 272.0
1994 272.0
1995 272.0
1996 272.0
1997 272.0
1998 272.0
1999 272.0
2000 272.0
2001 272.0
2002 272.0
2003 272.0
2004 272.0
2005 272.0
2006 272.0
2007 272.0
2008 272.0
2009 272.0
2010 272.0
2011 272.0
2012 272.0
2013 272.0
2014 272.0
2015 272.0
2016 272.0
2017 272.0
2018 272.0
2019 272.0
2020 272.0
2021 272.0
2022 272.0
2023 272.0
2024 272.0
2025 272.0
2026 272.0
2027 272.0
2028 272.0
2029 272.0
2030 272.0
2031 272.0
2032 272.0
2033 272.0
2034 272.0
2035 272.0
2036 272.0
2037 272.0
2038 272.0
2039 272.0
2040 272.0
2041 272.0
2042 272.0
2043 272.0
2044 272.0
2045 272.0
2046 272.0
2047 272.0
2048 272.0
2049 272.0
2050 272.0
2051 272.0
2052 272.0
2053 272.0
2054 272.0
2055 272.0
2056 272.0
2057 272.0
2058 272.0
2059 272.0
2060 272.0
2061 272.0
2062 272.0
2063 272.0
2064 272.0
2065 272.0
2066 272.0
2067 272.0
2068 272.0
2069 272.0
2070 272.0
2071 272.0
2072 272.0
2073 272.0
2074 272.0
2075 272.0
2076 272.0
2077 272.0
2078 272.0
2079 272.0
2080 272.0
2081 272.0
2082 272.0
2083 272.0
2084 272.0
2085 272.0
2086 272.0
2087 272.0
2088 272.0
2089 272.0
2090 272.0
2091 272.0
2092 272.0
2093 272.0
2094 272.0
2095 272.0
2096 272.0
2097 272.0
2098 272.0
2099 272.0
2100 272.0
2101 272.0
2102 272.0
2103 272.0
2104 272.0
2105 272.0
2106 272.0
2107 272.0
2108 272.0
2109 272.0
2110 272.0
2111 272.0
2112 272.0
2113 272.0
2114 272.0
2115 272.0
2116 272.0
2117 272.0
2118 272.0
2119 272.0
2120 272.0
2121 272.0
2122 272.0
2123 272.0
2124 272.0
2125 272.0
2126 272.0
2127 272.0
2128 272.0
2129 272.0
2130 272.0
2131 272.0
2132 272.0
2133 272.0
2134 272.0
2135 272.0
2136 272.0
2137 272.0
2138 272.0
2139 272.0
2140 272.0
2141 272.0
2142 272.0
2143 272.0
2144 272.0
2145 272.0
2146 272.0
2147 272.0
2148 272.0
2149 272.0
2150 272.0
2151 272.0
2152 272.0
2153 272.0
2154 272.0
2155 272.0
2156 272.0
2157 272.0
2158 272.0
2159 272.0
2160 272.0
2161 272.0
2162 272.0
2163 272.0
2164 272.0
2165 272.0
2166 272.0
2167 272.0
2168 272.0
2169 272.0
2170 272.0
2171 272.0
2172 272.0
2173 272.0
2174 272.0
2175 272.0
2176 272.0
2177 272.0
2178 272.0
2179 272.0
2180 272.0
2181 272.0
2182 272.0
2183 272.0
2184 272.0
2185 272.0
2186 272.0
2187 272.0
2188 272.0
2189 272.0
2190 272.0
2191 272.0
2192 272.0
2193 272.0
2194 272.0
2195 272.0
2196 272.0
2197 272.0
2198 272.0
2199 272.0
2200 272.0
2201 272.0
2202 267.0
2203 267.0
2204 267.0
2205 267.0
2206 267.0
2207 267.0
2208 267.0
2209 267.0
2210 267.0
2211 267.0
2212 267.0
2213 267.0
2214 267.0
2215 267.0
2216 267.0
2217 265.0
2218 265.0
2219 265.0
2220 265.0
2221 265.0
2222 265.0
2223 265.0
2224 265.0
2225 265.0
2226 265.0
2227 265.0
2228 265.0
2229 265.0
2230 265.0
2231 265.0
2232 265.0
2233 265.0
2234 265.0
2235 265.0
2236 265.0
2237 265.0
2238 265.0
2239 265.0
2240 265.0
2241 265.0
2242 265.0
2243 265.0
2244 265.0
2245 265.0
2246 265.0
2247 265.0
2248 265.0
2249 265.0
2250 265.0
2251 265.0
2252 265.0
2253 265.0
2254 265.0
2255 265.0
2256 265.0
2257 265.0
2258 265.0
2259 265.0
2260 265.0
2261 265.0
2262 265.0
2263 265.0
2264 265.0
2265 265.0
2266 265.0
2267 265.0
2268 265.0
2269 265.0
2270 265.0
2271 265.0
2272 265.0
2273 265.0
2274 265.0
2275 265.0
2276 265.0
2277 265.0
2278 265.0
2279 265.0
2280 265.0
2281 265.0
2282 265.0
2283 265.0
2284 265.0
2285 265.0
2286 265.0
2287 265.0
2288 265.0
2289 265.0
2290 265.0
2291 265.0
2292 265.0
2293 265.0
2294 265.0
2295 265.0
2296 265.0
2297 265.0
2298 265.0
2299 265.0
2300 265.0
2301 265.0
2302 265.0
2303 265.0
2304 265.0
2305 265.0
2306 265.0
2307 265.0
2308 265.0
2309 265.0
2310 265.0
2311 265.0
2312 265.0
2313 265.0
2314 265.0
2315 265.0
2316 265.0
2317 265.0
2318 265.0
2319 265.0
2320 265.0
2321 265.0
2322 265.0
2323 265.0
2324 265.0
2325 265.0
2326 265.0
2327 265.0
2328 265.0
2329 265.0
2330 265.0
2331 265.0
2332 265.0
2333 265.0
2334 265.0
2335 265.0
2336 265.0
2337 264.0
2338 264.0
2339 263.0
2340 263.0
2341 263.0
2342 263.0
2343 263.0
2344 263.0
2345 263.0
2346 263.0
2347 263.0
2348 263.0
2349 263.0
2350 263.0
2351 263.0
2352 263.0
2353 263.0
2354 263.0
2355 263.0
2356 263.0
2357 263.0
2358 263.0
2359 263.0
2360 263.0
2361 263.0
2362 263.0
2363 263.0
2364 263.0
2365 263.0
2366 263.0
2367 263.0
2368 263.0
2369 263.0
2370 263.0
2371 263.0
2372 263.0
2373 263.0
2374 263.0
2375 263.0
2376 263.0
2377 263.0
2378 263.0
2379 263.0
2380 263.0
2381 263.0
2382 263.0
2383 263.0
2384 263.0
2385 263.0
2386 263.0
2387 263.0
2388 263.0
2389 263.0
2390 263.0
2391 263.0
2392 263.0
2393 263.0
2394 263.0
2395 263.0
2396 263.0
2397 263.0
2398 263.0
2399 263.0
2400 263.0
2401 263.0
2402 263.0
2403 263.0
2404 263.0
2405 263.0
2406 263.0
2407 263.0
2408 263.0
2409 263.0
2410 263.0
2411 263.0
2412 263.0
2413 263.0
2414 263.0
2415 263.0
2416 263.0
2417 263.0
2418 263.0
2419 263.0
2420 263.0
2421 263.0
2422 263.0
2423 263.0
2424 263.0
2425 263.0
2426 263.0
2427 263.0
2428 263.0
2429 263.0
2430 263.0
2431 263.0
2432 263.0
2433 263.0
2434 263.0
2435 263.0
2436 263.0
2437 263.0
2438 263.0
2439 263.0
2440 263.0
2441 263.0
2442 263.0
2443 263.0
2444 263.0
2445 263.0
2446 263.0
2447 263.0
2448 263.0
2449 263.0
2450 263.0
2451 263.0
2452 263.0
2453 263.0
2454 263.0
2455 263.0
2456 263.0
2457 263.0
2458 263.0
2459 263.0
2460 263.0
2461 263.0
2462 263.0
2463 263.0
2464 263.0
2465 263.0
2466 263.0
2467 263.0
2468 263.0
2469 263.0
2470 263.0
2471 263.0
2472 263.0
2473 263.0
2474 263.0
2475 263.0
2476 263.0
2477 263.0
2478 263.0
2479 263.0
2480 263.0
2481 263.0
2482 263.0
2483 263.0
2484 263.0
2485 263.0
2486 263.0
2487 263.0
2488 263.0
2489 263.0
2490 263.0
2491 263.0
2492 263.0
2493 263.0
2494 263.0
2495 263.0
2496 263.0
2497 263.0
2498 263.0
2499 263.0
2500 263.0
2501 263.0
2502 263.0
2503 263.0
2504 263.0
2505 263.0
2506 263.0
2507 263.0
2508 263.0
2509 263.0
2510 263.0
2511 263.0
2512 263.0
2513 263.0
2514 263.0
2515 263.0
2516 263.0
2517 263.0
2518 263.0
2519 263.0
2520 263.0
2521 263.0
2522 263.0
2523 263.0
2524 263.0
2525 263.0
2526 263.0
2527 263.0
2528 263.0
2529 263.0
2530 263.0
2531 263.0
2532 263.0
2533 263.0
2534 263.0
2535 263.0
2536 263.0
2537 263.0
2538 263.0
2539 263.0
2540 263.0
2541 263.0
2542 263.0
2543 263.0
2544 263.0
2545 263.0
2546 263.0
2547 263.0
2548 263.0
2549 263.0
2550 263.0
2551 263.0
2552 263.0
2553 263.0
2554 263.0
2555 263.0
2556 263.0
2557 263.0
2558 263.0
2559 263.0
2560 263.0
2561 263.0
2562 263.0
2563 263.0
2564 263.0
2565 263.0
2566 263.0
2567 263.0
2568 263.0
2569 263.0
2570 263.0
2571 263.0
2572 263.0
2573 263.0
2574 263.0
2575 263.0
2576 263.0
2577 263.0
2578 263.0
2579 263.0
2580 263.0
2581 263.0
2582 263.0
2583 263.0
2584 263.0
2585 263.0
2586 263.0
2587 263.0
2588 263.0
2589 263.0
2590 263.0
2591 263.0
2592 263.0
2593 263.0
2594 263.0
2595 263.0
2596 263.0
2597 263.0
2598 263.0
2599 263.0
2600 263.0
2601 263.0
2602 263.0
2603 263.0
2604 263.0
2605 263.0
2606 263.0
2607 263.0
2608 263.0
2609 263.0
2610 263.0
2611 263.0
2612 263.0
2613 263.0
2614 263.0
2615 263.0
2616 263.0
2617 263.0
2618 263.0
2619 263.0
2620 263.0
2621 263.0
2622 263.0
2623 263.0
2624 263.0
2625 263.0
2626 263.0
2627 263.0
2628 263.0
2629 263.0
2630 263.0
2631 263.0
2632 263.0
2633 263.0
2634 263.0
2635 263.0
2636 263.0
2637 263.0
2638 263.0
2639 263.0
2640 263.0
2641 263.0
2642 263.0
2643 263.0
2644 263.0
2645 263.0
2646 263.0
2647 263.0
2648 263.0
2649 262.0
2650 262.0
2651 262.0
2652 262.0
2653 262.0
2654 262.0
2655 262.0
2656 262.0
2657 262.0
2658 262.0
2659 262.0
2660 262.0
2661 262.0
2662 262.0
2663 262.0
2664 262.0
2665 262.0
2666 262.0
2667 262.0
2668 262.0
2669 262.0
2670 262.0
2671 262.0
2672 262.0
2673 262.0
2674 262.0
2675 262.0
2676 262.0
2677 262.0
2678 262.0
2679 262.0
2680 262.0
2681 262.0
2682 262.0
2683 262.0
2684 262.0
2685 262.0
2686 262.0
2687 262.0
2688 262.0
2689 262.0
2690 262.0
2691 262.0
2692 262.0
2693 262.0
2694 262.0
2695 262.0
2696 262.0
2697 262.0
2698 262.0
2699 262.0
2700 262.0
2701 262.0
2702 262.0
2703 262.0
2704 262.0
2705 262.0
2706 262.0
2707 262.0
2708 262.0
2709 262.0
2710 262.0
2711 262.0
2712 262.0
2713 262.0
2714 262.0
2715 262.0
2716 262.0
2717 262.0
2718 262.0
2719 262.0
2720 262.0
2721 262.0
2722 262.0
2723 262.0
2724 262.0
2725 262.0
2726 262.0
2727 262.0
2728 262.0
2729 262.0
2730 262.0
2731 262.0
2732 262.0
2733 262.0
2734 262.0
2735 262.0
2736 262.0
2737 262.0
2738 262.0
2739 262.0
2740 262.0
2741 262.0
2742 262.0
2743 262.0
2744 262.0
2745 262.0
2746 262.0
2747 262.0
2748 262.0
2749 262.0
2750 262.0
2751 262.0
2752 262.0
2753 262.0
2754 262.0
2755 262.0
2756 262.0
2757 262.0
2758 262.0
2759 262.0
2760 262.0
2761 262.0
2762 262.0
2763 262.0
2764 262.0
2765 262.0
2766 262.0
2767 262.0
2768 262.0
2769 259.0
2770 259.0
2771 259.0
2772 259.0
2773 259.0
2774 259.0
2775 259.0
2776 259.0
2777 259.0
2778 259.0
2779 259.0
2780 259.0
2781 259.0
2782 259.0
2783 259.0
2784 259.0
2785 259.0
2786 259.0
2787 259.0
2788 259.0
2789 259.0
2790 259.0
2791 259.0
2792 259.0
2793 259.0
2794 259.0
2795 259.0
2796 259.0
2797 259.0
2798 259.0
2799 259.0
2800 259.0
2801 259.0
2802 259.0
2803 259.0
2804 259.0
2805 259.0
2806 259.0
2807 259.0
2808 259.0
2809 259.0
2810 259.0
2811 259.0
2812 259.0
2813 259.0
2814 259.0
2815 259.0
2816 259.0
2817 259.0
2818 259.0
2819 259.0
2820 259.0
2821 259.0
2822 259.0
2823 259.0
2824 259.0
2825 259.0
2826 259.0
2827 259.0
2828 259.0
2829 259.0
2830 259.0
2831 259.0
2832 259.0
2833 259.0
2834 259.0
2835 259.0
2836 259.0
2837 259.0
2838 259.0
2839 259.0
2840 259.0
2841 259.0
2842 259.0
2843 259.0
2844 259.0
2845 259.0
2846 259.0
2847 259.0
2848 259.0
2849 259.0
2850 259.0
2851 259.0
2852 259.0
2853 259.0
2854 259.0
2855 259.0
2856 259.0
2857 259.0
2858 259.0
2859 259.0
2860 259.0
2861 259.0
2862 259.0
2863 259.0
2864 259.0
2865 259.0
2866 259.0
2867 259.0
2868 259.0
2869 259.0
2870 259.0
2871 259.0
2872 259.0
2873 259.0
2874 259.0
2875 259.0
2876 259.0
2877 259.0
2878 259.0
2879 259.0
2880 259.0
2881 259.0
2882 259.0
2883 259.0
2884 259.0
2885 259.0
2886 259.0
2887 259.0
2888 259.0
2889 259.0
2890 259.0
2891 259.0
2892 259.0
2893 259.0
2894 259.0
2895 259.0
2896 259.0
2897 259.0
2898 259.0
2899 259.0
2900 259.0
2901 259.0
2902 259.0
2903 259.0
2904 259.0
2905 259.0
2906 259.0
2907 259.0
2908 259.0
2909 259.0
2910 259.0
2911 259.0
2912 259.0
2913 259.0
2914 259.0
2915 259.0
2916 259.0
2917 259.0
2918 259.0
2919 259.0
2920 259.0
2921 259.0
2922 259.0
2923 259.0
2924 259.0
2925 259.0
2926 259.0
2927 259.0
2928 259.0
2929 259.0
2930 259.0
2931 259.0
2932 259.0
2933 259.0
2934 259.0
2935 259.0
2936 259.0
2937 259.0
2938 259.0
2939 259.0
2940 259.0
2941 259.0
2942 259.0
2943 259.0
2944 259.0
2945 259.0
2946 259.0
2947 259.0
2948 259.0
2949 259.0
2950 259.0
2951 259.0
2952 259.0
2953 259.0
2954 259.0
2955 259.0
2956 259.0
2957 259.0
2958 259.0
2959 259.0
2960 259.0
2961 259.0
2962 259.0
2963 259.0
2964 259.0
2965 259.0
2966 259.0
2967 259.0
2968 259.0
2969 259.0
2970 259.0
2971 259.0
2972 259.0
2973 259.0
2974 259.0
2975 259.0
2976 259.0
2977 259.0
2978 259.0
2979 259.0
2980 259.0
2981 259.0
2982 259.0
2983 259.0
2984 259.0
2985 259.0
2986 259.0
2987 259.0
2988 259.0
2989 259.0
2990 259.0
2991 259.0
2992 259.0
2993 259.0
2994 259.0
2995 259.0
2996 259.0
2997 259.0
2998 259.0
2999 259.0
3000 259.0
3001 259.0
3002 259.0
3003 259.0
3004 259.0
3005 259.0
3006 259.0
3007 259.0
3008 259.0
3009 259.0
3010 259.0
3011 259.0
3012 259.0
3013 259.0
3014 259.0
3015 259.0
3016 259.0
3017 259.0
3018 259.0
3019 259.0
3020 259.0
3021 259.0
3022 259.0
3023 259.0
3024 259.0
3025 259.0
3026 259.0
3027 259.0
3028 259.0
3029 259.0
3030 259.0
3031 259.0
3032 259.0
3033 259.0
3034 259.0
3035 259.0
3036 259.0
3037 259.0
3038 259.0
3039 259.0
3040 259.0
3041 259.0
3042 259.0
3043 259.0
3044 259.0
3045 259.0
3046 259.0
3047 259.0
3048 259.0
3049 259.0
3050 259.0
3051 259.0
3052 259.0
3053 259.0
3054 259.0
3055 259.0
3056 259.0
3057 259.0
3058 259.0
3059 259.0
3060 259.0
3061 259.0
3062 259.0
3063 259.0
3064 259.0
3065 259.0
3066 259.0
3067 259.0
3068 259.0
3069 259.0
3070 259.0
3071 259.0
3072 259.0
3073 259.0
3074 259.0
3075 259.0
3076 259.0
3077 259.0
3078 259.0
3079 259.0
3080 259.0
3081 259.0
3082 259.0
3083 259.0
3084 259.0
3085 259.0
3086 259.0
3087 259.0
3088 259.0
3089 259.0
3090 259.0
3091 259.0
3092 259.0
3093 259.0
3094 259.0
3095 259.0
3096 259.0
3097 259.0
3098 259.0
3099 259.0
3100 259.0
3101 259.0
3102 259.0
3103 259.0
3104 259.0
3105 259.0
3106 259.0
3107 259.0
3108 259.0
3109 259.0
3110 259.0
3111 259.0
3112 259.0
3113 259.0
3114 259.0
3115 259.0
3116 259.0
3117 259.0
3118 259.0
3119 259.0
3120 259.0
3121 259.0
3122 259.0
3123 259.0
3124 259.0
3125 259.0
3126 259.0
3127 259.0
3128 259.0
3129 259.0
3130 259.0
3131 259.0
3132 259.0
3133 259.0
3134 259.0
3135 259.0
3136 259.0
3137 259.0
3138 259.0
3139 259.0
3140 259.0
3141 259.0
3142 259.0
3143 259.0
3144 259.0
3145 259.0
3146 259.0
3147 258.0
3148 258.0
3149 258.0
3150 258.0
3151 258.0
3152 258.0
3153 258.0
3154 258.0
3155 258.0
3156 258.0
3157 258.0
3158 258.0
3159 258.0
3160 258.0
3161 258.0
3162 258.0
3163 258.0
3164 258.0
3165 258.0
3166 258.0
3167 258.0
3168 258.0
3169 258.0
3170 258.0
3171 258.0
3172 258.0
3173 258.0
3174 258.0
3175 258.0
3176 258.0
3177 258.0
3178 258.0
3179 258.0
3180 258.0
3181 258.0
3182 258.0
3183 258.0
3184 258.0
3185 258.0
3186 258.0
3187 258.0
3188 258.0
3189 258.0
3190 258.0
3191 258.0
3192 258.0
3193 258.0
3194 258.0
3195 258.0
3196 258.0
3197 258.0
3198 258.0
3199 258.0
3200 258.0
3201 258.0
3202 258.0
3203 258.0
3204 258.0
3205 258.0
3206 258.0
3207 258.0
3208 258.0
3209 258.0
3210 258.0
3211 258.0
3212 258.0
3213 258.0
3214 258.0
3215 258.0
3216 258.0
3217 258.0
3218 258.0
3219 258.0
3220 258.0
3221 258.0
3222 258.0
3223 258.0
3224 258.0
3225 258.0
3226 258.0
3227 258.0
3228 258.0
3229 258.0
3230 258.0
3231 258.0
3232 258.0
3233 258.0
3234 258.0
3235 258.0
3236 258.0
3237 258.0
3238 258.0
3239 258.0
3240 258.0
3241 258.0
3242 258.0
3243 258.0
3244 258.0
3245 258.0
3246 258.0
3247 258.0
3248 258.0
3249 258.0
3250 258.0
3251 258.0
3252 258.0
3253 258.0
3254 258.0
3255 258.0
3256 258.0
3257 258.0
3258 258.0
3259 258.0
3260 258.0
3261 258.0
3262 258.0
3263 258.0
3264 258.0
3265 258.0
3266 258.0
3267 258.0
3268 258.0
3269 258.0
3270 258.0
3271 258.0
3272 258.0
3273 258.0
3274 258.0
3275 258.0
3276 258.0
3277 258.0
3278 258.0
3279 258.0
3280 258.0
3281 258.0
3282 258.0
3283 258.0
3284 258.0
3285 258.0
3286 258.0
3287 258.0
3288 258.0
3289 258.0
3290 258.0
3291 258.0
3292 258.0
3293 258.0
3294 258.0
3295 258.0
3296 258.0
3297 258.0
3298 258.0
3299 258.0
3300 258.0
3301 258.0
3302 258.0
3303 258.0
3304 258.0
3305 258.0
3306 258.0
3307 258.0
3308 258.0
3309 258.0
3310 258.0
3311 258.0
3312 258.0
3313 258.0
3314 258.0
3315 258.0
3316 258.0
3317 258.0
3318 258.0
3319 258.0
3320 258.0
3321 258.0
3322 258.0
3323 258.0
3324 258.0
3325 258.0
3326 258.0
3327 258.0
3328 258.0
3329 258.0
3330 258.0
3331 258.0
3332 258.0
3333 258.0
3334 258.0
3335 258.0
3336 258.0
3337 258.0
3338 258.0
3339 258.0
3340 258.0
3341 258.0
3342 258.0
3343 258.0
3344 258.0
3345 258.0
3346 258.0
3347 258.0
3348 258.0
3349 258.0
3350 258.0
3351 258.0
3352 258.0
3353 258.0
3354 258.0
3355 258.0
3356 258.0
3357 258.0
3358 258.0
3359 258.0
3360 258.0
3361 258.0
3362 258.0
3363 258.0
3364 258.0
3365 258.0
3366 258.0
3367 258.0
3368 258.0
3369 258.0
3370 258.0
3371 258.0
3372 258.0
3373 258.0
3374 258.0
3375 258.0
3376 258.0
3377 258.0
3378 258.0
3379 258.0
3380 258.0
3381 258.0
3382 258.0
3383 258.0
3384 258.0
3385 258.0
3386 258.0
3387 258.0
3388 258.0
3389 258.0
3390 258.0
3391 258.0
3392 258.0
3393 258.0
3394 258.0
3395 258.0
3396 258.0
3397 258.0
3398 258.0
3399 258.0
3400 258.0
3401 258.0
3402 258.0
3403 258.0
3404 258.0
3405 258.0
3406 258.0
3407 258.0
3408 258.0
3409 258.0
3410 258.0
3411 258.0
3412 258.0
3413 258.0
3414 258.0
3415 258.0
3416 258.0
3417 258.0
3418 258.0
3419 258.0
3420 258.0
3421 258.0
3422 258.0
3423 258.0
3424 258.0
3425 258.0
3426 258.0
3427 258.0
3428 258.0
3429 258.0
3430 258.0
3431 258.0
3432 258.0
3433 258.0
3434 258.0
3435 258.0
3436 258.0
3437 258.0
3438 258.0
3439 258.0
3440 258.0
3441 258.0
3442 258.0
3443 258.0
3444 258.0
3445 258.0
3446 258.0
3447 258.0
3448 258.0
3449 258.0
3450 258.0
3451 258.0
3452 258.0
3453 258.0
3454 258.0
3455 258.0
3456 258.0
3457 258.0
3458 258.0
3459 258.0
3460 258.0
3461 258.0
3462 258.0
3463 258.0
3464 258.0
3465 258.0
3466 258.0
3467 258.0
3468 258.0
3469 258.0
3470 258.0
3471 258.0
3472 258.0
3473 258.0
3474 258.0
3475 258.0
3476 258.0
3477 258.0
3478 258.0
3479 258.0
3480 258.0
3481 258.0
3482 258.0
3483 258.0
3484 258.0
3485 258.0
3486 258.0
3487 258.0
3488 258.0
3489 258.0
3490 258.0
3491 258.0
3492 258.0
3493 258.0
3494 258.0
3495 258.0
3496 258.0
3497 258.0
3498 258.0
3499 258.0
3500 258.0
3501 258.0
3502 258.0
3503 258.0
3504 258.0
3505 258.0
3506 258.0
3507 258.0
3508 258.0
3509 258.0
3510 258.0
3511 258.0
3512 258.0
3513 258.0
3514 258.0
3515 258.0
3516 258.0
3517 258.0
3518 258.0
3519 258.0
3520 258.0
3521 258.0
3522 258.0
3523 258.0
3524 258.0
3525 258.0
3526 258.0
3527 258.0
3528 258.0
3529 258.0
3530 258.0
3531 258.0
3532 258.0
3533 258.0
3534 258.0
3535 258.0
3536 258.0
3537 258.0
3538 258.0
3539 258.0
3540 258.0
3541 258.0
3542 258.0
3543 258.0
3544 258.0
3545 258.0
3546 258.0
3547 258.0
3548 258.0
3549 258.0
3550 258.0
3551 258.0
3552 258.0
3553 258.0
3554 258.0
3555 258.0
3556 258.0
3557 258.0
3558 258.0
3559 258.0
3560 258.0
3561 258.0
3562 258.0
3563 258.0
3564 258.0
3565 258.0
3566 258.0
3567 258.0
3568 258.0
3569 258.0
3570 258.0
3571 258.0
3572 258.0
3573 258.0
3574 258.0
3575 258.0
3576 258.0
3577 258.0
3578 258.0
3579 258.0
3580 258.0
3581 258.0
3582 258.0
3583 258.0
3584 258.0
3585 258.0
3586 258.0
3587 258.0
3588 258.0
3589 258.0
3590 258.0
3591 258.0
3592 258.0
3593 258.0
3594 258.0
3595 258.0
3596 258.0
3597 258.0
3598 258.0
3599 258.0
3600 258.0
3601 258.0
3602 258.0
3603 258.0
3604 258.0
3605 258.0
3606 258.0
3607 258.0
3608 258.0
3609 258.0
3610 258.0
3611 258.0
3612 258.0
3613 258.0
3614 258.0
3615 258.0
3616 258.0
3617 258.0
3618 258.0
3619 258.0
3620 258.0
3621 258.0
3622 258.0
3623 258.0
3624 258.0
3625 258.0
3626 258.0
3627 258.0
3628 258.0
3629 258.0
3630 258.0
3631 258.0
3632 258.0
3633 258.0
3634 258.0
3635 258.0
3636 258.0
3637 258.0
3638 258.0
3639 258.0
3640 258.0
3641 258.0
3642 258.0
3643 258.0
3644 258.0
3645 258.0
3646 258.0
3647 258.0
3648 258.0
3649 258.0
3650 258.0
3651 258.0
3652 258.0
3653 258.0
3654 258.0
3655 258.0
3656 258.0
3657 258.0
3658 258.0
3659 258.0
3660 258.0
3661 258.0
3662 258.0
3663 258.0
3664 258.0
3665 258.0
3666 258.0
3667 258.0
3668 258.0
3669 258.0
3670 258.0
3671 258.0
3672 258.0
3673 258.0
3674 258.0
3675 258.0
3676 258.0
3677 258.0
3678 258.0
3679 258.0
3680 258.0
3681 258.0
3682 258.0
3683 258.0
3684 258.0
3685 258.0
3686 258.0
3687 258.0
3688 258.0
3689 258.0
3690 258.0
3691 258.0
3692 258.0
3693 258.0
3694 258.0
3695 258.0
3696 258.0
3697 258.0
3698 258.0
3699 258.0
3700 258.0
3701 258.0
3702 258.0
3703 258.0
3704 258.0
3705 258.0
3706 258.0
3707 258.0
3708 258.0
3709 258.0
3710 258.0
3711 258.0
3712 258.0
3713 258.0
3714 258.0
3715 258.0
3716 258.0
3717 258.0
3718 258.0
3719 258.0
3720 258.0
3721 258.0
3722 258.0
3723 258.0
3724 258.0
3725 258.0
3726 258.0
3727 258.0
3728 258.0
3729 258.0
3730 258.0
3731 258.0
3732 258.0
3733 258.0
3734 258.0
3735 258.0
3736 258.0
3737 258.0
3738 258.0
3739 258.0
3740 258.0
3741 258.0
3742 258.0
3743 258.0
3744 258.0
3745 258.0
3746 258.0
3747 258.0
3748 258.0
3749 258.0
3750 258.0
3751 258.0
3752 258.0
3753 258.0
3754 258.0
3755 258.0
3756 258.0
3757 258.0
3758 258.0
3759 258.0
3760 258.0
3761 258.0
3762 258.0
3763 258.0
3764 258.0
3765 258.0
3766 258.0
3767 258.0
3768 258.0
3769 258.0
3770 258.0
3771 258.0
3772 258.0
3773 258.0
3774 258.0
3775 258.0
3776 258.0
3777 258.0
3778 258.0
3779 258.0
3780 258.0
3781 258.0
3782 258.0
3783 258.0
3784 258.0
3785 258.0
3786 258.0
3787 258.0
3788 258.0
3789 258.0
3790 258.0
3791 258.0
3792 258.0
3793 258.0
3794 258.0
3795 258.0
3796 258.0
3797 258.0
3798 258.0
3799 258.0
3800 258.0
3801 258.0
3802 258.0
3803 258.0
3804 258.0
3805 258.0
3806 258.0
3807 258.0
3808 258.0
3809 258.0
3810 258.0
3811 258.0
3812 258.0
3813 258.0
3814 258.0
3815 258.0
3816 258.0
3817 258.0
3818 258.0
3819 258.0
3820 258.0
3821 258.0
3822 258.0
3823 258.0
3824 258.0
3825 258.0
3826 258.0
3827 258.0
3828 258.0
3829 258.0
3830 258.0
3831 258.0
3832 258.0
3833 258.0
3834 258.0
3835 258.0
3836 258.0
3837 258.0
3838 258.0
3839 258.0
3840 258.0
3841 258.0
3842 258.0
3843 258.0
3844 258.0
3845 258.0
3846 258.0
3847 258.0
3848 258.0
3849 258.0
3850 258.0
3851 258.0
3852 258.0
3853 258.0
3854 258.0
3855 258.0
3856 258.0
3857 258.0
3858 258.0
3859 258.0
3860 258.0
3861 258.0
3862 258.0
3863 258.0
3864 258.0
3865 258.0
3866 258.0
3867 258.0
3868 258.0
3869 258.0
3870 258.0
3871 258.0
3872 258.0
3873 258.0
3874 258.0
3875 258.0
3876 258.0
3877 258.0
3878 258.0
3879 258.0
3880 258.0
3881 258.0
3882 258.0
3883 258.0
3884 258.0
3885 258.0
3886 258.0
3887 258.0
3888 258.0
3889 258.0
3890 258.0
3891 258.0
3892 258.0
3893 258.0
3894 258.0
3895 258.0
3896 258.0
3897 258.0
3898 258.0
3899 258.0
3900 258.0
3901 258.0
3902 258.0
3903 258.0
3904 258.0
3905 258.0
3906 258.0
3907 258.0
3908 258.0
3909 258.0
3910 258.0
3911 258.0
3912 258.0
3913 258.0
3914 258.0
3915 258.0
3916 258.0
3917 258.0
3918 258.0
3919 258.0
3920 258.0
3921 258.0
3922 258.0
3923 258.0
3924 258.0
3925 258.0
3926 258.0
3927 258.0
3928 258.0
3929 258.0
3930 258.0
3931 258.0
3932 258.0
3933 258.0
3934 258.0
3935 258.0
3936 258.0
3937 258.0
3938 258.0
3939 258.0
3940 258.0
3941 258.0
3942 258.0
3943 258.0
3944 258.0
3945 258.0
3946 258.0
3947 258.0
3948 258.0
3949 258.0
3950 258.0
3951 258.0
3952 258.0
3953 258.0
3954 258.0
3955 258.0
3956 258.0
3957 258.0
3958 258.0
3959 258.0
3960 258.0
3961 258.0
3962 258.0
3963 258.0
3964 258.0
3965 258.0
3966 258.0
3967 258.0
3968 258.0
3969 258.0
3970 258.0
3971 258.0
3972 258.0
3973 258.0
3974 258.0
3975 258.0
3976 258.0
3977 258.0
3978 258.0
3979 258.0
3980 258.0
3981 258.0
3982 258.0
3983 258.0
3984 258.0
3985 258.0
3986 258.0
3987 258.0
3988 258.0
3989 258.0
3990 258.0
3991 258.0
3992 258.0
3993 258.0
3994 258.0
3995 258.0
3996 258.0
3997 258.0
3998 258.0
3999 258.0
4000 258.0
4001 258.0
4002 258.0
4003 258.0
4004 258.0
4005 258.0
4006 258.0
4007 258.0
4008 258.0
4009 258.0
4010 258.0
4011 258.0
4012 258.0
4013 258.0
4014 258.0
4015 258.0
4016 258.0
4017 258.0
4018 258.0
4019 258.0
4020 258.0
4021 258.0
4022 258.0
4023 258.0
4024 258.0
4025 258.0
4026 258.0
4027 258.0
4028 258.0
4029 258.0
4030 258.0
4031 258.0
4032 258.0
4033 258.0
4034 258.0
4035 258.0
4036 258.0
4037 258.0
4038 258.0
4039 258.0
4040 258.0
4041 258.0
4042 258.0
4043 258.0
4044 258.0
4045 258.0
4046 258.0
4047 258.0
4048 258.0
4049 258.0
4050 258.0
4051 258.0
4052 258.0
4053 258.0
4054 258.0
4055 258.0
4056 258.0
4057 258.0
4058 258.0
4059 258.0
4060 258.0
4061 258.0
4062 258.0
4063 258.0
4064 258.0
4065 258.0
4066 258.0
4067 258.0
4068 258.0
4069 258.0
4070 258.0
4071 258.0
4072 258.0
4073 258.0
4074 258.0
4075 258.0
4076 258.0
4077 258.0
4078 258.0
4079 258.0
4080 258.0
4081 258.0
4082 258.0
4083 258.0
4084 258.0
4085 258.0
4086 258.0
4087 258.0
4088 258.0
4089 258.0
4090 258.0
4091 258.0
4092 258.0
4093 258.0
4094 258.0
4095 258.0
4096 258.0
4097 258.0
4098 258.0
4099 258.0
4100 258.0
4101 258.0
4102 258.0
4103 258.0
4104 258.0
4105 258.0
4106 258.0
4107 258.0
4108 258.0
4109 258.0
4110 258.0
4111 258.0
4112 258.0
4113 258.0
4114 258.0
4115 258.0
4116 258.0
4117 258.0
4118 258.0
4119 258.0
4120 258.0
4121 258.0
4122 258.0
4123 258.0
4124 258.0
4125 258.0
4126 258.0
4127 258.0
4128 258.0
4129 258.0
4130 258.0
4131 258.0
4132 258.0
4133 258.0
4134 258.0
4135 258.0
4136 258.0
4137 258.0
4138 258.0
4139 258.0
4140 258.0
4141 258.0
4142 258.0
4143 258.0
4144 258.0
4145 258.0
4146 258.0
4147 258.0
4148 258.0
4149 258.0
4150 258.0
4151 258.0
4152 258.0
4153 258.0
4154 258.0
4155 258.0
4156 258.0
4157 258.0
4158 258.0
4159 258.0
4160 258.0
4161 258.0
4162 258.0
4163 258.0
4164 258.0
4165 258.0
4166 258.0
4167 258.0
4168 258.0
4169 258.0
4170 258.0
4171 258.0
4172 258.0
4173 258.0
4174 258.0
4175 258.0
4176 258.0
4177 258.0
4178 258.0
4179 258.0
4180 258.0
4181 258.0
4182 258.0
4183 258.0
4184 258.0
4185 258.0
4186 258.0
4187 258.0
4188 258.0
4189 258.0
4190 258.0
4191 258.0
4192 258.0
4193 258.0
4194 258.0
4195 258.0
4196 258.0
4197 258.0
4198 258.0
4199 258.0
4200 258.0
4201 258.0
4202 258.0
4203 258.0
4204 258.0
4205 258.0
4206 258.0
4207 258.0
4208 258.0
4209 258.0
4210 258.0
4211 258.0
4212 258.0
4213 258.0
4214 258.0
4215 258.0
4216 258.0
4217 258.0
4218 258.0
4219 258.0
4220 258.0
4221 258.0
4222 258.0
4223 258.0
4224 258.0
4225 258.0
4226 258.0
4227 258.0
4228 258.0
4229 258.0
4230 258.0
4231 258.0
4232 258.0
4233 258.0
4234 258.0
4235 258.0
4236 258.0
4237 258.0
4238 258.0
4239 258.0
4240 258.0
4241 258.0
4242 258.0
4243 258.0
4244 258.0
4245 258.0
4246 258.0
4247 258.0
4248 258.0
4249 258.0
4250 258.0
4251 258.0
4252 258.0
4253 258.0
4254 258.0
4255 258.0
4256 258.0
4257 258.0
4258 258.0
4259 258.0
4260 258.0
4261 258.0
4262 258.0
4263 258.0
4264 258.0
4265 258.0
4266 258.0
4267 258.0
4268 258.0
4269 258.0
4270 258.0
4271 258.0
4272 258.0
4273 258.0
4274 258.0
4275 258.0
4276 258.0
4277 258.0
4278 258.0
4279 258.0
4280 258.0
4281 258.0
4282 258.0
4283 258.0
4284 258.0
4285 258.0
4286 258.0
4287 258.0
4288 258.0
4289 258.0
4290 258.0
4291 258.0
4292 258.0
4293 258.0
4294 258.0
4295 258.0
4296 258.0
4297 258.0
4298 258.0
4299 258.0
4300 258.0
4301 258.0
4302 258.0
4303 258.0
4304 258.0
4305 258.0
4306 258.0
4307 258.0
4308 258.0
4309 258.0
4310 258.0
4311 258.0
4312 258.0
4313 258.0
4314 258.0
4315 258.0
4316 258.0
4317 258.0
4318 258.0
4319 258.0
4320 258.0
4321 258.0
4322 258.0
4323 258.0
4324 258.0
4325 258.0
4326 258.0
4327 258.0
4328 258.0
4329 258.0
4330 258.0
4331 258.0
4332 258.0
4333 258.0
4334 258.0
4335 258.0
4336 258.0
4337 258.0
4338 258.0
4339 258.0
4340 258.0
4341 258.0
4342 258.0
4343 258.0
4344 258.0
4345 258.0
4346 258.0
4347 258.0
4348 258.0
4349 258.0
4350 258.0
4351 258.0
4352 258.0
4353 258.0
4354 258.0
4355 258.0
4356 258.0
4357 258.0
4358 258.0
4359 258.0
4360 258.0
4361 258.0
4362 258.0
4363 258.0
4364 258.0
4365 258.0
4366 258.0
4367 258.0
4368 258.0
4369 258.0
4370 258.0
4371 258.0
4372 258.0
4373 258.0
4374 258.0
4375 258.0
4376 258.0
4377 258.0
4378 258.0
4379 258.0
4380 258.0
4381 258.0
4382 258.0
4383 258.0
4384 258.0
4385 258.0
4386 258.0
4387 258.0
4388 258.0
4389 258.0
4390 258.0
4391 258.0
4392 258.0
4393 258.0
4394 258.0
4395 258.0
4396 258.0
4397 258.0
4398 258.0
4399 258.0
4400 258.0
4401 258.0
4402 258.0
4403 258.0
4404 258.0
4405 258.0
4406 258.0
4407 258.0
4408 258.0
4409 258.0
4410 258.0
4411 258.0
4412 258.0
4413 258.0
4414 258.0
4415 258.0
4416 258.0
4417 258.0
4418 258.0
4419 258.0
4420 258.0
4421 258.0
4422 258.0
4423 258.0
4424 258.0
4425 258.0
4426 258.0
4427 258.0
4428 258.0
4429 258.0
4430 258.0
4431 258.0
4432 258.0
4433 258.0
4434 258.0
4435 258.0
4436 258.0
4437 258.0
4438 258.0
4439 258.0
4440 258.0
4441 258.0
4442 258.0
4443 258.0
4444 258.0
4445 258.0
4446 258.0
4447 258.0
4448 258.0
4449 258.0
4450 258.0
4451 258.0
4452 258.0
4453 258.0
4454 258.0
4455 258.0
4456 258.0
4457 258.0
4458 258.0
4459 258.0
4460 258.0
4461 258.0
4462 258.0
4463 258.0
4464 258.0
4465 258.0
4466 258.0
4467 258.0
4468 258.0
4469 258.0
4470 258.0
4471 258.0
4472 258.0
4473 258.0
4474 258.0
4475 258.0
4476 258.0
4477 258.0
4478 258.0
4479 258.0
4480 258.0
4481 258.0
4482 258.0
4483 258.0
4484 258.0
4485 258.0
4486 258.0
4487 258.0
4488 258.0
4489 258.0
4490 258.0
4491 258.0
4492 258.0
4493 258.0
4494 258.0
4495 258.0
4496 258.0
4497 258.0
4498 258.0
4499 258.0
4500 258.0
4501 258.0
4502 258.0
4503 258.0
4504 258.0
4505 258.0
4506 258.0
4507 258.0
4508 258.0
4509 258.0
4510 258.0
4511 258.0
4512 258.0
4513 258.0
4514 258.0
4515 258.0
4516 258.0
4517 258.0
4518 258.0
4519 258.0
4520 258.0
4521 258.0
4522 258.0
4523 258.0
4524 258.0
4525 258.0
4526 258.0
4527 258.0
4528 258.0
4529 258.0
4530 258.0
4531 258.0
4532 258.0
4533 258.0
4534 258.0
4535 258.0
4536 258.0
4537 258.0
4538 258.0
4539 258.0
4540 258.0
4541 258.0
4542 258.0
4543 258.0
4544 258.0
4545 258.0
4546 258.0
4547 258.0
4548 258.0
4549 258.0
4550 258.0
4551 258.0
4552 258.0
4553 258.0
4554 258.0
4555 258.0
4556 258.0
4557 258.0
4558 258.0
4559 258.0
4560 258.0
4561 258.0
4562 258.0
4563 258.0
4564 258.0
4565 258.0
4566 258.0
4567 258.0
4568 258.0
4569 258.0
4570 258.0
4571 258.0
4572 258.0
4573 258.0
4574 258.0
4575 258.0
4576 258.0
4577 258.0
4578 258.0
4579 258.0
4580 258.0
4581 258.0
4582 258.0
4583 258.0
4584 258.0
4585 258.0
4586 258.0
4587 258.0
4588 258.0
4589 258.0
4590 258.0
4591 258.0
4592 258.0
4593 258.0
4594 258.0
4595 258.0
4596 258.0
4597 258.0
4598 258.0
4599 258.0
4600 258.0
4601 258.0
4602 258.0
4603 258.0
4604 258.0
4605 258.0
4606 258.0
4607 258.0
4608 258.0
4609 258.0
4610 258.0
4611 258.0
4612 258.0
4613 258.0
4614 258.0
4615 258.0
4616 258.0
4617 258.0
4618 258.0
4619 258.0
4620 258.0
4621 258.0
4622 258.0
4623 258.0
4624 258.0
4625 258.0
4626 258.0
4627 258.0
4628 258.0
4629 258.0
4630 258.0
4631 258.0
4632 258.0
4633 258.0
4634 258.0
4635 258.0
4636 258.0
4637 258.0
4638 258.0
4639 258.0
4640 258.0
4641 258.0
4642 258.0
4643 258.0
4644 258.0
4645 258.0
4646 258.0
4647 258.0
4648 258.0
4649 258.0
4650 258.0
4651 258.0
4652 258.0
4653 258.0
4654 258.0
4655 258.0
4656 258.0
4657 258.0
4658 258.0
4659 258.0
4660 258.0
4661 258.0
4662 258.0
4663 258.0
4664 258.0
4665 258.0
4666 258.0
4667 258.0
4668 258.0
4669 258.0
4670 258.0
4671 258.0
4672 258.0
4673 258.0
4674 258.0
4675 258.0
4676 258.0
4677 258.0
4678 258.0
4679 258.0
4680 258.0
4681 258.0
4682 258.0
4683 258.0
4684 258.0
4685 258.0
4686 258.0
4687 258.0
4688 258.0
4689 258.0
4690 258.0
4691 258.0
4692 258.0
4693 258.0
4694 258.0
4695 258.0
4696 258.0
4697 258.0
4698 258.0
4699 258.0
4700 258.0
4701 258.0
4702 258.0
4703 258.0
4704 258.0
4705 258.0
4706 258.0
4707 258.0
4708 258.0
4709 258.0
4710 258.0
4711 258.0
4712 258.0
4713 258.0
4714 258.0
4715 258.0
4716 258.0
4717 258.0
4718 258.0
4719 258.0
4720 258.0
4721 258.0
4722 258.0
4723 258.0
4724 258.0
4725 258.0
4726 258.0
4727 258.0
4728 258.0
4729 258.0
4730 258.0
4731 258.0
4732 258.0
4733 258.0
4734 258.0
4735 258.0
4736 258.0
4737 258.0
4738 258.0
4739 258.0
4740 258.0
4741 258.0
4742 258.0
4743 258.0
4744 258.0
4745 258.0
4746 258.0
4747 258.0
4748 258.0
4749 258.0
4750 258.0
4751 258.0
4752 258.0
4753 258.0
4754 258.0
4755 258.0
4756 258.0
4757 258.0
4758 258.0
4759 258.0
4760 258.0
4761 258.0
4762 258.0
4763 258.0
4764 258.0
4765 258.0
4766 258.0
4767 258.0
4768 258.0
4769 258.0
4770 258.0
4771 258.0
4772 258.0
4773 258.0
4774 258.0
4775 258.0
4776 258.0
4777 258.0
4778 258.0
4779 258.0
4780 258.0
4781 258.0
4782 258.0
4783 258.0
4784 258.0
4785 258.0
4786 258.0
4787 258.0
4788 258.0
4789 258.0
4790 258.0
4791 258.0
4792 258.0
4793 258.0
4794 258.0
4795 258.0
4796 258.0
4797 258.0
4798 258.0
4799 258.0
4800 258.0
4801 258.0
4802 258.0
4803 258.0
4804 258.0
4805 258.0
4806 258.0
4807 258.0
4808 258.0
4809 258.0
4810 258.0
4811 258.0
4812 258.0
4813 258.0
4814 258.0
4815 258.0
4816 258.0
4817 258.0
4818 258.0
4819 258.0
4820 258.0
4821 258.0
4822 258.0
4823 258.0
4824 258.0
4825 258.0
4826 258.0
4827 258.0
4828 258.0
4829 258.0
4830 258.0
4831 258.0
4832 258.0
4833 258.0
4834 258.0
4835 258.0
4836 258.0
4837 258.0
4838 258.0
4839 258.0
4840 258.0
4841 258.0
4842 258.0
4843 258.0
4844 258.0
4845 258.0
4846 258.0
4847 258.0
4848 258.0
4849 258.0
4850 258.0
4851 258.0
4852 258.0
4853 258.0
4854 258.0
4855 258.0
4856 258.0
4857 258.0
4858 258.0
4859 258.0
4860 258.0
4861 258.0
4862 258.0
4863 258.0
4864 258.0
4865 258.0
4866 258.0
4867 258.0
4868 258.0
4869 258.0
4870 258.0
4871 258.0
4872 258.0
4873 258.0
4874 258.0
4875 258.0
4876 258.0
4877 258.0
4878 258.0
4879 258.0
4880 258.0
4881 258.0
4882 258.0
4883 258.0
4884 258.0
4885 258.0
4886 258.0
4887 258.0
4888 258.0
4889 258.0
4890 258.0
4891 258.0
4892 258.0
4893 258.0
4894 258.0
4895 258.0
4896 258.0
4897 258.0
4898 258.0
4899 258.0
4900 258.0
4901 258.0
4902 258.0
4903 258.0
4904 258.0
4905 258.0
4906 258.0
4907 258.0
4908 258.0
4909 258.0
4910 258.0
4911 258.0
4912 258.0
4913 258.0
4914 258.0
4915 258.0
4916 258.0
4917 258.0
4918 258.0
4919 258.0
4920 258.0
4921 258.0
4922 258.0
4923 258.0
4924 258.0
4925 258.0
4926 258.0
4927 258.0
4928 258.0
4929 258.0
4930 258.0
4931 258.0
4932 258.0
4933 258.0
4934 258.0
4935 258.0
4936 258.0
4937 258.0
4938 258.0
4939 258.0
4940 258.0
4941 258.0
4942 258.0
4943 258.0
4944 258.0
4945 258.0
4946 258.0
4947 258.0
4948 258.0
4949 258.0
4950 258.0
4951 258.0
4952 258.0
4953 258.0
4954 258.0
4955 258.0
4956 258.0
4957 258.0
4958 258.0
4959 258.0
4960 258.0
4961 258.0
4962 258.0
4963 258.0
4964 258.0
4965 258.0
4966 258.0
4967 258.0
4968 258.0
4969 258.0
4970 258.0
4971 258.0
4972 258.0
4973 258.0
4974 258.0
4975 258.0
4976 258.0
4977 258.0
4978 258.0
4979 258.0
4980 258.0
4981 258.0
4982 258.0
4983 258.0
4984 258.0
4985 258.0
4986 258.0
4987 258.0
4988 258.0
4989 258.0
4990 258.0
4991 258.0
4992 258.0
4993 258.0
4994 258.0
4995 258.0
4996 258.0
4997 258.0
4998 258.0
4999 258.0
