0 36247.0
1 36207.0
2 36206.0
3 36194.0
4 36155.0
5 34846.0
6 34327.0
7 34327.0
8 34069.0
9 33556.0
10 32795.0
11 30577.0
12 29613.0
13 28664.0
14 28627.0
15 28393.0
16 28160.0
17 28125.0
18 27894.0
19 27664.0
20 26977.0
21 26968.0
22 26968.0
23 26743.0
24 26519.0
25 26297.0
26 25855.0
27 25852.0
28 25852.0
29 25821.0
30 25598.0
31 25574.0
32 23447.0
33 23444.0
34 23420.0
35 22800.0
36 22603.0
37 22395.0
38 22201.0
39 22201.0
40 22201.0
41 22008.0
42 22008.0
43 22004.0
44 22004.0
45 22004.0
46 21803.0
47 21784.0
48 21721.0
49 21531.0
50 21343.0
51 20743.0
52 20149.0
53 20146.0
54 19565.0
55 19550.0
56 19550.0
57 19482.0
58 19482.0
59 19306.0
60 18010.0
61 18010.0
62 17110.0
63 16960.0
64 16812.0
65 16812.0
66 14146.0
67 14145.0
68 14141.0
69 13983.0
70 13840.0
71 13364.0
72 13211.0
73 13208.0
74 12743.0
75 12743.0
76 12594.0
77 12594.0
78 12593.0
79 12583.0
80 12441.0
81 12300.0
82 11573.0
83 11573.0
84 11558.0
85 11554.0
86 11270.0
87 11258.0
88 10988.0
89 10988.0
90 10849.0
91 10708.0
92 10595.0
93 10595.0
94 9525.0
95 9514.0
96 9514.0
97 9387.0
98 9382.0
99 9360.0
100 9239.0
101 9239.0
102 8996.0
103 8996.0
104 8983.0
105 8857.0
106 8848.0
107 8606.0
108 8606.0
109 8606.0
110 8606.0
111 8606.0
112 8594.0
113 8245.0
114 8243.0
115 8184.0
116 8184.0
117 8184.0
118 8184.0
119 8184.0
120 8184.0
121 8184.0
122 8184.0
123 8086.0
124 8086.0
125 8086.0
126 7992.0
127 7992.0
128 7992.0
129 7900.0
130 7900.0
131 7900.0
132 7810.0
133 7810.0
134 7606.0
135 7606.0
136 7521.0
137 7521.0
138 7521.0
139 7521.0
140 7521.0
141 7438.0
142 7438.0
143 6715.0
144 6713.0
145 6608.0
146 6547.0
147 6547.0
148 6547.0
149 6543.0
150 6340.0
151 6339.0
152 6339.0
153 6339.0
154 6339.0
155 6339.0
156 6336.0
157 6336.0
158 6336.0
159 6242.0
160 6151.0
161 6140.0
162 6140.0
163 6140.0
164 6050.0
165 6044.0
166 5851.0
167 5764.0
168 5756.0
169 5753.0
170 5730.0
171 5635.0
172 5635.0
173 5618.0
174 5618.0
175 5618.0
176 5618.0
177 5618.0
178 5618.0
179 5527.0
180 5431.0
181 5336.0
182 5243.0
183 5158.0
184 5158.0
185 5143.0
186 5143.0
187 4969.0
188 3325.0
189 3311.0
190 3310.0
191 3245.0
192 3245.0
193 3227.0
194 3227.0
195 3227.0
196 3227.0
197 3225.0
198 3225.0
199 3225.0
200 3225.0
201 3225.0
202 3222.0
203 3197.0
204 3197.0
205 3197.0
206 3188.0
207 3180.0
208 3180.0
209 3119.0
210 3060.0
211 3058.0
212 3050.0
213 3041.0
214 2919.0
215 2919.0
216 2801.0
217 2798.0
218 2798.0
219 2772.0
220 2760.0
221 2760.0
222 2760.0
223 2729.0
224 2668.0
225 2667.0
226 2667.0
227 2667.0
228 2549.0
229 2548.0
230 2495.0
231 2495.0
232 2495.0
233 2495.0
234 2495.0
235 2495.0
236 2495.0
237 2491.0
238 2330.0
239 2329.0
240 2329.0
241 2280.0
242 2279.0
243 2231.0
244 2229.0
245 2224.0
246 2224.0
247 2223.0
248 2223.0
249 2223.0
250 2223.0
251 2223.0
252 2223.0
253 2173.0
254 2125.0
255 2122.0
256 2122.0
257 2122.0
258 2122.0
259 2122.0
260 2122.0
261 2122.0
262 2122.0
263 2122.0
264 2116.0
265 2071.0
266 1979.0
267 1979.0
268 1979.0
269 1979.0
270 1979.0
271 1979.0
272 1979.0
273 1979.0
274 1979.0
275 1979.0
276 1979.0
277 1979.0
278 1979.0
279 1845.0
280 1837.0
281 1816.0
282 1810.0
283 1810.0
284 1798.0
285 1785.0
286 1785.0
287 1785.0
288 1785.0
289 1785.0
290 1785.0
291 1785.0
292 1748.0
293 1747.0
294 1743.0
295 1731.0
296 1731.0
297 1487.0
298 1487.0
299 1487.0
300 1487.0
301 1482.0
302 1482.0
303 1448.0
304 1445.0
305 1445.0
306 1445.0
307 1445.0
308 1445.0
309 1414.0
310 1379.0
311 1379.0
312 1379.0
313 1379.0
314 1345.0
315 1345.0
316 1343.0
317 1343.0
318 1343.0
319 1343.0
320 1319.0
321 1319.0
322 1319.0
323 1319.0
324 1319.0
325 1319.0
326 1319.0
327 1319.0
328 1319.0
329 1319.0
330 1319.0
331 1319.0
332 1319.0
333 1294.0
334 1294.0
335 1294.0
336 1290.0
337 1287.0
338 1287.0
339 1287.0
340 1287.0
341 1287.0
342 1287.0
343 1287.0
344 1287.0
345 1287.0
346 1283.0
347 1283.0
348 1283.0
349 1283.0
350 1283.0
351 878.0
352 878.0
353 868.0
354 849.0
355 849.0
356 849.0
357 836.0
358 820.0
359 820.0
360 820.0
361 820.0
362 819.0
363 819.0
364 819.0
365 819.0
366 810.0
367 807.0
368 801.0
369 799.0
370 799.0
371 799.0
372 799.0
373 799.0
374 790.0
375 786.0
376 786.0
377 779.0
378 779.0
379 779.0
380 779.0
381 779.0
382 779.0
383 779.0
384 779.0
385 779.0
386 779.0
387 779.0
388 779.0
389 767.0
390 764.0
391 763.0
392 763.0
393 762.0
394 762.0
395 762.0
396 762.0
397 754.0
398 754.0
399 754.0
400 754.0
401 754.0
402 754.0
403 754.0
404 753.0
405 753.0
406 753.0
407 753.0
408 744.0
409 744.0
410 744.0
411 744.0
412 744.0
413 744.0
414 744.0
415 744.0
416 744.0
417 744.0
418 744.0
419 736.0
420 730.0
421 725.0
422 724.0
423 724.0
424 724.0
425 724.0
426 724.0
427 724.0
428 724.0
429 724.0
430 724.0
431 718.0
432 718.0
433 707.0
434 707.0
435 707.0
436 707.0
437 707.0
438 707.0
439 707.0
440 707.0
441 707.0
442 707.0
443 707.0
444 701.0
445 695.0
446 695.0
447 695.0
448 695.0
449 669.0
450 659.0
451 659.0
452 659.0
453 659.0
454 659.0
455 659.0
456 659.0
457 659.0
458 659.0
459 659.0
460 659.0
461 659.0
462 659.0
463 659.0
464 659.0
465 659.0
466 659.0
467 659.0
468 659.0
469 654.0
470 654.0
471 654.0
472 654.0
473 654.0
474 654.0
475 654.0
476 654.0
477 654.0
478 654.0
479 654.0
480 653.0
481 653.0
482 653.0
483 653.0
484 648.0
485 648.0
486 648.0
487 648.0
488 648.0
489 648.0
490 648.0
491 648.0
492 648.0
493 648.0
494 643.0
495 643.0
496 643.0
497 643.0
498 643.0
499 643.0
500 643.0
501 635.0
502 635.0
503 615.0
504 611.0
505 604.0
506 604.0
507 604.0
508 604.0
509 604.0
510 604.0
511 601.0
512 601.0
513 601.0
514 600.0
515 600.0
516 600.0
517 600.0
518 600.0
519 600.0
520 600.0
521 600.0
522 600.0
523 600.0
524 600.0
525 595.0
526 595.0
527 595.0
528 595.0
529 595.0
530 595.0
531 595.0
532 595.0
533 595.0
534 595.0
535 595.0
536 595.0
537 592.0
538 584.0
539 584.0
540 555.0
541 550.0
542 545.0
543 545.0
544 545.0
545 534.0
546 534.0
547 532.0
548 530.0
549 529.0
550 529.0
551 529.0
552 529.0
553 527.0
554 527.0
555 527.0
556 527.0
557 527.0
558 524.0
559 519.0
560 519.0
561 518.0
562 500.0
563 500.0
564 494.0
565 494.0
566 494.0
567 494.0
568 494.0
569 494.0
570 494.0
571 493.0
572 491.0
573 487.0
574 487.0
575 487.0
576 487.0
577 487.0
578 487.0
579 487.0
580 487.0
581 487.0
582 487.0
583 487.0
584 487.0
585 487.0
586 487.0
587 487.0
588 487.0
589 483.0
590 480.0
591 480.0
592 480.0
593 480.0
594 480.0
595 480.0
596 480.0
597 480.0
598 480.0
599 479.0
600 479.0
601 476.0
602 472.0
603 472.0
604 472.0
605 472.0
606 472.0
607 472.0
608 470.0
609 470.0
610 470.0
611 470.0
612 470.0
613 470.0
614 470.0
615 470.0
616 470.0
617 470.0
618 470.0
619 470.0
620 470.0
621 470.0
622 470.0
623 470.0
624 470.0
625 470.0
626 470.0
627 470.0
628 470.0
629 470.0
630 468.0
631 465.0
632 465.0
633 465.0
634 465.0
635 465.0
636 465.0
637 465.0
638 465.0
639 465.0
640 465.0
641 465.0
642 465.0
643 465.0
644 465.0
645 465.0
646 465.0
647 465.0
648 464.0
649 464.0
650 464.0
651 464.0
652 463.0
653 463.0
654 463.0
655 463.0
656 463.0
657 463.0
658 463.0
659 463.0
660 463.0
661 463.0
662 463.0
663 463.0
664 463.0
665 463.0
666 463.0
667 463.0
668 463.0
669 463.0
670 463.0
671 463.0
672 463.0
673 463.0
674 463.0
675 463.0
676 463.0
677 463.0
678 463.0
679 463.0
680 463.0
681 463.0
682 463.0
683 463.0
684 463.0
685 463.0
686 463.0
687 463.0
688 463.0
689 463.0
690 463.0
691 463.0
692 463.0
693 462.0
694 462.0
695 450.0
696 450.0
697 449.0
698 449.0
699 449.0
700 449.0
701 449.0
702 449.0
703 449.0
704 449.0
705 449.0
706 449.0
707 449.0
708 449.0
709 449.0
710 449.0
711 449.0
712 449.0
713 438.0
714 437.0
715 437.0
716 436.0
717 432.0
718 429.0
719 426.0
720 426.0
721 426.0
722 426.0
723 426.0
724 426.0
725 426.0
726 426.0
727 426.0
728 424.0
729 424.0
730 424.0
731 424.0
732 424.0
733 424.0
734 424.0
735 424.0
736 424.0
737 424.0
738 424.0
739 424.0
740 423.0
741 423.0
742 423.0
743 423.0
744 423.0
745 423.0
746 423.0
747 420.0
748 420.0
749 420.0
750 419.0
751 419.0
752 419.0
753 416.0
754 416.0
755 416.0
756 416.0
757 416.0
758 416.0
759 415.0
760 415.0
761 415.0
762 415.0
763 415.0
764 413.0
765 413.0
766 413.0
767 413.0
768 413.0
769 413.0
770 413.0
771 413.0
772 413.0
773 413.0
774 413.0
775 413.0
776 413.0
777 413.0
778 413.0
779 413.0
780 413.0
781 413.0
782 413.0
783 413.0
784 412.0
785 412.0
786 412.0
787 412.0
788 412.0
789 412.0
790 401.0
791 396.0
792 394.0
793 390.0
794 388.0
795 388.0
796 388.0
797 388.0
798 388.0
799 388.0
800 385.0
801 385.0
802 385.0
803 384.0
804 384.0
805 384.0
806 381.0
807 381.0
808 381.0
809 378.0
810 378.0
811 378.0
812 378.0
813 378.0
814 378.0
815 378.0
816 378.0
817 378.0
818 378.0
819 378.0
820 378.0
821 378.0
822 378.0
823 378.0
824 378.0
825 378.0
826 378.0
827 378.0
828 378.0
829 377.0
830 377.0
831 377.0
832 377.0
833 377.0
834 377.0
835 377.0
836 377.0
837 377.0
838 377.0
839 377.0
840 377.0
841 377.0
842 377.0
843 377.0
844 377.0
845 377.0
846 377.0
847 377.0
848 377.0
849 377.0
850 377.0
851 377.0
852 377.0
853 377.0
854 377.0
855 377.0
856 377.0
857 375.0
858 375.0
859 375.0
860 375.0
861 375.0
862 375.0
863 375.0
864 375.0
865 375.0
866 375.0
867 375.0
868 369.0
869 369.0
870 369.0
871 369.0
872 369.0
873 361.0
874 360.0
875 353.0
876 353.0
877 352.0
878 349.0
879 349.0
880 349.0
881 349.0
882 346.0
883 344.0
884 344.0
885 344.0
886 344.0
887 344.0
888 344.0
889 344.0
890 344.0
891 344.0
892 344.0
893 344.0
894 344.0
895 343.0
896 343.0
897 343.0
898 343.0
899 343.0
900 343.0
901 343.0
902 343.0
903 343.0
904 343.0
905 343.0
906 343.0
907 343.0
908 343.0
909 343.0
910 343.0
911 342.0
912 342.0
913 342.0
914 342.0
915 342.0
916 342.0
917 342.0
918 342.0
919 342.0
920 342.0
921 342.0
922 342.0
923 342.0
924 342.0
925 342.0
926 342.0
927 342.0
928 342.0
929 342.0
930 342.0
931 342.0
932 342.0
933 341.0
934 341.0
935 341.0
936 341.0
937 341.0
938 341.0
939 341.0
940 341.0
941 341.0
942 341.0
943 341.0
944 341.0
945 341.0
946 341.0
947 341.0
948 341.0
949 341.0
950 341.0
951 341.0
952 341.0
953 341.0
954 341.0
955 341.0
956 341.0
957 338.0
958 335.0
959 335.0
960 335.0
961 335.0
962 335.0
963 335.0
964 335.0
965 335.0
966 335.0
967 335.0
968 335.0
969 335.0
970 335.0
971 335.0
972 335.0
973 335.0
974 335.0
975 335.0
976 335.0
977 335.0
978 335.0
979 335.0
980 335.0
981 335.0
982 333.0
983 333.0
984 333.0
985 331.0
986 331.0
987 331.0
988 331.0
989 327.0
990 327.0
991 327.0
992 327.0
993 327.0
994 327.0
995 327.0
996 327.0
997 327.0
998 327.0
999 327.0
1000 327.0
1001 327.0
1002 327.0
1003 327.0
1004 327.0
1005 327.0
1006 327.0
1007 327.0
1008 327.0
1009 327.0
1010 327.0
1011 327.0
1012 327.0
1013 327.0
1014 327.0
1015 327.0
1016 327.0
1017 327.0
1018 327.0
1019 327.0
1020 327.0
1021 327.0
1022 327.0
1023 327.0
1024 327.0
1025 327.0
1026 327.0
1027 327.0
1028 327.0
1029 327.0
1030 327.0
1031 327.0
1032 327.0
1033 327.0
1034 327.0
1035 327.0
1036 327.0
1037 327.0
1038 327.0
1039 327.0
1040 327.0
1041 327.0
1042 327.0
1043 327.0
1044 327.0
1045 327.0
1046 327.0
1047 327.0
1048 327.0
1049 327.0
1050 327.0
1051 327.0
1052 327.0
1053 327.0
1054 327.0
1055 327.0
1056 327.0
1057 327.0
1058 327.0
1059 327.0
1060 327.0
1061 327.0
1062 327.0
1063 327.0
1064 327.0
1065 327.0
1066 327.0
1067 327.0
1068 327.0
1069 327.0
1070 327.0
1071 326.0
1072 326.0
1073 326.0
1074 326.0
1075 326.0
1076 326.0
1077 326.0
1078 326.0
1079 326.0
1080 326.0
1081 326.0
1082 326.0
1083 326.0
1084 326.0
1085 326.0
1086 326.0
1087 326.0
1088 326.0
1089 326.0
1090 326.0
1091 326.0
1092 326.0
1093 326.0
1094 326.0
1095 326.0
1096 326.0
1097 326.0
1098 326.0
1099 326.0
1100 326.0
1101 326.0
1102 326.0
1103 326.0
1104 326.0
1105 326.0
1106 326.0
1107 326.0
1108 326.0
1109 326.0
1110 326.0
1111 326.0
1112 326.0
1113 326.0
1114 326.0
1115 326.0
1116 326.0
1117 326.0
1118 325.0
1119 325.0
1120 325.0
1121 325.0
1122 325.0
1123 325.0
1124 325.0
1125 325.0
1126 325.0
1127 325.0
1128 325.0
1129 325.0
1130 325.0
1131 325.0
1132 325.0
1133 325.0
1134 325.0
1135 325.0
1136 325.0
1137 325.0
1138 325.0
1139 325.0
1140 325.0
1141 325.0
1142 325.0
1143 325.0
1144 325.0
1145 325.0
1146 325.0
1147 325.0
1148 325.0
1149 325.0
1150 325.0
1151 325.0
1152 325.0
1153 325.0
1154 325.0
1155 325.0
1156 325.0
1157 325.0
1158 325.0
1159 325.0
1160 325.0
1161 325.0
1162 325.0
1163 325.0
1164 325.0
1165 325.0
1166 325.0
1167 325.0
1168 325.0
1169 325.0
1170 325.0
1171 321.0
1172 321.0
1173 321.0
1174 321.0
1175 321.0
1176 321.0
1177 321.0
1178 321.0
1179 321.0
1180 321.0
1181 321.0
1182 321.0
1183 321.0
1184 321.0
1185 321.0
1186 321.0
1187 321.0
1188 321.0
1189 321.0
1190 321.0
1191 321.0
1192 321.0
1193 321.0
1194 321.0
1195 321.0
1196 321.0
1197 321.0
1198 321.0
1199 321.0
1200 321.0
1201 321.0
1202 321.0
1203 321.0
1204 321.0
1205 321.0
1206 321.0
1207 321.0
1208 321.0
1209 321.0
1210 321.0
1211 321.0
1212 321.0
1213 321.0
1214 321.0
1215 321.0
1216 321.0
1217 321.0
1218 321.0
1219 321.0
1220 321.0
1221 321.0
1222 321.0
1223 321.0
1224 321.0
1225 321.0
1226 321.0
1227 321.0
1228 321.0
1229 321.0
1230 321.0
1231 321.0
1232 321.0
1233 321.0
1234 321.0
1235 321.0
1236 321.0
1237 321.0
1238 321.0
1239 321.0
1240 321.0
1241 321.0
1242 321.0
1243 321.0
1244 321.0
1245 321.0
1246 321.0
1247 321.0
1248 321.0
1249 321.0
1250 321.0
1251 321.0
1252 321.0
1253 321.0
1254 321.0
1255 321.0
1256 321.0
1257 321.0
1258 321.0
1259 321.0
1260 321.0
1261 321.0
1262 321.0
1263 320.0
1264 320.0
1265 320.0
1266 320.0
1267 320.0
1268 320.0
1269 320.0
1270 317.0
1271 317.0
1272 317.0
1273 317.0
1274 317.0
1275 317.0
1276 317.0
1277 317.0
1278 317.0
1279 317.0
1280 317.0
1281 317.0
1282 317.0
1283 317.0
1284 317.0
1285 317.0
1286 317.0
1287 317.0
1288 317.0
1289 317.0
1290 317.0
1291 317.0
1292 317.0
1293 317.0
1294 317.0
1295 317.0
1296 317.0
1297 317.0
1298 317.0
1299 317.0
1300 317.0
1301 317.0
1302 317.0
1303 317.0
1304 317.0
1305 317.0
1306 317.0
1307 316.0
1308 316.0
1309 316.0
1310 316.0
1311 316.0
1312 316.0
1313 311.0
1314 311.0
1315 311.0
1316 311.0
1317 311.0
1318 311.0
1319 311.0
1320 311.0
1321 311.0
1322 311.0
1323 311.0
1324 311.0
1325 311.0
1326 311.0
1327 311.0
1328 311.0
1329 311.0
1330 311.0
1331 311.0
1332 311.0
1333 311.0
1334 311.0
1335 311.0
1336 311.0
1337 311.0
1338 311.0
1339 311.0
1340 311.0
1341 311.0
1342 311.0
1343 311.0
1344 311.0
1345 311.0
1346 311.0
1347 311.0
1348 311.0
1349 311.0
1350 311.0
1351 311.0
1352 311.0
1353 311.0
1354 311.0
1355 311.0
1356 311.0
1357 311.0
1358 311.0
1359 311.0
1360 311.0
1361 311.0
1362 311.0
1363 311.0
1364 311.0
1365 311.0
1366 311.0
1367 311.0
1368 311.0
1369 311.0
1370 311.0
1371 311.0
1372 311.0
1373 311.0
1374 311.0
1375 311.0
1376 304.0
1377 304.0
1378 304.0
1379 304.0
1380 304.0
1381 304.0
1382 304.0
1383 304.0
1384 304.0
1385 304.0
1386 304.0
1387 304.0
1388 304.0
1389 304.0
1390 304.0
1391 304.0
1392 304.0
1393 304.0
1394 304.0
1395 304.0
1396 300.0
1397 300.0
1398 300.0
1399 300.0
1400 300.0
1401 300.0
1402 300.0
1403 300.0
1404 300.0
1405 300.0
1406 300.0
1407 300.0
1408 300.0
1409 300.0
1410 299.0
1411 299.0
1412 299.0
1413 299.0
1414 299.0
1415 299.0
1416 299.0
1417 299.0
1418 299.0
1419 299.0
1420 299.0
1421 299.0
1422 299.0
1423 299.0
1424 299.0
1425 299.0
1426 299.0
1427 299.0
1428 299.0
1429 299.0
1430 299.0
1431 299.0
1432 299.0
1433 299.0
1434 299.0
1435 299.0
1436 299.0
1437 299.0
1438 299.0
1439 299.0
1440 299.0
1441 299.0
1442 299.0
1443 299.0
1444 299.0
1445 299.0
1446 299.0
1447 299.0
1448 299.0
1449 299.0
1450 299.0
1451 298.0
1452 298.0
1453 298.0
1454 298.0
1455 298.0
1456 298.0
1457 298.0
1458 298.0
1459 298.0
1460 298.0
1461 298.0
1462 298.0
1463 298.0
1464 298.0
1465 298.0
1466 298.0
1467 298.0
1468 298.0
1469 298.0
1470 298.0
1471 298.0
1472 298.0
1473 298.0
1474 298.0
1475 298.0
1476 298.0
1477 298.0
1478 298.0
1479 298.0
1480 298.0
1481 298.0
1482 298.0
1483 298.0
1484 298.0
1485 298.0
1486 298.0
1487 298.0
1488 298.0
1489 298.0
1490 298.0
1491 298.0
1492 298.0
1493 298.0
1494 298.0
1495 298.0
1496 298.0
1497 298.0
1498 298.0
1499 298.0
1500 298.0
1501 298.0
1502 298.0
1503 298.0
1504 298.0
1505 298.0
1506 298.0
1507 298.0
1508 295.0
1509 295.0
1510 295.0
1511 295.0
1512 295.0
1513 295.0
1514 295.0
1515 295.0
1516 295.0
1517 295.0
1518 295.0
1519 295.0
1520 295.0
1521 295.0
1522 295.0
1523 295.0
1524 295.0
1525 295.0
1526 295.0
1527 295.0
1528 295.0
1529 295.0
1530 295.0
1531 295.0
1532 295.0
1533 295.0
1534 295.0
1535 295.0
1536 295.0
1537 295.0
1538 294.0
1539 294.0
1540 294.0
1541 294.0
1542 294.0
1543 294.0
1544 294.0
1545 294.0
1546 294.0
1547 294.0
1548 294.0
1549 294.0
1550 294.0
1551 294.0
1552 294.0
1553 294.0
1554 294.0
1555 294.0
1556 294.0
1557 294.0
1558 294.0
1559 294.0
1560 294.0
1561 294.0
1562 294.0
1563 294.0
1564 294.0
1565 294.0
1566 294.0
1567 294.0
1568 294.0
1569 294.0
1570 291.0
1571 291.0
1572 291.0
1573 291.0
1574 291.0
1575 291.0
1576 291.0
1577 291.0
1578 291.0
1579 291.0
1580 291.0
1581 291.0
1582 291.0
1583 291.0
1584 291.0
1585 291.0
1586 291.0
1587 291.0
1588 291.0
1589 291.0
1590 291.0
1591 291.0
1592 291.0
1593 291.0
1594 291.0
1595 290.0
1596 290.0
1597 290.0
1598 290.0
1599 290.0
1600 290.0
1601 290.0
1602 290.0
1603 290.0
1604 290.0
1605 290.0
1606 290.0
1607 290.0
1608 290.0
1609 290.0
1610 290.0
1611 290.0
1612 290.0
1613 290.0
1614 290.0
1615 290.0
1616 290.0
1617 290.0
1618 290.0
1619 290.0
1620 290.0
1621 290.0
1622 290.0
1623 290.0
1624 290.0
1625 290.0
1626 290.0
1627 290.0
1628 290.0
1629 290.0
1630 290.0
1631 290.0
1632 290.0
1633 290.0
1634 290.0
1635 287.0
1636 287.0
1637 287.0
1638 287.0
1639 287.0
1640 287.0
1641 287.0
1642 287.0
1643 287.0
1644 285.0
1645 285.0
1646 285.0
1647 285.0
1648 285.0
1649 284.0
1650 284.0
1651 284.0
1652 284.0
1653 284.0
1654 284.0
1655 284.0
1656 284.0
1657 283.0
1658 283.0
1659 283.0
1660 283.0
1661 283.0
1662 283.0
1663 283.0
1664 283.0
1665 283.0
1666 283.0
1667 283.0
1668 283.0
1669 283.0
1670 283.0
1671 282.0
1672 282.0
1673 277.0
1674 277.0
1675 277.0
1676 277.0
1677 277.0
1678 277.0
1679 277.0
1680 274.0
1681 274.0
1682 274.0
1683 274.0
1684 274.0
1685 274.0
1686 274.0
1687 274.0
1688 274.0
1689 274.0
1690 274.0
1691 274.0
1692 274.0
1693 274.0
1694 274.0
1695 274.0
1696 274.0
1697 274.0
1698 274.0
1699 274.0
1700 274.0
1701 274.0
1702 274.0
1703 274.0
1704 274.0
1705 274.0
1706 274.0
1707 274.0
1708 274.0
1709 274.0
1710 274.0
1711 274.0
1712 274.0
1713 274.0
1714 274.0
1715 274.0
1716 274.0
1717 274.0
1718 274.0
1719 274.0
1720 274.0
1721 274.0
1722 274.0
1723 274.0
1724 274.0
1725 274.0
1726 274.0
1727 274.0
1728 274.0
1729 274.0
1730 274.0
1731 274.0
1732 274.0
1733 274.0
1734 274.0
1735 274.0
1736 274.0
1737 274.0
1738 274.0
1739 274.0
1740 274.0
1741 274.0
1742 274.0
1743 274.0
1744 274.0
1745 274.0
1746 274.0
1747 274.0
1748 274.0
1749 274.0
1750 274.0
1751 274.0
1752 274.0
1753 274.0
1754 274.0
1755 274.0
1756 274.0
1757 274.0
1758 274.0
1759 274.0
1760 274.0
1761 274.0
1762 274.0
1763 274.0
1764 274.0
1765 274.0
1766 274.0
1767 274.0
1768 274.0
1769 274.0
1770 274.0
1771 274.0
1772 274.0
1773 274.0
1774 274.0
1775 274.0
1776 274.0
1777 274.0
1778 274.0
1779 274.0
1780 274.0
1781 274.0
1782 274.0
1783 274.0
1784 274.0
1785 274.0
1786 274.0
1787 274.0
1788 274.0
1789 274.0
1790 274.0
1791 274.0
1792 274.0
1793 274.0
1794 274.0
1795 274.0
1796 274.0
1797 274.0
1798 274.0
1799 274.0
1800 274.0
1801 274.0
1802 274.0
1803 274.0
1804 274.0
1805 274.0
1806 274.0
1807 274.0
1808 274.0
1809 274.0
1810 274.0
1811 274.0
1812 274.0
1813 274.0
1814 274.0
1815 274.0
1816 274.0
1817 274.0
1818 274.0
1819 274.0
1820 274.0
1821 274.0
1822 274.0
1823 274.0
1824 274.0
1825 274.0
1826 274.0
1827 274.0
1828 274.0
1829 274.0
1830 274.0
1831 274.0
1832 274.0
1833 274.0
1834 274.0
1835 274.0
1836 274.0
1837 274.0
1838 274.0
1839 274.0
1840 274.0
1841 274.0
1842 274.0
1843 274.0
1844 274.0
1845 274.0
1846 274.0
1847 274.0
1848 274.0
1849 274.0
1850 274.0
1851 274.0
1852 274.0
1853 274.0
1854 274.0
1855 274.0
1856 274.0
1857 274.0
1858 274.0
1859 274.0
1860 274.0
1861 274.0
1862 274.0
1863 274.0
1864 274.0
1865 274.0
1866 274.0
1867 274.0
1868 274.0
1869 274.0
1870 274.0
1871 274.0
1872 274.0
1873 274.0
1874 274.0
1875 273.0
1876 273.0
1877 273.0
1878 273.0
1879 273.0
1880 273.0
1881 273.0
1882 273.0
1883 273.0
1884 273.0
1885 273.0
1886 273.0
1887 273.0
1888 273.0
1889 273.0
1890 271.0
1891 271.0
1892 270.0
1893 270.0
1894 270.0
1895 270.0
1896 270.0
1897 270.0
1898 270.0
1899 270.0
1900 270.0
1901 270.0
1902 270.0
1903 270.0
1904 270.0
1905 270.0
1906 270.0
1907 270.0
1908 270.0
1909 270.0
1910 270.0
1911 270.0
1912 270.0
1913 270.0
1914 270.0
1915 270.0
1916 270.0
1917 270.0
1918 270.0
1919 270.0
1920 270.0
1921 270.0
1922 270.0
1923 270.0
1924 270.0
1925 270.0
1926 270.0
1927 270.0
1928 270.0
1929 270.0
1930 270.0
1931 270.0
1932 270.0
1933 270.0
1934 270.0
1935 270.0
1936 270.0
1937 270.0
1938 270.0
1939 270.0
1940 270.0
1941 270.0
1942 270.0
1943 270.0
1944 270.0
1945 270.0
1946 270.0
1947 270.0
1948 270.0
1949 270.0
1950 270.0
1951 270.0
1952 270.0
1953 270.0
1954 270.0
1955 270.0
1956 270.0
1957 270.0
1958 270.0
1959 270.0
1960 270.0
1961 270.0
1962 270.0
1963 270.0
1964 270.0
1965 270.0
1966 270.0
1967 270.0
1968 270.0
1969 270.0
1970 270.0
1971 270.0
1972 270.0
1973 270.0
1974 270.0
1975 270.0
1976 270.0
1977 270.0
1978 270.0
1979 270.0
1980 270.0
1981 270.0
1982 270.0
1983 270.0
1984 270.0
1985 270.0
1986 270.0
1987 270.0
1988 270.0
1989 269.0
1990 269.0
1991 269.0
1992 269.0
1993 269.0
1994 269.0
1995 269.0
1996 269.0
1997 269.0
1998 269.0
1999 269.0
2000 269.0
2001 269.0
2002 269.0
2003 269.0
2004 269.0
2005 269.0
2006 269.0
2007 269.0
2008 269.0
2009 269.0
2010 269.0
2011 269.0
2012 269.0
2013 269.0
2014 269.0
2015 269.0
2016 269.0
2017 269.0
2018 269.0
2019 269.0
2020 269.0
2021 269.0
2022 269.0
2023 269.0
2024 269.0
2025 269.0
2026 269.0
2027 269.0
2028 269.0
2029 269.0
2030 269.0
2031 269.0
2032 269.0
2033 269.0
2034 269.0
2035 269.0
2036 269.0
2037 269.0
2038 269.0
2039 269.0
2040 269.0
2041 269.0
2042 269.0
2043 269.0
2044 269.0
2045 269.0
2046 269.0
2047 269.0
2048 269.0
2049 269.0
2050 269.0
2051 269.0
2052 269.0
2053 269.0
2054 269.0
2055 269.0
2056 269.0
2057 269.0
2058 269.0
2059 269.0
2060 269.0
2061 269.0
2062 269.0
2063 269.0
2064 269.0
2065 269.0
2066 269.0
2067 269.0
2068 269.0
2069 269.0
2070 269.0
2071 269.0
2072 269.0
2073 269.0
2074 269.0
2075 269.0
2076 269.0
2077 269.0
2078 269.0
2079 269.0
2080 269.0
2081 269.0
2082 269.0
2083 269.0
2084 269.0
2085 269.0
2086 269.0
2087 269.0
2088 269.0
2089 269.0
2090 269.0
2091 269.0
2092 269.0
2093 269.0
2094 269.0
2095 269.0
2096 269.0
2097 269.0
2098 269.0
2099 269.0
2100 269.0
2101 269.0
2102 269.0
2103 269.0
2104 269.0
2105 269.0
2106 269.0
2107 269.0
2108 269.0
2109 269.0
2110 269.0
2111 269.0
2112 269.0
2113 269.0
2114 269.0
2115 269.0
2116 269.0
2117 269.0
2118 269.0
2119 269.0
2120 269.0
2121 269.0
2122 269.0
2123 269.0
2124 269.0
2125 269.0
2126 269.0
2127 269.0
2128 269.0
2129 269.0
2130 269.0
2131 269.0
2132 269.0
2133 269.0
2134 269.0
2135 269.0
2136 269.0
2137 269.0
2138 269.0
2139 269.0
2140 269.0
2141 269.0
2142 269.0
2143 269.0
2144 269.0
2145 269.0
2146 269.0
2147 269.0
2148 269.0
2149 269.0
2150 269.0
2151 269.0
2152 269.0
2153 269.0
2154 269.0
2155 269.0
2156 269.0
2157 269.0
2158 269.0
2159 269.0
2160 269.0
2161 269.0
2162 269.0
2163 269.0
2164 269.0
2165 269.0
2166 269.0
2167 269.0
2168 269.0
2169 269.0
2170 269.0
2171 269.0
2172 269.0
2173 269.0
2174 269.0
2175 269.0
2176 269.0
2177 269.0
2178 269.0
2179 269.0
2180 269.0
2181 269.0
2182 269.0
2183 269.0
2184 269.0
2185 269.0
2186 269.0
2187 269.0
2188 269.0
2189 269.0
2190 269.0
2191 269.0
2192 269.0
2193 269.0
2194 269.0
2195 269.0
2196 269.0
2197 269.0
2198 269.0
2199 269.0
2200 269.0
2201 269.0
2202 269.0
2203 269.0
2204 269.0
2205 269.0
2206 269.0
2207 269.0
2208 269.0
2209 269.0
2210 269.0
2211 269.0
2212 269.0
2213 269.0
2214 269.0
2215 269.0
2216 269.0
2217 269.0
2218 269.0
2219 269.0
2220 269.0
2221 269.0
2222 269.0
2223 269.0
2224 269.0
2225 269.0
2226 269.0
2227 269.0
2228 269.0
2229 269.0
2230 269.0
2231 269.0
2232 269.0
2233 269.0
2234 269.0
2235 269.0
2236 269.0
2237 269.0
2238 269.0
2239 269.0
2240 269.0
2241 269.0
2242 269.0
2243 269.0
2244 269.0
2245 269.0
2246 269.0
2247 269.0
2248 269.0
2249 269.0
2250 269.0
2251 269.0
2252 269.0
2253 269.0
2254 269.0
2255 269.0
2256 269.0
2257 269.0
2258 269.0
2259 269.0
2260 269.0
2261 269.0
2262 269.0
2263 269.0
2264 269.0
2265 269.0
2266 269.0
2267 269.0
2268 269.0
2269 269.0
2270 269.0
2271 269.0
2272 269.0
2273 269.0
2274 269.0
2275 269.0
2276 269.0
2277 269.0
2278 269.0
2279 269.0
2280 269.0
2281 269.0
2282 269.0
2283 269.0
2284 269.0
2285 269.0
2286 269.0
2287 269.0
2288 269.0
2289 269.0
2290 269.0
2291 269.0
2292 269.0
2293 269.0
2294 269.0
2295 269.0
2296 269.0
2297 269.0
2298 269.0
2299 267.0
2300 267.0
2301 267.0
2302 267.0
2303 267.0
2304 267.0
2305 267.0
2306 267.0
2307 267.0
2308 267.0
2309 267.0
2310 267.0
2311 267.0
2312 267.0
2313 267.0
2314 267.0
2315 267.0
2316 267.0
2317 267.0
2318 267.0
2319 267.0
2320 267.0
2321 267.0
2322 267.0
2323 267.0
2324 266.0
2325 266.0
2326 266.0
2327 266.0
2328 266.0
2329 266.0
2330 266.0
2331 266.0
2332 266.0
2333 266.0
2334 265.0
2335 265.0
2336 265.0
2337 265.0
2338 265.0
2339 265.0
2340 265.0
2341 265.0
2342 265.0
2343 265.0
2344 265.0
2345 265.0
2346 265.0
2347 265.0
2348 265.0
2349 265.0
2350 265.0
2351 265.0
2352 265.0
2353 265.0
2354 265.0
2355 265.0
2356 265.0
2357 265.0
2358 265.0
2359 265.0
2360 265.0
2361 265.0
2362 265.0
2363 265.0
2364 265.0
2365 265.0
2366 265.0
2367 265.0
2368 265.0
2369 265.0
2370 265.0
2371 265.0
2372 265.0
2373 265.0
2374 265.0
2375 265.0
2376 265.0
2377 265.0
2378 265.0
2379 265.0
2380 265.0
2381 265.0
2382 265.0
2383 265.0
2384 265.0
2385 265.0
2386 265.0
2387 265.0
2388 265.0
2389 264.0
2390 264.0
2391 264.0
2392 264.0
2393 264.0
2394 264.0
2395 264.0
2396 264.0
2397 264.0
2398 264.0
2399 264.0
2400 264.0
2401 264.0
2402 264.0
2403 264.0
2404 264.0
2405 264.0
2406 264.0
2407 264.0
2408 264.0
2409 264.0
2410 264.0
2411 264.0
2412 264.0
2413 264.0
2414 264.0
2415 264.0
2416 264.0
2417 264.0
2418 264.0
2419 264.0
2420 264.0
2421 264.0
2422 264.0
2423 264.0
2424 264.0
2425 264.0
2426 264.0
2427 264.0
2428 264.0
2429 264.0
2430 264.0
2431 264.0
2432 264.0
2433 264.0
2434 264.0
2435 264.0
2436 264.0
2437 264.0
2438 264.0
2439 264.0
2440 264.0
2441 264.0
2442 264.0
2443 264.0
2444 264.0
2445 264.0
2446 264.0
2447 264.0
2448 264.0
2449 264.0
2450 264.0
2451 264.0
2452 264.0
2453 264.0
2454 264.0
2455 264.0
2456 264.0
2457 264.0
2458 264.0
2459 264.0
2460 264.0
2461 264.0
2462 264.0
2463 264.0
2464 264.0
2465 264.0
2466 264.0
2467 264.0
2468 264.0
2469 264.0
2470 264.0
2471 264.0
2472 264.0
2473 264.0
2474 264.0
2475 264.0
2476 264.0
2477 264.0
2478 264.0
2479 264.0
2480 264.0
2481 264.0
2482 264.0
2483 264.0
2484 264.0
2485 264.0
2486 264.0
2487 264.0
2488 264.0
2489 264.0
2490 264.0
2491 264.0
2492 264.0
2493 264.0
2494 264.0
2495 264.0
2496 264.0
2497 264.0
2498 264.0
2499 264.0
2500 264.0
2501 264.0
2502 264.0
2503 264.0
2504 264.0
2505 264.0
2506 264.0
2507 264.0
2508 264.0
2509 264.0
2510 264.0
2511 264.0
2512 264.0
2513 264.0
2514 264.0
2515 264.0
2516 264.0
2517 264.0
2518 264.0
2519 264.0
2520 264.0
2521 264.0
2522 264.0
2523 264.0
2524 264.0
2525 264.0
2526 264.0
2527 264.0
2528 264.0
2529 264.0
2530 264.0
2531 264.0
2532 264.0
2533 264.0
2534 264.0
2535 264.0
2536 264.0
2537 264.0
2538 264.0
2539 264.0
2540 264.0
2541 264.0
2542 264.0
2543 264.0
2544 264.0
2545 264.0
2546 264.0
2547 264.0
2548 264.0
2549 264.0
2550 264.0
2551 264.0
2552 264.0
2553 264.0
2554 264.0
2555 264.0
2556 264.0
2557 264.0
2558 264.0
2559 264.0
2560 264.0
2561 264.0
2562 264.0
2563 264.0
2564 264.0
2565 264.0
2566 264.0
2567 264.0
2568 264.0
2569 264.0
2570 264.0
2571 264.0
2572 264.0
2573 264.0
2574 264.0
2575 264.0
2576 264.0
2577 264.0
2578 264.0
2579 264.0
2580 264.0
2581 264.0
2582 264.0
2583 264.0
2584 264.0
2585 264.0
2586 264.0
2587 264.0
2588 264.0
2589 264.0
2590 264.0
2591 264.0
2592 264.0
2593 264.0
2594 264.0
2595 264.0
2596 264.0
2597 264.0
2598 264.0
2599 264.0
2600 264.0
2601 264.0
2602 264.0
2603 264.0
2604 264.0
2605 264.0
2606 264.0
2607 264.0
2608 264.0
2609 264.0
2610 264.0
2611 264.0
2612 264.0
2613 264.0
2614 264.0
2615 264.0
2616 264.0
2617 264.0
2618 264.0
2619 264.0
2620 264.0
2621 264.0
2622 264.0
2623 264.0
2624 264.0
2625 264.0
2626 264.0
2627 264.0
2628 264.0
2629 264.0
2630 264.0
2631 264.0
2632 264.0
2633 264.0
2634 264.0
2635 264.0
2636 264.0
2637 264.0
2638 264.0
2639 264.0
2640 264.0
2641 264.0
2642 264.0
2643 264.0
2644 264.0
2645 264.0
2646 264.0
2647 264.0
2648 264.0
2649 264.0
2650 264.0
2651 264.0
2652 264.0
2653 264.0
2654 264.0
2655 264.0
2656 264.0
2657 264.0
2658 264.0
2659 264.0
2660 264.0
2661 264.0
2662 264.0
2663 264.0
2664 264.0
2665 264.0
2666 264.0
2667 264.0
2668 264.0
2669 264.0
2670 264.0
2671 264.0
2672 264.0
2673 264.0
2674 264.0
2675 264.0
2676 264.0
2677 264.0
2678 264.0
2679 264.0
2680 264.0
2681 264.0
2682 264.0
2683 264.0
2684 264.0
2685 264.0
2686 264.0
2687 264.0
2688 264.0
2689 264.0
2690 264.0
2691 264.0
2692 264.0
2693 264.0
2694 264.0
2695 264.0
2696 264.0
2697 264.0
2698 264.0
2699 264.0
2700 264.0
2701 264.0
2702 264.0
2703 264.0
2704 264.0
2705 264.0
2706 264.0
2707 264.0
2708 264.0
2709 264.0
2710 264.0
2711 264.0
2712 264.0
2713 264.0
2714 264.0
2715 264.0
2716 264.0
2717 264.0
2718 264.0
2719 264.0
2720 264.0
2721 264.0
2722 264.0
2723 264.0
2724 264.0
2725 264.0
2726 264.0
2727 264.0
2728 264.0
2729 264.0
2730 264.0
2731 264.0
2732 264.0
2733 264.0
2734 264.0
2735 264.0
2736 264.0
2737 264.0
2738 264.0
2739 264.0
2740 264.0
2741 264.0
2742 264.0
2743 264.0
2744 264.0
2745 264.0
2746 264.0
2747 264.0
2748 264.0
2749 264.0
2750 264.0
2751 264.0
2752 264.0
2753 264.0
2754 264.0
2755 264.0
2756 264.0
2757 264.0
2758 264.0
2759 264.0
2760 264.0
2761 264.0
2762 264.0
2763 264.0
2764 264.0
2765 264.0
2766 264.0
2767 264.0
2768 264.0
2769 264.0
2770 264.0
2771 264.0
2772 264.0
2773 264.0
2774 264.0
2775 264.0
2776 264.0
2777 264.0
2778 264.0
2779 264.0
2780 264.0
2781 264.0
2782 264.0
2783 264.0
2784 264.0
2785 264.0
2786 264.0
2787 264.0
2788 264.0
2789 264.0
2790 264.0
2791 264.0
2792 264.0
2793 264.0
2794 264.0
2795 264.0
2796 264.0
2797 264.0
2798 264.0
2799 264.0
2800 264.0
2801 264.0
2802 264.0
2803 264.0
2804 264.0
2805 264.0
2806 264.0
2807 264.0
2808 264.0
2809 264.0
2810 264.0
2811 264.0
2812 264.0
2813 264.0
2814 264.0
2815 264.0
2816 264.0
2817 264.0
2818 264.0
2819 264.0
2820 264.0
2821 264.0
2822 264.0
2823 264.0
2824 264.0
2825 264.0
2826 264.0
2827 264.0
2828 264.0
2829 264.0
2830 264.0
2831 264.0
2832 264.0
2833 264.0
2834 264.0
2835 264.0
2836 264.0
2837 264.0
2838 264.0
2839 264.0
2840 264.0
2841 264.0
2842 264.0
2843 264.0
2844 264.0
2845 264.0
2846 264.0
2847 264.0
2848 264.0
2849 264.0
2850 264.0
2851 264.0
2852 264.0
2853 264.0
2854 264.0
2855 264.0
2856 264.0
2857 264.0
2858 264.0
2859 264.0
2860 264.0
2861 264.0
2862 264.0
2863 264.0
2864 264.0
2865 264.0
2866 264.0
2867 264.0
2868 264.0
2869 264.0
2870 264.0
2871 264.0
2872 264.0
2873 264.0
2874 264.0
2875 264.0
2876 264.0
2877 264.0
2878 264.0
2879 264.0
2880 264.0
2881 264.0
2882 264.0
2883 264.0
2884 264.0
2885 264.0
2886 264.0
2887 264.0
2888 264.0
2889 264.0
2890 264.0
2891 264.0
2892 264.0
2893 264.0
2894 264.0
2895 264.0
2896 264.0
2897 264.0
2898 264.0
2899 264.0
2900 264.0
2901 264.0
2902 264.0
2903 264.0
2904 264.0
2905 264.0
2906 264.0
2907 264.0
2908 264.0
2909 264.0
2910 264.0
2911 264.0
2912 264.0
2913 264.0
2914 264.0
2915 264.0
2916 264.0
2917 264.0
2918 264.0
2919 264.0
2920 264.0
2921 264.0
2922 264.0
2923 264.0
2924 264.0
2925 264.0
2926 264.0
2927 264.0
2928 264.0
2929 264.0
2930 264.0
2931 264.0
2932 264.0
2933 264.0
2934 264.0
2935 264.0
2936 264.0
2937 264.0
2938 264.0
2939 264.0
2940 264.0
2941 264.0
2942 264.0
2943 264.0
2944 264.0
2945 264.0
2946 264.0
2947 264.0
2948 264.0
2949 264.0
2950 264.0
2951 264.0
2952 264.0
2953 264.0
2954 264.0
2955 264.0
2956 264.0
2957 264.0
2958 264.0
2959 264.0
2960 264.0
2961 264.0
2962 264.0
2963 264.0
2964 264.0
2965 264.0
2966 264.0
2967 264.0
2968 264.0
2969 264.0
2970 264.0
2971 264.0
2972 264.0
2973 264.0
2974 264.0
2975 264.0
2976 264.0
2977 264.0
2978 264.0
2979 264.0
2980 264.0
2981 264.0
2982 264.0
2983 264.0
2984 264.0
2985 264.0
2986 264.0
2987 264.0
2988 264.0
2989 264.0
2990 264.0
2991 264.0
2992 264.0
2993 264.0
2994 264.0
2995 264.0
2996 264.0
2997 264.0
2998 264.0
2999 264.0
3000 264.0
3001 264.0
3002 264.0
3003 264.0
3004 264.0
3005 264.0
3006 264.0
3007 264.0
3008 264.0
3009 264.0
3010 264.0
3011 264.0
3012 264.0
3013 264.0
3014 264.0
3015 264.0
3016 264.0
3017 264.0
3018 264.0
3019 264.0
3020 264.0
3021 264.0
3022 264.0
3023 264.0
3024 264.0
3025 264.0
3026 264.0
3027 264.0
3028 264.0
3029 264.0
3030 264.0
3031 264.0
3032 264.0
3033 264.0
3034 264.0
3035 264.0
3036 264.0
3037 264.0
3038 264.0
3039 264.0
3040 264.0
3041 264.0
3042 264.0
3043 264.0
3044 264.0
3045 264.0
3046 264.0
3047 264.0
3048 264.0
3049 264.0
3050 264.0
3051 264.0
3052 264.0
3053 264.0
3054 264.0
3055 264.0
3056 264.0
3057 264.0
3058 264.0
3059 264.0
3060 264.0
3061 264.0
3062 264.0
3063 264.0
3064 264.0
3065 264.0
3066 264.0
3067 264.0
3068 264.0
3069 264.0
3070 264.0
3071 264.0
3072 264.0
3073 264.0
3074 264.0
3075 264.0
3076 264.0
3077 264.0
3078 264.0
3079 264.0
3080 264.0
3081 264.0
3082 264.0
3083 264.0
3084 264.0
3085 264.0
3086 264.0
3087 264.0
3088 264.0
3089 264.0
3090 264.0
3091 264.0
3092 264.0
3093 264.0
3094 264.0
3095 264.0
3096 264.0
3097 264.0
3098 264.0
3099 264.0
3100 264.0
3101 264.0
3102 264.0
3103 264.0
3104 264.0
3105 264.0
3106 264.0
3107 264.0
3108 264.0
3109 264.0
3110 264.0
3111 264.0
3112 264.0
3113 264.0
3114 264.0
3115 264.0
3116 264.0
3117 264.0
3118 264.0
3119 264.0
3120 264.0
3121 264.0
3122 264.0
3123 264.0
3124 264.0
3125 264.0
3126 264.0
3127 264.0
3128 264.0
3129 264.0
3130 264.0
3131 264.0
3132 264.0
3133 264.0
3134 264.0
3135 264.0
3136 264.0
3137 264.0
3138 264.0
3139 264.0
3140 264.0
3141 264.0
3142 264.0
3143 264.0
3144 264.0
3145 264.0
3146 264.0
3147 264.0
3148 264.0
3149 264.0
3150 264.0
3151 264.0
3152 264.0
3153 264.0
3154 264.0
3155 264.0
3156 264.0
3157 264.0
3158 264.0
3159 264.0
3160 264.0
3161 264.0
3162 264.0
3163 264.0
3164 264.0
3165 264.0
3166 264.0
3167 264.0
3168 264.0
3169 264.0
3170 264.0
3171 264.0
3172 264.0
3173 264.0
3174 264.0
3175 264.0
3176 264.0
3177 264.0
3178 264.0
3179 264.0
3180 264.0
3181 264.0
3182 264.0
3183 264.0
3184 264.0
3185 264.0
3186 264.0
3187 264.0
3188 264.0
3189 264.0
3190 264.0
3191 264.0
3192 264.0
3193 264.0
3194 264.0
3195 264.0
3196 264.0
3197 264.0
3198 264.0
3199 264.0
3200 264.0
3201 264.0
3202 264.0
3203 264.0
3204 264.0
3205 264.0
3206 264.0
3207 264.0
3208 264.0
3209 264.0
3210 264.0
3211 264.0
3212 264.0
3213 264.0
3214 264.0
3215 264.0
3216 264.0
3217 264.0
3218 264.0
3219 264.0
3220 264.0
3221 264.0
3222 264.0
3223 264.0
3224 264.0
3225 264.0
3226 264.0
3227 264.0
3228 264.0
3229 264.0
3230 264.0
3231 264.0
3232 264.0
3233 264.0
3234 264.0
3235 264.0
3236 264.0
3237 264.0
3238 264.0
3239 264.0
3240 264.0
3241 264.0
3242 264.0
3243 264.0
3244 264.0
3245 264.0
3246 264.0
3247 264.0
3248 264.0
3249 264.0
3250 264.0
3251 264.0
3252 264.0
3253 264.0
3254 264.0
3255 264.0
3256 264.0
3257 264.0
3258 264.0
3259 264.0
3260 264.0
3261 264.0
3262 264.0
3263 264.0
3264 264.0
3265 264.0
3266 264.0
3267 264.0
3268 264.0
3269 264.0
3270 264.0
3271 264.0
3272 264.0
3273 264.0
3274 264.0
3275 264.0
3276 264.0
3277 264.0
3278 264.0
3279 264.0
3280 264.0
3281 264.0
3282 264.0
3283 264.0
3284 264.0
3285 264.0
3286 264.0
3287 264.0
3288 264.0
3289 264.0
3290 264.0
3291 264.0
3292 264.0
3293 264.0
3294 264.0
3295 264.0
3296 264.0
3297 264.0
3298 264.0
3299 264.0
3300 264.0
3301 264.0
3302 264.0
3303 264.0
3304 264.0
3305 264.0
3306 264.0
3307 264.0
3308 264.0
3309 264.0
3310 264.0
3311 264.0
3312 264.0
3313 264.0
3314 264.0
3315 264.0
3316 264.0
3317 264.0
3318 264.0
3319 264.0
3320 264.0
3321 264.0
3322 264.0
3323 264.0
3324 264.0
3325 264.0
3326 264.0
3327 264.0
3328 264.0
3329 264.0
3330 264.0
3331 264.0
3332 264.0
3333 264.0
3334 264.0
3335 264.0
3336 264.0
3337 264.0
3338 264.0
3339 264.0
3340 264.0
3341 264.0
3342 264.0
3343 264.0
3344 264.0
3345 264.0
3346 264.0
3347 264.0
3348 264.0
3349 264.0
3350 264.0
3351 264.0
3352 264.0
3353 264.0
3354 264.0
3355 264.0
3356 264.0
3357 264.0
3358 264.0
3359 264.0
3360 264.0
3361 264.0
3362 264.0
3363 264.0
3364 264.0
3365 264.0
3366 264.0
3367 264.0
3368 264.0
3369 264.0
3370 264.0
3371 264.0
3372 264.0
3373 264.0
3374 264.0
3375 264.0
3376 264.0
3377 264.0
3378 264.0
3379 264.0
3380 264.0
3381 264.0
3382 264.0
3383 264.0
3384 264.0
3385 264.0
3386 264.0
3387 264.0
3388 264.0
3389 264.0
3390 264.0
3391 264.0
3392 264.0
3393 264.0
3394 264.0
3395 264.0
3396 264.0
3397 264.0
3398 264.0
3399 264.0
3400 264.0
3401 264.0
3402 264.0
3403 264.0
3404 264.0
3405 264.0
3406 264.0
3407 264.0
3408 264.0
3409 264.0
3410 264.0
3411 264.0
3412 264.0
3413 264.0
3414 264.0
3415 264.0
3416 264.0
3417 264.0
3418 264.0
3419 264.0
3420 264.0
3421 264.0
3422 264.0
3423 264.0
3424 264.0
3425 264.0
3426 264.0
3427 264.0
3428 264.0
3429 264.0
3430 264.0
3431 264.0
3432 264.0
3433 264.0
3434 264.0
3435 264.0
3436 264.0
3437 264.0
3438 264.0
3439 264.0
3440 264.0
3441 264.0
3442 264.0
3443 264.0
3444 264.0
3445 264.0
3446 264.0
3447 264.0
3448 264.0
3449 264.0
3450 264.0
3451 264.0
3452 264.0
3453 264.0
3454 264.0
3455 264.0
3456 264.0
3457 264.0
3458 264.0
3459 264.0
3460 264.0
3461 264.0
3462 264.0
3463 264.0
3464 264.0
3465 264.0
3466 264.0
3467 264.0
3468 264.0
3469 264.0
3470 264.0
3471 264.0
3472 264.0
3473 264.0
3474 264.0
3475 264.0
3476 264.0
3477 264.0
3478 264.0
3479 264.0
3480 264.0
3481 264.0
3482 264.0
3483 264.0
3484 264.0
3485 264.0
3486 264.0
3487 264.0
3488 264.0
3489 264.0
3490 264.0
3491 264.0
3492 264.0
3493 264.0
3494 264.0
3495 264.0
3496 264.0
3497 264.0
3498 264.0
3499 264.0
3500 264.0
3501 264.0
3502 264.0
3503 264.0
3504 264.0
3505 264.0
3506 264.0
3507 264.0
3508 264.0
3509 264.0
3510 264.0
3511 264.0
3512 264.0
3513 264.0
3514 264.0
3515 264.0
3516 264.0
3517 264.0
3518 264.0
3519 264.0
3520 264.0
3521 264.0
3522 264.0
3523 264.0
3524 264.0
3525 264.0
3526 264.0
3527 264.0
3528 264.0
3529 264.0
3530 264.0
3531 264.0
3532 264.0
3533 264.0
3534 264.0
3535 264.0
3536 264.0
3537 264.0
3538 264.0
3539 264.0
3540 264.0
3541 264.0
3542 264.0
3543 264.0
3544 264.0
3545 264.0
3546 264.0
3547 264.0
3548 264.0
3549 264.0
3550 264.0
3551 264.0
3552 264.0
3553 264.0
3554 264.0
3555 264.0
3556 264.0
3557 264.0
3558 264.0
3559 264.0
3560 264.0
3561 264.0
3562 264.0
3563 264.0
3564 264.0
3565 264.0
3566 264.0
3567 264.0
3568 264.0
3569 264.0
3570 264.0
3571 264.0
3572 264.0
3573 264.0
3574 264.0
3575 264.0
3576 264.0
3577 264.0
3578 264.0
3579 264.0
3580 264.0
3581 264.0
3582 264.0
3583 264.0
3584 264.0
3585 264.0
3586 264.0
3587 264.0
3588 264.0
3589 264.0
3590 264.0
3591 264.0
3592 264.0
3593 264.0
3594 264.0
3595 264.0
3596 264.0
3597 264.0
3598 264.0
3599 264.0
3600 264.0
3601 264.0
3602 264.0
3603 264.0
3604 264.0
3605 264.0
3606 264.0
3607 264.0
3608 264.0
3609 264.0
3610 264.0
3611 264.0
3612 264.0
3613 264.0
3614 264.0
3615 264.0
3616 264.0
3617 264.0
3618 264.0
3619 264.0
3620 264.0
3621 264.0
3622 264.0
3623 264.0
3624 264.0
3625 264.0
3626 264.0
3627 264.0
3628 264.0
3629 264.0
3630 264.0
3631 264.0
3632 264.0
3633 264.0
3634 264.0
3635 264.0
3636 264.0
3637 264.0
3638 264.0
3639 264.0
3640 264.0
3641 264.0
3642 264.0
3643 264.0
3644 264.0
3645 264.0
3646 264.0
3647 264.0
3648 264.0
3649 264.0
3650 264.0
3651 264.0
3652 264.0
3653 264.0
3654 264.0
3655 264.0
3656 264.0
3657 264.0
3658 264.0
3659 264.0
3660 264.0
3661 264.0
3662 264.0
3663 264.0
3664 264.0
3665 264.0
3666 264.0
3667 264.0
3668 264.0
3669 264.0
3670 264.0
3671 264.0
3672 264.0
3673 264.0
3674 264.0
3675 264.0
3676 264.0
3677 264.0
3678 264.0
3679 264.0
3680 264.0
3681 264.0
3682 264.0
3683 264.0
3684 264.0
3685 264.0
3686 264.0
3687 264.0
3688 264.0
3689 264.0
3690 264.0
3691 264.0
3692 264.0
3693 264.0
3694 264.0
3695 264.0
3696 264.0
3697 264.0
3698 264.0
3699 264.0
3700 264.0
3701 264.0
3702 264.0
3703 264.0
3704 264.0
3705 264.0
3706 264.0
3707 264.0
3708 264.0
3709 264.0
3710 264.0
3711 264.0
3712 264.0
3713 264.0
3714 264.0
3715 264.0
3716 264.0
3717 264.0
3718 264.0
3719 264.0
3720 264.0
3721 264.0
3722 264.0
3723 264.0
3724 264.0
3725 264.0
3726 264.0
3727 264.0
3728 264.0
3729 264.0
3730 264.0
3731 264.0
3732 264.0
3733 264.0
3734 264.0
3735 264.0
3736 264.0
3737 264.0
3738 264.0
3739 264.0
3740 264.0
3741 264.0
3742 264.0
3743 264.0
3744 264.0
3745 264.0
3746 264.0
3747 264.0
3748 264.0
3749 264.0
3750 264.0
3751 264.0
3752 264.0
3753 264.0
3754 264.0
3755 264.0
3756 264.0
3757 264.0
3758 264.0
3759 264.0
3760 264.0
3761 264.0
3762 264.0
3763 264.0
3764 264.0
3765 264.0
3766 264.0
3767 264.0
3768 264.0
3769 264.0
3770 264.0
3771 264.0
3772 264.0
3773 264.0
3774 264.0
3775 264.0
3776 264.0
3777 264.0
3778 264.0
3779 264.0
3780 264.0
3781 264.0
3782 264.0
3783 264.0
3784 264.0
3785 264.0
3786 264.0
3787 264.0
3788 264.0
3789 264.0
3790 264.0
3791 264.0
3792 264.0
3793 264.0
3794 264.0
3795 264.0
3796 264.0
3797 264.0
3798 264.0
3799 264.0
3800 264.0
3801 264.0
3802 264.0
3803 264.0
3804 264.0
3805 264.0
3806 264.0
3807 264.0
3808 264.0
3809 264.0
3810 264.0
3811 264.0
3812 264.0
3813 264.0
3814 264.0
3815 264.0
3816 264.0
3817 264.0
3818 264.0
3819 264.0
3820 264.0
3821 264.0
3822 264.0
3823 264.0
3824 264.0
3825 264.0
3826 264.0
3827 264.0
3828 264.0
3829 264.0
3830 264.0
3831 264.0
3832 264.0
3833 264.0
3834 264.0
3835 264.0
3836 264.0
3837 264.0
3838 264.0
3839 264.0
3840 264.0
3841 264.0
3842 264.0
3843 264.0
3844 264.0
3845 264.0
3846 264.0
3847 264.0
3848 264.0
3849 264.0
3850 264.0
3851 264.0
3852 264.0
3853 264.0
3854 264.0
3855 264.0
3856 264.0
3857 264.0
3858 264.0
3859 264.0
3860 264.0
3861 264.0
3862 264.0
3863 264.0
3864 264.0
3865 264.0
3866 264.0
3867 264.0
3868 264.0
3869 264.0
3870 264.0
3871 264.0
3872 264.0
3873 264.0
3874 264.0
3875 264.0
3876 264.0
3877 264.0
3878 264.0
3879 264.0
3880 264.0
3881 264.0
3882 264.0
3883 264.0
3884 264.0
3885 264.0
3886 264.0
3887 264.0
3888 264.0
3889 264.0
3890 264.0
3891 264.0
3892 264.0
3893 264.0
3894 264.0
3895 264.0
3896 264.0
3897 264.0
3898 264.0
3899 264.0
3900 264.0
3901 264.0
3902 264.0
3903 264.0
3904 264.0
3905 264.0
3906 264.0
3907 264.0
3908 264.0
3909 264.0
3910 264.0
3911 264.0
3912 264.0
3913 264.0
3914 264.0
3915 264.0
3916 264.0
3917 264.0
3918 264.0
3919 264.0
3920 264.0
3921 264.0
3922 264.0
3923 264.0
3924 264.0
3925 264.0
3926 264.0
3927 264.0
3928 264.0
3929 264.0
3930 264.0
3931 264.0
3932 264.0
3933 264.0
3934 264.0
3935 264.0
3936 264.0
3937 264.0
3938 264.0
3939 264.0
3940 264.0
3941 264.0
3942 264.0
3943 264.0
3944 264.0
3945 264.0
3946 264.0
3947 264.0
3948 264.0
3949 264.0
3950 264.0
3951 264.0
3952 264.0
3953 264.0
3954 264.0
3955 264.0
3956 264.0
3957 264.0
3958 264.0
3959 264.0
3960 264.0
3961 264.0
3962 264.0
3963 264.0
3964 264.0
3965 264.0
3966 264.0
3967 264.0
3968 264.0
3969 264.0
3970 264.0
3971 264.0
3972 264.0
3973 264.0
3974 264.0
3975 264.0
3976 264.0
3977 264.0
3978 264.0
3979 264.0
3980 264.0
3981 264.0
3982 264.0
3983 264.0
3984 264.0
3985 264.0
3986 264.0
3987 264.0
3988 264.0
3989 264.0
3990 264.0
3991 264.0
3992 264.0
3993 264.0
3994 264.0
3995 264.0
3996 264.0
3997 264.0
3998 264.0
3999 264.0
4000 264.0
4001 264.0
4002 264.0
4003 264.0
4004 264.0
4005 264.0
4006 264.0
4007 264.0
4008 264.0
4009 264.0
4010 264.0
4011 264.0
4012 264.0
4013 264.0
4014 264.0
4015 264.0
4016 264.0
4017 264.0
4018 264.0
4019 264.0
4020 264.0
4021 264.0
4022 264.0
4023 264.0
4024 264.0
4025 264.0
4026 264.0
4027 264.0
4028 264.0
4029 264.0
4030 264.0
4031 264.0
4032 264.0
4033 264.0
4034 264.0
4035 264.0
4036 264.0
4037 264.0
4038 264.0
4039 264.0
4040 264.0
4041 264.0
4042 264.0
4043 264.0
4044 264.0
4045 264.0
4046 264.0
4047 264.0
4048 264.0
4049 264.0
4050 264.0
4051 264.0
4052 264.0
4053 264.0
4054 264.0
4055 264.0
4056 264.0
4057 264.0
4058 264.0
4059 264.0
4060 264.0
4061 264.0
4062 264.0
4063 264.0
4064 264.0
4065 264.0
4066 264.0
4067 264.0
4068 264.0
4069 264.0
4070 264.0
4071 264.0
4072 264.0
4073 264.0
4074 264.0
4075 264.0
4076 264.0
4077 264.0
4078 264.0
4079 264.0
4080 264.0
4081 264.0
4082 264.0
4083 264.0
4084 264.0
4085 264.0
4086 264.0
4087 264.0
4088 264.0
4089 264.0
4090 264.0
4091 264.0
4092 264.0
4093 264.0
4094 264.0
4095 264.0
4096 264.0
4097 264.0
4098 264.0
4099 264.0
4100 264.0
4101 264.0
4102 264.0
4103 264.0
4104 264.0
4105 264.0
4106 264.0
4107 264.0
4108 264.0
4109 264.0
4110 264.0
4111 264.0
4112 264.0
4113 264.0
4114 264.0
4115 264.0
4116 264.0
4117 264.0
4118 264.0
4119 264.0
4120 264.0
4121 264.0
4122 264.0
4123 264.0
4124 264.0
4125 264.0
4126 264.0
4127 264.0
4128 264.0
4129 264.0
4130 264.0
4131 264.0
4132 264.0
4133 264.0
4134 264.0
4135 264.0
4136 264.0
4137 264.0
4138 264.0
4139 264.0
4140 264.0
4141 264.0
4142 264.0
4143 264.0
4144 264.0
4145 264.0
4146 264.0
4147 264.0
4148 264.0
4149 264.0
4150 264.0
4151 264.0
4152 264.0
4153 264.0
4154 264.0
4155 264.0
4156 264.0
4157 264.0
4158 264.0
4159 264.0
4160 264.0
4161 264.0
4162 264.0
4163 264.0
4164 264.0
4165 264.0
4166 264.0
4167 264.0
4168 264.0
4169 264.0
4170 264.0
4171 264.0
4172 264.0
4173 264.0
4174 264.0
4175 264.0
4176 264.0
4177 264.0
4178 264.0
4179 264.0
4180 264.0
4181 264.0
4182 264.0
4183 264.0
4184 264.0
4185 264.0
4186 264.0
4187 264.0
4188 264.0
4189 264.0
4190 264.0
4191 264.0
4192 264.0
4193 264.0
4194 264.0
4195 264.0
4196 264.0
4197 264.0
4198 264.0
4199 264.0
4200 264.0
4201 264.0
4202 264.0
4203 264.0
4204 264.0
4205 264.0
4206 264.0
4207 264.0
4208 264.0
4209 264.0
4210 264.0
4211 264.0
4212 264.0
4213 264.0
4214 264.0
4215 264.0
4216 264.0
4217 264.0
4218 264.0
4219 264.0
4220 264.0
4221 264.0
4222 264.0
4223 264.0
4224 264.0
4225 264.0
4226 264.0
4227 264.0
4228 264.0
4229 264.0
4230 264.0
4231 264.0
4232 264.0
4233 264.0
4234 264.0
4235 264.0
4236 264.0
4237 264.0
4238 264.0
4239 264.0
4240 264.0
4241 264.0
4242 264.0
4243 264.0
4244 264.0
4245 264.0
4246 264.0
4247 264.0
4248 264.0
4249 264.0
4250 264.0
4251 264.0
4252 264.0
4253 264.0
4254 264.0
4255 264.0
4256 264.0
4257 264.0
4258 264.0
4259 264.0
4260 264.0
4261 264.0
4262 264.0
4263 264.0
4264 264.0
4265 264.0
4266 264.0
4267 264.0
4268 264.0
4269 264.0
4270 264.0
4271 264.0
4272 264.0
4273 264.0
4274 264.0
4275 264.0
4276 264.0
4277 264.0
4278 264.0
4279 264.0
4280 264.0
4281 264.0
4282 264.0
4283 264.0
4284 264.0
4285 264.0
4286 264.0
4287 264.0
4288 264.0
4289 264.0
4290 264.0
4291 264.0
4292 264.0
4293 264.0
4294 264.0
4295 264.0
4296 264.0
4297 264.0
4298 264.0
4299 264.0
4300 264.0
4301 264.0
4302 264.0
4303 264.0
4304 264.0
4305 264.0
4306 264.0
4307 264.0
4308 264.0
4309 264.0
4310 264.0
4311 264.0
4312 264.0
4313 264.0
4314 264.0
4315 264.0
4316 264.0
4317 264.0
4318 264.0
4319 264.0
4320 264.0
4321 264.0
4322 264.0
4323 264.0
4324 264.0
4325 264.0
4326 264.0
4327 264.0
4328 264.0
4329 264.0
4330 264.0
4331 264.0
4332 264.0
4333 264.0
4334 264.0
4335 264.0
4336 264.0
4337 264.0
4338 264.0
4339 264.0
4340 264.0
4341 264.0
4342 264.0
4343 264.0
4344 264.0
4345 264.0
4346 264.0
4347 264.0
4348 264.0
4349 264.0
4350 264.0
4351 264.0
4352 264.0
4353 264.0
4354 264.0
4355 264.0
4356 264.0
4357 264.0
4358 264.0
4359 264.0
4360 264.0
4361 264.0
4362 264.0
4363 264.0
4364 264.0
4365 264.0
4366 264.0
4367 264.0
4368 264.0
4369 264.0
4370 264.0
4371 264.0
4372 264.0
4373 264.0
4374 264.0
4375 264.0
4376 264.0
4377 264.0
4378 264.0
4379 264.0
4380 264.0
4381 264.0
4382 264.0
4383 264.0
4384 264.0
4385 264.0
4386 264.0
4387 264.0
4388 264.0
4389 264.0
4390 264.0
4391 264.0
4392 264.0
4393 264.0
4394 264.0
4395 264.0
4396 264.0
4397 264.0
4398 264.0
4399 264.0
4400 264.0
4401 264.0
4402 264.0
4403 264.0
4404 264.0
4405 264.0
4406 264.0
4407 264.0
4408 264.0
4409 264.0
4410 264.0
4411 264.0
4412 264.0
4413 264.0
4414 264.0
4415 264.0
4416 264.0
4417 264.0
4418 264.0
4419 264.0
4420 264.0
4421 264.0
4422 264.0
4423 264.0
4424 264.0
4425 264.0
4426 264.0
4427 264.0
4428 264.0
4429 264.0
4430 264.0
4431 264.0
4432 264.0
4433 264.0
4434 264.0
4435 264.0
4436 264.0
4437 264.0
4438 264.0
4439 264.0
4440 264.0
4441 264.0
4442 264.0
4443 264.0
4444 264.0
4445 264.0
4446 264.0
4447 264.0
4448 264.0
4449 264.0
4450 264.0
4451 264.0
4452 264.0
4453 264.0
4454 264.0
4455 264.0
4456 264.0
4457 264.0
4458 264.0
4459 264.0
4460 264.0
4461 264.0
4462 264.0
4463 264.0
4464 264.0
4465 264.0
4466 264.0
4467 264.0
4468 264.0
4469 264.0
4470 264.0
4471 264.0
4472 264.0
4473 264.0
4474 264.0
4475 264.0
4476 264.0
4477 264.0
4478 264.0
4479 264.0
4480 264.0
4481 264.0
4482 264.0
4483 264.0
4484 264.0
4485 264.0
4486 264.0
4487 264.0
4488 264.0
4489 264.0
4490 264.0
4491 264.0
4492 264.0
4493 264.0
4494 264.0
4495 264.0
4496 264.0
4497 264.0
4498 264.0
4499 264.0
4500 264.0
4501 264.0
4502 264.0
4503 264.0
4504 264.0
4505 264.0
4506 264.0
4507 264.0
4508 264.0
4509 264.0
4510 264.0
4511 264.0
4512 264.0
4513 264.0
4514 264.0
4515 264.0
4516 264.0
4517 264.0
4518 264.0
4519 264.0
4520 264.0
4521 264.0
4522 264.0
4523 264.0
4524 264.0
4525 264.0
4526 264.0
4527 264.0
4528 264.0
4529 264.0
4530 264.0
4531 264.0
4532 264.0
4533 264.0
4534 264.0
4535 264.0
4536 264.0
4537 264.0
4538 264.0
4539 264.0
4540 264.0
4541 264.0
4542 264.0
4543 264.0
4544 264.0
4545 264.0
4546 264.0
4547 264.0
4548 264.0
4549 264.0
4550 264.0
4551 264.0
4552 264.0
4553 264.0
4554 264.0
4555 264.0
4556 264.0
4557 264.0
4558 264.0
4559 264.0
4560 264.0
4561 264.0
4562 264.0
4563 264.0
4564 264.0
4565 264.0
4566 264.0
4567 264.0
4568 264.0
4569 264.0
4570 264.0
4571 264.0
4572 264.0
4573 264.0
4574 264.0
4575 264.0
4576 264.0
4577 264.0
4578 264.0
4579 264.0
4580 264.0
4581 264.0
4582 264.0
4583 264.0
4584 264.0
4585 264.0
4586 264.0
4587 264.0
4588 264.0
4589 264.0
4590 264.0
4591 264.0
4592 264.0
4593 264.0
4594 264.0
4595 264.0
4596 264.0
4597 264.0
4598 264.0
4599 264.0
4600 264.0
4601 264.0
4602 264.0
4603 264.0
4604 264.0
4605 264.0
4606 264.0
4607 264.0
4608 264.0
4609 264.0
4610 264.0
4611 264.0
4612 264.0
4613 264.0
4614 264.0
4615 264.0
4616 264.0
4617 264.0
4618 264.0
4619 264.0
4620 264.0
4621 264.0
4622 264.0
4623 264.0
4624 264.0
4625 264.0
4626 264.0
4627 264.0
4628 264.0
4629 264.0
4630 264.0
4631 264.0
4632 264.0
4633 264.0
4634 264.0
4635 264.0
4636 264.0
4637 264.0
4638 264.0
4639 264.0
4640 264.0
4641 264.0
4642 264.0
4643 264.0
4644 264.0
4645 264.0
4646 264.0
4647 264.0
4648 264.0
4649 264.0
4650 264.0
4651 264.0
4652 264.0
4653 264.0
4654 264.0
4655 264.0
4656 264.0
4657 264.0
4658 264.0
4659 264.0
4660 264.0
4661 264.0
4662 264.0
4663 264.0
4664 264.0
4665 264.0
4666 264.0
4667 264.0
4668 264.0
4669 264.0
4670 264.0
4671 264.0
4672 264.0
4673 264.0
4674 264.0
4675 264.0
4676 264.0
4677 264.0
4678 264.0
4679 264.0
4680 264.0
4681 264.0
4682 264.0
4683 264.0
4684 264.0
4685 264.0
4686 264.0
4687 264.0
4688 264.0
4689 264.0
4690 264.0
4691 264.0
4692 264.0
4693 264.0
4694 264.0
4695 264.0
4696 264.0
4697 264.0
4698 264.0
4699 264.0
4700 264.0
4701 264.0
4702 264.0
4703 264.0
4704 264.0
4705 264.0
4706 264.0
4707 264.0
4708 264.0
4709 264.0
4710 264.0
4711 264.0
4712 264.0
4713 264.0
4714 264.0
4715 264.0
4716 264.0
4717 264.0
4718 264.0
4719 264.0
4720 264.0
4721 264.0
4722 264.0
4723 264.0
4724 264.0
4725 264.0
4726 264.0
4727 264.0
4728 264.0
4729 264.0
4730 264.0
4731 264.0
4732 264.0
4733 264.0
4734 264.0
4735 264.0
4736 264.0
4737 264.0
4738 264.0
4739 264.0
4740 264.0
4741 264.0
4742 264.0
4743 264.0
4744 264.0
4745 264.0
4746 264.0
4747 264.0
4748 264.0
4749 264.0
4750 264.0
4751 264.0
4752 264.0
4753 264.0
4754 264.0
4755 264.0
4756 264.0
4757 264.0
4758 264.0
4759 264.0
4760 264.0
4761 264.0
4762 264.0
4763 264.0
4764 264.0
4765 264.0
4766 264.0
4767 264.0
4768 264.0
4769 264.0
4770 264.0
4771 264.0
4772 264.0
4773 264.0
4774 264.0
4775 264.0
4776 264.0
4777 264.0
4778 264.0
4779 264.0
4780 264.0
4781 264.0
4782 264.0
4783 264.0
4784 264.0
4785 264.0
4786 264.0
4787 264.0
4788 264.0
4789 264.0
4790 264.0
4791 264.0
4792 264.0
4793 264.0
4794 264.0
4795 264.0
4796 264.0
4797 264.0
4798 264.0
4799 264.0
4800 264.0
4801 264.0
4802 264.0
4803 264.0
4804 264.0
4805 264.0
4806 264.0
4807 264.0
4808 264.0
4809 264.0
4810 264.0
4811 264.0
4812 264.0
4813 264.0
4814 264.0
4815 264.0
4816 264.0
4817 264.0
4818 264.0
4819 264.0
4820 264.0
4821 264.0
4822 264.0
4823 264.0
4824 264.0
4825 264.0
4826 264.0
4827 264.0
4828 264.0
4829 264.0
4830 264.0
4831 264.0
4832 264.0
4833 264.0
4834 264.0
4835 264.0
4836 264.0
4837 264.0
4838 264.0
4839 264.0
4840 264.0
4841 264.0
4842 264.0
4843 264.0
4844 264.0
4845 264.0
4846 264.0
4847 264.0
4848 264.0
4849 264.0
4850 264.0
4851 264.0
4852 264.0
4853 264.0
4854 264.0
4855 264.0
4856 264.0
4857 264.0
4858 264.0
4859 264.0
4860 264.0
4861 264.0
4862 264.0
4863 264.0
4864 264.0
4865 264.0
4866 264.0
4867 264.0
4868 264.0
4869 264.0
4870 264.0
4871 264.0
4872 264.0
4873 264.0
4874 264.0
4875 264.0
4876 264.0
4877 264.0
4878 264.0
4879 264.0
4880 264.0
4881 264.0
4882 264.0
4883 264.0
4884 264.0
4885 264.0
4886 264.0
4887 264.0
4888 264.0
4889 264.0
4890 264.0
4891 264.0
4892 264.0
4893 264.0
4894 264.0
4895 264.0
4896 264.0
4897 264.0
4898 264.0
4899 264.0
4900 264.0
4901 264.0
4902 264.0
4903 264.0
4904 264.0
4905 264.0
4906 264.0
4907 264.0
4908 264.0
4909 264.0
4910 264.0
4911 264.0
4912 264.0
4913 264.0
4914 264.0
4915 264.0
4916 264.0
4917 264.0
4918 264.0
4919 264.0
4920 264.0
4921 264.0
4922 264.0
4923 264.0
4924 264.0
4925 264.0
4926 264.0
4927 264.0
4928 264.0
4929 264.0
4930 264.0
4931 264.0
4932 264.0
4933 264.0
4934 264.0
4935 264.0
4936 264.0
4937 264.0
4938 264.0
4939 264.0
4940 264.0
4941 264.0
4942 264.0
4943 264.0
4944 264.0
4945 264.0
4946 264.0
4947 264.0
4948 264.0
4949 264.0
4950 264.0
4951 264.0
4952 264.0
4953 264.0
4954 264.0
4955 264.0
4956 264.0
4957 264.0
4958 264.0
4959 264.0
4960 264.0
4961 264.0
4962 264.0
4963 264.0
4964 264.0
4965 264.0
4966 264.0
4967 264.0
4968 264.0
4969 264.0
4970 264.0
4971 264.0
4972 264.0
4973 264.0
4974 264.0
4975 264.0
4976 264.0
4977 264.0
4978 264.0
4979 264.0
4980 264.0
4981 264.0
4982 264.0
4983 264.0
4984 264.0
4985 264.0
4986 264.0
4987 264.0
4988 264.0
4989 264.0
4990 264.0
4991 264.0
4992 264.0
4993 264.0
4994 264.0
4995 264.0
4996 264.0
4997 264.0
4998 264.0
4999 264.0
