0 2
1 2
2 2
3 2
4 2
5 2
6 2
7 2
8 2
9 3
10 3
11 3
12 3
13 3
14 3
15 3
16 3
17 3
18 3
19 3
30 3
31 3
32 3
33 3
34 3
35 3
36 3
37 3
38 3
39 3
50 3
51 3
52 3
53 3
54 3
55 3
56 3
57 3
58 3
59 3
70 5
71 5
72 5
73 5
74 5
75 5
76 5
77 5
78 5
79 5
90 5
91 5
92 5
93 5
94 5
95 5
96 5
97 5
98 5
99 5
110 5
111 5
112 5
113 5
114 6
115 6
116 6
117 6
118 6
119 6
120 7
121 7
122 7
123 7
124 7
125 7
126 7
127 7
128 7
129 7
130 7
141 7
142 7
143 7
144 7
145 7
146 7
147 7
148 7
149 7
150 7
161 7
162 7
163 7
164 7
165 7
166 7
167 7
168 7
169 7
170 7
181 8
182 8
183 8
184 8
185 8
186 8
187 8
188 8
189 8
190 8
191 8
202 8
203 8
204 8
205 8
206 8
207 8
208 8
209 8
210 8
211 8
222 9
223 9
224 9
225 9
226 9
227 10
228 10
229 10
230 10
231 10
232 10
233 10
234 10
235 10
236 10
237 10
248 12
249 12
250 12
251 12
252 12
253 12
254 12
255 12
256 12
257 12
268 13
269 13
270 13
271 13
272 13
273 13
274 13
275 13
276 13
277 14
278 14
279 14
280 14
281 14
282 14
283 14
284 14
285 14
286 14
287 14
298 14
299 14
300 14
301 14
302 14
303 14
304 14
305 14
306 14
307 14
318 14
319 14
320 14
321 14
322 14
323 14
324 14
325 14
326 14
327 14
338 14
339 14
340 14
341 14
342 14
343 14
344 14
345 14
346 14
347 14
358 14
359 14
360 14
361 14
362 14
363 14
364 14
365 14
366 14
367 14
378 15
379 15
380 16
381 16
382 17
383 17
384 17
385 17
386 17
387 17
388 17
389 17
390 17
391 17
392 17
403 17
404 17
405 17
406 17
407 17
408 17
409 17
410 17
411 17
412 17
423 17
424 17
425 17
426 17
427 17
428 17
429 17
430 17
431 17
432 17
443 16
444 16
445 16
446 16
447 16
448 16
449 16
450 16
451 16
452 16
463 17
464 17
465 17
466 17
467 17
468 17
469 17
470 17
471 17
472 17
483 17
484 17
485 17
486 17
487 17
488 17
489 17
490 17
491 17
492 17
503 16
504 16
505 16
506 16
507 16
508 16
509 16
510 16
511 16
512 16
523 18
524 18
525 18
526 19
527 19
528 19
529 19
530 20
531 20
532 20
533 20
534 20
535 20
536 20
537 20
538 20
539 20
540 20
551 20
552 20
553 20
554 20
555 20
556 20
557 20
558 20
559 20
560 20
571 20
572 20
573 20
574 20
575 20
576 20
577 20
578 20
579 20
580 20
591 20
592 20
593 20
594 20
595 20
596 20
597 20
598 20
599 20
600 20
611 20
612 20
613 20
614 20
615 20
616 20
617 20
618 20
619 20
620 20
631 18
632 18
633 18
634 18
635 18
636 18
637 18
638 18
639 18
640 18
651 18
652 18
653 18
654 18
655 18
656 18
657 18
658 18
659 18
660 18
671 18
672 18
673 18
674 18
675 18
676 18
677 18
678 18
679 18
680 18
691 16
692 16
693 16
694 16
695 16
696 16
697 16
698 16
699 16
700 16
711 16
712 16
713 16
714 16
715 16
716 17
717 17
718 17
719 17
720 18
721 18
722 18
723 18
724 18
725 18
726 18
727 18
728 18
729 18
730 18
741 18
742 18
743 18
744 18
745 18
746 18
747 18
748 18
749 18
750 18
761 18
762 18
763 18
764 18
765 18
766 18
767 18
768 18
769 18
770 18
781 17
782 17
783 17
784 17
785 17
786 17
787 17
788 17
789 17
790 17
801 17
802 17
803 17
804 17
805 17
806 17
807 17
808 17
809 17
810 17
821 18
822 18
823 18
824 18
825 18
826 18
827 18
828 18
829 18
830 18
841 18
842 18
843 18
844 18
845 18
846 18
847 18
848 18
849 18
850 18
861 18
862 18
863 18
864 18
865 18
866 18
867 18
868 18
869 18
870 18
881 17
882 17
883 17
884 17
885 17
886 17
887 17
888 17
889 17
890 17
901 17
902 17
903 17
904 17
905 17
906 17
907 17
908 17
909 17
910 17
921 17
922 17
923 17
924 17
925 17
926 17
927 17
928 17
929 17
930 17
941 15
942 15
943 15
944 15
945 15
946 15
947 15
948 15
949 15
950 15
961 16
962 16
963 16
964 16
965 16
966 16
967 16
968 16
969 16
970 16
981 16
982 16
983 16
984 16
985 16
986 16
987 16
988 16
989 16
990 16
1001 16
1002 16
1003 16
1004 16
1005 16
1006 16
1007 16
1008 16
1009 16
1010 16
1021 15
1022 15
1023 15
1024 15
1025 15
1026 15
1027 15
1028 15
1029 15
1030 15
1041 15
1042 15
1043 15
1044 15
1045 15
1046 15
1047 15
1048 15
1049 15
1050 15
1061 15
1062 15
1063 15
1064 15
1065 15
1066 15
1067 15
1068 15
1069 15
1070 15
1081 15
1082 15
1083 15
1084 15
1085 15
1086 15
1087 15
1088 15
1089 15
1090 15
1101 15
1102 15
1103 15
1104 15
1105 15
1106 15
1107 15
1108 15
1109 15
1110 15
1121 12
1122 12
1123 12
1124 12
1125 12
1126 12
1127 12
1128 12
1129 12
1130 12
1141 12
1142 12
1143 12
1144 12
1145 12
1146 12
1147 12
1148 12
1149 12
1150 12
1161 12
1162 12
1163 12
1164 12
1165 12
1166 12
1167 12
1168 12
1169 12
1170 12
1181 12
1182 12
1183 12
1184 12
1185 12
1186 12
1187 12
1188 12
1189 12
1190 12
1201 13
1202 13
1203 13
1204 13
1205 13
1206 13
1207 13
1208 13
1209 13
1210 13
1221 13
1222 13
1223 13
1224 13
1225 13
1226 13
1227 13
1228 13
1229 13
1230 13
1241 13
1242 13
1243 13
1244 13
1245 13
1246 13
1247 13
1248 13
1249 13
1250 13
1261 14
1262 14
1263 14
1264 14
1265 14
1266 14
1267 14
1268 14
1269 14
1270 14
1271 14
1282 14
1283 14
1284 14
1285 14
1286 14
1287 14
1288 14
1289 14
1290 14
1291 14
1302 14
1303 14
1304 14
1305 14
1306 14
1307 14
1308 14
1309 14
1310 14
1311 14
1322 13
1323 13
1324 13
1325 13
1326 13
1327 13
1328 13
1329 13
1330 13
1331 13
1342 13
1343 13
1344 13
1345 13
1346 13
1347 13
1348 13
1349 13
1350 13
1351 13
1362 12
1363 12
1364 12
1365 12
1366 12
1367 12
1368 12
1369 12
1370 12
1371 12
1382 12
1383 12
1384 12
1385 12
1386 12
1387 12
1388 12
1389 12
1390 12
1391 12
1402 12
1403 12
1404 12
1405 12
1406 12
1407 12
1408 12
1409 12
1410 12
1411 12
1422 12
1423 12
1424 12
1425 12
1426 12
1427 12
1428 12
1429 12
1430 12
1431 12
1442 12
1443 12
1444 12
1445 12
1446 12
1447 12
1448 12
1449 12
1450 12
1451 12
1462 12
1463 12
1464 12
1465 12
1466 12
1467 12
1468 12
1469 12
1470 12
1471 12
1482 12
1483 12
1484 12
1485 12
1486 12
1487 12
1488 12
1489 12
1490 12
1491 12
1502 12
1503 12
1504 12
1505 12
1506 12
1507 12
1508 12
1509 12
1510 12
1511 12
1522 11
1523 11
1524 11
1525 11
1526 11
1527 11
1528 11
1529 11
1530 11
1531 11
1542 13
1543 13
1544 13
1545 13
1546 13
1547 13
1548 13
1549 13
1550 13
1551 13
1562 13
1563 13
1564 13
1565 13
1566 13
1567 13
1568 13
1569 13
1570 13
1571 13
1582 13
1583 13
1584 13
1585 13
1586 13
1587 13
1588 13
1589 13
1590 13
1591 13
1602 13
1603 13
1604 13
1605 13
1606 13
1607 13
1608 13
1609 13
1610 13
1611 13
1622 13
1623 13
1624 13
1625 13
1626 13
1627 13
1628 14
1629 14
1630 14
1631 14
1632 14
1633 14
1634 14
1635 14
1636 14
1637 14
1638 14
1649 15
1650 15
1651 15
1652 15
1653 15
1654 16
1655 16
1656 16
1657 16
1658 16
1659 16
1660 16
1661 16
1662 16
1663 16
1664 16
1675 16
1676 16
1677 16
1678 16
1679 16
1680 16
1681 16
1682 16
1683 17
1684 17
1685 17
1686 18
1687 18
1688 18
1689 18
1690 18
1691 18
1692 18
1693 18
1694 18
1695 18
1696 18
1707 18
1708 18
1709 18
1710 18
1711 18
1712 18
1713 18
1714 18
1715 18
1716 18
1727 18
1728 18
1729 18
1730 18
1731 18
1732 18
1733 18
1734 18
1735 18
1736 19
1737 19
1738 19
1739 19
1740 19
1741 19
1742 19
1743 19
1744 19
1745 19
1746 19
1757 19
1758 19
1759 19
1760 19
1761 19
1762 19
1763 19
1764 19
1765 20
1766 20
1767 20
1768 20
1769 20
1770 20
1771 20
1772 20
1773 20
1774 20
1775 20
1786 20
1787 20
1788 20
1789 20
1790 21
1791 21
1792 21
1793 21
1794 21
1795 21
1796 21
1797 21
1798 22
1799 22
1800 22
1801 22
1802 22
1803 22
1804 22
1805 22
1806 22
1807 22
1808 22
1819 22
1820 22
1821 22
1822 22
1823 22
1824 22
1825 22
1826 22
1827 22
1828 22
1839 22
1840 22
1841 22
1842 22
1843 22
1844 22
1845 22
1846 22
1847 22
1848 22
1859 22
1860 22
1861 22
1862 22
1863 22
1864 22
1865 22
1866 22
1867 22
1868 22
1879 22
1880 22
1881 22
1882 22
1883 22
1884 22
1885 22
1886 22
1887 22
1888 22
1899 21
1900 21
1901 21
1902 21
1903 21
1904 21
1905 21
1906 21
1907 21
1908 21
1919 21
1920 21
1921 21
1922 21
1923 21
1924 21
1925 21
1926 21
1927 21
1928 21
1939 21
1940 21
1941 21
1942 21
1943 21
1944 21
1945 21
1946 21
1947 21
1948 21
1959 21
1960 21
1961 21
1962 21
1963 21
1964 21
1965 21
1966 21
1967 21
1968 21
1979 20
1980 20
1981 20
1982 20
1983 20
1984 20
1985 20
1986 20
1987 20
1988 20
1999 21
2000 21
2001 21
2002 21
2003 21
2004 21
2005 21
2006 21
2007 21
2008 21
2019 21
2020 21
2021 21
2022 21
2023 21
2024 21
2025 21
2026 21
2027 21
2028 21
2039 21
2040 21
2041 21
2042 21
2043 21
2044 21
2045 21
2046 21
2047 21
2048 21
2059 22
2060 22
2061 22
2062 22
2063 22
2064 22
2065 22
2066 22
2067 22
2068 22
2079 22
2080 22
2081 22
2082 22
2083 22
2084 22
2085 22
2086 22
2087 22
2088 22
2099 22
2100 22
2101 22
2102 22
2103 22
2104 22
2105 22
2106 22
2107 22
2108 22
2119 22
2120 22
2121 23
2122 23
2123 23
2124 23
2125 23
2126 23
2127 23
2128 23
2129 23
2130 23
2131 23
2142 23
2143 23
2144 23
2145 23
2146 23
2147 23
2148 23
2149 23
2150 23
2151 23
2162 24
2163 24
2164 24
2165 24
2166 24
2167 24
2168 24
2169 24
2170 24
2171 24
2182 24
2183 24
2184 24
2185 24
2186 24
2187 24
2188 24
2189 24
2190 24
2191 24
2202 23
2203 23
2204 23
2205 23
2206 23
2207 23
2208 23
2209 23
2210 23
2211 23
2222 23
2223 23
2224 23
2225 23
2226 23
2227 23
2228 23
2229 23
2230 23
2231 23
2242 23
2243 23
2244 23
2245 23
2246 23
2247 23
2248 23
2249 23
2250 23
2251 23
2262 22
2263 22
2264 22
2265 22
2266 22
2267 22
2268 22
2269 22
2270 22
2271 22
2282 22
2283 22
2284 22
2285 22
2286 22
2287 22
2288 22
2289 22
2290 22
2291 22
2302 22
2303 22
2304 22
2305 22
2306 22
2307 22
2308 22
2309 22
2310 22
2311 22
2322 22
2323 22
2324 22
2325 22
2326 22
2327 22
2328 22
2329 22
2330 22
2331 22
2342 21
2343 21
2344 21
2345 21
2346 21
2347 21
2348 21
2349 21
2350 21
2351 21
2362 21
2363 21
2364 21
2365 21
2366 21
2367 21
2368 21
2369 21
2370 21
2371 21
2382 21
2383 21
2384 21
2385 21
2386 21
2387 21
2388 21
2389 21
2390 21
2391 21
2402 21
2403 21
2404 21
2405 21
2406 21
2407 21
2408 21
2409 21
2410 21
2411 21
2422 21
2423 21
2424 21
2425 21
2426 21
2427 21
2428 21
2429 21
2430 21
2431 21
2442 21
2443 21
2444 21
2445 21
2446 21
2447 21
2448 21
2449 21
2450 21
2451 21
2462 19
2463 19
2464 19
2465 19
2466 19
2467 19
2468 19
2469 19
2470 19
2471 19
2482 19
2483 20
2484 20
2485 20
2486 20
2487 20
2488 20
2489 20
2490 20
2491 20
2492 20
2493 20
2504 19
2505 19
2506 19
2507 19
2508 19
2509 19
2510 19
2511 19
2512 19
2513 19
2524 19
2525 19
2526 19
2527 19
2528 20
2529 20
2530 20
2531 20
2532 20
2533 20
2534 20
2535 20
2536 20
2537 20
2538 20
2549 20
2550 20
2551 20
2552 20
2553 20
2554 20
2555 20
2556 20
2557 20
2558 20
2569 20
2570 20
2571 20
2572 20
2573 20
2574 20
2575 20
2576 20
2577 20
2578 20
2589 20
2590 20
2591 20
2592 20
2593 20
2594 20
2595 20
2596 20
2597 20
2598 20
2609 20
2610 20
2611 20
2612 20
2613 20
2614 20
2615 20
2616 20
2617 20
2618 20
2629 20
2630 20
2631 20
2632 20
2633 20
2634 20
2635 20
2636 20
2637 20
2638 20
2649 20
2650 20
2651 20
2652 20
2653 20
2654 20
2655 20
2656 20
2657 20
2658 20
2669 20
2670 20
2671 20
2672 20
2673 20
2674 20
2675 20
2676 20
2677 20
2678 20
2689 20
2690 20
2691 20
2692 20
2693 20
2694 20
2695 20
2696 20
2697 20
2698 20
2709 20
2710 20
2711 20
2712 20
2713 20
2714 20
2715 20
2716 20
2717 20
2718 20
2729 20
2730 20
2731 20
2732 20
2733 20
2734 20
2735 20
2736 20
2737 20
2738 20
2749 20
2750 20
2751 20
2752 20
2753 20
2754 20
2755 20
2756 20
2757 20
2758 20
2769 19
2770 19
2771 19
2772 19
2773 19
2774 19
2775 19
2776 19
2777 19
2778 19
2789 18
2790 18
2791 18
2792 18
2793 18
2794 18
2795 18
2796 18
2797 18
2798 18
2809 18
2810 18
2811 18
2812 18
2813 18
2814 18
2815 18
2816 18
2817 18
2818 18
2829 18
2830 18
2831 18
2832 18
2833 18
2834 19
2835 19
2836 19
2837 19
2838 19
2839 19
2840 19
2841 19
2842 19
2843 19
2844 19
2855 19
2856 19
2857 19
2858 20
2859 20
2860 20
2861 20
2862 20
2863 20
2864 20
2865 20
2866 20
2867 20
2868 20
2879 19
2880 19
2881 19
2882 19
2883 19
2884 19
2885 19
2886 19
2887 19
2888 19
2899 19
2900 19
2901 19
2902 19
2903 20
2904 20
2905 20
2906 20
2907 20
2908 20
2909 20
2910 20
2911 20
2912 20
2913 20
2924 20
2925 20
2926 20
2927 20
2928 20
2929 20
2930 20
2931 20
2932 21
2933 21
2934 21
2935 21
2936 21
2937 21
2938 21
2939 21
2940 21
2941 21
2942 21
2953 21
2954 21
2955 21
2956 22
2957 22
2958 22
2959 22
2960 22
2961 22
2962 22
2963 22
2964 22
2965 22
2966 22
2977 22
2978 22
2979 22
2980 22
2981 22
2982 22
2983 22
2984 22
2985 22
2986 22
2997 22
2998 22
2999 22
3000 22
3001 22
3002 22
3003 22
3004 22
3005 22
3006 22
3017 22
3018 23
3019 23
3020 23
3021 23
3022 23
3023 23
3024 23
3025 23
3026 23
3027 23
3028 23
3039 23
3040 23
3041 23
3042 23
3043 23
3044 23
3045 23
3046 23
3047 23
3048 23
3059 22
3060 22
3061 22
3062 22
3063 22
3064 22
3065 22
3066 22
3067 22
3068 22
3079 22
3080 22
3081 22
3082 22
3083 22
3084 22
3085 22
3086 22
3087 22
3088 22
3099 22
3100 22
3101 22
3102 22
3103 22
3104 22
3105 23
3106 23
3107 23
3108 23
3109 23
3110 23
3111 23
3112 23
3113 23
3114 23
3115 23
3126 23
3127 23
3128 23
3129 23
3130 24
3131 24
3132 24
3133 24
3134 24
3135 24
3136 24
3137 24
3138 24
3139 24
3140 24
3151 24
3152 24
3153 24
3154 24
3155 24
3156 24
3157 24
3158 24
3159 24
3160 24
3171 23
3172 23
3173 23
3174 23
3175 23
3176 24
3177 24
3178 24
3179 24
3180 24
3181 24
3182 24
3183 24
3184 24
3185 24
3186 24
3197 24
3198 24
3199 24
3200 24
3201 24
3202 24
3203 24
3204 24
3205 24
3206 24
3217 24
3218 24
3219 24
3220 24
3221 24
3222 24
3223 24
3224 24
3225 24
3226 24
3237 24
3238 24
3239 24
3240 24
3241 24
3242 24
3243 24
3244 24
3245 24
3246 24
3257 25
3258 25
3259 25
3260 25
3261 25
3262 25
3263 25
3264 25
3265 25
3266 25
3277 25
3278 25
3279 25
3280 25
3281 25
3282 25
3283 25
3284 25
3285 25
3286 25
3297 25
3298 25
3299 25
3300 25
3301 25
3302 25
3303 25
3304 25
3305 25
3306 25
3317 26
3318 26
3319 26
3320 26
3321 26
3322 26
3323 26
3324 26
3325 26
3326 26
3337 25
3338 25
3339 25
3340 25
3341 25
3342 25
3343 25
3344 25
3345 25
3346 25
3357 25
3358 25
3359 25
3360 25
3361 25
3362 25
3363 25
3364 25
3365 25
3366 25
3377 25
3378 25
3379 25
3380 25
3381 25
3382 25
3383 25
3384 25
3385 25
3386 25
3397 24
3398 24
3399 24
3400 24
3401 24
3402 24
3403 24
3404 24
3405 24
3406 24
3417 23
3418 23
3419 23
3420 23
3421 23
3422 23
3423 23
3424 23
3425 23
3426 23
3437 23
3438 23
3439 23
3440 23
3441 23
3442 23
3443 23
3444 23
3445 23
3446 23
3457 23
3458 23
3459 23
3460 23
3461 23
3462 23
3463 23
3464 23
3465 23
3466 23
3477 23
3478 23
3479 23
3480 23
3481 23
3482 23
3483 23
3484 23
3485 23
3486 23
3497 22
3498 22
3499 22
3500 22
3501 22
3502 23
3503 23
3504 23
3505 23
3506 23
3507 23
3508 23
3509 23
3510 23
3511 23
3512 23
3523 23
3524 23
3525 23
3526 23
3527 23
3528 23
3529 23
3530 23
3531 23
3532 23
3543 23
3544 23
3545 23
3546 23
3547 23
3548 23
3549 23
3550 23
3551 23
3552 23
3563 23
3564 23
3565 23
3566 23
3567 23
3568 23
3569 23
3570 23
3571 23
3572 23
3583 22
3584 22
3585 22
3586 22
3587 22
3588 22
3589 22
3590 22
3591 22
3592 22
3603 22
3604 22
3605 22
3606 22
3607 22
3608 22
3609 22
3610 22
3611 22
3612 22
3623 23
3624 23
3625 23
3626 23
3627 23
3628 23
3629 23
3630 23
3631 23
3632 23
3633 23
3644 23
3645 23
3646 23
3647 23
3648 23
3649 23
3650 23
3651 23
3652 23
3653 23
3664 22
3665 22
3666 22
3667 22
3668 22
3669 22
3670 22
3671 22
3672 22
3673 22
3684 22
3685 22
3686 22
3687 22
3688 22
3689 22
3690 22
3691 22
3692 22
3693 23
3694 23
3695 23
3696 23
3697 23
3698 23
3699 23
3700 23
3701 23
3702 23
3703 23
3714 23
3715 23
3716 23
3717 23
3718 23
3719 23
3720 23
3721 23
3722 23
3723 23
3734 23
3735 23
3736 23
3737 23
3738 23
3739 23
3740 23
3741 23
3742 23
3743 23
3754 23
3755 23
3756 23
3757 23
3758 23
3759 23
3760 24
3761 24
3762 24
3763 24
3764 24
3765 24
3766 24
3767 24
3768 24
3769 24
3770 24
3781 24
3782 24
3783 24
3784 24
3785 24
3786 24
3787 24
3788 24
3789 24
3790 24
3801 24
3802 24
3803 24
3804 24
3805 24
3806 24
3807 24
3808 24
3809 24
3810 24
3821 24
3822 24
3823 24
3824 24
3825 24
3826 24
3827 24
3828 24
3829 24
3830 24
3841 24
3842 24
3843 24
3844 24
3845 24
3846 24
3847 24
3848 24
3849 24
3850 24
3861 24
3862 24
3863 24
3864 24
3865 24
3866 24
3867 24
3868 24
3869 24
3870 24
3881 24
3882 24
3883 24
3884 24
3885 24
3886 24
3887 24
3888 24
3889 24
3890 24
3901 23
3902 23
3903 23
3904 23
3905 23
3906 23
3907 23
3908 23
3909 23
3910 23
3921 23
3922 23
3923 23
3924 23
3925 23
3926 23
3927 23
3928 23
3929 23
3930 23
3941 23
3942 23
3943 23
3944 23
3945 23
3946 23
3947 23
3948 23
3949 23
3950 23
3961 20
3962 20
3963 20
3964 20
3965 20
3966 20
3967 20
3968 20
3969 20
3970 20
3981 20
3982 20
3983 20
3984 20
3985 20
3986 20
3987 20
3988 20
3989 20
3990 20
4001 20
4002 20
4003 20
4004 20
4005 20
4006 20
4007 20
4008 20
4009 20
4010 20
4021 19
4022 19
4023 19
4024 19
4025 19
4026 19
4027 20
4028 20
4029 20
4030 20
4031 20
4032 20
4033 20
4034 20
4035 20
4036 20
4037 20
4048 20
4049 20
4050 20
4051 20
4052 20
4053 20
4054 20
4055 20
4056 20
4057 20
4068 20
4069 20
4070 20
4071 20
4072 20
4073 20
4074 20
4075 20
4076 20
4077 20
4088 20
4089 20
4090 20
4091 20
4092 20
4093 20
4094 20
4095 20
4096 20
4097 20
4108 20
4109 20
4110 20
4111 20
4112 20
4113 20
4114 20
4115 20
4116 20
4117 20
4128 20
4129 20
4130 20
4131 20
4132 20
4133 20
4134 20
4135 20
4136 20
4137 20
4148 20
4149 20
4150 20
4151 20
4152 20
4153 20
4154 20
4155 20
4156 20
4157 20
4168 20
4169 20
4170 20
4171 20
4172 20
4173 20
4174 20
4175 20
4176 20
4177 20
4188 20
4189 20
4190 20
4191 20
4192 20
4193 20
4194 20
4195 20
4196 20
4197 20
4208 19
4209 19
4210 19
4211 19
4212 19
4213 19
4214 19
4215 19
4216 19
4217 19
4228 20
4229 20
4230 20
4231 20
4232 20
4233 20
4234 20
4235 20
4236 20
4237 20
4248 20
4249 20
4250 20
4251 20
4252 20
4253 20
4254 20
4255 20
4256 20
4257 20
4268 20
4269 20
4270 20
4271 20
4272 20
4273 20
4274 20
4275 20
4276 20
4277 20
4288 19
4289 19
4290 19
4291 19
4292 19
4293 19
4294 19
4295 19
4296 19
4297 19
4298 19
4309 20
4310 20
4311 20
4312 20
4313 20
4314 20
4315 20
4316 20
4317 20
4318 20
4319 20
4330 21
4331 21
4332 21
4333 21
4334 21
4335 21
4336 21
4337 21
4338 21
4339 21
4350 21
4351 21
4352 21
4353 21
4354 21
4355 21
4356 21
4357 21
4358 21
4359 21
4370 21
4371 21
4372 21
4373 21
4374 21
4375 21
4376 21
4377 21
4378 21
4379 21
4390 21
4391 21
4392 21
4393 21
4394 21
4395 21
4396 21
4397 21
4398 21
4399 21
4410 22
4411 22
4412 22
4413 22
4414 22
4415 22
4416 22
4417 22
4418 22
4419 22
4430 22
4431 22
4432 22
4433 22
4434 22
4435 22
4436 22
4437 22
4438 22
4439 22
4450 22
4451 22
4452 22
4453 22
4454 22
4455 22
4456 22
4457 22
4458 22
4459 22
4470 22
4471 22
4472 22
4473 22
4474 22
4475 22
4476 22
4477 22
4478 22
4479 22
4490 22
4491 22
4492 22
4493 22
4494 22
4495 22
4496 22
4497 22
4498 22
4499 22
4510 22
4511 22
4512 22
4513 22
4514 22
4515 22
4516 22
4517 22
4518 22
4519 22
4530 20
4531 20
4532 20
4533 20
4534 20
4535 20
4536 20
4537 20
4538 20
4539 20
4550 20
4551 20
4552 20
4553 20
4554 20
4555 20
4556 20
4557 20
4558 20
4559 20
4570 20
4571 20
4572 20
4573 20
4574 20
4575 20
4576 20
4577 20
4578 20
4579 20
4590 20
4591 20
4592 20
4593 20
4594 20
4595 20
4596 20
4597 20
4598 20
4599 20
4610 20
4611 20
4612 20
4613 20
4614 20
4615 20
4616 20
4617 20
4618 20
4619 20
4630 20
4631 20
4632 20
4633 20
4634 20
4635 20
4636 20
4637 20
4638 20
4639 20
4650 20
4651 20
4652 20
4653 20
4654 21
4655 21
4656 21
4657 21
4658 21
4659 21
4660 21
4661 21
4662 21
4663 21
4664 21
4675 21
4676 21
4677 22
4678 22
4679 22
4680 22
4681 22
4682 22
4683 22
4684 22
4685 22
4686 22
4687 22
4698 22
4699 22
4700 22
4701 22
4702 22
4703 22
4704 22
4705 22
4706 22
4707 22
4718 22
4719 22
4720 22
4721 22
4722 22
4723 22
4724 22
4725 22
4726 22
4727 22
4738 21
4739 21
4740 21
4741 21
4742 21
4743 21
4744 21
4745 21
4746 21
4747 21
4758 21
4759 21
4760 21
4761 21
4762 21
4763 21
4764 21
4765 21
4766 21
4767 21
4778 21
4779 21
4780 21
4781 21
4782 21
4783 21
4784 21
4785 21
4786 21
4787 21
4798 21
4799 21
4800 21
4801 21
4802 21
4803 21
4804 21
4805 21
4806 21
4807 21
4818 22
4819 22
4820 22
4821 22
4822 22
4823 22
4824 22
4825 22
4826 22
4827 22
4838 23
4839 23
4840 23
4841 23
4842 23
4843 23
4844 23
4845 23
4846 23
4847 23
4858 23
4859 23
4860 23
4861 23
4862 23
4863 23
4864 23
4865 23
4866 23
4867 23
4878 23
4879 23
4880 23
4881 23
4882 23
4883 23
4884 23
4885 23
4886 23
4887 23
4898 23
4899 23
4900 23
4901 23
4902 23
4903 23
4904 23
4905 23
4906 23
4907 23
4918 24
4919 24
4920 24
4921 24
4922 24
4923 24
4924 24
4925 24
4926 24
4927 24
4938 25
4939 25
4940 25
4941 25
4942 25
4943 25
4944 25
4945 25
4946 25
4947 25
4958 25
4959 25
4960 25
4961 25
4962 25
4963 25
4964 25
4965 25
4966 25
4967 25
4978 25
4979 25
4980 25
4981 25
4982 25
4983 25
4984 25
4985 25
4986 25
4987 25
4998 25
4999 25
