0 1
1 1
2 1
3 1
4 1
5 1
6 1
7 1
8 1
9 3
10 3
11 4
12 4
13 4
14 4
15 4
16 4
17 4
18 4
19 4
20 4
21 5
22 5
23 6
24 6
25 6
26 6
27 6
28 6
29 6
30 6
31 6
32 6
33 6
44 6
45 6
46 6
47 6
48 6
49 6
50 6
51 6
52 6
53 6
64 7
65 7
66 7
67 7
68 7
69 7
70 7
71 7
72 7
73 7
84 8
85 8
86 8
87 8
88 8
89 8
90 8
91 8
92 8
93 8
104 9
105 10
106 10
107 10
108 10
109 10
110 10
111 10
112 10
113 10
114 10
115 10
126 11
127 11
128 11
129 11
130 11
131 11
132 11
133 11
134 11
135 11
146 11
147 11
148 11
149 11
150 11
151 11
152 11
153 11
154 11
155 11
166 12
167 12
168 12
169 12
170 12
171 12
172 12
173 12
174 12
175 12
186 13
187 13
188 13
189 13
190 13
191 13
192 13
193 13
194 13
195 14
196 14
197 14
198 14
199 14
200 14
201 14
202 14
203 14
204 14
205 14
216 14
217 14
218 14
219 14
220 14
221 14
222 14
223 14
224 14
225 14
236 14
237 14
238 14
239 14
240 14
241 14
242 14
243 14
244 14
245 14
256 15
257 15
258 15
259 15
260 15
261 15
262 15
263 15
264 16
265 16
266 16
267 16
268 16
269 16
270 16
271 16
272 16
273 16
274 16
285 16
286 16
287 16
288 16
289 16
290 16
291 16
292 16
293 16
294 16
305 17
306 17
307 17
308 17
309 17
310 17
311 17
312 17
313 17
314 17
325 17
326 17
327 17
328 17
329 17
330 17
331 17
332 17
333 17
334 17
345 16
346 16
347 16
348 16
349 16
350 16
351 16
352 16
353 16
354 16
365 16
366 16
367 16
368 16
369 16
370 16
371 16
372 16
373 16
374 16
385 16
386 16
387 16
388 16
389 16
390 16
391 16
392 16
393 16
394 16
405 18
406 18
407 18
408 18
409 18
410 18
411 18
412 18
413 18
414 18
425 18
426 18
427 18
428 18
429 18
430 18
431 18
432 18
433 18
434 18
445 18
446 18
447 18
448 18
449 18
450 18
451 18
452 18
453 18
454 18
465 18
466 18
467 18
468 18
469 18
470 18
471 18
472 18
473 18
474 18
485 18
486 18
487 18
488 18
489 18
490 18
491 18
492 18
493 18
494 18
505 18
506 19
507 19
508 19
509 19
510 19
511 19
512 19
513 19
514 19
515 19
516 19
527 19
528 19
529 19
530 19
531 19
532 19
533 19
534 19
535 19
536 19
547 18
548 18
549 18
550 18
551 18
552 18
553 18
554 18
555 18
556 18
567 18
568 18
569 18
570 19
571 19
572 19
573 19
574 19
575 19
576 19
577 19
578 19
579 19
580 19
591 19
592 19
593 19
594 19
595 19
596 19
597 19
598 19
599 19
600 19
611 19
612 19
613 19
614 19
615 19
616 19
617 19
618 19
619 19
620 19
631 19
632 19
633 19
634 19
635 19
636 19
637 19
638 19
639 19
640 19
651 19
652 19
653 19
654 19
655 19
656 19
657 19
658 19
659 19
660 19
671 19
672 19
673 19
674 19
675 19
676 19
677 19
678 19
679 19
680 19
691 19
692 19
693 19
694 19
695 19
696 19
697 19
698 19
699 19
700 19
711 19
712 19
713 19
714 19
715 19
716 19
717 19
718 19
719 19
720 19
731 21
732 22
733 22
734 22
735 23
736 23
737 23
738 23
739 23
740 23
741 23
742 23
743 24
744 24
745 24
746 24
747 24
748 24
749 24
750 24
751 24
752 24
753 24
764 24
765 24
766 24
767 24
768 24
769 24
770 24
771 24
772 24
773 24
784 24
785 24
786 24
787 24
788 24
789 24
790 24
791 24
792 24
793 24
804 24
805 24
806 24
807 24
808 24
809 24
810 24
811 24
812 24
813 24
824 24
825 24
826 24
827 24
828 24
829 24
830 24
831 24
832 24
833 24
844 25
845 25
846 25
847 25
848 25
849 25
850 25
851 25
852 25
853 25
864 25
865 25
866 25
867 25
868 25
869 25
870 25
871 25
872 25
873 25
884 25
885 25
886 25
887 25
888 25
889 25
890 25
891 25
892 25
893 25
904 24
905 24
906 24
907 24
908 24
909 24
910 24
911 24
912 24
913 24
924 24
925 24
926 24
927 24
928 24
929 24
930 24
931 24
932 24
933 24
944 24
945 25
946 25
947 25
948 25
949 25
950 25
951 26
952 26
953 26
954 26
955 26
956 26
957 26
958 26
959 26
960 26
961 26
972 27
973 27
974 27
975 27
976 27
977 27
978 27
979 27
980 27
981 27
992 27
993 27
994 27
995 27
996 27
997 27
998 27
999 27
1000 27
1001 27
1012 27
1013 27
1014 27
1015 27
1016 27
1017 27
1018 27
1019 27
1020 27
1021 27
1032 26
1033 26
1034 26
1035 26
1036 26
1037 26
1038 26
1039 26
1040 26
1041 26
1052 26
1053 26
1054 26
1055 26
1056 26
1057 26
1058 26
1059 26
1060 26
1061 26
1072 26
1073 26
1074 26
1075 26
1076 26
1077 26
1078 26
1079 26
1080 26
1081 26
1092 25
1093 25
1094 25
1095 25
1096 25
1097 25
1098 25
1099 25
1100 25
1101 25
1112 26
1113 26
1114 26
1115 26
1116 26
1117 26
1118 26
1119 26
1120 26
1121 26
1132 26
1133 26
1134 26
1135 26
1136 26
1137 26
1138 26
1139 26
1140 26
1141 26
1152 26
1153 26
1154 26
1155 26
1156 26
1157 26
1158 26
1159 26
1160 26
1161 26
1172 25
1173 25
1174 25
1175 25
1176 25
1177 25
1178 25
1179 25
1180 25
1181 25
1192 25
1193 25
1194 25
1195 25
1196 25
1197 25
1198 25
1199 25
1200 25
1201 25
1212 25
1213 25
1214 25
1215 25
1216 25
1217 25
1218 25
1219 25
1220 25
1221 25
1232 25
1233 25
1234 25
1235 25
1236 25
1237 25
1238 25
1239 25
1240 25
1241 25
1252 25
1253 25
1254 25
1255 25
1256 25
1257 25
1258 25
1259 25
1260 25
1261 25
1272 25
1273 25
1274 25
1275 25
1276 25
1277 25
1278 25
1279 26
1280 26
1281 26
1282 26
1283 26
1284 26
1285 27
1286 27
1287 28
1288 28
1289 28
1290 28
1291 28
1292 28
1293 28
1294 28
1295 28
1296 28
1297 28
1308 28
1309 28
1310 28
1311 28
1312 28
1313 28
1314 28
1315 28
1316 28
1317 28
1328 27
1329 27
1330 27
1331 27
1332 27
1333 27
1334 27
1335 27
1336 27
1337 27
1348 27
1349 27
1350 27
1351 27
1352 27
1353 27
1354 27
1355 27
1356 27
1357 27
1368 26
1369 26
1370 26
1371 26
1372 26
1373 26
1374 26
1375 26
1376 26
1377 26
1388 26
1389 26
1390 26
1391 26
1392 26
1393 26
1394 26
1395 26
1396 26
1397 26
1408 26
1409 26
1410 26
1411 26
1412 26
1413 26
1414 26
1415 26
1416 26
1417 26
1428 25
1429 25
1430 25
1431 25
1432 25
1433 25
1434 25
1435 25
1436 25
1437 25
1448 25
1449 25
1450 25
1451 25
1452 25
1453 25
1454 25
1455 25
1456 25
1457 25
1468 26
1469 26
1470 26
1471 26
1472 26
1473 26
1474 26
1475 26
1476 26
1477 26
1488 26
1489 26
1490 26
1491 26
1492 26
1493 27
1494 27
1495 27
1496 27
1497 27
1498 27
1499 27
1500 27
1501 27
1502 27
1503 27
1514 27
1515 28
1516 28
1517 28
1518 28
1519 28
1520 28
1521 28
1522 28
1523 28
1524 28
1525 28
1536 29
1537 29
1538 29
1539 29
1540 29
1541 29
1542 29
1543 29
1544 29
1545 30
1546 30
1547 30
1548 30
1549 30
1550 30
1551 30
1552 30
1553 30
1554 30
1555 30
1566 31
1567 31
1568 31
1569 31
1570 31
1571 31
1572 31
1573 31
1574 31
1575 31
1586 31
1587 31
1588 31
1589 31
1590 31
1591 31
1592 31
1593 31
1594 31
1595 31
1606 31
1607 31
1608 31
1609 32
1610 32
1611 32
1612 32
1613 32
1614 32
1615 32
1616 32
1617 33
1618 34
1619 34
1620 34
1621 34
1622 34
1623 34
1624 34
1625 34
1626 34
1627 34
1628 35
1629 35
1630 35
1631 35
1632 36
1633 36
1634 36
1635 36
1636 36
1637 36
1638 36
1639 36
1640 37
1641 37
1642 37
1643 37
1644 37
1645 37
1646 37
1647 37
1648 37
1649 37
1650 37
1661 37
1662 37
1663 37
1664 37
1665 37
1666 37
1667 37
1668 37
1669 37
1670 37
1681 37
1682 37
1683 37
1684 37
1685 37
1686 37
1687 37
1688 37
1689 37
1690 37
1701 36
1702 36
1703 36
1704 36
1705 36
1706 36
1707 36
1708 36
1709 36
1710 36
1721 36
1722 36
1723 36
1724 36
1725 36
1726 36
1727 36
1728 36
1729 36
1730 36
1741 36
1742 36
1743 36
1744 36
1745 36
1746 36
1747 36
1748 36
1749 36
1750 36
1761 36
1762 36
1763 36
1764 36
1765 36
1766 36
1767 36
1768 36
1769 36
1770 36
1781 34
1782 34
1783 34
1784 34
1785 34
1786 34
1787 34
1788 34
1789 34
1790 34
1801 34
1802 34
1803 34
1804 34
1805 34
1806 34
1807 34
1808 34
1809 34
1810 34
1821 34
1822 34
1823 34
1824 34
1825 34
1826 34
1827 34
1828 34
1829 34
1830 34
1841 33
1842 33
1843 33
1844 33
1845 33
1846 33
1847 33
1848 33
1849 33
1850 33
1861 33
1862 33
1863 33
1864 33
1865 33
1866 33
1867 33
1868 33
1869 33
1870 33
1881 33
1882 33
1883 33
1884 33
1885 33
1886 33
1887 33
1888 33
1889 33
1890 33
1901 31
1902 31
1903 31
1904 31
1905 31
1906 31
1907 31
1908 31
1909 31
1910 31
1921 30
1922 30
1923 30
1924 30
1925 30
1926 30
1927 30
1928 30
1929 30
1930 30
1941 30
1942 30
1943 30
1944 30
1945 30
1946 30
1947 30
1948 30
1949 30
1950 30
1961 29
1962 29
1963 29
1964 29
1965 29
1966 29
1967 29
1968 29
1969 29
1970 29
1981 30
1982 30
1983 30
1984 30
1985 30
1986 30
1987 30
1988 30
1989 30
1990 30
2001 31
2002 31
2003 31
2004 32
2005 32
2006 32
2007 32
2008 32
2009 32
2010 32
2011 32
2012 32
2013 32
2014 32
2025 32
2026 32
2027 32
2028 32
2029 32
2030 32
2031 32
2032 32
2033 32
2034 32
2045 31
2046 31
2047 31
2048 31
2049 31
2050 31
2051 31
2052 31
2053 31
2054 31
2065 30
2066 30
2067 30
2068 30
2069 30
2070 30
2071 30
2072 30
2073 30
2074 30
2075 30
2086 31
2087 31
2088 31
2089 31
2090 31
2091 31
2092 31
2093 31
2094 31
2095 31
2106 31
2107 31
2108 31
2109 31
2110 31
2111 31
2112 31
2113 31
2114 31
2115 31
2126 30
2127 30
2128 30
2129 30
2130 30
2131 30
2132 31
2133 31
2134 31
2135 31
2136 31
2137 31
2138 31
2139 31
2140 32
2141 32
2142 32
2143 32
2144 32
2145 32
2146 32
2147 32
2148 32
2149 32
2150 32
2161 32
2162 32
2163 32
2164 32
2165 32
2166 32
2167 32
2168 32
2169 32
2170 32
2181 32
2182 32
2183 32
2184 32
2185 32
2186 32
2187 32
2188 32
2189 32
2190 32
2201 32
2202 32
2203 32
2204 32
2205 33
2206 33
2207 33
2208 33
2209 33
2210 33
2211 33
2212 33
2213 33
2214 33
2215 33
2226 33
2227 33
2228 33
2229 33
2230 33
2231 33
2232 33
2233 33
2234 33
2235 33
2246 33
2247 33
2248 33
2249 33
2250 33
2251 33
2252 33
2253 33
2254 34
2255 34
2256 34
2257 34
2258 34
2259 34
2260 34
2261 34
2262 34
2263 34
2264 34
2275 34
2276 34
2277 35
2278 35
2279 35
2280 35
2281 35
2282 35
2283 35
2284 35
2285 35
2286 35
2287 35
2298 36
2299 36
2300 36
2301 36
2302 36
2303 36
2304 36
2305 36
2306 36
2307 36
2318 36
2319 36
2320 36
2321 36
2322 36
2323 36
2324 36
2325 36
2326 36
2327 36
2338 36
2339 36
2340 36
2341 36
2342 36
2343 36
2344 36
2345 36
2346 36
2347 36
2358 36
2359 36
2360 36
2361 36
2362 36
2363 36
2364 36
2365 36
2366 36
2367 36
2378 36
2379 36
2380 36
2381 36
2382 36
2383 36
2384 36
2385 36
2386 36
2387 36
2398 36
2399 37
2400 37
2401 37
2402 37
2403 37
2404 37
2405 37
2406 37
2407 37
2408 37
2409 37
2420 38
2421 38
2422 38
2423 38
2424 38
2425 38
2426 38
2427 38
2428 38
2429 38
2440 38
2441 38
2442 38
2443 39
2444 39
2445 39
2446 39
2447 39
2448 39
2449 39
2450 39
2451 39
2452 39
2453 39
2464 39
2465 39
2466 39
2467 39
2468 39
2469 39
2470 39
2471 39
2472 39
2473 39
2484 39
2485 39
2486 39
2487 39
2488 39
2489 39
2490 39
2491 39
2492 39
2493 39
2504 39
2505 39
2506 39
2507 39
2508 39
2509 39
2510 39
2511 39
2512 39
2513 39
2524 39
2525 39
2526 39
2527 39
2528 39
2529 39
2530 39
2531 39
2532 39
2533 39
2544 39
2545 39
2546 39
2547 39
2548 39
2549 39
2550 39
2551 39
2552 39
2553 39
2564 39
2565 39
2566 39
2567 39
2568 39
2569 39
2570 39
2571 39
2572 39
2573 39
2584 39
2585 39
2586 39
2587 39
2588 39
2589 39
2590 39
2591 39
2592 39
2593 39
2604 39
2605 39
2606 39
2607 39
2608 39
2609 39
2610 39
2611 40
2612 40
2613 40
2614 40
2615 40
2616 40
2617 40
2618 40
2619 40
2620 40
2621 40
2632 40
2633 40
2634 40
2635 40
2636 40
2637 40
2638 40
2639 40
2640 40
2641 40
2652 41
2653 41
2654 41
2655 41
2656 41
2657 41
2658 41
2659 41
2660 41
2661 41
2662 41
2673 40
2674 40
2675 41
2676 41
2677 41
2678 41
2679 41
2680 42
2681 42
2682 42
2683 42
2684 42
2685 42
2686 42
2687 42
2688 42
2689 42
2690 42
2701 42
2702 42
2703 42
2704 42
2705 42
2706 42
2707 42
2708 42
2709 42
2710 42
2721 42
2722 42
2723 42
2724 42
2725 42
2726 42
2727 42
2728 42
2729 42
2730 42
2741 41
2742 41
2743 41
2744 41
2745 41
2746 41
2747 41
2748 41
2749 41
2750 41
2761 41
2762 41
2763 41
2764 41
2765 41
2766 41
2767 41
2768 41
2769 41
2770 41
2781 41
2782 41
2783 41
2784 41
2785 41
2786 41
2787 41
2788 41
2789 41
2790 41
2801 41
2802 41
2803 41
2804 41
2805 41
2806 41
2807 41
2808 41
2809 41
2810 41
2821 39
2822 39
2823 39
2824 39
2825 39
2826 39
2827 39
2828 39
2829 39
2830 39
2841 36
2842 36
2843 36
2844 36
2845 36
2846 36
2847 36
2848 36
2849 36
2850 36
2861 36
2862 36
2863 36
2864 36
2865 36
2866 36
2867 36
2868 36
2869 36
2870 36
2881 35
2882 35
2883 35
2884 35
2885 35
2886 35
2887 35
2888 35
2889 35
2890 35
2901 35
2902 35
2903 35
2904 35
2905 35
2906 35
2907 35
2908 35
2909 35
2910 35
2921 34
2922 34
2923 34
2924 34
2925 34
2926 34
2927 34
2928 34
2929 34
2930 34
2941 33
2942 33
2943 33
2944 33
2945 33
2946 33
2947 33
2948 33
2949 33
2950 33
2961 35
2962 35
2963 35
2964 35
2965 35
2966 35
2967 35
2968 35
2969 35
2970 35
2981 36
2982 36
2983 36
2984 36
2985 36
2986 36
2987 36
2988 36
2989 36
2990 36
2991 36
3002 36
3003 36
3004 36
3005 36
3006 36
3007 36
3008 36
3009 36
3010 36
3011 36
3022 36
3023 36
3024 36
3025 36
3026 36
3027 36
3028 36
3029 36
3030 36
3031 36
3042 35
3043 35
3044 35
3045 35
3046 35
3047 35
3048 35
3049 35
3050 35
3051 35
3062 35
3063 35
3064 35
3065 35
3066 35
3067 35
3068 35
3069 35
3070 35
3071 35
3082 36
3083 36
3084 36
3085 36
3086 36
3087 36
3088 36
3089 36
3090 36
3091 36
3102 37
3103 37
3104 37
3105 37
3106 37
3107 37
3108 37
3109 37
3110 37
3111 37
3122 37
3123 37
3124 37
3125 37
3126 37
3127 37
3128 37
3129 37
3130 37
3131 37
3142 37
3143 37
3144 37
3145 37
3146 37
3147 37
3148 37
3149 37
3150 37
3151 37
3162 38
3163 38
3164 38
3165 38
3166 38
3167 38
3168 38
3169 38
3170 38
3171 38
3182 39
3183 39
3184 39
3185 39
3186 39
3187 39
3188 39
3189 39
3190 39
3191 39
3202 39
3203 39
3204 39
3205 39
3206 39
3207 39
3208 39
3209 39
3210 39
3211 39
3222 38
3223 38
3224 38
3225 38
3226 38
3227 38
3228 38
3229 38
3230 38
3231 38
3242 38
3243 38
3244 38
3245 38
3246 38
3247 38
3248 39
3249 39
3250 39
3251 39
3252 39
3253 39
3254 39
3255 39
3256 39
3257 39
3258 39
3269 40
3270 40
3271 40
3272 40
3273 40
3274 40
3275 40
3276 40
3277 40
3278 40
3289 41
3290 41
3291 41
3292 41
3293 41
3294 41
3295 41
3296 41
3297 41
3298 41
3309 41
3310 41
3311 41
3312 41
3313 41
3314 41
3315 41
3316 41
3317 41
3318 41
3329 39
3330 39
3331 40
3332 40
3333 40
3334 40
3335 40
3336 40
3337 40
3338 40
3339 40
3340 40
3341 40
3352 41
3353 41
3354 41
3355 41
3356 41
3357 41
3358 41
3359 41
3360 41
3361 41
3372 41
3373 41
3374 41
3375 41
3376 41
3377 41
3378 41
3379 41
3380 41
3381 41
3392 41
3393 41
3394 41
3395 41
3396 41
3397 41
3398 41
3399 42
3400 42
3401 42
3402 42
3403 42
3404 42
3405 42
3406 42
3407 42
3408 42
3409 42
3420 42
3421 42
3422 42
3423 42
3424 42
3425 42
3426 42
3427 42
3428 42
3429 42
3440 41
3441 41
3442 41
3443 41
3444 41
3445 41
3446 41
3447 41
3448 41
3449 41
3460 41
3461 41
3462 41
3463 41
3464 41
3465 41
3466 41
3467 41
3468 41
3469 41
3480 41
3481 41
3482 41
3483 41
3484 41
3485 41
3486 41
3487 41
3488 41
3489 41
3500 41
3501 41
3502 41
3503 41
3504 41
3505 41
3506 41
3507 41
3508 41
3509 41
3520 41
3521 41
3522 41
3523 42
3524 42
3525 42
3526 42
3527 42
3528 42
3529 42
3530 42
3531 42
3532 42
3533 42
3544 42
3545 42
3546 42
3547 42
3548 42
3549 42
3550 42
3551 42
3552 42
3553 42
3564 42
3565 42
3566 42
3567 42
3568 42
3569 42
3570 42
3571 42
3572 42
3573 42
3584 40
3585 40
3586 40
3587 40
3588 40
3589 40
3590 40
3591 40
3592 40
3593 40
3604 40
3605 40
3606 40
3607 40
3608 40
3609 40
3610 40
3611 40
3612 40
3613 40
3624 39
3625 39
3626 39
3627 39
3628 39
3629 39
3630 39
3631 39
3632 39
3633 39
3644 39
3645 39
3646 39
3647 39
3648 39
3649 39
3650 39
3651 39
3652 39
3653 39
3664 39
3665 39
3666 39
3667 39
3668 39
3669 39
3670 39
3671 39
3672 39
3673 39
3684 39
3685 39
3686 39
3687 39
3688 39
3689 39
3690 39
3691 39
3692 39
3693 39
3704 38
3705 38
3706 38
3707 38
3708 38
3709 38
3710 38
3711 38
3712 38
3713 38
3724 36
3725 36
3726 36
3727 36
3728 36
3729 36
3730 36
3731 36
3732 36
3733 36
3744 36
3745 36
3746 36
3747 36
3748 36
3749 36
3750 36
3751 36
3752 36
3753 36
3764 36
3765 37
3766 37
3767 37
3768 37
3769 37
3770 37
3771 37
3772 37
3773 37
3774 37
3775 37
3786 37
3787 38
3788 38
3789 38
3790 38
3791 38
3792 38
3793 38
3794 38
3795 38
3796 38
3797 38
3808 38
3809 38
3810 38
3811 39
3812 39
3813 39
3814 39
3815 39
3816 39
3817 39
3818 39
3819 39
3820 39
3821 39
3832 39
3833 39
3834 39
3835 39
3836 39
3837 39
3838 39
3839 39
3840 39
3841 39
3852 39
3853 39
3854 39
3855 39
3856 39
3857 39
3858 39
3859 39
3860 39
3861 39
3872 38
3873 38
3874 38
3875 38
3876 38
3877 38
3878 38
3879 38
3880 38
3881 38
3892 38
3893 38
3894 38
3895 38
3896 38
3897 38
3898 38
3899 38
3900 38
3901 38
3912 38
3913 38
3914 38
3915 38
3916 38
3917 38
3918 38
3919 38
3920 38
3921 38
3932 39
3933 39
3934 39
3935 39
3936 39
3937 39
3938 39
3939 39
3940 39
3941 39
3952 39
3953 39
3954 39
3955 39
3956 39
3957 39
3958 39
3959 39
3960 39
3961 39
3972 39
3973 39
3974 39
3975 39
3976 39
3977 39
3978 39
3979 39
3980 39
3981 39
3992 39
3993 39
3994 39
3995 39
3996 39
3997 39
3998 39
3999 39
4000 39
4001 39
4012 39
4013 39
4014 39
4015 39
4016 39
4017 39
4018 39
4019 39
4020 39
4021 39
4032 38
4033 38
4034 38
4035 38
4036 38
4037 38
4038 38
4039 39
4040 39
4041 39
4042 39
4043 39
4044 39
4045 40
4046 40
4047 40
4048 40
4049 40
4050 40
4051 40
4052 40
4053 40
4054 40
4055 40
4066 40
4067 40
4068 40
4069 40
4070 40
4071 40
4072 40
4073 40
4074 40
4075 40
4086 38
4087 38
4088 38
4089 38
4090 38
4091 39
4092 39
4093 39
4094 39
4095 39
4096 39
4097 39
4098 39
4099 39
4100 39
4101 39
4112 39
4113 39
4114 39
4115 39
4116 39
4117 39
4118 39
4119 39
4120 39
4121 39
4132 37
4133 37
4134 37
4135 37
4136 37
4137 37
4138 37
4139 37
4140 37
4141 37
4152 37
4153 37
4154 37
4155 37
4156 37
4157 37
4158 37
4159 37
4160 37
4161 37
4172 38
4173 38
4174 38
4175 38
4176 38
4177 38
4178 38
4179 38
4180 39
4181 39
4182 39
4183 39
4184 39
4185 39
4186 39
4187 39
4188 39
4189 39
4190 39
4201 39
4202 39
4203 39
4204 39
4205 39
4206 39
4207 39
4208 39
4209 39
4210 39
4221 39
4222 39
4223 39
4224 39
4225 39
4226 39
4227 39
4228 39
4229 39
4230 39
4241 39
4242 39
4243 39
4244 39
4245 39
4246 39
4247 39
4248 39
4249 39
4250 39
4261 40
4262 40
4263 40
4264 40
4265 40
4266 40
4267 40
4268 40
4269 40
4270 40
4281 40
4282 40
4283 40
4284 40
4285 40
4286 40
4287 40
4288 40
4289 40
4290 40
4301 39
4302 39
4303 39
4304 39
4305 39
4306 39
4307 39
4308 39
4309 39
4310 39
4321 39
4322 39
4323 39
4324 39
4325 39
4326 39
4327 39
4328 39
4329 39
4330 39
4341 40
4342 40
4343 40
4344 40
4345 40
4346 40
4347 40
4348 40
4349 40
4350 40
4361 40
4362 40
4363 40
4364 40
4365 41
4366 41
4367 41
4368 41
4369 41
4370 42
4371 42
4372 42
4373 42
4374 42
4375 42
4376 42
4377 42
4378 42
4379 42
4380 42
4391 42
4392 42
4393 42
4394 42
4395 42
4396 42
4397 42
4398 42
4399 42
4400 42
4411 41
4412 41
4413 41
4414 41
4415 41
4416 41
4417 41
4418 41
4419 41
4420 41
4431 41
4432 41
4433 41
4434 41
4435 41
4436 42
4437 42
4438 42
4439 42
4440 42
4441 42
4442 43
4443 43
4444 43
4445 43
4446 43
4447 43
4448 43
4449 43
4450 43
4451 43
4452 43
4463 43
4464 43
4465 43
4466 43
4467 43
4468 43
4469 43
4470 43
4471 43
4472 43
4483 42
4484 42
4485 42
4486 42
4487 42
4488 42
4489 42
4490 42
4491 42
4492 42
4503 40
4504 40
4505 40
4506 40
4507 40
4508 40
4509 40
4510 40
4511 40
4512 41
4513 41
4514 42
4515 42
4516 43
4517 43
4518 43
4519 43
4520 43
4521 43
4522 43
4523 43
4524 43
4525 43
4526 43
4537 43
4538 43
4539 43
4540 44
4541 44
4542 44
4543 44
4544 44
4545 44
4546 44
4547 44
4548 44
4549 44
4550 44
4561 44
4562 44
4563 44
4564 44
4565 44
4566 44
4567 44
4568 44
4569 44
4570 44
4581 44
4582 44
4583 44
4584 44
4585 44
4586 44
4587 44
4588 44
4589 44
4590 44
4601 44
4602 44
4603 44
4604 44
4605 44
4606 44
4607 44
4608 44
4609 45
4610 45
4611 45
4612 45
4613 45
4614 46
4615 46
4616 46
4617 46
4618 46
4619 46
4620 46
4621 46
4622 46
4623 46
4624 46
4635 46
4636 46
4637 46
4638 46
4639 46
4640 46
4641 46
4642 46
4643 46
4644 46
4655 46
4656 46
4657 46
4658 46
4659 46
4660 46
4661 46
4662 46
4663 46
4664 46
4675 44
4676 44
4677 44
4678 44
4679 44
4680 44
4681 44
4682 44
4683 44
4684 44
4695 44
4696 44
4697 44
4698 44
4699 44
4700 44
4701 44
4702 44
4703 44
4704 44
4715 45
4716 45
4717 45
4718 45
4719 45
4720 45
4721 45
4722 45
4723 45
4724 45
4725 45
4736 45
4737 45
4738 45
4739 45
4740 45
4741 45
4742 45
4743 45
4744 45
4745 45
4756 45
4757 45
4758 45
4759 45
4760 45
4761 45
4762 45
4763 45
4764 45
4765 45
4776 45
4777 45
4778 45
4779 46
4780 46
4781 46
4782 46
4783 46
4784 46
4785 46
4786 46
4787 46
4788 46
4789 46
4800 46
4801 46
4802 46
4803 46
4804 46
4805 46
4806 46
4807 47
4808 47
4809 47
4810 47
4811 47
4812 47
4813 47
4814 47
4815 47
4816 47
4817 47
4828 48
4829 48
4830 48
4831 48
4832 48
4833 48
4834 48
4835 48
4836 48
4837 48
4848 48
4849 48
4850 48
4851 48
4852 48
4853 48
4854 48
4855 48
4856 48
4857 48
4868 48
4869 48
4870 48
4871 48
4872 48
4873 48
4874 48
4875 48
4876 48
4877 48
4888 48
4889 48
4890 48
4891 48
4892 48
4893 48
4894 48
4895 48
4896 48
4897 48
4908 47
4909 47
4910 47
4911 47
4912 47
4913 47
4914 47
4915 47
4916 47
4917 47
4928 46
4929 46
4930 46
4931 46
4932 46
4933 46
4934 46
4935 46
4936 46
4937 46
4948 46
4949 46
4950 46
4951 46
4952 46
4953 46
4954 46
4955 46
4956 47
4957 47
4958 47
4959 47
4960 47
4961 47
4962 47
4963 47
4964 47
4965 47
4966 47
4977 47
4978 47
4979 47
4980 47
4981 47
4982 47
4983 47
4984 47
4985 47
4986 47
4997 47
4998 47
4999 47
