0 2166343.0
1 2164262.0
2 2162182.0
3 2158025.0
4 2158025.0
5 2155948.0
6 2155948.0
7 2153873.0
8 2149725.0
9 2147653.0
10 2141442.0
11 2139374.0
12 2137306.0
13 2135240.0
14 2131114.0
15 2131114.0
16 2131114.0
17 2129050.0
18 2129050.0
19 2129050.0
20 2129050.0
21 2129050.0
22 2129050.0
23 2124925.0
24 2124925.0
25 2124925.0
26 2124925.0
27 2124925.0
28 2124925.0
29 2124925.0
30 2124925.0
31 2124925.0
32 2124925.0
33 2124925.0
44 2118746.0
45 2116688.0
46 2116688.0
47 2116688.0
48 2116688.0
49 2116688.0
50 2116688.0
51 2112575.0
52 2112575.0
53 2112575.0
54 2112575.0
55 2112575.0
56 2106414.0
57 2104362.0
58 2104362.0
59 2100262.0
60 2100262.0
61 2100262.0
62 2100262.0
63 2100262.0
64 2100262.0
65 2100262.0
66 2100262.0
67 2100262.0
68 2100262.0
69 2100262.0
80 2083903.0
81 2079822.0
82 2079822.0
83 2079822.0
84 2079822.0
85 2079822.0
86 2079822.0
87 2077783.0
88 2073708.0
89 2069638.0
90 2067604.0
91 2065571.0
92 2065571.0
93 2065571.0
94 2065571.0
95 2065571.0
96 2065571.0
97 2065571.0
98 2065571.0
99 2065571.0
100 2065571.0
101 2065571.0
112 2061509.0
113 2061509.0
114 2061509.0
115 2061509.0
116 2059479.0
117 2059479.0
118 2057451.0
119 2057451.0
120 2055423.0
121 2055423.0
122 2055423.0
123 2053396.0
124 2053396.0
125 2051370.0
126 2049345.0
127 2049345.0
128 2049345.0
129 2047321.0
130 2047321.0
131 2047321.0
132 2047321.0
133 2045298.0
134 2045298.0
135 2035204.0
136 2035204.0
137 2035204.0
138 2035204.0
139 2035204.0
140 2035204.0
141 2033187.0
142 2033187.0
143 2033187.0
144 2031172.0
145 2031172.0
146 2031172.0
147 2031172.0
148 2031172.0
149 2031172.0
150 2031172.0
151 2031172.0
152 2031172.0
153 2031172.0
154 2031172.0
165 2023119.0
166 2023119.0
167 2023119.0
168 2023119.0
169 2023119.0
170 2023119.0
171 2023119.0
172 2023119.0
173 2023119.0
174 2023119.0
185 2019099.0
186 2019099.0
187 2019099.0
188 2017090.0
189 2017090.0
190 2017090.0
191 2017090.0
192 2017090.0
193 2017090.0
194 2017090.0
195 2011070.0
196 2011070.0
197 2009065.0
198 2009065.0
199 2007061.0
200 2007061.0
201 2005058.0
202 2003056.0
203 2003056.0
204 2003056.0
205 2003056.0
206 2001055.0
207 2001055.0
208 2001055.0
209 2001055.0
210 2001055.0
211 2001055.0
212 2001055.0
213 2001055.0
214 1997057.0
215 1997057.0
216 1997057.0
217 1995059.0
218 1995059.0
219 1993062.0
220 1993062.0
221 1993062.0
222 1993062.0
223 1989071.0
224 1989071.0
225 1989071.0
226 1989071.0
227 1989071.0
228 1989071.0
229 1987077.0
230 1987077.0
231 1987077.0
232 1987077.0
233 1987077.0
234 1987077.0
235 1987077.0
236 1987077.0
237 1985084.0
238 1983093.0
239 1983093.0
240 1983093.0
241 1983093.0
242 1983093.0
243 1983093.0
244 1983093.0
245 1983093.0
246 1981102.0
247 1979112.0
248 1979112.0
249 1975136.0
250 1973149.0
251 1973149.0
252 1973149.0
253 1973149.0
254 1971163.0
255 1971163.0
256 1969178.0
257 1969178.0
258 1969178.0
259 1969178.0
260 1969178.0
261 1967194.0
262 1967194.0
263 1967194.0
264 1967194.0
265 1967194.0
266 1967194.0
267 1967194.0
268 1967194.0
269 1967194.0
270 1967194.0
271 1967194.0
282 1963229.0
283 1963229.0
284 1963229.0
285 1963229.0
286 1961248.0
287 1959268.0
288 1959268.0
289 1959268.0
290 1959268.0
291 1957289.0
292 1957289.0
293 1957289.0
294 1957289.0
295 1955311.0
296 1955311.0
297 1953334.0
298 1951358.0
299 1951358.0
300 1951358.0
301 1951358.0
302 1949383.0
303 1949383.0
304 1949383.0
305 1949383.0
306 1949383.0
307 1943467.0
308 1943467.0
309 1943467.0
310 1943467.0
311 1943467.0
312 1941496.0
313 1941496.0
314 1941496.0
315 1941496.0
316 1941496.0
317 1937558.0
318 1937558.0
319 1937558.0
320 1937558.0
321 1937558.0
322 1935590.0
323 1935590.0
324 1935590.0
325 1935590.0
326 1935590.0
327 1935590.0
328 1925765.0
329 1925765.0
330 1925765.0
331 1925765.0
332 1925765.0
333 1925765.0
334 1925765.0
335 1921843.0
336 1921843.0
337 1919883.0
338 1919883.0
339 1919883.0
340 1915966.0
341 1914009.0
342 1914009.0
343 1914009.0
344 1912053.0
345 1912053.0
346 1912053.0
347 1912053.0
348 1912053.0
349 1906192.0
350 1906192.0
351 1904240.0
352 1904240.0
353 1904240.0
354 1904240.0
355 1904240.0
356 1904240.0
357 1904240.0
358 1904240.0
359 1904240.0
360 1904240.0
361 1904240.0
372 1894497.0
373 1894497.0
374 1894497.0
375 1894497.0
376 1894497.0
377 1894497.0
378 1894497.0
379 1894497.0
380 1894497.0
381 1894497.0
382 1894497.0
393 1894503.0
394 1892557.0
395 1890612.0
396 1890612.0
397 1888668.0
398 1888668.0
399 1888668.0
400 1888668.0
401 1886730.0
402 1886730.0
403 1886730.0
404 1886730.0
405 1886730.0
406 1886730.0
407 1886730.0
408 1886730.0
409 1886730.0
410 1886730.0
411 1886730.0
422 1888673.0
423 1888673.0
424 1888673.0
425 1888673.0
426 1884790.0
427 1884790.0
428 1884790.0
429 1884790.0
430 1884790.0
431 1884790.0
432 1882849.0
433 1882849.0
434 1882849.0
435 1882849.0
436 1882849.0
437 1882849.0
438 1882849.0
439 1882849.0
440 1882849.0
441 1882849.0
442 1882849.0
453 1882849.0
454 1882849.0
455 1882849.0
456 1882849.0
457 1882849.0
458 1882849.0
459 1882849.0
460 1882849.0
461 1882849.0
462 1882849.0
473 1884794.0
474 1884794.0
475 1884794.0
476 1884794.0
477 1884794.0
478 1884794.0
479 1882853.0
480 1882853.0
481 1882853.0
482 1882853.0
483 1882853.0
484 1882853.0
485 1882853.0
486 1878974.0
487 1878974.0
488 1878974.0
489 1878974.0
490 1878974.0
491 1878974.0
492 1878974.0
493 1877036.0
494 1877036.0
495 1877036.0
496 1875099.0
497 1875099.0
498 1875099.0
499 1873163.0
500 1873163.0
501 1873163.0
502 1873163.0
503 1873163.0
504 1873163.0
505 1873163.0
506 1873163.0
507 1873163.0
508 1873163.0
509 1873163.0
520 1871228.0
521 1869294.0
522 1869294.0
523 1869294.0
524 1861568.0
525 1861568.0
526 1861568.0
527 1859639.0
528 1859639.0
529 1859639.0
530 1859639.0
531 1859639.0
532 1859639.0
533 1857711.0
534 1851934.0
535 1851934.0
536 1851934.0
537 1850010.0
538 1848090.0
539 1848090.0
540 1848090.0
541 1848090.0
542 1848090.0
543 1848090.0
544 1848090.0
545 1848090.0
546 1848090.0
547 1848090.0
548 1848090.0
559 1848090.0
560 1848090.0
561 1848090.0
562 1848090.0
563 1846168.0
564 1846168.0
565 1846168.0
566 1846168.0
567 1846168.0
568 1846168.0
569 1846168.0
570 1840408.0
571 1840408.0
572 1840408.0
573 1838490.0
574 1832744.0
575 1832744.0
576 1832744.0
577 1832744.0
578 1832744.0
579 1832744.0
580 1832744.0
581 1828917.0
582 1828917.0
583 1828917.0
584 1828917.0
585 1828917.0
586 1828917.0
587 1828917.0
588 1828917.0
589 1828917.0
590 1828917.0
591 1827005.0
592 1827005.0
593 1827005.0
594 1825094.0
595 1825094.0
596 1825094.0
597 1825094.0
598 1825094.0
599 1825094.0
600 1825094.0
601 1825094.0
602 1825094.0
603 1825094.0
604 1825094.0
615 1828916.0
616 1828916.0
617 1828916.0
618 1828916.0
619 1828916.0
620 1828916.0
621 1828916.0
622 1828916.0
623 1825093.0
624 1825093.0
625 1823183.0
626 1823183.0
627 1823183.0
628 1823183.0
629 1823183.0
630 1823183.0
631 1823183.0
632 1821274.0
633 1821274.0
634 1821274.0
635 1821274.0
636 1819366.0
637 1819366.0
638 1819366.0
639 1817459.0
640 1815553.0
641 1815553.0
642 1815553.0
643 1815553.0
644 1815553.0
645 1815553.0
646 1815553.0
647 1815553.0
648 1815553.0
649 1815553.0
650 1815553.0
661 1809841.0
662 1807939.0
663 1807939.0
664 1806038.0
665 1806038.0
666 1806038.0
667 1806038.0
668 1806038.0
669 1806038.0
670 1802239.0
671 1802239.0
672 1800341.0
673 1798444.0
674 1798444.0
675 1798444.0
676 1798444.0
677 1798444.0
678 1798444.0
679 1798444.0
680 1798444.0
681 1798444.0
682 1798444.0
683 1798444.0
694 1798444.0
695 1798444.0
696 1798444.0
697 1798444.0
698 1798444.0
699 1798444.0
700 1798444.0
701 1798444.0
702 1798444.0
703 1794653.0
704 1794653.0
705 1794653.0
706 1794653.0
707 1794653.0
708 1790866.0
709 1790866.0
710 1790866.0
711 1790866.0
712 1790866.0
713 1785196.0
714 1785196.0
715 1785196.0
716 1785196.0
717 1785196.0
718 1785196.0
719 1785196.0
720 1785196.0
721 1785196.0
722 1785196.0
723 1785196.0
734 1779533.0
735 1779533.0
736 1779533.0
737 1779533.0
738 1779533.0
739 1779533.0
740 1779533.0
741 1779533.0
742 1779533.0
743 1779533.0
754 1777647.0
755 1777647.0
756 1777647.0
757 1777647.0
758 1777647.0
759 1773879.0
760 1773879.0
761 1773879.0
762 1770115.0
763 1770115.0
764 1768234.0
765 1768234.0
766 1768234.0
767 1768234.0
768 1768234.0
769 1768234.0
770 1768234.0
771 1768234.0
772 1768234.0
773 1768234.0
774 1766354.0
775 1766354.0
776 1766354.0
777 1764476.0
778 1764476.0
779 1764476.0
780 1764476.0
781 1762600.0
782 1762600.0
783 1756973.0
784 1756973.0
785 1756973.0
786 1756973.0
787 1756973.0
788 1756973.0
789 1756973.0
790 1756973.0
791 1756973.0
792 1756973.0
793 1753227.0
794 1753227.0
795 1753227.0
796 1753227.0
797 1753227.0
798 1751355.0
799 1751355.0
800 1751355.0
801 1751355.0
802 1751355.0
803 1751355.0
804 1751355.0
805 1751355.0
806 1751355.0
807 1751355.0
808 1751355.0
819 1751385.0
820 1751385.0
821 1751385.0
822 1749514.0
823 1749514.0
824 1749514.0
825 1749514.0
826 1749514.0
827 1749514.0
828 1743908.0
829 1743908.0
830 1743908.0
831 1742041.0
832 1738313.0
833 1738313.0
834 1738313.0
835 1736449.0
836 1736449.0
837 1736449.0
838 1734586.0
839 1734586.0
840 1732724.0
841 1732724.0
842 1732724.0
843 1732724.0
844 1732724.0
845 1732724.0
846 1732724.0
847 1732724.0
848 1732724.0
849 1732724.0
850 1732724.0
861 1745772.0
862 1745772.0
863 1745772.0
864 1742042.0
865 1740176.0
866 1740176.0
867 1740176.0
868 1740176.0
869 1740176.0
870 1740176.0
871 1740176.0
872 1740176.0
873 1740176.0
874 1738311.0
875 1738311.0
876 1738311.0
877 1734585.0
878 1734585.0
879 1734585.0
880 1734585.0
881 1732723.0
882 1732723.0
883 1732723.0
884 1732723.0
885 1730862.0
886 1730862.0
887 1730862.0
888 1730862.0
889 1730862.0
890 1730862.0
891 1730862.0
892 1730862.0
893 1730862.0
894 1730862.0
895 1730862.0
906 1725292.0
907 1725292.0
908 1725292.0
909 1725292.0
910 1725292.0
911 1725292.0
912 1725292.0
913 1721579.0
914 1721579.0
915 1721579.0
916 1719724.0
917 1719724.0
918 1719724.0
919 1719724.0
920 1719724.0
921 1719724.0
922 1719724.0
923 1717870.0
924 1716017.0
925 1716017.0
926 1716017.0
927 1716017.0
928 1716017.0
929 1716017.0
930 1714165.0
931 1714165.0
932 1714165.0
933 1714165.0
934 1714165.0
935 1714165.0
936 1714165.0
937 1714165.0
938 1714165.0
939 1712314.0
940 1712314.0
941 1712314.0
942 1712314.0
943 1712314.0
944 1712314.0
945 1712314.0
946 1712314.0
947 1712314.0
948 1712314.0
949 1712314.0
960 1710464.0
961 1710464.0
962 1710464.0
963 1710464.0
964 1710464.0
965 1708615.0
966 1708615.0
967 1708615.0
968 1706767.0
969 1706767.0
970 1706767.0
971 1706767.0
972 1704920.0
973 1704920.0
974 1704920.0
975 1704920.0
976 1704920.0
977 1704920.0
978 1704920.0
979 1704920.0
980 1704920.0
981 1704920.0
982 1704920.0
993 1699388.0
994 1699388.0
995 1699388.0
996 1699388.0
997 1699388.0
998 1699388.0
999 1699388.0
1000 1699388.0
1001 1699388.0
1002 1699388.0
1013 1701232.0
1014 1701232.0
1015 1701232.0
1016 1701232.0
1017 1701232.0
1018 1701232.0
1019 1701232.0
1020 1701232.0
1021 1701232.0
1022 1701232.0
1033 1706767.0
1034 1706767.0
1035 1706767.0
1036 1706767.0
1037 1706767.0
1038 1706767.0
1039 1706767.0
1040 1706767.0
1041 1706767.0
1042 1706767.0
1053 1708612.0
1054 1708612.0
1055 1708612.0
1056 1708612.0
1057 1708612.0
1058 1708612.0
1059 1708612.0
1060 1704918.0
1061 1704918.0
1062 1704918.0
1063 1701228.0
1064 1701228.0
1065 1701228.0
1066 1701228.0
1067 1701228.0
1068 1701228.0
1069 1701228.0
1070 1701228.0
1071 1701228.0
1072 1701228.0
1073 1701228.0
1084 1699384.0
1085 1699384.0
1086 1699384.0
1087 1699384.0
1088 1699384.0
1089 1699384.0
1090 1699384.0
1091 1699384.0
1092 1697541.0
1093 1697541.0
1094 1697541.0
1095 1697541.0
1096 1697541.0
1097 1697541.0
1098 1697541.0
1099 1697541.0
1100 1697541.0
1101 1697541.0
1102 1697541.0
1113 1697541.0
1114 1697541.0
1115 1697541.0
1116 1697541.0
1117 1697541.0
1118 1697541.0
1119 1697541.0
1120 1697541.0
1121 1697541.0
1122 1697541.0
1133 1704918.0
1134 1704918.0
1135 1704918.0
1136 1704918.0
1137 1703072.0
1138 1703072.0
1139 1703072.0
1140 1703072.0
1141 1703072.0
1142 1703072.0
1143 1697543.0
1144 1697543.0
1145 1695716.0
1146 1695716.0
1147 1695716.0
1148 1695716.0
1149 1695716.0
1150 1695716.0
1151 1695716.0
1152 1695716.0
1153 1695716.0
1154 1695716.0
1155 1695716.0
1166 1695716.0
1167 1695716.0
1168 1695716.0
1169 1695716.0
1170 1695716.0
1171 1695716.0
1172 1695716.0
1173 1695716.0
1174 1693875.0
1175 1692035.0
1176 1692035.0
1177 1692035.0
1178 1692035.0
1179 1692035.0
1180 1692035.0
1181 1692035.0
1182 1692035.0
1183 1692035.0
1184 1692035.0
1185 1690196.0
1186 1690196.0
1187 1690196.0
1188 1690196.0
1189 1688358.0
1190 1688358.0
1191 1688358.0
1192 1688358.0
1193 1686521.0
1194 1686521.0
1195 1686521.0
1196 1686521.0
1197 1686521.0
1198 1686521.0
1199 1686521.0
1200 1686521.0
1201 1686521.0
1202 1686521.0
1203 1686521.0
1214 1688358.0
1215 1688358.0
1216 1686526.0
1217 1686526.0
1218 1686526.0
1219 1686526.0
1220 1686526.0
1221 1686526.0
1222 1686526.0
1223 1686526.0
1224 1686526.0
1225 1682855.0
1226 1682855.0
1227 1682855.0
1228 1682855.0
1229 1681022.0
1230 1681022.0
1231 1681022.0
1232 1681022.0
1233 1681022.0
1234 1681022.0
1235 1681022.0
1236 1677358.0
1237 1677358.0
1238 1677358.0
1239 1677358.0
1240 1677358.0
1241 1677358.0
1242 1677358.0
1243 1677358.0
1244 1677358.0
1245 1677358.0
1246 1677358.0
1257 1677358.0
1258 1677358.0
1259 1677358.0
1260 1677358.0
1261 1677358.0
1262 1677358.0
1263 1677358.0
1264 1677358.0
1265 1677358.0
1266 1677358.0
1277 1679192.0
1278 1679192.0
1279 1679192.0
1280 1679192.0
1281 1679192.0
1282 1679192.0
1283 1679192.0
1284 1679192.0
1285 1679192.0
1286 1679192.0
1297 1684694.0
1298 1684694.0
1299 1684694.0
1300 1684694.0
1301 1684694.0
1302 1684694.0
1303 1684694.0
1304 1684694.0
1305 1684694.0
1306 1684694.0
1317 1690204.0
1318 1690204.0
1319 1690204.0
1320 1690204.0
1321 1690204.0
1322 1690204.0
1323 1690204.0
1324 1688366.0
1325 1688366.0
1326 1688366.0
1327 1688366.0
1328 1688366.0
1329 1688366.0
1330 1688366.0
1331 1686529.0
1332 1686529.0
1333 1684693.0
1334 1684693.0
1335 1682858.0
1336 1679191.0
1337 1677362.0
1338 1677362.0
1339 1677362.0
1340 1675531.0
1341 1675531.0
1342 1675531.0
1343 1675531.0
1344 1675531.0
1345 1675531.0
1346 1675531.0
1347 1675531.0
1348 1675531.0
1349 1675531.0
1350 1675531.0
1361 1671872.0
1362 1671872.0
1363 1671872.0
1364 1671872.0
1365 1671872.0
1366 1671872.0
1367 1671872.0
1368 1671872.0
1369 1671872.0
1370 1671872.0
1381 1671872.0
1382 1671872.0
1383 1671872.0
1384 1666394.0
1385 1666394.0
1386 1664569.0
1387 1660922.0
1388 1660922.0
1389 1660922.0
1390 1660922.0
1391 1660922.0
1392 1660922.0
1393 1660922.0
1394 1660922.0
1395 1659100.0
1396 1659100.0
1397 1659100.0
1398 1659100.0
1399 1659100.0
1400 1659100.0
1401 1657280.0
1402 1655460.0
1403 1655460.0
1404 1655460.0
1405 1651824.0
1406 1651824.0
1407 1650007.0
1408 1650007.0
1409 1650007.0
1410 1650007.0
1411 1650007.0
1412 1650007.0
1413 1650007.0
1414 1650007.0
1415 1650007.0
1416 1650007.0
1417 1650007.0
1428 1644564.0
1429 1644564.0
1430 1644564.0
1431 1644564.0
1432 1644564.0
1433 1644564.0
1434 1644564.0
1435 1644564.0
1436 1644564.0
1437 1644564.0
1448 1644564.0
1449 1644564.0
1450 1642751.0
1451 1642751.0
1452 1642751.0
1453 1642751.0
1454 1640939.0
1455 1640939.0
1456 1640939.0
1457 1640939.0
1458 1640939.0
1459 1640939.0
1460 1640939.0
1461 1640939.0
1462 1640939.0
1463 1640939.0
1464 1640939.0
1475 1648192.0
1476 1648192.0
1477 1648192.0
1478 1648192.0
1479 1648192.0
1480 1646377.0
1481 1646377.0
1482 1644563.0
1483 1644563.0
1484 1644563.0
1485 1644563.0
1486 1644563.0
1487 1644563.0
1488 1644563.0
1489 1644563.0
1490 1642751.0
1491 1642751.0
1492 1642751.0
1493 1642751.0
1494 1642751.0
1495 1642751.0
1496 1642751.0
1497 1642751.0
1498 1642751.0
1499 1642751.0
1500 1642751.0
1511 1648192.0
1512 1648192.0
1513 1648192.0
1514 1648192.0
1515 1648192.0
1516 1648192.0
1517 1646377.0
1518 1646377.0
1519 1646377.0
1520 1646377.0
1521 1644563.0
1522 1644563.0
1523 1644563.0
1524 1644563.0
1525 1644563.0
1526 1644563.0
1527 1644563.0
1528 1644563.0
1529 1644563.0
1530 1644563.0
1531 1644563.0
1542 1646377.0
1543 1646377.0
1544 1646377.0
1545 1646377.0
1546 1646377.0
1547 1646377.0
1548 1646377.0
1549 1646377.0
1550 1646377.0
1551 1646377.0
1562 1657278.0
1563 1657278.0
1564 1657278.0
1565 1657278.0
1566 1657278.0
1567 1657278.0
1568 1657278.0
1569 1657278.0
1570 1657278.0
1571 1657278.0
1582 1655461.0
1583 1655461.0
1584 1653642.0
1585 1653642.0
1586 1653642.0
1587 1653642.0
1588 1653642.0
1589 1653642.0
1590 1653642.0
1591 1653642.0
1592 1653642.0
1593 1653642.0
1594 1653642.0
1605 1659101.0
1606 1659101.0
1607 1657280.0
1608 1657280.0
1609 1657280.0
1610 1657280.0
1611 1657280.0
1612 1657280.0
1613 1653641.0
1614 1653641.0
1615 1651823.0
1616 1651823.0
1617 1651823.0
1618 1651823.0
1619 1651823.0
1620 1651823.0
1621 1651823.0
1622 1651823.0
1623 1651823.0
1624 1651823.0
1625 1651823.0
1636 1644564.0
1637 1644564.0
1638 1642751.0
1639 1642751.0
1640 1642751.0
1641 1642751.0
1642 1642751.0
1643 1642751.0
1644 1642751.0
1645 1642751.0
1646 1642751.0
1647 1642751.0
1648 1642751.0
1659 1637321.0
1660 1637321.0
1661 1637321.0
1662 1637321.0
1663 1637321.0
1664 1637321.0
1665 1637321.0
1666 1637321.0
1667 1637321.0
1668 1637321.0
1679 1637325.0
1680 1637325.0
1681 1637325.0
1682 1635516.0
1683 1635516.0
1684 1635516.0
1685 1635516.0
1686 1635516.0
1687 1635516.0
1688 1635516.0
1689 1635516.0
1690 1635516.0
1691 1635516.0
1692 1635516.0
1703 1637328.0
1704 1637328.0
1705 1637328.0
1706 1635519.0
1707 1635519.0
1708 1635519.0
1709 1635519.0
1710 1635519.0
1711 1635519.0
1712 1635519.0
1713 1635519.0
1714 1633711.0
1715 1631904.0
1716 1631904.0
1717 1631904.0
1718 1631904.0
1719 1630101.0
1720 1630101.0
1721 1630101.0
1722 1630101.0
1723 1630101.0
1724 1630101.0
1725 1628296.0
1726 1628296.0
1727 1628296.0
1728 1628296.0
1729 1628296.0
1730 1624689.0
1731 1624689.0
1732 1624689.0
1733 1624689.0
1734 1624689.0
1735 1624689.0
1736 1624689.0
1737 1624689.0
1738 1624689.0
1739 1624689.0
1740 1624689.0
1751 1630100.0
1752 1630100.0
1753 1630100.0
1754 1630100.0
1755 1630100.0
1756 1630100.0
1757 1630100.0
1758 1630100.0
1759 1628295.0
1760 1624689.0
1761 1624689.0
1762 1624689.0
1763 1624689.0
1764 1624689.0
1765 1624689.0
1766 1624689.0
1767 1624689.0
1768 1624689.0
1769 1621087.0
1770 1621087.0
1771 1621087.0
1772 1621087.0
1773 1621087.0
1774 1621087.0
1775 1621087.0
1776 1619287.0
1777 1619287.0
1778 1619287.0
1779 1619287.0
1780 1619287.0
1781 1619287.0
1782 1619287.0
1783 1619287.0
1784 1619287.0
1785 1619287.0
1786 1619287.0
1797 1621109.0
1798 1619309.0
1799 1619309.0
1800 1619309.0
1801 1619309.0
1802 1619309.0
1803 1619309.0
1804 1619309.0
1805 1619309.0
1806 1619309.0
1807 1619309.0
1808 1615712.0
1809 1615712.0
1810 1615712.0
1811 1615712.0
1812 1615712.0
1813 1615712.0
1814 1615712.0
1815 1615712.0
1816 1615712.0
1817 1615712.0
1818 1613915.0
1819 1613915.0
1820 1613915.0
1821 1613915.0
1822 1613915.0
1823 1613915.0
1824 1612121.0
1825 1612121.0
1826 1612121.0
1827 1612121.0
1828 1612121.0
1829 1612121.0
1830 1612121.0
1831 1612121.0
1832 1612121.0
1833 1612121.0
1834 1612121.0
1845 1613917.0
1846 1613917.0
1847 1613917.0
1848 1613917.0
1849 1613917.0
1850 1613917.0
1851 1610326.0
1852 1610326.0
1853 1610326.0
1854 1610326.0
1855 1610326.0
1856 1610326.0
1857 1610326.0
1858 1610326.0
1859 1608534.0
1860 1608534.0
1861 1608534.0
1862 1608534.0
1863 1608534.0
1864 1608534.0
1865 1606741.0
1866 1604950.0
1867 1604950.0
1868 1601372.0
1869 1601372.0
1870 1601372.0
1871 1601372.0
1872 1601372.0
1873 1601372.0
1874 1601372.0
1875 1601372.0
1876 1601372.0
1877 1601372.0
1878 1601372.0
1889 1601373.0
1890 1601373.0
1891 1601373.0
1892 1601373.0
1893 1601373.0
1894 1601373.0
1895 1601373.0
1896 1601373.0
1897 1601373.0
1898 1601373.0
1909 1603162.0
1910 1603162.0
1911 1603162.0
1912 1603162.0
1913 1603162.0
1914 1603162.0
1915 1603162.0
1916 1603162.0
1917 1603162.0
1918 1603162.0
1929 1612126.0
1930 1612126.0
1931 1612126.0
1932 1612126.0
1933 1612126.0
1934 1612126.0
1935 1612126.0
1936 1612126.0
1937 1612126.0
1938 1612126.0
1949 1622882.0
1950 1622882.0
1951 1619282.0
1952 1617483.0
1953 1617483.0
1954 1617483.0
1955 1617483.0
1956 1617483.0
1957 1612095.0
1958 1612095.0
1959 1612095.0
1960 1612095.0
1961 1612095.0
1962 1612095.0
1963 1612095.0
1964 1612095.0
1965 1612095.0
1966 1612095.0
1967 1612095.0
1978 1612095.0
1979 1612095.0
1980 1612095.0
1981 1606713.0
1982 1606713.0
1983 1606713.0
1984 1606713.0
1985 1606713.0
1986 1606713.0
1987 1606713.0
1988 1606713.0
1989 1604921.0
1990 1604921.0
1991 1604921.0
1992 1603130.0
1993 1603130.0
1994 1603130.0
1995 1603130.0
1996 1603130.0
1997 1603130.0
1998 1603130.0
1999 1599554.0
2000 1597769.0
2001 1597769.0
2002 1597769.0
2003 1597769.0
2004 1597769.0
2005 1590633.0
2006 1590633.0
2007 1590633.0
2008 1590633.0
2009 1590633.0
2010 1590633.0
2011 1590633.0
2012 1590633.0
2013 1590633.0
2014 1590633.0
2015 1590633.0
2026 1592417.0
2027 1592417.0
2028 1592417.0
2029 1592417.0
2030 1592416.0
2031 1592416.0
2032 1592416.0
2033 1588850.0
2034 1588850.0
2035 1588850.0
2036 1588850.0
2037 1588850.0
2038 1588850.0
2039 1588850.0
2040 1588850.0
2041 1588850.0
2042 1588850.0
2043 1588850.0
2054 1590633.0
2055 1590633.0
2056 1590633.0
2057 1590633.0
2058 1590633.0
2059 1590633.0
2060 1590633.0
2061 1590633.0
2062 1590633.0
2063 1590633.0
2074 1597766.0
2075 1597766.0
2076 1597766.0
2077 1597766.0
2078 1597766.0
2079 1597766.0
2080 1597766.0
2081 1597766.0
2082 1597766.0
2083 1597766.0
2094 1599554.0
2095 1599554.0
2096 1588851.0
2097 1588851.0
2098 1588851.0
2099 1585289.0
2100 1583520.0
2101 1583520.0
2102 1583520.0
2103 1583520.0
2104 1583520.0
2105 1583520.0
2106 1583520.0
2107 1583520.0
2108 1583520.0
2109 1583520.0
2110 1581741.0
2111 1581741.0
2112 1581741.0
2113 1581741.0
2114 1581741.0
2115 1581741.0
2116 1581741.0
2117 1581741.0
2118 1581741.0
2119 1581741.0
2120 1581741.0
2131 1583520.0
2132 1583520.0
2133 1583520.0
2134 1583520.0
2135 1583520.0
2136 1583520.0
2137 1583520.0
2138 1583520.0
2139 1583520.0
2140 1583520.0
2151 1604952.0
2152 1604952.0
2153 1604952.0
2154 1603167.0
2155 1603167.0
2156 1603167.0
2157 1603167.0
2158 1603167.0
2159 1603167.0
2160 1603167.0
2161 1601377.0
2162 1601377.0
2163 1599588.0
2164 1599588.0
2165 1599588.0
2166 1599588.0
2167 1590664.0
2168 1590664.0
2169 1588882.0
2170 1588882.0
2171 1588882.0
2172 1588882.0
2173 1588882.0
2174 1588882.0
2175 1588882.0
2176 1587100.0
2177 1587100.0
2178 1587100.0
2179 1587100.0
2180 1587100.0
2181 1587100.0
2182 1587100.0
2183 1587100.0
2184 1587100.0
2185 1587100.0
2186 1585319.0
2187 1585319.0
2188 1585319.0
2189 1585319.0
2190 1585319.0
2191 1585319.0
2192 1585319.0
2193 1585319.0
2194 1585319.0
2195 1585319.0
2196 1585319.0
2207 1583539.0
2208 1581760.0
2209 1581760.0
2210 1581760.0
2211 1581760.0
2212 1581760.0
2213 1581760.0
2214 1581760.0
2215 1581760.0
2216 1581760.0
2217 1581760.0
2218 1581760.0
2229 1579982.0
2230 1579982.0
2231 1579982.0
2232 1576430.0
2233 1576430.0
2234 1576430.0
2235 1576430.0
2236 1576430.0
2237 1576430.0
2238 1576430.0
2239 1574655.0
2240 1574655.0
2241 1574655.0
2242 1572881.0
2243 1572881.0
2244 1571117.0
2245 1567574.0
2246 1565807.0
2247 1564044.0
2248 1564044.0
2249 1564044.0
2250 1555220.0
2251 1555220.0
2252 1555220.0
2253 1555220.0
2254 1555220.0
2255 1555220.0
2256 1555220.0
2257 1555220.0
2258 1555220.0
2259 1555220.0
2260 1555220.0
2271 1551698.0
2272 1551698.0
2273 1551698.0
2274 1551698.0
2275 1551698.0
2276 1549937.0
2277 1549937.0
2278 1549937.0
2279 1549937.0
2280 1549937.0
2281 1549937.0
2282 1549937.0
2283 1549937.0
2284 1549937.0
2285 1549937.0
2286 1549937.0
2297 1548201.0
2298 1548201.0
2299 1548201.0
2300 1548201.0
2301 1548201.0
2302 1546442.0
2303 1546442.0
2304 1546442.0
2305 1546442.0
2306 1546442.0
2307 1546442.0
2308 1546442.0
2309 1546442.0
2310 1546442.0
2311 1546442.0
2312 1546442.0
2323 1541174.0
2324 1541174.0
2325 1541174.0
2326 1541174.0
2327 1541174.0
2328 1541174.0
2329 1541174.0
2330 1541174.0
2331 1541174.0
2332 1541174.0
2343 1542930.0
2344 1542930.0
2345 1542930.0
2346 1542930.0
2347 1542930.0
2348 1542930.0
2349 1542930.0
2350 1542930.0
2351 1542930.0
2352 1542930.0
2363 1567567.0
2364 1567567.0
2365 1567567.0
2366 1567567.0
2367 1565797.0
2368 1565797.0
2369 1565797.0
2370 1565797.0
2371 1565797.0
2372 1564028.0
2373 1564028.0
2374 1564028.0
2375 1564028.0
2376 1564028.0
2377 1562260.0
2378 1560493.0
2379 1560493.0
2380 1560493.0
2381 1560493.0
2382 1560493.0
2383 1560493.0
2384 1560493.0
2385 1560493.0
2386 1560493.0
2387 1560493.0
2388 1560493.0
2399 1562260.0
2400 1562260.0
2401 1560493.0
2402 1560493.0
2403 1560493.0
2404 1560493.0
2405 1560493.0
2406 1560493.0
2407 1560493.0
2408 1560493.0
2409 1560493.0
2410 1560493.0
2411 1560493.0
2422 1560493.0
2423 1560493.0
2424 1560493.0
2425 1560493.0
2426 1558728.0
2427 1558728.0
2428 1558728.0
2429 1558728.0
2430 1558728.0
2431 1558728.0
2432 1558728.0
2433 1556964.0
2434 1556964.0
2435 1555201.0
2436 1555201.0
2437 1555201.0
2438 1555201.0
2439 1555201.0
2440 1555201.0
2441 1555201.0
2442 1555201.0
2443 1555201.0
2444 1555201.0
2445 1555201.0
2456 1564030.0
2457 1564030.0
2458 1564030.0
2459 1564030.0
2460 1564030.0
2461 1564030.0
2462 1564030.0
2463 1564030.0
2464 1562262.0
2465 1562262.0
2466 1562262.0
2467 1562262.0
2468 1562262.0
2469 1562262.0
2470 1562262.0
2471 1556967.0
2472 1556967.0
2473 1556967.0
2474 1556967.0
2475 1556967.0
2476 1556967.0
2477 1556967.0
2478 1555206.0
2479 1555206.0
2480 1555206.0
2481 1555206.0
2482 1555206.0
2483 1555206.0
2484 1555206.0
2485 1551681.0
2486 1551681.0
2487 1551681.0
2488 1551681.0
2489 1551681.0
2490 1551681.0
2491 1551681.0
2492 1551681.0
2493 1551681.0
2494 1551681.0
2495 1551681.0
2506 1560497.0
2507 1560497.0
2508 1560497.0
2509 1560497.0
2510 1560497.0
2511 1560497.0
2512 1560497.0
2513 1560497.0
2514 1560497.0
2515 1560497.0
2526 1556969.0
2527 1556969.0
2528 1556969.0
2529 1556969.0
2530 1556969.0
2531 1556969.0
2532 1556969.0
2533 1556969.0
2534 1556969.0
2535 1555205.0
2536 1555205.0
2537 1555205.0
2538 1555205.0
2539 1555205.0
2540 1555205.0
2541 1555205.0
2542 1555205.0
2543 1555205.0
2544 1555205.0
2545 1555205.0
2556 1556969.0
2557 1556969.0
2558 1555220.0
2559 1555220.0
2560 1555220.0
2561 1553458.0
2562 1553458.0
2563 1553458.0
2564 1553458.0
2565 1553458.0
2566 1553458.0
2567 1553458.0
2568 1551696.0
2569 1551696.0
2570 1551696.0
2571 1551696.0
2572 1551696.0
2573 1551696.0
2574 1546417.0
2575 1546417.0
2576 1546417.0
2577 1546417.0
2578 1546417.0
2579 1546417.0
2580 1546417.0
2581 1546417.0
2582 1546417.0
2583 1546417.0
2584 1546417.0
2595 1558733.0
2596 1556968.0
2597 1556968.0
2598 1556968.0
2599 1556968.0
2600 1556968.0
2601 1553442.0
2602 1553442.0
2603 1553442.0
2604 1553442.0
2605 1553442.0
2606 1553442.0
2607 1553442.0
2608 1553442.0
2609 1553442.0
2610 1553442.0
2611 1553442.0
2622 1553442.0
2623 1553442.0
2624 1553442.0
2625 1553442.0
2626 1553442.0
2627 1553442.0
2628 1553442.0
2629 1553442.0
2630 1553442.0
2631 1553442.0
2642 1555205.0
2643 1555205.0
2644 1555205.0
2645 1555205.0
2646 1555205.0
2647 1555205.0
2648 1555205.0
2649 1553442.0
2650 1553442.0
2651 1553442.0
2652 1553442.0
2653 1553442.0
2654 1553442.0
2655 1551680.0
2656 1551680.0
2657 1551680.0
2658 1551680.0
2659 1551680.0
2660 1551680.0
2661 1549922.0
2662 1549922.0
2663 1549922.0
2664 1549922.0
2665 1549922.0
2666 1549922.0
2667 1549922.0
2668 1549922.0
2669 1549922.0
2670 1549922.0
2671 1549922.0
2682 1546404.0
2683 1546404.0
2684 1546404.0
2685 1546404.0
2686 1546404.0
2687 1546404.0
2688 1544703.0
2689 1544703.0
2690 1544703.0
2691 1544703.0
2692 1544703.0
2693 1544703.0
2694 1544703.0
2695 1541191.0
2696 1539437.0
2697 1539437.0
2698 1539437.0
2699 1539437.0
2700 1539437.0
2701 1539437.0
2702 1539437.0
2703 1537683.0
2704 1537683.0
2705 1537683.0
2706 1537683.0
2707 1537683.0
2708 1537683.0
2709 1537683.0
2710 1532430.0
2711 1532430.0
2712 1532430.0
2713 1532430.0
2714 1532430.0
2715 1532430.0
2716 1530680.0
2717 1530680.0
2718 1530680.0
2719 1530680.0
2720 1530680.0
2721 1530680.0
2722 1530680.0
2723 1530680.0
2724 1530680.0
2725 1530680.0
2726 1530680.0
2737 1530680.0
2738 1530680.0
2739 1530680.0
2740 1530680.0
2741 1530680.0
2742 1530680.0
2743 1530680.0
2744 1530680.0
2745 1530680.0
2746 1530680.0
2757 1535930.0
2758 1535930.0
2759 1535930.0
2760 1530680.0
2761 1530680.0
2762 1528931.0
2763 1528931.0
2764 1528931.0
2765 1528931.0
2766 1528931.0
2767 1528931.0
2768 1528931.0
2769 1528931.0
2770 1528931.0
2771 1528931.0
2772 1528931.0
2783 1525439.0
2784 1525439.0
2785 1525439.0
2786 1525439.0
2787 1521949.0
2788 1521949.0
2789 1521949.0
2790 1521949.0
2791 1521949.0
2792 1521949.0
2793 1521949.0
2794 1521949.0
2795 1521949.0
2796 1521949.0
2797 1521949.0
2808 1523694.0
2809 1523694.0
2810 1523694.0
2811 1523694.0
2812 1523694.0
2813 1523694.0
2814 1523694.0
2815 1523694.0
2816 1523694.0
2817 1523694.0
2828 1527187.0
2829 1527187.0
2830 1527187.0
2831 1527187.0
2832 1527187.0
2833 1527187.0
2834 1527187.0
2835 1527187.0
2836 1527187.0
2837 1527187.0
2848 1521949.0
2849 1521949.0
2850 1521949.0
2851 1521949.0
2852 1521949.0
2853 1521949.0
2854 1521949.0
2855 1521949.0
2856 1521949.0
2857 1521949.0
2868 1541162.0
2869 1539407.0
2870 1539407.0
2871 1539407.0
2872 1539407.0
2873 1539407.0
2874 1539407.0
2875 1539407.0
2876 1539407.0
2877 1539407.0
2878 1539407.0
2879 1537653.0
2880 1537653.0
2881 1537653.0
2882 1537653.0
2883 1537653.0
2884 1535900.0
2885 1532398.0
2886 1532398.0
2887 1528899.0
2888 1527151.0
2889 1527151.0
2890 1527151.0
2891 1527151.0
2892 1527151.0
2893 1527151.0
2894 1527151.0
2895 1527151.0
2896 1527151.0
2897 1527151.0
2898 1527151.0
2909 1530649.0
2910 1530649.0
2911 1530649.0
2912 1530649.0
2913 1530649.0
2914 1530649.0
2915 1530649.0
2916 1530649.0
2917 1530649.0
2918 1530649.0
2929 1527152.0
2930 1527152.0
2931 1527152.0
2932 1525405.0
2933 1525405.0
2934 1525405.0
2935 1525405.0
2936 1525405.0
2937 1525405.0
2938 1523659.0
2939 1523659.0
2940 1523659.0
2941 1523659.0
2942 1523659.0
2943 1523659.0
2944 1523659.0
2945 1523659.0
2946 1523659.0
2947 1523659.0
2948 1523659.0
2959 1525405.0
2960 1525405.0
2961 1525405.0
2962 1525405.0
2963 1525405.0
2964 1525405.0
2965 1525405.0
2966 1525405.0
2967 1525405.0
2968 1525405.0
2979 1520170.0
2980 1520170.0
2981 1520170.0
2982 1520170.0
2983 1520170.0
2984 1520170.0
2985 1520170.0
2986 1520170.0
2987 1520170.0
2988 1520170.0
2989 1520170.0
3000 1527151.0
3001 1527151.0
3002 1527151.0
3003 1527151.0
3004 1527151.0
3005 1525409.0
3006 1525409.0
3007 1520177.0
3008 1520177.0
3009 1520177.0
3010 1520177.0
3011 1520177.0
3012 1520177.0
3013 1520177.0
3014 1520177.0
3015 1520177.0
3016 1520177.0
3017 1520177.0
3028 1518434.0
3029 1518434.0
3030 1514952.0
3031 1514952.0
3032 1514952.0
3033 1514952.0
3034 1514952.0
3035 1514952.0
3036 1514952.0
3037 1514952.0
3038 1514952.0
3039 1514952.0
3040 1514952.0
3051 1514965.0
3052 1514965.0
3053 1514965.0
3054 1514965.0
3055 1514965.0
3056 1514965.0
3057 1514965.0
3058 1514965.0
3059 1514965.0
3060 1514965.0
3071 1535890.0
3072 1535890.0
3073 1535890.0
3074 1535890.0
3075 1535890.0
3076 1535890.0
3077 1535890.0
3078 1535890.0
3079 1535890.0
3080 1535890.0
3091 1544657.0
3092 1541145.0
3093 1541145.0
3094 1541145.0
3095 1541145.0
3096 1541145.0
3097 1537637.0
3098 1537637.0
3099 1537637.0
3100 1537637.0
3101 1537637.0
3102 1537637.0
3103 1537637.0
3104 1535884.0
3105 1535884.0
3106 1535884.0
3107 1535884.0
3108 1535884.0
3109 1535884.0
3110 1535884.0
3111 1535884.0
3112 1535884.0
3113 1535884.0
3114 1535884.0
3125 1537637.0
3126 1537637.0
3127 1535884.0
3128 1535884.0
3129 1535884.0
3130 1535884.0
3131 1535884.0
3132 1535884.0
3133 1535884.0
3134 1535884.0
3135 1535884.0
3136 1535884.0
3137 1535884.0
3148 1537634.0
3149 1537634.0
3150 1535881.0
3151 1535881.0
3152 1535881.0
3153 1535881.0
3154 1535881.0
3155 1535881.0
3156 1535881.0
3157 1535881.0
3158 1535881.0
3159 1535881.0
3160 1535881.0
3171 1535881.0
3172 1535881.0
3173 1535881.0
3174 1535881.0
3175 1535881.0
3176 1535881.0
3177 1535881.0
3178 1534138.0
3179 1534138.0
3180 1534138.0
3181 1534138.0
3182 1534138.0
3183 1534138.0
3184 1534138.0
3185 1534138.0
3186 1534138.0
3187 1534138.0
3188 1534138.0
3199 1560476.0
3200 1560476.0
3201 1560476.0
3202 1560476.0
3203 1560476.0
3204 1560476.0
3205 1558710.0
3206 1558710.0
3207 1558710.0
3208 1556945.0
3209 1556945.0
3210 1556945.0
3211 1556945.0
3212 1556945.0
3213 1556945.0
3214 1556945.0
3215 1556945.0
3216 1556945.0
3217 1556945.0
3218 1556945.0
3229 1558710.0
3230 1558710.0
3231 1558710.0
3232 1558710.0
3233 1558710.0
3234 1556948.0
3235 1556948.0
3236 1556948.0
3237 1555184.0
3238 1555184.0
3239 1555184.0
3240 1555184.0
3241 1555184.0
3242 1553421.0
3243 1553421.0
3244 1553421.0
3245 1553421.0
3246 1553421.0
3247 1553421.0
3248 1553421.0
3249 1553421.0
3250 1553421.0
3251 1553421.0
3252 1553421.0
3263 1555184.0
3264 1555184.0
3265 1555184.0
3266 1555184.0
3267 1555184.0
3268 1555184.0
3269 1555184.0
3270 1555184.0
3271 1555184.0
3272 1555184.0
3283 1560476.0
3284 1560476.0
3285 1560476.0
3286 1560476.0
3287 1560476.0
3288 1560476.0
3289 1560476.0
3290 1560476.0
3291 1560476.0
3292 1560476.0
3303 1564008.0
3304 1564008.0
3305 1562250.0
3306 1562250.0
3307 1562250.0
3308 1562250.0
3309 1562250.0
3310 1562250.0
3311 1562250.0
3312 1562250.0
3313 1562250.0
3314 1562250.0
3315 1560483.0
3316 1560483.0
3317 1560483.0
3318 1560483.0
3319 1560483.0
3320 1558717.0
3321 1558717.0
3322 1558717.0
3323 1558717.0
3324 1558717.0
3325 1558717.0
3326 1556952.0
3327 1556952.0
3328 1556952.0
3329 1556952.0
3330 1555188.0
3331 1555188.0
3332 1555188.0
3333 1555188.0
3334 1555188.0
3335 1555188.0
3336 1555188.0
3337 1555188.0
3338 1555188.0
3339 1555188.0
3340 1555188.0
3351 1556951.0
3352 1556951.0
3353 1556951.0
3354 1556951.0
3355 1556951.0
3356 1556951.0
3357 1556951.0
3358 1556951.0
3359 1556951.0
3360 1556951.0
3371 1556951.0
3372 1556951.0
3373 1553426.0
3374 1553426.0
3375 1553426.0
3376 1553426.0
3377 1553426.0
3378 1553426.0
3379 1553426.0
3380 1553426.0
3381 1553426.0
3382 1553426.0
3383 1553426.0
3394 1555189.0
3395 1555189.0
3396 1555189.0
3397 1555189.0
3398 1555189.0
3399 1555189.0
3400 1555189.0
3401 1555189.0
3402 1555189.0
3403 1555189.0
3414 1556950.0
3415 1556950.0
3416 1556950.0
3417 1556950.0
3418 1556950.0
3419 1556950.0
3420 1556950.0
3421 1556950.0
3422 1556950.0
3423 1556950.0
3434 1555187.0
3435 1555187.0
3436 1555187.0
3437 1555187.0
3438 1555187.0
3439 1555187.0
3440 1555187.0
3441 1555187.0
3442 1555187.0
3443 1555187.0
3454 1567546.0
3455 1567546.0
3456 1567546.0
3457 1567546.0
3458 1567546.0
3459 1567546.0
3460 1567546.0
3461 1567546.0
3462 1567546.0
3463 1567546.0
3464 1565776.0
3465 1564007.0
3466 1564007.0
3467 1564007.0
3468 1564007.0
3469 1564007.0
3470 1564007.0
3471 1564007.0
3472 1564007.0
3473 1564007.0
3474 1564007.0
3475 1564007.0
3486 1562242.0
3487 1562242.0
3488 1562242.0
3489 1562242.0
3490 1562242.0
3491 1562242.0
3492 1562242.0
3493 1562242.0
3494 1562242.0
3495 1562242.0
3506 1560479.0
3507 1560479.0
3508 1560479.0
3509 1560479.0
3510 1560479.0
3511 1560479.0
3512 1560479.0
3513 1560479.0
3514 1560479.0
3515 1560479.0
3526 1572867.0
3527 1572867.0
3528 1572867.0
3529 1572867.0
3530 1572867.0
3531 1572867.0
3532 1572867.0
3533 1572867.0
3534 1567552.0
3535 1567552.0
3536 1567552.0
3537 1567552.0
3538 1567552.0
3539 1564013.0
3540 1564013.0
3541 1564013.0
3542 1564013.0
3543 1564013.0
3544 1564013.0
3545 1564013.0
3546 1564013.0
3547 1564013.0
3548 1564013.0
3549 1564013.0
3560 1560480.0
3561 1560479.0
3562 1556949.0
3563 1556949.0
3564 1556949.0
3565 1556949.0
3566 1556949.0
3567 1556949.0
3568 1551660.0
3569 1551660.0
3570 1551660.0
3571 1551660.0
3572 1551660.0
3573 1551660.0
3574 1551660.0
3575 1551660.0
3576 1551660.0
3577 1551660.0
3578 1551660.0
3589 1551660.0
3590 1551660.0
3591 1551660.0
3592 1551660.0
3593 1551660.0
3594 1551660.0
3595 1551660.0
3596 1551660.0
3597 1551660.0
3598 1551660.0
3609 1553421.0
3610 1553421.0
3611 1553421.0
3612 1553421.0
3613 1553421.0
3614 1553421.0
3615 1553421.0
3616 1553421.0
3617 1553421.0
3618 1553421.0
3629 1553423.0
3630 1553423.0
3631 1553423.0
3632 1553423.0
3633 1553423.0
3634 1553423.0
3635 1553423.0
3636 1553423.0
3637 1553423.0
3638 1553423.0
3639 1553423.0
3650 1558715.0
3651 1558715.0
3652 1558715.0
3653 1558715.0
3654 1558715.0
3655 1558715.0
3656 1555189.0
3657 1555189.0
3658 1555189.0
3659 1555189.0
3660 1555189.0
3661 1555189.0
3662 1549906.0
3663 1549906.0
3664 1549906.0
3665 1549906.0
3666 1549906.0
3667 1549906.0
3668 1549906.0
3669 1549906.0
3670 1549906.0
3671 1549906.0
3672 1549906.0
3683 1551667.0
3684 1551667.0
3685 1551667.0
3686 1551667.0
3687 1551667.0
3688 1551667.0
3689 1551667.0
3690 1551667.0
3691 1551667.0
3692 1551667.0
3703 1551667.0
3704 1551667.0
3705 1551667.0
3706 1551667.0
3707 1551667.0
3708 1551667.0
3709 1551667.0
3710 1551667.0
3711 1551666.0
3712 1551666.0
3713 1551666.0
3714 1551666.0
3715 1551666.0
3716 1551666.0
3717 1551666.0
3718 1551666.0
3719 1551666.0
3720 1551666.0
3721 1551666.0
3732 1551666.0
3733 1551666.0
3734 1551666.0
3735 1551666.0
3736 1551666.0
3737 1551666.0
3738 1551666.0
3739 1551666.0
3740 1551666.0
3741 1551666.0
3752 1546391.0
3753 1546391.0
3754 1546391.0
3755 1546391.0
3756 1546391.0
3757 1546391.0
3758 1546391.0
3759 1546391.0
3760 1546391.0
3761 1546391.0
3772 1549907.0
3773 1549907.0
3774 1549907.0
3775 1549907.0
3776 1549907.0
3777 1549907.0
3778 1549907.0
3779 1549907.0
3780 1549907.0
3781 1549907.0
3792 1565788.0
3793 1565788.0
3794 1565788.0
3795 1565788.0
3796 1565788.0
3797 1565788.0
3798 1565788.0
3799 1565788.0
3800 1565788.0
3801 1565788.0
3812 1553436.0
3813 1553436.0
3814 1553436.0
3815 1553436.0
3816 1551674.0
3817 1551674.0
3818 1551674.0
3819 1551674.0
3820 1551674.0
3821 1551674.0
3822 1551674.0
3823 1551674.0
3824 1551674.0
3825 1551674.0
3826 1551674.0
3837 1549913.0
3838 1549913.0
3839 1549913.0
3840 1549913.0
3841 1549913.0
3842 1549913.0
3843 1549913.0
3844 1549913.0
3845 1549913.0
3846 1549913.0
3857 1549914.0
3858 1549914.0
3859 1549914.0
3860 1549914.0
3861 1549914.0
3862 1549914.0
3863 1549914.0
3864 1549914.0
3865 1546398.0
3866 1546398.0
3867 1546398.0
3868 1546398.0
3869 1546398.0
3870 1546398.0
3871 1546398.0
3872 1546398.0
3873 1546398.0
3874 1546398.0
3875 1546398.0
3886 1553428.0
3887 1553428.0
3888 1553428.0
3889 1551666.0
3890 1544634.0
3891 1544634.0
3892 1544634.0
3893 1544634.0
3894 1544634.0
3895 1544634.0
3896 1544634.0
3897 1544634.0
3898 1544634.0
3899 1544634.0
3900 1544634.0
3911 1544634.0
3912 1544634.0
3913 1544634.0
3914 1544634.0
3915 1544634.0
3916 1544634.0
3917 1544634.0
3918 1544634.0
3919 1544634.0
3920 1544634.0
3931 1542881.0
3932 1542881.0
3933 1542881.0
3934 1542881.0
3935 1542881.0
3936 1542881.0
3937 1542881.0
3938 1542881.0
3939 1542881.0
3940 1542881.0
3951 1539367.0
3952 1539367.0
3953 1539367.0
3954 1539367.0
3955 1539367.0
3956 1539367.0
3957 1539367.0
3958 1539367.0
3959 1537614.0
3960 1537614.0
3961 1537614.0
3962 1537614.0
3963 1537614.0
3964 1537614.0
3965 1537614.0
3966 1537614.0
3967 1537614.0
3968 1537614.0
3969 1537614.0
3980 1535864.0
3981 1535864.0
3982 1535864.0
3983 1535864.0
3984 1535864.0
3985 1535864.0
3986 1535864.0
3987 1535864.0
3988 1535864.0
3989 1535864.0
4000 1541125.0
4001 1541125.0
4002 1541125.0
4003 1539377.0
4004 1539377.0
4005 1539377.0
4006 1539377.0
4007 1539377.0
4008 1537623.0
4009 1537623.0
4010 1537623.0
4011 1537623.0
4012 1537623.0
4013 1537623.0
4014 1535870.0
4015 1535870.0
4016 1535870.0
4017 1535870.0
4018 1535870.0
4019 1535870.0
4020 1535870.0
4021 1532370.0
4022 1530620.0
4023 1530620.0
4024 1530620.0
4025 1530620.0
4026 1530620.0
4027 1530620.0
4028 1530620.0
4029 1530620.0
4030 1530620.0
4031 1530620.0
4032 1530620.0
4043 1532366.0
4044 1532366.0
4045 1532366.0
4046 1532366.0
4047 1532366.0
4048 1532366.0
4049 1532366.0
4050 1532366.0
4051 1532366.0
4052 1532366.0
4063 1520162.0
4064 1520162.0
4065 1520162.0
4066 1520162.0
4067 1520162.0
4068 1520162.0
4069 1520162.0
4070 1520162.0
4071 1520162.0
4072 1520162.0
4083 1534114.0
4084 1534114.0
4085 1534114.0
4086 1534114.0
4087 1534114.0
4088 1534114.0
4089 1534114.0
4090 1534114.0
4091 1534114.0
4092 1534114.0
4103 1535866.0
4104 1535866.0
4105 1535866.0
4106 1535866.0
4107 1535866.0
4108 1535866.0
4109 1535866.0
4110 1535866.0
4111 1535866.0
4112 1535866.0
4123 1535866.0
4124 1535866.0
4125 1535866.0
4126 1535866.0
4127 1535866.0
4128 1535866.0
4129 1535866.0
4130 1535866.0
4131 1535866.0
4132 1535866.0
4143 1537617.0
4144 1537617.0
4145 1535872.0
4146 1535872.0
4147 1535872.0
4148 1535872.0
4149 1534120.0
4150 1534120.0
4151 1534120.0
4152 1534120.0
4153 1534120.0
4154 1534120.0
4155 1534120.0
4156 1534120.0
4157 1534120.0
4158 1534120.0
4159 1534120.0
4170 1535872.0
4171 1535872.0
4172 1535872.0
4173 1535872.0
4174 1535872.0
4175 1535872.0
4176 1535872.0
4177 1534120.0
4178 1534120.0
4179 1534120.0
4180 1534120.0
4181 1534120.0
4182 1532369.0
4183 1532369.0
4184 1532369.0
4185 1532369.0
4186 1532369.0
4187 1532369.0
4188 1532369.0
4189 1528871.0
4190 1528871.0
4191 1528871.0
4192 1528871.0
4193 1528871.0
4194 1528871.0
4195 1528871.0
4196 1528871.0
4197 1528871.0
4198 1528871.0
4199 1528871.0
4210 1534111.0
4211 1534111.0
4212 1534111.0
4213 1534111.0
4214 1534111.0
4215 1534111.0
4216 1534111.0
4217 1532360.0
4218 1532360.0
4219 1532360.0
4220 1532360.0
4221 1532360.0
4222 1532360.0
4223 1532360.0
4224 1532360.0
4225 1532360.0
4226 1532360.0
4227 1532360.0
4238 1534111.0
4239 1534111.0
4240 1534111.0
4241 1534111.0
4242 1534111.0
4243 1534111.0
4244 1534111.0
4245 1534111.0
4246 1530611.0
4247 1530611.0
4248 1530611.0
4249 1530611.0
4250 1530611.0
4251 1530611.0
4252 1530611.0
4253 1530611.0
4254 1530611.0
4255 1530611.0
4256 1530611.0
4267 1534112.0
4268 1534112.0
4269 1534112.0
4270 1534112.0
4271 1534112.0
4272 1534112.0
4273 1532361.0
4274 1532361.0
4275 1532361.0
4276 1532361.0
4277 1532361.0
4278 1532361.0
4279 1532361.0
4280 1532361.0
4281 1532361.0
4282 1532361.0
4283 1532361.0
4294 1523625.0
4295 1523625.0
4296 1523625.0
4297 1523625.0
4298 1523625.0
4299 1523625.0
4300 1516657.0
4301 1516657.0
4302 1516657.0
4303 1516657.0
4304 1516657.0
4305 1516657.0
4306 1516657.0
4307 1516657.0
4308 1516657.0
4309 1516657.0
4310 1516657.0
4321 1527118.0
4322 1525371.0
4323 1525368.0
4324 1523625.0
4325 1521880.0
4326 1521880.0
4327 1521880.0
4328 1520158.0
4329 1520158.0
4330 1520158.0
4331 1520158.0
4332 1520158.0
4333 1520158.0
4334 1520158.0
4335 1520158.0
4336 1520158.0
4337 1520158.0
4338 1516674.0
4339 1516674.0
4340 1516674.0
4341 1516674.0
4342 1516674.0
4343 1516674.0
4344 1516674.0
4345 1516674.0
4346 1516674.0
4347 1516674.0
4348 1516674.0
4359 1516675.0
4360 1516675.0
4361 1516675.0
4362 1513195.0
4363 1513195.0
4364 1513195.0
4365 1513195.0
4366 1513195.0
4367 1513195.0
4368 1513195.0
4369 1513195.0
4370 1513195.0
4371 1513195.0
4372 1513195.0
4383 1513195.0
4384 1513195.0
4385 1513195.0
4386 1513195.0
4387 1513195.0
4388 1513195.0
4389 1513195.0
4390 1513195.0
4391 1513195.0
4392 1513195.0
4403 1516691.0
4404 1514950.0
4405 1514950.0
4406 1514950.0
4407 1514950.0
4408 1514950.0
4409 1514950.0
4410 1514950.0
4411 1514950.0
4412 1514950.0
4413 1514950.0
4414 1514950.0
4425 1514950.0
4426 1514950.0
4427 1514950.0
4428 1514950.0
4429 1514950.0
4430 1514950.0
4431 1514950.0
4432 1514950.0
4433 1514950.0
4434 1514950.0
4445 1518432.0
4446 1518432.0
4447 1518432.0
4448 1518432.0
4449 1518432.0
4450 1518432.0
4451 1518432.0
4452 1518432.0
4453 1518432.0
4454 1518432.0
4465 1521917.0
4466 1521917.0
4467 1521917.0
4468 1521917.0
4469 1521917.0
4470 1521917.0
4471 1521917.0
4472 1521917.0
4473 1521917.0
4474 1521917.0
4485 1527146.0
4486 1525400.0
4487 1525400.0
4488 1525400.0
4489 1525400.0
4490 1525400.0
4491 1525400.0
4492 1525400.0
4493 1525400.0
4494 1525400.0
4495 1525400.0
4496 1525400.0
4507 1520165.0
4508 1520165.0
4509 1520165.0
4510 1520165.0
4511 1520165.0
4512 1520165.0
4513 1520165.0
4514 1520165.0
4515 1516681.0
4516 1511462.0
4517 1511462.0
4518 1511462.0
4519 1511462.0
4520 1511462.0
4521 1511462.0
4522 1511462.0
4523 1511462.0
4524 1511462.0
4525 1511462.0
4526 1511462.0
4537 1516679.0
4538 1516679.0
4539 1516679.0
4540 1516679.0
4541 1516679.0
4542 1516679.0
4543 1516679.0
4544 1516679.0
4545 1516679.0
4546 1516679.0
4557 1513201.0
4558 1511462.0
4559 1511462.0
4560 1511462.0
4561 1511462.0
4562 1511462.0
4563 1511462.0
4564 1511462.0
4565 1511462.0
4566 1511462.0
4567 1511462.0
4568 1511462.0
4579 1516681.0
4580 1516681.0
4581 1516681.0
4582 1516681.0
4583 1513201.0
4584 1513201.0
4585 1513201.0
4586 1513201.0
4587 1513201.0
4588 1513201.0
4589 1513201.0
4590 1513201.0
4591 1511462.0
4592 1511462.0
4593 1511462.0
4594 1511462.0
4595 1511462.0
4596 1511462.0
4597 1511462.0
4598 1511462.0
4599 1511462.0
4600 1511462.0
4601 1511462.0
4612 1514940.0
4613 1514940.0
4614 1514940.0
4615 1514940.0
4616 1514940.0
4617 1514940.0
4618 1514940.0
4619 1514940.0
4620 1514940.0
4621 1514940.0
4632 1513200.0
4633 1513200.0
4634 1513200.0
4635 1513200.0
4636 1513200.0
4637 1513200.0
4638 1513200.0
4639 1513200.0
4640 1513200.0
4641 1513200.0
4652 1513205.0
4653 1507991.0
4654 1507991.0
4655 1507991.0
4656 1507991.0
4657 1507991.0
4658 1507991.0
4659 1507991.0
4660 1507991.0
4661 1506255.0
4662 1504521.0
4663 1504521.0
4664 1504521.0
4665 1504521.0
4666 1502787.0
4667 1502787.0
4668 1502787.0
4669 1502787.0
4670 1502787.0
4671 1502787.0
4672 1502787.0
4673 1502787.0
4674 1502787.0
4675 1502787.0
4676 1502787.0
4687 1518424.0
4688 1518424.0
4689 1518424.0
4690 1518424.0
4691 1518424.0
4692 1518424.0
4693 1518424.0
4694 1518424.0
4695 1518424.0
4696 1518424.0
4707 1520166.0
4708 1520166.0
4709 1520166.0
4710 1518423.0
4711 1518423.0
4712 1518423.0
4713 1518423.0
4714 1516681.0
4715 1516681.0
4716 1516681.0
4717 1516681.0
4718 1516681.0
4719 1516681.0
4720 1516681.0
4721 1516681.0
4722 1513201.0
4723 1513201.0
4724 1513201.0
4725 1513201.0
4726 1513201.0
4727 1511462.0
4728 1511462.0
4729 1511462.0
4730 1511462.0
4731 1511462.0
4732 1511462.0
4733 1511462.0
4734 1511462.0
4735 1511462.0
4736 1511462.0
4737 1511462.0
4748 1521898.0
4749 1520154.0
4750 1520154.0
4751 1520154.0
4752 1520154.0
4753 1520154.0
4754 1520154.0
4755 1520154.0
4756 1520154.0
4757 1520154.0
4758 1520154.0
4759 1520154.0
4770 1516670.0
4771 1516670.0
4772 1514929.0
4773 1514929.0
4774 1514929.0
4775 1514929.0
4776 1514929.0
4777 1514929.0
4778 1514929.0
4779 1514929.0
4780 1514929.0
4781 1514929.0
4782 1514929.0
4793 1516669.0
4794 1516669.0
4795 1513193.0
4796 1513193.0
4797 1513193.0
4798 1513193.0
4799 1511454.0
4800 1511454.0
4801 1511454.0
4802 1511454.0
4803 1511454.0
4804 1511454.0
4805 1511454.0
4806 1511454.0
4807 1511454.0
4808 1511454.0
4809 1511454.0
4820 1511454.0
4821 1511454.0
4822 1511454.0
4823 1511454.0
4824 1511454.0
4825 1511454.0
4826 1511454.0
4827 1511454.0
4828 1511454.0
4829 1511454.0
4840 1513193.0
4841 1513193.0
4842 1513193.0
4843 1513193.0
4844 1513193.0
4845 1513193.0
4846 1513193.0
4847 1513193.0
4848 1513193.0
4849 1513193.0
4860 1518413.0
4861 1518413.0
4862 1518413.0
4863 1518413.0
4864 1518413.0
4865 1513193.0
4866 1513193.0
4867 1513193.0
4868 1513193.0
4869 1513193.0
4870 1513193.0
4871 1513193.0
4872 1513193.0
4873 1511455.0
4874 1511455.0
4875 1511455.0
4876 1511455.0
4877 1511455.0
4878 1511455.0
4879 1511455.0
4880 1511455.0
4881 1511455.0
4882 1511455.0
4883 1511455.0
4894 1514933.0
4895 1514933.0
4896 1514933.0
4897 1514933.0
4898 1514933.0
4899 1514933.0
4900 1514933.0
4901 1514933.0
4902 1514933.0
4903 1514933.0
4914 1542860.0
4915 1541104.0
4916 1541104.0
4917 1541104.0
4918 1541104.0
4919 1541104.0
4920 1541104.0
4921 1541104.0
4922 1541104.0
4923 1541104.0
4924 1541104.0
4925 1541104.0
4936 1530593.0
4937 1530593.0
4938 1530593.0
4939 1530593.0
4940 1530593.0
4941 1530593.0
4942 1530593.0
4943 1530593.0
4944 1528851.0
4945 1527103.0
4946 1527103.0
4947 1527103.0
4948 1527103.0
4949 1525356.0
4950 1523610.0
4951 1523610.0
4952 1521866.0
4953 1521866.0
4954 1521866.0
4955 1521866.0
4956 1521866.0
4957 1521866.0
4958 1521866.0
4959 1521866.0
4960 1521866.0
4961 1521866.0
4962 1520127.0
4963 1520127.0
4964 1520127.0
4965 1520127.0
4966 1520127.0
4967 1520127.0
4968 1520127.0
4969 1520127.0
4970 1520127.0
4971 1520127.0
4972 1520127.0
4983 1516643.0
4984 1516643.0
4985 1516643.0
4986 1516643.0
4987 1516643.0
4988 1516643.0
4989 1516643.0
4990 1516643.0
4991 1516643.0
4992 1516643.0
