0 14
1 16
2 17
3 18
4 18
5 18
6 18
7 18
8 18
9 18
10 19
11 19
12 19
13 19
14 19
15 19
16 19
17 19
18 19
19 19
20 20
21 20
22 21
23 21
24 21
25 21
26 21
27 22
28 24
29 24
30 24
31 24
32 24
33 24
34 25
35 25
36 25
37 25
38 25
39 25
40 25
41 25
42 25
43 25
44 26
45 26
46 26
47 26
48 27
49 28
50 28
51 28
52 28
53 28
54 28
55 28
56 29
57 29
58 30
59 30
60 30
61 30
62 30
63 30
64 30
65 30
66 30
67 30
68 30
79 30
80 30
81 30
82 30
83 30
84 30
85 30
86 30
87 30
88 30
99 32
100 32
101 32
102 34
103 34
104 34
105 34
106 34
107 34
108 34
109 34
110 34
111 34
112 34
123 38
124 38
125 38
126 38
127 38
128 38
129 39
130 41
131 41
132 43
133 43
134 43
135 43
136 43
137 43
138 43
139 43
140 43
141 43
142 43
153 44
154 44
155 44
156 44
157 44
158 44
159 44
160 44
161 45
162 45
163 45
164 45
165 45
166 45
167 45
168 45
169 46
170 46
171 46
172 46
173 46
174 46
175 46
176 46
177 46
178 46
179 46
190 48
191 48
192 48
193 49
194 49
195 49
196 49
197 49
198 49
199 49
200 49
201 49
202 50
203 50
204 50
205 50
206 50
207 51
208 51
209 51
210 51
211 51
212 51
213 51
214 51
215 51
216 51
217 51
228 51
229 52
230 52
231 52
232 52
233 52
234 52
235 52
236 52
237 52
238 52
239 52
250 52
251 52
252 52
253 52
254 52
255 52
256 52
257 53
258 53
259 53
260 53
261 53
262 53
263 53
264 53
265 53
266 53
267 53
278 54
279 54
280 54
281 54
282 54
283 54
284 54
285 54
286 54
287 54
298 56
299 56
300 56
301 56
302 56
303 56
304 56
305 56
306 57
307 57
308 57
309 57
310 57
311 57
312 57
313 57
314 57
315 57
316 57
327 58
328 58
329 58
330 58
331 58
332 59
333 59
334 60
335 60
336 60
337 60
338 60
339 60
340 60
341 60
342 60
343 60
344 60
355 60
356 60
357 60
358 60
359 60
360 60
361 60
362 60
363 60
364 60
375 59
376 59
377 59
378 59
379 59
380 59
381 59
382 59
383 60
384 60
385 60
386 60
387 60
388 60
389 60
390 60
391 60
392 61
393 61
394 61
395 61
396 61
397 61
398 61
399 61
400 61
401 61
402 61
413 60
414 60
415 60
416 60
417 60
418 60
419 60
420 61
421 61
422 61
423 61
424 61
425 62
426 62
427 62
428 62
429 62
430 62
431 62
432 62
433 62
434 62
435 62
446 62
447 62
448 62
449 62
450 62
451 62
452 62
453 62
454 62
455 62
466 61
467 61
468 61
469 61
470 62
471 62
472 62
473 62
474 62
475 62
476 62
477 62
478 62
479 62
480 62
491 61
492 61
493 61
494 61
495 61
496 62
497 62
498 62
499 62
500 62
501 62
502 62
503 62
504 62
505 62
506 62
517 62
518 62
519 62
520 62
521 62
522 62
523 62
524 62
525 62
526 62
537 60
538 60
539 60
540 60
541 60
542 60
543 60
544 61
545 61
546 61
547 61
548 61
549 61
550 61
551 61
552 61
553 61
554 61
565 61
566 61
567 61
568 61
569 61
570 61
571 61
572 61
573 61
574 61
585 61
586 61
587 61
588 61
589 61
590 61
591 61
592 61
593 61
594 61
605 60
606 60
607 60
608 60
609 60
610 60
611 60
612 60
613 60
614 60
625 61
626 61
627 61
628 61
629 61
630 61
631 61
632 61
633 61
634 61
645 61
646 61
647 61
648 61
649 61
650 61
651 61
652 61
653 61
654 61
665 60
666 60
667 60
668 60
669 60
670 60
671 60
672 60
673 60
674 60
685 60
686 60
687 60
688 60
689 60
690 60
691 60
692 60
693 60
694 60
705 59
706 59
707 59
708 59
709 59
710 59
711 59
712 59
713 59
714 59
725 60
726 60
727 60
728 60
729 60
730 60
731 60
732 61
733 61
734 61
735 61
736 61
737 61
738 61
739 61
740 61
741 61
742 61
753 60
754 60
755 60
756 60
757 60
758 60
759 60
760 60
761 60
762 60
773 60
774 60
775 60
776 60
777 60
778 60
779 60
780 62
781 62
782 62
783 62
784 62
785 62
786 62
787 62
788 64
789 64
790 64
791 64
792 64
793 64
794 64
795 64
796 64
797 64
798 64
809 65
810 65
811 65
812 65
813 65
814 65
815 65
816 65
817 65
818 65
829 64
830 64
831 64
832 65
833 65
834 65
835 65
836 65
837 65
838 65
839 65
840 65
841 65
842 65
853 64
854 64
855 64
856 64
857 64
858 65
859 65
860 65
861 65
862 65
863 65
864 65
865 65
866 65
867 65
868 65
879 65
880 65
881 65
882 65
883 65
884 65
885 65
886 65
887 65
888 65
899 64
900 64
901 64
902 64
903 64
904 64
905 64
906 65
907 65
908 65
909 65
910 65
911 65
912 65
913 65
914 65
915 65
916 65
927 65
928 65
929 65
930 65
931 65
932 65
933 65
934 65
935 65
936 65
947 65
948 65
949 65
950 65
951 65
952 65
953 65
954 65
955 65
956 65
967 65
968 65
969 65
970 65
971 65
972 65
973 65
974 65
975 65
976 65
987 65
988 65
989 65
990 65
991 65
992 65
993 65
994 65
995 65
996 65
1007 64
1008 64
1009 64
1010 64
1011 64
1012 64
1013 64
1014 64
1015 64
1016 64
1027 64
1028 64
1029 64
1030 64
1031 64
1032 64
1033 64
1034 64
1035 64
1036 64
1047 63
1048 63
1049 63
1050 63
1051 63
1052 63
1053 63
1054 63
1055 63
1056 63
1067 63
1068 63
1069 63
1070 63
1071 63
1072 63
1073 63
1074 63
1075 63
1076 63
1077 63
1088 62
1089 62
1090 63
1091 63
1092 63
1093 63
1094 63
1095 63
1096 63
1097 63
1098 63
1099 63
1100 63
1111 61
1112 62
1113 62
1114 62
1115 62
1116 62
1117 62
1118 62
1119 62
1120 62
1121 62
1122 62
1133 62
1134 62
1135 62
1136 62
1137 62
1138 62
1139 62
1140 62
1141 62
1142 62
1153 61
1154 61
1155 61
1156 61
1157 61
1158 61
1159 61
1160 61
1161 61
1162 61
1173 61
1174 61
1175 61
1176 61
1177 61
1178 61
1179 61
1180 61
1181 61
1182 61
1193 60
1194 60
1195 60
1196 60
1197 60
1198 60
1199 60
1200 60
1201 60
1202 60
1213 59
1214 59
1215 59
1216 59
1217 59
1218 59
1219 59
1220 59
1221 59
1222 59
1233 60
1234 60
1235 60
1236 60
1237 60
1238 60
1239 60
1240 60
1241 60
1242 60
1253 60
1254 60
1255 60
1256 60
1257 60
1258 60
1259 60
1260 60
1261 60
1262 60
1273 59
1274 60
1275 60
1276 60
1277 60
1278 60
1279 60
1280 60
1281 60
1282 60
1283 60
1284 60
1295 59
1296 59
1297 59
1298 59
1299 59
1300 59
1301 59
1302 59
1303 59
1304 59
1315 60
1316 60
1317 60
1318 60
1319 60
1320 60
1321 60
1322 60
1323 60
1324 60
1335 61
1336 61
1337 61
1338 61
1339 61
1340 61
1341 61
1342 61
1343 61
1344 61
1355 61
1356 61
1357 61
1358 61
1359 61
1360 61
1361 61
1362 61
1363 61
1364 61
1375 62
1376 62
1377 62
1378 62
1379 62
1380 62
1381 62
1382 62
1383 62
1384 62
1395 61
1396 61
1397 61
1398 61
1399 61
1400 62
1401 62
1402 62
1403 62
1404 62
1405 62
1406 62
1407 62
1408 62
1409 62
1410 62
1421 61
1422 61
1423 61
1424 61
1425 61
1426 61
1427 61
1428 61
1429 62
1430 62
1431 62
1432 62
1433 62
1434 62
1435 62
1436 62
1437 62
1438 62
1439 62
1450 61
1451 61
1452 61
1453 61
1454 61
1455 61
1456 61
1457 61
1458 62
1459 62
1460 62
1461 62
1462 62
1463 62
1464 62
1465 62
1466 62
1467 62
1468 62
1479 61
1480 61
1481 61
1482 61
1483 61
1484 61
1485 62
1486 62
1487 62
1488 62
1489 62
1490 62
1491 62
1492 62
1493 62
1494 62
1495 62
1506 62
1507 62
1508 62
1509 62
1510 62
1511 62
1512 62
1513 62
1514 62
1515 62
1526 62
1527 62
1528 62
1529 62
1530 62
1531 62
1532 62
1533 62
1534 62
1535 62
1546 62
1547 62
1548 62
1549 62
1550 62
1551 62
1552 62
1553 62
1554 62
1555 62
1566 62
1567 62
1568 62
1569 62
1570 62
1571 62
1572 62
1573 62
1574 62
1575 62
1586 61
1587 61
1588 61
1589 61
1590 61
1591 61
1592 61
1593 61
1594 61
1595 61
1606 61
1607 61
1608 61
1609 61
1610 61
1611 61
1612 61
1613 62
1614 62
1615 62
1616 62
1617 62
1618 62
1619 62
1620 62
1621 62
1622 62
1623 62
1634 62
1635 62
1636 62
1637 62
1638 62
1639 62
1640 62
1641 62
1642 62
1643 62
1654 61
1655 61
1656 61
1657 61
1658 61
1659 61
1660 61
1661 61
1662 61
1663 61
1674 61
1675 61
1676 61
1677 61
1678 61
1679 61
1680 61
1681 61
1682 61
1683 61
1694 61
1695 61
1696 61
1697 61
1698 61
1699 61
1700 61
1701 61
1702 61
1703 61
1714 62
1715 62
1716 62
1717 62
1718 62
1719 62
1720 62
1721 62
1722 62
1723 62
1734 62
1735 62
1736 62
1737 62
1738 62
1739 62
1740 62
1741 62
1742 62
1743 62
1754 62
1755 62
1756 62
1757 62
1758 62
1759 62
1760 62
1761 62
1762 62
1763 62
1774 62
1775 62
1776 62
1777 62
1778 62
1779 62
1780 62
1781 62
1782 62
1783 62
1794 61
1795 61
1796 61
1797 61
1798 61
1799 61
1800 61
1801 61
1802 61
1803 61
1814 61
1815 61
1816 61
1817 61
1818 61
1819 61
1820 61
1821 61
1822 61
1823 61
1834 61
1835 61
1836 61
1837 61
1838 61
1839 61
1840 61
1841 61
1842 61
1843 61
1844 61
1855 61
1856 61
1857 61
1858 61
1859 61
1860 61
1861 61
1862 61
1863 61
1864 61
1875 60
1876 60
1877 60
1878 60
1879 60
1880 60
1881 60
1882 60
1883 60
1884 60
1895 60
1896 60
1897 61
1898 61
1899 61
1900 61
1901 61
1902 61
1903 61
1904 61
1905 61
1906 61
1907 61
1918 60
1919 60
1920 60
1921 60
1922 60
1923 60
1924 60
1925 60
1926 60
1927 60
1938 61
1939 61
1940 61
1941 61
1942 61
1943 61
1944 61
1945 61
1946 61
1947 61
1958 60
1959 60
1960 60
1961 60
1962 60
1963 60
1964 60
1965 60
1966 61
1967 61
1968 61
1969 61
1970 61
1971 61
1972 61
1973 61
1974 61
1975 61
1976 61
1987 60
1988 60
1989 60
1990 61
1991 61
1992 61
1993 61
1994 61
1995 61
1996 61
1997 61
1998 61
1999 61
2000 61
2011 61
2012 61
2013 61
2014 61
2015 61
2016 61
2017 61
2018 61
2019 61
2020 61
2031 60
2032 60
2033 60
2034 60
2035 60
2036 60
2037 60
2038 60
2039 60
2040 60
2051 59
2052 59
2053 59
2054 59
2055 60
2056 60
2057 60
2058 60
2059 61
2060 61
2061 61
2062 61
2063 61
2064 62
2065 62
2066 62
2067 62
2068 62
2069 62
2070 62
2071 62
2072 62
2073 62
2074 62
2085 62
2086 62
2087 62
2088 62
2089 62
2090 62
2091 62
2092 62
2093 62
2094 62
2105 62
2106 62
2107 62
2108 62
2109 62
2110 62
2111 62
2112 62
2113 62
2114 62
2125 62
2126 62
2127 62
2128 62
2129 62
2130 62
2131 62
2132 62
2133 62
2134 62
2135 62
2146 61
2147 61
2148 61
2149 61
2150 61
2151 61
2152 62
2153 62
2154 62
2155 62
2156 62
2157 62
2158 62
2159 62
2160 62
2161 62
2162 62
2173 63
2174 63
2175 63
2176 63
2177 63
2178 63
2179 63
2180 63
2181 63
2182 63
2193 62
2194 62
2195 62
2196 62
2197 62
2198 63
2199 63
2200 63
2201 63
2202 63
2203 63
2204 63
2205 63
2206 63
2207 63
2208 63
2219 63
2220 63
2221 63
2222 63
2223 63
2224 63
2225 63
2226 63
2227 63
2228 63
2239 62
2240 63
2241 63
2242 63
2243 63
2244 63
2245 63
2246 63
2247 63
2248 63
2249 63
2250 63
2261 63
2262 63
2263 63
2264 63
2265 63
2266 63
2267 63
2268 63
2269 63
2270 63
2281 62
2282 62
2283 62
2284 62
2285 62
2286 62
2287 62
2288 62
2289 62
2290 62
2301 63
2302 63
2303 63
2304 63
2305 63
2306 63
2307 63
2308 63
2309 63
2310 63
2321 63
2322 63
2323 64
2324 64
2325 64
2326 64
2327 64
2328 64
2329 64
2330 64
2331 64
2332 64
2333 64
2344 64
2345 64
2346 64
2347 64
2348 64
2349 64
2350 64
2351 64
2352 64
2353 64
2364 64
2365 64
2366 64
2367 64
2368 64
2369 64
2370 64
2371 64
2372 64
2373 64
2384 64
2385 64
2386 64
2387 64
2388 64
2389 64
2390 64
2391 64
2392 64
2393 64
2404 64
2405 64
2406 64
2407 64
2408 64
2409 64
2410 64
2411 64
2412 64
2413 64
2424 63
2425 63
2426 63
2427 63
2428 63
2429 63
2430 63
2431 64
2432 64
2433 64
2434 64
2435 64
2436 64
2437 64
2438 64
2439 64
2440 64
2441 64
2452 64
2453 64
2454 64
2455 64
2456 64
2457 64
2458 64
2459 64
2460 65
2461 65
2462 65
2463 65
2464 65
2465 65
2466 65
2467 65
2468 65
2469 65
2470 65
2481 65
2482 65
2483 65
2484 65
2485 65
2486 65
2487 65
2488 65
2489 65
2490 65
2501 65
2502 65
2503 65
2504 65
2505 65
2506 65
2507 66
2508 66
2509 66
2510 66
2511 66
2512 66
2513 66
2514 66
2515 66
2516 66
2517 66
2528 65
2529 65
2530 65
2531 66
2532 66
2533 66
2534 66
2535 66
2536 66
2537 66
2538 66
2539 66
2540 66
2541 66
2552 66
2553 66
2554 66
2555 66
2556 66
2557 66
2558 66
2559 66
2560 66
2561 66
2572 65
2573 65
2574 66
2575 66
2576 66
2577 66
2578 66
2579 66
2580 66
2581 66
2582 66
2583 66
2584 66
2595 65
2596 65
2597 65
2598 65
2599 65
2600 65
2601 65
2602 65
2603 65
2604 65
2615 66
2616 66
2617 66
2618 66
2619 66
2620 66
2621 66
2622 66
2623 66
2624 66
2635 66
2636 66
2637 66
2638 66
2639 66
2640 66
2641 66
2642 66
2643 66
2644 66
2655 65
2656 65
2657 65
2658 65
2659 65
2660 65
2661 65
2662 65
2663 65
2664 65
2675 66
2676 66
2677 66
2678 66
2679 66
2680 66
2681 66
2682 66
2683 66
2684 66
2695 66
2696 66
2697 66
2698 66
2699 66
2700 66
2701 66
2702 66
2703 66
2704 66
2715 65
2716 65
2717 65
2718 65
2719 65
2720 65
2721 65
2722 65
2723 65
2724 65
2735 64
2736 64
2737 64
2738 64
2739 64
2740 64
2741 64
2742 64
2743 64
2744 64
2755 63
2756 63
2757 63
2758 63
2759 63
2760 63
2761 63
2762 63
2763 63
2764 63
2765 63
2776 62
2777 62
2778 62
2779 62
2780 62
2781 62
2782 63
2783 63
2784 63
2785 63
2786 63
2787 63
2788 63
2789 63
2790 63
2791 63
2792 63
2803 62
2804 62
2805 62
2806 62
2807 62
2808 62
2809 62
2810 62
2811 62
2812 62
2823 63
2824 63
2825 63
2826 63
2827 63
2828 63
2829 63
2830 63
2831 63
2832 63
2843 62
2844 62
2845 64
2846 64
2847 64
2848 64
2849 64
2850 64
2851 64
2852 64
2853 64
2854 64
2855 64
2866 63
2867 63
2868 64
2869 64
2870 64
2871 64
2872 64
2873 64
2874 65
2875 65
2876 65
2877 65
2878 65
2879 65
2880 65
2881 65
2882 65
2883 65
2884 65
2895 64
2896 65
2897 65
2898 65
2899 65
2900 65
2901 65
2902 65
2903 65
2904 65
2905 65
2906 65
2917 65
2918 65
2919 65
2920 65
2921 65
2922 65
2923 65
2924 65
2925 65
2926 65
2937 65
2938 65
2939 65
2940 65
2941 65
2942 65
2943 65
2944 65
2945 65
2946 65
2957 65
2958 65
2959 65
2960 65
2961 65
2962 65
2963 65
2964 65
2965 65
2966 65
2977 64
2978 64
2979 64
2980 64
2981 64
2982 64
2983 64
2984 64
2985 64
2986 64
2997 64
2998 64
2999 64
3000 64
3001 64
3002 64
3003 64
3004 64
3005 64
3006 64
3017 64
3018 64
3019 64
3020 64
3021 64
3022 65
3023 65
3024 65
3025 65
3026 65
3027 65
3028 65
3029 65
3030 65
3031 65
3032 65
3043 63
3044 63
3045 63
3046 63
3047 64
3048 64
3049 64
3050 64
3051 64
3052 64
3053 64
3054 64
3055 64
3056 64
3057 64
3068 63
3069 63
3070 63
3071 63
3072 63
3073 63
3074 63
3075 64
3076 64
3077 64
3078 64
3079 65
3080 65
3081 65
3082 65
3083 65
3084 65
3085 65
3086 65
3087 65
3088 65
3089 65
3100 65
3101 65
3102 65
3103 65
3104 65
3105 65
3106 65
3107 65
3108 65
3109 65
3120 65
3121 65
3122 65
3123 65
3124 65
3125 65
3126 65
3127 65
3128 65
3129 65
3140 64
3141 64
3142 64
3143 64
3144 65
3145 65
3146 65
3147 65
3148 65
3149 65
3150 65
3151 65
3152 65
3153 65
3154 65
3165 65
3166 65
3167 65
3168 65
3169 65
3170 65
3171 65
3172 65
3173 65
3174 65
3185 65
3186 65
3187 65
3188 65
3189 65
3190 65
3191 65
3192 65
3193 65
3194 65
3205 64
3206 64
3207 64
3208 65
3209 65
3210 65
3211 65
3212 65
3213 65
3214 65
3215 65
3216 65
3217 65
3218 65
3229 65
3230 65
3231 65
3232 65
3233 65
3234 65
3235 65
3236 65
3237 65
3238 65
3249 63
3250 64
3251 64
3252 64
3253 64
3254 64
3255 64
3256 64
3257 64
3258 64
3259 64
3260 64
3271 63
3272 63
3273 63
3274 63
3275 63
3276 63
3277 63
3278 63
3279 63
3280 64
3281 64
3282 64
3283 64
3284 65
3285 65
3286 65
3287 65
3288 65
3289 65
3290 65
3291 65
3292 65
3293 65
3294 65
3305 65
3306 65
3307 65
3308 65
3309 65
3310 65
3311 65
3312 65
3313 65
3314 65
3325 65
3326 65
3327 65
3328 65
3329 65
3330 65
3331 65
3332 65
3333 65
3334 65
3345 65
3346 65
3347 66
3348 66
3349 66
3350 66
3351 66
3352 66
3353 66
3354 66
3355 66
3356 66
3357 66
3368 65
3369 65
3370 65
3371 65
3372 65
3373 66
3374 66
3375 66
3376 66
3377 66
3378 66
3379 66
3380 66
3381 66
3382 66
3383 66
3394 65
3395 65
3396 65
3397 65
3398 65
3399 65
3400 66
3401 66
3402 66
3403 66
3404 66
3405 66
3406 66
3407 66
3408 66
3409 66
3410 66
3421 66
3422 66
3423 66
3424 66
3425 66
3426 66
3427 66
3428 66
3429 66
3430 66
3441 65
3442 65
3443 65
3444 65
3445 65
3446 65
3447 65
3448 65
3449 65
3450 65
3461 64
3462 64
3463 64
3464 64
3465 64
3466 64
3467 64
3468 64
3469 64
3470 64
3481 64
3482 64
3483 64
3484 64
3485 64
3486 64
3487 64
3488 64
3489 64
3490 64
3501 64
3502 64
3503 64
3504 64
3505 65
3506 65
3507 65
3508 65
3509 65
3510 65
3511 65
3512 65
3513 65
3514 65
3515 65
3526 65
3527 65
3528 65
3529 65
3530 65
3531 65
3532 65
3533 65
3534 65
3535 65
3546 65
3547 65
3548 65
3549 65
3550 65
3551 65
3552 65
3553 65
3554 65
3555 65
3566 64
3567 64
3568 64
3569 64
3570 64
3571 64
3572 64
3573 64
3574 64
3575 64
3586 63
3587 63
3588 63
3589 63
3590 63
3591 63
3592 63
3593 63
3594 63
3595 63
3606 64
3607 64
3608 64
3609 64
3610 64
3611 64
3612 64
3613 64
3614 64
3615 64
3626 62
3627 62
3628 62
3629 62
3630 62
3631 62
3632 62
3633 62
3634 62
3635 62
3646 63
3647 63
3648 63
3649 63
3650 63
3651 63
3652 63
3653 63
3654 63
3655 63
3666 63
3667 63
3668 63
3669 63
3670 63
3671 63
3672 63
3673 63
3674 63
3675 63
3686 63
3687 63
3688 63
3689 63
3690 63
3691 63
3692 63
3693 63
3694 63
3695 63
3706 62
3707 62
3708 62
3709 62
3710 62
3711 62
3712 62
3713 62
3714 62
3715 62
3726 62
3727 62
3728 62
3729 62
3730 62
3731 62
3732 62
3733 62
3734 62
3735 62
3746 62
3747 62
3748 62
3749 62
3750 62
3751 62
3752 62
3753 62
3754 62
3755 62
3766 62
3767 62
3768 62
3769 62
3770 62
3771 62
3772 62
3773 62
3774 62
3775 62
3786 61
3787 61
3788 61
3789 61
3790 61
3791 61
3792 61
3793 61
3794 61
3795 61
3806 61
3807 61
3808 61
3809 61
3810 61
3811 61
3812 61
3813 61
3814 61
3815 61
3826 61
3827 61
3828 61
3829 61
3830 61
3831 61
3832 61
3833 61
3834 61
3835 61
3846 61
3847 61
3848 61
3849 61
3850 61
3851 61
3852 61
3853 61
3854 61
3855 61
3866 61
3867 61
3868 61
3869 61
3870 61
3871 61
3872 61
3873 61
3874 61
3875 61
3886 62
3887 62
3888 62
3889 62
3890 62
3891 62
3892 62
3893 62
3894 62
3895 62
3906 62
3907 62
3908 62
3909 62
3910 62
3911 62
3912 62
3913 62
3914 62
3915 62
3926 62
3927 62
3928 62
3929 62
3930 62
3931 62
3932 62
3933 62
3934 62
3935 62
3946 62
3947 62
3948 62
3949 62
3950 62
3951 62
3952 62
3953 62
3954 62
3955 62
3966 61
3967 61
3968 61
3969 61
3970 61
3971 62
3972 62
3973 62
3974 62
3975 62
3976 62
3977 62
3978 62
3979 62
3980 62
3981 62
3992 62
3993 62
3994 62
3995 62
3996 62
3997 62
3998 62
3999 62
4000 62
4001 62
4012 61
4013 61
4014 61
4015 61
4016 61
4017 61
4018 61
4019 61
4020 61
4021 61
4032 60
4033 60
4034 60
4035 61
4036 61
4037 61
4038 61
4039 61
4040 61
4041 61
4042 61
4043 61
4044 61
4045 61
4056 60
4057 60
4058 60
4059 60
4060 60
4061 60
4062 60
4063 60
4064 60
4065 60
4076 60
4077 60
4078 60
4079 60
4080 60
4081 60
4082 60
4083 60
4084 60
4085 60
4096 60
4097 60
4098 60
4099 60
4100 60
4101 60
4102 60
4103 60
4104 60
4105 60
4116 61
4117 61
4118 61
4119 61
4120 61
4121 61
4122 61
4123 61
4124 61
4125 61
4136 61
4137 61
4138 61
4139 61
4140 61
4141 61
4142 61
4143 61
4144 61
4145 61
4156 61
4157 61
4158 61
4159 61
4160 61
4161 61
4162 61
4163 61
4164 61
4165 61
4176 60
4177 60
4178 61
4179 61
4180 61
4181 61
4182 61
4183 61
4184 61
4185 61
4186 61
4187 61
4188 61
4199 61
4200 61
4201 61
4202 61
4203 61
4204 61
4205 61
4206 61
4207 61
4208 61
4219 61
4220 61
4221 61
4222 61
4223 61
4224 61
4225 61
4226 61
4227 61
4228 61
4239 61
4240 61
4241 61
4242 61
4243 61
4244 61
4245 61
4246 61
4247 61
4248 61
4259 61
4260 61
4261 61
4262 61
4263 61
4264 61
4265 61
4266 61
4267 61
4268 61
4279 61
4280 61
4281 61
4282 61
4283 61
4284 61
4285 61
4286 61
4287 61
4288 61
4299 61
4300 61
4301 61
4302 61
4303 61
4304 61
4305 61
4306 61
4307 61
4308 61
4319 60
4320 60
4321 60
4322 60
4323 60
4324 60
4325 60
4326 60
4327 60
4328 60
4339 60
4340 60
4341 60
4342 60
4343 60
4344 60
4345 60
4346 60
4347 60
4348 60
4359 60
4360 60
4361 60
4362 60
4363 60
4364 60
4365 60
4366 60
4367 60
4368 60
4379 59
4380 59
4381 59
4382 59
4383 59
4384 59
4385 59
4386 59
4387 59
4388 59
4399 61
4400 61
4401 61
4402 61
4403 61
4404 61
4405 61
4406 61
4407 61
4408 61
4419 61
4420 61
4421 61
4422 61
4423 61
4424 61
4425 61
4426 61
4427 61
4428 61
4439 60
4440 60
4441 60
4442 60
4443 60
4444 60
4445 60
4446 60
4447 60
4448 60
4459 60
4460 60
4461 60
4462 60
4463 60
4464 60
4465 60
4466 60
4467 60
4468 60
4479 60
4480 60
4481 60
4482 60
4483 60
4484 61
4485 61
4486 61
4487 61
4488 61
4489 61
4490 62
4491 62
4492 62
4493 62
4494 62
4495 62
4496 62
4497 62
4498 62
4499 62
4500 62
4511 62
4512 62
4513 62
4514 62
4515 62
4516 62
4517 62
4518 62
4519 62
4520 62
4521 62
4532 62
4533 62
4534 62
4535 62
4536 62
4537 62
4538 62
4539 62
4540 62
4541 62
4552 62
4553 62
4554 62
4555 62
4556 62
4557 62
4558 62
4559 62
4560 62
4561 62
4562 62
4573 62
4574 62
4575 62
4576 62
4577 62
4578 62
4579 62
4580 62
4581 62
4582 62
4593 61
4594 61
4595 61
4596 61
4597 61
4598 61
4599 61
4600 61
4601 61
4602 61
4613 61
4614 61
4615 61
4616 61
4617 61
4618 61
4619 61
4620 61
4621 61
4622 61
4633 62
4634 62
4635 62
4636 62
4637 62
4638 62
4639 62
4640 62
4641 62
4642 62
4653 63
4654 63
4655 63
4656 63
4657 63
4658 63
4659 63
4660 63
4661 63
4662 63
4673 63
4674 63
4675 63
4676 63
4677 63
4678 63
4679 63
4680 63
4681 63
4682 63
4693 63
4694 63
4695 63
4696 63
4697 63
4698 63
4699 63
4700 63
4701 63
4702 63
4713 63
4714 63
4715 63
4716 63
4717 63
4718 63
4719 63
4720 63
4721 63
4722 63
4733 63
4734 63
4735 63
4736 63
4737 63
4738 63
4739 63
4740 63
4741 63
4742 63
4753 62
4754 62
4755 62
4756 62
4757 62
4758 62
4759 62
4760 62
4761 62
4762 62
4773 62
4774 62
4775 62
4776 62
4777 62
4778 62
4779 62
4780 62
4781 62
4782 62
4793 62
4794 62
4795 62
4796 62
4797 62
4798 62
4799 62
4800 62
4801 62
4802 62
4813 62
4814 62
4815 62
4816 62
4817 62
4818 62
4819 62
4820 62
4821 62
4822 62
4833 61
4834 61
4835 61
4836 61
4837 61
4838 61
4839 61
4840 61
4841 62
4842 62
4843 62
4844 62
4845 62
4846 62
4847 62
4848 62
4849 62
4850 62
4851 62
4862 61
4863 61
4864 61
4865 61
4866 62
4867 62
4868 62
4869 62
4870 62
4871 62
4872 62
4873 62
4874 62
4875 63
4876 63
4877 63
4878 63
4879 63
4880 63
4881 63
4882 63
4883 63
4884 63
4885 63
4896 63
4897 64
4898 64
4899 64
4900 64
4901 64
4902 64
4903 64
4904 64
4905 64
4906 64
4907 64
4918 63
4919 63
4920 63
4921 63
4922 63
4923 63
4924 63
4925 63
4926 63
4927 63
4938 63
4939 63
4940 63
4941 63
4942 63
4943 63
4944 63
4945 63
4946 63
4947 63
4958 63
4959 63
4960 63
4961 64
4962 64
4963 64
4964 64
4965 64
4966 64
4967 64
4968 64
4969 64
4970 64
4971 64
4982 64
4983 64
4984 64
4985 64
4986 64
4987 64
4988 64
4989 64
4990 64
4991 64
