0 19
1 20
2 21
3 22
4 23
5 23
6 23
7 25
8 25
9 25
10 25
11 26
12 26
13 26
14 27
15 27
16 27
17 27
18 27
19 27
20 28
21 28
22 28
23 28
24 28
25 29
26 29
27 29
28 29
29 29
30 29
31 29
32 30
33 30
34 31
35 32
36 32
37 32
38 32
39 32
40 35
41 35
42 35
43 35
44 35
45 35
46 35
47 35
48 35
49 35
50 35
61 39
62 39
63 39
64 39
65 39
66 40
67 40
68 41
69 41
70 41
71 41
72 41
73 42
74 42
75 43
76 45
77 46
78 46
79 46
80 46
81 46
82 46
83 46
84 46
85 46
86 46
87 46
98 49
99 49
100 49
101 49
102 50
103 50
104 52
105 52
106 52
107 52
108 52
109 52
110 52
111 52
112 52
113 52
114 52
125 55
126 55
127 56
128 56
129 57
130 58
131 58
132 58
133 58
134 58
135 60
136 60
137 60
138 60
139 61
140 61
141 61
142 61
143 61
144 61
145 61
146 61
147 61
148 61
149 61
160 66
161 66
162 66
163 66
164 66
165 66
166 66
167 66
168 66
169 66
180 64
181 64
182 64
183 64
184 64
185 66
186 67
187 67
188 68
189 68
190 68
191 68
192 68
193 68
194 68
195 68
196 68
197 69
198 70
199 71
200 71
201 71
202 72
203 73
204 74
205 74
206 74
207 74
208 74
209 74
210 74
211 74
212 74
213 74
214 74
225 76
226 77
227 77
228 77
229 80
230 80
231 80
232 80
233 80
234 80
235 80
236 80
237 80
238 80
239 80
250 81
251 81
252 81
253 81
254 81
255 81
256 81
257 81
258 81
259 81
270 82
271 82
272 82
273 82
274 82
275 82
276 82
277 82
278 82
279 82
290 83
291 83
292 83
293 83
294 83
295 83
296 83
297 84
298 84
299 84
300 84
301 84
302 84
303 84
304 84
305 84
306 84
307 84
318 84
319 84
320 86
321 86
322 86
323 86
324 86
325 86
326 86
327 86
328 86
329 86
330 86
341 86
342 86
343 86
344 86
345 86
346 87
347 87
348 87
349 87
350 87
351 87
352 87
353 87
354 87
355 87
356 87
367 87
368 87
369 87
370 87
371 87
372 87
373 87
374 87
375 87
376 87
387 87
388 87
389 87
390 87
391 87
392 87
393 87
394 87
395 87
396 87
407 88
408 88
409 88
410 88
411 88
412 88
413 88
414 88
415 89
416 89
417 90
418 90
419 90
420 90
421 90
422 90
423 90
424 90
425 90
426 90
427 90
438 89
439 89
440 89
441 89
442 89
443 89
444 89
445 89
446 89
447 89
458 90
459 91
460 91
461 91
462 91
463 91
464 91
465 91
466 91
467 91
468 91
469 91
480 91
481 92
482 92
483 92
484 92
485 92
486 92
487 92
488 92
489 92
490 92
491 93
492 93
493 93
494 93
495 93
496 93
497 93
498 93
499 93
500 93
501 93
512 92
513 92
514 92
515 92
516 92
517 92
518 92
519 92
520 92
521 92
532 95
533 95
534 95
535 95
536 95
537 95
538 95
539 96
540 96
541 96
542 96
543 96
544 96
545 96
546 96
547 96
548 96
549 96
560 95
561 95
562 95
563 95
564 95
565 95
566 95
567 95
568 95
569 95
580 96
581 96
582 96
583 96
584 96
585 96
586 97
587 97
588 97
589 97
590 97
591 97
592 97
593 97
594 97
595 97
596 97
607 97
608 97
609 97
610 97
611 97
612 97
613 97
614 97
615 97
616 97
627 97
628 97
629 97
630 97
631 97
632 97
633 97
634 97
635 97
636 97
647 96
648 96
649 97
650 97
651 97
652 97
653 97
654 97
655 97
656 97
657 97
658 97
659 97
670 97
671 97
672 97
673 97
674 97
675 97
676 97
677 97
678 97
679 97
690 97
691 97
692 97
693 97
694 97
695 97
696 97
697 97
698 97
699 97
710 97
711 97
712 97
713 97
714 97
715 97
716 97
717 97
718 97
719 97
730 97
731 97
732 97
733 97
734 97
735 97
736 97
737 97
738 97
739 97
750 97
751 97
752 97
753 97
754 97
755 97
756 97
757 97
758 97
759 97
770 97
771 97
772 97
773 97
774 97
775 97
776 97
777 97
778 97
779 97
790 98
791 98
792 98
793 98
794 98
795 98
796 98
797 98
798 98
799 98
810 98
811 98
812 98
813 98
814 98
815 98
816 98
817 98
818 98
819 98
830 96
831 96
832 96
833 96
834 96
835 96
836 96
837 97
838 97
839 97
840 97
841 97
842 97
843 97
844 97
845 97
846 97
847 97
858 96
859 96
860 96
861 96
862 96
863 96
864 97
865 97
866 97
867 97
868 97
869 97
870 97
871 97
872 97
873 97
874 97
885 96
886 97
887 97
888 97
889 97
890 97
891 97
892 97
893 97
894 97
895 97
896 97
907 97
908 97
909 97
910 97
911 97
912 97
913 97
914 97
915 97
916 97
927 95
928 96
929 96
930 97
931 97
932 97
933 97
934 97
935 97
936 97
937 97
938 97
939 97
940 97
951 97
952 97
953 97
954 97
955 97
956 97
957 97
958 97
959 97
960 97
971 97
972 97
973 97
974 97
975 97
976 97
977 97
978 97
979 97
980 97
991 97
992 97
993 97
994 97
995 97
996 97
997 97
998 97
999 97
1000 97
1011 97
1012 97
1013 97
1014 97
1015 97
1016 97
1017 97
1018 97
1019 98
1020 98
1021 98
1022 98
1023 98
1024 98
1025 98
1026 98
1027 98
1028 98
1029 98
1040 97
1041 97
1042 97
1043 97
1044 97
1045 97
1046 97
1047 97
1048 97
1049 97
1060 99
1061 99
1062 99
1063 99
1064 99
1065 99
1066 99
1067 100
1068 100
1069 100
1070 100
1071 100
1072 100
1073 100
1074 100
1075 100
1076 100
1077 100
1088 100
1089 100
1090 100
1091 100
1092 100
1093 100
1094 100
1095 100
1096 100
1097 100
1108 99
1109 99
1110 99
1111 99
1112 99
1113 99
1114 100
1115 100
1116 100
1117 100
1118 100
1119 100
1120 100
1121 100
1122 100
1123 100
1124 100
1135 99
1136 99
1137 99
1138 99
1139 99
1140 99
1141 101
1142 101
1143 101
1144 101
1145 101
1146 101
1147 101
1148 101
1149 101
1150 101
1151 101
1162 100
1163 100
1164 100
1165 100
1166 101
1167 101
1168 101
1169 101
1170 101
1171 101
1172 101
1173 101
1174 101
1175 101
1176 101
1187 101
1188 101
1189 101
1190 101
1191 101
1192 101
1193 101
1194 101
1195 101
1196 101
1207 102
1208 102
1209 102
1210 102
1211 102
1212 102
1213 102
1214 102
1215 102
1216 102
1227 101
1228 101
1229 101
1230 101
1231 101
1232 101
1233 101
1234 101
1235 101
1236 101
1247 101
1248 102
1249 102
1250 102
1251 102
1252 102
1253 102
1254 102
1255 102
1256 102
1257 102
1258 102
1269 101
1270 101
1271 101
1272 101
1273 101
1274 101
1275 101
1276 101
1277 101
1278 101
1289 101
1290 101
1291 101
1292 101
1293 102
1294 102
1295 102
1296 102
1297 102
1298 102
1299 102
1300 102
1301 102
1302 102
1303 102
1314 101
1315 101
1316 102
1317 102
1318 102
1319 102
1320 102
1321 102
1322 102
1323 102
1324 102
1325 102
1326 102
1337 102
1338 102
1339 102
1340 102
1341 102
1342 102
1343 102
1344 102
1345 102
1346 102
1357 102
1358 102
1359 102
1360 103
1361 103
1362 103
1363 103
1364 103
1365 103
1366 103
1367 103
1368 103
1369 103
1370 103
1381 103
1382 103
1383 103
1384 103
1385 103
1386 103
1387 103
1388 103
1389 103
1390 103
1401 102
1402 102
1403 102
1404 102
1405 102
1406 102
1407 102
1408 102
1409 102
1410 102
1421 102
1422 102
1423 102
1424 102
1425 102
1426 102
1427 102
1428 102
1429 102
1430 102
1441 103
1442 103
1443 103
1444 103
1445 103
1446 103
1447 103
1448 103
1449 103
1450 103
1461 102
1462 102
1463 102
1464 102
1465 102
1466 102
1467 102
1468 102
1469 102
1470 102
1481 102
1482 102
1483 102
1484 102
1485 102
1486 102
1487 102
1488 102
1489 102
1490 102
1501 102
1502 102
1503 102
1504 102
1505 102
1506 102
1507 102
1508 102
1509 102
1510 102
1521 103
1522 103
1523 103
1524 103
1525 103
1526 103
1527 103
1528 103
1529 103
1530 103
1541 104
1542 104
1543 104
1544 104
1545 104
1546 104
1547 104
1548 104
1549 104
1550 104
1561 104
1562 104
1563 104
1564 104
1565 104
1566 104
1567 104
1568 104
1569 104
1570 104
1581 103
1582 103
1583 103
1584 103
1585 103
1586 103
1587 103
1588 103
1589 103
1590 103
1601 103
1602 103
1603 103
1604 103
1605 103
1606 103
1607 103
1608 103
1609 103
1610 103
1621 102
1622 102
1623 102
1624 102
1625 102
1626 102
1627 102
1628 102
1629 102
1630 102
1641 103
1642 103
1643 103
1644 103
1645 103
1646 103
1647 103
1648 103
1649 103
1650 103
1661 102
1662 102
1663 102
1664 102
1665 102
1666 102
1667 102
1668 102
1669 102
1670 102
1681 102
1682 102
1683 102
1684 102
1685 102
1686 102
1687 102
1688 102
1689 102
1690 102
1701 102
1702 102
1703 102
1704 102
1705 102
1706 102
1707 102
1708 102
1709 102
1710 102
1721 101
1722 101
1723 101
1724 101
1725 101
1726 101
1727 101
1728 101
1729 101
1730 101
1741 100
1742 100
1743 100
1744 100
1745 100
1746 100
1747 100
1748 100
1749 100
1750 100
1761 100
1762 100
1763 100
1764 100
1765 100
1766 100
1767 101
1768 101
1769 101
1770 101
1771 101
1772 101
1773 101
1774 101
1775 101
1776 101
1777 101
1788 102
1789 102
1790 102
1791 102
1792 102
1793 102
1794 102
1795 102
1796 102
1797 102
1808 101
1809 101
1810 101
1811 101
1812 101
1813 101
1814 102
1815 102
1816 102
1817 102
1818 102
1819 102
1820 102
1821 102
1822 102
1823 102
1824 102
1835 103
1836 103
1837 103
1838 103
1839 103
1840 103
1841 103
1842 103
1843 103
1844 103
1855 103
1856 103
1857 103
1858 103
1859 103
1860 103
1861 103
1862 103
1863 103
1864 103
1875 103
1876 103
1877 103
1878 103
1879 103
1880 103
1881 103
1882 103
1883 103
1884 103
1895 102
1896 102
1897 102
1898 102
1899 102
1900 102
1901 102
1902 102
1903 102
1904 103
1905 103
1906 103
1907 103
1908 103
1909 103
1910 103
1911 103
1912 103
1913 103
1914 103
1925 102
1926 102
1927 102
1928 102
1929 103
1930 103
1931 103
1932 103
1933 103
1934 103
1935 103
1936 103
1937 103
1938 103
1939 103
1950 102
1951 102
1952 102
1953 102
1954 102
1955 102
1956 102
1957 102
1958 103
1959 103
1960 103
1961 103
1962 103
1963 103
1964 103
1965 104
1966 104
1967 104
1968 104
1969 104
1970 104
1971 104
1972 104
1973 104
1974 104
1975 104
1986 104
1987 104
1988 104
1989 104
1990 104
1991 104
1992 104
1993 104
1994 104
1995 104
2006 102
2007 102
2008 102
2009 102
2010 102
2011 103
2012 103
2013 103
2014 103
2015 103
2016 103
2017 103
2018 103
2019 103
2020 103
2021 103
2032 103
2033 103
2034 103
2035 103
2036 103
2037 103
2038 103
2039 103
2040 103
2041 103
2052 103
2053 103
2054 103
2055 103
2056 103
2057 103
2058 103
2059 103
2060 103
2061 103
2072 101
2073 101
2074 101
2075 101
2076 101
2077 101
2078 101
2079 101
2080 101
2081 101
2092 100
2093 100
2094 100
2095 101
2096 101
2097 101
2098 101
2099 101
2100 101
2101 101
2102 101
2103 101
2104 101
2105 101
2116 102
2117 102
2118 102
2119 102
2120 102
2121 102
2122 102
2123 102
2124 102
2125 102
2136 101
2137 101
2138 101
2139 101
2140 102
2141 102
2142 102
2143 102
2144 102
2145 102
2146 102
2147 102
2148 102
2149 102
2150 102
2161 102
2162 102
2163 102
2164 102
2165 102
2166 102
2167 102
2168 102
2169 102
2170 102
2181 102
2182 102
2183 103
2184 103
2185 103
2186 103
2187 103
2188 103
2189 103
2190 103
2191 103
2192 103
2193 103
2204 103
2205 103
2206 103
2207 103
2208 103
2209 103
2210 103
2211 103
2212 103
2213 103
2224 102
2225 102
2226 102
2227 102
2228 102
2229 102
2230 102
2231 102
2232 102
2233 102
2244 102
2245 102
2246 102
2247 102
2248 102
2249 102
2250 102
2251 102
2252 102
2253 102
2264 103
2265 103
2266 103
2267 103
2268 103
2269 103
2270 103
2271 103
2272 103
2273 103
2284 102
2285 102
2286 102
2287 102
2288 102
2289 102
2290 102
2291 102
2292 103
2293 103
2294 103
2295 103
2296 103
2297 103
2298 103
2299 103
2300 103
2301 103
2302 103
2313 103
2314 103
2315 103
2316 103
2317 103
2318 103
2319 103
2320 103
2321 103
2322 103
2333 103
2334 103
2335 103
2336 103
2337 103
2338 103
2339 103
2340 103
2341 103
2342 103
2353 101
2354 101
2355 101
2356 101
2357 101
2358 102
2359 102
2360 102
2361 102
2362 102
2363 102
2364 102
2365 102
2366 102
2367 102
2368 102
2379 101
2380 101
2381 101
2382 101
2383 101
2384 102
2385 102
2386 102
2387 102
2388 102
2389 102
2390 102
2391 102
2392 102
2393 102
2394 102
2405 101
2406 101
2407 101
2408 101
2409 101
2410 101
2411 101
2412 101
2413 102
2414 102
2415 102
2416 102
2417 102
2418 102
2419 102
2420 102
2421 102
2422 102
2423 102
2434 103
2435 103
2436 103
2437 103
2438 103
2439 103
2440 103
2441 103
2442 103
2443 103
2454 103
2455 103
2456 103
2457 103
2458 103
2459 103
2460 103
2461 103
2462 103
2463 103
2474 103
2475 103
2476 103
2477 103
2478 103
2479 103
2480 103
2481 103
2482 103
2483 103
2494 103
2495 103
2496 103
2497 103
2498 103
2499 103
2500 103
2501 103
2502 103
2503 103
2514 102
2515 102
2516 102
2517 102
2518 102
2519 102
2520 102
2521 102
2522 102
2523 103
2524 103
2525 103
2526 103
2527 103
2528 103
2529 103
2530 103
2531 103
2532 103
2533 103
2544 103
2545 103
2546 103
2547 103
2548 103
2549 103
2550 103
2551 103
2552 103
2553 103
2564 102
2565 102
2566 102
2567 102
2568 102
2569 102
2570 102
2571 102
2572 102
2573 102
2584 100
2585 100
2586 101
2587 101
2588 101
2589 101
2590 101
2591 101
2592 101
2593 101
2594 101
2595 101
2596 102
2597 102
2598 102
2599 102
2600 102
2601 102
2602 102
2603 102
2604 102
2605 102
2606 102
2617 102
2618 102
2619 102
2620 102
2621 102
2622 102
2623 102
2624 102
2625 102
2626 102
2637 101
2638 101
2639 101
2640 102
2641 102
2642 102
2643 102
2644 102
2645 102
2646 102
2647 102
2648 102
2649 102
2650 102
2661 103
2662 103
2663 103
2664 103
2665 103
2666 103
2667 103
2668 103
2669 103
2670 103
2681 102
2682 102
2683 102
2684 102
2685 102
2686 102
2687 102
2688 102
2689 102
2690 102
2701 102
2702 102
2703 102
2704 102
2705 102
2706 102
2707 102
2708 102
2709 102
2710 102
2721 101
2722 101
2723 101
2724 101
2725 101
2726 101
2727 101
2728 101
2729 101
2730 101
2741 101
2742 101
2743 101
2744 101
2745 101
2746 101
2747 101
2748 101
2749 101
2750 101
2761 101
2762 101
2763 101
2764 101
2765 101
2766 101
2767 101
2768 101
2769 101
2770 101
2781 102
2782 102
2783 102
2784 102
2785 102
2786 102
2787 102
2788 102
2789 102
2790 102
2801 101
2802 102
2803 102
2804 102
2805 102
2806 102
2807 102
2808 102
2809 102
2810 102
2811 102
2812 102
2823 102
2824 103
2825 103
2826 103
2827 103
2828 103
2829 103
2830 103
2831 103
2832 103
2833 103
2834 103
2845 103
2846 103
2847 103
2848 103
2849 103
2850 103
2851 103
2852 103
2853 103
2854 103
2865 101
2866 101
2867 102
2868 102
2869 102
2870 102
2871 102
2872 102
2873 102
2874 102
2875 102
2876 102
2877 102
2888 101
2889 101
2890 101
2891 101
2892 101
2893 101
2894 101
2895 101
2896 101
2897 101
2908 100
2909 100
2910 101
2911 101
2912 101
2913 101
2914 101
2915 101
2916 101
2917 101
2918 101
2919 101
2920 101
2931 101
2932 101
2933 101
2934 101
2935 101
2936 101
2937 101
2938 101
2939 101
2940 101
2951 100
2952 100
2953 100
2954 100
2955 100
2956 100
2957 100
2958 100
2959 100
2960 100
2971 99
2972 99
2973 99
2974 99
2975 99
2976 100
2977 100
2978 100
2979 100
2980 100
2981 100
2982 100
2983 100
2984 100
2985 100
2986 100
2997 101
2998 101
2999 101
3000 101
3001 101
3002 101
3003 101
3004 101
3005 101
3006 101
3017 101
3018 101
3019 101
3020 101
3021 101
3022 101
3023 101
3024 101
3025 101
3026 101
3027 101
3038 102
3039 102
3040 102
3041 102
3042 102
3043 102
3044 102
3045 102
3046 102
3047 102
3058 101
3059 101
3060 101
3061 101
3062 101
3063 101
3064 101
3065 101
3066 101
3067 101
3078 102
3079 103
3080 103
3081 103
3082 103
3083 103
3084 103
3085 103
3086 103
3087 103
3088 103
3089 103
3100 103
3101 103
3102 103
3103 103
3104 103
3105 103
3106 103
3107 103
3108 103
3109 103
3120 103
3121 103
3122 103
3123 103
3124 103
3125 103
3126 103
3127 103
3128 103
3129 103
3130 103
3141 104
3142 104
3143 104
3144 104
3145 104
3146 104
3147 104
3148 104
3149 104
3150 104
3161 104
3162 104
3163 105
3164 105
3165 105
3166 105
3167 105
3168 105
3169 105
3170 105
3171 105
3172 105
3173 105
3184 106
3185 106
3186 106
3187 106
3188 106
3189 106
3190 106
3191 106
3192 106
3193 106
3204 105
3205 105
3206 105
3207 105
3208 105
3209 105
3210 105
3211 105
3212 105
3213 105
3224 106
3225 106
3226 106
3227 107
3228 107
3229 107
3230 107
3231 107
3232 107
3233 107
3234 107
3235 107
3236 107
3237 107
3248 106
3249 106
3250 106
3251 106
3252 106
3253 106
3254 106
3255 106
3256 106
3257 106
3268 106
3269 106
3270 106
3271 107
3272 107
3273 107
3274 107
3275 107
3276 107
3277 107
3278 107
3279 107
3280 107
3281 107
3292 107
3293 107
3294 107
3295 107
3296 107
3297 107
3298 107
3299 107
3300 107
3301 107
3312 108
3313 108
3314 108
3315 108
3316 108
3317 108
3318 108
3319 108
3320 108
3321 108
3332 108
3333 108
3334 108
3335 108
3336 108
3337 108
3338 108
3339 108
3340 108
3341 108
3352 108
3353 108
3354 108
3355 108
3356 108
3357 108
3358 108
3359 108
3360 108
3361 108
3372 106
3373 107
3374 107
3375 107
3376 107
3377 107
3378 107
3379 107
3380 107
3381 107
3382 107
3383 107
3394 107
3395 107
3396 107
3397 107
3398 107
3399 107
3400 107
3401 107
3402 107
3403 107
3414 106
3415 106
3416 106
3417 106
3418 106
3419 106
3420 106
3421 107
3422 107
3423 107
3424 107
3425 107
3426 107
3427 108
3428 108
3429 108
3430 108
3431 108
3432 108
3433 108
3434 108
3435 108
3436 108
3437 108
3448 107
3449 107
3450 107
3451 107
3452 107
3453 107
3454 107
3455 107
3456 108
3457 108
3458 108
3459 108
3460 108
3461 108
3462 108
3463 108
3464 108
3465 108
3466 108
3477 108
3478 108
3479 108
3480 108
3481 108
3482 108
3483 108
3484 108
3485 108
3486 108
3497 109
3498 109
3499 109
3500 109
3501 109
3502 109
3503 109
3504 109
3505 109
3506 109
3517 110
3518 110
3519 110
3520 110
3521 110
3522 110
3523 110
3524 110
3525 110
3526 110
3537 110
3538 110
3539 110
3540 110
3541 110
3542 110
3543 110
3544 110
3545 110
3546 110
3557 110
3558 110
3559 110
3560 110
3561 110
3562 110
3563 110
3564 110
3565 110
3566 110
3577 110
3578 110
3579 110
3580 110
3581 110
3582 110
3583 110
3584 110
3585 110
3586 110
3587 110
3598 110
3599 110
3600 110
3601 110
3602 110
3603 110
3604 110
3605 110
3606 110
3607 110
3618 109
3619 109
3620 109
3621 110
3622 110
3623 110
3624 110
3625 110
3626 110
3627 110
3628 110
3629 110
3630 110
3631 110
3642 110
3643 110
3644 110
3645 110
3646 110
3647 110
3648 110
3649 110
3650 110
3651 110
3662 110
3663 110
3664 110
3665 110
3666 110
3667 110
3668 110
3669 110
3670 110
3671 110
3682 109
3683 109
3684 109
3685 109
3686 109
3687 109
3688 109
3689 109
3690 109
3691 109
3702 107
3703 107
3704 107
3705 107
3706 107
3707 107
3708 107
3709 107
3710 107
3711 107
3722 109
3723 109
3724 109
3725 109
3726 109
3727 109
3728 109
3729 109
3730 109
3731 109
3742 109
3743 109
3744 109
3745 109
3746 109
3747 109
3748 109
3749 109
3750 109
3751 109
3762 108
3763 108
3764 108
3765 108
3766 108
3767 108
3768 108
3769 108
3770 109
3771 109
3772 109
3773 109
3774 109
3775 109
3776 109
3777 109
3778 109
3779 109
3780 109
3791 109
3792 109
3793 109
3794 109
3795 109
3796 109
3797 109
3798 109
3799 109
3800 109
3811 109
3812 109
3813 109
3814 109
3815 109
3816 109
3817 109
3818 109
3819 109
3820 109
3831 109
3832 109
3833 109
3834 109
3835 109
3836 109
3837 109
3838 109
3839 109
3840 109
3851 109
3852 109
3853 109
3854 109
3855 109
3856 109
3857 109
3858 109
3859 109
3860 109
3871 109
3872 109
3873 109
3874 109
3875 109
3876 109
3877 109
3878 109
3879 109
3880 109
3891 108
3892 108
3893 108
3894 108
3895 109
3896 109
3897 109
3898 109
3899 109
3900 109
3901 109
3902 109
3903 109
3904 109
3905 109
3916 109
3917 109
3918 109
3919 109
3920 109
3921 109
3922 109
3923 109
3924 109
3925 109
3936 109
3937 109
3938 109
3939 109
3940 109
3941 109
3942 109
3943 109
3944 109
3945 109
3956 108
3957 108
3958 108
3959 108
3960 108
3961 108
3962 108
3963 108
3964 108
3965 108
3976 108
3977 108
3978 108
3979 108
3980 108
3981 108
3982 108
3983 108
3984 108
3985 108
3996 108
3997 108
3998 108
3999 108
4000 108
4001 108
4002 108
4003 108
4004 108
4005 108
4016 108
4017 108
4018 108
4019 108
4020 108
4021 108
4022 108
4023 108
4024 108
4025 108
4036 108
4037 108
4038 108
4039 108
4040 108
4041 108
4042 108
4043 108
4044 108
4045 108
4056 108
4057 108
4058 108
4059 108
4060 108
4061 108
4062 108
4063 108
4064 108
4065 108
4076 108
4077 108
4078 108
4079 108
4080 108
4081 108
4082 108
4083 108
4084 108
4085 108
4096 107
4097 107
4098 107
4099 107
4100 107
4101 107
4102 107
4103 107
4104 107
4105 107
4116 108
4117 108
4118 108
4119 108
4120 108
4121 108
4122 108
4123 108
4124 108
4125 108
4136 108
4137 108
4138 108
4139 108
4140 108
4141 108
4142 108
4143 108
4144 108
4145 108
4156 107
4157 107
4158 107
4159 107
4160 107
4161 108
4162 108
4163 108
4164 108
4165 108
4166 108
4167 108
4168 108
4169 108
4170 108
4171 108
4182 107
4183 107
4184 107
4185 107
4186 107
4187 107
4188 107
4189 107
4190 108
4191 108
4192 108
4193 108
4194 108
4195 108
4196 108
4197 108
4198 108
4199 108
4200 108
4211 108
4212 108
4213 108
4214 109
4215 109
4216 109
4217 109
4218 109
4219 109
4220 109
4221 109
4222 109
4223 109
4224 109
4235 109
4236 109
4237 109
4238 109
4239 109
4240 109
4241 109
4242 109
4243 109
4244 109
4255 109
4256 109
4257 109
4258 109
4259 109
4260 109
4261 109
4262 109
4263 109
4264 109
4275 109
4276 109
4277 109
4278 109
4279 109
4280 109
4281 109
4282 109
4283 109
4284 109
4295 108
4296 108
4297 108
4298 108
4299 108
4300 110
4301 110
4302 110
4303 110
4304 110
4305 110
4306 110
4307 110
4308 110
4309 110
4310 110
4321 110
4322 110
4323 110
4324 110
4325 110
4326 110
4327 110
4328 110
4329 110
4330 110
4341 110
4342 110
4343 110
4344 110
4345 110
4346 110
4347 110
4348 110
4349 110
4350 110
4361 109
4362 109
4363 111
4364 111
4365 111
4366 111
4367 111
4368 111
4369 111
4370 111
4371 111
4372 111
4373 111
4384 110
4385 110
4386 111
4387 111
4388 111
4389 111
4390 111
4391 111
4392 111
4393 111
4394 111
4395 111
4396 111
4407 110
4408 110
4409 110
4410 110
4411 111
4412 111
4413 111
4414 111
4415 111
4416 111
4417 111
4418 111
4419 111
4420 111
4421 111
4432 110
4433 110
4434 110
4435 110
4436 110
4437 110
4438 110
4439 110
4440 110
4441 110
4452 110
4453 110
4454 110
4455 110
4456 110
4457 110
4458 110
4459 110
4460 110
4461 110
4472 110
4473 110
4474 110
4475 110
4476 110
4477 110
4478 110
4479 110
4480 110
4481 110
4492 111
4493 111
4494 111
4495 111
4496 111
4497 111
4498 111
4499 111
4500 111
4501 111
4512 110
4513 110
4514 110
4515 110
4516 110
4517 110
4518 110
4519 110
4520 110
4521 110
4532 110
4533 110
4534 110
4535 110
4536 110
4537 110
4538 110
4539 110
4540 110
4541 110
4552 110
4553 110
4554 110
4555 110
4556 110
4557 110
4558 110
4559 110
4560 110
4561 110
4572 110
4573 110
4574 110
4575 110
4576 110
4577 110
4578 110
4579 110
4580 110
4581 110
4592 109
4593 109
4594 109
4595 109
4596 109
4597 110
4598 110
4599 110
4600 110
4601 110
4602 110
4603 110
4604 110
4605 110
4606 110
4607 110
4618 109
4619 109
4620 110
4621 110
4622 110
4623 110
4624 110
4625 110
4626 110
4627 110
4628 110
4629 110
4630 110
4641 109
4642 109
4643 109
4644 109
4645 109
4646 109
4647 109
4648 109
4649 109
4650 109
4661 109
4662 109
4663 109
4664 109
4665 109
4666 109
4667 109
4668 109
4669 109
4670 109
4681 109
4682 109
4683 109
4684 109
4685 109
4686 109
4687 109
4688 109
4689 109
4690 109
4701 110
4702 110
4703 110
4704 110
4705 110
4706 110
4707 110
4708 110
4709 110
4710 110
4721 109
4722 109
4723 109
4724 109
4725 109
4726 109
4727 109
4728 109
4729 109
4730 109
4741 109
4742 109
4743 109
4744 109
4745 109
4746 109
4747 109
4748 109
4749 109
4750 109
4761 107
4762 107
4763 108
4764 108
4765 108
4766 108
4767 108
4768 108
4769 108
4770 108
4771 108
4772 108
4773 108
4784 108
4785 108
4786 108
4787 108
4788 108
4789 108
4790 108
4791 108
4792 108
4793 108
4804 106
4805 106
4806 106
4807 106
4808 106
4809 106
4810 106
4811 106
4812 106
4813 106
4824 107
4825 107
4826 107
4827 107
4828 107
4829 107
4830 107
4831 107
4832 107
4833 107
4844 107
4845 107
4846 107
4847 107
4848 107
4849 107
4850 107
4851 107
4852 107
4853 107
4864 106
4865 106
4866 106
4867 106
4868 106
4869 106
4870 106
4871 106
4872 106
4873 106
4884 106
4885 106
4886 106
4887 106
4888 106
4889 106
4890 106
4891 106
4892 106
4893 106
4904 104
4905 104
4906 104
4907 104
4908 104
4909 104
4910 104
4911 104
4912 104
4913 104
4924 104
4925 104
4926 104
4927 104
4928 104
4929 104
4930 104
4931 104
4932 104
4933 104
4934 104
4945 104
4946 104
4947 104
4948 104
4949 104
4950 104
4951 104
4952 104
4953 104
4954 104
4965 104
4966 104
4967 104
4968 104
4969 104
4970 104
4971 104
4972 104
4973 104
4974 104
4985 104
4986 104
4987 104
4988 104
4989 104
4990 104
4991 104
4992 104
4993 104
4994 104
4995 104
