0 24
1 26
2 27
3 28
4 28
5 28
6 28
7 28
8 28
9 28
10 28
11 28
12 29
13 29
14 29
15 29
16 29
17 30
18 31
19 31
20 31
21 33
22 34
23 35
24 37
25 37
26 38
27 39
28 39
29 39
30 40
31 40
32 40
33 40
34 40
35 40
36 40
37 40
38 40
39 40
40 40
51 41
52 41
53 41
54 41
55 41
56 41
57 41
58 41
59 42
60 42
61 42
62 42
63 43
64 43
65 44
66 44
67 44
68 44
69 44
70 44
71 45
72 45
73 45
74 45
75 45
76 45
77 46
78 46
79 46
80 46
81 46
82 47
83 47
84 47
85 47
86 47
87 47
88 47
89 47
90 47
91 47
92 47
103 50
104 50
105 50
106 50
107 50
108 50
109 50
110 50
111 51
112 51
113 51
114 51
115 51
116 51
117 51
118 51
119 51
120 51
121 51
132 51
133 51
134 51
135 51
136 51
137 51
138 51
139 52
140 52
141 52
142 52
143 52
144 52
145 52
146 52
147 52
148 52
149 52
160 53
161 53
162 54
163 55
164 55
165 55
166 55
167 56
168 58
169 58
170 58
171 58
172 59
173 59
174 59
175 60
176 60
177 60
178 61
179 61
180 61
181 61
182 61
183 61
184 62
185 62
186 63
187 63
188 63
189 63
190 63
191 63
192 63
193 63
194 63
195 63
196 64
197 64
198 64
199 64
200 64
201 64
202 64
203 64
204 64
205 64
206 64
217 65
218 65
219 65
220 65
221 65
222 65
223 65
224 65
225 65
226 65
237 65
238 65
239 65
240 65
241 65
242 65
243 65
244 65
245 65
246 65
257 67
258 68
259 68
260 68
261 69
262 69
263 69
264 69
265 69
266 69
267 69
268 69
269 69
270 69
271 69
282 71
283 73
284 73
285 73
286 73
287 73
288 73
289 73
290 73
291 73
292 73
293 74
294 74
295 75
296 75
297 75
298 76
299 77
300 77
301 77
302 77
303 77
304 77
305 77
306 77
307 77
308 77
309 77
320 78
321 78
322 78
323 78
324 78
325 78
326 78
327 78
328 78
329 78
340 79
341 79
342 79
343 79
344 80
345 80
346 80
347 80
348 80
349 80
350 80
351 80
352 80
353 80
354 80
365 82
366 82
367 82
368 82
369 82
370 82
371 82
372 82
373 82
374 82
385 82
386 82
387 82
388 82
389 82
390 82
391 82
392 82
393 82
394 82
405 84
406 84
407 84
408 84
409 84
410 84
411 84
412 84
413 84
414 84
415 84
426 83
427 83
428 83
429 83
430 83
431 83
432 83
433 83
434 83
435 83
446 82
447 82
448 82
449 82
450 82
451 82
452 82
453 82
454 82
455 83
456 85
457 85
458 85
459 85
460 85
461 85
462 85
463 85
464 85
465 85
466 85
477 86
478 87
479 87
480 87
481 87
482 87
483 88
484 88
485 88
486 88
487 88
488 88
489 88
490 88
491 88
492 88
493 88
504 88
505 88
506 88
507 88
508 88
509 88
510 88
511 88
512 88
513 88
524 87
525 87
526 87
527 87
528 87
529 87
530 87
531 87
532 88
533 88
534 88
535 88
536 88
537 88
538 88
539 88
540 88
541 88
542 88
553 88
554 88
555 88
556 88
557 88
558 88
559 88
560 88
561 88
562 88
573 88
574 88
575 88
576 88
577 88
578 88
579 88
580 88
581 88
582 88
593 87
594 87
595 87
596 87
597 87
598 87
599 87
600 87
601 87
602 87
613 88
614 89
615 89
616 90
617 90
618 90
619 90
620 90
621 90
622 90
623 90
624 90
625 90
626 90
637 89
638 89
639 89
640 89
641 89
642 89
643 89
644 89
645 89
646 89
657 92
658 92
659 92
660 92
661 92
662 92
663 92
664 92
665 92
666 92
667 92
678 91
679 91
680 91
681 91
682 91
683 91
684 91
685 91
686 91
687 91
698 91
699 91
700 93
701 93
702 93
703 93
704 93
705 93
706 93
707 94
708 94
709 94
710 94
711 94
712 94
713 94
714 94
715 94
716 94
717 94
728 93
729 93
730 93
731 93
732 93
733 93
734 93
735 93
736 93
737 93
748 93
749 93
750 93
751 93
752 93
753 93
754 93
755 93
756 93
757 93
768 92
769 92
770 92
771 92
772 92
773 93
774 93
775 93
776 94
777 94
778 94
779 94
780 94
781 94
782 94
783 94
784 94
785 94
786 94
797 93
798 93
799 93
800 93
801 93
802 93
803 93
804 93
805 93
806 93
817 93
818 93
819 93
820 94
821 94
822 94
823 94
824 94
825 94
826 94
827 94
828 94
829 94
830 94
841 94
842 94
843 94
844 94
845 94
846 94
847 94
848 95
849 95
850 95
851 95
852 95
853 95
854 95
855 95
856 95
857 95
858 95
869 95
870 95
871 95
872 95
873 95
874 95
875 95
876 95
877 95
878 95
889 94
890 94
891 94
892 94
893 94
894 95
895 95
896 95
897 95
898 95
899 95
900 95
901 95
902 95
903 95
904 95
915 95
916 95
917 95
918 95
919 95
920 95
921 95
922 95
923 95
924 95
935 95
936 95
937 95
938 95
939 95
940 95
941 95
942 95
943 95
944 95
955 94
956 94
957 94
958 94
959 94
960 94
961 94
962 94
963 94
964 94
975 93
976 93
977 93
978 93
979 93
980 93
981 94
982 94
983 94
984 94
985 94
986 94
987 94
988 94
989 95
990 95
991 95
992 95
993 95
994 95
995 95
996 95
997 95
998 95
999 95
1010 95
1011 95
1012 95
1013 96
1014 96
1015 96
1016 96
1017 96
1018 96
1019 96
1020 96
1021 96
1022 96
1023 96
1034 96
1035 96
1036 96
1037 96
1038 96
1039 96
1040 96
1041 96
1042 96
1043 96
1054 94
1055 94
1056 94
1057 94
1058 94
1059 94
1060 94
1061 94
1062 94
1063 94
1074 94
1075 94
1076 94
1077 94
1078 94
1079 94
1080 94
1081 94
1082 94
1083 94
1094 94
1095 94
1096 94
1097 94
1098 94
1099 94
1100 94
1101 94
1102 94
1103 94
1104 94
1115 93
1116 93
1117 93
1118 93
1119 93
1120 93
1121 93
1122 93
1123 94
1124 94
1125 94
1126 94
1127 94
1128 94
1129 94
1130 94
1131 94
1132 94
1133 94
1144 92
1145 92
1146 92
1147 92
1148 92
1149 92
1150 92
1151 92
1152 92
1153 92
1164 92
1165 92
1166 92
1167 92
1168 92
1169 92
1170 92
1171 92
1172 92
1173 92
1184 94
1185 94
1186 94
1187 94
1188 94
1189 94
1190 94
1191 94
1192 94
1193 94
1204 93
1205 93
1206 93
1207 93
1208 93
1209 93
1210 93
1211 93
1212 93
1213 93
1224 93
1225 93
1226 93
1227 93
1228 93
1229 93
1230 93
1231 93
1232 93
1233 93
1244 91
1245 91
1246 91
1247 92
1248 92
1249 92
1250 92
1251 92
1252 92
1253 92
1254 93
1255 93
1256 93
1257 93
1258 93
1259 93
1260 93
1261 93
1262 93
1263 93
1264 93
1275 93
1276 93
1277 93
1278 93
1279 93
1280 93
1281 93
1282 93
1283 93
1284 93
1295 91
1296 91
1297 91
1298 91
1299 91
1300 91
1301 91
1302 91
1303 91
1304 91
1315 90
1316 90
1317 90
1318 90
1319 90
1320 90
1321 90
1322 90
1323 90
1324 90
1335 90
1336 90
1337 90
1338 91
1339 91
1340 91
1341 91
1342 91
1343 91
1344 91
1345 91
1346 91
1347 91
1348 91
1359 90
1360 90
1361 90
1362 91
1363 91
1364 91
1365 91
1366 91
1367 91
1368 91
1369 91
1370 91
1371 91
1372 91
1383 91
1384 91
1385 91
1386 91
1387 91
1388 91
1389 91
1390 91
1391 92
1392 92
1393 92
1394 92
1395 92
1396 92
1397 92
1398 92
1399 92
1400 92
1401 92
1412 92
1413 92
1414 92
1415 92
1416 92
1417 92
1418 92
1419 92
1420 92
1421 92
1432 92
1433 92
1434 92
1435 92
1436 92
1437 92
1438 92
1439 92
1440 92
1441 92
1452 91
1453 91
1454 91
1455 91
1456 91
1457 91
1458 91
1459 91
1460 91
1461 91
1472 91
1473 91
1474 91
1475 91
1476 91
1477 91
1478 91
1479 91
1480 91
1481 92
1482 93
1483 93
1484 93
1485 93
1486 93
1487 93
1488 93
1489 93
1490 93
1491 93
1492 93
1503 93
1504 93
1505 93
1506 93
1507 93
1508 93
1509 93
1510 93
1511 93
1512 93
1523 94
1524 94
1525 94
1526 94
1527 94
1528 94
1529 94
1530 94
1531 94
1532 94
1543 94
1544 94
1545 94
1546 94
1547 94
1548 94
1549 94
1550 94
1551 94
1552 94
1553 94
1564 94
1565 94
1566 94
1567 94
1568 95
1569 95
1570 95
1571 95
1572 95
1573 95
1574 95
1575 95
1576 95
1577 95
1578 95
1589 95
1590 95
1591 95
1592 95
1593 95
1594 95
1595 95
1596 95
1597 95
1598 95
1609 95
1610 95
1611 95
1612 95
1613 95
1614 95
1615 95
1616 95
1617 95
1618 95
1629 95
1630 95
1631 95
1632 95
1633 95
1634 95
1635 95
1636 95
1637 95
1638 95
1649 95
1650 95
1651 95
1652 95
1653 95
1654 95
1655 95
1656 95
1657 95
1658 95
1669 94
1670 94
1671 94
1672 94
1673 94
1674 94
1675 94
1676 94
1677 94
1678 94
1689 95
1690 95
1691 95
1692 95
1693 95
1694 95
1695 95
1696 95
1697 95
1698 95
1699 95
1710 94
1711 94
1712 94
1713 94
1714 94
1715 94
1716 94
1717 94
1718 94
1719 94
1730 95
1731 95
1732 95
1733 95
1734 95
1735 95
1736 95
1737 95
1738 96
1739 96
1740 96
1741 96
1742 96
1743 96
1744 96
1745 96
1746 96
1747 96
1748 96
1759 95
1760 95
1761 95
1762 95
1763 95
1764 96
1765 96
1766 96
1767 96
1768 96
1769 96
1770 96
1771 96
1772 96
1773 96
1774 96
1785 95
1786 95
1787 95
1788 95
1789 95
1790 95
1791 95
1792 95
1793 95
1794 95
1805 96
1806 96
1807 96
1808 96
1809 96
1810 96
1811 96
1812 96
1813 96
1814 96
1825 95
1826 95
1827 95
1828 95
1829 95
1830 95
1831 95
1832 96
1833 96
1834 96
1835 96
1836 96
1837 96
1838 96
1839 96
1840 96
1841 96
1842 96
1853 96
1854 96
1855 96
1856 96
1857 96
1858 96
1859 96
1860 96
1861 96
1862 96
1873 95
1874 95
1875 95
1876 95
1877 95
1878 95
1879 96
1880 96
1881 96
1882 97
1883 97
1884 97
1885 97
1886 97
1887 97
1888 97
1889 97
1890 97
1891 97
1892 97
1903 97
1904 97
1905 97
1906 97
1907 97
1908 97
1909 97
1910 97
1911 97
1912 97
1923 96
1924 96
1925 96
1926 96
1927 97
1928 97
1929 97
1930 97
1931 97
1932 97
1933 97
1934 97
1935 97
1936 97
1937 97
1948 98
1949 98
1950 98
1951 98
1952 98
1953 98
1954 98
1955 98
1956 98
1957 98
1968 97
1969 97
1970 97
1971 97
1972 97
1973 97
1974 97
1975 98
1976 98
1977 98
1978 98
1979 98
1980 98
1981 98
1982 98
1983 98
1984 98
1985 98
1996 97
1997 97
1998 97
1999 97
2000 97
2001 97
2002 97
2003 97
2004 97
2005 98
2006 98
2007 98
2008 98
2009 98
2010 98
2011 98
2012 98
2013 98
2014 98
2015 98
2026 98
2027 98
2028 99
2029 99
2030 99
2031 99
2032 99
2033 99
2034 99
2035 99
2036 99
2037 99
2038 99
2049 99
2050 99
2051 99
2052 99
2053 100
2054 100
2055 100
2056 100
2057 100
2058 100
2059 100
2060 100
2061 100
2062 100
2063 100
2074 100
2075 100
2076 100
2077 100
2078 100
2079 100
2080 100
2081 100
2082 100
2083 100
2094 99
2095 99
2096 100
2097 100
2098 100
2099 100
2100 100
2101 100
2102 100
2103 100
2104 100
2105 100
2106 100
2117 98
2118 98
2119 98
2120 98
2121 98
2122 99
2123 99
2124 99
2125 99
2126 99
2127 99
2128 99
2129 100
2130 100
2131 100
2132 100
2133 100
2134 100
2135 100
2136 100
2137 100
2138 100
2139 100
2150 100
2151 100
2152 100
2153 100
2154 100
2155 100
2156 100
2157 100
2158 100
2159 100
2170 99
2171 100
2172 100
2173 100
2174 100
2175 100
2176 100
2177 100
2178 100
2179 100
2180 100
2181 100
2192 101
2193 101
2194 101
2195 101
2196 101
2197 101
2198 101
2199 101
2200 101
2201 101
2212 101
2213 102
2214 102
2215 102
2216 102
2217 102
2218 102
2219 102
2220 102
2221 102
2222 102
2223 102
2234 102
2235 102
2236 102
2237 102
2238 102
2239 102
2240 102
2241 102
2242 102
2243 102
2254 102
2255 102
2256 102
2257 102
2258 102
2259 102
2260 102
2261 102
2262 102
2263 102
2274 102
2275 102
2276 102
2277 102
2278 102
2279 102
2280 102
2281 102
2282 102
2283 102
2294 101
2295 101
2296 102
2297 102
2298 102
2299 102
2300 102
2301 102
2302 102
2303 102
2304 102
2305 102
2306 102
2317 103
2318 103
2319 103
2320 103
2321 103
2322 103
2323 103
2324 103
2325 103
2326 103
2327 103
2338 102
2339 102
2340 102
2341 102
2342 102
2343 102
2344 102
2345 102
2346 102
2347 102
2358 102
2359 102
2360 102
2361 102
2362 102
2363 102
2364 102
2365 102
2366 102
2367 102
2378 103
2379 103
2380 103
2381 103
2382 103
2383 103
2384 103
2385 103
2386 103
2387 103
2398 102
2399 102
2400 102
2401 102
2402 103
2403 103
2404 103
2405 103
2406 103
2407 103
2408 103
2409 103
2410 103
2411 103
2412 103
2423 103
2424 103
2425 103
2426 103
2427 103
2428 103
2429 103
2430 103
2431 103
2432 103
2443 102
2444 102
2445 102
2446 102
2447 102
2448 102
2449 102
2450 102
2451 102
2452 102
2463 103
2464 103
2465 103
2466 103
2467 103
2468 103
2469 103
2470 103
2471 103
2472 103
2483 102
2484 102
2485 102
2486 102
2487 103
2488 103
2489 103
2490 103
2491 103
2492 103
2493 103
2494 103
2495 103
2496 103
2497 103
2508 102
2509 102
2510 102
2511 102
2512 102
2513 102
2514 102
2515 102
2516 102
2517 102
2528 103
2529 103
2530 103
2531 103
2532 103
2533 103
2534 103
2535 103
2536 103
2537 103
2548 102
2549 102
2550 102
2551 102
2552 102
2553 103
2554 103
2555 103
2556 103
2557 103
2558 103
2559 103
2560 103
2561 103
2562 103
2563 103
2574 103
2575 103
2576 103
2577 103
2578 103
2579 103
2580 103
2581 103
2582 104
2583 104
2584 104
2585 104
2586 104
2587 104
2588 104
2589 104
2590 104
2591 104
2592 104
2603 104
2604 104
2605 104
2606 104
2607 104
2608 104
2609 104
2610 104
2611 104
2612 104
2623 103
2624 103
2625 103
2626 103
2627 103
2628 103
2629 103
2630 103
2631 103
2632 103
2643 102
2644 102
2645 103
2646 103
2647 103
2648 103
2649 104
2650 104
2651 104
2652 104
2653 104
2654 104
2655 104
2656 104
2657 104
2658 104
2659 104
2670 104
2671 104
2672 104
2673 104
2674 104
2675 104
2676 104
2677 104
2678 104
2679 104
2690 104
2691 104
2692 104
2693 104
2694 104
2695 104
2696 104
2697 104
2698 104
2699 104
2710 102
2711 102
2712 102
2713 103
2714 103
2715 104
2716 104
2717 104
2718 104
2719 104
2720 104
2721 104
2722 104
2723 104
2724 104
2725 104
2736 104
2737 104
2738 104
2739 104
2740 104
2741 104
2742 104
2743 104
2744 104
2745 104
2756 103
2757 103
2758 103
2759 103
2760 103
2761 103
2762 103
2763 103
2764 103
2765 103
2776 104
2777 104
2778 104
2779 104
2780 104
2781 104
2782 104
2783 104
2784 104
2785 104
2796 104
2797 104
2798 104
2799 104
2800 104
2801 104
2802 104
2803 104
2804 104
2805 104
2816 102
2817 102
2818 103
2819 103
2820 103
2821 103
2822 103
2823 104
2824 104
2825 104
2826 104
2827 104
2828 104
2829 104
2830 104
2831 104
2832 104
2833 104
2844 104
2845 104
2846 104
2847 104
2848 104
2849 104
2850 104
2851 104
2852 104
2853 104
2864 104
2865 104
2866 104
2867 104
2868 104
2869 104
2870 104
2871 104
2872 104
2873 104
2884 104
2885 104
2886 104
2887 104
2888 104
2889 104
2890 104
2891 104
2892 104
2893 104
2904 104
2905 104
2906 104
2907 104
2908 104
2909 104
2910 104
2911 104
2912 104
2913 104
2924 104
2925 104
2926 104
2927 104
2928 104
2929 104
2930 104
2931 104
2932 104
2933 104
2944 104
2945 104
2946 104
2947 104
2948 104
2949 104
2950 104
2951 104
2952 104
2953 104
2964 104
2965 104
2966 104
2967 104
2968 104
2969 104
2970 104
2971 105
2972 105
2973 105
2974 105
2975 105
2976 105
2977 105
2978 105
2979 105
2980 105
2981 105
2992 104
2993 104
2994 104
2995 104
2996 104
2997 104
2998 104
2999 104
3000 105
3001 105
3002 105
3003 105
3004 105
3005 105
3006 105
3007 105
3008 105
3009 105
3010 105
3021 105
3022 105
3023 105
3024 105
3025 105
3026 105
3027 105
3028 105
3029 105
3030 105
3041 104
3042 104
3043 104
3044 105
3045 105
3046 105
3047 105
3048 105
3049 105
3050 105
3051 105
3052 105
3053 105
3054 105
3065 105
3066 105
3067 105
3068 105
3069 105
3070 105
3071 105
3072 105
3073 105
3074 105
3085 104
3086 104
3087 104
3088 104
3089 104
3090 104
3091 104
3092 104
3093 104
3094 104
3105 104
3106 104
3107 104
3108 104
3109 104
3110 104
3111 104
3112 104
3113 104
3114 104
3125 104
3126 104
3127 104
3128 104
3129 104
3130 104
3131 104
3132 104
3133 104
3134 104
3145 102
3146 103
3147 103
3148 103
3149 103
3150 103
3151 103
3152 103
3153 103
3154 103
3155 103
3156 103
3167 102
3168 102
3169 102
3170 102
3171 102
3172 102
3173 102
3174 102
3175 102
3176 102
3187 102
3188 102
3189 102
3190 102
3191 102
3192 102
3193 102
3194 102
3195 102
3196 102
3207 102
3208 102
3209 102
3210 102
3211 102
3212 102
3213 102
3214 102
3215 102
3216 102
3227 102
3228 102
3229 102
3230 103
3231 103
3232 103
3233 103
3234 103
3235 103
3236 103
3237 103
3238 103
3239 103
3240 103
3251 102
3252 102
3253 102
3254 102
3255 102
3256 102
3257 102
3258 102
3259 102
3260 102
3271 103
3272 103
3273 103
3274 103
3275 103
3276 103
3277 103
3278 103
3279 103
3280 103
3291 101
3292 101
3293 101
3294 101
3295 101
3296 101
3297 101
3298 101
3299 101
3300 101
3311 101
3312 101
3313 101
3314 101
3315 101
3316 101
3317 101
3318 101
3319 101
3320 101
3331 101
3332 102
3333 102
3334 102
3335 102
3336 102
3337 102
3338 102
3339 102
3340 102
3341 102
3342 102
3353 102
3354 102
3355 102
3356 102
3357 102
3358 102
3359 102
3360 102
3361 102
3362 102
3373 102
3374 102
3375 102
3376 102
3377 102
3378 102
3379 102
3380 102
3381 102
3382 102
3393 102
3394 102
3395 102
3396 102
3397 102
3398 102
3399 102
3400 102
3401 102
3402 102
3413 102
3414 103
3415 103
3416 103
3417 103
3418 103
3419 103
3420 103
3421 103
3422 103
3423 103
3424 103
3435 103
3436 103
3437 103
3438 103
3439 103
3440 103
3441 103
3442 103
3443 103
3444 103
3445 103
3456 103
3457 103
3458 103
3459 103
3460 103
3461 103
3462 103
3463 103
3464 103
3465 103
3476 102
3477 102
3478 102
3479 102
3480 102
3481 102
3482 102
3483 102
3484 102
3485 102
3496 103
3497 103
3498 103
3499 103
3500 103
3501 103
3502 103
3503 103
3504 103
3505 103
3516 103
3517 103
3518 103
3519 103
3520 103
3521 103
3522 103
3523 103
3524 103
3525 103
3536 103
3537 103
3538 103
3539 103
3540 103
3541 103
3542 103
3543 103
3544 103
3545 103
3556 102
3557 102
3558 102
3559 102
3560 102
3561 102
3562 102
3563 102
3564 102
3565 102
3576 101
3577 101
3578 101
3579 101
3580 101
3581 101
3582 101
3583 101
3584 101
3585 101
3596 100
3597 100
3598 100
3599 100
3600 100
3601 100
3602 100
3603 100
3604 100
3605 100
3616 100
3617 100
3618 100
3619 100
3620 100
3621 100
3622 100
3623 100
3624 100
3625 100
3636 99
3637 99
3638 99
3639 99
3640 99
3641 100
3642 100
3643 100
3644 100
3645 100
3646 100
3647 100
3648 100
3649 101
3650 101
3651 101
3652 101
3653 101
3654 101
3655 101
3656 101
3657 101
3658 101
3659 101
3670 101
3671 101
3672 101
3673 101
3674 101
3675 101
3676 101
3677 101
3678 101
3679 101
3690 101
3691 101
3692 101
3693 101
3694 101
3695 101
3696 101
3697 101
3698 101
3699 101
3710 99
3711 99
3712 99
3713 99
3714 99
3715 100
3716 100
3717 100
3718 100
3719 100
3720 100
3721 100
3722 100
3723 101
3724 101
3725 101
3726 101
3727 101
3728 101
3729 101
3730 101
3731 101
3732 101
3733 101
3744 101
3745 101
3746 101
3747 101
3748 101
3749 101
3750 101
3751 101
3752 101
3753 101
3764 100
3765 100
3766 100
3767 100
3768 100
3769 100
3770 100
3771 100
3772 100
3773 100
3784 101
3785 101
3786 101
3787 101
3788 101
3789 101
3790 101
3791 101
3792 101
3793 101
3794 101
3805 101
3806 101
3807 101
3808 101
3809 101
3810 101
3811 101
3812 101
3813 101
3814 101
3825 100
3826 100
3827 100
3828 100
3829 100
3830 100
3831 100
3832 100
3833 100
3834 100
3835 100
3846 101
3847 101
3848 101
3849 101
3850 101
3851 101
3852 101
3853 101
3854 101
3855 101
3866 101
3867 101
3868 101
3869 101
3870 101
3871 101
3872 101
3873 101
3874 101
3875 101
3886 101
3887 101
3888 101
3889 101
3890 101
3891 101
3892 101
3893 101
3894 101
3895 101
3906 102
3907 102
3908 102
3909 102
3910 102
3911 102
3912 102
3913 102
3914 102
3915 102
3926 101
3927 101
3928 101
3929 101
3930 101
3931 101
3932 101
3933 101
3934 101
3935 101
3946 101
3947 101
3948 101
3949 101
3950 101
3951 101
3952 101
3953 101
3954 101
3955 102
3956 102
3957 102
3958 102
3959 102
3960 102
3961 102
3962 102
3963 102
3964 102
3965 102
3976 102
3977 102
3978 102
3979 102
3980 102
3981 102
3982 102
3983 102
3984 102
3985 102
3996 101
3997 101
3998 101
3999 101
4000 101
4001 101
4002 101
4003 101
4004 101
4005 101
4016 101
4017 101
4018 101
4019 101
4020 101
4021 101
4022 101
4023 101
4024 101
4025 101
4036 99
4037 99
4038 99
4039 99
4040 99
4041 99
4042 99
4043 99
4044 99
4045 99
4056 97
4057 97
4058 97
4059 97
4060 97
4061 97
4062 97
4063 97
4064 97
4065 97
4076 98
4077 98
4078 98
4079 98
4080 99
4081 99
4082 99
4083 99
4084 99
4085 99
4086 99
4087 99
4088 99
4089 99
4090 99
4101 100
4102 100
4103 100
4104 100
4105 100
4106 100
4107 100
4108 100
4109 100
4110 100
4121 98
4122 98
4123 98
4124 98
4125 98
4126 98
4127 98
4128 99
4129 99
4130 99
4131 99
4132 99
4133 99
4134 99
4135 99
4136 99
4137 99
4138 99
4149 100
4150 100
4151 100
4152 100
4153 100
4154 100
4155 100
4156 100
4157 100
4158 100
4169 99
4170 99
4171 99
4172 99
4173 99
4174 99
4175 99
4176 99
4177 99
4178 99
4189 98
4190 98
4191 98
4192 98
4193 98
4194 98
4195 98
4196 99
4197 99
4198 99
4199 99
4200 99
4201 99
4202 99
4203 99
4204 99
4205 99
4206 99
4217 99
4218 99
4219 99
4220 99
4221 99
4222 99
4223 99
4224 99
4225 99
4226 99
4237 97
4238 97
4239 98
4240 98
4241 98
4242 98
4243 98
4244 98
4245 98
4246 98
4247 98
4248 98
4249 98
4260 97
4261 97
4262 97
4263 97
4264 97
4265 97
4266 97
4267 97
4268 97
4269 97
4280 98
4281 98
4282 98
4283 98
4284 98
4285 98
4286 98
4287 98
4288 98
4289 98
4300 99
4301 99
4302 99
4303 99
4304 99
4305 99
4306 100
4307 100
4308 100
4309 100
4310 100
4311 100
4312 100
4313 100
4314 100
4315 100
4316 100
4327 101
4328 101
4329 101
4330 101
4331 101
4332 101
4333 101
4334 101
4335 101
4336 101
4347 101
4348 101
4349 101
4350 101
4351 101
4352 101
4353 101
4354 101
4355 101
4356 101
4367 102
4368 102
4369 102
4370 102
4371 102
4372 102
4373 102
4374 102
4375 102
4376 102
4387 100
4388 100
4389 100
4390 100
4391 100
4392 100
4393 100
4394 101
4395 101
4396 101
4397 101
4398 101
4399 101
4400 101
4401 101
4402 101
4403 101
4404 101
4415 100
4416 100
4417 100
4418 100
4419 100
4420 100
4421 100
4422 100
4423 100
4424 100
4435 101
4436 101
4437 101
4438 101
4439 102
4440 102
4441 102
4442 102
4443 102
4444 102
4445 102
4446 102
4447 102
4448 102
4449 102
4460 101
4461 101
4462 101
4463 101
4464 101
4465 101
4466 101
4467 101
4468 101
4469 101
4480 102
4481 102
4482 102
4483 102
4484 102
4485 102
4486 102
4487 102
4488 102
4489 102
4500 101
4501 101
4502 101
4503 101
4504 101
4505 101
4506 101
4507 101
4508 101
4509 101
4520 102
4521 102
4522 102
4523 102
4524 102
4525 102
4526 102
4527 102
4528 102
4529 102
4540 101
4541 101
4542 101
4543 102
4544 102
4545 102
4546 102
4547 102
4548 102
4549 102
4550 102
4551 102
4552 102
4553 102
4564 102
4565 102
4566 102
4567 102
4568 102
4569 102
4570 102
4571 102
4572 102
4573 102
4584 101
4585 101
4586 101
4587 101
4588 101
4589 101
4590 101
4591 101
4592 101
4593 101
4594 101
4605 100
4606 100
4607 100
4608 100
4609 100
4610 100
4611 100
4612 100
4613 100
4614 100
4625 100
4626 100
4627 100
4628 100
4629 100
4630 100
4631 101
4632 102
4633 102
4634 102
4635 102
4636 102
4637 102
4638 102
4639 102
4640 102
4641 102
4642 102
4653 102
4654 102
4655 102
4656 102
4657 102
4658 102
4659 102
4660 102
4661 102
4662 102
4673 101
4674 101
4675 101
4676 101
4677 101
4678 101
4679 101
4680 101
4681 101
4682 101
4693 101
4694 101
4695 101
4696 101
4697 101
4698 101
4699 101
4700 101
4701 101
4702 101
4713 101
4714 101
4715 101
4716 101
4717 101
4718 101
4719 101
4720 101
4721 101
4722 101
4733 99
4734 99
4735 99
4736 99
4737 99
4738 100
4739 100
4740 100
4741 100
4742 100
4743 100
4744 100
4745 100
4746 100
4747 100
4748 100
4759 99
4760 99
4761 100
4762 100
4763 100
4764 100
4765 100
4766 100
4767 100
4768 100
4769 100
4770 100
4771 100
4782 100
4783 100
4784 100
4785 100
4786 100
4787 100
4788 100
4789 100
4790 100
4791 100
4802 99
4803 99
4804 99
4805 99
4806 99
4807 99
4808 99
4809 99
4810 99
4811 99
4822 98
4823 98
4824 98
4825 98
4826 98
4827 98
4828 98
4829 98
4830 98
4831 98
4842 98
4843 98
4844 98
4845 98
4846 98
4847 98
4848 98
4849 98
4850 98
4851 98
4862 97
4863 97
4864 97
4865 97
4866 97
4867 97
4868 97
4869 97
4870 97
4871 97
4882 95
4883 95
4884 95
4885 95
4886 95
4887 96
4888 98
4889 98
4890 98
4891 98
4892 98
4893 98
4894 98
4895 98
4896 98
4897 98
4898 98
4909 98
4910 98
4911 98
4912 98
4913 98
4914 98
4915 98
4916 98
4917 98
4918 98
4929 98
4930 98
4931 98
4932 98
4933 98
4934 98
4935 98
4936 98
4937 98
4938 98
4949 98
4950 98
4951 98
4952 98
4953 98
4954 98
4955 98
4956 98
4957 98
4958 98
4969 98
4970 98
4971 98
4972 98
4973 98
4974 98
4975 98
4976 98
4977 98
4978 98
4989 98
4990 98
4991 98
4992 98
4993 98
4994 98
4995 98
4996 98
4997 98
4998 98
