0 17
1 19
2 19
3 19
4 21
5 21
6 21
7 21
8 22
9 22
10 22
11 22
12 22
13 22
14 22
15 23
16 24
17 24
18 25
19 25
20 25
21 25
22 25
23 27
24 28
25 28
26 28
27 28
28 28
29 28
30 31
31 32
32 32
33 32
34 32
35 32
36 32
37 32
38 32
39 32
40 33
41 33
42 33
43 33
44 33
45 34
46 36
47 36
48 37
49 38
50 38
51 38
52 38
53 38
54 38
55 38
56 38
57 38
58 38
59 38
70 39
71 39
72 39
73 39
74 39
75 39
76 39
77 39
78 39
79 40
80 42
81 42
82 42
83 42
84 42
85 44
86 44
87 45
88 45
89 45
90 45
91 46
92 46
93 46
94 46
95 46
96 46
97 46
98 47
99 47
100 48
101 48
102 48
103 48
104 48
105 48
106 48
107 48
108 48
109 48
110 48
121 52
122 52
123 52
124 52
125 52
126 53
127 53
128 53
129 53
130 53
131 53
132 53
133 54
134 54
135 56
136 56
137 57
138 58
139 58
140 58
141 59
142 61
143 61
144 61
145 61
146 61
147 61
148 61
149 61
150 62
151 62
152 62
153 62
154 65
155 65
156 65
157 65
158 66
159 66
160 67
161 67
162 67
163 67
164 67
165 67
166 67
167 67
168 67
169 67
170 67
181 69
182 69
183 69
184 69
185 69
186 70
187 71
188 71
189 71
190 72
191 73
192 73
193 73
194 73
195 73
196 75
197 75
198 75
199 75
200 75
201 75
202 75
203 75
204 75
205 76
206 76
207 76
208 76
209 76
210 76
211 76
212 76
213 76
214 76
215 76
226 80
227 80
228 81
229 81
230 81
231 81
232 81
233 82
234 82
235 82
236 82
237 82
238 82
239 82
240 82
241 82
242 82
243 82
254 83
255 83
256 84
257 84
258 84
259 84
260 84
261 84
262 84
263 84
264 84
265 85
266 85
267 85
268 85
269 86
270 86
271 87
272 87
273 87
274 87
275 87
276 87
277 87
278 87
279 87
280 87
281 87
292 88
293 88
294 88
295 88
296 88
297 88
298 88
299 88
300 88
301 88
312 88
313 88
314 88
315 88
316 88
317 88
318 88
319 88
320 88
321 88
332 90
333 90
334 90
335 90
336 90
337 90
338 90
339 90
340 90
341 90
352 93
353 93
354 93
355 93
356 93
357 93
358 93
359 93
360 93
361 93
372 93
373 93
374 93
375 93
376 93
377 93
378 93
379 93
380 93
381 93
392 92
393 92
394 92
395 92
396 92
397 92
398 92
399 92
400 92
401 92
412 93
413 93
414 93
415 93
416 93
417 93
418 93
419 93
420 93
421 93
432 93
433 93
434 93
435 93
436 93
437 93
438 93
439 93
440 93
441 93
452 93
453 93
454 93
455 93
456 93
457 93
458 93
459 93
460 93
461 93
472 93
473 93
474 94
475 94
476 95
477 95
478 95
479 95
480 95
481 96
482 96
483 96
484 96
485 96
486 96
487 96
488 96
489 96
490 96
491 96
502 98
503 98
504 98
505 98
506 98
507 98
508 99
509 99
510 99
511 99
512 99
513 99
514 99
515 99
516 99
517 99
518 99
529 99
530 99
531 99
532 99
533 99
534 99
535 99
536 99
537 99
538 99
549 99
550 99
551 99
552 99
553 99
554 99
555 99
556 99
557 99
558 99
569 97
570 97
571 98
572 98
573 98
574 98
575 98
576 98
577 98
578 98
579 98
580 98
581 98
592 99
593 99
594 99
595 99
596 99
597 99
598 99
599 99
600 99
601 99
612 99
613 99
614 99
615 99
616 99
617 99
618 99
619 99
620 99
621 99
632 98
633 98
634 98
635 98
636 98
637 98
638 98
639 98
640 98
641 98
652 98
653 98
654 98
655 98
656 98
657 98
658 98
659 98
660 98
661 98
672 97
673 97
674 97
675 98
676 98
677 98
678 99
679 99
680 99
681 99
682 99
683 99
684 99
685 99
686 99
687 99
688 99
699 100
700 100
701 100
702 100
703 100
704 100
705 100
706 100
707 100
708 100
719 101
720 101
721 101
722 101
723 101
724 101
725 101
726 101
727 101
728 101
739 100
740 100
741 100
742 100
743 100
744 100
745 100
746 100
747 100
748 101
749 101
750 101
751 101
752 101
753 101
754 101
755 101
756 101
757 101
758 101
769 100
770 100
771 100
772 100
773 101
774 101
775 101
776 101
777 101
778 101
779 101
780 101
781 101
782 101
783 101
794 99
795 99
796 99
797 100
798 100
799 100
800 100
801 100
802 100
803 100
804 100
805 100
806 100
807 100
818 100
819 100
820 100
821 100
822 100
823 100
824 100
825 100
826 100
827 100
838 99
839 99
840 99
841 99
842 99
843 99
844 99
845 99
846 99
847 99
858 100
859 100
860 100
861 100
862 100
863 100
864 100
865 100
866 100
867 100
878 100
879 100
880 100
881 100
882 100
883 101
884 101
885 101
886 102
887 102
888 102
889 102
890 102
891 102
892 102
893 102
894 102
895 102
896 102
907 102
908 102
909 102
910 102
911 102
912 102
913 102
914 102
915 102
916 102
927 102
928 102
929 102
930 102
931 102
932 102
933 102
934 102
935 102
936 102
947 101
948 101
949 101
950 101
951 101
952 101
953 101
954 101
955 101
956 101
967 101
968 101
969 101
970 101
971 101
972 102
973 102
974 102
975 102
976 102
977 102
978 102
979 102
980 102
981 102
982 102
993 101
994 101
995 101
996 101
997 101
998 101
999 101
1000 101
1001 101
1002 102
1003 102
1004 102
1005 102
1006 102
1007 102
1008 102
1009 102
1010 102
1011 102
1012 102
1023 102
1024 102
1025 102
1026 102
1027 102
1028 102
1029 102
1030 102
1031 102
1032 102
1043 103
1044 103
1045 103
1046 103
1047 103
1048 103
1049 103
1050 103
1051 103
1052 103
1053 103
1064 102
1065 102
1066 102
1067 102
1068 102
1069 102
1070 103
1071 103
1072 103
1073 103
1074 103
1075 103
1076 103
1077 103
1078 103
1079 103
1080 103
1091 103
1092 104
1093 104
1094 104
1095 104
1096 104
1097 104
1098 104
1099 104
1100 104
1101 104
1102 104
1113 104
1114 104
1115 104
1116 104
1117 104
1118 104
1119 104
1120 104
1121 104
1122 104
1133 102
1134 102
1135 102
1136 102
1137 102
1138 102
1139 102
1140 103
1141 103
1142 103
1143 103
1144 103
1145 103
1146 103
1147 103
1148 103
1149 103
1150 103
1161 103
1162 103
1163 103
1164 103
1165 103
1166 103
1167 103
1168 103
1169 103
1170 103
1171 103
1182 102
1183 102
1184 102
1185 102
1186 102
1187 102
1188 102
1189 102
1190 102
1191 102
1202 100
1203 100
1204 100
1205 100
1206 100
1207 100
1208 100
1209 100
1210 100
1211 100
1222 101
1223 101
1224 101
1225 101
1226 101
1227 101
1228 101
1229 101
1230 101
1231 101
1242 104
1243 104
1244 104
1245 104
1246 104
1247 104
1248 104
1249 104
1250 104
1251 104
1262 103
1263 103
1264 103
1265 103
1266 103
1267 105
1268 105
1269 105
1270 105
1271 105
1272 105
1273 105
1274 105
1275 105
1276 105
1277 105
1288 105
1289 105
1290 105
1291 105
1292 105
1293 105
1294 105
1295 105
1296 105
1297 105
1308 104
1309 104
1310 104
1311 104
1312 104
1313 104
1314 104
1315 104
1316 104
1317 104
1328 104
1329 104
1330 104
1331 104
1332 104
1333 104
1334 104
1335 104
1336 104
1337 104
1348 103
1349 103
1350 104
1351 104
1352 104
1353 104
1354 104
1355 104
1356 104
1357 104
1358 104
1359 104
1360 104
1371 105
1372 105
1373 105
1374 105
1375 105
1376 105
1377 105
1378 105
1379 105
1380 105
1391 106
1392 106
1393 106
1394 106
1395 106
1396 106
1397 106
1398 106
1399 106
1400 106
1401 106
1412 106
1413 106
1414 106
1415 106
1416 106
1417 106
1418 106
1419 106
1420 106
1421 106
1432 106
1433 106
1434 106
1435 106
1436 106
1437 106
1438 106
1439 106
1440 106
1441 106
1452 105
1453 105
1454 105
1455 105
1456 105
1457 105
1458 105
1459 105
1460 105
1461 105
1472 106
1473 106
1474 106
1475 106
1476 106
1477 106
1478 106
1479 106
1480 106
1481 106
1492 105
1493 105
1494 105
1495 105
1496 105
1497 105
1498 105
1499 105
1500 105
1501 105
1502 105
1513 104
1514 104
1515 104
1516 104
1517 104
1518 104
1519 104
1520 104
1521 104
1522 104
1533 104
1534 104
1535 104
1536 104
1537 104
1538 104
1539 104
1540 104
1541 105
1542 105
1543 105
1544 105
1545 105
1546 105
1547 105
1548 105
1549 105
1550 105
1551 105
1562 107
1563 107
1564 107
1565 107
1566 107
1567 107
1568 107
1569 107
1570 107
1571 107
1582 107
1583 107
1584 107
1585 107
1586 107
1587 107
1588 107
1589 107
1590 107
1591 107
1602 108
1603 108
1604 108
1605 108
1606 108
1607 108
1608 108
1609 108
1610 108
1611 108
1612 108
1623 108
1624 108
1625 108
1626 108
1627 108
1628 108
1629 108
1630 108
1631 108
1632 108
1633 108
1644 108
1645 108
1646 108
1647 108
1648 108
1649 108
1650 108
1651 108
1652 108
1653 108
1654 108
1665 108
1666 108
1667 108
1668 108
1669 108
1670 108
1671 108
1672 108
1673 108
1674 108
1685 107
1686 107
1687 107
1688 107
1689 107
1690 107
1691 107
1692 107
1693 107
1694 107
1705 107
1706 107
1707 107
1708 107
1709 107
1710 107
1711 107
1712 107
1713 108
1714 108
1715 108
1716 108
1717 108
1718 108
1719 108
1720 108
1721 108
1722 108
1723 108
1734 107
1735 107
1736 108
1737 108
1738 108
1739 108
1740 108
1741 108
1742 108
1743 108
1744 108
1745 108
1746 108
1757 108
1758 108
1759 108
1760 108
1761 108
1762 108
1763 108
1764 108
1765 108
1766 108
1777 106
1778 106
1779 106
1780 106
1781 106
1782 106
1783 106
1784 106
1785 106
1786 107
1787 107
1788 107
1789 107
1790 107
1791 107
1792 107
1793 107
1794 107
1795 107
1796 107
1807 107
1808 107
1809 107
1810 107
1811 107
1812 107
1813 107
1814 108
1815 108
1816 108
1817 108
1818 108
1819 108
1820 108
1821 109
1822 109
1823 109
1824 109
1825 109
1826 109
1827 109
1828 109
1829 109
1830 109
1831 109
1842 109
1843 109
1844 109
1845 109
1846 109
1847 109
1848 109
1849 109
1850 109
1851 109
1862 109
1863 109
1864 109
1865 109
1866 109
1867 109
1868 109
1869 109
1870 109
1871 109
1872 109
1883 109
1884 109
1885 109
1886 109
1887 109
1888 109
1889 109
1890 109
1891 109
1892 109
1903 108
1904 108
1905 108
1906 108
1907 108
1908 108
1909 108
1910 108
1911 108
1912 108
1923 107
1924 107
1925 107
1926 107
1927 107
1928 107
1929 107
1930 107
1931 107
1932 107
1943 104
1944 104
1945 104
1946 104
1947 105
1948 105
1949 105
1950 105
1951 105
1952 105
1953 105
1954 105
1955 105
1956 105
1957 105
1968 105
1969 105
1970 105
1971 105
1972 105
1973 105
1974 105
1975 106
1976 106
1977 106
1978 106
1979 106
1980 106
1981 106
1982 106
1983 106
1984 106
1985 106
1996 105
1997 105
1998 105
1999 105
2000 105
2001 106
2002 106
2003 106
2004 106
2005 106
2006 106
2007 106
2008 106
2009 106
2010 106
2011 106
2022 105
2023 105
2024 105
2025 105
2026 105
2027 105
2028 105
2029 105
2030 106
2031 106
2032 106
2033 106
2034 106
2035 106
2036 106
2037 106
2038 106
2039 106
2040 106
2051 107
2052 107
2053 107
2054 107
2055 107
2056 108
2057 108
2058 108
2059 108
2060 108
2061 108
2062 108
2063 108
2064 108
2065 108
2066 108
2077 108
2078 108
2079 108
2080 108
2081 108
2082 108
2083 108
2084 108
2085 108
2086 108
2097 108
2098 108
2099 108
2100 108
2101 108
2102 108
2103 108
2104 108
2105 108
2106 108
2117 106
2118 106
2119 106
2120 106
2121 106
2122 106
2123 106
2124 106
2125 106
2126 106
2137 105
2138 105
2139 105
2140 105
2141 105
2142 105
2143 105
2144 105
2145 105
2146 106
2147 106
2148 106
2149 106
2150 106
2151 106
2152 106
2153 106
2154 106
2155 106
2156 106
2167 105
2168 105
2169 105
2170 105
2171 105
2172 105
2173 105
2174 105
2175 105
2176 105
2187 107
2188 107
2189 107
2190 107
2191 107
2192 107
2193 107
2194 107
2195 107
2196 107
2207 106
2208 106
2209 106
2210 106
2211 107
2212 107
2213 107
2214 107
2215 107
2216 107
2217 107
2218 107
2219 107
2220 107
2221 107
2232 107
2233 107
2234 107
2235 107
2236 107
2237 107
2238 107
2239 107
2240 107
2241 107
2252 105
2253 105
2254 106
2255 106
2256 106
2257 106
2258 106
2259 106
2260 106
2261 106
2262 106
2263 106
2264 106
2275 106
2276 106
2277 106
2278 106
2279 106
2280 106
2281 106
2282 106
2283 106
2284 106
2295 106
2296 106
2297 106
2298 107
2299 107
2300 107
2301 107
2302 107
2303 107
2304 107
2305 107
2306 107
2307 107
2308 107
2319 106
2320 106
2321 106
2322 106
2323 106
2324 106
2325 106
2326 106
2327 106
2328 106
2339 107
2340 107
2341 107
2342 107
2343 107
2344 107
2345 107
2346 107
2347 107
2348 107
2359 107
2360 107
2361 107
2362 107
2363 107
2364 107
2365 107
2366 107
2367 107
2368 107
2379 108
2380 108
2381 108
2382 108
2383 108
2384 108
2385 108
2386 108
2387 108
2388 108
2399 107
2400 107
2401 107
2402 107
2403 107
2404 107
2405 108
2406 108
2407 108
2408 108
2409 108
2410 108
2411 108
2412 108
2413 110
2414 110
2415 110
2416 110
2417 110
2418 110
2419 110
2420 110
2421 110
2422 110
2423 110
2434 110
2435 110
2436 110
2437 110
2438 110
2439 110
2440 110
2441 110
2442 110
2443 110
2454 110
2455 110
2456 110
2457 110
2458 110
2459 110
2460 110
2461 110
2462 110
2463 110
2474 109
2475 109
2476 109
2477 109
2478 109
2479 109
2480 110
2481 110
2482 110
2483 110
2484 110
2485 110
2486 110
2487 110
2488 110
2489 110
2490 110
2501 110
2502 110
2503 110
2504 110
2505 110
2506 110
2507 110
2508 110
2509 110
2510 110
2521 109
2522 109
2523 109
2524 109
2525 109
2526 109
2527 109
2528 109
2529 109
2530 109
2541 108
2542 108
2543 108
2544 108
2545 108
2546 108
2547 108
2548 108
2549 108
2550 108
2561 108
2562 108
2563 108
2564 108
2565 108
2566 108
2567 108
2568 108
2569 108
2570 108
2581 109
2582 109
2583 109
2584 109
2585 109
2586 109
2587 109
2588 109
2589 109
2590 109
2601 108
2602 108
2603 108
2604 108
2605 108
2606 108
2607 108
2608 108
2609 108
2610 108
2621 107
2622 107
2623 107
2624 107
2625 107
2626 107
2627 107
2628 107
2629 107
2630 107
2641 106
2642 106
2643 106
2644 106
2645 106
2646 106
2647 106
2648 106
2649 106
2650 106
2661 107
2662 107
2663 107
2664 107
2665 107
2666 107
2667 107
2668 107
2669 107
2670 107
2681 108
2682 108
2683 108
2684 108
2685 108
2686 108
2687 108
2688 108
2689 108
2690 108
2701 107
2702 107
2703 107
2704 107
2705 107
2706 107
2707 108
2708 108
2709 108
2710 108
2711 108
2712 108
2713 108
2714 108
2715 108
2716 108
2717 108
2728 107
2729 107
2730 107
2731 107
2732 107
2733 107
2734 107
2735 107
2736 107
2737 107
2748 108
2749 108
2750 108
2751 108
2752 108
2753 108
2754 108
2755 108
2756 108
2757 108
2768 107
2769 107
2770 107
2771 107
2772 107
2773 107
2774 107
2775 108
2776 108
2777 108
2778 108
2779 108
2780 108
2781 108
2782 108
2783 108
2784 108
2785 108
2796 108
2797 108
2798 108
2799 108
2800 108
2801 108
2802 108
2803 108
2804 108
2805 108
2816 108
2817 108
2818 108
2819 108
2820 108
2821 108
2822 108
2823 108
2824 108
2825 108
2836 107
2837 107
2838 107
2839 107
2840 107
2841 107
2842 108
2843 108
2844 108
2845 108
2846 108
2847 108
2848 108
2849 108
2850 108
2851 108
2852 108
2863 108
2864 108
2865 108
2866 108
2867 108
2868 108
2869 108
2870 108
2871 108
2872 108
2883 105
2884 105
2885 105
2886 105
2887 105
2888 105
2889 105
2890 105
2891 105
2892 105
2903 105
2904 105
2905 105
2906 106
2907 108
2908 108
2909 108
2910 108
2911 108
2912 108
2913 108
2914 108
2915 108
2916 108
2917 108
2928 108
2929 108
2930 108
2931 108
2932 108
2933 108
2934 108
2935 108
2936 108
2937 108
2948 106
2949 106
2950 106
2951 106
2952 106
2953 106
2954 106
2955 106
2956 106
2957 106
2968 106
2969 106
2970 106
2971 106
2972 106
2973 106
2974 106
2975 106
2976 106
2977 106
2988 105
2989 105
2990 105
2991 105
2992 105
2993 105
2994 105
2995 105
2996 106
2997 106
2998 106
2999 106
3000 106
3001 106
3002 106
3003 106
3004 106
3005 106
3006 106
3017 106
3018 106
3019 106
3020 106
3021 106
3022 106
3023 106
3024 106
3025 106
3026 106
3037 104
3038 104
3039 104
3040 104
3041 104
3042 104
3043 104
3044 104
3045 104
3046 105
3047 105
3048 105
3049 105
3050 105
3051 105
3052 105
3053 105
3054 105
3055 105
3056 105
3067 105
3068 105
3069 105
3070 105
3071 105
3072 105
3073 105
3074 105
3075 105
3076 105
3087 106
3088 106
3089 106
3090 106
3091 106
3092 106
3093 106
3094 106
3095 106
3096 106
3107 106
3108 106
3109 106
3110 106
3111 106
3112 106
3113 106
3114 106
3115 106
3116 106
3127 105
3128 105
3129 105
3130 105
3131 105
3132 105
3133 105
3134 105
3135 105
3136 105
3147 104
3148 104
3149 104
3150 104
3151 104
3152 104
3153 104
3154 104
3155 104
3156 104
3167 103
3168 103
3169 103
3170 103
3171 103
3172 103
3173 103
3174 103
3175 103
3176 103
3187 103
3188 103
3189 103
3190 103
3191 103
3192 103
3193 103
3194 103
3195 103
3196 103
3207 102
3208 102
3209 102
3210 102
3211 102
3212 102
3213 102
3214 103
3215 104
3216 104
3217 104
3218 104
3219 104
3220 104
3221 104
3222 104
3223 104
3224 104
3225 104
3236 105
3237 105
3238 105
3239 105
3240 105
3241 105
3242 105
3243 105
3244 105
3245 105
3256 105
3257 105
3258 105
3259 105
3260 105
3261 105
3262 105
3263 105
3264 105
3265 105
3276 105
3277 105
3278 105
3279 105
3280 105
3281 105
3282 105
3283 105
3284 105
3285 107
3286 107
3287 107
3288 107
3289 107
3290 107
3291 107
3292 107
3293 107
3294 107
3295 107
3306 106
3307 106
3308 106
3309 106
3310 106
3311 106
3312 106
3313 106
3314 106
3315 106
3326 107
3327 107
3328 107
3329 107
3330 107
3331 107
3332 107
3333 107
3334 107
3335 107
3346 106
3347 106
3348 106
3349 106
3350 106
3351 106
3352 107
3353 108
3354 108
3355 108
3356 108
3357 108
3358 109
3359 109
3360 109
3361 110
3362 110
3363 110
3364 110
3365 110
3366 110
3367 110
3368 110
3369 110
3370 110
3371 110
3382 110
3383 110
3384 110
3385 110
3386 110
3387 110
3388 110
3389 110
3390 110
3391 110
3402 109
3403 109
3404 109
3405 109
3406 109
3407 109
3408 109
3409 110
3410 110
3411 110
3412 110
3413 110
3414 110
3415 110
3416 110
3417 110
3418 110
3419 110
3430 110
3431 110
3432 110
3433 110
3434 110
3435 110
3436 110
3437 110
3438 110
3439 110
3450 108
3451 108
3452 108
3453 108
3454 108
3455 108
3456 108
3457 108
3458 108
3459 108
3470 108
3471 110
3472 110
3473 110
3474 110
3475 110
3476 110
3477 110
3478 110
3479 110
3480 110
3481 110
3492 110
3493 110
3494 110
3495 110
3496 110
3497 110
3498 110
3499 110
3500 110
3501 110
3512 109
3513 111
3514 111
3515 111
3516 111
3517 111
3518 111
3519 111
3520 111
3521 111
3522 111
3523 111
3534 111
3535 111
3536 111
3537 111
3538 111
3539 111
3540 111
3541 111
3542 111
3543 111
3554 109
3555 109
3556 109
3557 109
3558 109
3559 109
3560 110
3561 110
3562 110
3563 110
3564 110
3565 110
3566 110
3567 110
3568 110
3569 110
3570 110
3581 110
3582 110
3583 110
3584 110
3585 110
3586 110
3587 110
3588 110
3589 110
3590 110
3601 108
3602 108
3603 108
3604 108
3605 108
3606 108
3607 108
3608 108
3609 109
3610 109
3611 109
3612 109
3613 109
3614 109
3615 109
3616 109
3617 109
3618 109
3619 109
3630 108
3631 108
3632 108
3633 108
3634 108
3635 108
3636 108
3637 108
3638 108
3639 108
3650 109
3651 109
3652 109
3653 109
3654 109
3655 109
3656 109
3657 109
3658 109
3659 109
3670 108
3671 108
3672 108
3673 108
3674 109
3675 109
3676 109
3677 109
3678 109
3679 109
3680 109
3681 109
3682 109
3683 109
3684 109
3695 108
3696 108
3697 108
3698 108
3699 108
3700 108
3701 108
3702 109
3703 109
3704 109
3705 109
3706 109
3707 109
3708 109
3709 109
3710 109
3711 109
3712 109
3723 108
3724 108
3725 108
3726 108
3727 108
3728 108
3729 108
3730 108
3731 108
3732 108
3743 109
3744 109
3745 109
3746 109
3747 109
3748 109
3749 109
3750 109
3751 109
3752 109
3763 108
3764 108
3765 108
3766 108
3767 108
3768 109
3769 109
3770 109
3771 109
3772 109
3773 109
3774 109
3775 109
3776 109
3777 109
3778 109
3789 108
3790 108
3791 108
3792 108
3793 108
3794 109
3795 109
3796 109
3797 109
3798 109
3799 109
3800 109
3801 109
3802 109
3803 109
3804 109
3815 109
3816 109
3817 109
3818 109
3819 109
3820 109
3821 109
3822 109
3823 109
3824 109
3835 108
3836 108
3837 108
3838 108
3839 108
3840 108
3841 108
3842 108
3843 108
3844 108
3855 109
3856 109
3857 109
3858 109
3859 109
3860 109
3861 109
3862 109
3863 109
3864 109
3875 108
3876 108
3877 108
3878 108
3879 108
3880 108
3881 110
3882 110
3883 110
3884 110
3885 110
3886 110
3887 110
3888 110
3889 110
3890 110
3891 110
3902 110
3903 110
3904 110
3905 110
3906 110
3907 110
3908 110
3909 110
3910 110
3911 110
3922 110
3923 110
3924 110
3925 110
3926 110
3927 110
3928 110
3929 110
3930 110
3931 110
3942 110
3943 110
3944 110
3945 110
3946 110
3947 110
3948 110
3949 110
3950 110
3951 110
3962 110
3963 110
3964 110
3965 110
3966 110
3967 110
3968 110
3969 110
3970 110
3971 110
3982 109
3983 109
3984 109
3985 109
3986 109
3987 110
3988 110
3989 110
3990 110
3991 110
3992 110
3993 110
3994 110
3995 110
3996 110
3997 110
4008 109
4009 109
4010 109
4011 109
4012 109
4013 109
4014 109
4015 109
4016 109
4017 109
4028 110
4029 110
4030 110
4031 110
4032 110
4033 110
4034 110
4035 110
4036 110
4037 110
4048 110
4049 110
4050 110
4051 110
4052 110
4053 110
4054 110
4055 110
4056 110
4057 110
4068 109
4069 109
4070 109
4071 109
4072 110
4073 110
4074 110
4075 110
4076 110
4077 110
4078 110
4079 110
4080 110
4081 110
4082 110
4093 109
4094 109
4095 109
4096 109
4097 109
4098 109
4099 109
4100 110
4101 110
4102 110
4103 110
4104 110
4105 110
4106 110
4107 110
4108 110
4109 110
4110 110
4121 110
4122 110
4123 110
4124 110
4125 110
4126 110
4127 110
4128 110
4129 110
4130 110
4141 107
4142 107
4143 107
4144 107
4145 107
4146 107
4147 107
4148 107
4149 108
4150 108
4151 108
4152 108
4153 108
4154 108
4155 108
4156 108
4157 108
4158 108
4159 108
4170 108
4171 108
4172 108
4173 108
4174 108
4175 109
4176 109
4177 109
4178 109
4179 109
4180 109
4181 109
4182 109
4183 109
4184 109
4185 109
4196 109
4197 109
4198 109
4199 109
4200 109
4201 109
4202 109
4203 109
4204 109
4205 109
4216 107
4217 107
4218 107
4219 108
4220 108
4221 108
4222 108
4223 108
4224 108
4225 108
4226 108
4227 108
4228 108
4229 108
4240 108
4241 108
4242 108
4243 108
4244 108
4245 108
4246 108
4247 108
4248 108
4249 108
4260 107
4261 107
4262 108
4263 108
4264 108
4265 108
4266 108
4267 108
4268 108
4269 108
4270 108
4271 108
4272 108
4283 108
4284 108
4285 108
4286 108
4287 108
4288 108
4289 108
4290 108
4291 108
4292 108
4303 108
4304 108
4305 108
4306 108
4307 108
4308 108
4309 108
4310 108
4311 108
4312 108
4323 108
4324 108
4325 108
4326 108
4327 108
4328 108
4329 108
4330 108
4331 108
4332 108
4343 107
4344 107
4345 107
4346 107
4347 107
4348 107
4349 107
4350 107
4351 107
4352 107
4363 105
4364 105
4365 105
4366 105
4367 105
4368 105
4369 106
4370 106
4371 106
4372 106
4373 106
4374 107
4375 107
4376 107
4377 107
4378 107
4379 107
4380 107
4381 108
4382 108
4383 108
4384 108
4385 108
4386 108
4387 108
4388 108
4389 108
4390 108
4391 108
4402 107
4403 107
4404 108
4405 108
4406 108
4407 108
4408 108
4409 108
4410 108
4411 108
4412 108
4413 108
4414 108
4425 108
4426 108
4427 108
4428 108
4429 108
4430 108
4431 108
4432 108
4433 108
4434 108
4445 107
4446 107
4447 108
4448 108
4449 108
4450 108
4451 108
4452 108
4453 108
4454 108
4455 108
4456 108
4457 108
4468 108
4469 108
4470 108
4471 109
4472 109
4473 109
4474 109
4475 109
4476 109
4477 109
4478 109
4479 109
4480 109
4481 109
4492 108
4493 108
4494 108
4495 108
4496 108
4497 108
4498 108
4499 108
4500 108
4501 108
4512 108
4513 108
4514 108
4515 108
4516 108
4517 108
4518 108
4519 108
4520 108
4521 108
4532 109
4533 109
4534 109
4535 109
4536 109
4537 109
4538 109
4539 109
4540 109
4541 109
4552 108
4553 108
4554 108
4555 108
4556 108
4557 108
4558 108
4559 108
4560 108
4561 108
4572 109
4573 109
4574 109
4575 109
4576 109
4577 109
4578 109
4579 109
4580 109
4581 109
4582 109
4593 108
4594 108
4595 110
4596 110
4597 110
4598 110
4599 110
4600 110
4601 110
4602 110
4603 110
4604 110
4605 110
4616 110
4617 110
4618 110
4619 110
4620 110
4621 110
4622 110
4623 110
4624 110
4625 110
4636 110
4637 110
4638 110
4639 110
4640 110
4641 110
4642 110
4643 110
4644 110
4645 110
4656 109
4657 109
4658 109
4659 109
4660 109
4661 109
4662 109
4663 109
4664 109
4665 109
4676 108
4677 108
4678 108
4679 108
4680 108
4681 108
4682 108
4683 108
4684 108
4685 108
4696 109
4697 109
4698 109
4699 109
4700 109
4701 109
4702 109
4703 109
4704 109
4705 109
4716 109
4717 109
4718 109
4719 109
4720 109
4721 109
4722 109
4723 109
4724 109
4725 109
4736 109
4737 109
4738 109
4739 109
4740 109
4741 109
4742 109
4743 109
4744 109
4745 109
4756 108
4757 108
4758 108
4759 108
4760 108
4761 108
4762 108
4763 108
4764 108
4765 108
4776 109
4777 109
4778 109
4779 110
4780 110
4781 110
4782 110
4783 110
4784 110
4785 110
4786 110
4787 110
4788 110
4789 110
4800 110
4801 110
4802 110
4803 110
4804 110
4805 110
4806 110
4807 110
4808 110
4809 110
4820 109
4821 109
4822 109
4823 110
4824 110
4825 110
4826 110
4827 110
4828 110
4829 110
4830 110
4831 110
4832 110
4833 110
4844 109
4845 109
4846 109
4847 110
4848 110
4849 110
4850 110
4851 110
4852 110
4853 110
4854 110
4855 110
4856 110
4857 110
4868 110
4869 110
4870 110
4871 110
4872 110
4873 110
4874 110
4875 110
4876 110
4877 110
4888 110
4889 110
4890 110
4891 110
4892 110
4893 110
4894 110
4895 110
4896 110
4897 110
4908 110
4909 110
4910 110
4911 110
4912 110
4913 110
4914 110
4915 110
4916 110
4917 110
4928 109
4929 109
4930 109
4931 109
4932 109
4933 109
4934 109
4935 109
4936 110
4937 110
4938 110
4939 110
4940 110
4941 110
4942 110
4943 110
4944 110
4945 110
4946 110
4957 110
4958 110
4959 110
4960 110
4961 110
4962 110
4963 110
4964 110
4965 110
4966 110
4977 109
4978 109
4979 109
4980 109
4981 109
4982 109
4983 109
4984 109
4985 109
4986 109
4997 108
4998 108
4999 108
