0 1
1 1
2 1
3 1
4 1
5 1
6 1
7 1
8 1
9 1
20 1
21 1
22 1
23 1
24 1
25 1
26 1
27 1
28 1
29 1
40 1
41 1
42 1
43 1
44 1
45 1
46 1
47 1
48 1
49 1
60 1
61 1
62 1
63 1
64 1
65 1
66 1
67 1
68 1
69 1
80 1
81 1
82 1
83 1
84 1
85 1
86 1
87 1
88 1
89 1
100 1
101 1
102 1
103 1
104 1
105 1
106 1
107 1
108 1
109 1
120 1
121 1
122 1
123 1
124 1
125 1
126 1
127 1
128 1
129 1
140 1
141 1
142 1
143 1
144 1
145 1
146 1
147 1
148 1
149 1
160 1
161 1
162 1
163 1
164 1
165 1
166 1
167 1
168 1
169 1
180 1
181 1
182 1
183 1
184 1
185 1
186 1
187 1
188 1
189 1
200 1
201 1
202 1
203 1
204 1
205 1
206 1
207 1
208 1
209 1
220 1
221 1
222 1
223 1
224 1
225 1
226 1
227 1
228 1
229 1
240 1
241 1
242 1
243 1
244 1
245 1
246 1
247 1
248 1
249 1
260 1
261 1
262 1
263 1
264 1
265 1
266 1
267 1
268 1
269 1
280 1
281 1
282 1
283 1
284 1
285 1
286 1
287 1
288 1
289 1
300 1
301 1
302 1
303 1
304 1
305 1
306 1
307 1
308 1
309 1
320 1
321 1
322 1
323 1
324 1
325 1
326 1
327 1
328 1
329 1
340 1
341 1
342 1
343 1
344 1
345 1
346 1
347 1
348 1
349 1
360 1
361 1
362 1
363 1
364 1
365 1
366 1
367 1
368 1
369 1
380 1
381 1
382 1
383 1
384 1
385 1
386 1
387 1
388 1
389 1
400 1
401 1
402 1
403 1
404 1
405 1
406 1
407 1
408 1
409 1
420 1
421 1
422 1
423 1
424 1
425 1
426 1
427 1
428 1
429 1
440 1
441 1
442 1
443 1
444 1
445 1
446 1
447 1
448 1
449 1
460 1
461 1
462 1
463 1
464 1
465 1
466 1
467 1
468 1
469 1
480 1
481 1
482 1
483 1
484 1
485 1
486 1
487 1
488 1
489 1
500 1
501 1
502 1
503 1
504 1
505 1
506 1
507 1
508 1
509 1
520 1
521 1
522 1
523 1
524 1
525 1
526 1
527 1
528 1
529 1
540 1
541 1
542 1
543 1
544 1
545 1
546 1
547 1
548 1
549 1
560 1
561 1
562 1
563 1
564 1
565 1
566 1
567 1
568 1
569 1
580 1
581 1
582 1
583 1
584 1
585 1
586 1
587 1
588 1
589 1
600 1
601 1
602 1
603 1
604 1
605 1
606 1
607 1
608 1
609 1
620 1
621 1
622 1
623 1
624 1
625 1
626 1
627 1
628 1
629 1
640 1
641 1
642 1
643 1
644 1
645 1
646 1
647 1
648 1
649 1
660 1
661 1
662 1
663 1
664 1
665 1
666 1
667 1
668 1
669 1
680 1
681 1
682 1
683 1
684 1
685 1
686 1
687 1
688 1
689 1
700 1
701 1
702 1
703 1
704 1
705 1
706 1
707 1
708 1
709 1
720 1
721 1
722 1
723 1
724 1
725 1
726 1
727 1
728 1
729 1
740 1
741 1
742 1
743 1
744 1
745 1
746 1
747 1
748 1
749 1
760 1
761 1
762 1
763 1
764 1
765 1
766 1
767 1
768 1
769 1
780 1
781 1
782 1
783 1
784 1
785 1
786 1
787 1
788 1
789 1
800 1
801 1
802 1
803 1
804 1
805 1
806 1
807 1
808 1
809 1
820 1
821 1
822 1
823 1
824 1
825 1
826 1
827 1
828 1
829 1
840 1
841 1
842 1
843 1
844 1
845 1
846 1
847 1
848 1
849 1
860 1
861 1
862 1
863 1
864 1
865 1
866 1
867 1
868 1
869 1
880 1
881 1
882 1
883 1
884 1
885 1
886 1
887 1
888 1
889 1
900 1
901 1
902 1
903 1
904 1
905 1
906 1
907 1
908 1
909 1
920 1
921 1
922 1
923 1
924 1
925 1
926 1
927 1
928 2
929 2
930 2
931 2
932 4
933 4
934 4
935 4
936 4
937 4
938 4
939 4
940 4
941 4
942 4
953 3
954 6
955 6
956 6
957 6
958 6
959 6
960 6
961 6
962 6
963 6
964 6
975 3
976 3
977 3
978 3
979 3
980 3
981 3
982 3
983 3
984 3
995 3
996 3
997 3
998 3
999 3
1000 3
1001 3
1002 3
1003 3
1004 3
1015 3
1016 3
1017 3
1018 3
1019 3
1020 3
1021 3
1022 3
1023 3
1024 3
1035 3
1036 3
1037 3
1038 3
1039 3
1040 3
1041 3
1042 3
1043 3
1044 3
1055 3
1056 3
1057 3
1058 3
1059 3
1060 3
1061 3
1062 3
1063 3
1064 3
1075 3
1076 3
1077 3
1078 3
1079 3
1080 3
1081 3
1082 3
1083 3
1084 3
1095 3
1096 3
1097 3
1098 3
1099 3
1100 3
1101 3
1102 3
1103 3
1104 3
1115 3
1116 3
1117 3
1118 3
1119 3
1120 3
1121 3
1122 3
1123 3
1124 3
1135 4
1136 4
1137 4
1138 4
1139 4
1140 4
1141 4
1142 4
1143 4
1144 4
1155 3
1156 3
1157 3
1158 3
1159 3
1160 3
1161 3
1162 3
1163 3
1164 4
1165 4
1166 4
1167 4
1168 4
1169 4
1170 4
1171 4
1172 4
1173 4
1174 4
1185 3
1186 3
1187 3
1188 3
1189 3
1190 3
1191 3
1192 3
1193 3
1194 3
1205 6
1206 6
1207 6
1208 6
1209 6
1210 6
1211 6
1212 6
1213 6
1214 6
1225 3
1226 3
1227 3
1228 3
1229 3
1230 3
1231 3
1232 3
1233 4
1234 4
1235 4
1236 4
1237 4
1238 4
1239 4
1240 4
1241 4
1242 4
1243 4
1254 3
1255 3
1256 3
1257 3
1258 3
1259 3
1260 3
1261 3
1262 3
1263 3
1274 4
1275 4
1276 4
1277 4
1278 4
1279 4
1280 4
1281 4
1282 4
1283 4
1294 3
1295 3
1296 3
1297 3
1298 3
1299 3
1300 3
1301 3
1302 3
1303 3
1314 3
1315 3
1316 3
1317 3
1318 3
1319 3
1320 3
1321 3
1322 3
1323 3
1334 4
1335 4
1336 4
1337 4
1338 4
1339 4
1340 4
1341 4
1342 6
1343 6
1344 6
1345 6
1346 6
1347 6
1348 6
1349 6
1350 6
1351 6
1352 6
1363 6
1364 6
1365 6
1366 6
1367 6
1368 6
1369 6
1370 6
1371 6
1372 6
1383 3
1384 3
1385 3
1386 3
1387 3
1388 3
1389 4
1390 4
1391 4
1392 4
1393 4
1394 4
1395 4
1396 4
1397 4
1398 4
1399 4
1410 4
1411 4
1412 4
1413 4
1414 4
1415 4
1416 4
1417 4
1418 4
1419 4
1430 6
1431 6
1432 6
1433 6
1434 6
1435 6
1436 6
1437 6
1438 6
1439 6
1450 3
1451 3
1452 3
1453 3
1454 3
1455 3
1456 3
1457 3
1458 3
1459 3
1470 4
1471 4
1472 4
1473 4
1474 4
1475 4
1476 4
1477 4
1478 4
1479 4
1490 3
1491 3
1492 3
1493 3
1494 3
1495 3
1496 3
1497 3
1498 3
1499 3
1510 6
1511 6
1512 6
1513 6
1514 6
1515 6
1516 6
1517 6
1518 6
1519 6
1530 3
1531 3
1532 3
1533 3
1534 3
1535 3
1536 3
1537 3
1538 3
1539 3
1550 3
1551 3
1552 3
1553 3
1554 3
1555 3
1556 3
1557 3
1558 3
1559 3
1570 3
1571 3
1572 3
1573 3
1574 6
1575 6
1576 6
1577 6
1578 6
1579 6
1580 6
1581 6
1582 6
1583 6
1584 6
1595 6
1596 6
1597 6
1598 6
1599 6
1600 6
1601 6
1602 6
1603 6
1604 6
1605 6
1616 3
1617 3
1618 3
1619 3
1620 3
1621 3
1622 3
1623 3
1624 3
1625 3
1636 4
1637 4
1638 4
1639 4
1640 4
1641 4
1642 4
1643 4
1644 4
1645 4
1656 3
1657 3
1658 3
1659 3
1660 3
1661 3
1662 3
1663 3
1664 3
1665 3
1676 3
1677 3
1678 3
1679 4
1680 4
1681 4
1682 4
1683 4
1684 4
1685 4
1686 4
1687 4
1688 4
1689 4
1700 6
1701 6
1702 6
1703 6
1704 6
1705 6
1706 6
1707 6
1708 6
1709 6
1720 3
1721 3
1722 3
1723 3
1724 3
1725 3
1726 3
1727 3
1728 3
1729 3
1740 3
1741 3
1742 3
1743 3
1744 3
1745 4
1746 4
1747 4
1748 4
1749 4
1750 4
1751 4
1752 4
1753 4
1754 4
1755 4
1766 3
1767 3
1768 3
1769 3
1770 3
1771 3
1772 3
1773 3
1774 3
1775 3
1786 6
1787 6
1788 6
1789 6
1790 6
1791 6
1792 6
1793 6
1794 6
1795 6
1806 3
1807 3
1808 3
1809 3
1810 3
1811 3
1812 3
1813 3
1814 3
1815 3
1826 6
1827 6
1828 6
1829 6
1830 6
1831 6
1832 6
1833 6
1834 6
1835 6
1846 3
1847 3
1848 3
1849 3
1850 3
1851 3
1852 3
1853 3
1854 3
1855 3
1866 3
1867 3
1868 3
1869 3
1870 3
1871 3
1872 3
1873 3
1874 3
1875 3
1886 3
1887 3
1888 3
1889 3
1890 3
1891 3
1892 3
1893 3
1894 3
1895 3
1906 3
1907 3
1908 3
1909 3
1910 3
1911 3
1912 3
1913 3
1914 3
1915 3
1926 3
1927 3
1928 3
1929 3
1930 3
1931 3
1932 3
1933 3
1934 3
1935 3
1946 3
1947 3
1948 3
1949 3
1950 3
1951 3
1952 3
1953 3
1954 3
1955 3
1966 3
1967 3
1968 3
1969 3
1970 3
1971 3
1972 3
1973 3
1974 3
1975 4
1976 4
1977 4
1978 4
1979 4
1980 4
1981 4
1982 4
1983 4
1984 4
1985 4
1996 3
1997 3
1998 3
1999 3
2000 3
2001 3
2002 3
2003 3
2004 3
2005 4
2006 4
2007 4
2008 4
2009 4
2010 4
2011 4
2012 4
2013 4
2014 4
2015 4
2026 3
2027 3
2028 3
2029 6
2030 6
2031 6
2032 6
2033 6
2034 6
2035 6
2036 6
2037 6
2038 6
2039 6
2050 4
2051 4
2052 4
2053 4
2054 4
2055 4
2056 4
2057 4
2058 4
2059 4
2070 4
2071 4
2072 4
2073 4
2074 4
2075 4
2076 4
2077 4
2078 4
2079 4
2090 4
2091 4
2092 4
2093 4
2094 4
2095 4
2096 4
2097 4
2098 4
2099 4
2100 4
2111 3
2112 3
2113 3
2114 3
2115 3
2116 3
2117 3
2118 3
2119 3
2120 3
2131 3
2132 3
2133 3
2134 3
2135 3
2136 3
2137 3
2138 3
2139 3
2140 3
2151 3
2152 3
2153 3
2154 3
2155 3
2156 3
2157 3
2158 3
2159 3
2160 3
2171 3
2172 3
2173 3
2174 3
2175 3
2176 3
2177 3
2178 3
2179 3
2180 3
2191 3
2192 3
2193 3
2194 3
2195 3
2196 3
2197 3
2198 3
2199 3
2200 3
2211 3
2212 3
2213 3
2214 3
2215 3
2216 3
2217 3
2218 3
2219 3
2220 3
2231 3
2232 3
2233 3
2234 3
2235 3
2236 3
2237 3
2238 3
2239 3
2240 3
2251 3
2252 3
2253 3
2254 3
2255 3
2256 3
2257 3
2258 3
2259 3
2260 3
2271 3
2272 3
2273 3
2274 3
2275 3
2276 3
2277 6
2278 6
2279 6
2280 6
2281 6
2282 6
2283 6
2284 6
2285 6
2286 6
2287 6
2298 4
2299 4
2300 4
2301 4
2302 4
2303 4
2304 4
2305 4
2306 4
2307 4
2318 3
2319 3
2320 3
2321 3
2322 6
2323 6
2324 6
2325 6
2326 6
2327 6
2328 6
2329 6
2330 6
2331 6
2332 6
2343 6
2344 6
2345 6
2346 6
2347 6
2348 6
2349 6
2350 6
2351 6
2352 6
2363 6
2364 6
2365 6
2366 6
2367 6
2368 6
2369 6
2370 6
2371 6
2372 6
2383 3
2384 3
2385 3
2386 3
2387 3
2388 3
2389 3
2390 3
2391 3
2392 4
2393 4
2394 4
2395 4
2396 4
2397 4
2398 4
2399 4
2400 4
2401 4
2402 4
2413 4
2414 4
2415 4
2416 4
2417 4
2418 4
2419 4
2420 4
2421 4
2422 4
2433 4
2434 4
2435 4
2436 4
2437 4
2438 4
2439 4
2440 4
2441 4
2442 4
2453 4
2454 4
2455 4
2456 4
2457 4
2458 4
2459 4
2460 4
2461 4
2462 4
2473 3
2474 3
2475 3
2476 3
2477 3
2478 3
2479 3
2480 3
2481 3
2482 3
2493 6
2494 6
2495 6
2496 6
2497 6
2498 6
2499 6
2500 6
2501 6
2502 6
2513 3
2514 3
2515 3
2516 3
2517 3
2518 3
2519 3
2520 3
2521 3
2522 3
2533 3
2534 3
2535 3
2536 3
2537 3
2538 3
2539 3
2540 3
2541 3
2542 3
2553 3
2554 3
2555 3
2556 3
2557 3
2558 3
2559 3
2560 3
2561 3
2562 3
2573 3
2574 4
2575 4
2576 4
2577 4
2578 4
2579 4
2580 4
2581 4
2582 4
2583 4
2584 4
2595 3
2596 3
2597 3
2598 3
2599 3
2600 3
2601 3
2602 3
2603 3
2604 3
2615 3
2616 3
2617 6
2618 6
2619 6
2620 6
2621 6
2622 6
2623 6
2624 6
2625 6
2626 6
2627 6
2638 3
2639 3
2640 3
2641 3
2642 3
2643 3
2644 3
2645 3
2646 3
2647 3
2658 3
2659 3
2660 3
2661 3
2662 3
2663 3
2664 3
2665 3
2666 3
2667 3
2678 3
2679 3
2680 6
2681 6
2682 6
2683 6
2684 6
2685 6
2686 6
2687 6
2688 6
2689 6
2690 6
2701 3
2702 3
2703 3
2704 3
2705 3
2706 3
2707 3
2708 3
2709 3
2710 3
2721 6
2722 6
2723 6
2724 6
2725 6
2726 6
2727 6
2728 6
2729 6
2730 6
2741 3
2742 3
2743 3
2744 3
2745 3
2746 3
2747 3
2748 3
2749 3
2750 3
2761 3
2762 3
2763 3
2764 3
2765 3
2766 3
2767 3
2768 3
2769 3
2770 3
2781 3
2782 3
2783 3
2784 3
2785 3
2786 3
2787 3
2788 3
2789 3
2790 4
2791 4
2792 4
2793 4
2794 4
2795 4
2796 4
2797 4
2798 4
2799 4
2800 4
2811 3
2812 3
2813 3
2814 3
2815 3
2816 3
2817 3
2818 3
2819 3
2820 3
2831 3
2832 3
2833 3
2834 3
2835 3
2836 3
2837 3
2838 3
2839 3
2840 4
2841 4
2842 4
2843 4
2844 4
2845 4
2846 4
2847 4
2848 4
2849 4
2850 4
2861 4
2862 4
2863 4
2864 4
2865 4
2866 4
2867 4
2868 4
2869 4
2870 4
2881 3
2882 4
2883 4
2884 4
2885 4
2886 4
2887 4
2888 4
2889 4
2890 4
2891 4
2892 4
2903 3
2904 6
2905 6
2906 6
2907 6
2908 6
2909 6
2910 6
2911 6
2912 6
2913 6
2914 6
2925 6
2926 6
2927 6
2928 6
2929 6
2930 6
2931 6
2932 6
2933 6
2934 6
2945 4
2946 4
2947 4
2948 4
2949 4
2950 4
2951 4
2952 4
2953 4
2954 4
2965 3
2966 3
2967 3
2968 3
2969 3
2970 3
2971 3
2972 3
2973 3
2974 4
2975 4
2976 4
2977 4
2978 4
2979 4
2980 4
2981 4
2982 4
2983 4
2984 4
2995 4
2996 4
2997 4
2998 4
2999 4
3000 4
3001 4
3002 4
3003 4
3004 4
3015 3
3016 3
3017 3
3018 3
3019 3
3020 4
3021 4
3022 4
3023 4
3024 4
3025 4
3026 4
3027 4
3028 4
3029 4
3030 4
3041 3
3042 6
3043 6
3044 6
3045 6
3046 6
3047 6
3048 6
3049 6
3050 6
3051 6
3052 6
3063 3
3064 3
3065 3
3066 3
3067 3
3068 3
3069 3
3070 3
3071 3
3072 3
3083 3
3084 3
3085 3
3086 3
3087 3
3088 3
3089 3
3090 3
3091 3
3092 3
3103 3
3104 3
3105 3
3106 3
3107 3
3108 3
3109 3
3110 3
3111 3
3112 3
3123 6
3124 6
3125 6
3126 6
3127 6
3128 6
3129 6
3130 6
3131 6
3132 6
3143 3
3144 3
3145 3
3146 3
3147 3
3148 3
3149 3
3150 3
3151 3
3152 3
3163 3
3164 3
3165 3
3166 3
3167 3
3168 3
3169 3
3170 3
3171 3
3172 3
3183 3
3184 6
3185 6
3186 6
3187 6
3188 6
3189 6
3190 6
3191 6
3192 6
3193 6
3194 6
3205 3
3206 3
3207 3
3208 3
3209 4
3210 4
3211 4
3212 4
3213 4
3214 4
3215 4
3216 4
3217 4
3218 4
3219 4
3230 3
3231 3
3232 3
3233 3
3234 4
3235 4
3236 4
3237 4
3238 4
3239 4
3240 4
3241 4
3242 4
3243 4
3244 4
3255 3
3256 3
3257 3
3258 3
3259 3
3260 3
3261 3
3262 3
3263 3
3264 3
3275 3
3276 3
3277 3
3278 3
3279 3
3280 3
3281 3
3282 3
3283 3
3284 3
3295 3
3296 3
3297 3
3298 3
3299 3
3300 3
3301 3
3302 3
3303 3
3304 3
3315 4
3316 4
3317 4
3318 4
3319 4
3320 4
3321 4
3322 4
3323 4
3324 4
3335 3
3336 3
3337 3
3338 3
3339 3
3340 3
3341 3
3342 3
3343 3
3344 3
3355 4
3356 4
3357 4
3358 4
3359 4
3360 4
3361 4
3362 4
3363 4
3364 4
3375 6
3376 6
3377 6
3378 6
3379 6
3380 6
3381 6
3382 6
3383 6
3384 6
3395 3
3396 3
3397 3
3398 3
3399 3
3400 3
3401 3
3402 3
3403 3
3404 3
3415 4
3416 4
3417 4
3418 4
3419 4
3420 4
3421 4
3422 4
3423 4
3424 4
3435 3
3436 3
3437 3
3438 3
3439 3
3440 3
3441 3
3442 3
3443 3
3444 3
3455 4
3456 4
3457 4
3458 4
3459 4
3460 4
3461 4
3462 4
3463 4
3464 4
3465 4
3476 3
3477 3
3478 3
3479 3
3480 3
3481 3
3482 3
3483 3
3484 3
3485 3
3496 3
3497 3
3498 3
3499 3
3500 3
3501 3
3502 3
3503 3
3504 3
3505 3
3516 3
3517 3
3518 3
3519 3
3520 3
3521 3
3522 3
3523 3
3524 3
3525 3
3536 4
3537 4
3538 4
3539 4
3540 4
3541 4
3542 4
3543 4
3544 4
3545 4
3556 6
3557 6
3558 6
3559 6
3560 6
3561 6
3562 6
3563 6
3564 6
3565 6
3576 4
3577 4
3578 4
3579 4
3580 4
3581 4
3582 4
3583 4
3584 4
3585 4
3596 6
3597 6
3598 6
3599 6
3600 6
3601 6
3602 6
3603 6
3604 6
3605 6
3616 3
3617 3
3618 3
3619 3
3620 3
3621 4
3622 4
3623 4
3624 4
3625 4
3626 4
3627 4
3628 4
3629 4
3630 4
3631 4
3642 3
3643 3
3644 3
3645 3
3646 3
3647 3
3648 3
3649 3
3650 3
3651 3
3662 3
3663 3
3664 3
3665 3
3666 3
3667 3
3668 3
3669 3
3670 3
3671 3
3682 4
3683 4
3684 4
3685 4
3686 4
3687 4
3688 4
3689 4
3690 4
3691 4
3702 6
3703 6
3704 6
3705 6
3706 6
3707 6
3708 6
3709 6
3710 6
3711 6
3712 6
3723 4
3724 4
3725 4
3726 4
3727 4
3728 4
3729 4
3730 4
3731 4
3732 4
3743 4
3744 4
3745 4
3746 4
3747 4
3748 4
3749 4
3750 4
3751 4
3752 4
3763 3
3764 3
3765 4
3766 4
3767 4
3768 4
3769 4
3770 4
3771 4
3772 4
3773 4
3774 4
3775 4
3786 3
3787 3
3788 3
3789 3
3790 3
3791 3
3792 3
3793 3
3794 3
3795 3
3806 3
3807 3
3808 3
3809 3
3810 3
3811 3
3812 3
3813 3
3814 3
3815 3
3826 3
3827 3
3828 3
3829 3
3830 3
3831 3
3832 3
3833 3
3834 3
3835 3
3846 2
3847 2
3848 2
3849 2
3850 2
3851 2
3852 2
3853 2
3854 2
3855 2
3866 3
3867 3
3868 3
3869 3
3870 3
3871 3
3872 3
3873 3
3874 3
3875 3
3886 3
3887 3
3888 3
3889 3
3890 3
3891 3
3892 3
3893 3
3894 3
3895 3
3906 3
3907 3
3908 3
3909 3
3910 3
3911 3
3912 3
3913 3
3914 3
3915 3
3926 4
3927 4
3928 4
3929 4
3930 4
3931 4
3932 4
3933 4
3934 4
3935 4
3936 6
3937 6
3938 6
3939 6
3940 6
3941 6
3942 6
3943 6
3944 6
3945 6
3946 6
3957 3
3958 3
3959 3
3960 3
3961 3
3962 6
3963 6
3964 6
3965 6
3966 6
3967 6
3968 6
3969 6
3970 6
3971 6
3972 6
3983 3
3984 3
3985 3
3986 3
3987 3
3988 3
3989 3
3990 3
3991 3
3992 3
4003 3
4004 3
4005 3
4006 3
4007 3
4008 3
4009 3
4010 3
4011 3
4012 3
4023 4
4024 4
4025 4
4026 4
4027 4
4028 4
4029 4
4030 4
4031 4
4032 4
4043 4
4044 4
4045 4
4046 4
4047 4
4048 4
4049 4
4050 4
4051 4
4052 4
4063 3
4064 3
4065 3
4066 3
4067 3
4068 3
4069 3
4070 3
4071 3
4072 3
4083 3
4084 3
4085 6
4086 6
4087 6
4088 6
4089 6
4090 6
4091 6
4092 6
4093 6
4094 6
4095 6
4106 3
4107 3
4108 3
4109 3
4110 3
4111 3
4112 3
4113 4
4114 4
4115 4
4116 4
4117 4
4118 4
4119 4
4120 4
4121 4
4122 4
4123 4
4134 3
4135 3
4136 3
4137 3
4138 3
4139 3
4140 3
4141 3
4142 3
4143 3
4154 3
4155 3
4156 3
4157 3
4158 3
4159 3
4160 3
4161 3
4162 3
4163 3
4174 3
4175 3
4176 3
4177 3
4178 3
4179 3
4180 3
4181 3
4182 3
4183 3
4194 6
4195 6
4196 6
4197 6
4198 6
4199 6
4200 6
4201 6
4202 6
4203 6
4214 3
4215 3
4216 3
4217 3
4218 3
4219 3
4220 3
4221 3
4222 3
4223 3
4234 3
4235 3
4236 3
4237 3
4238 3
4239 3
4240 3
4241 3
4242 3
4243 3
4254 3
4255 3
4256 3
4257 3
4258 3
4259 3
4260 3
4261 3
4262 3
4263 3
4274 3
4275 3
4276 3
4277 3
4278 3
4279 3
4280 3
4281 3
4282 3
4283 3
4294 4
4295 4
4296 4
4297 4
4298 4
4299 4
4300 4
4301 4
4302 4
4303 4
4314 3
4315 4
4316 4
4317 4
4318 4
4319 4
4320 4
4321 4
4322 4
4323 4
4324 4
4325 4
4336 3
4337 3
4338 3
4339 3
4340 3
4341 3
4342 3
4343 3
4344 3
4345 3
4356 4
4357 4
4358 4
4359 4
4360 4
4361 4
4362 4
4363 4
4364 4
4365 4
4376 4
4377 4
4378 4
4379 4
4380 4
4381 4
4382 4
4383 4
4384 4
4385 4
4396 4
4397 4
4398 4
4399 4
4400 4
4401 6
4402 6
4403 6
4404 6
4405 6
4406 6
4407 6
4408 6
4409 6
4410 6
4411 6
4422 3
4423 3
4424 3
4425 3
4426 3
4427 3
4428 3
4429 3
4430 3
4431 3
4442 3
4443 3
4444 3
4445 3
4446 3
4447 3
4448 3
4449 3
4450 3
4451 3
4462 3
4463 3
4464 3
4465 3
4466 3
4467 3
4468 3
4469 3
4470 3
4471 3
4482 3
4483 6
4484 6
4485 6
4486 6
4487 6
4488 6
4489 6
4490 6
4491 6
4492 6
4493 6
4504 3
4505 3
4506 3
4507 3
4508 3
4509 3
4510 3
4511 3
4512 3
4513 3
4524 3
4525 3
4526 3
4527 3
4528 3
4529 3
4530 3
4531 3
4532 3
4533 3
4544 3
4545 3
4546 3
4547 3
4548 3
4549 3
4550 3
4551 3
4552 3
4553 3
4564 3
4565 3
4566 3
4567 3
4568 3
4569 3
4570 3
4571 3
4572 3
4573 3
4584 3
4585 3
4586 3
4587 3
4588 3
4589 3
4590 3
4591 3
4592 3
4593 3
4604 3
4605 3
4606 3
4607 3
4608 3
4609 3
4610 3
4611 3
4612 3
4613 3
4624 3
4625 3
4626 3
4627 3
4628 3
4629 4
4630 4
4631 6
4632 6
4633 6
4634 6
4635 6
4636 6
4637 6
4638 6
4639 6
4640 6
4641 6
4652 3
4653 3
4654 3
4655 3
4656 3
4657 3
4658 3
4659 3
4660 3
4661 3
4672 3
4673 3
4674 3
4675 3
4676 3
4677 3
4678 3
4679 3
4680 3
4681 3
4692 3
4693 3
4694 3
4695 3
4696 3
4697 3
4698 3
4699 3
4700 3
4701 3
4712 3
4713 3
4714 3
4715 3
4716 3
4717 3
4718 3
4719 3
4720 6
4721 6
4722 6
4723 6
4724 6
4725 6
4726 6
4727 6
4728 6
4729 6
4730 6
4741 3
4742 3
4743 3
4744 3
4745 3
4746 3
4747 3
4748 3
4749 3
4750 3
4761 4
4762 4
4763 4
4764 4
4765 4
4766 4
4767 4
4768 4
4769 4
4770 4
4781 3
4782 3
4783 3
4784 3
4785 3
4786 3
4787 3
4788 3
4789 3
4790 3
4801 4
4802 4
4803 4
4804 4
4805 4
4806 4
4807 4
4808 4
4809 4
4810 4
4821 4
4822 4
4823 4
4824 4
4825 4
4826 4
4827 4
4828 4
4829 4
4830 4
4841 3
4842 3
4843 3
4844 3
4845 3
4846 3
4847 3
4848 3
4849 3
4850 3
4861 4
4862 4
4863 4
4864 4
4865 4
4866 4
4867 4
4868 4
4869 4
4870 4
4881 4
4882 4
4883 4
4884 4
4885 4
4886 4
4887 4
4888 4
4889 4
4890 4
4901 4
4902 4
4903 4
4904 4
4905 4
4906 4
4907 4
4908 4
4909 4
4910 4
4921 3
4922 3
4923 3
4924 3
4925 3
4926 3
4927 3
4928 3
4929 3
4930 3
4941 4
4942 4
4943 4
4944 4
4945 4
4946 4
4947 4
4948 4
4949 4
4950 4
4961 3
4962 3
4963 3
4964 3
4965 3
4966 3
4967 3
4968 3
4969 3
4970 3
4981 3
4982 3
4983 3
4984 4
4985 4
4986 4
4987 4
4988 4
4989 4
4990 4
4991 4
4992 4
4993 4
4994 4
