0 1
1 1
2 1
3 1
4 1
5 1
6 1
7 1
8 1
9 1
20 1
21 1
22 1
23 1
24 1
25 1
26 1
27 1
28 1
29 1
40 1
41 2
42 2
43 2
44 2
45 2
46 2
47 2
48 2
49 2
50 2
51 2
62 2
63 2
64 2
65 2
66 2
67 2
68 2
69 2
70 2
71 2
82 2
83 2
84 2
85 2
86 2
87 2
88 2
89 2
90 2
91 2
102 2
103 2
104 2
105 2
106 2
107 2
108 2
109 2
110 2
111 2
122 2
123 2
124 2
125 2
126 2
127 2
128 2
129 2
130 2
131 2
142 2
143 2
144 2
145 2
146 2
147 2
148 2
149 2
150 2
151 2
162 2
163 2
164 2
165 2
166 2
167 2
168 2
169 2
170 2
171 2
182 2
183 2
184 2
185 2
186 2
187 2
188 2
189 2
190 2
191 2
202 2
203 2
204 2
205 2
206 2
207 2
208 2
209 2
210 2
211 2
222 2
223 2
224 2
225 2
226 2
227 2
228 2
229 2
230 2
231 2
242 2
243 2
244 2
245 2
246 2
247 2
248 2
249 2
250 2
251 2
262 2
263 2
264 2
265 2
266 2
267 2
268 2
269 2
270 2
271 2
282 2
283 2
284 2
285 2
286 2
287 2
288 2
289 2
290 2
291 2
302 2
303 2
304 2
305 2
306 2
307 2
308 2
309 2
310 2
311 2
322 2
323 2
324 2
325 2
326 2
327 2
328 2
329 2
330 2
331 2
342 3
343 3
344 3
345 3
346 3
347 3
348 3
349 3
350 3
351 3
362 3
363 3
364 3
365 3
366 3
367 4
368 4
369 5
370 5
371 5
372 5
373 5
374 5
375 5
376 5
377 5
378 5
379 5
390 4
391 4
392 4
393 4
394 4
395 4
396 4
397 4
398 4
399 4
410 4
411 4
412 4
413 4
414 4
415 4
416 4
417 4
418 4
419 4
430 4
431 4
432 4
433 4
434 4
435 4
436 4
437 4
438 4
439 4
450 5
451 5
452 5
453 5
454 5
455 5
456 5
457 5
458 5
459 5
470 7
471 7
472 7
473 7
474 7
475 7
476 7
477 7
478 7
479 7
490 6
491 6
492 6
493 7
494 7
495 7
496 7
497 7
498 7
499 7
500 7
501 7
502 7
503 7
514 6
515 6
516 6
517 6
518 7
519 7
520 7
521 7
522 7
523 7
524 7
525 7
526 7
527 7
528 7
539 6
540 6
541 6
542 6
543 6
544 6
545 6
546 6
547 6
548 6
559 6
560 6
561 6
562 6
563 6
564 6
565 6
566 6
567 6
568 6
579 6
580 6
581 6
582 6
583 7
584 7
585 7
586 7
587 7
588 7
589 7
590 7
591 7
592 7
593 7
604 6
605 6
606 6
607 6
608 6
609 6
610 6
611 6
612 6
613 6
624 6
625 6
626 6
627 6
628 6
629 6
630 6
631 6
632 6
633 6
644 6
645 6
646 6
647 6
648 6
649 6
650 6
651 6
652 6
653 6
664 6
665 6
666 6
667 6
668 6
669 6
670 6
671 6
672 6
673 6
684 6
685 6
686 6
687 6
688 6
689 6
690 6
691 6
692 6
693 6
704 7
705 7
706 7
707 7
708 7
709 7
710 7
711 7
712 7
713 7
724 7
725 7
726 7
727 7
728 7
729 7
730 7
731 7
732 7
733 7
744 6
745 7
746 7
747 7
748 7
749 7
750 7
751 7
752 7
753 7
754 7
755 7
766 7
767 7
768 7
769 7
770 7
771 7
772 7
773 7
774 7
775 7
786 6
787 6
788 6
789 6
790 6
791 6
792 6
793 6
794 6
795 6
806 6
807 6
808 6
809 6
810 6
811 6
812 6
813 6
814 6
815 6
826 6
827 6
828 6
829 6
830 6
831 6
832 6
833 6
834 6
835 6
846 6
847 6
848 6
849 6
850 6
851 6
852 6
853 7
854 7
855 7
856 7
857 7
858 7
859 7
860 7
861 7
862 7
863 7
874 7
875 7
876 7
877 7
878 7
879 7
880 7
881 7
882 7
883 7
894 7
895 7
896 7
897 7
898 7
899 7
900 7
901 7
902 7
903 7
914 6
915 6
916 6
917 7
918 7
919 7
920 7
921 7
922 7
923 7
924 7
925 7
926 7
927 7
938 6
939 6
940 6
941 6
942 6
943 6
944 6
945 6
946 7
947 7
948 7
949 7
950 7
951 7
952 7
953 7
954 7
955 7
956 7
967 6
968 6
969 6
970 6
971 6
972 6
973 6
974 6
975 6
976 6
987 7
988 7
989 7
990 7
991 7
992 7
993 7
994 7
995 7
996 7
1007 7
1008 7
1009 7
1010 7
1011 7
1012 7
1013 7
1014 7
1015 7
1016 7
1027 7
1028 7
1029 7
1030 7
1031 7
1032 7
1033 7
1034 7
1035 7
1036 7
1047 7
1048 7
1049 7
1050 7
1051 7
1052 7
1053 7
1054 7
1055 7
1056 7
1067 6
1068 6
1069 6
1070 6
1071 6
1072 6
1073 6
1074 6
1075 6
1076 6
1087 6
1088 6
1089 6
1090 6
1091 6
1092 6
1093 6
1094 6
1095 7
1096 7
1097 7
1098 7
1099 7
1100 7
1101 7
1102 7
1103 7
1104 7
1105 7
1116 6
1117 6
1118 6
1119 6
1120 6
1121 6
1122 6
1123 6
1124 6
1125 6
1136 6
1137 6
1138 6
1139 6
1140 6
1141 6
1142 6
1143 6
1144 6
1145 6
1156 7
1157 7
1158 7
1159 7
1160 7
1161 7
1162 7
1163 7
1164 7
1165 7
1176 7
1177 7
1178 7
1179 7
1180 7
1181 7
1182 7
1183 7
1184 7
1185 7
1196 7
1197 7
1198 7
1199 7
1200 7
1201 7
1202 7
1203 7
1204 7
1205 7
1216 6
1217 6
1218 6
1219 6
1220 6
1221 6
1222 6
1223 6
1224 6
1225 6
1236 6
1237 6
1238 6
1239 6
1240 6
1241 6
1242 6
1243 6
1244 7
1245 7
1246 7
1247 7
1248 7
1249 7
1250 7
1251 7
1252 7
1253 7
1254 7
1265 7
1266 7
1267 7
1268 7
1269 7
1270 7
1271 7
1272 7
1273 7
1274 7
1285 7
1286 7
1287 7
1288 7
1289 7
1290 7
1291 7
1292 7
1293 7
1294 7
1305 6
1306 7
1307 7
1308 7
1309 7
1310 7
1311 7
1312 7
1313 7
1314 7
1315 7
1316 7
1327 6
1328 6
1329 6
1330 6
1331 7
1332 7
1333 7
1334 7
1335 7
1336 7
1337 7
1338 7
1339 7
1340 7
1341 7
1352 6
1353 6
1354 6
1355 6
1356 6
1357 6
1358 6
1359 6
1360 6
1361 6
1372 7
1373 7
1374 7
1375 7
1376 7
1377 7
1378 7
1379 7
1380 7
1381 7
1392 6
1393 6
1394 6
1395 6
1396 6
1397 6
1398 6
1399 6
1400 6
1401 6
1412 6
1413 6
1414 6
1415 6
1416 6
1417 6
1418 6
1419 6
1420 6
1421 6
1432 7
1433 7
1434 7
1435 7
1436 7
1437 7
1438 7
1439 7
1440 7
1441 7
1452 6
1453 6
1454 6
1455 6
1456 6
1457 6
1458 6
1459 6
1460 6
1461 6
1472 6
1473 6
1474 6
1475 6
1476 6
1477 7
1478 7
1479 7
1480 7
1481 7
1482 7
1483 7
1484 7
1485 7
1486 7
1487 7
1498 6
1499 6
1500 6
1501 6
1502 6
1503 7
1504 7
1505 7
1506 7
1507 7
1508 7
1509 7
1510 7
1511 7
1512 7
1513 7
1524 7
1525 7
1526 7
1527 7
1528 7
1529 7
1530 7
1531 7
1532 7
1533 7
1544 6
1545 6
1546 6
1547 6
1548 6
1549 6
1550 6
1551 6
1552 6
1553 6
1564 6
1565 6
1566 6
1567 6
1568 6
1569 6
1570 6
1571 6
1572 6
1573 6
1584 6
1585 6
1586 6
1587 6
1588 6
1589 6
1590 6
1591 6
1592 6
1593 6
1604 6
1605 7
1606 7
1607 7
1608 7
1609 7
1610 7
1611 7
1612 7
1613 7
1614 7
1615 7
1626 6
1627 6
1628 6
1629 6
1630 6
1631 6
1632 6
1633 6
1634 6
1635 6
1646 6
1647 6
1648 6
1649 6
1650 6
1651 6
1652 6
1653 6
1654 6
1655 6
1666 6
1667 6
1668 6
1669 6
1670 6
1671 6
1672 6
1673 6
1674 6
1675 6
1686 7
1687 7
1688 7
1689 7
1690 7
1691 7
1692 7
1693 7
1694 7
1695 7
1706 6
1707 7
1708 7
1709 7
1710 7
1711 7
1712 7
1713 7
1714 7
1715 7
1716 7
1717 7
1728 6
1729 6
1730 6
1731 6
1732 6
1733 6
1734 6
1735 6
1736 6
1737 6
1748 6
1749 6
1750 6
1751 6
1752 7
1753 7
1754 7
1755 7
1756 7
1757 7
1758 7
1759 7
1760 7
1761 7
1762 7
1773 7
1774 7
1775 7
1776 7
1777 7
1778 7
1779 7
1780 7
1781 7
1782 7
1793 7
1794 7
1795 7
1796 7
1797 7
1798 7
1799 7
1800 7
1801 7
1802 7
1813 6
1814 6
1815 6
1816 6
1817 6
1818 6
1819 6
1820 6
1821 6
1822 6
1833 7
1834 7
1835 7
1836 7
1837 7
1838 7
1839 7
1840 7
1841 7
1842 7
1853 7
1854 7
1855 7
1856 7
1857 7
1858 7
1859 7
1860 7
1861 7
1862 7
1873 6
1874 6
1875 6
1876 6
1877 6
1878 6
1879 6
1880 6
1881 6
1882 6
1893 6
1894 6
1895 6
1896 6
1897 6
1898 6
1899 6
1900 6
1901 6
1902 6
1913 7
1914 7
1915 7
1916 7
1917 7
1918 7
1919 7
1920 7
1921 7
1922 7
1933 7
1934 7
1935 7
1936 7
1937 7
1938 7
1939 7
1940 7
1941 7
1942 7
1953 6
1954 6
1955 6
1956 6
1957 6
1958 6
1959 6
1960 6
1961 6
1962 6
1973 7
1974 7
1975 7
1976 7
1977 7
1978 7
1979 7
1980 7
1981 7
1982 7
1993 6
1994 6
1995 6
1996 6
1997 6
1998 6
1999 6
2000 6
2001 6
2002 6
2013 6
2014 6
2015 6
2016 6
2017 6
2018 6
2019 6
2020 6
2021 6
2022 6
2033 7
2034 7
2035 7
2036 7
2037 7
2038 7
2039 7
2040 7
2041 7
2042 7
2053 7
2054 7
2055 7
2056 7
2057 7
2058 7
2059 7
2060 7
2061 7
2062 7
2073 6
2074 7
2075 7
2076 7
2077 7
2078 7
2079 7
2080 7
2081 7
2082 7
2083 7
2084 7
2095 7
2096 7
2097 7
2098 7
2099 7
2100 7
2101 7
2102 7
2103 7
2104 7
2115 7
2116 7
2117 7
2118 7
2119 7
2120 7
2121 7
2122 7
2123 7
2124 7
2135 7
2136 7
2137 7
2138 7
2139 7
2140 7
2141 7
2142 7
2143 7
2144 7
2155 6
2156 6
2157 6
2158 6
2159 6
2160 6
2161 6
2162 6
2163 6
2164 6
2175 6
2176 6
2177 6
2178 6
2179 6
2180 6
2181 6
2182 6
2183 6
2184 6
2195 6
2196 6
2197 6
2198 6
2199 6
2200 6
2201 6
2202 6
2203 6
2204 6
2215 7
2216 7
2217 7
2218 7
2219 7
2220 7
2221 7
2222 7
2223 7
2224 7
2235 7
2236 7
2237 7
2238 7
2239 7
2240 7
2241 7
2242 7
2243 7
2244 7
2255 6
2256 6
2257 6
2258 6
2259 6
2260 6
2261 6
2262 6
2263 6
2264 6
2275 6
2276 6
2277 6
2278 6
2279 6
2280 6
2281 6
2282 6
2283 6
2284 6
2295 6
2296 6
2297 6
2298 6
2299 6
2300 6
2301 6
2302 6
2303 7
2304 7
2305 7
2306 7
2307 7
2308 7
2309 7
2310 7
2311 7
2312 7
2313 7
2324 7
2325 7
2326 7
2327 7
2328 7
2329 7
2330 7
2331 7
2332 7
2333 7
2344 6
2345 6
2346 6
2347 6
2348 6
2349 6
2350 6
2351 6
2352 6
2353 6
2364 7
2365 7
2366 7
2367 7
2368 7
2369 7
2370 7
2371 7
2372 7
2373 7
2384 6
2385 6
2386 6
2387 6
2388 6
2389 6
2390 6
2391 6
2392 7
2393 7
2394 7
2395 7
2396 7
2397 7
2398 7
2399 7
2400 7
2401 7
2402 7
2413 7
2414 7
2415 7
2416 7
2417 7
2418 7
2419 7
2420 7
2421 7
2422 7
2433 6
2434 6
2435 6
2436 6
2437 6
2438 6
2439 6
2440 6
2441 6
2442 6
2453 7
2454 7
2455 7
2456 7
2457 7
2458 7
2459 7
2460 7
2461 7
2462 7
2473 6
2474 6
2475 6
2476 6
2477 6
2478 6
2479 6
2480 6
2481 6
2482 6
2493 6
2494 6
2495 6
2496 6
2497 6
2498 6
2499 6
2500 6
2501 6
2502 6
2513 6
2514 6
2515 6
2516 6
2517 6
2518 6
2519 6
2520 6
2521 6
2522 6
2533 6
2534 6
2535 6
2536 6
2537 6
2538 6
2539 6
2540 6
2541 6
2542 6
2553 6
2554 6
2555 7
2556 7
2557 7
2558 7
2559 7
2560 7
2561 7
2562 7
2563 7
2564 7
2565 7
2576 6
2577 6
2578 6
2579 6
2580 6
2581 6
2582 6
2583 6
2584 6
2585 6
2596 7
2597 7
2598 7
2599 7
2600 7
2601 7
2602 7
2603 7
2604 7
2605 7
2616 6
2617 6
2618 6
2619 6
2620 6
2621 6
2622 6
2623 6
2624 6
2625 6
2636 6
2637 6
2638 6
2639 6
2640 6
2641 7
2642 7
2643 7
2644 7
2645 7
2646 7
2647 7
2648 7
2649 7
2650 7
2651 7
2662 6
2663 6
2664 6
2665 6
2666 6
2667 6
2668 6
2669 6
2670 6
2671 6
2682 6
2683 6
2684 7
2685 7
2686 7
2687 7
2688 7
2689 7
2690 7
2691 7
2692 7
2693 7
2694 7
2705 6
2706 6
2707 6
2708 6
2709 6
2710 6
2711 6
2712 6
2713 6
2714 7
2715 7
2716 7
2717 7
2718 7
2719 7
2720 7
2721 7
2722 7
2723 7
2724 7
2735 7
2736 7
2737 7
2738 7
2739 7
2740 7
2741 7
2742 7
2743 7
2744 7
2755 6
2756 6
2757 6
2758 6
2759 6
2760 6
2761 6
2762 6
2763 6
2764 6
2775 6
2776 6
2777 6
2778 6
2779 6
2780 6
2781 6
2782 6
2783 6
2784 6
2795 6
2796 6
2797 6
2798 6
2799 6
2800 6
2801 6
2802 6
2803 6
2804 6
2815 6
2816 6
2817 6
2818 7
2819 7
2820 7
2821 7
2822 7
2823 7
2824 7
2825 7
2826 7
2827 7
2828 7
2839 6
2840 6
2841 6
2842 6
2843 6
2844 6
2845 6
2846 6
2847 6
2848 6
2859 6
2860 6
2861 6
2862 6
2863 6
2864 6
2865 6
2866 6
2867 6
2868 6
2879 6
2880 6
2881 6
2882 6
2883 6
2884 6
2885 6
2886 6
2887 6
2888 6
2899 7
2900 7
2901 7
2902 7
2903 7
2904 7
2905 7
2906 7
2907 7
2908 7
2919 6
2920 6
2921 6
2922 6
2923 6
2924 6
2925 6
2926 6
2927 6
2928 6
2939 6
2940 6
2941 6
2942 6
2943 6
2944 6
2945 6
2946 6
2947 6
2948 6
2959 6
2960 6
2961 6
2962 7
2963 7
2964 7
2965 7
2966 7
2967 7
2968 7
2969 7
2970 7
2971 7
2972 7
2983 6
2984 6
2985 6
2986 6
2987 6
2988 6
2989 6
2990 7
2991 7
2992 7
2993 7
2994 7
2995 7
2996 7
2997 7
2998 7
2999 7
3000 7
3011 6
3012 7
3013 7
3014 7
3015 7
3016 7
3017 7
3018 7
3019 7
3020 7
3021 7
3022 7
3033 7
3034 7
3035 7
3036 7
3037 7
3038 7
3039 7
3040 7
3041 7
3042 7
3053 6
3054 6
3055 7
3056 7
3057 7
3058 7
3059 7
3060 7
3061 7
3062 7
3063 7
3064 7
3065 7
3076 6
3077 6
3078 6
3079 6
3080 6
3081 6
3082 6
3083 6
3084 6
3085 6
3096 6
3097 6
3098 6
3099 6
3100 6
3101 6
3102 6
3103 6
3104 6
3105 6
3116 7
3117 7
3118 7
3119 7
3120 7
3121 7
3122 7
3123 7
3124 7
3125 7
3136 7
3137 7
3138 7
3139 7
3140 7
3141 7
3142 7
3143 7
3144 7
3145 7
3156 7
3157 7
3158 7
3159 7
3160 7
3161 7
3162 7
3163 7
3164 7
3165 7
3176 7
3177 7
3178 7
3179 7
3180 7
3181 7
3182 7
3183 7
3184 7
3185 7
3196 6
3197 6
3198 6
3199 6
3200 6
3201 6
3202 6
3203 6
3204 6
3205 6
3216 7
3217 7
3218 7
3219 7
3220 7
3221 7
3222 7
3223 7
3224 7
3225 7
3236 6
3237 6
3238 6
3239 6
3240 6
3241 6
3242 6
3243 6
3244 6
3245 6
3256 6
3257 6
3258 6
3259 6
3260 6
3261 6
3262 6
3263 6
3264 6
3265 7
3266 7
3267 7
3268 7
3269 7
3270 7
3271 7
3272 7
3273 7
3274 7
3275 7
3286 6
3287 6
3288 6
3289 6
3290 6
3291 6
3292 6
3293 6
3294 7
3295 7
3296 7
3297 7
3298 7
3299 7
3300 7
3301 7
3302 7
3303 7
3304 7
3315 6
3316 6
3317 6
3318 6
3319 6
3320 6
3321 6
3322 6
3323 6
3324 6
3335 7
3336 7
3337 7
3338 7
3339 7
3340 7
3341 7
3342 7
3343 7
3344 7
3355 6
3356 7
3357 7
3358 7
3359 7
3360 7
3361 7
3362 7
3363 7
3364 7
3365 7
3366 7
3377 6
3378 6
3379 6
3380 6
3381 6
3382 6
3383 6
3384 6
3385 6
3386 6
3397 6
3398 6
3399 6
3400 6
3401 6
3402 6
3403 6
3404 6
3405 6
3406 6
3417 6
3418 6
3419 6
3420 6
3421 6
3422 6
3423 6
3424 6
3425 6
3426 6
3437 7
3438 7
3439 7
3440 7
3441 7
3442 7
3443 7
3444 7
3445 7
3446 7
3457 6
3458 6
3459 6
3460 6
3461 6
3462 6
3463 6
3464 6
3465 6
3466 6
3477 6
3478 6
3479 6
3480 6
3481 6
3482 6
3483 6
3484 6
3485 7
3486 7
3487 7
3488 7
3489 7
3490 7
3491 7
3492 7
3493 7
3494 7
3495 7
3506 7
3507 7
3508 7
3509 7
3510 7
3511 7
3512 7
3513 7
3514 7
3515 7
3526 7
3527 7
3528 7
3529 7
3530 7
3531 7
3532 7
3533 7
3534 7
3535 7
3546 7
3547 7
3548 7
3549 7
3550 7
3551 7
3552 7
3553 7
3554 7
3555 7
3556 7
3567 6
3568 6
3569 6
3570 6
3571 6
3572 6
3573 6
3574 6
3575 6
3576 6
3587 7
3588 7
3589 7
3590 7
3591 7
3592 7
3593 7
3594 7
3595 7
3596 7
3607 6
3608 6
3609 6
3610 6
3611 6
3612 6
3613 6
3614 6
3615 6
3616 7
3617 7
3618 7
3619 7
3620 7
3621 7
3622 7
3623 7
3624 7
3625 7
3626 7
3637 6
3638 6
3639 6
3640 6
3641 6
3642 6
3643 6
3644 6
3645 6
3646 6
3657 6
3658 6
3659 7
3660 7
3661 7
3662 7
3663 7
3664 7
3665 7
3666 7
3667 7
3668 7
3669 7
3680 6
3681 6
3682 6
3683 6
3684 6
3685 6
3686 6
3687 6
3688 6
3689 6
3700 7
3701 7
3702 7
3703 7
3704 7
3705 7
3706 7
3707 7
3708 7
3709 7
3720 7
3721 7
3722 7
3723 7
3724 7
3725 7
3726 7
3727 7
3728 7
3729 7
3740 7
3741 7
3742 7
3743 7
3744 7
3745 7
3746 7
3747 7
3748 7
3749 7
3760 6
3761 6
3762 6
3763 6
3764 6
3765 6
3766 6
3767 6
3768 7
3769 7
3770 7
3771 7
3772 7
3773 7
3774 7
3775 7
3776 7
3777 7
3778 7
3789 7
3790 7
3791 7
3792 7
3793 7
3794 7
3795 7
3796 7
3797 7
3798 7
3799 7
3810 6
3811 6
3812 6
3813 6
3814 6
3815 6
3816 6
3817 6
3818 6
3819 6
3830 7
3831 7
3832 7
3833 7
3834 7
3835 7
3836 7
3837 7
3838 7
3839 7
3850 6
3851 6
3852 7
3853 7
3854 7
3855 7
3856 7
3857 7
3858 7
3859 7
3860 7
3861 7
3862 7
3873 7
3874 7
3875 7
3876 7
3877 7
3878 7
3879 7
3880 7
3881 7
3882 7
3893 7
3894 7
3895 7
3896 7
3897 7
3898 7
3899 7
3900 7
3901 7
3902 7
3913 7
3914 7
3915 7
3916 7
3917 7
3918 7
3919 7
3920 7
3921 7
3922 7
3933 6
3934 6
3935 6
3936 6
3937 6
3938 6
3939 6
3940 6
3941 6
3942 6
3953 7
3954 7
3955 7
3956 7
3957 7
3958 7
3959 7
3960 7
3961 7
3962 7
3973 6
3974 6
3975 6
3976 6
3977 6
3978 6
3979 6
3980 6
3981 6
3982 6
3993 6
3994 6
3995 6
3996 6
3997 6
3998 6
3999 6
4000 7
4001 7
4002 7
4003 7
4004 7
4005 7
4006 7
4007 7
4008 7
4009 7
4010 7
4021 6
4022 6
4023 6
4024 6
4025 6
4026 6
4027 6
4028 6
4029 6
4030 6
4041 7
4042 7
4043 7
4044 7
4045 7
4046 7
4047 7
4048 7
4049 7
4050 7
4061 6
4062 6
4063 7
4064 7
4065 7
4066 7
4067 7
4068 7
4069 7
4070 7
4071 7
4072 7
4073 7
4084 6
4085 6
4086 6
4087 6
4088 6
4089 6
4090 6
4091 6
4092 6
4093 6
4104 6
4105 6
4106 6
4107 6
4108 6
4109 6
4110 6
4111 6
4112 6
4113 6
4124 7
4125 7
4126 7
4127 7
4128 7
4129 7
4130 7
4131 7
4132 7
4133 7
4144 7
4145 7
4146 7
4147 7
4148 7
4149 7
4150 7
4151 7
4152 7
4153 7
4164 7
4165 7
4166 7
4167 7
4168 7
4169 7
4170 7
4171 7
4172 7
4173 7
4184 7
4185 7
4186 7
4187 7
4188 7
4189 7
4190 7
4191 7
4192 7
4193 7
4204 7
4205 7
4206 7
4207 7
4208 7
4209 7
4210 7
4211 7
4212 7
4213 7
4224 7
4225 7
4226 7
4227 7
4228 7
4229 7
4230 7
4231 7
4232 7
4233 7
4244 6
4245 6
4246 6
4247 6
4248 6
4249 6
4250 6
4251 6
4252 6
4253 6
4264 6
4265 6
4266 6
4267 6
4268 6
4269 6
4270 6
4271 6
4272 6
4273 7
4274 7
4275 7
4276 7
4277 7
4278 7
4279 7
4280 7
4281 7
4282 7
4283 7
4294 6
4295 6
4296 7
4297 7
4298 7
4299 7
4300 7
4301 7
4302 7
4303 7
4304 7
4305 7
4306 7
4317 6
4318 6
4319 6
4320 6
4321 6
4322 6
4323 6
4324 6
4325 6
4326 6
4337 7
4338 7
4339 7
4340 7
4341 7
4342 7
4343 7
4344 7
4345 7
4346 7
4357 6
4358 6
4359 7
4360 7
4361 7
4362 7
4363 7
4364 7
4365 7
4366 7
4367 7
4368 7
4369 7
4380 7
4381 7
4382 7
4383 7
4384 7
4385 7
4386 7
4387 7
4388 7
4389 7
4400 7
4401 7
4402 7
4403 7
4404 7
4405 7
4406 7
4407 7
4408 7
4409 7
4420 6
4421 7
4422 7
4423 7
4424 7
4425 7
4426 7
4427 7
4428 7
4429 7
4430 7
4431 7
4442 7
4443 7
4444 7
4445 7
4446 7
4447 7
4448 7
4449 7
4450 7
4451 7
4462 6
4463 6
4464 6
4465 6
4466 6
4467 6
4468 6
4469 6
4470 6
4471 6
4482 6
4483 6
4484 6
4485 6
4486 6
4487 6
4488 6
4489 6
4490 6
4491 6
4502 6
4503 6
4504 6
4505 6
4506 6
4507 7
4508 7
4509 7
4510 7
4511 7
4512 7
4513 7
4514 7
4515 7
4516 7
4517 7
4528 6
4529 6
4530 6
4531 6
4532 6
4533 6
4534 6
4535 6
4536 6
4537 6
4548 7
4549 7
4550 7
4551 7
4552 7
4553 7
4554 7
4555 7
4556 7
4557 7
4568 7
4569 7
4570 7
4571 7
4572 7
4573 7
4574 7
4575 7
4576 7
4577 7
4588 7
4589 7
4590 7
4591 7
4592 7
4593 7
4594 7
4595 7
4596 7
4597 7
4608 7
4609 7
4610 7
4611 7
4612 7
4613 7
4614 7
4615 7
4616 7
4617 7
4628 6
4629 6
4630 6
4631 6
4632 6
4633 6
4634 6
4635 6
4636 6
4637 6
4648 6
4649 6
4650 6
4651 6
4652 6
4653 6
4654 6
4655 6
4656 7
4657 7
4658 7
4659 7
4660 7
4661 7
4662 7
4663 7
4664 7
4665 7
4666 7
4677 6
4678 6
4679 6
4680 6
4681 6
4682 6
4683 6
4684 6
4685 6
4686 6
4697 7
4698 7
4699 7
4700 7
4701 7
4702 7
4703 7
4704 7
4705 7
4706 7
4717 6
4718 6
4719 6
4720 6
4721 7
4722 7
4723 7
4724 7
4725 7
4726 7
4727 7
4728 7
4729 7
4730 7
4731 7
4742 6
4743 6
4744 6
4745 6
4746 6
4747 6
4748 6
4749 6
4750 6
4751 6
4762 6
4763 6
4764 6
4765 6
4766 7
4767 7
4768 7
4769 7
4770 7
4771 7
4772 7
4773 7
4774 7
4775 7
4776 7
4787 6
4788 7
4789 7
4790 7
4791 7
4792 7
4793 7
4794 7
4795 7
4796 7
4797 7
4798 7
4809 7
4810 7
4811 7
4812 7
4813 7
4814 7
4815 7
4816 7
4817 7
4818 7
4819 7
4830 7
4831 7
4832 7
4833 7
4834 7
4835 7
4836 7
4837 7
4838 7
4839 7
4850 6
4851 6
4852 6
4853 6
4854 6
4855 6
4856 6
4857 6
4858 6
4859 6
4870 7
4871 7
4872 7
4873 7
4874 7
4875 7
4876 7
4877 7
4878 7
4879 7
4890 6
4891 7
4892 7
4893 7
4894 7
4895 7
4896 7
4897 7
4898 7
4899 7
4900 7
4901 7
4912 7
4913 7
4914 7
4915 7
4916 7
4917 7
4918 7
4919 7
4920 7
4921 7
4932 6
4933 6
4934 6
4935 6
4936 6
4937 6
4938 6
4939 6
4940 6
4941 6
4952 7
4953 7
4954 7
4955 7
4956 7
4957 7
4958 7
4959 7
4960 7
4961 7
4972 7
4973 7
4974 7
4975 7
4976 7
4977 7
4978 7
4979 7
4980 7
4981 7
4992 6
4993 6
4994 6
4995 6
4996 6
4997 7
4998 7
4999 7
