0 1
1 1
2 1
3 1
4 1
5 1
6 1
7 1
8 1
9 1
20 1
21 1
22 1
23 1
24 1
25 1
26 1
27 1
28 1
29 1
40 1
41 1
42 1
43 1
44 1
45 1
46 1
47 1
48 1
49 1
60 1
61 1
62 1
63 1
64 1
65 1
66 1
67 1
68 1
69 1
80 1
81 1
82 1
83 1
84 1
85 1
86 1
87 1
88 1
89 1
100 1
101 1
102 1
103 1
104 1
105 1
106 1
107 1
108 1
109 1
120 1
121 1
122 1
123 1
124 1
125 1
126 1
127 1
128 1
129 1
140 1
141 1
142 1
143 1
144 1
145 1
146 1
147 1
148 1
149 1
160 1
161 1
162 1
163 1
164 1
165 1
166 1
167 1
168 1
169 1
180 1
181 1
182 1
183 1
184 1
185 1
186 1
187 1
188 1
189 1
200 1
201 1
202 1
203 1
204 1
205 1
206 1
207 1
208 1
209 1
220 1
221 1
222 1
223 1
224 1
225 1
226 1
227 1
228 1
229 1
240 1
241 1
242 1
243 1
244 1
245 1
246 1
247 1
248 1
249 1
260 1
261 1
262 1
263 1
264 1
265 1
266 1
267 1
268 1
269 1
280 1
281 1
282 1
283 1
284 1
285 1
286 1
287 1
288 1
289 1
300 1
301 1
302 1
303 1
304 1
305 1
306 1
307 1
308 1
309 1
320 1
321 1
322 1
323 1
324 1
325 1
326 3
327 3
328 3
329 3
330 3
331 3
332 3
333 3
334 3
335 3
336 3
347 3
348 3
349 3
350 3
351 3
352 3
353 3
354 3
355 3
356 3
367 3
368 3
369 3
370 3
371 3
372 3
373 3
374 3
375 3
376 3
387 3
388 3
389 3
390 3
391 3
392 3
393 3
394 3
395 3
396 3
407 3
408 3
409 3
410 3
411 3
412 3
413 3
414 3
415 3
416 3
427 3
428 3
429 3
430 3
431 3
432 3
433 3
434 3
435 3
436 3
447 3
448 3
449 3
450 3
451 3
452 3
453 3
454 3
455 3
456 4
457 4
458 4
459 4
460 4
461 4
462 4
463 4
464 4
465 4
466 4
477 4
478 4
479 4
480 4
481 4
482 4
483 4
484 4
485 5
486 5
487 5
488 5
489 5
490 5
491 5
492 5
493 5
494 5
495 9
496 9
497 9
498 9
499 9
500 9
501 9
502 9
503 9
504 9
505 9
516 9
517 9
518 10
519 10
520 10
521 10
522 10
523 10
524 10
525 10
526 10
527 10
528 10
539 12
540 12
541 12
542 12
543 12
544 12
545 12
546 12
547 12
548 12
549 12
560 10
561 10
562 10
563 10
564 10
565 10
566 10
567 10
568 10
569 10
580 10
581 10
582 10
583 10
584 10
585 10
586 10
587 10
588 10
589 10
600 10
601 10
602 10
603 10
604 10
605 10
606 10
607 10
608 10
609 10
620 10
621 10
622 10
623 10
624 10
625 10
626 10
627 10
628 10
629 10
640 10
641 10
642 10
643 10
644 10
645 10
646 10
647 10
648 10
649 10
660 10
661 10
662 10
663 10
664 10
665 10
666 10
667 10
668 10
669 10
680 12
681 12
682 12
683 12
684 12
685 12
686 12
687 12
688 12
689 12
700 10
701 10
702 10
703 10
704 10
705 10
706 10
707 10
708 10
709 10
720 10
721 10
722 10
723 10
724 10
725 10
726 10
727 10
728 10
729 10
740 10
741 10
742 10
743 10
744 10
745 10
746 10
747 10
748 10
749 10
760 10
761 10
762 10
763 10
764 10
765 10
766 10
767 10
768 10
769 10
780 10
781 10
782 10
783 10
784 10
785 10
786 10
787 10
788 10
789 10
800 10
801 10
802 10
803 10
804 10
805 10
806 10
807 10
808 10
809 10
820 10
821 10
822 10
823 10
824 10
825 10
826 10
827 10
828 10
829 10
840 12
841 12
842 12
843 12
844 12
845 12
846 12
847 12
848 12
849 12
860 10
861 10
862 10
863 10
864 10
865 10
866 10
867 10
868 10
869 10
880 10
881 10
882 10
883 10
884 10
885 10
886 10
887 10
888 10
889 10
900 10
901 10
902 10
903 10
904 12
905 12
906 12
907 12
908 12
909 12
910 12
911 12
912 12
913 12
914 12
925 10
926 10
927 10
928 10
929 10
930 10
931 10
932 10
933 10
934 10
945 10
946 10
947 10
948 10
949 10
950 10
951 10
952 10
953 10
954 10
965 10
966 10
967 10
968 10
969 10
970 10
971 10
972 10
973 10
974 10
985 10
986 10
987 10
988 10
989 10
990 10
991 10
992 10
993 10
994 10
1005 12
1006 12
1007 12
1008 12
1009 12
1010 12
1011 12
1012 12
1013 12
1014 12
1025 10
1026 10
1027 10
1028 10
1029 10
1030 10
1031 10
1032 12
1033 12
1034 12
1035 12
1036 12
1037 12
1038 12
1039 12
1040 12
1041 12
1042 12
1053 10
1054 10
1055 10
1056 10
1057 10
1058 10
1059 10
1060 10
1061 10
1062 10
1073 10
1074 10
1075 10
1076 10
1077 10
1078 10
1079 10
1080 10
1081 10
1082 10
1093 12
1094 12
1095 12
1096 12
1097 12
1098 12
1099 12
1100 12
1101 12
1102 12
1113 10
1114 10
1115 10
1116 10
1117 10
1118 10
1119 10
1120 10
1121 10
1122 10
1133 10
1134 10
1135 10
1136 10
1137 10
1138 10
1139 10
1140 10
1141 10
1142 10
1153 10
1154 10
1155 10
1156 10
1157 10
1158 10
1159 10
1160 10
1161 10
1162 10
1173 10
1174 10
1175 10
1176 10
1177 10
1178 10
1179 10
1180 10
1181 10
1182 10
1193 10
1194 10
1195 10
1196 10
1197 10
1198 10
1199 10
1200 10
1201 10
1202 10
1213 10
1214 10
1215 10
1216 10
1217 10
1218 10
1219 10
1220 10
1221 10
1222 10
1233 12
1234 12
1235 12
1236 12
1237 12
1238 12
1239 12
1240 12
1241 12
1242 12
1253 10
1254 10
1255 10
1256 10
1257 10
1258 10
1259 10
1260 10
1261 10
1262 12
1263 12
1264 12
1265 12
1266 12
1267 12
1268 12
1269 12
1270 12
1271 12
1272 12
1283 12
1284 12
1285 12
1286 12
1287 12
1288 12
1289 12
1290 12
1291 12
1292 12
1303 10
1304 10
1305 10
1306 10
1307 10
1308 10
1309 10
1310 10
1311 10
1312 10
1323 10
1324 10
1325 10
1326 10
1327 10
1328 10
1329 10
1330 10
1331 10
1332 10
1343 10
1344 10
1345 10
1346 10
1347 10
1348 10
1349 10
1350 10
1351 10
1352 10
1363 10
1364 10
1365 10
1366 10
1367 10
1368 10
1369 10
1370 10
1371 10
1372 10
1383 10
1384 10
1385 10
1386 10
1387 10
1388 10
1389 10
1390 10
1391 10
1392 10
1403 10
1404 10
1405 10
1406 10
1407 10
1408 10
1409 10
1410 10
1411 10
1412 10
1423 10
1424 10
1425 10
1426 10
1427 10
1428 10
1429 10
1430 10
1431 10
1432 10
1443 10
1444 10
1445 10
1446 10
1447 10
1448 10
1449 10
1450 10
1451 10
1452 10
1463 12
1464 12
1465 12
1466 12
1467 12
1468 12
1469 12
1470 12
1471 12
1472 12
1483 10
1484 10
1485 10
1486 10
1487 10
1488 10
1489 10
1490 10
1491 10
1492 10
1503 10
1504 10
1505 10
1506 10
1507 10
1508 10
1509 10
1510 10
1511 10
1512 10
1523 10
1524 10
1525 10
1526 10
1527 10
1528 10
1529 10
1530 10
1531 10
1532 10
1543 10
1544 10
1545 10
1546 10
1547 10
1548 10
1549 10
1550 10
1551 10
1552 10
1563 10
1564 10
1565 10
1566 10
1567 10
1568 10
1569 10
1570 10
1571 10
1572 10
1583 10
1584 10
1585 10
1586 10
1587 10
1588 10
1589 10
1590 10
1591 10
1592 10
1603 10
1604 10
1605 10
1606 10
1607 10
1608 10
1609 10
1610 10
1611 12
1612 12
1613 12
1614 12
1615 12
1616 12
1617 12
1618 12
1619 12
1620 12
1621 12
1632 10
1633 10
1634 10
1635 10
1636 10
1637 10
1638 10
1639 10
1640 10
1641 10
1652 10
1653 10
1654 10
1655 10
1656 10
1657 10
1658 10
1659 10
1660 10
1661 10
1672 10
1673 10
1674 10
1675 10
1676 10
1677 10
1678 10
1679 10
1680 10
1681 10
1692 12
1693 12
1694 12
1695 12
1696 12
1697 12
1698 12
1699 12
1700 12
1701 12
1712 10
1713 10
1714 10
1715 10
1716 10
1717 10
1718 10
1719 10
1720 10
1721 10
1732 10
1733 10
1734 10
1735 10
1736 10
1737 10
1738 10
1739 10
1740 10
1741 10
1752 10
1753 10
1754 10
1755 10
1756 10
1757 10
1758 10
1759 10
1760 10
1761 10
1772 10
1773 10
1774 10
1775 10
1776 10
1777 10
1778 10
1779 10
1780 10
1781 10
1792 10
1793 10
1794 10
1795 10
1796 10
1797 10
1798 10
1799 10
1800 10
1801 10
1812 10
1813 10
1814 10
1815 10
1816 10
1817 10
1818 10
1819 10
1820 10
1821 10
1832 10
1833 10
1834 10
1835 10
1836 10
1837 10
1838 10
1839 10
1840 10
1841 10
1852 10
1853 10
1854 10
1855 10
1856 10
1857 10
1858 10
1859 10
1860 10
1861 10
1872 10
1873 10
1874 10
1875 10
1876 10
1877 10
1878 10
1879 10
1880 10
1881 10
1892 10
1893 10
1894 10
1895 10
1896 10
1897 12
1898 12
1899 12
1900 12
1901 12
1902 12
1903 12
1904 12
1905 12
1906 12
1907 12
1918 10
1919 10
1920 10
1921 10
1922 10
1923 10
1924 10
1925 10
1926 10
1927 10
1938 12
1939 12
1940 12
1941 12
1942 12
1943 12
1944 12
1945 12
1946 12
1947 12
1958 12
1959 12
1960 12
1961 12
1962 12
1963 12
1964 12
1965 12
1966 12
1967 12
1978 10
1979 10
1980 10
1981 10
1982 10
1983 10
1984 10
1985 10
1986 10
1987 10
1998 12
1999 12
2000 12
2001 12
2002 12
2003 12
2004 12
2005 12
2006 12
2007 12
2018 10
2019 10
2020 10
2021 10
2022 10
2023 10
2024 10
2025 10
2026 10
2027 10
2038 10
2039 10
2040 10
2041 10
2042 10
2043 10
2044 10
2045 10
2046 10
2047 10
2058 10
2059 10
2060 10
2061 10
2062 10
2063 10
2064 10
2065 10
2066 10
2067 10
2078 10
2079 10
2080 10
2081 10
2082 10
2083 10
2084 10
2085 10
2086 10
2087 10
2098 12
2099 12
2100 12
2101 12
2102 12
2103 12
2104 12
2105 12
2106 12
2107 12
2118 10
2119 10
2120 10
2121 10
2122 10
2123 10
2124 10
2125 10
2126 10
2127 10
2138 10
2139 12
2140 12
2141 12
2142 12
2143 12
2144 12
2145 12
2146 12
2147 12
2148 12
2149 12
2160 10
2161 10
2162 10
2163 10
2164 10
2165 10
2166 10
2167 10
2168 10
2169 10
2180 10
2181 10
2182 10
2183 10
2184 10
2185 10
2186 10
2187 10
2188 10
2189 10
2200 12
2201 12
2202 12
2203 12
2204 12
2205 12
2206 12
2207 12
2208 12
2209 12
2220 10
2221 10
2222 10
2223 12
2224 12
2225 12
2226 12
2227 12
2228 12
2229 12
2230 12
2231 12
2232 12
2233 12
2244 12
2245 12
2246 12
2247 12
2248 12
2249 12
2250 12
2251 12
2252 12
2253 12
2264 10
2265 10
2266 10
2267 10
2268 10
2269 10
2270 10
2271 10
2272 10
2273 10
2284 10
2285 10
2286 10
2287 10
2288 10
2289 10
2290 10
2291 10
2292 10
2293 10
2304 10
2305 10
2306 10
2307 10
2308 10
2309 10
2310 10
2311 10
2312 10
2313 10
2324 10
2325 10
2326 10
2327 10
2328 10
2329 10
2330 10
2331 10
2332 10
2333 10
2344 10
2345 10
2346 10
2347 10
2348 10
2349 10
2350 10
2351 10
2352 10
2353 10
2364 10
2365 10
2366 10
2367 10
2368 10
2369 10
2370 10
2371 10
2372 10
2373 10
2384 10
2385 10
2386 12
2387 12
2388 12
2389 12
2390 12
2391 12
2392 12
2393 12
2394 12
2395 12
2396 12
2407 10
2408 10
2409 10
2410 10
2411 10
2412 10
2413 10
2414 10
2415 10
2416 10
2427 10
2428 10
2429 10
2430 10
2431 10
2432 10
2433 10
2434 10
2435 10
2436 10
2447 10
2448 10
2449 10
2450 10
2451 12
2452 12
2453 12
2454 12
2455 12
2456 12
2457 12
2458 12
2459 12
2460 12
2461 12
2472 10
2473 10
2474 10
2475 10
2476 10
2477 10
2478 10
2479 10
2480 10
2481 10
2492 10
2493 10
2494 10
2495 10
2496 10
2497 10
2498 10
2499 10
2500 10
2501 10
2512 10
2513 10
2514 10
2515 10
2516 10
2517 10
2518 10
2519 10
2520 10
2521 10
2532 10
2533 10
2534 10
2535 10
2536 10
2537 10
2538 10
2539 10
2540 10
2541 10
2552 10
2553 10
2554 10
2555 10
2556 10
2557 10
2558 10
2559 10
2560 10
2561 10
2572 10
2573 10
2574 10
2575 10
2576 10
2577 10
2578 10
2579 10
2580 10
2581 10
2592 12
2593 12
2594 12
2595 12
2596 12
2597 12
2598 12
2599 12
2600 12
2601 12
2612 10
2613 10
2614 10
2615 10
2616 10
2617 10
2618 10
2619 10
2620 10
2621 10
2632 10
2633 10
2634 10
2635 10
2636 10
2637 10
2638 10
2639 10
2640 10
2641 10
2652 10
2653 10
2654 10
2655 10
2656 10
2657 10
2658 10
2659 10
2660 10
2661 10
2672 12
2673 12
2674 12
2675 12
2676 12
2677 12
2678 12
2679 12
2680 12
2681 12
2692 10
2693 10
2694 10
2695 10
2696 10
2697 10
2698 10
2699 10
2700 10
2701 10
2712 10
2713 10
2714 10
2715 10
2716 10
2717 10
2718 10
2719 10
2720 10
2721 10
2732 10
2733 10
2734 10
2735 10
2736 10
2737 10
2738 10
2739 10
2740 10
2741 10
2752 10
2753 10
2754 10
2755 10
2756 10
2757 10
2758 10
2759 10
2760 10
2761 10
2772 10
2773 10
2774 10
2775 10
2776 10
2777 10
2778 10
2779 10
2780 10
2781 10
2792 10
2793 10
2794 10
2795 10
2796 10
2797 10
2798 10
2799 10
2800 10
2801 10
2812 10
2813 10
2814 10
2815 10
2816 10
2817 10
2818 10
2819 10
2820 10
2821 10
2832 10
2833 10
2834 10
2835 10
2836 10
2837 10
2838 10
2839 10
2840 10
2841 10
2852 10
2853 10
2854 10
2855 10
2856 10
2857 10
2858 10
2859 10
2860 10
2861 10
2872 10
2873 10
2874 10
2875 10
2876 10
2877 10
2878 12
2879 12
2880 12
2881 12
2882 12
2883 12
2884 12
2885 12
2886 12
2887 12
2888 12
2899 10
2900 10
2901 10
2902 10
2903 10
2904 10
2905 10
2906 10
2907 10
2908 10
2919 10
2920 10
2921 10
2922 10
2923 10
2924 10
2925 10
2926 10
2927 10
2928 10
2939 10
2940 10
2941 10
2942 10
2943 10
2944 10
2945 10
2946 10
2947 10
2948 10
2959 10
2960 10
2961 10
2962 10
2963 10
2964 10
2965 10
2966 10
2967 10
2968 10
2979 10
2980 10
2981 10
2982 10
2983 12
2984 12
2985 12
2986 12
2987 12
2988 12
2989 12
2990 12
2991 12
2992 12
2993 12
3004 10
3005 10
3006 10
3007 12
3008 12
3009 12
3010 12
3011 12
3012 12
3013 12
3014 12
3015 12
3016 12
3017 12
3028 10
3029 10
3030 10
3031 10
3032 10
3033 10
3034 10
3035 10
3036 10
3037 10
3048 10
3049 10
3050 10
3051 10
3052 10
3053 10
3054 10
3055 10
3056 10
3057 10
3068 10
3069 10
3070 10
3071 10
3072 10
3073 10
3074 10
3075 10
3076 10
3077 10
3088 10
3089 10
3090 10
3091 10
3092 10
3093 10
3094 10
3095 10
3096 10
3097 10
3108 10
3109 12
3110 12
3111 12
3112 12
3113 12
3114 12
3115 12
3116 12
3117 12
3118 12
3119 12
3130 10
3131 10
3132 10
3133 10
3134 10
3135 10
3136 10
3137 10
3138 10
3139 10
3150 10
3151 10
3152 10
3153 10
3154 10
3155 10
3156 10
3157 10
3158 10
3159 10
3170 10
3171 10
3172 10
3173 10
3174 10
3175 10
3176 10
3177 10
3178 10
3179 10
3190 10
3191 10
3192 10
3193 10
3194 10
3195 10
3196 10
3197 10
3198 10
3199 10
3210 10
3211 10
3212 10
3213 10
3214 10
3215 10
3216 10
3217 10
3218 10
3219 10
3230 10
3231 10
3232 10
3233 10
3234 10
3235 10
3236 10
3237 10
3238 10
3239 10
3250 10
3251 10
3252 10
3253 10
3254 10
3255 10
3256 10
3257 10
3258 10
3259 10
3270 10
3271 10
3272 10
3273 10
3274 10
3275 10
3276 10
3277 10
3278 10
3279 10
3290 10
3291 10
3292 10
3293 10
3294 10
3295 10
3296 10
3297 10
3298 10
3299 10
3310 10
3311 10
3312 10
3313 10
3314 10
3315 10
3316 10
3317 10
3318 10
3319 10
3330 12
3331 12
3332 12
3333 12
3334 12
3335 12
3336 12
3337 12
3338 12
3339 12
3350 10
3351 10
3352 10
3353 10
3354 10
3355 10
3356 10
3357 10
3358 10
3359 10
3370 12
3371 12
3372 12
3373 12
3374 12
3375 12
3376 12
3377 12
3378 12
3379 12
3380 12
3391 10
3392 10
3393 10
3394 10
3395 10
3396 10
3397 10
3398 10
3399 10
3400 10
3411 10
3412 10
3413 10
3414 10
3415 10
3416 10
3417 10
3418 10
3419 10
3420 10
3431 10
3432 10
3433 10
3434 10
3435 10
3436 10
3437 10
3438 10
3439 10
3440 10
3451 10
3452 10
3453 10
3454 10
3455 10
3456 10
3457 10
3458 10
3459 10
3460 10
3471 10
3472 10
3473 10
3474 10
3475 10
3476 10
3477 10
3478 10
3479 10
3480 10
3491 10
3492 10
3493 10
3494 10
3495 10
3496 10
3497 10
3498 10
3499 10
3500 10
3511 10
3512 10
3513 10
3514 10
3515 10
3516 10
3517 10
3518 10
3519 10
3520 10
3531 10
3532 10
3533 10
3534 10
3535 10
3536 10
3537 10
3538 10
3539 10
3540 10
3551 10
3552 10
3553 10
3554 10
3555 10
3556 10
3557 10
3558 10
3559 10
3560 10
3571 10
3572 10
3573 10
3574 10
3575 10
3576 10
3577 10
3578 10
3579 10
3580 10
3591 10
3592 10
3593 10
3594 10
3595 10
3596 10
3597 10
3598 10
3599 10
3600 10
3611 10
3612 10
3613 10
3614 10
3615 10
3616 10
3617 10
3618 10
3619 12
3620 12
3621 12
3622 12
3623 12
3624 12
3625 12
3626 12
3627 12
3628 12
3629 12
3640 10
3641 10
3642 10
3643 10
3644 10
3645 10
3646 10
3647 10
3648 10
3649 10
3660 10
3661 10
3662 10
3663 10
3664 12
3665 12
3666 12
3667 12
3668 12
3669 12
3670 12
3671 12
3672 12
3673 12
3674 12
3685 12
3686 12
3687 12
3688 12
3689 12
3690 12
3691 12
3692 12
3693 12
3694 12
3705 10
3706 10
3707 10
3708 10
3709 10
3710 10
3711 10
3712 10
3713 10
3714 10
3725 12
3726 12
3727 12
3728 12
3729 12
3730 12
3731 12
3732 12
3733 12
3734 12
3745 10
3746 10
3747 10
3748 10
3749 10
3750 10
3751 10
3752 10
3753 10
3754 10
3765 10
3766 10
3767 10
3768 10
3769 10
3770 10
3771 10
3772 10
3773 10
3774 10
3785 10
3786 10
3787 10
3788 10
3789 10
3790 10
3791 10
3792 10
3793 10
3794 10
3805 10
3806 10
3807 10
3808 10
3809 10
3810 10
3811 10
3812 10
3813 10
3814 10
3825 10
3826 10
3827 10
3828 10
3829 10
3830 10
3831 10
3832 10
3833 10
3834 10
3845 12
3846 12
3847 12
3848 12
3849 12
3850 12
3851 12
3852 12
3853 12
3854 12
3865 10
3866 10
3867 10
3868 10
3869 10
3870 10
3871 10
3872 10
3873 10
3874 10
3885 10
3886 10
3887 10
3888 10
3889 10
3890 10
3891 10
3892 10
3893 10
3894 10
3905 10
3906 10
3907 10
3908 10
3909 10
3910 10
3911 10
3912 10
3913 10
3914 10
3925 10
3926 10
3927 10
3928 10
3929 10
3930 10
3931 10
3932 10
3933 10
3934 10
3945 10
3946 10
3947 10
3948 10
3949 10
3950 10
3951 10
3952 10
3953 10
3954 10
3965 10
3966 10
3967 10
3968 10
3969 10
3970 10
3971 10
3972 10
3973 10
3974 10
3985 10
3986 10
3987 10
3988 10
3989 10
3990 10
3991 10
3992 12
3993 12
3994 12
3995 12
3996 12
3997 12
3998 12
3999 12
4000 12
4001 12
4002 12
4013 12
4014 12
4015 12
4016 12
4017 12
4018 12
4019 12
4020 12
4021 12
4022 12
4033 10
4034 10
4035 10
4036 10
4037 10
4038 10
4039 10
4040 10
4041 10
4042 10
4053 12
4054 12
4055 12
4056 12
4057 12
4058 12
4059 12
4060 12
4061 12
4062 12
4073 10
4074 10
4075 10
4076 10
4077 10
4078 10
4079 10
4080 10
4081 10
4082 10
4093 12
4094 12
4095 12
4096 12
4097 12
4098 12
4099 12
4100 12
4101 12
4102 12
4113 10
4114 10
4115 10
4116 10
4117 10
4118 10
4119 10
4120 10
4121 10
4122 10
4133 10
4134 10
4135 10
4136 10
4137 10
4138 10
4139 10
4140 10
4141 10
4142 10
4153 10
4154 10
4155 10
4156 10
4157 10
4158 10
4159 10
4160 10
4161 10
4162 10
4173 10
4174 10
4175 10
4176 10
4177 10
4178 10
4179 10
4180 10
4181 10
4182 10
4193 12
4194 12
4195 12
4196 12
4197 12
4198 12
4199 12
4200 12
4201 12
4202 12
4213 10
4214 10
4215 10
4216 10
4217 10
4218 10
4219 10
4220 10
4221 10
4222 10
4233 10
4234 10
4235 10
4236 10
4237 10
4238 10
4239 10
4240 10
4241 10
4242 10
4253 10
4254 10
4255 10
4256 10
4257 10
4258 10
4259 10
4260 10
4261 10
4262 10
4273 10
4274 10
4275 10
4276 10
4277 10
4278 10
4279 10
4280 10
4281 10
4282 10
4293 10
4294 10
4295 10
4296 10
4297 10
4298 10
4299 10
4300 10
4301 10
4302 10
4313 12
4314 12
4315 12
4316 12
4317 12
4318 12
4319 12
4320 12
4321 12
4322 12
4333 10
4334 10
4335 10
4336 10
4337 10
4338 10
4339 10
4340 12
4341 12
4342 12
4343 12
4344 12
4345 12
4346 12
4347 12
4348 12
4349 12
4350 12
4361 10
4362 10
4363 10
4364 10
4365 10
4366 10
4367 10
4368 10
4369 10
4370 10
4381 10
4382 10
4383 10
4384 10
4385 10
4386 10
4387 10
4388 10
4389 10
4390 10
4401 10
4402 10
4403 10
4404 10
4405 10
4406 10
4407 10
4408 10
4409 10
4410 10
4421 10
4422 10
4423 10
4424 10
4425 10
4426 10
4427 10
4428 10
4429 10
4430 10
4441 10
4442 10
4443 10
4444 10
4445 10
4446 10
4447 10
4448 10
4449 10
4450 10
4461 10
4462 10
4463 10
4464 10
4465 10
4466 10
4467 10
4468 10
4469 10
4470 10
4481 10
4482 10
4483 10
4484 10
4485 10
4486 10
4487 10
4488 10
4489 10
4490 10
4501 10
4502 10
4503 12
4504 12
4505 12
4506 12
4507 12
4508 12
4509 12
4510 12
4511 12
4512 12
4513 12
4524 10
4525 10
4526 10
4527 10
4528 10
4529 10
4530 10
4531 10
4532 10
4533 10
4544 10
4545 10
4546 10
4547 10
4548 10
4549 10
4550 10
4551 10
4552 10
4553 10
4564 12
4565 12
4566 12
4567 12
4568 12
4569 12
4570 12
4571 12
4572 12
4573 12
4584 10
4585 10
4586 10
4587 10
4588 10
4589 10
4590 10
4591 10
4592 10
4593 10
4604 10
4605 10
4606 10
4607 10
4608 10
4609 10
4610 10
4611 10
4612 10
4613 10
4624 10
4625 10
4626 10
4627 10
4628 10
4629 10
4630 10
4631 10
4632 10
4633 10
4644 10
4645 10
4646 10
4647 10
4648 12
4649 12
4650 12
4651 12
4652 12
4653 12
4654 12
4655 12
4656 12
4657 12
4658 12
4669 12
4670 12
4671 12
4672 12
4673 12
4674 12
4675 12
4676 12
4677 12
4678 12
4689 12
4690 12
4691 12
4692 12
4693 12
4694 12
4695 12
4696 12
4697 12
4698 12
4709 10
4710 10
4711 10
4712 10
4713 10
4714 10
4715 10
4716 10
4717 10
4718 10
4729 10
4730 10
4731 10
4732 10
4733 10
4734 10
4735 10
4736 12
4737 12
4738 12
4739 12
4740 12
4741 12
4742 12
4743 12
4744 12
4745 12
4746 12
4757 10
4758 10
4759 10
4760 10
4761 10
4762 10
4763 10
4764 10
4765 10
4766 10
4777 10
4778 10
4779 10
4780 12
4781 12
4782 12
4783 12
4784 12
4785 12
4786 12
4787 12
4788 12
4789 12
4790 12
4801 12
4802 12
4803 12
4804 12
4805 12
4806 12
4807 12
4808 12
4809 12
4810 12
4821 10
4822 10
4823 10
4824 10
4825 10
4826 10
4827 10
4828 10
4829 10
4830 10
4841 12
4842 12
4843 12
4844 12
4845 12
4846 12
4847 12
4848 12
4849 12
4850 12
4861 10
4862 10
4863 12
4864 12
4865 12
4866 12
4867 12
4868 12
4869 12
4870 12
4871 12
4872 12
4873 12
4884 10
4885 10
4886 10
4887 10
4888 10
4889 10
4890 10
4891 10
4892 10
4893 10
4904 12
4905 12
4906 12
4907 12
4908 12
4909 12
4910 12
4911 12
4912 12
4913 12
4924 10
4925 10
4926 10
4927 10
4928 10
4929 10
4930 10
4931 10
4932 10
4933 10
4944 12
4945 12
4946 12
4947 12
4948 12
4949 12
4950 12
4951 12
4952 12
4953 12
4964 12
4965 12
4966 12
4967 12
4968 12
4969 12
4970 12
4971 12
4972 12
4973 12
4984 10
4985 10
4986 10
4987 10
4988 10
4989 10
4990 10
4991 10
4992 10
4993 10
