0 1
1 1
2 1
3 1
4 1
5 1
6 1
7 1
8 1
9 1
20 1
21 1
22 1
23 1
24 1
25 1
26 1
27 1
28 1
29 1
40 1
41 1
42 1
43 1
44 1
45 1
46 1
47 1
48 1
49 1
60 1
61 1
62 1
63 1
64 1
65 1
66 1
67 1
68 1
69 1
80 1
81 1
82 1
83 1
84 1
85 1
86 1
87 1
88 1
89 1
100 1
101 1
102 1
103 1
104 1
105 1
106 1
107 1
108 1
109 1
120 1
121 1
122 1
123 1
124 1
125 1
126 1
127 1
128 1
129 1
140 1
141 1
142 1
143 1
144 1
145 1
146 1
147 1
148 1
149 1
160 1
161 1
162 1
163 1
164 1
165 1
166 1
167 1
168 1
169 1
180 1
181 1
182 1
183 1
184 1
185 1
186 1
187 1
188 1
189 1
200 1
201 1
202 1
203 1
204 1
205 1
206 1
207 1
208 1
209 1
220 1
221 1
222 1
223 1
224 1
225 1
226 1
227 1
228 1
229 1
240 1
241 1
242 1
243 1
244 1
245 1
246 1
247 1
248 1
249 1
260 1
261 1
262 1
263 1
264 1
265 1
266 1
267 1
268 1
269 1
280 1
281 1
282 1
283 1
284 1
285 1
286 1
287 1
288 1
289 1
300 1
301 1
302 1
303 1
304 1
305 1
306 1
307 1
308 1
309 1
320 1
321 1
322 1
323 1
324 1
325 1
326 1
327 1
328 1
329 1
340 1
341 1
342 1
343 1
344 1
345 1
346 1
347 1
348 1
349 1
360 1
361 1
362 1
363 1
364 1
365 1
366 1
367 1
368 1
369 1
380 1
381 1
382 1
383 1
384 1
385 1
386 1
387 1
388 1
389 1
400 1
401 1
402 1
403 1
404 1
405 1
406 1
407 1
408 1
409 1
420 1
421 1
422 1
423 1
424 1
425 1
426 1
427 1
428 1
429 1
440 1
441 1
442 1
443 1
444 1
445 1
446 1
447 1
448 1
449 1
460 1
461 1
462 1
463 1
464 1
465 1
466 1
467 1
468 1
469 1
480 1
481 1
482 1
483 1
484 1
485 1
486 1
487 1
488 1
489 1
500 1
501 1
502 1
503 1
504 1
505 1
506 1
507 1
508 1
509 1
520 1
521 1
522 1
523 1
524 1
525 1
526 1
527 1
528 1
529 1
540 1
541 1
542 1
543 1
544 1
545 4
546 4
547 4
548 7
549 9
550 9
551 9
552 9
553 9
554 9
555 9
556 9
557 9
558 9
559 9
570 9
571 9
572 9
573 9
574 9
575 9
576 9
577 9
578 9
579 9
590 9
591 9
592 9
593 9
594 9
595 9
596 9
597 9
598 9
599 9
610 9
611 9
612 9
613 9
614 9
615 9
616 9
617 9
618 9
619 9
630 9
631 9
632 9
633 10
634 10
635 10
636 10
637 10
638 10
639 10
640 10
641 10
642 10
643 10
654 10
655 10
656 10
657 10
658 10
659 10
660 10
661 10
662 10
663 10
674 10
675 10
676 10
677 10
678 10
679 10
680 10
681 10
682 10
683 10
694 10
695 10
696 10
697 10
698 10
699 10
700 10
701 10
702 10
703 10
714 12
715 12
716 12
717 12
718 12
719 12
720 12
721 12
722 12
723 12
734 10
735 10
736 10
737 10
738 10
739 10
740 10
741 10
742 10
743 10
754 10
755 10
756 10
757 10
758 10
759 10
760 10
761 10
762 10
763 10
774 10
775 10
776 10
777 10
778 10
779 10
780 10
781 10
782 10
783 10
794 10
795 10
796 10
797 10
798 10
799 10
800 10
801 10
802 10
803 10
814 12
815 12
816 12
817 12
818 12
819 12
820 12
821 12
822 12
823 12
834 10
835 10
836 10
837 10
838 10
839 10
840 10
841 10
842 10
843 10
854 10
855 10
856 10
857 10
858 12
859 12
860 12
861 12
862 12
863 12
864 12
865 12
866 12
867 12
868 12
879 10
880 10
881 10
882 10
883 10
884 10
885 10
886 10
887 10
888 10
899 10
900 10
901 10
902 10
903 10
904 10
905 10
906 10
907 10
908 10
919 12
920 12
921 12
922 12
923 12
924 12
925 12
926 12
927 12
928 12
939 10
940 10
941 10
942 10
943 10
944 10
945 10
946 10
947 10
948 10
959 10
960 10
961 10
962 10
963 10
964 10
965 10
966 10
967 10
968 10
979 10
980 10
981 10
982 10
983 10
984 10
985 10
986 10
987 10
988 10
999 10
1000 10
1001 10
1002 10
1003 10
1004 10
1005 10
1006 10
1007 10
1008 10
1019 10
1020 10
1021 10
1022 10
1023 10
1024 10
1025 10
1026 10
1027 10
1028 10
1039 10
1040 10
1041 10
1042 10
1043 10
1044 10
1045 10
1046 10
1047 10
1048 10
1059 10
1060 10
1061 10
1062 10
1063 12
1064 12
1065 12
1066 12
1067 12
1068 12
1069 12
1070 12
1071 12
1072 12
1073 12
1084 10
1085 10
1086 10
1087 10
1088 10
1089 10
1090 10
1091 10
1092 10
1093 10
1104 10
1105 10
1106 10
1107 10
1108 10
1109 10
1110 10
1111 10
1112 10
1113 10
1124 12
1125 12
1126 12
1127 12
1128 12
1129 12
1130 12
1131 12
1132 12
1133 12
1144 10
1145 10
1146 10
1147 10
1148 10
1149 10
1150 10
1151 10
1152 10
1153 10
1164 10
1165 10
1166 10
1167 10
1168 10
1169 10
1170 10
1171 10
1172 10
1173 10
1184 10
1185 10
1186 10
1187 10
1188 10
1189 10
1190 10
1191 10
1192 10
1193 10
1204 10
1205 10
1206 10
1207 10
1208 10
1209 10
1210 10
1211 10
1212 10
1213 10
1224 10
1225 10
1226 10
1227 10
1228 10
1229 10
1230 10
1231 10
1232 10
1233 10
1244 10
1245 10
1246 10
1247 10
1248 10
1249 10
1250 10
1251 10
1252 10
1253 10
1264 10
1265 10
1266 10
1267 10
1268 10
1269 10
1270 10
1271 10
1272 10
1273 10
1284 12
1285 12
1286 12
1287 12
1288 12
1289 12
1290 12
1291 12
1292 12
1293 12
1304 10
1305 10
1306 10
1307 10
1308 10
1309 10
1310 10
1311 10
1312 10
1313 10
1324 10
1325 10
1326 10
1327 10
1328 10
1329 10
1330 10
1331 10
1332 10
1333 10
1344 10
1345 10
1346 10
1347 10
1348 10
1349 10
1350 10
1351 10
1352 10
1353 10
1364 10
1365 10
1366 10
1367 10
1368 10
1369 10
1370 10
1371 10
1372 10
1373 10
1384 12
1385 12
1386 12
1387 12
1388 12
1389 12
1390 12
1391 12
1392 12
1393 12
1404 10
1405 10
1406 10
1407 12
1408 12
1409 12
1410 12
1411 12
1412 12
1413 12
1414 12
1415 12
1416 12
1417 12
1428 10
1429 10
1430 10
1431 10
1432 10
1433 10
1434 10
1435 10
1436 10
1437 10
1448 10
1449 10
1450 10
1451 10
1452 10
1453 10
1454 10
1455 10
1456 12
1457 12
1458 12
1459 12
1460 12
1461 12
1462 12
1463 12
1464 12
1465 12
1466 12
1477 10
1478 10
1479 10
1480 10
1481 10
1482 10
1483 10
1484 10
1485 10
1486 10
1497 10
1498 10
1499 10
1500 10
1501 10
1502 10
1503 10
1504 10
1505 10
1506 10
1517 10
1518 10
1519 10
1520 10
1521 10
1522 10
1523 10
1524 10
1525 10
1526 10
1537 10
1538 10
1539 10
1540 10
1541 10
1542 10
1543 10
1544 10
1545 12
1546 12
1547 12
1548 12
1549 12
1550 12
1551 12
1552 12
1553 12
1554 12
1555 12
1566 10
1567 10
1568 10
1569 10
1570 10
1571 10
1572 10
1573 10
1574 10
1575 10
1586 10
1587 10
1588 10
1589 10
1590 10
1591 10
1592 10
1593 10
1594 10
1595 10
1606 10
1607 10
1608 10
1609 10
1610 10
1611 10
1612 10
1613 10
1614 10
1615 10
1626 10
1627 10
1628 10
1629 10
1630 10
1631 10
1632 10
1633 10
1634 10
1635 10
1646 10
1647 10
1648 10
1649 10
1650 10
1651 10
1652 10
1653 10
1654 10
1655 10
1666 12
1667 12
1668 12
1669 12
1670 12
1671 12
1672 12
1673 12
1674 12
1675 12
1676 12
1687 10
1688 10
1689 10
1690 12
1691 12
1692 12
1693 12
1694 12
1695 12
1696 12
1697 12
1698 12
1699 12
1700 12
1711 10
1712 10
1713 10
1714 10
1715 10
1716 10
1717 10
1718 10
1719 10
1720 10
1731 10
1732 10
1733 10
1734 10
1735 10
1736 10
1737 10
1738 10
1739 10
1740 10
1751 10
1752 10
1753 10
1754 10
1755 10
1756 10
1757 10
1758 10
1759 10
1760 10
1771 10
1772 10
1773 10
1774 10
1775 10
1776 10
1777 10
1778 10
1779 10
1780 10
1791 10
1792 10
1793 10
1794 10
1795 10
1796 10
1797 10
1798 10
1799 10
1800 10
1811 10
1812 10
1813 10
1814 10
1815 10
1816 10
1817 10
1818 10
1819 10
1820 10
1831 12
1832 12
1833 12
1834 12
1835 12
1836 12
1837 12
1838 12
1839 12
1840 12
1851 10
1852 10
1853 10
1854 10
1855 10
1856 10
1857 10
1858 10
1859 10
1860 10
1871 10
1872 10
1873 10
1874 10
1875 10
1876 10
1877 10
1878 10
1879 10
1880 10
1891 10
1892 10
1893 10
1894 10
1895 10
1896 10
1897 10
1898 10
1899 10
1900 10
1911 10
1912 10
1913 10
1914 10
1915 10
1916 10
1917 10
1918 10
1919 10
1920 10
1931 12
1932 12
1933 12
1934 12
1935 12
1936 12
1937 12
1938 12
1939 12
1940 12
1951 10
1952 10
1953 10
1954 10
1955 10
1956 10
1957 10
1958 10
1959 10
1960 10
1971 12
1972 12
1973 12
1974 12
1975 12
1976 12
1977 12
1978 12
1979 12
1980 12
1991 12
1992 12
1993 12
1994 12
1995 12
1996 12
1997 12
1998 12
1999 12
2000 12
2011 10
2012 10
2013 10
2014 10
2015 10
2016 10
2017 10
2018 10
2019 10
2020 10
2031 12
2032 12
2033 12
2034 12
2035 12
2036 12
2037 12
2038 12
2039 12
2040 12
2051 10
2052 10
2053 10
2054 10
2055 10
2056 10
2057 10
2058 10
2059 10
2060 10
2071 10
2072 10
2073 10
2074 10
2075 10
2076 10
2077 10
2078 10
2079 10
2080 10
2091 10
2092 10
2093 10
2094 10
2095 10
2096 10
2097 10
2098 10
2099 10
2100 10
2111 10
2112 10
2113 10
2114 10
2115 10
2116 10
2117 10
2118 10
2119 10
2120 10
2131 10
2132 10
2133 10
2134 10
2135 10
2136 10
2137 10
2138 10
2139 10
2140 10
2151 10
2152 10
2153 10
2154 10
2155 10
2156 10
2157 10
2158 10
2159 10
2160 10
2171 10
2172 10
2173 10
2174 10
2175 10
2176 10
2177 10
2178 10
2179 10
2180 10
2191 10
2192 10
2193 10
2194 10
2195 10
2196 10
2197 10
2198 10
2199 10
2200 10
2211 10
2212 10
2213 10
2214 10
2215 12
2216 12
2217 12
2218 12
2219 12
2220 12
2221 12
2222 12
2223 12
2224 12
2225 12
2236 10
2237 10
2238 10
2239 10
2240 10
2241 10
2242 10
2243 10
2244 10
2245 10
2256 10
2257 10
2258 10
2259 10
2260 10
2261 10
2262 10
2263 10
2264 10
2265 10
2276 10
2277 10
2278 10
2279 10
2280 10
2281 10
2282 10
2283 10
2284 10
2285 10
2296 10
2297 10
2298 10
2299 10
2300 10
2301 10
2302 10
2303 10
2304 10
2305 10
2316 12
2317 12
2318 12
2319 12
2320 12
2321 12
2322 12
2323 12
2324 12
2325 12
2336 10
2337 10
2338 10
2339 10
2340 10
2341 10
2342 10
2343 10
2344 10
2345 10
2356 10
2357 10
2358 10
2359 10
2360 10
2361 10
2362 10
2363 10
2364 10
2365 10
2376 12
2377 12
2378 12
2379 12
2380 12
2381 12
2382 12
2383 12
2384 12
2385 12
2396 10
2397 10
2398 10
2399 10
2400 10
2401 10
2402 10
2403 10
2404 10
2405 10
2416 10
2417 10
2418 10
2419 10
2420 10
2421 10
2422 10
2423 10
2424 10
2425 10
2436 10
2437 10
2438 10
2439 10
2440 10
2441 10
2442 10
2443 10
2444 10
2445 10
2456 10
2457 10
2458 10
2459 10
2460 10
2461 10
2462 10
2463 10
2464 10
2465 10
2476 10
2477 10
2478 10
2479 10
2480 10
2481 10
2482 10
2483 10
2484 10
2485 10
2496 12
2497 12
2498 12
2499 12
2500 12
2501 12
2502 12
2503 12
2504 12
2505 12
2516 10
2517 10
2518 10
2519 10
2520 10
2521 10
2522 10
2523 10
2524 10
2525 10
2536 12
2537 12
2538 12
2539 12
2540 12
2541 12
2542 12
2543 12
2544 12
2545 12
2556 12
2557 12
2558 12
2559 12
2560 12
2561 12
2562 12
2563 12
2564 12
2565 12
2576 10
2577 10
2578 10
2579 10
2580 10
2581 10
2582 10
2583 10
2584 10
2585 10
2596 12
2597 12
2598 12
2599 12
2600 12
2601 12
2602 12
2603 12
2604 12
2605 12
2616 10
2617 10
2618 10
2619 10
2620 10
2621 10
2622 10
2623 10
2624 10
2625 10
2636 10
2637 10
2638 10
2639 10
2640 10
2641 10
2642 10
2643 10
2644 10
2645 10
2656 10
2657 10
2658 10
2659 10
2660 10
2661 10
2662 10
2663 10
2664 10
2665 10
2676 12
2677 12
2678 12
2679 12
2680 12
2681 12
2682 12
2683 12
2684 12
2685 12
2686 12
2697 10
2698 10
2699 10
2700 10
2701 10
2702 10
2703 10
2704 12
2705 12
2706 12
2707 12
2708 12
2709 12
2710 12
2711 12
2712 12
2713 12
2714 12
2725 10
2726 10
2727 10
2728 10
2729 10
2730 10
2731 10
2732 10
2733 10
2734 10
2745 10
2746 10
2747 10
2748 10
2749 10
2750 10
2751 10
2752 10
2753 10
2754 10
2765 12
2766 12
2767 12
2768 12
2769 12
2770 12
2771 12
2772 12
2773 12
2774 12
2785 10
2786 10
2787 10
2788 10
2789 10
2790 10
2791 10
2792 10
2793 10
2794 10
2805 10
2806 10
2807 10
2808 10
2809 10
2810 10
2811 10
2812 10
2813 10
2814 10
2825 10
2826 10
2827 10
2828 10
2829 10
2830 10
2831 10
2832 10
2833 10
2834 10
2845 10
2846 10
2847 10
2848 10
2849 10
2850 10
2851 10
2852 10
2853 10
2854 10
2865 10
2866 10
2867 10
2868 10
2869 10
2870 10
2871 10
2872 10
2873 10
2874 10
2885 10
2886 10
2887 10
2888 10
2889 10
2890 10
2891 10
2892 10
2893 10
2894 10
2905 10
2906 12
2907 12
2908 12
2909 12
2910 12
2911 12
2912 12
2913 12
2914 12
2915 12
2916 12
2927 10
2928 10
2929 10
2930 10
2931 10
2932 10
2933 10
2934 10
2935 10
2936 10
2947 10
2948 10
2949 10
2950 10
2951 10
2952 10
2953 10
2954 10
2955 10
2956 10
2967 10
2968 10
2969 10
2970 10
2971 10
2972 10
2973 10
2974 10
2975 10
2976 10
2987 10
2988 10
2989 10
2990 10
2991 10
2992 10
2993 10
2994 10
2995 10
2996 10
3007 10
3008 10
3009 10
3010 10
3011 10
3012 10
3013 10
3014 10
3015 10
3016 10
3027 10
3028 10
3029 10
3030 10
3031 10
3032 12
3033 12
3034 12
3035 12
3036 12
3037 12
3038 12
3039 12
3040 12
3041 12
3042 12
3053 12
3054 12
3055 12
3056 12
3057 12
3058 12
3059 12
3060 12
3061 12
3062 12
3073 10
3074 10
3075 10
3076 10
3077 10
3078 10
3079 10
3080 10
3081 10
3082 10
3093 10
3094 10
3095 10
3096 12
3097 12
3098 12
3099 12
3100 12
3101 12
3102 12
3103 12
3104 12
3105 12
3106 12
3117 10
3118 10
3119 10
3120 10
3121 10
3122 10
3123 10
3124 10
3125 10
3126 10
3137 12
3138 12
3139 12
3140 12
3141 12
3142 12
3143 12
3144 12
3145 12
3146 12
3157 10
3158 10
3159 10
3160 10
3161 10
3162 10
3163 10
3164 10
3165 10
3166 10
3177 10
3178 10
3179 10
3180 10
3181 10
3182 10
3183 10
3184 10
3185 10
3186 10
3197 10
3198 10
3199 10
3200 10
3201 10
3202 10
3203 10
3204 10
3205 10
3206 10
3217 10
3218 10
3219 10
3220 10
3221 10
3222 10
3223 10
3224 10
3225 10
3226 10
3237 10
3238 10
3239 10
3240 10
3241 12
3242 12
3243 12
3244 12
3245 12
3246 12
3247 12
3248 12
3249 12
3250 12
3251 12
3262 10
3263 10
3264 10
3265 10
3266 10
3267 10
3268 10
3269 10
3270 10
3271 10
3282 10
3283 10
3284 10
3285 10
3286 10
3287 10
3288 10
3289 10
3290 10
3291 10
3302 12
3303 12
3304 12
3305 12
3306 12
3307 12
3308 12
3309 12
3310 12
3311 12
3322 10
3323 10
3324 10
3325 10
3326 10
3327 10
3328 10
3329 10
3330 10
3331 10
3342 12
3343 12
3344 12
3345 12
3346 12
3347 12
3348 12
3349 12
3350 12
3351 12
3362 10
3363 10
3364 10
3365 10
3366 10
3367 10
3368 10
3369 10
3370 10
3371 10
3382 10
3383 10
3384 10
3385 10
3386 10
3387 10
3388 10
3389 10
3390 10
3391 10
3402 10
3403 10
3404 10
3405 10
3406 10
3407 10
3408 10
3409 10
3410 10
3411 10
3422 10
3423 10
3424 10
3425 10
3426 10
3427 10
3428 10
3429 10
3430 10
3431 10
3442 12
3443 12
3444 12
3445 12
3446 12
3447 12
3448 12
3449 12
3450 12
3451 12
3462 10
3463 10
3464 10
3465 10
3466 10
3467 10
3468 10
3469 10
3470 10
3471 10
3482 10
3483 10
3484 10
3485 10
3486 10
3487 10
3488 10
3489 10
3490 10
3491 10
3502 10
3503 10
3504 10
3505 10
3506 10
3507 10
3508 10
3509 10
3510 10
3511 10
3522 10
3523 10
3524 10
3525 10
3526 10
3527 10
3528 10
3529 10
3530 10
3531 10
3542 10
3543 10
3544 10
3545 10
3546 10
3547 10
3548 10
3549 10
3550 10
3551 10
3562 10
3563 10
3564 10
3565 10
3566 10
3567 10
3568 10
3569 10
3570 10
3571 10
3582 10
3583 10
3584 10
3585 10
3586 10
3587 10
3588 10
3589 10
3590 10
3591 10
3602 10
3603 10
3604 10
3605 10
3606 10
3607 10
3608 10
3609 10
3610 10
3611 10
3622 10
3623 10
3624 10
3625 10
3626 10
3627 10
3628 10
3629 10
3630 10
3631 10
3642 10
3643 10
3644 10
3645 10
3646 10
3647 10
3648 10
3649 10
3650 10
3651 10
3662 10
3663 10
3664 10
3665 10
3666 10
3667 10
3668 10
3669 10
3670 10
3671 10
3682 12
3683 12
3684 12
3685 12
3686 12
3687 12
3688 12
3689 12
3690 12
3691 12
3702 10
3703 10
3704 10
3705 10
3706 10
3707 10
3708 10
3709 10
3710 10
3711 10
3722 10
3723 10
3724 10
3725 10
3726 10
3727 10
3728 10
3729 10
3730 10
3731 10
3742 10
3743 10
3744 10
3745 10
3746 10
3747 10
3748 10
3749 10
3750 10
3751 10
3762 12
3763 12
3764 12
3765 12
3766 12
3767 12
3768 12
3769 12
3770 12
3771 12
3782 12
3783 12
3784 12
3785 12
3786 12
3787 12
3788 12
3789 12
3790 12
3791 12
3802 10
3803 10
3804 10
3805 10
3806 10
3807 10
3808 10
3809 10
3810 10
3811 10
3822 10
3823 10
3824 10
3825 10
3826 10
3827 10
3828 10
3829 12
3830 12
3831 12
3832 12
3833 12
3834 12
3835 12
3836 12
3837 12
3838 12
3839 12
3850 10
3851 10
3852 10
3853 10
3854 10
3855 10
3856 10
3857 10
3858 10
3859 10
3870 10
3871 10
3872 10
3873 10
3874 10
3875 10
3876 10
3877 10
3878 10
3879 10
3890 10
3891 10
3892 10
3893 10
3894 10
3895 10
3896 10
3897 10
3898 12
3899 12
3900 12
3901 12
3902 12
3903 12
3904 12
3905 12
3906 12
3907 12
3908 12
3919 10
3920 10
3921 10
3922 10
3923 10
3924 10
3925 10
3926 10
3927 10
3928 10
3939 10
3940 10
3941 10
3942 10
3943 10
3944 10
3945 10
3946 10
3947 10
3948 10
3959 12
3960 12
3961 12
3962 12
3963 12
3964 12
3965 12
3966 12
3967 12
3968 12
3979 10
3980 10
3981 10
3982 10
3983 10
3984 10
3985 10
3986 10
3987 10
3988 10
3999 10
4000 10
4001 10
4002 10
4003 10
4004 10
4005 10
4006 10
4007 10
4008 10
4019 10
4020 10
4021 10
4022 10
4023 10
4024 10
4025 10
4026 10
4027 10
4028 10
4039 12
4040 12
4041 12
4042 12
4043 12
4044 12
4045 12
4046 12
4047 12
4048 12
4059 10
4060 10
4061 10
4062 10
4063 10
4064 10
4065 10
4066 10
4067 10
4068 10
4079 10
4080 10
4081 10
4082 10
4083 10
4084 10
4085 10
4086 10
4087 10
4088 10
4099 10
4100 10
4101 10
4102 12
4103 12
4104 12
4105 12
4106 12
4107 12
4108 12
4109 12
4110 12
4111 12
4112 12
4123 10
4124 10
4125 10
4126 10
4127 10
4128 10
4129 10
4130 10
4131 10
4132 10
4143 10
4144 10
4145 10
4146 10
4147 10
4148 10
4149 10
4150 10
4151 10
4152 10
4163 10
4164 10
4165 10
4166 10
4167 10
4168 10
4169 10
4170 10
4171 10
4172 10
4183 10
4184 10
4185 10
4186 10
4187 10
4188 10
4189 10
4190 10
4191 10
4192 10
4203 10
4204 10
4205 10
4206 10
4207 10
4208 10
4209 10
4210 10
4211 10
4212 10
4223 10
4224 10
4225 10
4226 10
4227 10
4228 10
4229 10
4230 10
4231 10
4232 10
4243 10
4244 10
4245 10
4246 10
4247 10
4248 10
4249 10
4250 10
4251 10
4252 10
4263 10
4264 10
4265 10
4266 10
4267 10
4268 10
4269 10
4270 10
4271 10
4272 10
4283 10
4284 10
4285 10
4286 10
4287 10
4288 10
4289 10
4290 10
4291 10
4292 10
4303 10
4304 10
4305 10
4306 10
4307 10
4308 10
4309 10
4310 10
4311 10
4312 10
4323 10
4324 10
4325 10
4326 10
4327 10
4328 10
4329 10
4330 10
4331 10
4332 10
4343 10
4344 10
4345 10
4346 10
4347 10
4348 10
4349 10
4350 10
4351 10
4352 10
4363 10
4364 10
4365 10
4366 10
4367 10
4368 10
4369 10
4370 10
4371 10
4372 10
4383 10
4384 10
4385 10
4386 10
4387 10
4388 10
4389 10
4390 10
4391 10
4392 10
4403 10
4404 10
4405 10
4406 10
4407 10
4408 10
4409 10
4410 10
4411 10
4412 10
4423 10
4424 10
4425 10
4426 10
4427 10
4428 10
4429 10
4430 10
4431 10
4432 10
4443 10
4444 10
4445 10
4446 10
4447 10
4448 10
4449 10
4450 10
4451 10
4452 10
4463 10
4464 10
4465 10
4466 10
4467 10
4468 10
4469 10
4470 10
4471 10
4472 10
4483 10
4484 10
4485 10
4486 10
4487 10
4488 10
4489 10
4490 10
4491 10
4492 10
4503 10
4504 10
4505 10
4506 10
4507 10
4508 10
4509 10
4510 10
4511 10
4512 10
4523 10
4524 10
4525 10
4526 10
4527 10
4528 10
4529 10
4530 10
4531 12
4532 12
4533 12
4534 12
4535 12
4536 12
4537 12
4538 12
4539 12
4540 12
4541 12
4552 10
4553 10
4554 10
4555 10
4556 10
4557 10
4558 10
4559 10
4560 10
4561 10
4572 12
4573 12
4574 12
4575 12
4576 12
4577 12
4578 12
4579 12
4580 12
4581 12
4592 12
4593 12
4594 12
4595 12
4596 12
4597 12
4598 12
4599 12
4600 12
4601 12
4612 10
4613 10
4614 10
4615 10
4616 10
4617 10
4618 10
4619 10
4620 10
4621 10
4632 10
4633 10
4634 10
4635 10
4636 10
4637 10
4638 10
4639 10
4640 10
4641 10
4652 12
4653 12
4654 12
4655 12
4656 12
4657 12
4658 12
4659 12
4660 12
4661 12
4662 12
4673 10
4674 10
4675 10
4676 10
4677 10
4678 10
4679 10
4680 10
4681 10
4682 10
4693 10
4694 10
4695 10
4696 10
4697 10
4698 10
4699 10
4700 10
4701 10
4702 10
4713 10
4714 10
4715 10
4716 10
4717 10
4718 10
4719 10
4720 10
4721 10
4722 10
4733 12
4734 12
4735 12
4736 12
4737 12
4738 12
4739 12
4740 12
4741 12
4742 12
4743 12
4754 10
4755 10
4756 10
4757 10
4758 10
4759 10
4760 10
4761 10
4762 12
4763 12
4764 12
4765 12
4766 12
4767 12
4768 12
4769 12
4770 12
4771 12
4772 12
4783 10
4784 10
4785 10
4786 10
4787 10
4788 10
4789 10
4790 10
4791 10
4792 10
4803 10
4804 10
4805 10
4806 10
4807 10
4808 10
4809 10
4810 10
4811 10
4812 10
4823 10
4824 10
4825 10
4826 10
4827 10
4828 10
4829 10
4830 10
4831 10
4832 10
4843 10
4844 10
4845 10
4846 10
4847 10
4848 10
4849 10
4850 10
4851 10
4852 10
4863 10
4864 10
4865 10
4866 10
4867 10
4868 10
4869 10
4870 10
4871 10
4872 10
4883 10
4884 10
4885 10
4886 10
4887 10
4888 10
4889 10
4890 10
4891 10
4892 10
4903 10
4904 10
4905 10
4906 10
4907 10
4908 10
4909 10
4910 10
4911 10
4912 10
4923 10
4924 10
4925 10
4926 10
4927 10
4928 10
4929 10
4930 10
4931 10
4932 10
4943 10
4944 10
4945 10
4946 10
4947 10
4948 10
4949 10
4950 12
4951 12
4952 12
4953 12
4954 12
4955 12
4956 12
4957 12
4958 12
4959 12
4960 12
4971 10
4972 10
4973 10
4974 10
4975 10
4976 10
4977 10
4978 10
4979 12
4980 12
4981 12
4982 12
4983 12
4984 12
4985 12
4986 12
4987 12
4988 12
4989 12
