0 1
1 1
2 1
3 1
4 1
5 1
6 1
7 1
8 1
9 1
20 1
21 1
22 1
23 1
24 1
25 1
26 1
27 1
28 1
29 1
40 1
41 1
42 1
43 1
44 1
45 1
46 1
47 1
48 1
49 1
60 1
61 1
62 1
63 1
64 1
65 1
66 1
67 1
68 1
69 1
80 1
81 1
82 1
83 1
84 1
85 1
86 1
87 1
88 1
89 1
100 1
101 1
102 1
103 1
104 1
105 1
106 1
107 1
108 1
109 1
120 1
121 1
122 1
123 1
124 1
125 1
126 1
127 1
128 1
129 1
140 1
141 1
142 1
143 1
144 1
145 1
146 1
147 1
148 1
149 1
160 1
161 1
162 1
163 1
164 1
165 1
166 1
167 1
168 1
169 1
180 1
181 1
182 1
183 1
184 1
185 1
186 1
187 1
188 1
189 1
200 1
201 1
202 1
203 1
204 1
205 1
206 1
207 1
208 1
209 1
220 1
221 1
222 1
223 1
224 1
225 1
226 1
227 1
228 1
229 1
240 1
241 1
242 1
243 1
244 1
245 1
246 1
247 1
248 1
249 1
260 1
261 1
262 1
263 1
264 1
265 1
266 1
267 1
268 1
269 1
280 1
281 1
282 1
283 1
284 1
285 1
286 1
287 1
288 1
289 1
300 1
301 1
302 1
303 1
304 1
305 1
306 1
307 1
308 1
309 1
320 1
321 1
322 1
323 1
324 1
325 1
326 1
327 1
328 1
329 1
340 1
341 1
342 1
343 1
344 1
345 1
346 1
347 1
348 1
349 1
360 1
361 1
362 1
363 1
364 1
365 1
366 1
367 1
368 1
369 1
380 1
381 1
382 1
383 1
384 1
385 1
386 1
387 1
388 1
389 1
400 1
401 1
402 1
403 1
404 1
405 1
406 1
407 1
408 1
409 1
420 1
421 1
422 1
423 1
424 1
425 1
426 1
427 1
428 1
429 1
440 1
441 1
442 1
443 1
444 2
445 2
446 2
447 3
448 3
449 3
450 3
451 3
452 3
453 3
454 3
455 3
456 3
457 3
468 3
469 3
470 3
471 3
472 3
473 3
474 3
475 3
476 3
477 3
488 3
489 3
490 3
491 3
492 3
493 3
494 3
495 3
496 3
497 3
508 7
509 8
510 8
511 8
512 8
513 8
514 8
515 8
516 8
517 8
518 8
519 8
530 8
531 8
532 8
533 8
534 8
535 8
536 8
537 8
538 8
539 8
550 9
551 9
552 9
553 9
554 9
555 9
556 10
557 12
558 12
559 12
560 12
561 12
562 12
563 12
564 12
565 12
566 12
567 12
578 12
579 12
580 12
581 12
582 12
583 12
584 12
585 12
586 12
587 12
598 12
599 12
600 12
601 12
602 12
603 12
604 12
605 12
606 12
607 12
618 11
619 11
620 11
621 11
622 11
623 11
624 11
625 11
626 11
627 11
638 11
639 11
640 11
641 11
642 11
643 11
644 11
645 11
646 11
647 11
658 12
659 12
660 12
661 12
662 12
663 12
664 12
665 12
666 12
667 12
678 11
679 11
680 11
681 11
682 11
683 11
684 11
685 11
686 11
687 11
698 11
699 11
700 11
701 11
702 11
703 11
704 11
705 11
706 11
707 11
718 11
719 11
720 11
721 12
722 12
723 12
724 12
725 12
726 12
727 12
728 12
729 12
730 12
731 12
742 11
743 11
744 11
745 11
746 11
747 11
748 11
749 11
750 11
751 11
762 11
763 11
764 11
765 11
766 11
767 11
768 11
769 11
770 11
771 11
782 11
783 11
784 11
785 11
786 11
787 11
788 11
789 11
790 11
791 11
802 11
803 11
804 11
805 11
806 11
807 11
808 11
809 11
810 11
811 11
822 11
823 11
824 11
825 11
826 11
827 11
828 11
829 11
830 11
831 11
842 12
843 12
844 12
845 12
846 12
847 12
848 12
849 12
850 12
851 12
862 11
863 11
864 11
865 11
866 11
867 11
868 11
869 11
870 11
871 11
882 12
883 12
884 12
885 12
886 12
887 12
888 12
889 12
890 12
891 12
892 12
903 11
904 11
905 11
906 11
907 11
908 11
909 11
910 11
911 11
912 11
923 11
924 11
925 11
926 11
927 11
928 11
929 11
930 11
931 11
932 11
943 12
944 12
945 12
946 12
947 12
948 12
949 12
950 12
951 12
952 12
963 11
964 11
965 11
966 11
967 11
968 11
969 11
970 11
971 11
972 11
983 12
984 12
985 12
986 12
987 12
988 12
989 12
990 12
991 12
992 12
993 12
1004 11
1005 11
1006 11
1007 11
1008 11
1009 11
1010 11
1011 11
1012 11
1013 11
1024 11
1025 11
1026 11
1027 11
1028 12
1029 12
1030 12
1031 12
1032 12
1033 12
1034 12
1035 12
1036 12
1037 12
1038 12
1049 11
1050 11
1051 11
1052 11
1053 11
1054 11
1055 11
1056 11
1057 11
1058 11
1069 11
1070 11
1071 11
1072 11
1073 11
1074 11
1075 11
1076 11
1077 11
1078 12
1079 12
1080 12
1081 12
1082 12
1083 12
1084 12
1085 12
1086 12
1087 12
1088 12
1099 11
1100 11
1101 11
1102 11
1103 11
1104 11
1105 11
1106 11
1107 11
1108 11
1119 12
1120 12
1121 12
1122 12
1123 12
1124 12
1125 12
1126 12
1127 12
1128 12
1129 12
1140 11
1141 11
1142 11
1143 11
1144 11
1145 11
1146 11
1147 11
1148 11
1149 11
1160 11
1161 11
1162 11
1163 11
1164 11
1165 11
1166 11
1167 11
1168 11
1169 11
1180 11
1181 11
1182 11
1183 11
1184 11
1185 11
1186 12
1187 12
1188 12
1189 12
1190 12
1191 12
1192 12
1193 12
1194 12
1195 12
1196 12
1207 11
1208 11
1209 11
1210 11
1211 11
1212 11
1213 11
1214 11
1215 11
1216 11
1227 11
1228 11
1229 11
1230 11
1231 11
1232 11
1233 11
1234 11
1235 11
1236 11
1247 11
1248 11
1249 11
1250 11
1251 11
1252 11
1253 11
1254 11
1255 11
1256 11
1267 11
1268 11
1269 11
1270 11
1271 11
1272 11
1273 11
1274 11
1275 11
1276 11
1287 12
1288 12
1289 12
1290 12
1291 12
1292 12
1293 12
1294 12
1295 12
1296 12
1307 11
1308 11
1309 11
1310 11
1311 11
1312 11
1313 11
1314 11
1315 11
1316 11
1327 11
1328 11
1329 11
1330 11
1331 11
1332 11
1333 11
1334 11
1335 11
1336 11
1347 11
1348 11
1349 11
1350 11
1351 11
1352 11
1353 11
1354 11
1355 11
1356 11
1367 12
1368 12
1369 12
1370 12
1371 12
1372 12
1373 12
1374 12
1375 12
1376 12
1387 11
1388 11
1389 11
1390 11
1391 11
1392 11
1393 11
1394 11
1395 11
1396 11
1407 11
1408 11
1409 11
1410 11
1411 11
1412 11
1413 11
1414 11
1415 11
1416 11
1427 11
1428 11
1429 11
1430 11
1431 11
1432 11
1433 11
1434 11
1435 11
1436 11
1447 11
1448 12
1449 12
1450 12
1451 12
1452 12
1453 12
1454 12
1455 12
1456 12
1457 12
1458 12
1469 12
1470 12
1471 12
1472 12
1473 12
1474 12
1475 12
1476 12
1477 12
1478 12
1489 12
1490 12
1491 12
1492 12
1493 12
1494 12
1495 12
1496 12
1497 12
1498 12
1509 11
1510 11
1511 11
1512 11
1513 11
1514 11
1515 11
1516 11
1517 11
1518 11
1529 11
1530 11
1531 11
1532 11
1533 11
1534 11
1535 11
1536 11
1537 11
1538 11
1549 11
1550 11
1551 11
1552 11
1553 11
1554 11
1555 11
1556 11
1557 11
1558 11
1569 11
1570 11
1571 11
1572 11
1573 11
1574 11
1575 11
1576 11
1577 11
1578 11
1589 11
1590 11
1591 11
1592 11
1593 11
1594 11
1595 11
1596 11
1597 11
1598 11
1609 11
1610 11
1611 11
1612 11
1613 11
1614 11
1615 11
1616 11
1617 11
1618 11
1629 11
1630 11
1631 11
1632 11
1633 11
1634 11
1635 11
1636 11
1637 11
1638 11
1649 11
1650 11
1651 11
1652 11
1653 11
1654 11
1655 11
1656 11
1657 11
1658 11
1669 11
1670 11
1671 11
1672 11
1673 11
1674 11
1675 11
1676 12
1677 12
1678 12
1679 12
1680 12
1681 12
1682 12
1683 12
1684 12
1685 12
1686 12
1697 11
1698 11
1699 11
1700 11
1701 11
1702 11
1703 11
1704 11
1705 11
1706 11
1717 11
1718 11
1719 11
1720 11
1721 11
1722 11
1723 11
1724 11
1725 11
1726 11
1737 12
1738 12
1739 12
1740 12
1741 12
1742 12
1743 12
1744 12
1745 12
1746 12
1757 11
1758 11
1759 11
1760 11
1761 11
1762 11
1763 11
1764 11
1765 11
1766 11
1777 11
1778 11
1779 11
1780 11
1781 11
1782 11
1783 11
1784 11
1785 11
1786 11
1797 12
1798 12
1799 12
1800 12
1801 12
1802 12
1803 12
1804 12
1805 12
1806 12
1817 11
1818 11
1819 11
1820 11
1821 11
1822 11
1823 11
1824 11
1825 11
1826 11
1837 11
1838 11
1839 11
1840 11
1841 11
1842 11
1843 11
1844 11
1845 11
1846 11
1857 11
1858 11
1859 11
1860 11
1861 11
1862 11
1863 11
1864 11
1865 11
1866 11
1877 11
1878 11
1879 11
1880 11
1881 11
1882 11
1883 11
1884 11
1885 11
1886 11
1897 11
1898 11
1899 11
1900 11
1901 11
1902 11
1903 11
1904 11
1905 11
1906 11
1917 11
1918 11
1919 11
1920 11
1921 11
1922 11
1923 11
1924 11
1925 11
1926 11
1937 11
1938 11
1939 11
1940 11
1941 11
1942 11
1943 11
1944 11
1945 11
1946 11
1957 11
1958 11
1959 11
1960 11
1961 11
1962 11
1963 11
1964 11
1965 11
1966 11
1977 11
1978 11
1979 11
1980 11
1981 11
1982 11
1983 11
1984 11
1985 11
1986 11
1997 11
1998 11
1999 11
2000 11
2001 12
2002 12
2003 12
2004 12
2005 12
2006 12
2007 12
2008 12
2009 12
2010 12
2011 12
2022 11
2023 11
2024 11
2025 11
2026 11
2027 11
2028 11
2029 11
2030 11
2031 11
2042 12
2043 12
2044 12
2045 12
2046 12
2047 12
2048 12
2049 12
2050 12
2051 12
2062 11
2063 11
2064 11
2065 11
2066 11
2067 11
2068 11
2069 11
2070 11
2071 11
2082 11
2083 11
2084 11
2085 11
2086 11
2087 11
2088 11
2089 11
2090 11
2091 11
2102 11
2103 11
2104 11
2105 11
2106 11
2107 11
2108 11
2109 11
2110 11
2111 11
2122 11
2123 11
2124 11
2125 11
2126 11
2127 11
2128 11
2129 11
2130 11
2131 11
2142 12
2143 12
2144 12
2145 12
2146 12
2147 12
2148 12
2149 12
2150 12
2151 12
2152 12
2163 11
2164 11
2165 11
2166 11
2167 11
2168 11
2169 11
2170 11
2171 11
2172 11
2183 11
2184 11
2185 11
2186 11
2187 11
2188 11
2189 11
2190 11
2191 11
2192 11
2203 11
2204 11
2205 11
2206 11
2207 11
2208 11
2209 11
2210 11
2211 11
2212 11
2223 11
2224 11
2225 11
2226 11
2227 11
2228 11
2229 11
2230 11
2231 11
2232 11
2243 11
2244 11
2245 11
2246 11
2247 11
2248 11
2249 11
2250 11
2251 11
2252 11
2263 11
2264 11
2265 11
2266 11
2267 11
2268 11
2269 11
2270 11
2271 11
2272 11
2283 11
2284 11
2285 11
2286 11
2287 11
2288 11
2289 11
2290 11
2291 11
2292 11
2303 11
2304 11
2305 11
2306 11
2307 11
2308 11
2309 11
2310 11
2311 11
2312 11
2323 12
2324 12
2325 12
2326 12
2327 12
2328 12
2329 12
2330 12
2331 12
2332 12
2343 11
2344 11
2345 11
2346 11
2347 11
2348 11
2349 11
2350 11
2351 11
2352 12
2353 12
2354 12
2355 12
2356 12
2357 12
2358 12
2359 12
2360 12
2361 12
2362 12
2373 11
2374 11
2375 11
2376 11
2377 11
2378 11
2379 11
2380 11
2381 11
2382 11
2393 11
2394 12
2395 12
2396 12
2397 12
2398 12
2399 12
2400 12
2401 12
2402 12
2403 12
2404 12
2415 11
2416 11
2417 11
2418 11
2419 11
2420 11
2421 11
2422 11
2423 11
2424 11
2435 11
2436 11
2437 11
2438 11
2439 11
2440 11
2441 11
2442 11
2443 11
2444 11
2455 11
2456 11
2457 11
2458 11
2459 11
2460 11
2461 11
2462 11
2463 11
2464 11
2475 11
2476 11
2477 11
2478 11
2479 11
2480 11
2481 11
2482 11
2483 11
2484 11
2495 12
2496 12
2497 12
2498 12
2499 12
2500 12
2501 12
2502 12
2503 12
2504 12
2515 12
2516 12
2517 12
2518 12
2519 12
2520 12
2521 12
2522 12
2523 12
2524 12
2535 11
2536 11
2537 11
2538 11
2539 11
2540 11
2541 11
2542 11
2543 11
2544 11
2555 11
2556 11
2557 11
2558 11
2559 11
2560 11
2561 12
2562 12
2563 12
2564 12
2565 12
2566 12
2567 12
2568 12
2569 12
2570 12
2571 12
2582 11
2583 11
2584 11
2585 11
2586 11
2587 11
2588 11
2589 11
2590 11
2591 11
2602 11
2603 11
2604 11
2605 11
2606 11
2607 11
2608 11
2609 11
2610 11
2611 11
2622 11
2623 11
2624 11
2625 11
2626 11
2627 11
2628 11
2629 11
2630 11
2631 11
2642 11
2643 11
2644 11
2645 11
2646 11
2647 11
2648 11
2649 11
2650 11
2651 11
2662 11
2663 11
2664 11
2665 11
2666 11
2667 11
2668 11
2669 11
2670 11
2671 11
2682 11
2683 11
2684 11
2685 11
2686 11
2687 11
2688 11
2689 11
2690 11
2691 11
2702 12
2703 12
2704 12
2705 12
2706 12
2707 12
2708 12
2709 12
2710 12
2711 12
2722 11
2723 11
2724 11
2725 11
2726 11
2727 11
2728 11
2729 11
2730 11
2731 11
2742 12
2743 12
2744 12
2745 12
2746 12
2747 12
2748 12
2749 12
2750 12
2751 12
2762 12
2763 12
2764 12
2765 12
2766 12
2767 12
2768 12
2769 12
2770 12
2771 12
2782 11
2783 11
2784 11
2785 11
2786 11
2787 11
2788 11
2789 11
2790 11
2791 11
2802 11
2803 11
2804 11
2805 11
2806 11
2807 11
2808 11
2809 11
2810 11
2811 11
2822 12
2823 12
2824 12
2825 12
2826 12
2827 12
2828 12
2829 12
2830 12
2831 12
2842 11
2843 11
2844 11
2845 11
2846 11
2847 11
2848 11
2849 11
2850 11
2851 11
2862 12
2863 12
2864 12
2865 12
2866 12
2867 12
2868 12
2869 12
2870 12
2871 12
2882 12
2883 12
2884 12
2885 12
2886 12
2887 12
2888 12
2889 12
2890 12
2891 12
2902 11
2903 11
2904 11
2905 11
2906 11
2907 11
2908 11
2909 11
2910 11
2911 11
2922 12
2923 12
2924 12
2925 12
2926 12
2927 12
2928 12
2929 12
2930 12
2931 12
2942 12
2943 12
2944 12
2945 12
2946 12
2947 12
2948 12
2949 12
2950 12
2951 12
2962 11
2963 11
2964 11
2965 11
2966 11
2967 11
2968 11
2969 11
2970 11
2971 11
2982 11
2983 11
2984 11
2985 11
2986 11
2987 11
2988 11
2989 11
2990 11
2991 11
3002 12
3003 12
3004 12
3005 12
3006 12
3007 12
3008 12
3009 12
3010 12
3011 12
3022 11
3023 11
3024 11
3025 11
3026 11
3027 11
3028 11
3029 11
3030 11
3031 11
3042 11
3043 11
3044 11
3045 11
3046 11
3047 11
3048 11
3049 11
3050 11
3051 11
3062 11
3063 11
3064 11
3065 11
3066 11
3067 11
3068 11
3069 11
3070 11
3071 11
3082 12
3083 12
3084 12
3085 12
3086 12
3087 12
3088 12
3089 12
3090 12
3091 12
3102 12
3103 12
3104 12
3105 12
3106 12
3107 12
3108 12
3109 12
3110 12
3111 12
3122 11
3123 11
3124 11
3125 11
3126 11
3127 11
3128 11
3129 11
3130 11
3131 11
3142 11
3143 11
3144 11
3145 11
3146 11
3147 11
3148 11
3149 11
3150 11
3151 11
3162 11
3163 11
3164 11
3165 11
3166 11
3167 11
3168 11
3169 11
3170 11
3171 11
3182 11
3183 11
3184 11
3185 11
3186 11
3187 11
3188 11
3189 11
3190 11
3191 11
3202 11
3203 11
3204 11
3205 11
3206 11
3207 11
3208 11
3209 11
3210 11
3211 11
3222 11
3223 11
3224 11
3225 11
3226 11
3227 11
3228 11
3229 11
3230 11
3231 11
3242 11
3243 11
3244 12
3245 12
3246 12
3247 12
3248 12
3249 12
3250 12
3251 12
3252 12
3253 12
3254 12
3265 12
3266 12
3267 12
3268 12
3269 12
3270 12
3271 12
3272 12
3273 12
3274 12
3285 11
3286 11
3287 11
3288 11
3289 11
3290 11
3291 11
3292 11
3293 11
3294 11
3305 11
3306 11
3307 11
3308 11
3309 11
3310 11
3311 11
3312 11
3313 11
3314 11
3325 11
3326 11
3327 11
3328 11
3329 11
3330 11
3331 11
3332 11
3333 11
3334 11
3345 11
3346 11
3347 11
3348 11
3349 11
3350 11
3351 11
3352 11
3353 11
3354 11
3365 11
3366 11
3367 11
3368 11
3369 11
3370 11
3371 11
3372 11
3373 11
3374 11
3385 11
3386 11
3387 11
3388 11
3389 11
3390 11
3391 11
3392 11
3393 11
3394 11
3405 11
3406 11
3407 11
3408 11
3409 11
3410 11
3411 11
3412 11
3413 12
3414 12
3415 12
3416 12
3417 12
3418 12
3419 12
3420 12
3421 12
3422 12
3423 12
3434 12
3435 12
3436 12
3437 12
3438 12
3439 12
3440 12
3441 12
3442 12
3443 12
3454 12
3455 12
3456 12
3457 12
3458 12
3459 12
3460 12
3461 12
3462 12
3463 12
3474 12
3475 12
3476 12
3477 12
3478 12
3479 12
3480 12
3481 12
3482 12
3483 12
3494 11
3495 11
3496 11
3497 11
3498 11
3499 11
3500 11
3501 11
3502 11
3503 11
3514 12
3515 12
3516 12
3517 12
3518 12
3519 12
3520 12
3521 12
3522 12
3523 12
3534 11
3535 12
3536 12
3537 12
3538 12
3539 12
3540 12
3541 12
3542 12
3543 12
3544 12
3545 12
3556 11
3557 11
3558 11
3559 11
3560 11
3561 11
3562 12
3563 12
3564 12
3565 12
3566 12
3567 12
3568 12
3569 12
3570 12
3571 12
3572 12
3583 11
3584 11
3585 11
3586 11
3587 11
3588 11
3589 11
3590 11
3591 11
3592 11
3603 11
3604 11
3605 11
3606 11
3607 11
3608 11
3609 11
3610 11
3611 11
3612 11
3623 11
3624 12
3625 12
3626 12
3627 12
3628 12
3629 12
3630 12
3631 12
3632 12
3633 12
3634 12
3645 11
3646 11
3647 11
3648 11
3649 11
3650 11
3651 11
3652 11
3653 12
3654 12
3655 12
3656 12
3657 12
3658 12
3659 12
3660 12
3661 12
3662 12
3663 12
3674 12
3675 12
3676 12
3677 12
3678 12
3679 12
3680 12
3681 12
3682 12
3683 12
3694 11
3695 11
3696 11
3697 11
3698 11
3699 11
3700 11
3701 11
3702 11
3703 11
3714 11
3715 11
3716 11
3717 11
3718 11
3719 11
3720 11
3721 11
3722 11
3723 11
3734 12
3735 12
3736 12
3737 12
3738 12
3739 12
3740 12
3741 12
3742 12
3743 12
3744 12
3755 11
3756 11
3757 11
3758 11
3759 11
3760 11
3761 11
3762 11
3763 11
3764 11
3775 11
3776 11
3777 11
3778 11
3779 11
3780 11
3781 11
3782 11
3783 11
3784 11
3795 11
3796 11
3797 11
3798 11
3799 11
3800 11
3801 11
3802 11
3803 11
3804 11
3815 11
3816 11
3817 12
3818 12
3819 12
3820 12
3821 12
3822 12
3823 12
3824 12
3825 12
3826 12
3827 12
3838 11
3839 11
3840 11
3841 11
3842 11
3843 11
3844 11
3845 11
3846 11
3847 11
3858 11
3859 11
3860 11
3861 11
3862 11
3863 11
3864 11
3865 11
3866 11
3867 11
3878 12
3879 12
3880 12
3881 12
3882 12
3883 12
3884 12
3885 12
3886 12
3887 12
3898 11
3899 11
3900 11
3901 11
3902 11
3903 11
3904 11
3905 11
3906 11
3907 11
3918 11
3919 11
3920 11
3921 11
3922 11
3923 11
3924 11
3925 11
3926 11
3927 11
3938 11
3939 11
3940 11
3941 11
3942 11
3943 11
3944 11
3945 11
3946 11
3947 11
3958 11
3959 11
3960 11
3961 11
3962 11
3963 11
3964 11
3965 11
3966 11
3967 11
3978 12
3979 12
3980 12
3981 12
3982 12
3983 12
3984 12
3985 12
3986 12
3987 12
3998 12
3999 12
4000 12
4001 12
4002 12
4003 12
4004 12
4005 12
4006 12
4007 12
4018 11
4019 11
4020 11
4021 11
4022 11
4023 11
4024 11
4025 11
4026 11
4027 11
4038 11
4039 11
4040 11
4041 11
4042 11
4043 11
4044 11
4045 11
4046 11
4047 11
4058 11
4059 11
4060 11
4061 11
4062 11
4063 11
4064 11
4065 11
4066 11
4067 12
4068 12
4069 12
4070 12
4071 12
4072 12
4073 12
4074 12
4075 12
4076 12
4077 12
4088 11
4089 11
4090 11
4091 11
4092 11
4093 11
4094 11
4095 11
4096 11
4097 11
4108 12
4109 12
4110 12
4111 12
4112 12
4113 12
4114 12
4115 12
4116 12
4117 12
4118 12
4129 11
4130 11
4131 11
4132 11
4133 11
4134 11
4135 11
4136 11
4137 11
4138 11
4149 11
4150 11
4151 11
4152 11
4153 11
4154 11
4155 11
4156 11
4157 11
4158 11
4169 11
4170 11
4171 11
4172 12
4173 12
4174 12
4175 12
4176 12
4177 12
4178 12
4179 12
4180 12
4181 12
4182 12
4193 11
4194 11
4195 11
4196 11
4197 11
4198 11
4199 11
4200 11
4201 11
4202 11
4213 11
4214 11
4215 11
4216 11
4217 11
4218 11
4219 11
4220 11
4221 11
4222 11
4233 11
4234 11
4235 11
4236 11
4237 11
4238 11
4239 11
4240 11
4241 11
4242 11
4253 11
4254 11
4255 11
4256 11
4257 11
4258 11
4259 11
4260 11
4261 11
4262 11
4273 11
4274 11
4275 11
4276 11
4277 11
4278 11
4279 11
4280 11
4281 11
4282 11
4293 11
4294 11
4295 11
4296 11
4297 11
4298 11
4299 11
4300 11
4301 11
4302 11
4313 11
4314 11
4315 11
4316 11
4317 11
4318 11
4319 11
4320 11
4321 11
4322 11
4333 11
4334 11
4335 11
4336 11
4337 11
4338 11
4339 11
4340 11
4341 11
4342 11
4353 11
4354 11
4355 11
4356 11
4357 11
4358 11
4359 11
4360 11
4361 11
4362 11
4373 11
4374 11
4375 11
4376 11
4377 11
4378 11
4379 11
4380 11
4381 11
4382 11
4393 11
4394 11
4395 11
4396 11
4397 11
4398 11
4399 11
4400 11
4401 11
4402 11
4413 11
4414 11
4415 11
4416 11
4417 11
4418 11
4419 11
4420 11
4421 11
4422 11
4433 11
4434 11
4435 11
4436 11
4437 11
4438 11
4439 11
4440 11
4441 11
4442 11
4453 11
4454 11
4455 11
4456 11
4457 11
4458 11
4459 11
4460 11
4461 11
4462 11
4473 11
4474 11
4475 11
4476 11
4477 11
4478 11
4479 11
4480 11
4481 12
4482 12
4483 12
4484 12
4485 12
4486 12
4487 12
4488 12
4489 12
4490 12
4491 12
4502 11
4503 11
4504 11
4505 11
4506 11
4507 11
4508 11
4509 11
4510 11
4511 11
4522 11
4523 11
4524 11
4525 11
4526 11
4527 11
4528 11
4529 11
4530 11
4531 11
4542 11
4543 11
4544 11
4545 11
4546 11
4547 11
4548 11
4549 11
4550 11
4551 11
4562 11
4563 11
4564 11
4565 11
4566 11
4567 11
4568 11
4569 11
4570 11
4571 11
4582 11
4583 11
4584 11
4585 11
4586 11
4587 11
4588 11
4589 11
4590 11
4591 11
4602 12
4603 12
4604 12
4605 12
4606 12
4607 12
4608 12
4609 12
4610 12
4611 12
4622 11
4623 11
4624 11
4625 11
4626 11
4627 11
4628 11
4629 11
4630 11
4631 11
4642 11
4643 11
4644 11
4645 11
4646 11
4647 11
4648 11
4649 11
4650 11
4651 11
4662 11
4663 11
4664 11
4665 11
4666 11
4667 11
4668 11
4669 11
4670 11
4671 11
4682 11
4683 11
4684 11
4685 11
4686 11
4687 11
4688 11
4689 11
4690 11
4691 11
4702 11
4703 11
4704 11
4705 11
4706 11
4707 11
4708 11
4709 11
4710 11
4711 11
4722 11
4723 11
4724 11
4725 11
4726 11
4727 11
4728 11
4729 11
4730 11
4731 11
4742 11
4743 11
4744 11
4745 11
4746 11
4747 11
4748 11
4749 11
4750 11
4751 11
4762 11
4763 11
4764 11
4765 11
4766 11
4767 11
4768 11
4769 11
4770 11
4771 11
4782 11
4783 11
4784 11
4785 11
4786 11
4787 11
4788 11
4789 11
4790 11
4791 11
4802 12
4803 12
4804 12
4805 12
4806 12
4807 12
4808 12
4809 12
4810 12
4811 12
4822 11
4823 11
4824 11
4825 11
4826 11
4827 11
4828 11
4829 11
4830 11
4831 11
4842 11
4843 11
4844 11
4845 11
4846 11
4847 11
4848 11
4849 11
4850 11
4851 11
4862 12
4863 12
4864 12
4865 12
4866 12
4867 12
4868 12
4869 12
4870 12
4871 12
4872 12
4883 11
4884 11
4885 11
4886 11
4887 11
4888 11
4889 11
4890 11
4891 11
4892 11
4903 12
4904 12
4905 12
4906 12
4907 12
4908 12
4909 12
4910 12
4911 12
4912 12
4923 12
4924 12
4925 12
4926 12
4927 12
4928 12
4929 12
4930 12
4931 12
4932 12
4933 12
4944 11
4945 11
4946 11
4947 11
4948 11
4949 11
4950 11
4951 11
4952 11
4953 11
4964 11
4965 11
4966 11
4967 11
4968 11
4969 11
4970 11
4971 11
4972 11
4973 11
4984 11
4985 11
4986 11
4987 11
4988 11
4989 11
4990 11
4991 11
4992 11
4993 11
